20000101
-99
-99
-99
-99
-99
-99
-99
-99
-99
-99
-99
-99
-99
-99
-99
-99
-99
-99
-99
-99
-99
-99
-99
-99
-99
-99
-99
-99
-99
-99
-99
-99
-99
-99
-99
-99
-99
-99
-99
-99
-99
-99
-99
-99
-99
-99
-99
-99
-99
-99
-99
-99
-99
-99
-99
-99
-99
-99
-99
-99
-99
-99
-99
-99
-99
-99
-99
-99
-99
-99
-99
-99
-99
-99
-99
-99
-99
-99
-99
-99
-99
-99
-99
-99
-99
-99
-99
-99
-99
-99
-99
-99
-99
-99
-99
-99
-99
-99
-99
-99
-99
-99
-99
-99
-99
-99
-99
-99
-99
-99
-99
-99
-99
-99
-99
-99
-99
-99
-99
-99
-99
-99
-99
-99
-99
-99
-99
-99
-99
-99
-99
-99
-99
-99
-99
-99
-99
-99
-99
-99
-99
-99
-99
-99
-99
-99
-99
-99
-99
-99
-99
-99
-99
-99
-99
-99
-99
-99
-99
-99
-99
-99
-99
-99
-99
-99
-99
-99
-99
-99
-99
-99
-99
-99
-99
-99
-99
-99
-99
-99
-99
-99
-99
-99
-99
-99
-99
-99
-99
-99
-99
-99
-99
-99
-99
-99
-99
-99
-99
-99
-99
-99
-99
-99
-99
-99
-99
-99
-99
-99
-99
-99
-99
-99
-99
-99
-99
-99
-99
-99
-99
-99
-99
-99
-99
-99
-99
-99
-99
-99
-99
-99
-99
-99
-99
-99
-99
-99
-99
-99
-99
-99
-99
-99
-99
-99
-99
-99
-99
-99
-99
-99
-99
-99
-99
-99
-99
-99
-99
-99
-99
-99
-99
-99
-99
-99
-99
-99
-99
-99
-99
-99
-99
-99
-99
-99
-99
-99
-99
-99
-99
-99
-99
-99
-99
-99
-99
-99
-99
-99
-99
-99
-99
-99
-99
-99
-99
-99
-99
-99
-99
-99
-99
-99
-99
-99
-99
-99
-99
-99
-99
-99
-99
-99
-99
-99
-99
-99
-99
-99
-99
-99
-99
-99
-99
-99
-99
-99
-99
-99
-99
-99
-99
-99
-99
-99
-99
-99
-99
-99
-99
-99
-99
-99
-99
-99
-99
-99
-99
-99
-99
-99
-99
-99
-99
-99
-99
-99
-99
-99
-99
-99
-99
-99
-99
-99
-99
-99
-99
-99
-99
-99
-99
-99
-99
-99
-99
-99
-99
-99
-99
-99
-99
-99
-99
-99
-99
-99
-99
-99
-99
-99
-99
-99
-99
-99
-99
-99
-99
-99
-99
-99
-99
-99
-99
-99
-99
-99
-99
-99
-99
-99
-99
-99
-99
-99
-99
-99
-99
-99
-99
-99
-99
-99
-99
-99
-99
-99
-99
-99
-99
-99
-99
-99
-99
-99
-99
-99
-99
-99
-99
-99
-99
-99
-99
-99
-99
-99
-99
-99
-99
-99
-99
-99
-99
-99
-99
-99
-99
-99
-99
-99
-99
-99
-99
-99
-99
-99
-99
-99
-99
-99
-99
-99
-99
-99
-99
-99
-99
-99
-99
-99
-99
-99
-99
-99
-99
-99
-99
-99
-99
-99
-99
-99
-99
-99
-99
-99
-99
-99
-99
-99
-99
-99
-99
-99
-99
-99
-99
-99
-99
-99
-99
-99
-99
-99
-99
-99
-99
-99
-99
-99
-99
-99
-99
-99
-99
-99
-99
-99
-99
-99
-99
-99
-99
-99
-99
-99
-99
-99
-99
-99
-99
-99
-99
-99
-99
-99
-99
-99
-99
-99
-99
-99
-99
-99
-99
-99
-99
-99
-99
-99
-99
-99
-99
-99
-99
-99
-99
-99
-99
-99
-99
-99
-99
-99
-99
-99
-99
-99
-99
-99
-99
-99
-99
-99
-99
-99
-99
-99
-99
-99
-99
-99
-99
-99
-99
-99
-99
-99
-99
-99
-99
-99
-99
-99
-99
-99
-99
-99
-99
-99
-99
-99
-99
-99
-99
-99
-99
-99
-99
-99
-99
-99
-99
-99
-99
-99
-99
-99
-99
-99
-99
-99
-99
-99
-99
-99
-99
-99
-99
-99
-99
-99
-99
-99
-99
-99
-99
-99
-99
-99
-99
-99
-99
-99
-99
-99
-99
-99
-99
-99
-99
-99
-99
-99
-99
-99
-99
-99
-99
-99
-99
-99
-99
-99
-99
-99
-99
-99
-99
-99
-99
-99
-99
-99
-99
-99
-99
-99
-99
-99
-99
-99
-99
-99
-99
-99
-99
-99
-99
-99
-99
-99
-99
-99
-99
-99
-99
-99
-99
-99
-99
-99
-99
-99
-99
-99
-99
-99
-99
-99
-99
-99
-99
-99
-99
-99
-99
-99
-99
-99
-99
-99
-99
-99
-99
-99
-99
-99
-99
-99
-99
-99
-99
-99
-99
-99
-99
-99
-99
-99
-99
-99
-99
-99
-99
-99
-99
-99
-99
-99
-99
-99
-99
-99
-99
-99
-99
-99
-99
-99
-99
-99
-99
-99
-99
-99
-99
-99
-99
-99
-99
-99
-99
-99
-99
-99
-99
-99
-99
-99
-99
-99
-99
-99
-99
-99
-99
-99
-99
-99
-99
-99
-99
-99
-99
-99
-99
-99
-99
-99
-99
-99
-99
-99
-99
-99
-99
-99
-99
-99
-99
-99
-99
-99
-99
-99
-99
-99
-99
-99
-99
-99
-99
-99
-99
-99
-99
-99
-99
-99
-99
-99
-99
-99
-99
-99
-99
-99
-99
-99
-99
-99
-99
-99
-99
-99
-99
-99
-99
-99
-99
-99
-99
-99
-99
-99
-99
-99
-99
-99
-99
-99
-99
-99
-99
-99
-99
-99
-99
-99
-99
-99
-99
-99
-99
-99
-99
-99
-99
-99
-99
-99
-99
-99
-99
-99
-99
-99
-99
-99
-99
-99
-99
-99
-99
-99
-99
-99
-99
-99
-99
-99
-99
-99
-99
-99
-99
-99
-99
-99
-99
-99
-99
-99
-99
-99
-99
-99
-99
-99
-99
-99
-99
-99
-99
-99
-99
-99
-99
-99
-99
-99
-99
-99
-99
-99
-99
-99
-99
-99
-99
-99
-99
-99
-99
-99
-99
-99
-99
-99
-99
-99
-99
-99
-99
-99
-99
-99
-99
-99
-99
-99
-99
-99
-99
-99
-99
-99
-99
-99
-99
-99
-99
-99
-99
-99
-99
-99
-99
-99
-99
-99
-99
-99
-99
-99
-99
-99
-99
-99
-99
-99
-99
-99
-99
-99
-99
-99
-99
-99
-99
-99
-99
-99
-99
-99
-99
-99
-99
-99
-99
-99
-99
-99
-99
-99
-99
-99
-99
-99
-99
-99
-99
-99
-99
-99
-99
-99
-99
-99
-99
-99
-99
-99
-99
-99
-99
-99
-99
-99
-99
-99
-99
-99
-99
-99
-99
-99
-99
-99
-99
-99
-99
-99
-99
-99
-99
-99
-99
-99
-99
-99
-99
-99
-99
-99
-99
-99
-99
-99
-99
-99
-99
-99
-99
-99
-99
-99
-99
-99
-99
-99
-99
-99
-99
-99
-99
-99
-99
-99
-99
-99
-99
-99
-99
-99
-99
-99
-99
-99
-99
-99
-99
-99
-99
-99
-99
-99
-99
-99
-99
-99
-99
-99
-99
-99
-99
-99
-99
-99
-99
-99
-99
-99
-99
-99
-99
-99
-99
-99
-99
-99
-99
-99
-99
-99
-99
-99
-99
-99
-99
-99
-99
-99
-99
-99
-99
-99
-99
-99
-99
-99
-99
-99
-99
-99
-99
-99
-99
-99
-99
-99
-99
-99
-99
-99
-99
-99
-99
-99
-99
-99
-99
-99
-99
-99
-99
-99
-99
-99
-99
-99
-99
-99
-99
-99
-99
-99
-99
-99
-99
-99
-99
-99
-99
-99
-99
-99
-99
-99
-99
-99
-99
-99
-99
-99
-99
-99
-99
-99
-99
-99
-99
-99
-99
-99
-99
-99
-99
-99
-99
-99
-99
-99
-99
-99
-99
-99
-99
-99
-99
-99
-99
-99
-99
-99
-99
-99
-99
-99
-99
-99
-99
-99
-99
-99
-99
-99
-99
-99
-99
0.6
0.7291
0.3929
0.3397
0.2373
0.1458
0.3216
0.34
0.4332
0.5225
0.6847
0.7955
0.6221
0.6103
0.5091
0.5312
0.5132
0.5124
0.8557
0.7211
0.5352
0.5853
0.5651
0.5062
0.4435
0.4064
0.3327
0.4767
0.5923
0.5541
0.5206
0.4256
0.2881
0.4553
0.4076
0.5553
0.5845
0.6224
0.7294
0.6081
0.5437
0.494
0.4491
0.4766
0.4038
0.3471
0.4157
0.3986
0.33
0.3392
0.3422
0.3806
0.4137
0.3826
0.3788
0.3149
0.3157
0.2659
0.2371
0.3242
0.6079
0.7444
0.5294
0.4646
0.5254
0.8344
0.7453
0.5514
0.41
0.4136
0.6992
0.5938
0.5659
0.6149
0.6303
0.7835
0.897
0.9614
0.936
0.8534
0.8273
0.9221
0.9109
0.8436
0.72
0.5019
0.477
0.5523
0.619
0.5231
0.5686
0.5475
0.4747
0.5022
0.725
0.7364
0.6489
0.8689
0.9176
0.7703
0.858
0.9109
0.9513
0.9038
0.9052
0.9929
0.8364
0.8034
0.8251
0.7567
0.6118
0.4992
0.6119
0.6324
0.7085
0.6368
0.7932
0.96
0.9597
0.868
0.8812
0.9484
0.9889
0.99
0.9795
0.9483
0.9244
0.9278
0.8586
0.7624
0.6486
0.9324
0.9433
0.9904
0.9033
0.9776
0.98
0.8843
0.5963
0.4081
0.6375
0.6353
0.3614
0.2944
0.8155
0.954
0.96
0.979
0.8925
0.8844
0.8869
0.8831
0.9823
0.7732
0.4967
0.4125
0.6876
0.9353
0.99
0.9894
0.9763
0.9173
0.794
0.9406
0.7592
0.8777
0.9861
0.9985
0.9606
0.7853
0.985
0.9335
0.8622
0.8686
0.9314
0.5361
0.5155
0.3532
0.5903
0.5641
0.5514
0.2678
0.1708
0.5251
0.9547
0.8408
0.7486
0.818
0.5043
0.3486
0.6454
0.3723
0.353
0.7531
0.8834
0.6777
0.7386
0.5721
0.3627
0.6589
0.4117
0.34
0.2031
0.1691
0.3303
0.8756
0.8912
0.7664
0.7929
0.8565
0.806
0.8674
0.5089
0.5203
0.8997
0.6579
0.2982
0.4824
0.599
0.4103
0.6838
0.7662
0.4916
0.918
0.8984
0.5915
0.6869
0.9589
0.967
0.7411
0.7108
0.5373
0.358
0.4376
0.4278
0.6264
0.4803
0.13
0.1813
0.2068
0.2803
0.4459
0.4673
0.54
0.9219
0.7823
0.8289
0.656
0.9797
0.9958
0.8219
0.7961
0.8688
0.9997
0.9846
0.9362
0.8759
0.7212
0.5076
0.4851
0.31
0.4247
0.5532
0.6889
0.55
0.5425
0.3737
0.7577
0.6061
0.8556
0.9923
0.8489
0.6135
0.4082
0.2365
0.3242
0.7421
0.7162
0.6238
0.5579
0.7233
0.4812
0.4663
0.7053
0.8545
0.93
0.7906
1
0.9997
0.9306
0.9177
0.6574
0.7571
0.6335
0.4674
0.7627
0.9588
0.8923
0.6997
0.557
0.6432
0.5508
0.9139
0.8213
0.8628
0.87
0.9488
0.6883
0.7789
0.7047
0.8506
0.6494
0.6689
0.5672
0.7522
0.7408
0.8891
0.9729
0.9182
0.8388
0.9292
0.913
0.7088
0.7876
0.7111
0.7675
0.5641
0.5733
0.8845
0.9136
0.8415
0.4903
0.7844
0.7645
0.6162
0.645
0.7258
0.5874
0.6236
0.6561
0.6761
0.839
0.8228
0.6482
0.7788
0.8147
0.6881
0.7164
0.8574
0.7681
0.6803
0.632
0.3611
0.3922
0.4824
0.5738
0.6311
0.6121
0.5411
0.5344
0.6444
0.6833
0.4565
0.4683
0.6589
0.5192
0.4421
0.3572
0.6711
0.605
0.6395
0.6318
0.5938
0.745
0.8153
0.5414
0.459
0.4814
0.6268
0.5189
0.6106
0.4656
0.5034
0.5594
0.5415
0.6791
0.583
0.5197
0.5295
0.7726
0.8063
0.6528
0.5893
0.5947
0.6603
0.5764
0.6182
0.4834
0.5273
0.6602
0.5564
0.4124
0.3354
0.36
0.484
0.4012
0.4856
0.4897
0.7203
0.7554
0.5653
0.4041
0.4173
0.4247
0.7429
0.5713
0.6174
0.5589
0.4993
0.6976
0.6958
0.4951
0.5236
0.4806
0.5443
0.5491
0.5274
0.7049
0.6326
0.6354
0.51
0.511
0.5651
0.5159
0.5544
0.3353
0.5097
0.5145
0.7517
0.9356
0.9447
0.9514
0.9058
0.8097
0.6066
0.4961
0.3919
0.6783
0.717
0.6503
0.573
0.6197
0.6425
0.832
0.7417
0.6961
0.8459
0.65
0.5292
0.5467
0.7005
0.8362
0.6582
0.5397
0.3578
0.4126
0.3724
0.365
0.4492
0.5785
0.655
0.6354
0.579
0.5908
0.5164
0.2829
0.5191
0.5857
0.741
0.6465
0.6328
0.6572
0.7668
0.7426
0.5803
0.6894
0.7191
0.8775
0.6421
0.8753
0.8903
0.8641
0.8314
0.7741
0.645
0.4697
0.7274
0.7374
0.8971
0.9163
0.9567
0.8811
0.8422
0.9941
0.8312
0.4053
0.5615
0.6356
0.3995
0.3155
0.3511
0.6745
0.5992
0.6289
0.5757
0.3613
0.2637
0.2533
0.2626
0.2484
0.2265
0.4228
0.4156
0.6611
0.5683
0.3491
0.21
0.2542
0.4221
0.4235
0.5043
0.8527
0.4782
0.8258
0.9841
0.781
0.7858
0.8741
0.629
0.7419
0.8966
0.8088
0.7379
0.5282
0.8263
0.7983
0.7979
0.8527
0.8694
0.7148
0.6224
0.8806
0.5961
0.2859
0.5578
0.3371
0.1634
0.8626
0.6205
0.3622
0.4665
0.4214
0.5253
0.3551
0.4488
0.5317
0.4667
0.2383
0.2229
0.3363
0.2183
0.1283
0.1104
0.1558
0.0963
0.2458
0.2842
0.1417
0.1663
0.5204
0.4988
0.7771
0.7471
0.5596
0.2542
0.2883
0.6371
0.5642
0.7004
0.5967
0.3842
0.4921
0.5092
0.2283
0.4104
0.44
0.3575
0.3092
0.6783
0.8158
0.9467
0.9938
0.875
0.9938
0.75
0.3696
0.6458
0.6488
0.57
0.5538
0.4821
0.3346
0.3338
0.4683
0.5442
0.4725
0.7663
0.6375
0.8013
0.6913
0.7367
0.5263
0.3883
0.625
0.8675
0.8525
0.4496
0.6079
0.5625
0.4213
0.3596
0.3933
0.415
0.7863
0.4667
0.3679
0.4008
0.5375
0.495
0.4742
0.3992
0.2575
0.32
0.5875
0.7475
0.8833
0.89
0.7921
0.8129
0.755
0.75
0.8017
0.6242
0.4321
0.7004
0.9096
0.9838
0.9567
0.9896
0.8392
0.5821
0.6896
0.5967
0.6175
0.5529
0.5263
0.6179
0.7133
0.8713
0.8138
0.6
0.7133
0.6746
0.7283
0.8263
0.9246
0.705
0.6988
0.6329
0.4917
0.43
0.3688
0.2825
0.1971
0.2746
0.5842
0.5404
0.5421
0.5467
0.41
0.3729
0.4592
0.6342
0.7867
0.7688
0.8933
0.8629
0.7563
0.5546
0.7567
0.9063
0.6221
0.5375
0.4413
0.3913
0.5513
0.5713
0.46
0.3338
0.2688
0.2346
0.3713
0.4608
0.73
0.7671
0.6588
0.6188
0.5633
0.6317
0.4313
0.6021
0.5171
0.5233
0.6279
0.775
0.7292
0.6454
0.7438
0.7096
0.5754
0.5708
0.6767
0.5783
0.4175
0.4867
0.5913
0.4983
0.5346
0.5517
0.4583
0.31
0.3763
0.6671
0.5117
0.4638
0.5488
0.5108
0.4654
0.6438
0.6042
0.5488
0.5796
0.7642
0.815
0.6867
0.4404
0.4571
0.5129
0.4296
0.3229
0.2208
0.3246
0.4671
0.4379
0.3992
0.5317
0.6367
0.6058
0.43
0.7208
0.5613
0.41
0.5392
0.5708
0.5058
0.9054
0.9871
0.805
0.5229
0.5067
0.4317
0.3963
0.4817
0.7183
0.7404
0.6958
0.7092
0.5071
0.4863
0.4308
0.62
0.7908
0.7192
0.7104
0.855
0.6696
0.5425
0.4833
0.4729
0.5754
0.3492
0.7104
0.8604
0.7658
0.7558
0.6608
0.7075
0.7454
0.5654
0.4717
0.3925
0.7325
0.7513
0.8104
0.9463
0.7854
0.6808
0.6863
0.7921
0.845
0.7867
0.6096
0.4417
0.7075
0.3833
0.4583
0.48
0.4771
0.5892
0.6775
0.8592
0.7671
0.7796
0.7646
0.7546
0.7496
0.4921
0.5888
0.5921
0.5229
0.5475
0.6629
0.9079
0.8263
0.7288
0.6958
0.8083
0.9583
0.9863
0.99
0.8771
0.9338
0.5508
0.4388
0.8333
0.7796
0.7067
0.9113
0.8417
0.9433
0.7842
0.7208
0.8146
0.9158
0.8871
0.965
0.7417
0.9271
0.7596
0.6438
0.5575
0.9063
0.6592
0.4621
0.2504
0.525
0.8754
0.6871
0.8033
0.9783
0.985
0.9342
0.9783
0.8717
0.6896
0.8758
0.885
0.8538
0.7463
0.6592
0.6554
0.3925
0.9433
0.9613
0.9388
0.8738
0.8575
0.5796
0.825
0.9888
0.9313
0.9475
0.9329
0.9246
0.3538
0.8571
0.4608
0.2221
0.195
0.3383
0.5242
0.3129
0.3133
0.2463
0.5788
0.6433
0.7021
0.4979
0.2725
0.1308
0.0975
0.1171
0.1629
0.2596
0.3704
0.5025
0.5538
0.935
0.9188
0.8879
0.7171
0.4625
0.4225
0.8863
0.9629
0.9917
0.9704
0.9354
0.9967
0.7154
0.3633
0.7738
0.8325
0.8808
0.9867
0.9675
0.7504
0.605
0.8104
0.9167
0.5325
0.3208
0.8638
0.8096
0.7142
0.9546
0.9604
0.9638
0.8721
0.6521
0.4954
0.4867
0.66
0.6638
0.2754
0.3142
0.3208
0.2592
0.4742
0.7271
0.855
0.905
0.5738
0.6454
0.7563
0.9042
0.7783
0.7475
0.9542
0.9204
0.8508
0.9013
0.7933
0.6975
0.7517
0.9775
0.6138
0.45
0.7775
0.7421
0.7871
0.9888
0.7292
0.5658
0.6558
0.6504
0.7838
0.7638
0.7204
0.6038
0.5746
0.4021
0.6013
0.7783
0.7913
0.9875
0.9925
0.9292
0.9075
0.7992
0.8913
0.9233
0.7863
0.5863
0.6417
0.6254
0.6508
0.6875
0.6029
0.5654
0.5404
0.6025
0.6067
0.6383
0.7929
0.9413
0.8746
0.7404
0.7371
0.5092
0.5792
0.5654
0.4142
0.7517
0.7438
0.9508
0.7313
0.6908
0.8058
0.8854
0.7417
0.575
0.4863
0.5667
0.6242
0.6675
0.5167
0.47
0.5667
0.6567
0.6354
0.4929
0.6275
0.7725
0.6475
0.8321
0.7467
0.4133
0.6163
0.7983
0.7671
0.8363
0.7117
0.5942
0.5463
0.4175
0.5354
0.4213
0.5425
0.6063
0.5867
0.5521
0.4696
0.3613
0.4517
0.4408
0.3408
0.3704
0.7388
0.56
0.3233
0.3392
0.3446
0.2579
0.4517
0.4325
0.4767
0.4754
0.5488
0.6963
0.6208
0.54
0.3663
0.3163
0.4679
0.6942
0.7358
0.7738
0.56
0.5325
0.5717
0.5321
0.5621
0.4829
0.6325
0.6675
0.5283
0.555
0.5183
0.5513
0.4788
0.2879
0.3579
0.5208
0.5879
0.6396
0.5967
0.6158
0.5108
0.5175
0.4629
0.4221
0.5604
0.6071
0.565
0.5808
0.5671
0.5308
0.6792
0.4879
0.3414
-99
0.5167
0.5346
0.3971
0.2742
0.4179
0.6154
0.5617
0.3788
0.4613
0.4671
0.5158
0.4783
0.4583
0.4029
0.4042
0.4179
0.4446
0.3933
0.405
0.5483
0.4683
0.5083
0.5546
0.9404
0.8488
0.7988
0.6313
0.5892
0.4854
0.4813
0.4583
0.5471
0.8021
0.7092
0.5296
0.5229
0.5933
0.5167
0.6071
0.6921
0.5488
0.5988
0.6871
0.5354
0.5971
0.7067
0.6442
0.5592
0.6617
0.6825
0.7129
0.9154
0.9713
0.965
0.6038
0.7642
0.6563
0.6738
0.6033
0.5279
0.7717
0.9758
0.9563
0.86
0.8158
0.5029
0.5654
0.6754
0.7254
0.7567
0.7725
0.6421
0.7408
0.7971
0.5946
0.6717
0.7704
0.8858
0.9388
0.9308
0.9183
0.7971
0.7513
0.7163
0.7596
0.8675
0.9521
0.98
0.963
0.9429
0.8488
0.8408
0.9779
0.6179
0.7279
0.765
0.4917
0.4104
0.3954
0.5267
0.69
0.8025
0.8733
0.9058
0.8821
0.9567
0.4467
0.8458
0.7996
0.7696
0.7608
0.7996
0.6729
0.2821
0.23
0.795
0.9767
0.8771
0.8409
0.8929
0.8379
0.9588
0.8892
0.9313
0.9121
0.8175
0.7763
0.6925
0.6438
0.7221
0.7
0.7679
0.9279
0.8758
0.9258
0.9592
0.8013
0.7046
0.905
0.895
0.7725
0.6279
0.3417
0.4525
0.3392
0.7046
0.8167
0.7917
0.5329
0.5879
0.5796
0.4117
0.8829
0.6521
0.265
0.2383
0.3075
0.3792
0.3392
0.4283
0.7667
0.5129
0.7904
0.5167
0.3646
0.4142
0.2888
0.3575
0.6196
0.9396
0.6346
0.3858
0.5242
0.4658
0.4146
0.4433
0.4121
0.8967
0.7763
0.8179
0.46
0.4175
0.6063
0.9838
0.89
0.5788
0.9292
0.5742
0.3108
0.3246
0.2083
0.3392
0.9588
0.5779
0.3646
0.4113
0.5371
0.9658
0.905
0.7979
0.9629
0.8783
0.7667
0.8775
0.7813
0.4604
0.8583
0.1073
0.1446
0.8238
0.8229
0.8529
0.81
0.9383
0.9308
0.8575
0.9033
0.8229
0.5988
0.5717
0.7504
0.725
0.8017
0.8292
0.5625
0.6863
0.6513
0.9667
0.7125
0.4288
0.3671
0.3796
0.6158
0.55
0.4775
0.6113
0.7146
0.5413
0.5792
0.7438
0.8113
0.6025
0.4333
0.5313
0.5988
0.6046
0.8896
0.9629
0.9113
0.6879
0.7913
0.9225
0.9504
0.8275
0.9658
0.7713
0.9463
0.8446
0.8425
0.7971
0.7729
0.9167
0.9563
0.9392
0.98
0.9275
0.6488
0.6725
0.6542
0.5775
0.6638
0.6813
0.6633
0.5496
0.53
0.545
0.5246
0.6358
0.7625
0.8417
0.8238
0.8592
0.9788
0.8188
0.8633
0.7329
0.545
0.5725
0.4196
0.4771
0.2942
0.3992
0.3579
0.4646
0.4696
0.7483
0.6025
0.65
0.6558
0.5388
0.8296
0.6104
0.5854
0.5329
0.6225
0.5071
0.5508
0.8925
0.7992
0.6754
0.5658
0.6471
0.7021
0.5829
0.4488
0.5446
0.7617
0.8275
0.6929
0.6979
0.6425
0.5675
0.5638
0.6021
0.6542
0.5342
0.71
0.7021
0.6908
0.8675
0.6896
0.5329
0.4758
0.5375
0.4804
0.6338
0.5221
0.5621
0.4933
0.5588
0.6425
0.6325
0.5721
0.4817
0.655
0.7163
0.5142
0.4108
0.3721
0.3692
0.4558
0.625
0.4396
0.6517
0.6492
0.5588
0.5033
0.3867
0.4863
0.5104
0.6571
0.5758
0.8063
0.9717
0.9438
0.6646
0.5142
0.4717
0.47
0.5229
0.5592
0.5563
0.3788
0.4608
0.4271
0.7667
0.5888
0.4896
0.5288
0.6696
0.9779
0.6933
0.5717
0.5442
0.3992
0.6417
0.6388
0.5067
0.4542
0.7083
0.5842
0.5679
0.7604
0.6858
0.6779
0.7954
0.8633
0.8721
0.6321
0.5463
0.2971
0.2846
0.3583
0.5871
0.3575
0.3683
0.4117
0.6108
0.6513
0.4142
0.4292
0.4479
0.6963
0.5988
0.6288
0.5883
0.6438
0.7196
0.8329
0.8229
0.7133
0.6725
0.6779
0.5367
0.6463
0.9033
0.8742
0.9183
0.745
0.6875
0.5783
0.5354
0.44
0.9054
0.8183
0.6738
0.6188
0.8596
0.9279
0.9192
0.8108
0.7721
0.8883
0.635
0.7121
0.8121
0.7746
0.7175
0.7346
0.6792
0.7958
0.8367
0.68
0.6583
0.4613
0.7175
0.4392
0.5729
0.7692
0.9683
0.8233
0.6842
0.5517
0.5938
0.5438
0.4329
0.3167
0.5317
0.3921
0.5233
0.6433
0.2408
0.235
0.2671
0.2892
0.2392
0.1713
0.2317
0.56
0.5408
0.4242
0.1758
0.0829
0.1008
0.2663
0.8838
0.9004
0.8317
0.9063
0.6246
0.4563
0.3958
0.4271
0.565
0.6271
0.4754
0.6425
0.7117
0.7117
0.6029
0.505
0.4588
0.6629
0.7129
0.7633
0.8696
0.4675
0.2721
0.2138
0.1596
0.4317
0.7938
0.7817
0.8742
0.85
0.8258
0.9121
0.8229
0.7242
0.6383
0.3663
0.575
0.3925
0.3121
0.2917
0.4992
0.1454
0.0833
0.7192
0.9825
0.89
0.7792
0.8554
0.6052
0.9471
0.9254
0.9183
0.9479
0.9075
0.4758
0.8692
0.8863
0.9579
0.9013
0.7196
0.6996
0.2371
0.1896
0.4117
0.5221
0.68
0.4942
0.434
0.3504
0.1529
0.2567
0.3225
0.6767
0.535
0.8071
0.8796
0.8592
0.6517
0.5292
0.3354
0.4821
0.4075
0.3167
0.6763
0.6418
0.8192
0.8971
0.8433
0.7588
0.8913
0.9267
0.965
0.95
0.9563
0.8038
0.6767
0.7475
0.9888
0.8946
0.7963
0.9158
0.9388
0.6079
0.3225
0.5725
0.7654
0.945
0.6288
0.475
0.5688
0.9254
0.873
0.7775
0.6896
0.59
0.4392
0.4754
0.5721
0.5083
0.84
0.9632
0.3567
0.5463
0.7543
0.4321
0.8779
0.6983
0.8117
0.9504
0.6979
0.7388
0.8433
0.755
0.3554
0.4563
0.34
0.5846
0.77
0.3021
0.7729
0.9563
0.9383
0.9021
0.865
0.7958
0.7592
0.6822
0.4788
0.58
0.92
0.9617
0.9054
1
0.9222
0.6804
0.4879
0.4896
0.5025
0.4838
0.5075
0.6767
0.6788
0.5946
0.6729
0.3771
0.3508
0.3779
0.7008
0.7229
0.6921
0.5325
0.9629
0.9704
0.8388
0.8758
0.7467
0.9354
0.84
0.9179
0.8875
0.9038
0.9167
0.6779
0.565
0.8417
0.9129
0.9288
0.9704
0.7983
0.8579
0.8725
0.7963
0.7425
0.9175
0.9475
0.8917
0.8608
0.7533
0.7996
0.7333
0.6746
0.6517
0.8
0.9471
0.9192
0.5804
0.6408
0.7054
0.5538
0.8208
0.8204
0.6442
0.5638
0.5467
0.5121
0.4092
0.3921
0.4738
0.6546
0.6508
0.8429
0.5867
0.5908
0.5758
0.4904
0.6338
0.7013
0.4025
0.5063
0.6717
0.5867
0.6888
0.7463
0.5079
0.5138
0.9338
0.8496
0.6683
0.7154
0.7392
0.6717
0.6342
0.5308
0.59
0.785
0.3792
0.4321
0.5042
0.6263
0.5558
0.7188
0.6388
0.7679
0.4346
0.3729
0.585
0.6596
0.5329
0.4388
0.4654
0.3579
0.3363
0.4821
0.5317
0.405
0.805
0.6821
0.5483
0.9279
0.6388
0.5758
0.6238
0.6583
0.5683
0.7521
0.7467
0.7342
0.699
0.4242
0.7375
0.8958
0.8013
0.6171
0.5308
0.385
0.6079
0.8038
0.7379
0.725
0.6625
0.6208
0.9308
0.705
0.6979
0.555
0.6583
0.7458
0.8383
0.6025
0.5496
0.5083
0.6838
0.7771
0.8721
0.7583
0.8571
0.8154
0.9733
0.99
0.975
0.9246
0.8871
0.7313
0.7917
0.7275
0.6775
0.7275
0.7258
0.5508
0.4613
0.5117
0.3642
0.5417
0.845
0.5771
0.8025
0.6754
0.9321
0.9467
0.8867
0.7717
0.8142
0.8804
0.9804
0.9613
0.8683
0.8683
0.7988
0.8238
0.815
0.7079
0.72
0.6558
0.9705
0.9896
0.9876
0.9944
0.9654
0.9967
0.97
0.7163
0.6692
0.8396
0.8617
0.915
0.7117
0.6692
0.6875
0.9663
0.6146
0.2154
0.2746
0.2975
0.3563
0.6638
0.6754
0.5663
0.5488
0.6892
0.6954
0.9184
0.6158
0.4521
0.615
0.6521
0.9717
0.9813
0.98
0.8404
0.9304
0.9575
0.8358
0.8871
0.9725
0.9888
0.9846
0.5513
0.5871
0.5867
0.8592
0.9779
0.7558
0.5763
0.5021
0.5346
0.6063
0.3392
0.1304
0.0771
0.1067
0.1871
0.305
0.9883
0.9929
0.9708
0.9937
1
0.8159
0.5233
0.9475
0.7363
0.7554
0.3942
0.9642
0.5729
0.6783
0.9604
0.9975
0.8929
0.5375
0.5671
0.6092
0.2854
0.6333
0.5942
0.6504
0.9942
0.8604
0.7696
0.9238
0.9842
0.9788
0.9425
0.9858
0.68
0.47
0.4446
0.7592
0.9621
0.9992
1
0.9983
0.9896
0.9854
0.9988
0.8996
0.8458
0.8954
0.8708
0.9942
0.5896
0.5154
0.5071
0.9996
0.9517
0.5338
0.4542
0.4125
0.8596
0.57
0.53
0.4404
0.6263
0.9246
0.645
0.3571
0.4067
0.9992
1
1
0.9946
0.9767
0.6875
0.4646
0.5733
0.7313
0.6233
0.4367
0.4542
0.4333
0.5488
0.6071
0.4533
0.6892
0.5542
0.4958
0.1938
0.7296
0.4638
0.3354
0.34
0.3571
0.3817
0.4188
0.7817
0.8379
0.7463
0.8742
0.7967
0.8263
0.8225
0.8842
0.7717
0.7421
0.9783
0.9388
0.8942
1
0.9733
0.7646
0.6521
0.6267
0.9204
0.9067
0.9054
0.805
0.7833
0.6692
0.6133
0.4933
0.2883
0.4129
0.6963
0.9829
0.7108
0.6925
0.7292
0.7458
0.6604
0.5492
0.63
0.6758
0.5571
0.4746
0.5625
0.405
0.6004
0.8092
0.6408
0.6033
0.7588
0.8308
0.5429
0.4913
0.5138
0.6088
0.4671
0.4433
0.4029
0.3296
0.3858
0.4513
0.6788
0.5958
0.5129
0.3713
0.4888
0.5642
0.6417
0.5821
0.5238
0.455
0.5142
0.8088
0.8063
0.7217
0.7042
0.6083
0.5217
0.5771
0.5192
0.4654
0.3825
0.3921
0.735
0.5892
0.4908
0.5846
0.695
0.4179
0.4938
0.65
0.6613
0.6263
0.6558
0.6625
0.4163
0.4583
0.4608
0.4713
0.4142
0.5488
0.5358
0.5979
0.7996
0.8829
0.6246
0.8513
0.6317
0.7208
0.5054
0.3658
0.5033
0.6192
0.4538
0.5929
0.4613
0.5446
0.4975
0.4325
0.5083
0.4404
0.4142
0.4158
0.4517
0.4496
0.5988
0.2879
0.4292
0.5529
0.6192
0.5679
0.8183
0.6621
0.5592
0.5129
0.6446
0.7358
0.9121
0.79
0.6421
0.6371
0.6417
0.5625
0.4821
0.3975
0.3138
0.2925
0.2563
0.3588
0.4671
0.6179
0.5646
0.4342
0.6721
0.7263
0.5854
0.7158
0.6971
0.4583
0.685
0.8017
0.8633
0.6663
0.7421
0.5063
0.59
0.6967
0.6579
0.6471
0.5696
0.6008
0.6846
0.7979
0.8729
0.8833
0.7917
0.7904
0.9892
0.8692
0.8079
0.6433
0.675
0.64
0.6129
0.6229
0.7196
0.7617
0.7617
0.6721
0.7925
0.8079
0.6513
0.615
0.4842
0.4813
0.4583
0.5583
0.8388
0.7517
0.69
0.6071
0.4254
0.2133
0.435
0.6613
0.3821
0.305
0.4396
0.645
0.9879
0.9496
0.93
0.6921
0.7071
0.7463
0.8433
0.4346
0.6583
0.5833
0.5679
0.7042
0.7842
0.8038
0.8046
0.7554
0.8554
0.6442
0.8529
0.9908
0.7242
0.4396
0.8675
0.6996
0.5308
0.5708
0.7013
0.5754
0.4113
0.49
0.3608
0.3579
0.5438
0.8742
0.7463
0.2817
0.3792
0.8696
0.9192
0.8288
0.9308
0.9883
0.9517
0.9313
0.8832
0.8329
0.6529
0.7496
0.9221
0.7392
0.6279
0.4525
0.245
0.5254
0.8504
0.7733
0.6771
0.6504
0.6963
0.6104
0.4129
0.32
0.8627
0.9944
0.9163
0.96
0.8264
-99
0.4296
0.8775
0.99
0.9629
0.9933
0.9868
0.9343
0.8326
0.9722
-99
0.9729
0.9567
0.9517
0.4942
0.4688
0.8271
0.7157
0.9506
-99
0.5495
0.544
0.9114
0.9683
1
0.8669
0.5738
0.4167
0.4321
0.81
0.9492
0.8133
0.6646
0.4138
0.6729
0.8671
0.8042
0.5217
0.6271
0.2421
0.7771
0.8621
0.8304
0.5225
0.8321
0.8521
0.4463
0.4933
0.5821
0.7838
0.8621
0.8567
1
1
0.9525
0.7917
0.7842
0.8967
0.9971
0.9792
0.92
0.9446
0.7246
0.8821
0.8296
0.8038
0.6592
0.9938
0.9125
0.5763
0.43
0.8329
0.9725
0.4796
0.5713
0.6892
0.8242
0.6971
0.3721
0.3846
0.5004
0.3271
0.3858
0.755
0.7296
0.8504
0.9675
0.8763
0.895
0.9971
0.8754
0.735
0.5704
0.6775
0.8192
0.7808
0.82
0.6038
0.7429
0.6663
0.4483
0.2175
0.7079
0.5783
0.5571
0.5296
0.5283
0.9292
0.965
0.9896
0.875
0.8383
0.655
0.8233
0.8621
0.7138
0.6363
0.6388
0.8992
0.8513
0.7504
0.6863
0.635
0.5313
0.5588
0.695
0.82
0.8846
0.9858
0.6129
0.6167
0.6867
0.8263
0.8879
0.9313
0.8408
0.8171
0.9638
0.9733
0.9563
0.6588
0.53
0.5613
0.5746
0.45
0.495
0.5342
0.62
0.6296
0.4529
0.5071
0.5279
0.6767
0.9296
0.7533
0.5754
0.5117
0.4667
0.5996
0.6179
0.5083
0.5038
0.8383
0.8496
0.7421
0.9904
0.8888
0.8758
0.8108
0.8183
0.9763
0.8571
0.8183
0.8863
0.7933
0.6875
0.5192
0.4504
0.5129
0.5967
0.5533
0.5663
0.5621
0.6192
0.6667
0.6617
0.5642
0.5329
0.515
0.6196
0.7171
0.6146
0.5633
0.4804
0.4583
0.4025
0.5788
0.5596
0.3692
0.4042
0.4875
0.5521
0.4571
0.6929
0.5275
0.6421
0.6413
0.6633
0.9183
0.7913
0.5504
0.4933
0.5017
0.5775
0.5738
0.6975
0.7692
0.69
0.6825
0.8717
0.8258
0.6804
0.5633
0.5692
0.445
0.5367
0.5704
0.4467
0.3875
0.7213
0.7121
0.7325
0.5854
0.5063
0.6633
0.7833
0.855
0.7804
0.5525
0.3925
0.4179
0.5225
0.4575
0.4138
0.3271
0.4425
0.5683
0.5988
0.72
0.8133
0.9554
0.8046
0.5554
0.5188
0.5958
0.7183
0.6275
0.5483
0.4988
0.5163
0.6175
0.5633
0.4804
0.485
0.6242
0.8933
0.9804
0.7275
0.8046
0.8267
0.8354
0.8421
0.79
0.585
0.5546
0.6138
0.6888
0.6383
0.6521
0.7892
0.6821
0.8129
0.9696
0.7363
0.4604
0.6517
0.91
0.965
1
0.9746
0.8633
0.8496
0.8967
0.7938
0.6138
0.5083
0.3954
0.2525
0.535
0.7975
0.6688
0.8483
0.8733
0.5508
0.1638
0.1833
0.4142
0.5142
0.9704
0.9975
0.7621
0.5546
0.4304
0.5625
0.8483
0.91
0.8108
0.9333
0.9896
0.9313
0.7404
0.7867
0.59
0.5663
0.9333
0.6438
0.6608
0.8642
0.7788
0.9496
0.9988
0.7838
0.6763
0.6738
0.8779
0.7042
0.6083
0.6613
0.4938
0.9929
0.9971
0.9588
0.8646
0.6196
0.8463
0.9838
0.9163
0.9138
0.9867
0.3046
0.2267
0.2571
0.3875
0.755
0.3613
0.4933
0.8617
0.7225
0.7392
0.7
0.9346
0.9979
0.9942
0.5688
0.2988
0.1238
0.1163
0.2938
0.4279
0.6717
0.88
0.9508
0.585
0.4296
0.7183
1
0.9967
0.9054
0.8721
0.9925
0.9263
0.9146
0.4475
0.4067
0.3063
0.3371
0.4283
0.4883
0.7383
0.865
0.3625
0.4271
0.4638
0.4296
0.3338
0.3408
0.4121
0.8067
0.9133
1
0.9996
0.9129
0.5267
0.2742
0.2854
0.3179
0.2475
0.3075
0.4092
0.3442
0.3813
0.4354
0.4117
0.6942
0.7839
0.9304
0.9779
0.9588
0.9713
0.6671
0.9033
0.8017
0.7675
0.7346
0.7038
0.6042
0.5158
0.3838
0.4746
0.5488
0.5467
0.6283
0.9283
0.9188
0.8696
0.7283
0.6021
0.8904
0.8796
0.7121
0.6725
1
0.9246
0.965
0.985
0.9858
0.6883
0.4383
0.55
0.5663
0.8775
0.9367
0.6204
0.6188
0.6333
0.7708
0.9138
0.8383
0.8342
0.8179
0.6746
0.6888
0.5242
0.6263
0.7529
0.6983
0.6104
0.5529
0.4746
0.4242
0.5758
0.6313
0.5029
0.5625
0.7196
0.7263
0.8188
0.665
0.5721
0.6608
0.8167
0.6183
0.8517
0.9996
0.95
0.7113
0.5358
0.5008
0.8088
0.8533
0.8579
0.785
0.7838
0.78
0.6167
0.7154
0.6171
0.8229
0.7996
0.7542
0.6575
0.6188
0.6342
0.6721
0.7367
0.4958
0.5821
0.6146
0.635
0.6538
0.6517
0.5825
0.5867
0.5575
0.4838
0.4058
0.4733
0.8158
0.5825
0.5733
0.8825
0.8442
0.4971
0.6917
0.9142
0.9208
0.8733
0.9133
0.9992
0.8533
0.7258
0.9342
0.6929
0.6108
0.7533
0.6654
0.6329
0.6579
0.7825
0.5854
0.4525
0.5529
0.6033
0.5129
0.7713
0.4796
0.4217
0.4371
0.4138
0.3983
0.6521
0.6321
0.4925
0.4838
0.6233
0.7683
0.5463
0.5946
0.7113
0.495
0.4342
0.4696
0.5104
0.6133
0.7267
0.6879
0.6108
0.5717
0.6183
0.5204
0.7058
0.5729
0.6054
0.6071
0.4896
0.5708
0.5846
0.7217
0.7663
0.7429
0.7513
0.8167
0.6771
0.7317
0.5217
0.5704
0.5671
0.6917
0.6246
0.7746
0.6379
0.4817
0.4542
0.5275
0.5883
0.5358
0.5125
0.6329
0.6088
0.4358
0.4446
0.3254
0.2763
0.1871
0.31
0.4104
0.65
0.7279
0.6183
0.4704
0.5146
0.6588
0.6279
0.6588
0.5942
0.5267
0.8242
0.7333
0.6367
0.4225
0.3604
0.4258
0.4283
0.4367
0.5108
0.5096
0.5129
0.6588
0.5933
0.5533
0.6796
0.6925
0.4429
0.4596
0.4579
0.6188
0.7104
0.9304
0.7596
0.6538
0.6288
0.5975
0.5867
0.5417
0.5296
0.5071
0.3675
0.2967
0.3067
0.4658
0.53
0.4883
0.5154
0.4871
0.325
0.2813
0.3946
0.7883
0.8654
0.8617
0.8054
0.7425
0.755
0.5342
0.5813
0.8054
0.8817
0.9954
0.7883
0.7242
0.9983
0.9996
0.8671
0.8904
0.8921
0.9833
1
0.9788
0.9208
0.9733
0.7433
0.895
0.8192
0.74
0.7938
0.7929
0.7929
0.9296
0.9796
0.9988
0.9854
0.9392
0.9167
0.7729
0.9533
0.8713
0.93
0.6179
0.5608
0.4883
0.2458
0.5463
0.6271
0.4925
0.4992
0.47
0.8571
0.7279
0.8904
0.8617
0.8154
0.6796
0.4346
0.4704
0.6242
0.8954
0.8683
0.8104
0.905
0.7913
0.9013
0.8754
0.6313
0.6371
0.7671
0.6388
0.2896
0.1679
0.3133
0.1867
0.3167
0.4942
0.4196
0.48
0.5338
0.6775
0.6621
0.83
0.5283
0.5575
0.3058
0.3971
0.2146
0.1908
0.2275
0.2225
0.1875
0.2246
0.2063
0.2296
0.6146
0.8879
0.7483
0.4079
0.3829
0.5125
0.3783
0.48
0.2083
0.1858
0.2942
0.5533
0.985
0.9279
0.6046
0.2629
0.5858
0.8979
0.8983
0.4358
0.365
0.5392
0.3917
0.2913
0.1996
0.2654
0.165
0.1858
0.2671
0.2917
0.5242
0.4708
0.5663
0.6542
0.7204
0.6913
0.2554
0.2788
0.2342
0.235
0.4638
0.3396
0.4
0.4896
0.6438
0.4613
0.3808
0.3846
0.72
0.7721
0.3942
0.4033
0.4158
0.3542
0.3708
0.5154
0.4279
0.4154
0.3408
0.3504
0.3867
0.3421
0.4967
0.5883
0.6008
0.5675
0.9971
1
0.7963
0.62
0.5363
0.6171
0.5638
0.4363
0.4475
0.36
0.4125
0.5588
0.6367
0.9229
1
1
0.902
0.8505
0.6329
0.6746
0.705
0.7429
0.8852
0.6979
0.8513
0.6363
0.4358
0.4346
0.7475
0.7527
0.7633
0.8308
0.6846
0.7536
0.5717
0.6504
0.5842
0.5008
0.7396
0.8483
0.9533
0.7686
0.7088
0.6075
0.8308
0.7875
0.6742
0.6063
0.84
0.7063
0.5875
0.4725
0.4471
0.6558
0.7113
0.6204
0.5425
0.5575
0.7492
0.825
0.965
0.8258
0.6742
0.4867
0.5338
0.5258
0.5221
0.6642
0.6829
0.6071
0.5308
0.5142
0.5033
0.4563
0.8725
0.6854
0.5379
0.5679
0.5375
0.5488
0.4775
0.6429
0.6063
0.5925
0.5492
0.5596
0.4458
0.3363
0.4225
0.5325
0.8667
0.5767
0.4879
0.5408
0.6217
0.5467
0.5167
0.4221
0.4408
0.3375
0.345
0.4
0.8371
0.5129
0.3404
0.5617
0.8892
0.725
0.83
0.72
0.666
0.6546
0.81
0.5629
0.5863
0.5988
0.4696
0.495
0.3363
0.295
0.3313
0.4271
0.6329
0.5467
0.4679
0.5858
0.5004
0.4567
0.4929
0.6058
0.6238
0.7413
0.5633
0.3558
0.6208
0.6604
0.6125
0.8492
0.6292
0.6108
0.4183
0.3067
0.2788
0.2354
0.505
0.6267
0.5696
0.5175
0.4571
0.365
0.2417
0.2971
0.3042
0.2525
0.3163
0.3558
0.3825
0.475
0.4346
0.6725
0.7458
0.6392
0.875
0.4288
0.3883
0.4992
0.5229
0.5638
0.56
0.5858
0.5504
0.5746
0.6096
0.6346
0.5717
0.6138
0.4571
0.2329
0.2888
0.3763
0.5163
0.6746
0.8463
0.6783
0.8004
0.585
0.7021
0.7663
0.6421
0.8321
0.6583
0.8517
0.9046
0.7554
0.7104
0.5958
0.495
0.5738
0.6025
0.4133
0.54
0.6096
0.5908
0.6588
0.8908
0.8479
0.7492
0.7571
0.6446
0.6221
0.7779
0.7771
0.9792
0.9638
0.9567
0.7843
0.8317
0.7625
0.9504
0.99
0.7058
0.3904
0.3542
0.6738
0.8729
0.8533
0.8467
0.8092
0.9708
0.8592
0.6513
0.3342
0.7142
0.8871
0.9879
0.9379
0.5658
0.475
0.7688
0.8079
0.8146
0.9667
0.9779
0.8758
0.4925
0.7888
0.8692
0.8275
0.7033
0.6963
0.935
0.9319
0.7725
0.5367
0.3454
0.2663
0.4371
0.7721
0.8067
0.9154
0.6938
0.9504
0.5138
0.2233
0.2958
0.4808
0.7933
0.8808
0.9992
0.925
0.9104
0.8438
0.4858
0.8308
0.9446
0.8333
0.5854
0.2888
0.2063
0.4775
0.5654
0.5821
0.555
0.5133
0.5371
0.6546
0.9783
0.5142
0.2354
0.3929
0.1708
0.1742
0.1621
0.1479
0.2533
0.6313
0.4738
0.8746
0.9804
0.73
0.9125
0.9965
0.5629
0.9071
1
0.9965
0.9904
0.8921
0.8471
0.96
0.3971
0.6879
0.6071
0.6104
0.2375
0.6433
0.6521
0.8154
0.9061
0.4971
0.5263
0.61
0.8558
0.6604
0.7238
0.585
0.8375
0.9642
0.7675
0.5308
0.7125
0.6788
0.8058
0.8854
0.9979
1
0.8332
0.8775
0.7196
0.5913
0.48
0.5108
0.57
0.6796
0.8696
0.6183
0.4458
0.5996
0.7971
1
0.9975
0.9408
0.8726
0.8791
0.8958
0.8939
0.9073
0.855
0.5304
0.4542
0.6518
1
0.7847
0.7246
0.6957
0.4192
0.4683
0.7954
0.74
0.7879
0.9586
0.9963
0.9496
0.9929
0.7555
0.6396
0.8788
0.7392
0.6463
0.9988
0.985
0.7
0.6063
0.775
0.7729
0.7379
0.8504
0.6617
0.51
0.2688
0.4188
0.565
0.5338
0.5546
0.8554
0.4513
0.5071
0.6617
0.625
0.6363
0.8696
0.975
1
1
0.9991
0.9073
0.7604
0.7854
0.7029
0.7892
0.5892
0.5767
0.6929
0.6888
0.8175
0.7525
0.505
0.6671
0.6125
0.8125
0.9939
0.7888
0.8246
0.9433
0.9071
0.9783
0.8483
0.6488
0.5767
0.4888
0.4967
0.5663
0.9479
0.7796
0.6713
0.6892
0.7258
0.5675
0.5621
0.5388
0.6071
0.6542
0.6488
0.5808
0.9096
0.9613
0.6088
0.5825
0.6058
0.5975
0.71
0.6
0.3663
0.5158
0.9433
0.89
0.8013
0.7692
0.7029
0.6221
0.5392
0.5729
0.5688
0.6642
0.575
0.5583
0.5413
0.7308
0.6513
0.6996
0.46
0.4154
0.4546
0.4942
0.5525
0.5092
0.5267
0.6541
0.5925
0.5667
0.5625
0.5279
0.6142
0.6204
0.8183
0.8042
0.5813
0.5413
0.5138
0.6217
0.495
0.4567
0.3488
0.5992
0.6
0.49
0.4538
0.4271
0.3688
0.2896
0.4796
0.475
0.3038
0.5548
0.7388
0.6883
0.55
0.5888
0.5271
0.5954
0.6213
0.6967
0.7358
0.7133
0.6796
0.7613
0.7192
0.7233
0.5788
0.7404
0.7708
0.7946
0.605
0.8213
0.7729
0.7796
0.7746
0.8054
0.6813
0.5267
0.5654
0.4792
0.5458
0.545
0.6808
0.9842
0.8946
0.5929
0.7217
0.8938
0.6858
0.6642
0.7379
0.6508
0.6333
0.6246
0.6663
0.4946
0.5517
0.505
0.4575
0.6508
0.7179
0.54
0.4225
0.3992
0.6738
0.8513
0.785
0.7463
0.6813
0.9004
0.8954
0.7508
0.6938
0.7167
0.7783
0.8758
0.8371
0.7421
0.5042
0.5146
0.6805
0.8404
0.8008
0.6304
0.5175
0.75
0.8275
0.8175
0.8625
0.8338
0.7083
0.8967
0.735
0.5575
0.5183
0.6571
0.4554
0.36
0.2804
0.77
0.7525
0.9425
0.8704
0.6796
0.6879
0.7725
0.7175
0.857
0.6492
0.6404
0.6304
0.4842
0.6938
0.7433
0.9854
0.9263
0.6346
0.4579
0.9817
0.7433
0.4888
0.5696
0.2963
0.3629
0.5171
0.5821
0.3638
0.5942
0.4688
0.2733
0.5217
0.2533
0.2604
0.2538
0.3029
0.3038
0.1988
0.1654
0.1988
0.1304
0.1633
0.3742
0.1717
0.1821
0.865
0.9021
0.9804
0.4788
0.3296
0.4967
0.7921
0.9071
0.9958
0.925
0.9575
0.8696
0.6438
0.4942
0.7879
0.9438
0.9983
0.9892
0.9989
0.9429
0.6883
0.7017
0.4108
0.2554
0.3479
0.7029
0.8088
0.9504
0.9113
0.6489
0.8983
0.9204
0.94
0.9771
0.8408
0.6933
0.9867
0.7078
0.7729
0.6225
0.5813
0.805
0.935
0.9917
0.7263
0.7679
0.9633
0.7604
0.7792
0.8838
0.9517
0.9042
0.8558
0.9667
0.8713
0.9892
0.9113
0.5421
0.8921
0.9232
-99
-99
0.5811
0.6058
0.5846
0.5929
0.7838
0.6033
0.6267
0.7213
0.9467
0.8533
0.7517
0.9114
0.9529
0.7217
0.8675
0.9908
0.7354
0.5046
0.7025
0.3808
0.4229
0.4117
0.4988
0.6313
0.7692
0.5646
0.3888
0.4225
0.2829
0.4975
0.5379
0.7233
0.7775
0.8688
0.6492
0.7126
0.8983
0.6021
0.5871
0.6317
0.5633
0.9454
0.9571
0.6996
0.6042
0.9938
0.6671
0.5033
0.5383
0.6117
0.6883
0.605
0.7163
0.6075
0.7717
0.7533
0.6788
0.6183
0.745
0.6138
0.2821
0.57
0.9946
0.9592
0.8842
0.6538
0.8238
0.6917
0.7446
0.5913
0.569
0.6267
0.6267
0.5917
0.4704
0.4513
0.3704
0.5729
0.5629
0.6388
0.8477
0.621
0.4773
0.5373
0.6567
0.6879
0.3688
0.3646
0.4525
0.694
0.6269
0.635
0.8702
0.8588
0.7152
0.7629
0.7796
0.811
0.8856
0.6894
0.856
0.8725
0.8821
0.6702
0.5715
0.664
0.6725
0.6265
0.7446
0.5442
0.3931
0.3865
0.3123
0.3452
0.4698
0.5544
0.5944
0.5522
0.5329
0.6135
0.7215
0.6417
0.6381
0.5769
0.4148
0.5942
0.6825
0.8425
0.7925
0.7925
0.6358
0.5529
0.5938
0.546
0.7173
0.7696
0.6744
0.7798
0.5896
0.5556
0.8819
0.6375
0.605
0.5181
0.5506
0.6648
0.6892
0.7038
0.649
0.6258
0.4373
0.3127
0.4463
0.6065
0.5046
0.4225
0.445
0.5648
0.705
0.6713
0.7102
0.8423
0.521
0.479
0.4871
0.6421
0.8496
0.641
0.7304
0.8067
0.6983
0.7119
0.7133
0.7646
0.4898
0.804
0.9552
0.6858
0.6183
0.5013
0.6408
0.5483
0.6029
0.7458
0.9581
0.961
0.9717
0.8177
0.5817
0.5921
0.5813
0.6571
0.5404
0.7746
0.9133
0.8146
0.4821
0.5458
0.7363
0.906
0.9048
0.7692
0.6844
0.6754
0.7179
0.6377
0.671
0.6367
0.7094
0.7946
0.6629
0.8373
0.8694
0.8677
0.7365
0.6204
0.6063
0.9388
0.9504
0.785
0.7396
0.6644
0.6813
0.9431
0.946
0.9192
0.8544
0.841
0.8985
0.8367
0.9577
0.8658
0.7688
0.761
0.7948
0.8831
0.7471
0.94
0.8538
0.9165
0.801
0.86
0.7096
0.4652
0.4158
0.4154
0.451
0.3038
0.3742
0.374
0.4975
0.6027
0.8826
0.9383
0.8933
0.4448
0.5354
0.6165
0.7535
0.9777
0.9794
0.7272
0.6144
0.881
0.7458
0.9515
0.7967
0.9113
0.8894
0.7713
0.9308
0.9727
0.9545
0.974
0.6842
0.4038
0.3858
0.5756
0.5133
0.4548
0.7846
0.986
0.996
0.9863
0.9845
0.9873
0.944
0.6173
0.5296
0.596
0.9921
0.7196
0.5708
0.5342
0.696
0.526
0.3419
0.4881
0.4067
0.6333
0.7867
0.9396
0.6869
0.5248
0.6102
0.5665
0.5285
0.25
0.1577
0.1471
0.2594
0.4208
0.391
0.8723
0.7527
0.2685
0.3394
0.1969
0.1558
0.201
0.3125
0.2644
0.261
0.3315
0.451
0.3277
0.269
0.395
0.3702
0.2115
0.5556
0.6929
0.7179
0.9646
0.8144
0.7592
0.8796
0.8265
0.8242
0.7765
0.4104
0.3783
0.2281
0.4527
0.5069
0.561
0.8408
0.9506
0.9635
0.9396
0.9383
0.9456
0.6854
0.4092
0.5119
0.6438
0.4756
0.4848
0.2898
0.5413
0.8408
0.8619
0.874
0.8777
0.4038
0.5238
0.655
0.7642
0.5729
0.9263
0.6479
0.815
0.7965
0.8129
0.6554
0.5463
0.5094
0.8394
0.8463
0.846
0.7954
0.2552
0.2608
0.1421
0.296
0.2604
0.3502
0.3856
0.5179
0.8015
0.5723
0.6715
0.8519
0.7048
0.8267
0.5511
0.5008
0.914
0.9738
0.9856
0.9769
0.7492
0.5902
0.3598
0.566
0.4854
0.4771
0.4098
0.4983
0.4092
0.4363
0.7369
0.6215
0.8106
0.7285
0.3835
0.2329
0.4463
0.6008
0.536
0.4558
0.4017
0.3156
0.8877
0.8246
0.8031
0.8096
0.7633
0.6423
0.5469
0.571
0.5365
0.689
0.8844
0.766
0.4904
0.699
0.6744
0.7435
0.7525
0.6377
0.4606
0.535
0.4802
0.4394
0.5731
0.4902
0.4419
0.2877
0.1971
0.2915
0.3358
0.47
0.3756
0.4433
0.5129
0.9008
0.6379
0.481
0.4956
0.5438
0.5825
0.5567
0.5067
0.5117
0.5377
0.5269
0.6465
0.6527
0.5494
0.5144
0.505
0.4431
0.3365
0.3977
0.5017
0.5825
0.6608
0.8779
0.7171
0.6469
0.8023
0.7415
0.8479
0.7333
0.6067
0.5188
0.5231
0.5056
0.4888
0.5383
0.6827
0.7088
0.6215
0.4763
0.4496
0.3975
0.5073
0.3942
0.3604
0.4119
0.4346
0.3123
0.2696
0.3002
0.2992
0.4423
0.4925
0.4463
0.6004
0.6879
0.5913
0.434
0.4698
0.3808
0.4429
0.5444
0.476
0.5915
0.674
0.5917
0.6792
0.5696
0.7017
0.3144
0.5371
0.5735
0.7015
0.9869
0.954
0.8548
0.6506
0.5375
0.6423
0.6238
0.4279
0.4573
0.8733
0.8052
0.5638
0.5785
0.6394
0.72
0.6194
0.7046
0.6106
0.7642
0.981
0.7892
0.6013
0.6794
0.751
0.7467
0.5923
0.5129
0.6298
0.6188
0.4904
0.446
0.501
0.6098
0.7756
0.8992
0.9431
0.99
0.8817
0.6883
0.6131
0.696
0.6808
0.8246
0.9135
0.8773
0.6725
0.7175
0.7758
0.7248
0.8175
0.7179
0.6354
0.6127
0.4352
0.5188
0.5963
0.4694
0.3677
0.5627
0.7923
0.8246
0.8927
0.8848
0.8767
0.8358
0.7052
0.6931
0.8567
0.7944
0.7608
0.7863
0.7883
0.7175
0.6383
0.8165
0.9513
0.815
0.5975
0.6804
0.7196
0.8338
0.8879
0.9063
0.5817
0.479
0.5217
0.4992
0.775
0.9256
0.9765
0.8794
0.8977
0.9094
0.7225
0.7081
0.9777
0.9235
0.8238
0.8646
0.6469
0.6346
0.6717
0.5881
0.4027
0.3217
0.3488
0.4108
0.4202
0.3425
0.3173
0.2946
0.4144
0.5379
0.5344
0.7042
0.6915
0.4769
0.2485
0.904
0.6254
0.4621
0.5502
0.3452
0.2896
0.1248
0.1058
0.3444
0.4396
0.7219
0.9144
0.9481
0.8698
0.8292
0.7104
0.7983
0.8283
0.8735
0.8244
0.7419
0.4938
0.3404
0.5081
0.6533
0.4033
0.5979
0.5346
0.5775
0.4988
0.4396
0.3146
0.3367
0.8031
0.8963
0.4592
0.8638
0.8638
0.8692
0.8598
0.995
0.9415
0.9298
0.9327
0.9888
0.941
0.9679
0.8844
0.8096
0.616
0.8992
0.5677
0.5129
0.2688
0.8294
0.8315
0.8321
0.7398
0.7679
0.6621
0.7069
0.6188
0.5463
0.546
0.8648
0.8867
0.7904
0.6415
0.2983
0.3338
0.6958
0.2977
0.3425
0.6763
0.8794
0.8633
0.9702
0.8794
0.9175
0.9881
0.9342
0.8683
0.5381
0.4781
0.4283
0.8156
0.6471
0.4694
0.2821
0.7608
0.6875
0.7375
0.8098
0.834
0.9715
0.7679
0.4802
0.3058
0.6408
0.6904
0.806
0.854
0.6715
0.8635
0.4746
0.8275
0.5975
0.5348
0.5504
0.6523
0.9842
0.9817
0.8179
0.9494
0.7721
0.9783
0.925
0.9231
0.66
0.4292
0.4025
0.5208
0.795
0.6685
0.7377
0.88
0.5694
0.5777
0.6527
0.6396
0.675
0.9567
0.9352
0.7104
0.6027
0.5269
0.636
0.7425
0.73
0.7558
0.7683
0.5815
0.6337
0.7827
0.7317
0.641
0.5996
0.4494
0.9058
0.8842
0.7525
0.5519
0.6256
0.5104
0.7052
0.9923
0.7492
0.6452
0.394
0.4165
0.4871
0.6142
0.5058
0.7133
0.786
0.9658
0.9879
0.8596
0.8669
0.854
0.7517
0.6394
0.6154
0.6871
0.7729
0.6513
0.6115
0.4946
0.569
0.54
0.4896
0.5656
0.5917
0.606
0.5535
0.6504
0.714
0.7131
0.6975
0.531
0.6488
0.6044
0.7096
0.714
0.6869
0.5877
0.5721
0.5979
0.5992
0.7817
0.5969
0.5294
0.5242
0.665
0.6344
0.6227
0.7708
0.5227
0.4765
0.494
0.5102
0.4423
0.3958
0.6198
0.7135
0.6075
0.4596
0.6079
0.7175
0.6352
0.6415
0.4115
0.5277
0.6363
0.6131
0.5523
0.6326
0.5613
0.4742
0.4777
0.6225
0.5308
0.4954
0.3802
0.4013
0.3933
0.3521
0.2769
0.3615
0.5067
0.6252
0.5679
0.5258
0.5227
0.5317
0.6029
0.6225
0.5002
0.4433
0.5565
0.571
0.4471
0.529
0.4981
0.5833
0.4675
0.411
0.4873
0.5373
0.6094
0.4779
0.4485
0.4906
0.4458
0.4667
0.5108
0.5648
0.66
0.6121
0.7098
0.5148
0.4248
0.4652
0.3654
0.4065
0.4615
0.4265
0.481
0.9406
0.7973
0.7794
0.6704
0.6323
0.5025
0.4119
0.336
0.3417
0.6242
0.7881
0.8513
0.7469
0.5767
0.584
0.6979
0.7619
0.7138
0.6813
0.6306
0.545
0.5913
0.7527
0.7452
0.6979
0.8285
0.6967
0.7952
0.8375
0.8847
0.6652
0.6373
0.6456
0.5921
0.7977
0.871
0.6913
0.8879
0.9175
0.6915
0.5163
0.6808
0.7031
0.6698
0.9802
0.9988
0.9242
0.6721
0.669
0.7515
0.8335
0.6925
0.796
0.8335
0.9944
0.9735
0.9267
0.7329
0.8279
0.565
0.5169
0.1815
0.2706
0.4529
0.6563
0.5327
0.4342
0.8354
0.9948
0.9106
0.8852
0.7488
0.8619
0.7444
0.726
0.75
0.6423
0.5769
0.3923
0.5604
0.615
0.8275
0.7642
0.9319
0.9833
0.9538
0.9977
0.9315
0.7856
0.9223
0.8825
0.7525
0.8606
0.9038
0.4344
0.28
0.431
0.9608
0.8653
0.8743
0.6972
0.581
0.5221
0.7248
0.561
0.2731
0.32
0.7379
0.8667
0.9369
0.9035
0.7469
0.3125
0.434
0.4288
0.614
0.6302
0.5333
0.2444
0.24
0.2685
0.1431
0.1052
0.405
0.686
0.2588
0.1927
0.4144
0.2596
0.209
0.1381
0.1581
0.4319
0.36
0.5867
0.686
0.6204
0.6456
0.5644
0.7865
0.8023
0.3677
0.3742
0.5746
0.7396
0.6427
0.6035
0.6204
0.2742
0.6463
0.9794
1
0.9117
0.8408
0.7888
0.7252
0.621
0.9775
0.8975
1
0.9629
0.8794
0.7815
0.5408
0.3881
0.5898
0.6783
0.7823
0.8119
0.8825
0.8617
0.9569
0.7635
0.7396
0.8956
0.7673
0.4796
0.4685
0.3829
0.6508
0.4298
0.639
0.7385
0.8633
-99
0.7188
0.9744
0.9673
0.84
0.6565
0.5981
0.6321
0.3079
0.22
0.425
0.8383
0.6463
0.5926
0.8204
0.5477
0.4498
0.465
0.5098
0.6425
0.8196
0.7015
0.8054
0.7431
0.9973
0.7923
0.8321
0.7929
0.6377
0.5175
0.6375
0.7829
0.54
0.516
0.6008
0.715
0.5031
0.6127
0.5425
0.5735
0.5775
0.4919
0.5296
0.486
0.3523
0.6608
0.5917
0.5779
0.6058
0.9246
0.7765
0.5129
0.4415
0.3673
0.3667
0.6352
0.9444
0.8725
0.5288
0.8019
0.9548
0.6667
0.8115
0.8908
0.7371
0.6417
0.6721
0.5125
0.5571
0.6069
0.7308
0.9321
0.7765
0.7052
0.6096
0.57
0.5179
0.5019
0.7679
0.6648
0.5975
0.4702
0.5367
0.601
0.5744
0.4552
0.3738
0.4419
0.4233
0.5263
0.6583
0.7142
0.6142
0.6417
0.8423
0.9
0.8208
0.5523
0.5183
0.6125
0.6129
0.474
0.4077
0.4744
0.4442
0.3504
0.4171
0.55
0.415
0.4331
0.4692
0.5427
0.4838
0.479
0.455
0.555
0.6681
0.7115
0.6429
0.7098
0.5965
0.6702
0.6596
0.6065
0.5125
0.4046
0.3377
0.3898
0.3663
0.4467
0.7048
0.7173
0.6933
0.4844
0.4619
0.555
0.6377
0.5673
0.4938
0.4917
0.5006
0.7415
0.8188
0.7071
0.8817
0.5823
0.5019
0.5033
0.4188
0.5542
0.5327
0.401
0.3742
0.55
0.4915
0.3792
0.4325
0.5444
0.8523
0.8635
0.671
0.7108
0.5908
0.57
0.6117
0.519
0.4352
0.465
0.5958
0.4871
0.5048
0.6377
0.5148
0.4798
0.4342
0.4952
0.4613
0.3548
0.3885
0.4427
0.4617
0.6413
0.6946
0.816
0.5558
0.4685
0.4792
0.7321
0.6835
0.735
0.6469
0.464
0.7981
0.5254
0.6083
0.5602
0.4608
0.5821
0.9269
0.7906
0.6073
0.7146
0.5194
0.4427
0.4654
0.8325
0.7606
0.646
0.6696
0.88
0.8235
0.8088
0.7906
0.8152
0.9319
0.8313
0.9094
0.8204
0.7263
0.4338
0.4644
0.6071
0.5388
0.5852
0.4213
0.4138
0.4073
0.6017
0.7458
0.5621
0.5679
0.9731
0.9827
0.8396
0.7979
0.7606
0.4935
0.5154
0.4669
0.4194
0.461
0.5388
0.3625
0.6373
0.8342
0.871
0.8819
0.66
0.8977
0.7344
0.4867
0.2702
0.5765
0.566
0.5819
0.591
0.6033
0.4113
0.2388
0.2502
0.3306
0.3535
0.4575
0.2931
0.3363
0.395
0.2929
0.4223
0.6308
0.795
0.4808
0.3392
0.4258
0.8513
0.4442
0.7508
0.5183
0.2381
0.4604
0.3002
0.2831
0.3325
0.8073
0.5748
0.9935
0.9829
0.7927
0.7998
0.9642
0.83
0.6056
0.4792
0.6756
0.4742
0.6185
0.6175
0.4531
0.5592
0.4692
0.6954
0.9729
0.9617
0.9371
0.8946
0.8981
0.6829
0.8329
0.8904
0.8704
0.8773
0.9196
0.9085
0.9817
0.6367
0.6181
0.9404
0.8863
0.5473
0.7996
0.9538
0.7235
0.9429
0.6725
0.5488
0.5673
0.6996
0.7644
0.4738
0.256
0.446
0.6158
0.9727
0.804
0.766
0.5675
0.5267
0.6213
0.8408
0.6152
0.7238
0.9292
0.9763
0.9698
0.7965
0.606
0.7092
0.4573
0.7192
0.6458
0.6744
0.9792
0.7654
0.8648
0.8735
0.5325
0.7698
0.6352
0.55
0.4881
0.6613
0.6292
0.5481
0.6629
0.8042
0.9654
0.9848
0.8065
0.8683
0.9363
0.9375
0.8538
0.7342
0.6652
0.8575
0.9265
0.9321
0.7594
0.8956
0.9063
0.9008
0.8271
0.9013
0.751
0.7669
0.6735
0.4781
0.3852
0.5971
0.9785
0.9729
0.6802
0.614
0.531
0.7083
0.7146
0.8094
0.5727
0.4671
0.6546
0.8456
0.6281
0.5929
0.6327
0.9881
0.9125
0.9829
0.9881
0.9565
0.9681
0.9454
0.7544
0.931
0.7883
0.5979
0.7046
0.7417
0.5885
0.5167
0.5494
0.596
0.6042
0.7033
0.6973
0.9315
0.9598
0.7915
0.7683
0.5642
0.6217
0.6129
0.7396
0.794
0.9071
0.8035
0.7706
0.8683
0.6744
0.8313
0.6888
0.5733
0.6404
0.6904
0.7829
0.8525
0.821
0.8369
0.8388
0.8144
0.7356
0.6379
0.5725
0.8506
0.7821
0.9417
0.9821
0.9635
0.8863
0.821
0.8177
0.8608
0.8506
0.8902
0.9717
0.8427
0.7723
0.7385
0.8325
0.8102
0.896
0.5967
0.6238
0.7027
0.7463
0.7163
0.5265
0.6425
0.5667
0.4944
0.5752
0.7688
0.7752
0.779
0.6638
0.6763
0.7679
0.7304
0.5931
0.5725
0.6317
0.4823
0.4185
0.8492
0.63
0.6173
0.53
0.5879
0.6246
0.7265
0.6879
0.5971
0.4473
0.4248
0.6196
0.5573
0.564
0.5092
0.5529
0.7375
0.5665
0.5852
0.5473
0.5529
0.4465
0.3806
0.4158
0.5375
0.5465
0.5044
0.4515
0.4525
0.4948
0.4594
0.4694
0.5594
0.6565
0.8363
0.8788
0.8575
0.8004
0.7669
0.6244
0.785
0.6742
0.7954
0.8075
0.8042
0.6258
0.5542
0.6113
0.6281
0.5696
0.6377
0.6773
0.6177
0.5794
0.629
0.6317
0.866
0.7446
0.866
0.82
0.8635
0.7065
0.8421
0.7955
0.8021
0.7915
0.9021
0.8373
0.7146
0.7727
0.709
0.7408
0.8525
0.8063
0.6538
0.7833
0.719
0.7157
0.5604
0.5269
0.57
0.5996
0.7779
0.7394
0.794
0.6288
0.6238
0.6144
0.3623
0.3227
0.4606
0.47
0.714
0.7623
0.7538
0.7877
0.9298
0.9475
0.8085
0.8073
0.8908
0.9919
0.9969
0.9225
0.911
0.8617
0.8146
0.8798
0.7985
0.4458
0.3619
0.2723
0.3194
0.46
0.9429
0.9767
0.8538
0.8433
0.9992
0.93
0.8279
0.5342
0.5996
0.9621
0.9804
0.9129
0.8958
0.9308
0.9265
0.9021
0.8042
0.7481
0.9238
0.9414
0.9432
0.996
0.9888
0.9331
0.9223
0.9629
0.8085
0.8913
0.8323
0.9044
0.7996
0.5288
0.3873
0.2325
0.7265
0.6004
0.8148
0.7313
0.5679
0.4994
0.5292
0.6671
0.704
0.4627
0.201
0.3098
0.6671
0.9723
0.7075
0.7827
0.9617
0.574
0.2625
0.8002
0.8742
0.8948
0.5229
0.5267
0.3385
0.4515
0.4204
0.4052
0.4265
0.2788
0.1158
0.2696
0.2719
0.095
0.1406
0.2085
0.2158
0.1952
0.1692
0.2875
0.3113
0.4015
0.3781
0.4794
0.4315
0.3919
0.1733
0.5363
0.791
0.6702
0.8071
0.9525
0.5625
0.521
0.9546
0.711
0.575
0.4531
0.634
0.9129
0.91
0.9356
0.9894
0.9871
0.8483
0.4621
0.2148
0.6221
0.6746
0.7773
0.5394
0.6419
0.8038
0.495
0.2881
0.4204
0.1071
0.1098
0.1173
0.2465
0.3237
0.6433
0.7115
0.4819
0.2702
0.2938
0.5652
0.449
0.3056
0.2296
0.3892
0.3525
0.4521
0.324
0.5898
0.7363
0.894
0.7019
0.655
0.6579
0.6383
0.5202
0.3892
0.5573
0.4469
0.4392
0.2621
0.4446
0.3776
0.5183
0.5279
0.4431
0.5088
0.4365
0.4613
0.5002
0.1988
0.3829
0.5473
0.6483
0.7181
0.709
0.7365
0.7435
0.9004
0.6015
0.8635
0.9821
0.909
0.7892
0.8229
0.6808
0.5125
0.4019
0.2377
0.4931
0.7448
0.9206
0.6823
0.4658
0.4485
0.6121
0.8694
0.8496
0.9485
0.9575
0.8904
0.7221
0.6219
0.6535
0.8121
0.7767
0.7177
0.8667
0.9642
0.6202
0.3369
0.3356
0.465
0.8106
0.5519
0.7777
0.5702
0.2869
0.3636
0.5396
0.5952
0.7198
0.9675
0.8013
0.804
0.6329
0.5344
0.5477
0.4756
0.95
-99
-99
0.6555
0.6348
0.4979
0.5358
0.5402
0.5388
0.4771
0.4165
0.3794
0.7185
0.6604
0.6381
0.5069
0.4535
0.4963
0.8773
0.665
0.5842
0.6363
0.5467
0.5017
0.4415
0.3608
0.395
0.7317
0.8473
0.5502
0.4708
0.3679
0.4163
0.2377
0.2073
0.2077
0.1625
0.2185
0.3242
0.4665
0.5342
0.4692
0.4096
0.3213
0.4181
0.5702
0.8283
0.6306
0.4592
0.3323
0.4273
0.8267
0.4938
0.6115
0.7317
0.6844
0.6229
0.4723
0.4556
0.3275
0.2633
0.3027
0.3744
0.5331
0.8652
0.5256
0.3867
0.6025
0.4956
0.5913
0.5877
0.534
0.5577
0.5298
0.4752
0.7465
0.566
0.4454
0.5825
0.7104
0.5981
0.5306
0.4481
0.5523
0.4573
0.5071
0.4963
0.8915
0.9481
0.8313
0.7038
0.5588
0.5742
0.5317
0.4667
0.7823
0.7365
0.6585
0.5783
0.5298
0.6085
0.7779
0.5998
0.4888
0.5702
0.4558
0.5229
0.5383
0.5177
0.8017
0.6625
0.5596
0.5142
0.5458
0.5723
0.595
0.5942
0.5985
0.6979
0.72
0.8021
0.8665
0.5485
0.5581
0.6652
0.6381
0.5375
0.626
0.4829
0.434
0.4648
0.4929
0.4316
0.5421
0.6673
0.6606
0.4335
0.506
0.7915
0.5106
0.61
0.8454
0.8808
0.8504
0.806
0.6494
0.6544
0.8569
0.8213
0.9281
0.8613
0.9615
0.986
0.8844
0.5119
0.566
0.7092
0.526
0.6581
0.8317
0.8573
0.8619
0.9946
0.8342
0.9467
0.9477
0.891
0.9075
0.9358
0.916
0.7596
0.4206
0.6319
0.741
0.939
0.91
0.764
0.9604
0.8973
0.3873
0.7015
0.9175
0.9667
0.945
0.6885
0.8154
0.824
0.9125
0.964
0.8354
0.815
0.9252
0.6827
0.6375
0.8273
0.8894
0.9271
0.7023
0.7798
0.5825
0.2877
0.6419
0.9827
0.9335
0.9263
0.7308
0.7246
0.8688
0.8325
0.8981
0.9702
0.9604
0.8825
0.8488
0.6719
0.5202
0.4431
0.2485
0.3025
0.1969
0.1542
0.1771
0.265
0.224
0.2594
0.4044
0.1838
0.2925
0.2715
0.5008
0.54
0.83
0.2435
0.1698
0.1969
0.3106
0.6144
0.7581
0.7952
0.6296
0.5675
0.51
0.8377
0.9925
0.9796
0.7748
0.8694
0.9825
0.8277
0.8069
0.7796
0.9854
0.8813
0.8867
0.796
0.4356
0.4527
0.2806
0.3138
0.4379
0.8017
0.9035
0.8417
0.6527
0.8125
0.9133
0.7117
0.5719
0.4754
0.6933
0.8088
0.6496
0.444
0.55
0.3806
0.3729
0.3479
0.5235
0.5417
0.7525
0.7475
0.8004
0.8667
0.8598
0.8646
0.7735
0.8808
0.7629
0.614
0.5988
0.6565
0.5279
0.3052
0.4283
0.9071
0.9623
0.8692
1
0.8727
0.8683
0.6894
0.7267
0.7813
0.889
0.9496
0.9594
0.9798
0.8908
0.7635
0.726
0.6635
0.9779
0.9844
0.9921
0.9929
0.78
0.8317
0.6563
0.5827
0.8685
0.7394
0.7104
0.6623
0.8496
0.5971
0.851
0.9215
0.8267
0.9098
0.639
0.7683
0.9929
0.9994
1
0.9644
0.9996
0.8656
0.7154
0.884
0.9715
0.8017
0.7479
0.789
0.9144
0.7823
0.6123
0.5038
0.4923
0.4704
0.6963
0.5492
0.6694
1
0.8604
0.8285
0.9671
0.9875
0.9929
0.9279
0.6702
0.5206
0.4208
0.4235
0.5306
0.5335
0.6092
0.956
0.9988
0.8815
0.8181
0.7306
0.6633
0.7329
0.9227
0.9048
0.9435
0.9288
0.874
0.684
0.7408
0.9698
0.8933
0.8148
0.7594
0.8963
0.7625
0.7348
0.6196
0.609
0.9467
0.7613
0.8652
0.9225
0.8073
0.5535
0.5935
0.7083
0.6677
0.6002
0.5488
0.5517
0.7663
0.8279
0.886
0.5004
0.9063
0.7935
0.5713
0.5242
0.57
0.6819
0.6369
0.6383
0.7338
0.6929
0.7225
0.8702
0.7885
0.7856
0.72
0.7271
0.6483
0.6346
0.6063
0.5063
0.3527
0.4113
0.6504
0.6094
0.6165
0.4773
0.401
0.4117
0.3817
0.3192
0.376
0.4985
0.63
0.5273
0.4871
0.4485
0.4254
0.4048
0.4325
0.4135
0.4125
0.61
0.6048
0.8419
0.7644
0.6467
0.4752
0.7171
0.5354
0.4544
0.4163
0.5975
0.3421
0.4963
0.4642
0.554
0.6998
0.9588
0.8279
0.6954
0.5319
0.435
0.6406
0.5396
0.4921
0.6029
0.7169
0.5981
0.6256
0.894
0.6977
0.5315
0.5573
0.5067
0.439
0.5023
0.5881
0.546
0.8485
0.9192
0.8308
0.9371
0.8158
0.755
0.8315
0.751
0.851
0.5013
0.5696
0.5075
0.4633
0.59
0.9688
0.9904
0.895
0.791
0.8365
0.8435
0.7944
0.7956
0.9292
0.5502
0.5225
0.5704
0.7394
0.5765
0.5119
0.6188
0.5863
0.591
0.9231
0.8833
0.8979
0.931
0.759
0.9127
0.9133
0.9229
0.8925
0.7413
0.2996
0.2729
0.5473
0.6867
0.9902
0.9873
0.8488
0.9708
0.9454
0.8565
0.8306
0.8875
0.6756
0.7138
0.6208
0.9033
0.9773
0.9675
0.3535
0.47
0.5327
0.2538
0.2048
0.2598
0.336
0.3942
0.974
0.9835
0.9554
0.9831
0.9038
0.7971
0.5288
0.5269
0.5702
0.9992
0.9738
1
1
0.9602
0.7419
0.9467
0.9604
0.8265
0.5813
0.9073
0.9877
0.6371
0.7369
0.9825
0.8733
0.9769
0.6327
0.581
0.8773
0.8463
0.6475
0.2842
0.4442
1
1
0.9915
0.9931
0.999
0.595
0.5546
0.9608
0.9258
0.5892
0.566
0.3415
0.9965
1
0.5908
0.3148
0.3248
0.2602
0.4221
0.3515
0.6473
0.3654
0.4815
0.7825
1
0.9802
0.9796
0.9181
0.9417
0.6275
0.8642
0.7421
0.8594
0.9648
0.9533
0.9158
0.936
0.8004
0.735
0.4935
0.8538
0.9371
1
0.9998
0.9602
0.8304
0.9881
0.6921
0.9781
0.9988
0.5173
0.7452
0.4848
0.5606
0.4117
0.5335
0.9896
0.9525
0.7413
0.4029
0.4721
0.5223
0.984
0.8925
0.6815
0.6575
0.9552
0.8673
1
0.9508
0.9765
0.8733
0.7265
0.6658
0.7823
0.6227
0.5825
