20000101
0.7777
0.7117
0.868
0.865
0.8139
0.837
0.8207
0.8282
0.7109
0.5388
0.4224
0.735
0.8203
0.8167
0.9958
0.8097
0.7103
0.4265
0.4329
0.6315
0.5765
0.4735
0.4655
0.4594
0.6203
0.8421
0.9503
0.9063
0.7126
0.5684
0.8297
0.7687
0.5771
0.5371
0.6003
0.8876
0.9368
0.5953
0.5281
0.4271
0.6097
0.6536
0.3537
0.492
0.5257
0.5824
0.4273
0.4037
0.4091
0.4444
0.5327
0.8516
0.7616
0.7633
0.7506
0.8003
0.8229
0.855
0.8317
0.8583
0.501
0.4463
0.657
0.6706
0.6629
0.891
0.8793
0.7697
0.6561
0.4211
0.5154
0.6876
0.8314
0.6303
0.3731
0.4579
0.4884
0.3981
0.5283
0.8
0.8747
0.9069
0.9861
0.7261
0.759
0.3982
0.423
0.4605
0.468
0.7516
0.6591
0.6178
0.9566
0.62
0.5441
0.3871
0.442
0.6343
0.9
0.9176
0.9892
0.7442
0.5354
0.545
0.7605
0.5418
0.9611
0.4147
0.4275
0.5544
0.6497
0.5964
0.8547
0.3985
0.4875
0.712
0.8183
0.7986
0.5834
0.8316
0.8326
0.6403
0.6968
0.6903
0.6731
0.8477
0.7747
0.8185
0.8864
0.8707
0.9097
0.9186
0.77
0.6763
0.6189
0.6997
0.7369
0.8882
0.7229
0.5559
0.8172
0.9575
0.6651
0.8658
0.8576
0.795
0.8476
0.6577
0.6697
0.5516
0.7132
0.8197
0.8148
0.8359
0.825
0.7552
0.6216
0.4019
0.4854
0.7903
0.795
0.7547
0.4997
0.492
0.5643
0.7634
0.6597
0.4744
0.6229
0.7644
0.7204
0.7644
0.7797
0.7991
0.7333
0.5469
0.7517
0.811
0.8177
0.7661
0.761
0.7781
0.8263
0.8438
0.6337
0.4252
0.7363
0.7084
0.6561
0.3126
0.4469
0.5738
0.3289
0.3822
0.4873
0.3885
0.3979
0.6023
0.8444
0.861
0.8391
0.8286
0.7803
0.7736
0.9088
0.5256
0.7625
0.733
0.8276
0.6624
0.6629
0.7786
0.7859
0.8223
0.8239
0.6327
0.3673
0.4255
0.4327
0.4632
0.5691
0.6206
0.8138
0.8787
0.6216
0.6587
0.8174
0.7206
0.7206
0.836
0.8383
0.8297
0.8233
0.5316
0.7025
0.8327
0.7109
0.8263
0.49
0.4943
0.665
0.7215
0.8167
0.5889
0.7503
0.5359
0.502
0.4926
0.4997
0.6453
0.4091
0.6824
0.7521
0.708
0.7651
0.7877
0.8326
0.7981
0.8136
0.8217
0.8191
0.7819
0.6611
0.3959
0.4379
0.5518
0.7118
0.8357
0.8639
0.8683
0.8937
0.8729
0.4983
0.3785
0.3984
0.39
0.4769
0.7769
0.6854
0.3947
0.4241
0.55
0.625
0.5472
0.6567
0.6722
0.5057
0.4974
0.5045
0.5394
0.653
0.7372
0.7456
0.8755
0.9641
0.9919
1
1
0.9894
0.9034
0.8461
0.8973
0.8027
0.8971
0.5684
0.6079
0.8793
0.5324
0.5138
0.8009
0.4846
0.37
0.5021
0.6413
0.6674
0.8882
0.9035
0.9027
0.5863
0.6626
0.4962
0.523
0.5333
0.6665
0.6819
0.5811
0.7638
0.7517
0.5334
0.8983
0.544
0.7188
0.9908
0.9931
0.7256
0.9548
0.7737
0.5932
0.8061
0.9264
0.975
1
0.9396
0.667
0.7989
0.882
0.8811
0.6756
0.7712
0.52
0.5703
0.8025
0.7591
0.9515
0.95
0.9996
0.9938
0.9508
0.9975
0.828
0.8432
0.6039
0.5992
0.5354
0.6137
0.5112
0.85
0.6847
0.6839
0.7455
0.98
0.7877
0.5078
0.4922
0.9
0.8212
0.9992
0.9852
0.8026
1
0.9873
0.9416
0.8196
0.9836
0.6653
0.5367
0.8309
0.9954
0.822
0.8872
0.5669
0.5928
0.6621
0.6478
0.4932
0.4818
0.5003
0.4885
0.6151
0.8156
0.7593
0.6231
0.8622
0.9954
0.6826
0.4034
0.7182
0.8976
0.9748
0.6585
0.9464
0.9939
0.7264
0.613
0.5713
0.4647
0.5353
0.4435
0.7707
0.6865
0.4726
0.3442
0.4512
0.5615
0.3138
0.5152
0.8429
0.5921
0.7341
0.87
0.9646
0.8786
0.6312
0.6755
0.705
0.8881
0.8354
0.391
0.4976
0.8593
0.9936
0.5134
0.4539
0.5672
0.6907
0.6263
0.5424
0.5894
0.5819
0.3262
0.4337
0.5521
0.5743
0.4047
0.4078
0.5885
0.6883
0.781
0.9073
0.7157
0.7034
0.6403
0.345
0.3571
0.3066
0.3559
0.3913
0.3363
0.445
0.461
0.7361
0.5076
0.5972
0.6362
0.4818
0.2836
0.3579
0.4426
0.53
0.6907
0.4345
0.6932
0.86
0.5647
0.9408
0.7406
0.7212
0.8036
0.8013
0.6112
0.4618
0.4267
0.5481
0.6707
0.7689
1
0.5937
0.7831
0.9123
0.6638
-99
0.6211
0.8438
0.6452
0.6268
0.4197
0.607
0.8117
0.6943
0.7538
0.4855
0.4429
0.531
0.4979
0.4818
0.4894
0.5319
0.6065
0.5964
0.555
0.7141
0.9193
0.4904
0.588
0.7292
0.7322
0.53
0.4674
0.627
0.6423
0.6847
0.77
0.381
0.3054
0.4212
0.4855
0.5493
0.6482
0.5638
0.4984
0.4059
0.5152
0.6532
0.528
0.3063
0.6493
0.521
0.5056
0.8227
0.7469
0.9929
0.5965
0.4969
0.4536
0.7618
1
0.69
0.7235
0.7588
0.7626
0.7589
0.3915
0.7056
0.7444
0.5641
0.4439
0.3829
0.6531
0.7389
0.7083
0.5077
0.5947
0.7389
0.7772
0.6669
0.6046
0.5212
0.5009
0.5041
0.6976
0.5139
0.6028
0.5709
0.636
0.7514
0.6553
0.6591
0.4974
0.5503
0.7403
0.6879
0.6966
0.7571
0.773
0.6791
0.7888
0.7494
0.6247
0.7173
0.7097
0.7583
0.7035
0.712
0.7688
0.6006
0.5994
0.4614
0.3745
0.3178
0.3971
0.5019
0.7045
0.5349
0.4857
0.4018
0.4122
0.521
0.3616
0.4291
0.5064
0.6932
0.761
0.3624
0.4542
0.3775
0.3239
0.4947
0.6612
0.7969
0.77
0.945
0.8446
0.6003
0.5606
0.6851
0.7514
0.8548
0.8178
0.7914
0.8094
0.8511
0.7844
0.6492
0.8371
0.7878
0.4929
0.5911
0.6546
0.7644
0.7708
0.8268
0.8541
0.8091
0.7291
0.7133
0.8813
0.8063
0.8746
0.6676
0.5907
0.7053
0.683
0.6391
0.7652
0.8463
0.8594
0.8775
0.8676
0.8766
0.8486
0.417
0.5077
0.6613
0.8082
0.6484
0.5179
0.4935
0.376
0.3976
0.2758
0.3097
0.3741
0.4974
0.5541
0.7429
0.9418
0.8375
0.7225
0.5883
0.5597
0.6589
0.5689
0.4729
0.5842
0.7325
0.7217
0.5213
0.4625
0.605
0.7553
0.7091
0.8786
0.8469
0.7944
0.8588
0.8462
0.8176
0.8082
0.7629
0.7188
0.685
0.765
0.7834
0.525
0.5473
0.4779
0.6494
0.9124
0.8775
0.805
0.5847
0.7509
0.8061
0.4824
0.7108
0.4105
0.4833
0.6236
0.6171
0.5611
0.7326
0.7123
0.855
0.9722
0.9352
-99
-99
0.797
0.9347
0.8361
0.8747
0.8674
0.8579
0.9137
0.5757
0.6414
0.5
0.6594
0.8089
0.87
0.8656
0.9003
0.6146
0.8031
0.3887
0.4777
0.6329
0.7076
0.7217
0.7664
0.9106
0.6557
0.6379
0.8657
0.9306
0.8563
0.7969
0.4181
0.4485
0.6348
0.7094
0.5729
0.8316
0.8837
0.8224
0.4508
0.475
0.5825
0.5797
0.495
0.416
0.3789
0.3606
0.4668
0.4
0.4751
0.7166
0.7103
0.4389
0.5621
0.8303
0.6053
0.627
0.6087
0.761
0.4997
0.5982
0.712
0.5971
0.5577
0.8853
0.9234
0.9139
0.7958
0.6536
0.8503
0.7455
0.6017
0.474
0.5549
0.6844
0.5165
0.7434
0.8069
0.7511
0.8164
0.827
0.6849
0.8639
-99
-99
-99
-99
-99
-99
-99
-99
-99
0.7372
0.6926
0.6118
0.8997
0.9238
0.4758
0.4981
0.5206
0.5166
0.7003
0.7678
0.8281
0.6959
0.7019
0.5224
0.5268
0.4548
0.4791
0.5109
0.5147
0.8044
0.662
0.7388
0.8615
0.5541
0.508
0.3469
0.6489
0.8605
-99
0.965
0.8469
0.6744
0.5703
0.5812
0.7727
0.7794
0.7409
0.6786
0.7357
0.354
0.4694
0.7294
0.7265
0.8273
0.3347
0.3809
0.5235
0.7065
0.4339
0.5585
0.7135
0.7155
0.6017
0.6085
0.5597
0.7949
0.8843
0.6261
0.4124
0.4952
0.5428
0.4484
0.4944
0.7324
0.6958
0.5673
0.5355
0.595
0.5753
0.5868
0.6103
0.5841
0.725
0.5918
0.6146
0.6681
0.5389
0.5636
0.7003
0.658
0.4684
0.7165
0.5783
0.6497
0.7152
0.7569
0.5306
0.7439
0.6306
0.7864
0.7708
0.75
0.5841
0.6476
0.7147
0.3961
0.3433
0.3323
0.4536
0.5588
0.6803
0.7582
0.6847
0.611
0.6085
0.5743
0.3921
0.5079
0.6318
0.7479
0.7506
0.7116
0.4406
0.4515
0.46
0.7258
0.7694
0.7641
0.7541
0.3433
0.4512
0.5744
0.5364
0.4431
0.3329
0.4797
0.5331
0.7794
0.7481
0.6363
0.7442
0.7815
0.7613
0.7491
0.7638
0.8094
0.8027
0.8468
0.6311
0.5055
0.5443
0.5691
0.5234
0.6642
0.6463
0.5314
0.8587
0.8031
0.8588
0.5133
0.4933
0.7913
0.7483
0.6203
0.6671
0.8024
0.7769
0.7254
0.7248
0.7512
0.8463
0.9058
0.8721
0.8235
0.8783
0.8243
0.5585
0.3923
0.3494
0.3937
0.421
0.5297
0.7219
0.7613
0.8084
0.76
0.9091
0.7589
0.7686
0.7234
0.7455
0.6589
0.8407
0.8514
0.6482
0.4315
0.4528
0.6847
0.8032
0.8434
0.7852
0.4419
0.5287
0.7241
0.7627
0.7731
0.4147
0.4328
0.5879
0.6289
0.6582
0.7891
0.8318
0.8179
0.8506
0.6526
0.6918
0.7071
0.507
0.4086
0.4403
0.5525
0.4395
0.3985
0.4115
0.4857
0.4914
0.756
0.6733
0.6606
0.7874
0.7086
0.5018
0.545
0.7347
0.8147
0.5982
0.5738
0.781
0.8879
0.6503
0.4644
0.7103
0.6091
0.4345
0.4455
0.5682
0.4574
0.517
0.5127
0.4432
0.4785
0.5211
0.5689
0.723
0.9042
0.8497
0.8174
0.7921
0.89
0.5776
0.8444
0.9663
0.9177
0.9133
0.861
0.8956
0.8945
0.9445
0.5811
0.6117
0.7441
0.8653
0.4141
0.5841
0.7484
0.3924
0.6211
0.7182
0.595
0.4749
0.6674
0.5743
0.6003
0.666
0.673
0.5616
0.3947
0.4694
0.4869
0.4574
0.6709
0.6547
0.7135
0.7787
0.6647
0.6006
0.4776
0.4497
0.4647
0.3589
0.2119
0.4458
0.51
0.4216
0.4384
0.51
0.3152
0.4136
0.4416
0.4009
0.3939
0.3876
0.4985
0.7939
0.7341
0.663
0.5854
0.6566
0.69
0.8668
0.7553
0.58
0.3826
0.3406
0.3608
0.8706
0.8131
0.6822
0.8474
0.9288
0.8631
0.9249
0.9232
0.7421
0.6614
0.7829
0.5111
0.5526
0.589
0.9259
0.6723
0.7483
0.8119
0.8367
0.8256
0.8776
0.8629
0.7782
0.7357
0.8209
0.6132
0.4924
0.3923
0.5477
0.375
0.4618
0.8359
0.7759
0.8194
0.7294
0.8079
0.869
0.8954
0.7903
0.9209
0.8276
0.6694
0.4869
0.3031
0.3754
0.4839
0.3211
0.5328
0.739
0.7613
0.4874
0.6515
0.5866
0.7738
0.8448
0.8456
0.6551
0.6232
0.6382
0.8312
0.7852
0.7412
0.8248
0.7597
0.7025
0.8091
0.7741
0.7842
0.7984
0.7946
0.631
0.6158
0.5489
0.59
0.5975
0.7834
0.817
0.9
0.8578
0.547
0.6221
0.8306
0.7813
0.5185
0.4928
0.8166
0.8214
0.707
0.8103
0.7594
0.3789
0.4421
0.6865
0.755
0.6609
0.4176
0.3489
0.4735
0.5382
0.5959
0.6697
0.7
0.6638
0.6851
0.7858
0.7506
0.6556
0.7324
0.6968
0.8075
0.7871
0.7655
0.7106
0.58
0.4489
0.5152
0.4088
0.4368
0.5025
0.4841
0.4677
0.4985
0.4753
0.5456
0.655
0.7766
0.7889
0.7634
0.615
0.643
0.7448
0.579
0.3409
0.4665
0.4885
0.4619
0.8292
0.7741
0.7097
0.7194
0.7144
0.6157
0.6609
0.7237
0.5321
0.68
0.7114
0.3929
0.5887
0.7239
0.7591
0.7835
0.6921
0.6454
0.7274
0.5806
0.7591
0.7414
0.5894
0.6761
0.6391
0.7224
0.6112
0.673
0.6756
0.7019
0.6857
0.6397
0.58
0.5276
0.519
0.5682
0.5214
0.52
0.5161
0.4394
0.3971
0.629
0.7224
0.75
0.7494
0.7411
0.785
0.795
0.7755
0.7042
0.7669
0.6761
0.7277
0.7587
0.7322
0.3693
0.3577
0.6059
0.7879
0.785
0.7088
0.7994
0.8006
0.8059
0.7332
0.6132
0.4272
0.4389
0.4329
0.5406
0.6819
0.6919
0.5286
0.5761
0.6109
0.6537
0.7003
0.698
0.8666
0.8615
0.7223
0.6377
0.7981
0.7806
0.87
0.7572
0.7138
0.9176
0.7955
0.82
0.572
0.414
0.3706
0.4329
0.4342
0.5635
0.6197
0.6628
0.7993
0.8432
0.922
0.8097
0.7613
0.8085
0.6703
0.7839
0.871
0.5763
0.5461
0.7618
0.4582
0.3789
0.5228
0.8191
0.9513
0.8686
0.6942
0.5847
0.6484
0.5266
0.5081
0.6212
0.7135
0.7891
0.8321
0.8545
0.8778
0.9442
0.9643
0.8211
0.8324
0.7879
0.8439
0.8974
0.8776
0.6379
0.5574
0.73
0.7659
0.85
0.9197
0.905
0.5397
0.575
0.5738
0.4826
0.4877
0.6857
0.8043
0.7183
0.6019
0.5383
0.7506
0.8889
0.9197
0.8788
0.7855
0.7746
0.6647
0.79
0.7962
0.8463
0.6914
0.4733
0.6853
0.8225
0.9097
0.6537
0.86
0.6089
0.3879
0.4289
0.6473
0.8361
0.8863
0.8397
0.625
0.4492
0.4346
0.3918
0.3695
0.47
0.455
0.6161
0.7263
0.7912
0.7972
0.7966
0.4606
0.4603
0.5887
0.6238
0.4847
0.4224
0.5309
0.784
0.5511
0.4355
0.3207
0.452
0.4888
0.6109
0.5873
0.6931
0.5924
0.6116
0.6515
0.4016
0.4264
0.7091
0.8288
0.8574
0.9112
0.94
0.8905
0.8673
0.8634
0.8779
0.8585
0.7084
0.671
0.7844
0.4029
0.7129
0.8415
0.8146
0.4476
0.4927
0.532
0.4884
0.87
0.8291
0.5431
0.5233
0.7538
0.9657
0.7079
0.4714
0.455
0.4863
0.4182
0.4219
0.6067
0.5044
0.4781
0.3522
0.4937
0.4795
0.6285
0.764
0.685
0.8739
0.6356
0.6695
0.7332
0.7871
0.8336
0.8177
0.7006
0.7619
0.7259
0.3529
0.39
0.3747
0.3872
0.4695
0.7151
0.8011
0.8553
0.8455
0.8676
0.8574
0.78
0.5218
0.6433
0.7636
0.5539
0.5313
0.8956
0.6243
0.511
0.431
0.5183
0.4032
0.5356
0.7456
0.8624
0.678
0.654
0.4023
0.4371
0.7682
0.8277
0.4808
0.5819
0.62
0.7756
0.76
0.8109
0.762
0.6227
0.7237
0.7853
0.8532
0.5633
0.5008
0.4541
0.3934
0.4595
0.5822
0.7923
0.877
0.6911
0.4722
0.5341
0.6419
0.6421
0.6475
0.7291
0.5491
0.6105
0.6983
0.7609
0.7325
0.7406
0.7097
0.7463
0.7257
0.7078
0.7718
0.7571
0.751
0.5962
0.5206
0.4945
0.6061
0.6234
0.6994
0.736
0.6813
0.6509
0.6764
0.5779
0.5822
0.6068
0.5529
0.6009
0.5806
0.4085
0.5344
0.6482
0.4686
0.6597
0.8008
0.6731
0.7027
0.6445
0.705
0.6657
0.5533
0.5703
0.7263
0.5638
0.4991
0.7126
0.6844
0.7052
0.6175
0.5433
0.2494
0.33
0.6597
0.6495
0.3106
0.4342
0.5569
0.6608
0.6881
0.7645
0.6876
0.7006
0.7635
0.7833
0.7794
0.7993
0.7476
0.4882
0.3357
0.3782
0.6774
0.7448
0.6761
0.6576
0.6566
0.4749
0.5738
0.403
0.4867
0.7029
0.6865
0.733
0.6783
0.3939
0.3414
0.3616
0.4689
0.6888
0.7221
0.7603
0.7926
0.6826
0.5427
0.2976
0.38
0.6513
0.7512
0.7785
0.7139
0.4289
0.5618
0.7608
0.7742
0.75
0.75
0.7488
0.7509
0.7426
0.6936
0.7603
0.8003
0.7886
0.8078
0.8121
0.7823
0.8026
0.7797
0.7921
0.7933
0.4697
0.4697
0.6235
0.7097
0.737
0.7075
0.596
0.4973
0.4103
0.3139
0.2871
0.3861
0.5073
0.682
0.7484
0.7635
0.7579
0.7978
0.8085
0.7927
0.8278
0.8377
0.8397
0.8058
0.5892
0.31
0.39
0.5035
0.5406
0.4556
0.3597
0.3828
0.5645
0.7694
0.6838
0.5253
0.6672
0.7728
0.7384
0.845
0.6844
0.4864
0.8011
0.7554
0.5474
0.4921
0.5671
0.5388
0.5865
0.6438
0.6517
0.581
0.4595
0.3581
0.4597
0.4756
0.457
0.4561
0.4554
0.3848
0.2736
0.313
0.4443
0.5638
0.709
0.4697
0.6365
0.8497
0.7893
0.7103
0.7382
0.7028
0.7347
0.7859
0.7803
0.5751
0.6197
0.8075
0.7194
0.6894
0.7106
0.6762
0.5747
0.6324
0.696
0.7247
0.5924
0.636
0.8878
0.8488
0.8562
0.7835
0.7159
0.4732
0.452
0.4256
0.409
0.4861
0.4703
0.5609
0.7303
0.6115
0.4077
0.3703
0.4458
0.4415
0.5381
0.7047
0.6304
0.5321
0.5917
0.7588
0.8146
0.8271
0.8271
0.8296
0.8125
0.8188
0.7879
0.7929
0.8429
0.8446
0.8508
0.7746
0.7967
0.6458
0.4563
0.475
0.4154
0.4475
0.5729
0.3838
0.2804
0.2771
0.2988
0.3367
0.4283
0.2721
0.4542
0.4333
0.5925
0.5396
0.665
0.8138
0.8863
0.8033
0.6913
0.7975
0.7929
0.6371
0.32
0.3696
0.3425
0.3608
0.3304
0.3658
0.4383
0.4333
0.3867
0.3038
0.6567
0.5696
0.7342
0.7138
0.6779
0.4333
0.3338
0.4963
0.8133
0.4746
0.3471
0.3829
0.3133
0.2792
0.4108
0.5308
0.6138
0.6913
0.7625
0.7979
0.8271
0.8025
0.7933
0.7667
0.7596
0.7533
0.7863
0.9146
0.8613
0.8992
0.8358
0.8721
0.8704
0.4246
0.5058
0.43
0.4433
0.4854
0.7596
0.9071
0.8421
0.7804
0.8163
0.8117
0.7979
0.525
0.3471
0.3488
0.3854
0.4083
0.5463
0.78
0.4238
0.3375
0.3554
0.4638
0.3392
0.3979
0.6492
0.7667
0.7617
0.7846
0.4304
0.7146
0.6667
0.6063
0.5771
0.5971
0.5796
0.8113
0.665
0.6529
0.3433
0.4392
0.6446
0.7296
0.7092
0.7933
0.6779
0.7763
0.8392
0.5088
0.7083
0.7608
0.6404
0.4363
0.6467
0.7092
0.775
0.7804
0.4667
0.6617
0.58
0.6138
0.7438
0.6913
0.7029
0.5992
0.555
0.54
0.5829
0.6546
0.6342
0.6771
0.6821
0.595
0.7113
0.7213
0.6946
0.7283
0.835
0.8863
0.6221
0.7046
0.7213
0.595
0.6704
0.6829
0.6275
0.6433
0.6671
0.6
0.6208
0.6763
0.7538
0.7192
0.4871
0.4338
0.5783
0.5221
0.6525
0.7238
0.69
0.4629
0.5246
0.4375
0.5604
0.5954
0.5479
0.6133
0.6092
0.7
0.7163
0.7038
0.6521
0.7425
0.3238
0.5008
0.7242
0.7158
0.6813
0.7104
0.7138
0.7371
0.7404
0.7433
0.7183
0.5933
0.4746
0.6825
0.7767
0.5608
0.4383
0.4925
0.6188
0.6533
0.6333
0.7529
0.7613
0.7888
0.65
0.6692
0.5617
0.6342
0.6608
0.7508
0.7292
0.7579
0.5163
0.3267
0.3233
0.3204
0.3942
0.5154
0.7708
0.7825
0.7875
0.7358
0.7271
0.7471
0.7742
0.7575
0.7404
0.7425
0.7658
0.7904
0.5367
0.7713
0.8492
0.7413
0.5463
0.525
0.5267
0.6142
0.7125
0.6108
0.5592
0.4188
0.2713
0.3746
0.4454
0.6363
0.7575
0.7671
0.7963
0.7621
0.6013
0.775
0.8017
0.6583
0.54
0.7171
0.3525
0.3654
0.4758
0.5558
0.8121
0.7475
0.7363
0.7913
0.8033
0.8958
0.945
0.8013
0.8758
0.8808
0.7713
0.8204
0.8975
0.7796
0.8017
0.7967
0.7863
0.7
0.6771
0.8221
0.8675
0.8742
0.9004
0.8871
0.9033
0.8625
0.6633
0.7692
0.8117
0.6338
0.4821
0.5654
0.7146
0.7921
0.71
0.7004
0.8088
0.8871
0.9058
0.9233
0.8692
0.6517
0.5321
0.7146
0.8175
0.8017
0.7554
0.7788
0.645
0.4933
0.5033
0.4483
0.4221
0.5621
0.5638
0.5621
0.7229
0.7404
0.5646
0.5813
0.4863
0.4742
0.5088
0.5933
0.4825
0.4042
0.6275
0.5204
0.4571
0.4808
0.4863
0.46
0.4933
0.6058
0.8067
0.7129
0.8113
0.7892
0.7629
0.8188
0.8192
0.8125
0.8167
0.4588
0.5921
0.825
0.5813
0.4275
0.4646
0.4421
0.555
0.8308
0.8725
0.9375
0.8917
0.8679
0.8925
0.8529
0.8654
0.8475
0.8688
0.9154
0.9238
0.8542
0.6429
0.6983
0.8163
0.7338
0.795
0.8367
0.7613
0.7779
0.665
0.4642
0.5338
0.4471
0.6625
0.6275
0.7113
0.8446
0.81
0.5396
0.5746
0.7158
0.7825
0.7754
0.7383
0.6588
0.8338
0.8008
0.7575
0.8254
0.8546
0.5467
0.4217
0.5467
0.4588
0.4846
0.585
0.5813
0.5671
0.5692
0.5779
0.8513
0.5454
0.4583
0.5442
0.5521
0.4692
0.6288
0.4233
0.4258
0.4683
0.4075
0.4721
0.3275
0.3783
0.4467
0.7829
0.8258
0.8367
0.8192
0.8383
0.8963
0.9217
0.8842
0.8283
0.4642
0.5638
0.4763
0.6325
0.7383
0.8179
0.4371
0.4896
0.6029
0.7479
0.6804
0.5792
0.6963
0.7929
0.5971
0.7742
0.8267
0.7663
0.7688
0.4038
0.3979
0.5796
0.5442
0.7646
0.8158
0.8079
0.7029
0.5367
0.6404
0.7508
0.8204
0.7913
0.5317
0.4813
0.4683
0.4675
0.5546
0.4029
0.3775
0.4213
0.7346
0.7963
0.6379
0.6404
0.6679
0.6333
0.8125
0.5721
0.5608
0.8042
0.7417
0.7467
0.7479
0.6779
0.7521
0.685
0.685
0.7583
0.6583
0.7788
0.7475
0.4871
0.4225
0.3533
0.5671
0.575
0.4704
0.4346
0.6046
0.5271
0.8088
0.5517
0.4625
0.5454
0.5363
0.6379
0.7221
0.775
0.7783
0.8125
0.7304
0.6858
0.7229
0.7213
0.7504
0.7408
0.725
0.6913
0.7367
0.7288
0.6475
0.5763
0.6038
0.7508
0.6083
0.6108
0.75
0.7038
0.6138
0.5654
0.6204
0.6313
0.7571
0.7354
0.7604
0.6629
0.4675
0.5133
0.6896
0.6892
0.71
0.6363
0.5675
0.5504
0.5483
0.7183
0.6804
0.7025
0.73
0.6517
0.6446
0.6738
0.7254
0.6313
0.6904
0.7021
0.6858
0.7342
0.4875
0.5854
0.7579
0.7121
0.5083
0.505
0.3113
0.3846
0.3842
0.4592
0.4892
0.5075
0.535
0.4096
0.4138
0.2167
0.4096
0.5179
0.7871
0.7071
0.6079
0.5838
0.4279
0.5292
0.6621
0.7167
0.7104
0.4958
0.3867
0.3083
0.4517
0.5096
0.375
0.5171
0.6746
0.7329
0.78
0.7492
0.7038
0.6738
0.7483
0.75
0.7408
0.7675
0.7529
0.7717
0.8558
0.8467
0.7242
0.4513
0.4963
0.4413
0.5167
0.5742
0.815
0.795
0.7704
0.9196
0.7342
0.4388
0.42
0.5938
0.8121
0.5117
0
0
0.0004
0
0.2646
0.4867
0.5979
0.6454
0.8013
0.8238
0.8417
0.8254
0.5333
0.6275
0.7667
0.9229
0.8858
0.8513
0.9075
0.8354
0.8521
0.8508
0.82
0.9
0.7167
0.8558
0.8308
0.8796
0.8692
0.8092
0.7725
0.8925
0.7654
0.6354
0.8563
0.8388
0.8338
0.8542
0.9167
0.8267
0.8838
0.8925
0.8808
0.6417
0.6342
0.8379
0.8633
0.8663
0.7125
0.7638
0.7658
0.6696
0.5371
0.5354
0.6821
0.795
0.905
0.7146
0.7296
0.8458
0.5808
0.7558
0.8879
0.9204
0.8088
0.7463
0.8121
0.6646
0.6079
0.6421
0.4538
0.6004
0.7183
0.7267
0.6958
0.6371
0.635
0.6746
0.6292
0.4546
0.5304
0.5192
0.4775
0.5896
0.6583
0.3633
0.4379
0.6942
0.7296
0.8058
0.8208
0.8008
0.8054
0.8133
0.4225
0.6396
0.6554
0.6054
0.8829
0.8546
0.6825
0.7929
0.85
0.7342
0.8033
0.8404
0.8371
0.8633
0.8413
0.8442
0.7133
0.5796
0.7558
0.7596
0.8404
0.4404
0.4404
0.7096
0.6279
0.3921
0.6317
0.6983
0.9188
0.8742
0.6079
0.805
0.8658
0.8429
0.8717
0.8517
0.5492
0.7508
0.6333
0.5725
0.5342
0.6108
0.6196
0.7071
0.4442
0.8425
0.8363
0.6996
0.7408
0.8854
0.9275
0.8333
0.5858
0.4783
0.4658
0.4413
0.5954
0.5863
0.5563
0.4767
0.4929
0.7379
0.5146
0.6908
0.6367
0.4729
0.4371
0.3738
0.4538
0.6029
0.6
0.5292
0.5683
0.6208
0.4629
0.5554
0.4354
0.4675
0.4321
0.3996
0.4621
0.4138
0.5154
0.8188
0.8883
0.8475
0.7038
0.5871
0.8058
0.9304
0.8783
0.6304
0.5379
0.7021
0.8746
0.9133
0.8008
0.8854
0.8671
0.815
0.8946
0.9225
0.7996
0.6729
0.6596
0.7358
0.7113
0.71
0.8392
0.8025
0.7208
0.6358
0.6192
0.7446
0.7433
0.7538
0.8729
0.8538
0.7588
0.7558
0.6942
0.8854
0.6942
0.4988
0.4604
0.4179
0.5383
0.5033
0.735
0.5529
0.7267
0.8358
0.4492
0.4896
0.4567
0.4613
0.5996
0.7821
0.7658
0.6683
0.6071
0.4417
0.5763
0.6517
0.5983
0.5946
0.3517
0.4096
0.7388
0.5838
0.3633
0.4788
0.6013
0.7054
0.6688
0.6008
0.7133
0.7592
0.7746
0.7467
0.7208
0.7792
0.7892
0.7096
0.5963
0.7558
0.7696
0.6683
0.6508
0.5008
0.4479
0.4592
0.7304
0.7596
0.6017
0.4688
0.4654
0.7496
0.7613
0.7513
0.7746
0.5813
0.7396
0.4183
0.4675
0.7275
0.71
0.6467
0.3446
0.3392
0.4808
0.6996
0.7758
0.7767
0.7779
0.7442
0.75
0.7033
0.7079
0.6092
0.9008
0.8875
0.7504
0.465
0.7758
0.7875
0.7983
0.7467
0.7346
0.7067
0.7808
0.7988
0.7171
0.6025
0.7121
0.7696
0.7404
0.6446
0.5025
0.49
0.5113
0.7108
0.78
0.62
0.7321
0.8038
0.5383
0.4996
0.7167
0.5792
0.4567
0.3692
0.5371
0.5333
0.6854
0.5646
0.4871
0.6033
0.7367
0.6858
0.3638
0.4096
0.5271
0.77
0.6671
0.4354
0.5125
0.6875
0.7258
0.7221
0.7558
0.7383
0.6596
0.6704
0.7358
0.7054
0.5971
0.7279
0.7913
0.4575
0.4696
0.7408
0.8608
0.8567
0.7425
0.8163
0.5429
0.3975
0.3688
0.5404
0.8363
0.8517
0.8529
0.8275
0.8492
0.9038
0.7996
0.7363
0.6613
0.6338
0.5217
0.5154
0.7246
0.6279
0.7004
0.8067
0.8563
0.82
0.8679
0.6825
0.6883
0.7483
0.705
0.8096
0.6283
0.7163
0.5525
0.5379
0.7346
0.5992
0.4829
0.4229
0.3892
0.4513
0.6483
0.6946
0.7825
0.7367
0.6133
0.6254
0.6763
0.4813
0.5429
0.6996
0.58
0.4796
0.4379
0.3871
0.2638
0.3671
0.5383
0.4621
0.8558
0.8625
0.4808
0.5275
0.4829
0.4208
0.4683
0.5004
0.4838
0.5975
0.7108
0.7421
0.63
0.4538
0.5617
0.7421
0.6121
0.5238
0.4804
0.4904
0.42
0.4238
0.4029
0.5475
0.6175
0.5963
0.5533
0.8246
0.9188
0.7975
0.8433
0.8708
0.79
0.8179
0.7533
0.83
0.7804
0.8188
0.8488
0.8688
0.6708
0.6088
0.7954
0.8588
0.9488
0.65
0.6696
0.6883
0.7413
0.8883
0.8821
0.9046
0.7846
0.4596
0.71
0.8717
0.7213
0.59
0.5621
0.6463
0.6938
0.8725
0.8833
0.6613
0.6883
0.875
0.7383
0.8083
0.8033
0.5025
0.69
0.7125
0.5696
0.7267
0.6154
0.8125
0.5129
0.6346
0.675
0.7542
0.8125
0.8367
0.81
0.7438
0.6638
0.8154
0.8004
0.7596
0.8783
0.8004
0.8658
0.9225
0.8938
0.8558
0.7904
0.82
0.9121
0.9354
0.8817
0.835
0.8879
0.8367
0.6317
0.7175
0.6396
0.4567
0.3546
0.3263
0.4229
0.5767
0.655
0.5613
0.4633
0.3825
0.6633
0.8928
-99
0.5025
0.5946
0.5708
0.4713
0.3654
0.3554
0.4371
0.3896
0.3871
0.3883
0.4529
0.4717
0.6229
0.8163
0.7567
0.4071
0.45
0.4375
0.4429
0.7696
0.7388
0.7233
0.7242
0.645
0.8042
0.6983
0.4954
0.4617
0.5304
0.3704
0.4538
0.6883
0.6025
0.5938
0.6158
0.8563
0.5663
0.4479
0.5617
0.7321
0.7017
0.7383
0.78
0.78
0.5954
0.5488
0.7171
0.7304
0.6379
0.6667
0.5513
0.7617
0.7325
0.8063
0.8558
0.9079
0.8371
0.7342
0.7508
0.9033
0.8446
0.8758
0.9
0.7025
0.7725
0.4663
0.5113
0.7842
0.8342
0.7692
0.9304
0.84
0.8533
0.8225
0.6929
0.6533
0.8913
0.8296
0.695
0.5863
0.6179
0.6796
0.445
0.3975
0.5163
0.7154
0.74
0.7767
0.4888
0.4808
0.5583
0.8371
0.8429
0.5621
0.6804
0.7575
0.7171
0.6646
0.5813
0.4838
0.7192
0.6675
0.6488
0.5875
0.6225
0.7021
0.6313
0.6933
0.7838
0.505
0.6971
0.775
0.7871
0.5642
0.7433
0.8263
0.7729
0.7525
0.7233
0.4417
0.5167
0.6746
0.6288
0.585
0.6642
0.7279
0.7471
0.5754
0.4804
0.7767
0.77
0.7571
0.6896
0.7263
0.7625
0.7625
0.7563
0.7121
0.7354
0.5654
0.7046
0.6775
0.7367
0.7146
0.7613
0.4588
0.5271
0.7554
0.7792
0.6254
0.4754
0.7063
0.3442
0.5883
0.7142
0.7629
0.745
0.5783
0.7742
0.7708
0.5811
0.7117
0.7471
0.7979
0.7817
0.6129
0.6933
0.7404
0.7583
0.7638
0.8129
0.7913
0.7304
0.6608
0.6183
0.6788
0.7129
0.7433
0.6825
0.7121
0.3908
0.4096
0.3821
0.4779
0.5546
0.7496
0.8
0.7383
0.6746
0.7954
0.885
0.8958
0.7067
0.5838
0.6433
0.7754
0.75
0.7242
0.5067
0.5792
0.5204
0.3879
0.4604
0.6379
0.7492
0.7883
0.5071
0.5538
0.6854
0.7825
0.8896
0.8829
0.8554
0.8442
0.8038
0.7304
0.9263
0.8254
0.8458
0.8779
0.7004
0.7354
0.6971
0.5671
0.6371
0.8033
0.7796
0.6667
0.595
0.8433
0.7867
0.8233
0.7713
0.6863
0.5513
0.5867
0.7083
0.8021
0.805
0.8638
0.8471
0.6042
0.4817
0.4163
0.5508
0.6463
0.5508
0.6121
0.6475
0.6113
0.5613
0.4996
0.5558
0.5121
0.4313
0.3788
0.4842
0.4921
0.5392
0.5079
0.4021
0.5517
0.5342
0.7192
0.5713
0.7192
0.8613
0.7754
0.805
0.4613
0.4996
0.5154
0.7663
0.5596
0.565
0.555
0.5296
0.5021
0.5133
0.6829
0.8063
0.7896
0.7879
0.8171
0.775
0.7329
0.8829
0.8304
0.8767
0.8883
0.9063
0.9
0.8854
0.8804
0.78
0.7121
0.6025
0.5221
0.5267
0.815
0.8313
0.7196
0.6979
0.7892
0.6325
0.7338
0.7925
0.8033
0.8163
0.7696
0.4917
0.4192
0.6375
0.58
0.3625
0.4908
0.4329
0.5346
0.5329
0.7946
0.9046
0.9288
0.7883
0.8917
0.6821
0.7583
0.8304
0.7867
0.4625
0.4713
0.5638
0.4667
0.4142
0.4371
0.5783
0.5467
0.7379
0.8279
0.7104
0.5288
0.7192
0.8342
0.8217
0.6046
0.5679
0.7592
0.8396
0.8088
0.7733
0.8838
0.8225
0.7642
0.7842
0.7279
0.4525
0.3804
0.4654
0.5567
0.4754
0.7504
0.5913
0.8133
0.7904
0.73
0.7179
0.6692
0.5833
0.6775
0.7258
0.6775
0.7013
0.7075
0.6029
0.3917
0.4667
0.4121
0.7188
0.7854
0.6721
0.7425
0.7221
0.6654
0.6533
0.7092
0.7871
0.8225
0.8696
0.8663
0.7621
0.7675
0.8704
0.7304
0.5479
0.565
0.8146
0.7313
0.7479
0.5596
0.7354
0.6729
0.4567
0.4446
0.3842
0.4438
0.5883
0.7946
0.5808
0.4817
0.4858
0.4388
0.7729
0.4854
0.4821
0.5725
0.5325
0.4521
0.5771
0.6867
0.7388
0.8279
0.8213
0.8454
0.7971
0.8292
0.5621
0.4046
0.6425
0.7717
0.6896
0.7421
0.6654
0.7275
0.7267
0.7263
0.8104
0.8033
0.4588
0.4179
0.4842
0.5675
0.6908
0.7029
0.6579
0.6579
0.6542
0.7446
0.7917
0.4829
0.4775
0.7188
0.4913
0.6946
0.7417
0.6588
0.6921
0.5913
0.6308
0.6171
0.5671
0.6267
0.6363
0.5154
0.3988
0.5388
0.7321
0.7496
0.7717
0.7183
0.7125
0.7617
0.7471
0.7371
0.6533
0.6888
0.6713
0.7179
0.6725
0.7321
0.5642
0.5729
0.8046
0.69
0.7754
0.7813
0.7883
0.7458
0.7175
0.7838
0.3788
0.415
0.59
0.745
0.7758
0.7842
0.5925
0.5842
0.4983
0.7113
0.7238
0.6075
0.7321
0.4904
0.7054
0.7154
0.5096
0.7129
0.7483
0.7679
0.7746
0.6325
0.6638
0.5679
0.6033
0.6771
0.6117
0.6346
0.6033
0.6421
0.6833
0.6529
0.6242
0.6425
0.625
0.6792
0.6825
0.6767
0.7292
0.7688
0.7033
0.7388
0.6942
0.4979
0.4283
0.7096
0.7188
0.7254
0.6233
0.5008
0.4883
0.8263
0.8033
0.7663
0.6983
0.6858
0.7079
0.6946
0.7804
0.4758
0.6775
0.55
0.6913
0.6213
0.5258
0.4283
0.5242
0.5296
0.5946
0.4538
0.5029
0.6488
0.7446
0.7617
0.7371
0.845
0.7571
0.4404
0.5788
0.805
0.8525
0.8504
0.8488
0.7533
0.6825
0.5358
0.5304
0.4508
0.4992
0.5142
0.5954
0.435
0.425
0.5063
0.7542
0.7354
0.6442
0.6696
0.4642
0.5429
0.7013
0.7783
0.8571
0.8504
0.8558
0.8021
0.8508
0.8642
0.5267
0.3971
0.4767
0.3879
0.4958
0.5833
0.4842
0.4946
0.4563
0.5575
0.6888
0.7954
0.8733
0.7804
0.7496
0.8525
0.775
0.8671
0.8588
0.8146
0.6163
0.5663
0.7346
0.7242
0.6883
0.5871
0.6471
0.7221
0.4342
0.4058
0.6675
0.6642
0.4583
0.5858
0.7788
0.7042
0.5579
0.7229
0.7767
0.775
0.7758
0.7025
0.7421
0.5233
0.5679
0.6058
0.3938
0.4463
0.5242
0.8283
0.9488
0.8971
0.8913
0.5892
0.9108
0.64
0.7596
0.8458
0.7304
0.6558
0.4121
0.5854
0.8317
0.8967
0.7567
0.5529
0.8933
0.7113
0.4967
0.5088
0.7608
0.8492
0.5929
0.7308
0.5833
0.7167
0.8821
0.9454
0.9317
0.6121
0.6383
0.7725
0.8242
0.7229
0.7229
0.6392
0.515
0.4788
0.4788
0.4675
0.5933
0.56
0.7013
0.8346
0.9196
0.5675
0.4254
0.6242
0.875
0.5467
0.3892
0.3963
0.45
0.4979
0.4771
0.6696
0.8233
0.8617
0.7488
0.5796
0.4888
0.7725
0.8388
0.6563
0.5388
0.6471
0.5171
0.8708
0.6283
0.5871
0.7733
0.7867
0.5979
0.5592
0.6246
0.845
0.5063
0.3613
0.395
0.4675
0.5246
0.5021
0.4463
0.5108
0.7546
0.8117
0.8488
0.9113
0.885
0.8283
0.8917
0.8725
0.8863
0.8733
0.5696
0.4192
0.6508
0.8588
0.4825
0.4729
0.4583
0.6296
0.7088
0.3996
0.5858
0.7575
0.7392
0.5225
0.5308
0.4917
0.4333
0.8754
0.8183
0.7654
0.7
0.8008
0.8729
0.8592
0.7758
0.7188
0.7654
0.7842
0.7883
0.7433
0.7579
0.6658
0.7542
0.6763
0.8075
0.8142
0.8142
0.5446
0.8421
0.5575
0.4863
0.5058
0.7213
0.7488
0.8554
0.7625
0.5642
0.6942
0.6458
0.4825
0.4133
0.3767
0.5096
0.6921
0.5088
0.6263
0.6213
0.655
0.7021
0.7125
0.7383
0.6429
0.6983
0.6171
0.5425
0.3667
0.3754
0.4842
0.5933
0.7496
0.7492
0.7275
0.7708
0.7588
0.7929
0.84
0.6804
0.6808
0.7125
0.6546
0.8142
0.5429
0.5617
0.5504
0.6596
0.4021
0.3438
0.4808
0.7
0.7538
0.7471
0.7488
0.6925
0.5813
0.47
0.4704
0.5104
0.6554
0.7175
0.6958
0.6521
0.6113
0.5892
0.6979
0.7171
0.7092
0.7146
0.7171
0.6413
0.7425
0.7308
0.6542
0.7433
0.6167
0.6638
0.7358
0.6938
0.7154
0.7792
0.5925
0.4963
0.34
0.4946
0.6254
0.6525
0.6425
0.5221
0.735
0.7329
0.7354
0.5163
0.4779
0.36
0.4758
0.6892
0.7317
0.7846
0.7746
0.7271
0.71
0.6558
0.5388
0.4975
0.5442
0.7438
0.7192
0.8954
0.8125
0.7388
0.7408
0.8042
0.7583
0.7754
0.7883
0.6029
0.4946
0.4917
0.4279
0.6529
0.6942
0.7804
0.7221
0.6838
0.7371
0.7654
0.6454
0.4517
0.3879
0.4538
0.705
0.6988
0.565
0.4896
0.7579
0.8188
0.86
0.6821
0.5692
0.8675
0.8096
0.81
0.8663
0.5413
0.45
0.4088
0.5479
0.65
0.6967
0.7379
0.7992
0.8146
0.8192
0.49
0.5238
0.7592
0.79
0.8363
0.8821
0.6642
0.6529
0.8783
0.7621
0.5288
0.4946
0.4933
0.4358
0.3946
0.5163
0.5863
0.7467
0.8192
0.8146
0.7263
0.3654
0.4492
0.6504
0.7071
0.8721
0.6275
0.6125
0.5254
0.4858
0.6129
0.7621
0.7971
0.8
0.5883
0.5938
0.4092
0.3671
0.4842
0.6379
0.7758
0.7683
0.4975
0.4317
0.6083
0.4729
0.7488
0.8192
0.5475
0.4721
0.6067
-99
0.5283
0.4563
0.525
0.4413
0.6517
0.9225
0.6504
0.5958
0.4988
0.5546
0.8325
0.8371
0.7438
0.7446
0.7142
0.6983
0.7388
0.8363
0.8308
0.4746
0.3388
0.3813
0.4925
0.6408
0.8446
0.7713
0.9258
0.9392
0.7296
0.4517
0.36
0.3046
0.6408
0.7175
0.7804
0.8563
0.8754
0.8988
0.5771
0.5633
0.8
0.8475
0.9083
0.9071
0.7542
0.7167
0.7383
0.5983
0.6246
0.8088
0.8054
0.7904
0.8792
0.7917
0.8233
0.8038
0.7454
0.3858
0.4467
0.4138
0.545
0.6425
0.7354
0.8513
0.8863
0.7829
0.7246
0.6158
0.5029
0.4158
0.4413
0.6138
0.6933
0.605
0.8
0.8138
0.8238
0.8575
0.8492
0.8163
0.8154
0.5692
0.8354
0.6442
0.5696
0.5217
0.7079
0.5729
0.455
0.4579
0.5125
0.6325
0.67
0.5175
0.4121
0.4704
0.3904
0.4592
0.6533
0.8488
0.7567
0.7617
0.7658
0.7633
0.7663
0.7988
0.8529
0.9392
0.8308
0.9142
0.9063
0.7538
0.5267
0.5504
0.4967
0.6313
0.8029
0.7729
0.7375
0.7971
0.8108
0.8796
0.7367
0.5379
0.57
0.6117
0.6942
0.7221
0.7954
0.8533
0.6392
0.7288
0.7479
0.6854
0.5596
0.6192
0.4058
0.4417
0.475
0.5683
0.785
0.5775
0.685
0.6429
0.6488
0.8079
0.8171
0.8238
0.9163
0.8692
0.8146
0.7267
0.5863
0.6017
0.7954
0.8238
0.7329
0.7913
0.7725
0.6817
0.5325
0.7521
0.8217
0.8463
0.6729
0.8388
0.7871
0.8025
0.7521
0.63
0.65
0.4925
0.6075
0.7533
0.7196
0.7625
0.6104
0.5192
0.6446
0.5779
0.5321
0.5567
0.7429
0.6788
0.7854
0.8204
0.7671
0.505
0.3642
0.5858
0.6913
0.6913
0.6963
0.7158
0.6692
0.4846
0.6642
0.7283
0.5208
0.7529
0.815
0.5838
0.7133
0.775
0.7542
0.6325
0.56
0.7563
0.7325
0.7313
0.6613
0.6029
0.7308
0.7342
0.745
0.7183
0.4196
0.5067
0.585
0.7663
0.7963
0.62
0.7375
0.6983
0.6775
0.5542
0.7729
0.7633
0.6646
0.8033
0.4171
0.4733
0.6025
0.715
0.6096
0.4896
0.4133
0.4658
0.6825
0.57
0.4496
0.4346
0.4154
0.5508
0.625
0.6533
0.7713
0.7254
0.75
0.8263
0.7808
0.7617
0.7167
0.8088
0.7796
0.7021
0.54
0.4638
0.55
0.7233
0.7304
0.7483
0.6517
0.7354
0.7213
0.7492
0.7738
0.7358
0.73
0.7308
0.7071
0.6992
0.7738
0.7438
0.5588
0.4067
0.6621
0.7013
0.7421
0.775
0.7554
0.7388
0.6433
0.585
0.5258
0.5538
0.7008
0.7175
0.7758
0.7675
0.7767
0.6333
0.7467
0.6158
0.7408
0.7675
0.755
0.4429
0.3663
0.5246
0.7208
0.7379
0.7358
0.7508
0.7179
0.745
0.7042
0.6967
0.6988
0.6829
0.7467
0.7321
0.6
0.4571
0.5029
0.5796
0.4021
0.4217
0.4963
0.5671
0.5008
0.4642
0.5696
0.7342
0.7042
0.6688
0.6892
0.5983
0.6179
0.3454
0.5467
0.7558
0.8158
0.8658
0.4988
0.6125
0.8596
0.6929
0.7483
0.7458
0.8379
0.8354
0.8583
0.8813
0.9258
0.665
0.6
0.6863
0.695
0.7717
0.8404
0.8842
0.8858
0.865
0.8275
0.8288
0.6871
0.8079
0.8813
0.8521
0.9042
0.7867
0.8046
0.6671
0.7696
0.7838
0.7142
0.8238
0.7846
0.8275
0.8504
0.8567
0.7921
0.6129
0.61
0.5846
0.5775
0.5604
0.6929
0.8817
0.855
0.8442
0.6692
0.6917
0.6883
0.5325
0.555
0.4263
0.5071
0.4958
0.4667
0.5017
0.5342
0.7483
0.4488
0.4967
0.7383
0.6854
0.64
0.4879
0.4733
0.4621
0.6375
0.5129
0.5504
0.5071
0.2925
0.4321
0.5708
0.625
0.6613
0.8204
0.8358
0.8104
0.8333
0.8092
0.8267
0.8692
0.7092
0.8158
0.8063
0.5696
0.5483
0.5529
0.5446
0.6354
0.8
0.8238
0.815
0.5871
0.4483
0.4663
0.5117
0.6021
0.4308
0.3154
0.2708
0.605
0.4179
0.3079
0.2925
0.4538
0.3133
0.2425
0.28
0.295
0.4921
0.4371
0.405
0.5788
0.7246
0.4929
0.3475
0.4438
0.3525
0.2729
0.4129
0.5479
0.4075
0.635
0.7979
0.8192
0.8446
0.8438
0.7108
0.5271
0.3638
0.4033
0.4021
0.3821
0.4913
0.4367
0.4542
0.5221
0.5538
0.6488
0.7946
0.7042
0.7563
0.5054
0.4775
0.72
0.8688
0.6354
0.7588
0.7504
0.6633
0.7313
0.5971
0.5475
0.5688
0.39
0.565
0.6738
0.7863
0.8338
0.7996
0.8654
0.8
0.6171
0.4463
0.6163
0.7488
0.5025
0.6317
0.4238
0.5533
0.4554
0.3263
0.4075
0.4188
0.4717
0.5104
0.5563
0.5808
0.7263
0.4233
0.7713
0.8004
0.795
0.8342
0.6796
0.7667
0.765
0.7871
0.7871
0.7605
0.6529
0.5396
0.72
0.6958
0.76
0.6763
0.6539
0.62
0.7029
0.7121
0.3804
0.4942
0.7746
0.8038
0.7875
0.6363
0.4058
0.3883
0.465
0.655
0.7288
0.7871
0.6971
0.5946
0.7021
0.7138
0.7096
0.7042
0.6813
0.6892
0.6271
0.7383
0.7308
0.78
0.6692
0.6796
0.6638
0.6
0.3854
0.4542
0.7433
0.7292
0.7146
0.7113
0.7325
0.6358
0.6167
0.5396
0.4783
0.6096
0.64
0.635
0.6892
0.6992
0.7454
0.7333
0.6883
0.5321
0.5467
0.7504
0.7779
0.8063
0.65
0.7583
0.6842
0.7388
0.7458
0.6508
0.5642
0.7443
0.6463
0.4942
0.5113
0.6896
0.5525
0.5417
0.6767
0.5304
0.5179
0.5392
0.6342
0.6958
0.71
0.6442
0.5946
0.7029
0.8296
0.7804
0.7725
0.6783
0.5704
0.6988
0.7138
0.4967
0.6346
0.5433
0.6329
0.6479
0.6563
0.5908
0.6771
0.7533
0.6625
0.6154
0.7617
0.7367
0.7075
0.6421
0.6708
0.7121
0.7475
0.7404
0.4704
0.4933
0.7592
0.7454
0.755
0.605
0.3546
0.3133
0.3333
0.4079
0.4671
0.5804
0.5867
0.6688
0.7471
0.7229
0.7308
0.7254
0.5788
0.3833
0.4358
0.5646
0.7175
0.7525
0.7796
0.5592
0.7175
0.7267
0.7738
0.7667
0.4375
0.4183
0.5433
0.5667
0.695
0.8779
0.5771
0.6013
0.7196
0.8271
0.8238
0.8317
0.8138
0.7763
0.7942
0.6058
0.8292
0.8083
0.5679
0.5183
0.6038
0.4754
0.5892
0.7413
0.8471
0.8692
0.9238
0.8171
0.71
0.8038
0.8171
0.9296
0.8488
0.5042
0.4288
0.5188
0.8146
0.6829
0.5146
0.5954
0.7629
0.8121
0.5058
0.5658
0.6063
0.8146
0.9113
0.9058
0.6483
0.5142
0.5142
0.8363
0.8154
0.9
0.9471
0.8346
0.6977
0.8567
0.7892
0.6592
0.85
0.8733
0.8979
0.7854
0.5688
0.5621
0.5029
0.4796
0.425
0.4458
0.595
0.4671
0.4171
0.5738
0.63
0.4638
0.5858
0.7392
0.77
0.8421
0.8758
0.8896
0.8108
0.625
0.5125
0.5854
0.7992
0.6825
0.5246
0.6942
0.8471
0.9292
0.9196
0.5471
0.5421
0.6429
0.7158
0.4408
0.7613
0.645
0.5208
0.475
0.6846
0.5
0.4992
0.6621
0.7404
0.6875
0.4552
0.5296
0.6933
0.5533
0.5404
0.4779
0.4475
0.4754
0.7896
0.8671
0.535
0.5109
0.5513
0.4163
0.6125
0.4517
0.5813
0.7067
0.4417
0.6296
0.7246
0.6517
0.7038
0.5113
0.3779
0.5454
0.5013
0.4538
0.4483
0.5421
0.4629
0.4771
0.3663
0.4142
0.49
0.5633
0.5738
0.8367
0.8654
0.8692
0.8071
0.7771
0.615
0.6492
0.5338
0.4404
0.4538
0.61
0.673
0.9188
0.755
0.6221
0.8354
0.905
0.9513
0.7767
0.6983
0.6208
0.6913
0.5092
0.495
0.4808
0.5433
0.4221
0.4525
0.7238
0.8733
0.4813
0.63
0.5775
0.7092
0.8313
0.8363
0.6338
0.4925
0.6729
0.8758
0.7383
0.6763
0.4575
0.5813
0.6225
0.4342
0.675
0.7654
0.4967
0.4167
0.5238
0.48
0.4838
0.6175
0.5633
0.4688
0.6933
0.7129
0.6058
0.6713
0.6383
0.7429
0.4888
0.3696
0.4163
0.5242
0.5488
0.5838
0.7592
0.7638
0.5567
0.8288
0.9246
0.7917
0.7671
0.6254
0.5567
0.6475
0.7054
0.6892
0.4963
0.655
0.705
0.5354
0.5842
0.5104
0.6996
0.8717
0.8054
0.5296
0.6733
0.6758
0.59
0.6708
0.5642
0.4763
0.4433
0.3608
0.3388
0.5654
0.7392
0.5796
0.3733
0.4204
0.4271
0.4217
0.4288
0.5238
0.7021
0.7621
0.6733
0.7579
0.7083
0.6292
0.5767
0.5904
0.6954
0.7396
0.7038
0.6704
0.6408
0.8046
0.8871
0.6342
0.5679
0.7592
0.5683
0.5279
0.4475
0.6321
0.5983
0.6555
0.5504
0.5954
0.6583
0.7154
0.7263
0.7092
0.6542
0.7163
0.6446
0.6379
0.6658
0.6654
0.7438
0.665
0.7188
0.6833
0.6633
0.6458
0.6317
0.6275
0.77
0.7642
0.7071
0.6717
0.6342
0.7313
0.7558
0.7592
0.7229
0.7713
0.4792
0.3792
0.59
0.6292
0.6988
0.7438
0.8121
0.7167
0.76
0.7575
0.5421
0.3904
0.4367
0.5217
0.7425
0.7608
0.6542
0.6733
0.7321
0.7387
0.6217
0.7038
0.7238
0.5479
0.7046
0.7742
0.7392
0.6183
0.4633
0.6146
0.6021
0.7179
0.6771
0.5917
0.4908
0.5446
0.6608
0.6575
0.7108
0.7138
0.7604
0.8958
0.8142
0.6108
0.6071
0.5425
0.5088
0.6342
0.7592
0.5433
0.5029
0.4
0.4783
0.4417
0.555
0.6404
0.7592
0.7738
0.735
0.7954
0.7688
0.8067
0.6425
0.495
0.4838
0.58
0.6254
0.8642
0.8479
0.6063
0.5329
0.5438
0.6654
0.5538
0.4392
0.3658
0.4871
0.7246
0.6896
0.6083
0.53
0.6475
0.853
0.8317
0.84
0.8225
0.8604
0.7167
0.6979
0.8233
0.79
0.6996
0.6825
0.4142
0.4
0.4354
0.565
0.5504
0.5217
0.6238
0.4763
0.5113
0.7783
0.6017
0.4167
0.4217
0.4929
0.5925
0.5979
0.4296
0.37
0.7938
0.8113
0.8038
0.5575
0.4904
0.4546
0.4433
0.4829
0.4846
0.4592
0.4296
0.5188
0.5158
0.5858
0.5975
0.4071
0.4567
0.5246
0.7408
0.5529
0.5992
0.7396
0.825
0.8254
0.8
0.7929
0.8229
0.8321
0.8458
0.8079
0.8538
0.9054
0.8817
0.9192
0.5433
0.6308
0.7688
0.8323
0.8354
0.675
0.38
0.7033
0.5454
0.4313
0.5504
0.6583
0.7879
0.7963
0.7971
0.7492
0.4808
0.7346
0.8008
0.8788
0.8742
0.865
0.805
0.8704
0.7688
0.5921
0.7347
0.8942
0.7563
0.9146
0.6433
0.4546
0.6025
0.68
0.5308
0.4721
0.4771
0.47
0.4463
0.5113
0.6375
0.46
0.6492
0.6783
0.415
0.6408
0.5425
0.625
0.7325
0.5154
0.5363
0.5746
0.6092
0.5042
0.5679
0.6071
0.7619
-99
-99
0.8156
0.6108
0.4558
0.5846
0.4629
0.4246
0.6975
0.7729
0.7663
0.4321
0.5396
0.5838
0.5829
0.7383
0.4425
0.3996
0.555
0.6842
0.565
0.6592
0.7433
0.5583
0.6346
0.7083
0.8146
0.6325
0.405
0.4296
0.5171
0.73
0.6125
0.8317
0.8183
0.76
0.3867
0.4433
0.4517
0.4671
0.5063
0.7004
0.7867
0.9008
0.815
0.8125
0.8092
0.8258
0.4521
0.4467
0.6629
0.8279
0.8429
0.7529
0.7896
0.84
0.7825
0.6567
0.6921
0.7483
0.807
0.7235
0.6169
0.4567
0.8267
0.9096
0.7208
0.7479
0.7954
0.4465
0.5146
0.3535
0.4196
0.5669
0.5188
0.5806
0.3844
0.376
0.4898
0.7564
0.7846
0.8094
0.6663
0.6981
0.686
0.7438
0.8273
0.424
0.4388
0.6544
0.6729
0.5633
0.686
0.7158
0.8223
0.805
0.6346
0.5813
0.8298
0.7835
0.5677
0.6029
0.8325
0.5592
0.6358
0.5088
0.5246
0.5096
0.6444
0.7458
0.7075
0.8221
0.8133
0.8092
0.7323
0.6589
0.5348
0.4838
0.4879
0.3691
0.5173
0.5402
0.6785
0.6977
0.7756
0.706
0.669
0.751
0.7517
0.739
0.6515
0.5498
0.7073
0.755
0.3206
0.5075
0.7994
0.8123
0.7177
0.5979
0.6854
0.7783
0.4773
0.4708
0.3454
0.3515
0.3758
0.4844
0.615
0.6013
0.7594
0.7635
0.7715
0.7225
0.7017
0.3238
0.3442
0.4083
0.665
0.7629
0.6856
0.705
0.7198
0.7098
0.3379
0.4544
0.6098
0.8102
0.8123
0.7631
0.8008
0.7579
0.7419
0.7538
0.7515
0.8177
0.7654
0.7456
0.7888
0.4185
0.4169
0.4775
0.5096
0.6077
0.726
0.6529
0.7856
0.7221
0.784
0.556
0.8021
0.7948
0.7617
0.7463
0.7883
0.826
0.7338
0.7188
0.6975
0.7679
0.7638
0.7654
0.7644
0.8015
0.7746
0.7673
0.795
0.7625
0.7131
0.7048
0.7646
0.8313
0.7331
0.8233
0.7485
0.7727
0.6794
0.646
0.7415
0.9106
0.8402
0.561
0.5727
0.6646
0.7635
0.93
0.8425
0.8748
0.8217
0.7892
0.766
0.8363
0.7133
0.8421
0.8144
0.814
0.8531
0.8977
0.8506
0.785
0.6877
0.6427
0.5708
0.7327
0.7158
0.7533
0.8629
0.8613
0.4079
0.3529
0.2196
0.3969
0.614
0.7571
0.8104
0.8308
0.8315
0.8492
0.8452
0.8519
0.8002
0.7717
0.6754
0.5433
0.5464
0.6044
0.6969
0.6252
0.565
0.8525
0.744
0.7004
0.8754
0.5325
0.5021
0.5488
0.6783
0.7852
0.8404
0.8433
0.9085
0.8725
0.7579
0.8773
0.8615
0.8998
0.8538
0.9219
0.8898
0.631
0.5704
0.5981
0.7288
0.5277
0.5333
0.4944
0.5473
0.4454
0.5106
0.5306
0.844
0.8856
0.8854
0.8456
0.5706
0.5346
0.6423
0.84
0.6708
0.8533
0.8667
0.8323
0.8608
0.754
0.6606
0.4898
0.4452
0.3663
0.3688
0.5121
0.8098
0.7488
0.6656
0.5613
0.8602
0.8483
0.8367
0.8335
0.8538
0.825
0.4773
0.7633
0.8502
0.7835
0.8502
0.6575
0.4933
0.6648
0.6931
0.5029
0.619
0.5396
0.4434
0.4348
0.3323
0.4856
0.4996
0.5519
0.4773
0.7444
0.5956
0.4538
0.6306
0.631
0.7267
0.4231
0.4525
0.4848
0.4771
0.5771
0.6763
0.7608
0.8002
0.7575
0.6256
0.6275
0.5158
0.5594
0.4927
0.6452
0.8081
0.6542
0.4829
0.5217
0.4458
0.5258
0.5063
0.3892
0.5406
0.6754
0.5119
0.7629
0.5477
0.3223
0.5165
0.6742
0.7706
0.7721
0.8117
0.6865
0.6338
0.5806
0.4177
0.4713
0.57
0.6935
0.8402
0.6969
0.7465
0.9667
0.9529
0.9223
0.8863
0.5329
0.5048
0.4502
0.4225
0.4042
0.3598
0.4
-99
0.714
0.8156
0.5481
0.5579
0.6858
0.7002
0.6356
0.7073
0.7594
0.759
0.594
0.4938
0.5723
0.6752
0.8108
0.6971
0.7671
0.5206
0.7085
0.6483
0.7242
0.6927
-99
-99
-99
0.4056
0.4683
0.685
0.7871
0.7035
0.6621
0.6948
0.8392
0.6623
0.6083
0.7835
0.599
0.6056
0.7019
0.6679
0.7542
0.7775
0.6402
0.3671
0.4046
0.4902
0.6571
0.634
0.4133
0.3877
0.3956
0.4213
0.5471
0.4863
0.381
0.5306
0.7098
0.7042
0.7023
0.6867
0.7356
0.7494
0.6794
0.5773
0.5094
0.5471
0.4658
0.4033
0.579
0.8025
0.6719
0.6144
0.8504
0.6227
0.706
0.6977
0.5327
0.5692
0.5031
0.5085
0.7117
0.74
0.7158
0.6219
0.7335
0.67
0.679
0.7108
0.609
0.709
0.7256
0.7744
0.6827
0.545
0.6346
0.7442
0.6963
0.5906
0.4873
0.7363
0.6623
0.6369
0.6685
0.7346
0.7188
0.7013
0.7071
0.6796
0.6513
0.7079
0.7183
0.5602
0.5477
0.7744
0.529
0.666
0.6627
0.6531
0.7644
0.8504
0.824
0.6744
0.7333
0.7777
0.716
0.7421
0.7402
0.7571
0.7535
0.4921
0.494
0.7263
0.749
0.4838
0.3742
0.4742
0.496
0.6963
0.7594
0.6577
0.7404
0.745
0.7954
0.6733
0.3938
0.6163
0.7348
0.7485
0.7521
0.7585
0.7717
0.7935
0.6246
0.7888
0.7442
0.7567
0.4915
0.5279
0.599
0.7327
0.7425
0.7967
0.8223
0.8506
0.7452
0.4523
0.6798
0.6013
0.3558
0.4392
0.6323
0.6252
0.7313
0.5598
0.4058
0.5052
0.6538
0.7573
0.7425
0.7058
0.8115
0.8283
0.7375
0.786
0.845
0.8167
0.8127
0.4225
0.4563
0.5854
0.7302
0.8029
0.8104
0.7946
0.6252
0.4494
0.4581
0.6538
0.8229
0.85
0.9074
0.7577
0.4344
0.4723
0.6863
0.88
0.77
0.8181
0.8815
0.5027
0.6215
0.8579
0.8385
0.7319
0.9056
0.8419
0.8129
0.7569
0.8146
0.8885
0.9042
0.8606
0.8677
0.8327
0.8558
0.7958
0.8658
0.8508
0.8529
0.8308
0.8221
0.8206
0.6
0.4185
0.5183
0.4423
0.5385
0.4979
0.4467
0.5244
0.5013
0.5569
0.7496
0.7338
0.754
0.725
0.8071
0.8615
0.8763
0.8913
0.8388
0.7227
0.8473
0.8244
0.8677
0.8438
0.8604
0.7896
0.7075
0.766
0.8131
0.8869
0.859
0.8192
0.8669
0.8383
0.8
0.864
0.8717
0.8865
0.9181
0.7129
0.7548
0.6875
0.8413
0.5298
0.6217
0.8052
0.5364
0.4317
0.5894
0.5773
0.7738
0.5998
0.4952
0.3615
0.5419
0.6344
0.4829
0.4521
0.5073
0.5544
0.539
0.6298
0.7271
0.8021
0.8173
0.8954
0.8346
0.8658
0.8492
0.8169
0.625
0.7681
0.5383
0.5929
0.7102
0.4669
0.5038
0.6975
0.7938
0.471
0.4525
0.4898
0.521
0.8048
0.7031
0.5225
0.4769
0.455
0.3652
0.4671
0.5975
0.5196
0.5965
0.6146
0.5508
0.4044
0.5731
0.4231
0.5863
0.7538
0.5888
0.461
0.3475
0.3429
0.3985
0.5881
0.3946
0.4052
0.495
0.3877
0.5304
0.4933
0.4296
0.4521
0.4775
0.875
0.8277
0.5971
0.6488
0.8267
0.9142
0.8921
0.8392
0.56
0.4158
0.5504
0.6473
0.765
0.6448
0.6913
0.5858
0.8358
0.619
0.5698
0.5348
0.7915
0.9081
0.9046
0.549
0.4471
0.4171
0.4763
0.7458
0.6963
0.6846
0.5217
0.5596
0.8285
0.65
0.6235
0.6196
0.6533
0.6813
0.7725
0.8531
0.5631
0.3806
0.449
0.6196
0.7413
0.8948
0.7098
0.5552
0.3229
0.3958
0.4956
0.6783
0.766
0.7675
0.8429
0.9083
0.934
0.931
0.7777
0.6758
0.4556
0.4202
0.4458
0.4744
0.6631
0.8204
0.4054
0.6667
0.7804
0.6638
0.4104
0.7256
0.815
0.7833
0.7648
0.6992
0.3615
0.4198
0.3458
0.4679
0.6785
0.7515
0.7915
0.6846
0.7715
0.7071
0.7175
0.7054
0.7158
0.5863
0.5827
0.3948
0.3865
0.5392
0.38
0.4519
0.3806
0.3392
0.4711
0.6513
0.654
0.7075
0.7221
0.6013
0.5485
0.5175
0.6779
0.7296
0.6988
0.7281
0.655
0.6367
0.6448
0.5231
0.5267
0.6719
0.6556
0.5152
0.6827
0.7079
0.6077
0.2792
0.3352
0.4421
0.6167
0.656
0.7081
0.7285
0.7781
0.7723
0.6363
0.466
0.5054
0.5696
0.6806
0.6944
0.6679
0.7071
0.7485
0.6633
0.5402
0.6831
0.7096
0.7
0.499
0.5071
0.6206
0.5008
0.5256
0.531
0.4446
0.6388
0.67
0.6608
0.691
0.7385
0.7571
0.6671
0.734
0.6727
0.4813
0.6733
0.7194
0.6665
0.6169
0.7235
0.7177
0.7619
0.5769
0.5519
0.7381
0.6763
0.7052
0.6985
0.6696
0.5883
0.7015
0.7104
0.7556
0.6904
0.6819
0.6979
0.715
0.7058
0.5673
0.5746
0.5115
0.43
0.3913
0.4644
0.5044
0.5679
0.7481
0.8344
0.7606
0.7671
0.8044
0.646
0.7183
0.771
0.7765
0.7552
0.7952
0.7906
0.7929
0.7673
0.7994
0.7877
0.5698
0.5667
0.5381
0.4731
0.8504
0.8779
0.7223
0.7596
0.8163
0.825
0.804
0.7292
0.4879
0.6056
0.8708
0.869
0.8785
0.9113
0.8829
0.8054
0.8317
0.8183
0.7933
0.8279
0.7821
0.8152
0.8488
0.855
0.725
0.451
0.4542
0.4419
0.4015
0.3842
0.4142
0.6008
0.6752
0.5563
0.5381
0.6633
0.7602
0.7325
0.5079
0.7971
0.9167
0.9438
0.8504
0.7681
0.729
0.8483
0.8367
0.7946
0.8323
0.7471
0.8635
0.8838
0.8723
0.9252
0.8196
0.77
0.854
0.8348
0.8481
0.8508
0.8873
0.8813
0.8558
0.9027
0.861
0.9042
0.7633
0.6675
0.7185
0.5604
0.5279
0.5858
0.865
0.8673
0.8931
0.8488
0.874
0.8394
0.8171
0.8269
0.8581
0.8583
0.8673
0.8165
0.8746
0.374
0.6242
0.6625
0.53
0.6288
0.5296
0.6204
0.7527
0.456
0.5108
0.5204
0.5217
0.349
0.32
0.4944
0.934
0.6606
0.609
0.5717
0.4667
0.4806
0.7765
0.8942
0.6594
0.7048
0.7788
0.9221
0.8935
0.8677
0.7392
0.7638
0.5648
0.4571
0.5094
0.485
0.5754
0.7633
0.8123
0.8929
0.9092
0.8388
0.8408
0.8735
0.8581
0.826
0.741
0.6938
0.7085
0.6575
0.7088
0.6967
0.5921
0.8369
0.7854
0.6173
-99
0.735
0.8456
0.521
0.5556
0.4679
0.3477
0.604
0.6396
0.815
0.7994
0.5592
0.6921
0.699
0.6927
0.671
0.6721
0.6217
0.716
0.7404
0.6842
0.6573
0.4913
0.6933
0.7027
0.7556
0.8933
0.8121
0.6979
0.7685
0.8227
0.5054
0.4092
0.4363
0.4773
0.5017
0.5256
0.6317
0.6088
0.73
0.6398
0.5615
0.7427
0.6833
0.6883
0.6279
0.5423
0.7606
0.7138
0.5594
0.6056
0.5808
0.5906
0.6202
0.71
0.801
0.6488
0.734
0.511
0.745
0.6348
0.4333
0.601
0.7479
0.7588
0.7563
0.404
0.5354
0.6938
0.7723
0.7958
0.7823
0.6002
0.5894
0.6596
0.6729
0.6604
0.6971
0.7315
0.4613
0.5098
0.7025
0.7108
0.6046
0.5306
0.5171
0.7469
0.7515
0.7335
0.699
0.5785
0.5967
0.651
0.7427
0.6856
0.7569
0.5879
0.45
0.5381
0.7383
0.7056
0.6975
0.6496
0.5506
0.5525
0.5917
0.6185
0.5485
0.6283
0.6969
0.7148
0.6727
0.5642
0.5904
0.6915
0.6973
0.6931
0.6194
0.693
0.4219
0.4265
0.3102
0.3429
0.3929
0.5667
0.7092
0.7356
0.7185
0.6871
0.7181
0.5658
0.769
0.7313
0.6967
0.7333
0.7152
0.5613
0.6754
0.6788
0.6954
0.685
0.6571
0.6873
0.7552
0.7425
0.4519
0.3931
0.4685
0.6819
0.7531
0.7569
0.766
0.7763
0.8094
0.7
0.5948
0.619
0.7198
0.5738
0.7523
0.454
0.38
0.3633
0.3831
0.4667
0.6698
0.6852
0.7829
0.7477
0.641
0.7023
0.5952
0.5598
0.7171
0.7285
0.7273
0.7092
0.741
0.7431
0.6823
0.6525
0.6846
0.7698
0.6527
0.3654
0.4138
0.6381
0.8135
0.7579
0.614
0.4602
0.5208
0.6067
0.3656
0.3683
0.4033
0.5552
0.5256
0.7027
0.5048
0.5833
0.4777
0.3648
0.4238
0.7229
0.8538
0.7965
0.7823
0.7379
0.5806
0.7008
0.7515
0.744
0.7975
0.5623
0.6729
0.7425
0.7679
0.7502
0.4202
0.531
0.715
0.6331
0.7723
0.7956
0.7954
0.7913
0.795
0.7754
0.7367
0.7256
0.8748
0.63
0.6108
0.6773
0.406
0.5477
0.6475
0.7773
0.8319
0.6483
0.5296
0.3738
0.534
0.6408
0.7733
0.8106
0.8073
0.834
0.4708
0.4333
0.3942
0.4506
0.4756
0.4542
0.4802
0.4363
0.3469
0.4052
0.5033
0.6944
0.7402
0.6031
0.5823
0.7548
0.6769
0.7545
0.8792
0.7054
0.4477
0.4117
0.619
0.6371
0.4642
0.4281
0.4183
0.3929
0.2756
0.5983
0.659
0.7985
0.7419
0.604
0.5158
0.6894
0.5998
0.4102
0.5523
0.5821
0.4685
0.4567
0.444
0.5256
0.646
0.6027
0.6896
0.6727
0.6335
0.7706
0.8604
0.6675
0.4535
0.4779
0.4777
0.4681
0.6079
0.3275
0.4556
0.4396
0.4002
0.549
0.8231
0.7925
0.7479
0.7085
0.6992
0.435
0.529
0.7638
0.5567
0.5675
0.48
0.4033
0.5927
0.5433
0.3996
0.4371
0.3965
0.5508
0.8221
0.7854
0.726
0.5252
0.6056
0.7231
0.7692
0.7542
0.6885
0.4804
0.4263
0.7969
0.87
0.7
0.4554
0.5731
0.5444
0.4383
0.5538
0.4267
0.4671
0.6425
0.6888
0.8029
0.6256
0.5008
0.6292
0.5004
0.53
0.4215
0.4398
0.6667
0.53
0.5504
0.9098
0.9483
0.9333
0.6071
0.721
0.7352
0.6919
0.5371
0.499
0.6804
0.7788
0.8304
0.6194
0.4402
0.6113
0.7929
0.6702
0.4825
0.6238
0.4723
0.5077
0.4338
0.3158
0.326
0.2821
0.5469
0.5096
0.4383
0.4175
0.4185
0.5817
0.7383
0.3481
0.5273
0.7963
0.7963
0.5073
0.5015
0.7908
0.7977
0.6992
0.6588
0.7192
0.7392
0.6644
0.7952
0.7375
0.5542
0.7183
0.6108
0.6359
0.6577
0.6827
0.6394
0.6471
0.6217
0.5608
0.531
0.5854
0.8004
0.8694
0.6133
0.4679
0.6129
0.5302
0.4538
0.4923
0.5235
0.7263
0.775
0.7902
0.6373
0.4979
0.749
0.8231
0.3319
0.3977
0.4738
0.5215
0.6679
0.6365
0.6073
0.62
0.7073
0.6654
0.799
0.7177
0.7135
0.8327
0.7098
0.884
0.8365
0.9144
0.7527
0.8008
0.7967
0.8971
0.8394
0.6983
0.6763
0.6979
0.8121
0.7854
0.7488
0.5338
0.4302
0.4606
0.471
0.546
0.7081
0.491
0.434
0.6356
0.6931
0.6723
0.6744
0.7094
0.7288
0.7433
0.6988
0.7365
0.7496
0.7508
0.7342
0.685
0.7033
0.741
0.7317
0.4536
0.56
0.7475
0.6642
0.701
0.7092
0.7588
0.7694
0.669
0.6571
0.7813
0.4752
0.4938
0.7488
0.7429
0.7181
0.5667
0.7408
0.7267
0.7817
0.7742
0.749
0.774
0.7619
0.7594
0.7394
0.751
0.675
0.6852
0.7285
0.5592
0.511
0.7492
0.7963
0.7477
0.7402
0.596
0.8056
0.7633
0.6983
0.5244
0.5756
0.7442
0.6592
0.5392
0.5858
0.5467
0.6598
0.7554
0.7602
0.4323
0.4325
0.5363
0.7629
0.8271
0.751
0.7119
0.6413
0.6817
0.7656
0.7748
0.751
0.889
0.6969
0.6144
0.7756
0.76
0.6829
0.709
0.7602
0.686
0.7004
0.8713
0.8456
0.8421
0.8767
0.8108
0.824
0.7621
0.7875
0.804
0.4081
0.4579
0.6675
0.7008
0.6438
0.5619
0.6242
0.3521
0.3492
0.4542
0.6902
0.7444
0.7946
0.4142
0.6054
0.7308
0.8315
0.8496
0.8725
0.8446
0.9133
0.6727
0.8135
0.7358
0.9092
0.9694
0.8675
0.7908
0.7352
0.6338
0.4685
0.7202
0.8215
0.6771
0.534
0.4733
0.6289
0.851
0.6877
0.7023
0.5431
0.6465
0.8944
0.7398
0.8042
0.8798
0.6348
0.7404
0.8433
0.9383
0.8444
0.8665
0.9648
0.8524
0.8238
0.9021
0.86
0.8744
0.8306
0.8285
0.8863
0.7969
0.795
0.7013
0.556
0.7198
0.9058
0.6173
0.6092
0.7477
0.6919
0.7823
0.9163
0.7658
0.6681
0.6069
0.5202
0.6071
0.8931
0.8435
0.899
0.5715
0.6913
0.7456
0.5315
0.8173
0.6838
0.7006
0.7752
0.8223
0.8754
0.8931
0.8742
0.8885
0.8479
0.8173
0.8925
0.8235
0.7515
0.7819
0.5383
0.7902
0.7873
0.5442
0.2019
0.4171
0.6331
0.489
0.4142
0.4108
0.531
0.5263
0.5138
0.7363
0.9042
0.6556
0.5829
0.6877
0.7752
0.5402
0.5342
0.5142
0.4444
0.554
0.6231
0.4892
0.4683
0.6065
0.5052
0.7402
0.6679
0.4906
0.3796
0.4888
0.6656
0.7656
0.8173
0.8081
0.829
0.6715
0.4735
0.646
0.8265
0.8075
0.8304
0.6921
0.7358
0.8507
0.782
0.8046
0.8315
0.6771
0.6019
0.7758
0.8179
0.7769
0.6698
0.4835
0.5196
0.5742
0.7633
0.5708
0.7504
0.8427
0.5088
0.585
0.5788
0.546
0.5308
0.8029
0.4552
0.4521
0.5144
0.7977
0.611
0.3535
0.5685
0.6196
0.5333
0.4777
0.4196
0.4617
0.39
0.425
0.5915
0.575
0.6723
0.7033
0.8406
0.7144
0.7319
0.7049
0.4569
0.7233
0.5421
0.5138
0.7406
0.4667
0.4342
0.4315
0.4779
0.465
0.6017
0.7456
0.691
0.8163
0.745
0.6946
0.6019
0.6427
0.7029
0.7667
0.6506
0.6963
0.4123
0.541
0.546
0.7769
0.7973
0.7894
0.7131
0.5791
0.4131
0.3202
0.3781
0.8342
0.6558
0.4279
0.6431
0.4931
0.4585
0.6151
0.649
0.7575
0.7554
0.6379
0.4548
0.4577
0.4692
0.7367
0.694
0.7844
0.9066
-99
-99
0.5162
0.389
0.4369
0.6529
0.6825
0.6323
0.6679
0.7396
0.8044
0.6417
0.6177
0.5446
0.6225
0.3623
0.4433
0.5615
0.545
0.7033
0.5648
0.5565
0.7119
0.7467
0.7583
0.779
0.7352
0.7079
0.6658
0.784
0.6821
0.7846
0.5979
0.5469
0.5306
0.5
0.744
0.7652
0.6642
0.684
0.6031
0.7017
0.7854
0.7665
0.7794
0.4981
0.5102
0.6467
0.7338
0.7302
0.6577
0.4721
0.6008
0.6917
0.6333
0.7488
0.7515
0.7473
0.6673
0.5167
0.7106
0.7504
0.7746
0.5281
0.4675
0.6571
0.554
0.5654
0.6742
0.5713
0.6835
0.7477
0.7421
0.7742
0.7763
0.6994
0.7233
0.5833
0.7215
0.3602
0.4879
0.5544
0.7331
0.7167
0.7581
0.8096
0.7313
0.7606
0.7413
0.6292
0.7194
0.719
0.7631
0.7863
0.9242
0.7854
0.8269
0.7683
0.715
0.7773
0.5502
0.5356
0.7383
0.3848
0.4702
0.489
0.5898
0.6638
0.5231
0.7544
0.5781
0.694
0.686
0.7463
0.6446
0.6717
0.7152
0.7696
0.8098
0.8902
0.8004
0.7271
0.7604
0.6602
0.7669
0.8573
0.8252
0.8719
0.8279
0.784
0.4546
0.5569
0.6617
0.6031
0.6206
0.486
0.7752
0.8087
0.6027
0.8004
0.849
0.9135
0.9163
0.4463
0.6085
0.6931
0.7213
0.8144
0.835
0.6127
0.9073
0.8435
0.6033
0.7004
0.8725
0.8838
0.9406
0.8875
0.8394
0.6285
0.8023
0.695
0.4846
0.5435
0.4533
0.5021
0.5673
0.4642
0.5271
0.5579
0.5206
0.4954
0.7363
0.7358
0.619
0.5802
0.6169
0.6229
0.6004
0.8167
0.7927
0.8958
0.6296
0.4931
0.7123
0.7702
0.575
0.5235
0.6229
0.8942
0.6229
0.6333
0.6119
0.8773
0.886
0.8715
0.919
0.9025
0.52
0.5825
0.6742
0.5217
0.4727
0.4906
0.7104
0.9408
0.8956
0.7348
0.9233
0.8619
0.6263
0.4313
0.5085
0.7598
0.844
0.7244
0.7892
0.855
0.8506
0.8406
0.8338
0.779
0.9035
0.8754
0.8067
0.7275
0.8794
0.8688
0.8481
0.9125
0.6656
0.6377
0.7388
0.7858
0.7396
0.7992
0.8656
0.6606
0.6925
0.7888
0.836
0.9783
0.8681
0.8427
0.9147
0.9296
0.8406
0.7623
0.7256
0.7579
0.765
0.7088
0.7356
0.756
0.7938
0.4998
0.6258
0.8531
0.8277
0.8731
0.8973
0.704
0.5517
0.9138
0.8885
0.7413
0.901
0.8592
0.76
0.6056
0.6017
0.8679
0.77
0.7835
0.7956
0.7198
0.5725
0.4448
0.4635
0.6888
0.8017
0.4942
0.524
0.4433
0.5875
0.4873
0.4773
0.5054
0.5521
0.4406
0.6602
0.8292
0.8992
0.7571
0.6598
0.8285
0.9546
0.9071
0.8323
0.8667
0.8529
0.8073
0.9146
0.9067
0.7502
0.7281
0.8323
0.7463
0.619
0.5494
0.5748
0.9048
0.9606
0.9046
0.6756
0.8508
0.8698
0.8629
0.8538
0.805
0.8238
0.8308
0.789
0.8069
0.8483
0.7963
0.8877
0.8894
0.8908
0.8917
0.9158
0.8463
0.8444
0.7967
0.8425
0.8238
0.8163
0.8225
0.8873
0.6931
0.57
0.5781
0.5302
0.5358
0.6673
0.8413
0.8006
0.711
0.7352
0.7981
0.7963
0.894
0.6025
0.7402
0.7744
0.9131
0.7367
0.696
0.629
0.5917
0.5379
0.6567
0.6729
0.7604
0.7571
0.7388
0.8729
0.6729
0.6865
0.7631
0.691
0.7583
0.7594
0.749
0.7813
0.8552
0.7254
0.5588
0.8023
0.715
0.5606
0.5002
0.586
0.84
0.6163
0.5188
0.7521
0.7152
0.8298
0.6396
0.7942
0.849
0.8677
0.7888
0.6783
0.7667
0.8021
0.719
0.6581
0.7565
0.7869
0.795
0.7694
0.7396
0.7163
0.5713
0.5467
0.6894
0.5804
0.4965
0.7642
0.7885
0.6496
0.6235
0.7927
0.6721
0.4608
0.4473
0.5017
0.6281
0.6485
0.7727
0.78
0.7731
0.7722
0.6454
0.6271
0.6946
0.7623
0.7502
0.7635
0.7265
0.6433
0.6979
0.6963
0.516
0.4713
0.5133
0.6963
0.7396
0.6844
0.691
0.731
0.7467
0.7573
0.6631
0.7427
0.8144
0.7554
0.5521
0.6365
0.5729
0.7194
0.789
0.7838
0.6808
0.5581
0.5327
0.7623
0.7906
0.7869
0.7692
0.4444
0.3902
0.4748
0.6515
0.5719
0.6744
0.7225
0.7383
0.5588
0.5296
0.6308
0.8169
0.7165
0.659
0.6988
0.659
0.7915
0.7777
0.8196
0.8456
0.91
0.71
0.564
0.6838
0.7615
0.7567
0.7717
0.4169
0.4333
0.3804
0.5008
0.6515
0.801
0.7533
0.7277
0.4115
0.4894
0.5365
0.5725
0.5958
0.8513
0.8446
0.5969
0.4363
0.4581
0.444
0.4571
0.4317
0.4996
0.6413
0.7077
0.8067
0.8406
0.8292
0.8885
0.6438
0.5579
0.6063
0.4485
0.4765
0.6252
0.7469
0.7952
0.7865
0.8119
0.8758
0.7098
0.8619
0.8421
0.9171
0.936
0.874
0.8673
0.8335
0.891
0.9075
0.924
0.9208
0.8644
0.6463
0.8198
0.8725
0.7308
0.4527
0.6113
0.8294
0.8521
0.8981
0.8977
0.8871
0.9079
0.8546
0.7813
0.8935
0.6658
0.4756
0.616
0.6354
0.5235
0.4665
0.7477
0.4896
0.5044
0.6373
0.8258
0.5398
0.7256
0.9521
0.829
0.8667
0.8419
0.8675
0.9127
0.8094
0.8571
0.8631
0.9258
0.6275
0.4573
0.4802
0.6863
0.5133
0.4665
0.4669
0.6181
0.5865
0.471
0.479
0.5538
0.6306
0.6115
0.8088
0.6702
0.9004
0.7417
0.5413
0.5331
0.5744
0.5594
0.5329
0.5915
0.4494
0.7913
0.8917
0.9479
0.8196
0.5856
0.5392
0.5065
0.5969
0.7677
0.7235
0.6256
0.4998
0.5481
0.426
0.4156
0.5675
0.7515
0.8775
0.8894
0.7404
0.5679
0.7506
0.671
0.6013
0.6146
0.6844
0.5917
0.9556
0.9746
0.8698
0.8985
0.8896
0.9294
0.8542
0.8696
0.7944
0.8065
0.8794
0.8883
0.8938
0.8423
0.901
0.8631
0.8379
0.8766
0.886
0.8727
0.8567
0.8308
0.92
0.541
0.5906
0.7288
0.5944
0.6804
0.4585
