20000101
0.4182
0.4328
0.41
0.4247
0.4297
0.4141
0.4094
0.4229
0.4389
0.4483
0.4207
0.3981
0.39
0.4403
0.4673
0.4307
0.4234
0.3893
0.3997
0.4021
0.391
0.3807
0.3917
0.3571
0.3745
0.4
0.3985
0.3465
0.4335
0.459
0.465
0.4745
0.5124
0.4828
0.4603
0.4657
0.4521
0.4504
0.5289
0.4986
0.4585
0.491
0.4762
0.4377
0.4854
0.499
0.5043
0.5166
0.5448
0.5267
0.5014
0.4788
0.4693
0.4656
0.4823
0.4944
0.5093
0.5145
0.5079
0.5081
0.5004
0.4893
0.4762
0.5134
0.5089
0.4903
0.5006
0.5071
0.5133
0.5279
0.5472
0.5577
0.5346
0.5073
0.5403
0.5024
0.5114
0.5267
0.4993
0.49
0.5213
0.5297
0.5206
0.4961
0.5173
0.5279
0.5297
0.4887
0.4538
-99
0.6891
-99
-99
-99
-99
-99
-99
-99
-99
-99
0.9591
0.7838
0.6653
0.6184
0.6886
0.597
0.8105
0.6286
0.7064
0.705
0.6938
0.6077
0.5919
0.6352
0.6092
0.5426
0.5027
0.8389
0.7462
0.7659
0.6181
0.5403
0.5597
0.4743
0.4813
0.7461
0.7843
0.7282
0.7328
0.7672
0.6706
0.5623
0.577
0.6231
0.6291
0.6291
0.6264
0.5906
0.5721
0.5906
0.5682
0.5629
0.5658
0.5845
0.5956
0.5646
0.5906
0.5586
0.581
0.6076
0.6388
0.6216
0.6274
0.6433
0.6409
0.635
0.5795
0.5853
0.5884
0.64
0.6097
0.5491
0.5344
0.5878
0.5658
0.602
0.6228
0.5683
-99
-99
0.6122
0.6288
0.6223
0.6476
0.6124
0.6212
0.6124
0.638
0.6903
0.6598
0.6672
0.6729
0.6642
0.6986
0.6585
0.6378
0.6523
0.6719
0.6503
0.6094
0.6473
0.5862
0.6219
0.5942
0.5673
0.5785
0.6419
0.5918
0.6046
0.6373
0.6654
0.6684
0.6711
0.689
0.623
0.6428
0.6393
0.6366
0.6745
0.6512
0.6214
0.6565
0.6748
0.6668
0.6821
0.6185
0.6136
0.6159
0.6071
0.6274
0.6513
0.6418
0.6579
0.6674
0.646
0.6568
0.6967
0.6986
0.6803
0.6923
0.6845
0.6823
0.6624
0.6513
0.6548
0.6725
0.6956
0.6564
0.6905
0.6288
0.6192
0.6576
0.5944
0.6073
0.6247
0.6249
0.5945
0.6065
0.5994
0.6128
0.6159
0.6217
0.6318
0.6353
0.6442
0.6036
0.6469
0.6488
0.6346
0.6454
0.6198
0.6145
0.5845
0.5395
0.5774
0.6178
0.6139
0.5871
0.6207
0.6228
0.5953
0.58
0.5738
0.5827
0.5676
0.5918
0.5648
0.5874
0.5613
0.5783
0.5709
0.5729
0.5568
0.5675
0.5432
0.4961
0.5577
0.5656
0.5278
0.5429
0.5409
0.5584
0.5597
0.5466
0.5659
0.5575
0.569
0.5586
0.5491
0.5223
0.5415
0.5481
0.5368
0.5224
0.5315
0.5242
0.5281
0.5644
0.5267
0.5282
0.5678
0.53
0.5045
0.4889
0.4903
0.5259
0.5649
0.508
0.5372
0.4883
0.4879
0.4986
0.4864
0.5203
0.5417
0.5185
0.5379
0.5275
0.515
0.505
0.5291
0.5353
0.5397
0.533
0.5332
0.5121
0.5156
0.51
0.5009
0.5332
0.5475
0.5169
0.5333
0.5157
0.5142
0.509
0.4993
0.5023
0.5069
0.5269
0.4767
0.4607
0.481
0.5094
0.5021
0.5285
0.5397
0.5266
0.5237
0.5135
0.5272
0.525
0.4961
0.506
0.4978
0.4658
0.5168
0.5355
0.5094
0.5361
0.5292
0.548
0.479
0.4881
0.4717
0.5019
0.5206
0.5372
0.5291
0.5483
0.5253
0.5045
0.5045
0.5112
0.4952
0.5043
0.4907
0.5016
0.5233
0.5156
0.5221
0.4863
0.5294
0.517
0.5004
0.4861
0.5076
0.513
0.4959
0.4911
0.5076
0.525
0.5236
0.5486
0.5381
0.5087
0.506
0.5225
0.5121
0.511
0.5324
0.5254
0.485
0.5016
0.487
0.4962
0.4747
0.4931
0.5053
0.5129
0.53
0.5142
0.4631
0.4752
0.4882
0.501
0.4953
0.5558
0.5255
0.5606
0.5461
0.5579
0.5334
0.5538
0.5405
0.5723
0.5542
0.5406
0.5359
0.5591
0.5575
0.5566
0.5539
0.55
0.573
0.5746
0.5816
0.6288
0.6042
0.573
0.5518
0.5531
0.5511
0.5646
0.5506
0.5652
0.597
0.5693
0.5679
0.5755
0.5847
0.6029
0.5979
0.5838
0.5862
0.5888
0.5879
0.5749
0.5672
0.5745
0.5648
0.5783
0.5627
0.5497
0.5639
0.5519
0.5328
0.5531
0.595
0.6143
0.5754
0.5822
0.6042
0.5877
0.5685
0.5131
0.5411
0.5497
0.5276
0.5329
0.5509
0.5667
0.5703
0.5873
0.55
0.4869
0.5762
0.609
0.5924
0.5818
0.5951
0.6337
0.5806
0.5916
0.5988
0.5836
0.613
0.6083
0.6032
0.601
0.6115
0.6528
0.6697
0.6629
0.6591
0.6711
0.6731
0.6484
0.6553
0.6166
0.636
0.6529
0.6433
0.6269
0.6573
0.6483
0.6061
0.6229
0.623
0.6573
0.6722
0.6779
0.6325
0.6313
0.6405
0.6266
0.6764
0.6689
0.6821
0.6708
0.6864
0.6449
0.6818
0.6711
0.65
0.6653
0.7029
0.7005
0.6873
0.6792
0.666
0.6539
0.6488
0.64
0.6677
0.6019
0.6615
0.6716
0.6926
0.7053
0.6946
0.6205
0.6195
0.6586
0.6457
0.596
0.6151
0.6571
0.6658
0.6663
0.6769
0.7113
0.7211
0.7054
0.7039
0.721
0.7128
0.716
0.7082
0.7317
0.6887
0.6832
0.673
0.6874
0.6959
0.6805
0.7066
0.665
0.664
0.6828
0.6885
0.695
0.6832
0.622
0.6603
0.6958
0.6826
0.681
0.6925
0.7186
0.7185
0.6757
0.7016
0.6963
0.6805
0.6689
0.6988
0.6913
0.645
0.617
0.6261
0.6615
0.6528
0.6354
0.6189
0.6276
0.6485
0.6687
0.6368
0.6076
0.6476
0.6527
0.6513
0.6033
0.6118
0.5897
0.5782
0.6069
0.6223
0.6573
0.6495
0.6189
0.6177
0.6193
0.6071
0.6419
0.6186
0.6485
0.6563
0.6553
0.6668
0.6828
0.6405
0.6643
0.6704
0.6344
0.6069
0.6148
0.6159
0.6412
0.6809
0.6486
0.6165
0.5996
0.6251
0.6095
0.6241
0.639
0.6
0.5939
0.5823
0.6011
0.5718
0.5558
0.5688
0.6031
0.6114
0.5777
0.6114
0.6149
0.5776
0.5357
0.5681
0.5826
0.5563
0.5356
0.5435
0.5582
0.5545
0.5053
0.5577
0.5831
0.5543
0.5667
0.5532
0.5041
0.4946
0.489
0.4836
0.5257
0.5065
0.5448
0.5256
0.5261
0.5309
0.5025
0.5017
0.511
0.52
0.5215
0.5311
0.5371
0.4677
0.4979
0.5071
0.4895
0.4986
0.5093
0.5459
0.5315
0.5023
0.4744
0.4858
0.4919
0.4584
0.4426
0.386
0.4267
0.4164
0.4424
0.4737
0.4607
0.4605
0.4508
0.386
0.4145
0.4444
0.4648
0.4786
0.5169
0.5198
0.5393
0.5497
0.4843
0.4924
0.511
0.5093
0.5369
0.5347
0.5484
0.5384
0.5019
0.5398
0.5233
0.474
0.4814
0.532
0.501
0.5061
0.5011
0.5105
0.512
0.5226
0.5185
0.5623
0.5507
0.5565
0.5331
0.5393
0.5496
0.5677
0.5396
0.5502
0.5772
0.5691
0.5271
0.5447
0.5518
0.5545
0.5477
0.5541
0.5609
0.566
0.5502
0.5648
0.5752
0.5515
0.5446
0.5297
0.5421
0.5454
0.5348
0.5902
0.5657
0.5859
0.5836
0.5681
0.5802
0.5942
0.5727
0.5667
0.5445
0.5379
0.5636
0.4946
0.5476
0.5298
0.5516
0.5624
0.574
0.6703
0.8495
0.6516
0.79
0.7602
0.7771
0.8663
0.8022
0.7707
0.7195
0.6584
0.6343
0.7705
0.8125
0.83
0.7086
0.8391
0.6595
0.8473
0.7853
0.6983
0.5946
0.7605
1
0.7909
0.7503
0.8233
0.8638
0.9823
0.8385
0.8445
0.9294
0.9655
0.7803
0.7997
0.8426
0.7728
0.7039
0.7718
0.8011
0.7576
0.7485
0.6374
0.6716
0.6477
0.6798
0.6055
0.6518
0.7594
0.7778
0.7325
0.8922
0.7688
0.729
0.5832
0.7172
0.7262
0.8381
0.8746
0.9393
0.9176
0.8962
0.7614
0.6726
0.6932
0.6595
0.5461
0.5568
0.6442
0.6143
0.5559
0.516
0.7553
0.6766
0.5876
0.5649
0.6224
0.6028
0.5933
0.6539
0.5921
0.5095
0.5344
0.4312
0.3717
0.6697
0.9159
0.6813
0.6715
0.8835
0.6755
0.6339
0.6065
0.5708
0.4508
0.4603
0.4753
0.4477
0.4217
0.4328
0.4559
0.4594
0.4308
0.3733
0.4095
0.6463
0.7274
0.6297
0.5754
0.6289
0.7784
0.8693
0.9689
0.8543
0.7997
0.7709
0.8425
0.8897
0.8713
0.8831
0.8078
0.8243
0.8226
0.8983
0.7484
0.6493
0.7333
0.75
0.782
0.756
0.781
0.6033
0.5444
0.7176
0.7809
0.7835
0.8163
0.7993
0.7986
0.81
0.6277
0.8406
0.8117
0.8867
-99
-99
-99
0.8875
0.8179
0.8034
0.9177
0.8861
0.8437
0.7579
0.8593
0.8216
0.8694
0.8009
0.7876
0.745
0.7894
0.7853
0.7561
0.9882
-99
-99
-99
-99
-99
0.9718
0.9118
0.9061
0.8767
0.926
0.9096
0.9009
0.9133
0.9303
0.878
0.8554
0.831
0.9344
0.871
0.8239
0.9218
0.8739
0.8515
0.8277
0.7969
0.9456
0.9478
0.9396
0.8628
0.8929
0.9427
0.919
0.6571
0.6179
0.6137
0.587
0.6623
0.7629
0.7647
0.7778
0.7677
0.9139
0.842
0.8417
0.7847
0.7518
0.7498
0.7839
0.9328
0.8753
0.7318
0.7138
0.7883
0.7625
0.788
0.7656
0.7024
0.6917
0.7006
0.7816
0.8218
0.7321
0.69
0.7403
0.7967
0.7955
0.8421
0.8219
0.8791
0.8441
0.9314
0.9292
0.9559
0.7654
0.68
0.7803
0.7795
0.6023
0.7126
0.6824
0.7697
0.8459
0.7786
0.772
0.8306
0.8862
0.9027
0.8184
0.8537
0.7997
0.9217
0.8362
0.793
0.8311
0.9703
0.967
0.8977
0.8719
0.8858
0.7861
0.7433
0.9732
0.8208
0.8341
0.8809
0.6097
0.7259
0.8717
0.8961
0.8241
0.8733
0.8851
0.9309
0.8297
0.8876
0.9203
0.8894
0.947
0.9363
0.862
0.8979
0.9183
0.9727
0.9907
0.9663
0.8718
0.8513
0.8884
0.7821
0.8455
0.9731
0.7966
0.8694
0.9003
0.7812
0.792
0.8431
0.844
0.8251
0.9282
0.9221
0.8955
0.7929
0.8514
0.8947
0.7653
0.8061
0.8419
0.8597
0.8894
0.9461
0.8752
0.8644
0.8149
0.7964
0.5351
0.6568
0.8203
0.7825
0.7665
0.7431
0.7718
0.3685
0.6803
0.8223
0.7639
0.6815
0.73
0.7354
0.81
0.8031
0.82
0.7523
0.7217
0.83
0.8635
0.8756
0.8572
0.7664
0.6308
0.6546
0.8967
0.9762
0.9109
0.8475
0.8124
0.7517
0.8417
0.9082
0.8279
0.8457
0.8265
0.7319
0.758
0.7644
0.8128
0.7648
0.7576
0.7688
0.7935
0.755
0.6297
0.6226
0.71
0.7439
0.7558
0.674
0.5915
0.5422
0.5912
0.5805
0.5903
0.5642
0.5509
0.5742
0.6006
0.7064
0.7024
0.9303
0.8883
0.7942
0.8071
0.8274
0.5938
0.4191
0.5721
0.8429
-99
0.694
0.66
0.7534
0.6997
0.7483
0.6968
0.5959
0.6588
0.6086
0.557
0.6463
0.6107
0.615
-99
-99
0.637
0.665
0.6321
0.5854
0.6515
0.6558
0.5642
0.5958
0.543
0.5348
0.4925
0.5606
0.5021
0.7523
0.9683
0.8206
0.8628
0.7745
0.6851
0.6971
0.7382
0.6606
0.6294
0.7025
0.7426
0.7876
0.6738
0.6664
0.5453
0.6024
0.6577
0.5383
0.6403
0.7285
0.5254
0.6123
0.5825
0.5386
0.5025
0.4655
0.5753
0.5766
0.5321
0.5656
0.7144
0.6734
0.5977
0.5762
0.5144
0.48
0.4883
0.4482
0.4018
0.4676
0.4958
0.5389
0.6259
0.5877
0.5675
0.469
0.4139
0.3126
0.3042
0.3503
0.5063
0.6139
0.6279
0.6797
0.6503
0.5815
0.4597
0.4657
0.5358
0.5633
0.7383
0.7147
0.6268
0.5846
0.6311
0.4966
0.4633
0.4387
0.4216
0.4981
0.5745
0.5114
0.6528
0.6351
0.5045
0.5997
0.5419
0.6221
0.6603
0.6672
0.7142
0.6562
0.5986
0.5869
0.59
0.5825
0.5613
0.6169
0.5447
0.4449
0.4779
0.5006
0.4376
0.4605
0.432
0.439
0.43
0.4176
0.3743
0.3537
0.3284
0.5058
0.7025
0.8335
0.6244
0.4959
0.6063
0.7025
0.6606
0.5795
0.6047
0.6092
0.6824
0.6318
0.6688
0.5294
0.5635
0.7206
0.8235
0.8326
0.7409
0.784
0.8247
0.7937
0.8369
0.738
0.7035
0.663
0.7294
0.7497
0.7322
0.6654
0.5667
0.6203
0.6241
0.6239
0.6939
0.6734
0.742
0.75
0.7605
0.7117
0.7621
0.7863
0.8815
0.8066
0.7831
0.8952
0.7665
0.7809
0.7354
0.7094
0.6109
0.7405
0.7333
0.7659
0.7852
0.7867
0.8208
0.8406
0.8553
0.7624
0.8803
0.6643
0.9878
0.9114
0.9022
0.8415
0.814
0.8135
0.7044
0.7416
0.7844
0.955
0.9329
0.8729
0.8476
0.8191
0.8914
0.8459
0.85
0.8619
0.8443
0.8409
0.8712
0.9874
0.9345
0.8852
0.9035
0.9548
0.9348
0.884
0.9403
0.8989
0.8985
0.903
0.8687
0.9581
0.9984
0.9145
0.8891
0.8161
0.8281
0.9277
0.8881
0.7978
0.8238
0.8906
0.8738
0.9082
0.9144
0.9188
0.8647
0.8218
0.8229
0.9378
0.8042
0.851
0.8341
0.9364
0.9935
1
0.972
0.8691
0.8697
0.8684
0.87
0.9479
0.9348
0.9984
0.72
0.7143
0.8838
0.9371
0.9903
1
0.9063
0.8624
0.8129
0.6905
0.851
0.7373
0.7103
0.8462
0.8669
0.9289
0.9928
1
0.857
0.7629
0.8951
0.94
0.8013
0.7489
0.7669
0.8568
0.7984
0.69
0.6187
0.7831
0.8254
0.9093
0.83
0.8391
0.8103
0.8897
0.7569
0.6787
0.735
0.788
0.8824
0.8977
0.908
1
0.9865
0.9931
1
0.9975
0.934
0.8877
0.9
0.993
0.8743
0.8212
0.8503
0.9924
0.8842
0.7778
0.8174
0.8228
0.8316
0.891
0.6947
0.7425
0.8138
0.9557
0.959
0.7735
0.7592
0.7715
0.6158
0.6276
0.7044
0.7244
0.7195
0.662
0.6737
0.6642
0.7085
0.8518
0.7069
0.8078
0.8994
0.8674
0.8203
0.75
0.7205
0.823
0.8294
0.7552
0.6958
0.6162
0.6344
0.5815
0.6189
0.6183
0.8863
0.7692
0.6978
0.8795
0.8163
0.7846
0.7466
0.7213
0.7446
0.7345
0.6411
0.6627
0.9306
0.8144
0.7621
0.6523
0.7244
0.6591
0.7803
0.6455
0.8392
0.8122
0.7956
0.6069
0.6381
0.6264
0.8994
0.7385
0.7457
0.7226
0.6548
0.6247
0.8738
0.8915
0.7373
0.6773
0.8146
0.9735
0.744
0.7017
0.5991
0.6044
0.5697
0.63
0.7216
0.9023
0.8538
0.6941
0.6716
0.6797
0.685
0.6779
0.6466
0.6094
0.58
0.5659
0.5786
0.6938
0.6729
0.6215
0.7078
0.7153
0.6666
0.6738
0.699
0.6832
0.6006
0.55
0.5566
0.5991
0.5474
0.5685
0.5744
0.5074
0.5042
0.5764
0.5751
0.6062
0.6556
0.6729
0.8
0.5981
0.5397
0.503
0.5848
0.5173
0.6108
0.6087
0.5381
0.6097
0.568
0.5492
0.4497
0.5003
0.5708
0.4738
0.5981
0.5575
0.5983
0.6015
0.5781
0.6682
0.6434
0.506
0.5274
0.7058
0.7391
0.6181
0.624
0.6109
0.6469
0.54
0.5483
0.4967
0.5461
0.6618
0.6373
0.4983
0.6169
0.5663
0.635
0.5808
0.585
0.5862
0.7465
0.6753
0.5386
0.5013
0.545
0.57
0.675
0.6097
0.6194
0.611
0.4949
0.6381
0.6048
-99
-99
-99
-99
-99
-99
-99
-99
-99
-99
-99
-99
-99
-99
-99
0.6788
0.6874
0.7589
0.7906
0.7673
0.7803
0.7418
0.7074
0.7574
0.6209
0.5581
0.5974
0.6129
0.6323
0.6543
0.6586
0.6929
0.7542
0.7313
0.7639
0.7255
0.7033
0.6103
0.6459
0.9543
-99
-99
-99
-99
-99
-99
0.5475
0.6866
0.7112
0.72
0.762
0.7624
0.7988
0.6369
0.456
0.5352
0.6303
0.7172
0.7223
0.6497
0.56
0.6413
0.6597
0.6878
0.6373
0.6021
0.6271
0.692
0.6639
0.7569
0.69
0.8071
0.8131
0.7092
0.6194
0.7067
0.769
0.9238
0.8682
0.8047
0.7619
0.8223
0.8103
0.9303
0.9324
0.805
0.8236
0.8544
0.6861
0.7718
0.7888
0.7548
0.7832
0.8309
0.6657
0.43
0.5948
0.7459
0.7894
0.8081
0.8319
0.8267
0.8349
0.8897
0.9156
0.8837
0.9057
0.9043
0.8639
0.9197
0.9091
0.8995
0.8142
0.7792
0.8657
0.9397
0.9406
0.9068
0.9626
0.9639
0.9818
0.9811
0.9344
-99
-99
-99
-99
-99
0.7229
0.7261
0.795
0.6756
0.8159
0.8663
0.8524
0.9321
0.9857
0.6543
0.6868
0.8423
0.5035
0.7221
0.9449
0.9167
0.9673
0.9263
0.9888
0.9996
0.9975
1
1
1
0.9979
1
0.9742
0.9588
0.9668
0.9658
0.9368
0.9533
0.9379
0.6942
0.7246
0.8067
0.8185
0.8967
0.6392
0.4321
0.4283
0.5417
0.6004
0.5996
0.5092
0.6629
0.7213
0.6921
0.7354
0.7542
0.7708
0.7788
0.8296
0.7329
0.8271
0.8588
0.7463
0.6513
0.6417
0.4279
0.5263
0.4608
0.5517
0.6617
0.6108
0.615
0.4917
0.8404
0.8054
0.6721
0.6725
0.6613
0.5733
0.5688
0.8063
0.7492
0.6567
0.5375
0.5883
0.5158
0.4225
0.5179
0.5617
0.6167
0.7346
0.6792
0.6225
0.735
0.7392
0.6042
0.4492
0.4258
0.3958
0.4213
0.6929
0.72
0.8654
0.8025
0.7929
0.7871
0.6342
0.5842
0.6779
0.6129
0.6067
0.63
0.7883
0.7733
0.7725
0.7963
0.6783
0.6325
0.6333
0.4288
0.3858
0.5125
0.5729
0.63
0.6775
0.6796
0.6283
0.6313
0.5833
0.5663
0.5692
0.7075
0.7063
0.66
0.6279
0.5796
0.5533
0.4463
0.3796
0.3575
0.3275
0.3042
0.4971
0.4908
0.5063
0.4963
0.5154
0.4988
0.4788
0.5821
0.7017
0.7292
0.6879
0.7613
0.7054
0.5696
0.6629
0.8396
0.6379
0.6292
0.4788
0.4571
0.5625
0.5592
0.6046
0.4475
0.3317
0.36
0.4833
0.4475
0.7075
0.7433
0.63
0.5363
0.4767
0.5875
0.5688
0.5729
0.5829
0.605
0.5783
0.6246
0.6775
0.6354
0.6754
0.665
0.5971
0.5792
0.5646
0.4642
0.3904
0.5554
0.6654
0.6054
0.6008
0.7108
0.5004
0.48
0.5133
0.7079
0.5467
0.555
0.5717
0.5917
0.5971
0.6533
0.5671
0.5625
0.5458
0.6013
0.6233
0.5846
0.5808
0.4742
0.5025
0.4579
0.3475
0.3138
0.4738
0.4704
0.5508
0.6079
0.6113
0.6154
0.5975
0.6279
0.6792
0.6367
0.6375
0.6083
0.6475
0.5542
0.6279
0.825
0.8233
0.665
0.6288
0.61
0.6
0.6179
0.6304
0.6575
0.7613
0.8442
0.7014
0.6475
0.6554
0.6617
0.7158
0.7138
0.7367
0.6833
0.5838
0.52
0.53
0.5779
0.5992
0.6467
0.7013
0.7304
0.6946
0.6314
0.6217
0.6658
0.6713
0.5833
0.4967
0.4604
0.6521
0.7308
0.8396
0.8621
0.7696
0.6521
0.6246
0.7046
0.71
0.7675
0.7071
0.6117
0.6988
0.5354
0.5763
0.6279
0.6458
0.6954
0.7571
0.7125
0.7183
0.735
0.7483
0.755
0.7542
0.685
0.6592
0.5467
0.5942
0.6421
0.7129
0.7729
0.7454
0.7713
0.77
0.815
0.8246
0.8529
0.9629
0.9675
0.9483
0.8854
0.7792
0.9167
0.9208
0.82
0.8467
0.7804
0.9267
0.8758
0.8563
0.8292
0.7908
0.815
0.8079
0.7721
0.8713
0.83
0.8263
0.8092
0.8267
0.8242
0.8183
0.8138
0.7996
0.9488
0.9104
0.9688
0.97
0.9408
0.84
0.8913
0.9483
0.8433
0.8888
0.8608
0.8221
0.8213
0.8683
0.8246
0.7692
0.79
0.7767
0.7925
0.8275
0.8
0.8529
0.8388
0.9346
0.8146
0.8596
0.82
0.8227
0.8442
0.9018
0.7488
0.825
0.9158
0.9563
0.9529
0.9846
0.9071
0.9296
0.8558
0.8321
0.8538
0.8704
0.9729
0.9754
0.9767
0.9733
0.9817
0.98
0.9846
0.9225
0.8988
0.9042
0.9479
0.7942
0.7363
0.7375
0.8163
0.8179
0.8729
0.8792
0.8733
0.8833
0.9233
0.9721
0.8979
0.9075
0.92
0.9575
0.885
0.9283
0.8754
0.9271
0.93
0.9729
0.9308
0.9825
0.8033
0.8233
0.9158
0.8438
0.9183
0.9229
0.9635
0.9508
0.987
0.99
0.9917
0.9717
0.8655
0.8642
0.8504
0.8371
0.7771
0.8292
0.8405
0.7979
0.7592
0.8
0.8225
0.7229
0.6196
0.6308
0.695
0.6959
0.7604
0.8125
0.8004
0.7313
0.6696
0.7538
0.6972
0.7317
0.7467
0.7105
0.6573
0.74
0.5913
0.5913
0.7305
0.6717
0.6758
0.6067
0.56
0.6546
0.7775
0.7838
0.8026
0.7726
0.6646
0.8058
0.8129
0.8083
0.7992
0.7133
0.7388
0.7283
0.6688
0.6358
0.6458
0.5683
0.6004
0.6409
0.6526
0.6729
0.5883
0.6804
0.6565
0.5988
0.7078
0.8213
0.8004
0.6773
0.5954
0.5691
0.6264
0.6696
0.5967
0.65
0.6742
0.8996
0.7092
0.7025
0.7454
0.7504
0.6033
0.5573
0.555
0.5045
0.59
0.6841
0.6175
0.5592
0.6046
0.6946
0.5929
0.5133
0.5842
0.6418
0.5613
0.6821
0.6146
0.5204
0.6782
0.64
0.5779
0.6513
0.5338
0.4005
0.4388
0.4277
0.5683
0.5571
0.565
0.57
0.5558
0.5063
0.5765
0.5483
0.5759
0.4858
0.3775
0.4496
0.5679
0.5996
0.5696
0.5577
0.5721
0.5275
0.48
0.4271
0.4579
0.3917
0.4883
0.6013
0.4776
0.4565
0.4517
0.5377
0.3794
0.5954
0.6479
0.6738
0.5335
0.5854
0.5918
0.5641
0.5688
0.5064
0.6762
0.5535
0.5842
0.6555
0.5688
0.5267
0.4483
0.3788
0.5271
0.515
0.5946
0.6238
0.6004
0.6192
0.5683
0.4841
0.4496
0.57
0.5725
0.5788
0.6467
0.6838
0.6292
0.6065
0.5992
0.49
0.4645
0.5046
0.6029
0.5813
0.4854
0.3813
0.5059
0.5679
0.5446
0.5425
0.5708
0.4813
0.5696
0.5113
0.5421
0.5717
0.5967
0.6427
0.6173
0.5421
0.5682
0.5733
0.5127
0.5654
0.5883
0.7755
0.7285
0.7192
0.6488
0.6021
0.5975
0.6425
0.6413
0.5988
0.7333
0.5996
0.5741
0.6029
0.6033
0.5254
0.6386
0.6821
0.715
0.7333
0.6604
0.5036
0.5832
0.6208
0.6025
0.6833
0.6371
0.6688
0.6771
0.8804
0.9158
0.9483
0.7113
0.7858
0.7136
0.735
0.7267
0.7188
0.7129
0.7514
-99
-99
0.755
0.7013
0.7417
0.7867
0.819
0.7413
0.7705
0.7292
0.6925
0.6438
0.6904
0.7133
0.735
0.8018
0.7943
0.8143
0.7821
0.8975
0.815
0.8092
0.7691
0.8204
0.9029
0.8629
0.8571
0.8988
0.9208
0.7917
0.9365
0.8017
0.8031
-99
-99
-99
-99
-99
-99
0.8721
0.7838
0.7025
-99
0.7621
0.8158
0.8104
0.7679
0.8617
0.9725
0.9742
0.9304
0.8596
0.8204
0.8255
0.8967
0.8754
0.8142
0.8283
0.8217
0.8295
0.7638
0.7971
0.7725
0.8017
0.9242
0.7941
0.8833
0.9082
0.9223
0.8617
0.8408
0.8713
0.8329
0.8521
0.8858
0.8717
0.8583
0.7555
0.9083
0.94
0.8996
0.9279
0.9823
0.9738
0.9779
0.98
0.8921
0.9046
0.9132
0.9429
0.9004
0.9783
0.9638
0.9379
0.9825
0.9863
0.9846
0.9813
0.9554
0.885
0.9475
0.7663
0.8342
0.8971
0.8758
0.9404
0.9717
0.9825
0.9038
0.9413
0.9667
0.97
0.987
0.99
0.9527
0.9413
0.9433
0.9686
0.8788
0.9654
0.9104
0.8465
0.7667
0.7033
0.8775
0.8679
0.7225
0.8129
0.8458
0.8283
0.9758
0.9133
0.9067
0.9308
0.9547
0.9235
0.9833
0.8604
0.8708
0.8013
0.7079
0.7525
0.7083
0.6967
0.7208
0.7406
0.2588
0.7675
0.8936
0.885
0.8029
0.8313
0.8314
0.7759
0.7864
0.7325
0.6613
0.7413
0.7367
0.6691
0.655
0.6925
0.6425
0.5404
0.5975
0.8463
0.5929
0.755
0.6115
-99
-99
0.706
0.6346
0.7308
-99
-99
-99
-99
-99
-99
-99
-99
-99
-99
-99
-99
0.5392
0.6517
0.6026
0.76
0.8429
0.8283
0.9608
0.8813
0.9308
0.8704
0.7882
0.7961
0.6991
0.7967
0.813
0.9029
0.9674
0.9738
0.9075
0.7896
0.8746
0.7967
0.7363
0.7446
0.7542
0.7046
0.653
0.6339
0.6314
0.6058
0.6021
0.8025
0.7588
0.7475
0.9388
0.739
0.8459
0.8575
0.7667
0.6513
0.6813
0.6723
0.5383
0.61
0.5433
0.6171
0.5404
0.6142
0.6017
0.6121
0.7238
0.6758
0.8308
0.5842
0.4943
0.5654
0.5538
0.54
0.7046
0.7333
0.6146
0.5408
0.5592
0.5958
0.5704
0.5242
0.5409
0.5808
0.68
0.7987
0.6492
0.555
0.565
0.5183
0.5841
0.5604
0.5708
0.5004
0.6417
0.6392
0.6863
0.6713
0.8075
0.5852
0.6005
0.5522
0.5187
0.6682
0.4992
0.5163
0.4863
0.5442
0.6936
0.6323
0.5391
0.5375
0.6948
0.6119
0.4604
0.4913
0.4983
0.37
0.4284
0.4967
0.546
0.6338
0.6092
0.62
0.5325
0.4208
0.4933
0.5954
0.6213
0.6304
0.6404
0.6563
0.7143
0.536
0.5083
0.63
0.613
0.5354
0.6275
0.625
0.5792
0.6192
0.6433
0.6692
0.5483
0.6467
0.6542
0.7238
0.7817
0.5738
0.6058
0.6096
0.6117
0.7229
0.6592
0.5675
0.525
0.5446
0.6058
0.6754
0.6229
0.5467
0.505
0.6367
0.6729
0.6908
0.5758
0.5692
0.4688
0.3729
0.4288
0.5375
0.5438
0.6113
0.6292
0.64
0.625
0.6404
0.6379
0.6538
0.6892
0.6967
0.7033
0.6604
0.6788
0.6338
0.6167
0.6975
0.6246
0.7967
0.7417
0.6713
0.74
0.8404
0.845
0.7629
0.7092
0.665
0.585
0.53
0.6338
0.6996
0.7575
0.7242
0.7475
0.8575
0.8463
0.9058
0.8604
0.8492
0.8054
0.7479
0.7725
0.8846
0.7863
0.7592
0.7688
0.7492
0.7446
0.8438
0.8483
0.7988
0.7942
0.6588
0.6925
0.7475
0.8117
0.7371
0.7204
0.7638
0.7379
0.7304
0.5517
0.5879
0.67
0.7279
0.77
0.7913
0.8554
0.8229
0.7738
0.7546
0.6983
0.7683
0.7179
0.6429
0.7571
0.7079
0.5188
0.5058
0.5596
0.5333
0.3996
0.8058
0.8842
0.8192
0.8475
0.8688
0.8754
0.8363
0.8233
0.829
0.67
0.8704
0.8633
0.9513
0.7721
0.8071
0.8325
0.8271
0.8579
0.6871
0.6233
0.6721
0.6758
0.7238
0.715
0.7263
0.7279
0.7521
0.7354
0.7621
0.7679
0.7254
0.6892
0.7192
0.8479
0.9363
0.9625
0.9125
0.9613
0.9688
0.9804
0.9675
0.9317
0.9792
0.9704
0.9467
0.9471
0.9538
0.9121
0.9217
0.8688
0.9088
0.9321
0.8263
0.7621
0.8238
0.8758
0.8525
0.81
0.7654
0.8492
0.9067
0.9792
0.9792
0.9288
0.875
0.8638
0.9029
0.945
-99
0.9813
0.9592
0.935
0.8525
0.9
0.8646
0.7963
0.7213
0.7175
0.765
0.7742
0.6533
0.6571
0.6171
0.7417
0.6779
0.6747
0.7421
0.7175
0.7492
0.7475
0.8604
0.86
0.8083
0.84
0.8117
0.7283
0.7371
0.9121
0.9033
0.8383
0.8608
0.86
0.8317
0.7629
0.7071
0.585
0.4596
0.3963
0.5863
0.6475
0.7675
0.7717
0.665
0.6642
0.6833
0.6046
0.5588
0.5104
0.6138
0.6871
0.6879
0.4988
0.5908
0.5767
0.4608
0.6463
0.5904
0.6579
0.8183
0.7096
0.69
0.7346
0.6146
0.5617
0.6204
0.5825
0.7208
0.7004
0.5117
0.7221
0.7725
0.7775
0.8088
0.8542
0.7239
0.6746
0.7038
0.6025
0.6471
0.7529
0.7779
0.6733
0.9317
0.7413
0.6346
0.7038
0.6788
0.6417
0.5646
0.4804
0.745
0.6588
0.5938
0.5633
0.3833
0.3675
0.3954
0.5613
0.5858
0.6187
0.4338
0.8942
0.8863
0.7946
0.8529
0.7646
0.8871
0.8154
0.8446
0.8754
0.7796
0.9104
0.775
0.6888
0.7746
0.8108
0.7983
0.9117
0.8304
0.9254
0.8346
0.7704
0.7263
0.8133
0.8342
0.8079
0.8229
0.7646
0.7592
0.7054
0.6588
0.67
0.7588
0.7992
0.8979
0.7171
0.6338
0.6471
0.7542
0.8133
0.7821
0.695
0.6746
0.6146
0.5275
0.5196
0.4858
0.5163
0.6258
0.5867
0.7646
0.6238
0.6521
0.6863
0.6208
0.6775
0.5488
0.5879
0.5875
0.6242
0.5446
0.6908
0.6896
0.5783
0.6321
0.8391
0.6813
0.6458
0.6625
0.6871
0.6583
0.6392
0.64
0.5625
0.5796
0.5654
0.6163
0.6567
0.6121
0.6142
0.6213
0.6588
0.6458
0.4629
0.4158
0.5692
0.76
0.6263
0.5275
0.5629
0.5221
0.5496
0.5333
0.5142
0.6575
0.6746
0.6017
0.5263
0.7279
0.6375
0.6267
0.6492
0.6708
0.6213
0.6413
0.7204
0.6921
0.895
0.6717
0.6917
0.7163
0.7442
0.6458
0.5338
0.5071
0.6875
0.7121
0.7388
0.7004
0.6446
0.6029
0.63
-99
0.7058
0.5813
0.7517
0.7571
0.6642
-99
0.6354
0.6771
0.6892
0.7533
0.7758
0.7396
0.7213
0.7488
0.8754
0.9325
0.865
0.7992
0.7971
0.6625
0.7383
0.7129
0.832
0.7358
0.6896
0.5704
0.6742
0.6425
0.6525
0.6671
0.7971
0.8288
0.6692
0.6967
0.7721
0.7888
0.8442
0.8421
0.7854
0.7958
0.9125
0.8138
0.8188
0.8083
0.9133
0.8346
0.8563
0.8129
0.8067
0.8104
0.9517
0.9225
0.7942
0.9129
0.8617
0.9083
0.8367
0.8246
0.84
0.8483
0.8888
0.8996
0.9571
0.9229
0.9583
0.9013
0.7413
0.77
0.8467
0.94
0.9317
0.9325
0.9417
0.9467
0.9754
0.8275
0.8029
0.745
0.6708
0.7558
0.8454
0.7921
0.82
0.7188
0.7263
0.8504
0.8446
0.9042
0.7346
0.7792
0.8296
0.82
0.9179
0.6108
0.7642
0.8625
0.8813
0.91
0.9138
0.8671
0.8983
0.8346
0.8846
0.9575
0.9796
0.9821
0.99
0.9879
0.9813
0.9896
0.9513
0.7983
0.8867
0.8733
0.83
0.9363
0.97
0.8933
0.8504
0.9058
0.8846
0.7871
0.7783
0.9383
0.9671
0.9696
0.9725
0.9775
0.9538
0.9842
0.9817
0.9871
0.99
0.9267
0.8008
0.7738
0.8933
0.8888
0.675
0.7463
0.7554
0.77
0.8413
0.8542
0.8542
0.9171
0.9408
0.9
0.8296
0.7517
0.8458
0.8417
0.74
0.7604
0.7783
0.6583
0.7858
0.7417
0.6958
0.7371
0.8288
0.7808
0.7354
0.7433
0.7992
0.82
0.8667
0.7688
0.7288
0.7983
0.8125
0.8167
0.8575
0.7183
0.9246
0.8833
0.8946
0.9104
0.8088
0.5883
0.6796
0.7329
0.7083
0.72
0.72
0.8008
0.7667
0.7092
0.665
0.7221
0.6692
0.6275
0.5979
0.6683
0.6763
0.7033
0.6117
0.59
0.5957
0.5858
0.6454
0.8054
0.8258
0.7871
0.91
0.845
0.8458
0.9279
0.7942
0.7688
0.7933
0.9683
0.8858
0.7763
0.8475
0.8188
0.8317
-99
-99
-99
-99
-99
0.6591
0.7633
0.7213
0.6467
0.6721
0.6758
0.6017
0.7067
0.8871
0.7042
0.6042
0.6438
0.7117
0.6904
0.6696
0.6375
0.67
0.6279
0.6354
0.5733
0.5425
0.6325
0.7088
0.6804
0.6813
0.7725
0.7108
0.58
0.5363
0.5346
0.5575
0.5192
0.4788
0.49
0.6492
0.5496
0.6254
0.6542
0.6017
0.5663
0.5546
0.5454
0.5271
0.5496
0.5933
0.4905
0.5575
0.6017
0.8308
0.6104
0.6167
0.7129
0.5896
0.5192
0.5475
0.5888
0.495
0.4088
0.445
0.7429
0.5629
0.4954
0.5638
0.5971
0.5346
0.6017
0.6446
0.6433
0.6717
0.6833
0.6421
0.5525
0.5292
0.4317
0.5013
0.4729
0.5171
0.535
0.6088
0.6675
0.7004
0.6738
0.8079
0.6429
0.6929
0.6533
0.4725
0.6092
0.6408
0.565
0.5188
0.5238
0.5846
0.5633
0.5408
0.5108
0.5092
0.445
0.525
0.5746
0.5304
0.5888
0.5308
0.5104
0.6042
0.71
0.6996
0.6813
0.6863
0.6133
0.6025
0.6704
0.7546
0.79
0.6892
0.695
0.6558
0.6146
0.5713
0.545
0.5229
0.4313
0.3904
0.3854
0.3971
0.5683
0.6313
0.625
0.565
0.7296
0.7025
0.6254
0.6592
0.6088
0.6363
0.695
0.6288
0.6917
0.6971
0.6321
0.6042
0.685
0.6896
0.5963
0.5271
0.5442
0.5904
0.6938
0.725
0.7258
0.715
0.6971
0.7071
0.8379
0.7363
0.7321
0.6954
0.7417
0.6842
0.7042
0.7117
0.6975
0.7133
0.6888
0.6292
0.8129
0.8033
0.7063
0.7213
0.6946
0.6321
0.6179
0.6792
0.7479
0.7517
0.6946
0.72
0.6858
0.6663
0.6633
0.6292
0.4963
0.5483
0.6729
0.7613
0.7621
0.8088
0.8433
0.7708
0.8321
0.8588
0.8142
0.8392
0.8596
0.9417
0.8625
0.9242
0.8933
0.7296
0.6546
0.6604
0.6996
0.7575
0.8
0.7642
0.6675
0.7492
0.8121
0.8246
0.8017
0.6796
0.6838
0.6842
0.6175
0.8067
0.7954
0.8454
0.8238
0.8004
0.7588
0.8129
0.7542
0.7788
0.755
0.7896
0.8725
0.7996
0.7288
0.8121
0.8488
0.7346
0.8329
0.8113
0.8596
0.8163
0.8383
0.8696
0.9896
0.9938
0.93
0.9163
0.7646
0.8458
0.8796
0.7704
0.7871
0.8
0.8967
0.9496
0.9438
0.9
0.8071
0.9071
0.8292
0.8371
0.9058
0.7983
0.7675
0.7029
0.8088
0.8438
0.8683
0.9167
0.7479
0.9138
0.9321
0.6825
0.7996
0.8692
0.9075
0.8129
0.8646
0.7588
0.8425
0.8771
0.8642
0.8904
0.7725
0.7921
0.8463
0.8225
0.8275
0.9367
0.9854
0.8754
0.8525
0.8346
0.7492
0.7958
0.7233
0.7767
0.7471
0.8925
0.7933
0.715
0.7633
0.88
0.8167
0.6154
0.5654
0.5992
0.7421
0.7496
0.8008
0.8179
0.8525
0.8208
0.7763
0.6763
0.8179
0.875
0.8054
0.6958
0.7492
0.6192
0.7908
0.6854
0.6771
0.6433
0.8567
0.7888
0.7254
0.5863
0.8254
0.9263
0.7258
0.6204
0.7325
0.7288
0.6996
0.6638
0.685
0.6592
0.5713
0.6104
0.7342
0.6563
0.7379
0.8504
0.7746
0.7667
0.81
0.6721
0.6283
0.6254
0.6938
0.6554
0.6363
0.6854
0.6279
0.6454
0.6467
0.6713
0.5533
0.8375
0.6838
0.6704
0.6096
0.5638
0.8167
0.8063
0.8329
0.7525
0.6683
0.6463
0.75
0.7721
0.6775
0.6321
0.6321
0.8096
0.8258
0.6779
0.6717
0.6496
0.5492
0.6238
0.6838
0.7217
0.6946
0.9592
0.7467
0.6671
0.6475
0.7154
0.69
0.75
0.7821
0.7288
0.8133
0.7504
0.7408
0.6804
0.6058
0.6213
0.6654
0.6313
0.6629
0.6013
0.6567
0.6579
0.5588
0.5783
0.5988
0.6367
0.725
0.6488
0.5858
0.5838
0.5383
0.595
0.6467
0.6033
0.525
0.75
0.7396
0.6538
0.9267
0.7708
0.8542
0.7833
0.7938
0.8471
0.6854
0.6738
0.6796
0.6679
0.6033
0.5108
0.5571
0.6388
0.6392
0.5717
0.4979
0.6017
0.5833
0.6575
0.6229
0.5979
0.4992
0.5167
0.6
0.6504
0.6467
0.5158
0.5796
0.5067
0.4771
0.5733
0.4533
0.4308
0.4738
0.5467
0.575
0.6188
0.6508
0.6188
0.6708
0.5783
0.5779
0.705
0.5708
0.5758
0.5554
0.5671
0.6179
0.5958
0.6225
0.6092
0.6592
0.6929
0.7433
0.6708
0.6304
0.5471
0.5863
0.6292
0.6413
0.6204
0.6242
0.6204
0.69
0.6338
0.5629
0.56
0.5925
0.6946
0.6604
0.8217
0.7271
0.6438
0.5317
0.5621
0.6413
0.6138
0.5333
0.5063
0.5479
0.6242
0.6421
0.6746
0.7329
0.6933
0.6888
0.6454
0.6617
0.6492
0.6363
0.5408
0.589
0.6463
0.6858
0.6863
0.6238
0.6475
0.6571
0.7525
0.9054
0.8454
0.6963
0.8258
0.8833
0.7875
0.825
0.7542
0.6621
0.6433
0.7088
0.7179
0.7071
0.7779
0.7813
0.7725
0.75
0.6692
0.6721
0.6688
0.6858
0.7058
0.7704
0.9358
0.8617
0.8333
0.8575
0.8358
0.8358
0.8125
0.7125
0.6163
0.7121
0.7771
0.7879
0.8179
0.8446
0.8154
0.5488
0.6088
0.6471
0.6367
0.6867
0.7558
0.7988
0.8133
0.7267
0.8175
0.8221
0.815
0.8738
0.7667
0.8475
0.8171
0.6808
0.7417
0.7792
0.8229
0.8325
0.7583
0.6896
0.8608
0.7504
0.8525
0.9088
0.8817
0.8154
0.8221
0.8429
0.8058
0.7763
0.8004
0.7808
0.7754
0.8208
0.8554
0.7783
0.7658
0.785
0.79
0.8321
0.8358
0.8292
0.8571
0.8283
0.9758
0.99
0.9342
0.965
0.6279
0.6442
0.7113
0.7321
0.6638
0.8104
0.9263
0.9304
0.9
0.6963
0.6158
0.6504
0.685
0.8063
0.7554
0.8171
0.8596
0.9492
0.9183
0.8363
0.8758
0.8896
0.8821
0.8013
0.745
0.8463
0.8483
0.8104
0.815
0.9308
0.9858
0.9833
0.99
0.9933
0.9913
0.9583
0.96
0.5313
0.6317
0.6933
0.7292
0.7492
0.7663
0.6783
0.8346
0.8738
0.8525
0.8158
0.7646
0.6742
0.75
0.7967
0.7563
0.7371
0.6838
0.7021
0.7721
0.7713
0.7442
0.9179
0.7463
0.7604
0.7946
0.7254
0.9433
0.7646
0.8221
0.8067
0.7683
0.6746
0.7638
0.7454
0.7371
0.6492
0.555
0.6363
0.5875
0.6163
0.795
0.7379
0.7104
0.6971
0.6104
0.7088
0.7096
0.7275
0.6479
0.8975
0.8063
0.8017
0.9154
0.9367
0.7733
0.7521
0.7471
0.7529
0.6646
0.7025
0.6138
0.6196
0.7242
0.7504
0.7458
0.7296
0.6963
0.7654
0.7413
0.6713
0.5904
0.675
0.8029
0.7275
0.625
0.5758
0.5971
0.5646
0.6179
0.6667
0.6692
0.6988
0.6988
0.5717
0.6871
0.5742
0.5467
0.6642
0.6954
0.6104
0.7538
0.8529
0.8183
0.8504
0.7321
0.6825
0.7033
0.76
0.6942
0.6767
0.72
0.7854
0.6821
0.6788
0.5733
0.7675
0.7979
0.7571
0.6946
0.6433
0.6958
0.6783
0.665
0.5554
0.6342
0.605
0.5792
0.6258
0.5638
0.5471
0.485
0.5267
0.5175
0.4721
0.5729
0.7338
0.5925
0.6767
0.785
0.7888
0.4813
0.6896
0.8325
0.8254
0.72
0.6804
0.8513
0.6483
0.6546
0.7696
0.6513
0.6583
0.6492
0.6042
0.5467
0.6279
0.6188
0.5467
0.5596
0.6654
0.5321
0.465
0.6638
0.6013
0.5825
0.4417
0.4525
0.4742
0.5863
0.5675
0.5767
0.6092
0.7029
0.7308
0.6146
0.6092
0.6296
0.5054
0.5521
0.5346
0.5075
0.6088
0.6342
0.5971
0.6296
0.6196
0.5717
0.5583
0.5638
0.5538
0.6338
0.5921
0.5338
0.5638
0.6258
0.6321
0.6313
0.6188
0.645
0.6379
0.6388
0.6771
0.5838
0.665
0.6292
0.6588
0.655
0.6525
0.5488
0.5658
0.625
0.6796
0.6713
0.6788
0.6121
0.6008
0.5175
0.5396
0.5429
0.4804
0.4113
0.4058
0.3779
0.5054
0.6813
0.6858
0.6096
0.5133
0.6817
0.6554
0.6846
0.7617
0.6929
0.7233
0.75
0.7058
0.6783
0.6392
0.5758
0.6325
0.6467
0.6075
0.5971
0.5988
0.6721
0.6813
0.6408
0.65
0.7458
0.6325
0.59
0.6417
0.6904
0.7371
0.7254
0.7679
0.7125
0.6171
0.5808
0.5592
0.6188
0.6408
0.6792
0.6704
0.5858
0.5238
0.5667
0.6238
0.5863
0.6104
0.6508
0.6346
0.5988
0.5892
0.6383
0.7308
0.655
0.7067
0.7458
0.7029
0.6896
0.6192
0.6763
0.7129
0.7933
0.8079
0.7358
0.6775
0.895
0.9842
0.9704
0.8967
0.8542
0.8217
0.8108
0.8833
0.9304
0.9013
0.8192
0.8992
0.8896
0.8767
0.8225
0.8158
0.8325
0.8008
0.8067
0.955
0.9196
0.8821
0.8663
0.8
0.8608
0.7833
0.9754
0.955
0.9471
0.9863
0.9663
0.9758
0.9742
0.9729
0.9883
0.9808
0.9654
0.8867
0.8071
0.8142
0.8033
0.8246
0.8804
0.9563
0.9892
0.9733
0.9225
0.8654
0.8154
0.7608
0.7617
0.7313
0.8417
0.865
0.8813
0.8083
0.7967
0.9608
0.8633
0.8046
0.7742
0.845
0.8642
0.8517
0.7888
0.8008
0.8767
0.7613
0.7871
0.7496
0.6996
0.5517
0.8008
0.8763
0.9004
0.9729
0.9758
0.9892
0.9863
0.9225
0.9054
0.8313
0.8704
0.8679
0.8842
0.935
0.8521
0.8863
0.9017
0.8646
0.8308
0.8492
0.9233
0.8454
0.6213
0.6075
0.7213
0.8754
0.76
0.4779
0.2867
0.7458
0.5983
0.2079
0.3429
0.6625
0.5758
0.3783
0.4554
0.4308
0.5638
0.6029
0.5904
0.6763
0.7038
0.6583
0.5113
0.5404
0.5025
0.4146
0.4121
0.4967
0.5933
0.6942
0.7483
0.7021
0.5988
0.5975
0.7367
0.7179
0.475
0.4783
0.5333
0.4692
0.5763
0.5763
0.5842
0.635
0.6204
0.56
0.4717
0.4088
0.5704
0.4779
0.5621
0.5658
0.8129
0.8321
0.7254
0.6717
0.5758
0.5725
0.5867
0.5463
0.5292
0.4913
0.5129
0.5079
0.5671
0.7888
0.9267
0.8438
0.8646
0.7492
0.6708
0.71
0.7117
0.6442
0.7204
0.6704
0.7421
0.5629
0.4471
0.5254
0.6196
0.6121
0.6
0.7383
0.6508
0.6342
0.4746
0.6279
0.5388
0.5167
0.6879
0.6829
0.8292
0.7279
0.6446
0.6067
0.6675
0.6592
0.6604
0.6088
0.6629
0.6546
0.4913
0.4583
0.5567
0.7063
0.6346
0.4633
0.5633
0.7392
0.6129
0.6975
0.8513
0.6671
0.5804
0.6083
0.5496
0.4213
0.5567
0.6129
0.5617
0.5588
0.5096
0.4675
0.4604
0.4342
0.6971
0.5775
0.5846
0.65
0.5833
0.5188
0.5233
0.5938
0.5333
0.4883
0.5133
0.5583
0.4333
0.3813
0.4617
0.5742
0.7629
0.68
0.5129
0.5463
0.5371
0.5475
0.4908
0.4813
0.4454
0.4408
0.4608
0.5396
0.805
0.6038
0.6071
0.6192
0.7613
0.7004
0.6733
0.6954
0.6508
0.6392
0.6217
0.6108
0.6338
0.6029
0.49
0.5579
0.5896
0.4288
0.3888
0.485
0.5779
0.5788
0.6171
0.5408
0.5667
0.5013
0.5358
0.6742
0.6429
0.6858
0.6429
0.5817
0.6279
0.5858
0.5696
0.6967
0.6804
0.6083
0.49
0.3808
0.4608
0.4379
0.5925
0.6763
0.6575
0.5679
0.5058
0.4538
0.3779
0.4738
0.4483
0.4333
0.4363
0.3767
0.5471
0.5913
0.5808
0.7124
0.7063
0.6658
0.7746
0.5433
0.5813
0.4979
0.5808
0.6242
0.6267
0.5854
0.5642
0.6242
0.6688
0.6808
0.6971
0.6238
0.5204
0.53
0.5396
0.6679
0.7579
0.77
0.6967
0.7433
0.7429
0.7308
0.7283
0.5725
0.5783
0.7458
0.6588
0.7404
0.9583
0.7842
0.7329
0.6971
0.72
0.7654
0.7254
0.6892
0.7188
0.7342
0.705
0.7646
0.91
0.8275
0.7692
0.7688
0.7654
0.7375
0.7442
0.7317
0.7538
0.7992
0.8588
0.8225
0.8317
0.8208
0.9304
0.9363
0.7263
0.5629
0.7538
0.7975
0.8125
0.7704
0.7758
0.7613
0.9117
0.7367
0.7967
0.7958
0.7438
0.9508
0.9071
0.8638
0.8838
0.8892
0.8717
0.8967
0.9558
0.9646
0.9433
0.905
0.9175
0.9433
0.8717
0.8725
0.8504
0.865
0.9229
0.9421
0.7879
0.6538
0.8468
0.8254
0.7742
0.8083
0.7221
0.7396
0.8171
0.8071
0.6946
0.8208
0.8317
0.8517
0.8683
0.8988
0.9471
0.875
0.8683
0.7975
0.8513
0.8729
0.9183
0.7675
0.8221
0.9233
0.8871
0.8829
0.8046
0.8129
0.8921
0.9554
0.9008
0.9154
0.9179
0.8992
0.8275
0.8283
0.8588
0.8163
0.8571
0.9621
0.9792
0.9342
0.8546
0.8446
0.8646
0.8417
0.8421
0.8075
0.6629
0.9096
0.9571
0.8146
0.7483
0.7933
0.7575
0.7733
0.7092
0.7754
0.8338
0.7658
0.8154
0.8283
0.8471
0.8417
0.6575
0.4504
0.7988
0.8117
0.7292
0.573
0.8179
0.7079
0.795
0.6963
0.695
0.7379
0.7733
0.7642
0.805
0.7996
0.825
0.7629
0.8167
0.7542
0.6965
0.7021
0.5367
0.6879
0.6863
0.6717
0.7129
0.7483
0.7558
0.625
0.7313
0.8671
0.9013
0.7742
0.7258
0.7758
0.7321
0.7379
0.7279
0.7663
0.5325
0.5583
0.7704
0.8913
0.7233
0.6433
0.7079
0.65
0.6946
0.7458
0.7038
0.7213
0.8196
0.8242
0.7492
0.8417
0.6992
0.6688
0.7363
0.6683
0.6888
0.8342
0.7658
0.6279
0.6892
0.6367
0.6238
0.6383
0.6267
0.5983
0.6013
0.5221
0.5038
0.5413
0.5117
0.4654
0.6992
0.5117
0.5658
0.6221
0.6233
0.5638
0.8342
0.8308
0.7817
0.9408
0.9963
0.91
0.7183
0.7692
0.735
0.7233
0.6625
0.6363
0.6154
0.7021
0.7292
0.6533
0.6129
0.62
0.6663
0.8825
0.9088
0.6992
0.6938
0.8067
0.8425
0.85
0.7423
0.6596
0.6196
0.505
0.5121
0.6554
0.7767
0.68
0.5591
0.625
0.5621
0.5233
0.5646
0.5967
0.6092
0.5917
0.575
0.5013
0.7354
0.7904
0.6592
0.6033
0.6104
0.5538
0.6142
0.5008
0.4625
0.5163
0.8917
0.7771
0.6892
0.705
0.6121
0.5854
0.5788
0.6213
0.6054
0.6538
0.6071
0.6104
0.61
0.565
0.6396
0.6704
0.6317
0.5917
0.5075
0.4958
0.4663
0.4958
0.6383
0.7133
0.5971
0.635
0.7367
0.6842
0.6146
0.6196
0.7125
0.6767
0.6458
0.6113
0.5979
0.5879
0.5779
0.5
0.4379
0.5642
0.5983
0.5063
0.585
0.5567
0.4971
0.5029
0.6683
0.5967
0.5188
0.6244
-99
-99
-99
-99
-99
-99
-99
-99
-99
-99
-99
-99
-99
-99
-99
-99
-99
-99
-99
-99
-99
-99
-99
-99
-99
-99
-99
-99
-99
-99
-99
-99
-99
-99
-99
-99
-99
-99
-99
-99
-99
-99
-99
-99
-99
-99
-99
-99
-99
-99
-99
-99
-99
-99
-99
-99
-99
-99
-99
-99
-99
-99
-99
-99
-99
-99
-99
-99
-99
-99
-99
-99
-99
-99
-99
-99
-99
-99
-99
-99
-99
-99
-99
-99
-99
-99
-99
-99
-99
-99
-99
-99
-99
-99
-99
-99
-99
-99
-99
-99
-99
-99
-99
-99
-99
-99
-99
-99
-99
-99
-99
-99
-99
-99
-99
-99
-99
-99
-99
-99
-99
-99
-99
-99
-99
-99
-99
-99
-99
-99
-99
-99
-99
-99
-99
-99
-99
-99
-99
-99
-99
-99
-99
-99
-99
-99
-99
-99
-99
-99
-99
-99
-99
-99
-99
-99
-99
-99
-99
-99
-99
-99
-99
-99
-99
-99
-99
-99
-99
-99
-99
-99
-99
-99
-99
-99
-99
-99
-99
-99
-99
-99
-99
-99
-99
-99
-99
-99
-99
-99
-99
-99
-99
-99
-99
-99
-99
-99
-99
-99
-99
-99
-99
-99
-99
-99
-99
-99
-99
-99
-99
-99
-99
-99
-99
-99
-99
-99
-99
-99
-99
-99
-99
-99
-99
-99
-99
-99
-99
-99
-99
-99
-99
-99
-99
-99
-99
-99
-99
-99
-99
-99
-99
-99
-99
-99
-99
-99
-99
-99
-99
-99
-99
-99
-99
-99
-99
-99
-99
-99
-99
-99
-99
-99
-99
-99
-99
-99
-99
-99
-99
-99
-99
-99
-99
-99
-99
-99
-99
-99
-99
-99
-99
-99
-99
-99
-99
-99
-99
-99
-99
-99
-99
-99
-99
-99
-99
-99
-99
-99
-99
-99
-99
-99
-99
-99
-99
-99
-99
-99
-99
-99
-99
-99
-99
-99
-99
-99
-99
-99
-99
-99
-99
-99
-99
-99
-99
-99
-99
-99
-99
-99
-99
-99
-99
-99
-99
-99
-99
-99
-99
-99
-99
-99
-99
-99
-99
-99
-99
-99
-99
-99
-99
-99
-99
-99
-99
-99
-99
-99
-99
-99
-99
-99
-99
-99
-99
-99
-99
-99
-99
-99
-99
-99
-99
-99
-99
-99
-99
-99
-99
-99
-99
-99
-99
-99
-99
-99
-99
-99
-99
-99
-99
-99
-99
-99
-99
-99
-99
-99
-99
-99
-99
-99
-99
-99
-99
-99
-99
-99
-99
-99
-99
-99
-99
-99
-99
-99
-99
-99
-99
-99
-99
-99
-99
-99
-99
-99
-99
-99
-99
-99
-99
-99
-99
-99
-99
-99
-99
-99
-99
-99
-99
-99
-99
-99
-99
-99
-99
-99
-99
-99
-99
-99
-99
-99
-99
-99
-99
-99
-99
-99
-99
-99
-99
-99
-99
-99
-99
-99
-99
-99
-99
-99
-99
-99
-99
-99
-99
-99
-99
-99
-99
-99
-99
-99
-99
-99
-99
-99
-99
-99
-99
-99
-99
-99
-99
-99
-99
-99
-99
-99
-99
-99
-99
-99
-99
-99
-99
-99
-99
-99
-99
-99
-99
-99
-99
-99
-99
-99
-99
-99
-99
-99
-99
-99
-99
-99
-99
-99
-99
-99
-99
-99
-99
-99
-99
-99
-99
-99
-99
-99
-99
-99
-99
-99
-99
-99
-99
-99
-99
-99
-99
-99
-99
-99
-99
-99
-99
-99
-99
-99
-99
-99
-99
-99
-99
-99
-99
-99
-99
-99
-99
-99
-99
-99
-99
-99
-99
-99
-99
-99
-99
-99
-99
-99
-99
-99
-99
-99
-99
-99
-99
-99
-99
-99
-99
-99
-99
-99
-99
-99
-99
-99
-99
-99
-99
-99
-99
-99
-99
-99
-99
-99
-99
-99
-99
-99
-99
-99
-99
-99
-99
-99
-99
-99
-99
-99
-99
-99
-99
-99
-99
-99
-99
-99
-99
-99
-99
-99
-99
-99
-99
-99
-99
-99
-99
-99
-99
-99
-99
-99
-99
-99
-99
-99
-99
-99
-99
-99
-99
-99
-99
-99
-99
-99
-99
-99
-99
-99
-99
-99
-99
-99
-99
-99
-99
-99
-99
-99
-99
-99
-99
-99
-99
-99
-99
-99
-99
-99
-99
-99
-99
-99
-99
-99
-99
-99
-99
-99
-99
-99
-99
-99
-99
-99
-99
-99
-99
-99
-99
-99
-99
-99
-99
-99
-99
-99
-99
-99
-99
-99
-99
-99
-99
-99
-99
-99
-99
-99
-99
-99
-99
-99
-99
-99
-99
-99
-99
-99
-99
-99
-99
-99
-99
-99
-99
-99
-99
-99
-99
-99
-99
-99
-99
-99
-99
-99
-99
-99
-99
-99
-99
-99
-99
-99
-99
-99
-99
-99
-99
-99
-99
-99
-99
-99
-99
-99
-99
-99
-99
-99
-99
-99
-99
-99
-99
-99
-99
-99
-99
-99
-99
-99
-99
-99
-99
-99
-99
-99
-99
-99
-99
-99
-99
-99
-99
-99
-99
-99
-99
-99
-99
-99
-99
-99
-99
-99
-99
-99
-99
-99
-99
-99
-99
-99
-99
-99
-99
-99
-99
-99
-99
-99
-99
-99
-99
-99
-99
-99
-99
-99
-99
-99
-99
-99
-99
-99
-99
-99
-99
-99
-99
-99
-99
-99
-99
-99
-99
-99
-99
-99
-99
-99
-99
-99
-99
-99
-99
-99
-99
-99
-99
-99
-99
-99
-99
-99
-99
-99
-99
-99
-99
-99
-99
-99
-99
-99
-99
-99
-99
-99
-99
-99
-99
-99
-99
-99
-99
-99
-99
-99
-99
-99
-99
-99
-99
-99
-99
-99
-99
-99
-99
-99
-99
-99
-99
-99
-99
-99
-99
-99
-99
-99
-99
-99
-99
-99
-99
-99
-99
-99
-99
-99
-99
-99
-99
-99
-99
-99
-99
-99
-99
-99
-99
-99
-99
-99
-99
-99
-99
-99
-99
-99
-99
-99
-99
-99
-99
-99
-99
-99
-99
-99
-99
-99
-99
-99
-99
-99
-99
-99
-99
-99
-99
-99
-99
-99
-99
-99
-99
-99
-99
-99
-99
-99
-99
-99
-99
-99
-99
-99
-99
-99
-99
-99
-99
-99
-99
-99
-99
-99
-99
-99
-99
-99
-99
-99
-99
-99
-99
-99
-99
-99
-99
-99
-99
-99
-99
-99
-99
-99
-99
-99
-99
-99
-99
-99
-99
-99
-99
-99
-99
-99
-99
-99
-99
-99
-99
-99
-99
-99
-99
-99
-99
-99
-99
-99
-99
-99
-99
-99
-99
-99
-99
-99
-99
-99
-99
-99
-99
-99
-99
-99
-99
-99
-99
-99
-99
-99
-99
-99
-99
-99
-99
-99
-99
-99
-99
-99
-99
-99
-99
-99
-99
-99
-99
-99
-99
-99
-99
-99
-99
-99
-99
-99
-99
-99
-99
-99
-99
-99
-99
-99
-99
-99
-99
-99
-99
-99
-99
-99
-99
-99
-99
-99
-99
-99
-99
-99
-99
-99
-99
-99
-99
-99
-99
-99
-99
-99
-99
-99
-99
-99
-99
-99
-99
-99
-99
-99
-99
-99
-99
-99
-99
-99
-99
-99
-99
-99
-99
-99
-99
-99
-99
-99
-99
-99
-99
-99
-99
-99
-99
-99
-99
-99
-99
-99
-99
-99
-99
-99
-99
-99
-99
-99
-99
-99
-99
-99
-99
-99
-99
-99
-99
-99
-99
-99
-99
-99
-99
-99
-99
-99
-99
-99
-99
-99
-99
-99
-99
-99
-99
-99
-99
-99
-99
-99
-99
-99
-99
-99
-99
-99
-99
-99
-99
-99
-99
-99
-99
-99
-99
-99
-99
-99
-99
-99
-99
-99
-99
-99
-99
-99
-99
-99
-99
-99
-99
-99
-99
-99
-99
-99
-99
-99
-99
-99
-99
-99
-99
-99
-99
-99
-99
-99
-99
-99
-99
-99
-99
-99
-99
-99
-99
-99
-99
-99
-99
-99
-99
-99
-99
-99
-99
-99
-99
-99
-99
-99
-99
-99
-99
-99
-99
-99
-99
-99
-99
-99
-99
-99
-99
-99
-99
-99
-99
-99
-99
-99
-99
-99
-99
-99
-99
-99
-99
-99
-99
-99
-99
-99
-99
-99
-99
-99
-99
-99
-99
-99
-99
-99
-99
-99
-99
-99
-99
-99
-99
-99
-99
-99
-99
-99
-99
-99
-99
-99
-99
-99
-99
-99
-99
-99
-99
-99
-99
-99
-99
-99
-99
-99
-99
-99
-99
-99
-99
-99
-99
-99
-99
-99
-99
-99
-99
-99
-99
-99
-99
-99
-99
-99
-99
-99
-99
-99
-99
-99
-99
-99
-99
-99
-99
-99
-99
-99
-99
-99
-99
-99
-99
-99
-99
-99
-99
-99
-99
-99
-99
-99
-99
-99
-99
-99
-99
-99
-99
-99
-99
-99
-99
-99
-99
-99
-99
-99
-99
-99
-99
-99
-99
-99
-99
-99
-99
-99
-99
-99
-99
-99
-99
-99
-99
-99
-99
-99
-99
-99
-99
-99
-99
-99
-99
-99
-99
-99
-99
-99
-99
-99
-99
-99
-99
-99
-99
-99
-99
-99
-99
-99
-99
-99
-99
-99
-99
-99
-99
-99
-99
-99
-99
-99
-99
-99
-99
-99
-99
-99
-99
-99
-99
-99
-99
-99
-99
-99
-99
-99
-99
-99
-99
-99
-99
-99
-99
-99
-99
-99
-99
-99
-99
-99
-99
-99
-99
-99
-99
-99
-99
-99
-99
-99
-99
-99
-99
-99
-99
-99
-99
-99
-99
-99
-99
-99
-99
-99
-99
-99
-99
-99
-99
-99
-99
-99
-99
-99
-99
-99
-99
-99
-99
-99
-99
-99
-99
-99
-99
-99
-99
-99
-99
-99
-99
-99
-99
-99
-99
-99
-99
-99
-99
-99
-99
-99
-99
-99
-99
-99
-99
-99
-99
-99
-99
-99
-99
-99
-99
-99
-99
-99
-99
-99
-99
-99
-99
-99
-99
-99
-99
-99
-99
-99
-99
-99
-99
-99
-99
-99
-99
-99
-99
-99
-99
-99
-99
-99
-99
-99
-99
-99
-99
-99
-99
-99
-99
-99
-99
-99
-99
-99
-99
-99
-99
-99
-99
-99
-99
-99
-99
-99
-99
-99
-99
-99
-99
-99
-99
-99
-99
-99
-99
-99
-99
-99
-99
-99
-99
-99
-99
-99
-99
-99
-99
-99
-99
-99
-99
-99
-99
-99
-99
-99
-99
-99
-99
-99
-99
-99
-99
-99
-99
-99
-99
-99
-99
-99
-99
-99
-99
-99
-99
-99
-99
-99
-99
-99
-99
-99
-99
-99
-99
-99
-99
-99
-99
-99
-99
-99
-99
-99
-99
-99
-99
-99
-99
-99
-99
-99
-99
-99
-99
-99
-99
-99
-99
-99
-99
-99
-99
-99
-99
-99
-99
-99
-99
-99
-99
-99
-99
-99
-99
-99
-99
-99
-99
-99
-99
-99
-99
-99
-99
-99
-99
-99
-99
-99
-99
-99
-99
-99
-99
-99
-99
-99
-99
-99
-99
-99
-99
-99
-99
-99
-99
-99
-99
-99
-99
-99
-99
-99
-99
-99
-99
-99
-99
-99
-99
-99
-99
-99
-99
-99
-99
-99
-99
-99
-99
-99
-99
-99
-99
-99
-99
-99
-99
-99
-99
-99
-99
-99
-99
-99
-99
-99
-99
-99
-99
-99
-99
-99
-99
-99
-99
-99
-99
-99
-99
-99
-99
-99
-99
-99
-99
-99
-99
-99
-99
-99
-99
-99
-99
-99
-99
-99
-99
-99
-99
-99
-99
-99
-99
-99
-99
-99
-99
-99
-99
-99
-99
-99
-99
-99
-99
-99
-99
-99
-99
-99
-99
-99
-99
-99
-99
-99
-99
-99
-99
-99
-99
-99
-99
-99
-99
-99
-99
-99
-99
-99
-99
-99
-99
-99
-99
-99
-99
-99
-99
-99
-99
-99
-99
-99
-99
-99
-99
-99
-99
-99
-99
-99
-99
-99
-99
-99
-99
-99
-99
-99
-99
-99
-99
-99
-99
-99
-99
-99
-99
-99
-99
-99
-99
-99
-99
-99
-99
-99
-99
-99
-99
-99
-99
-99
-99
-99
-99
-99
-99
-99
-99
-99
-99
-99
-99
-99
-99
-99
-99
-99
-99
-99
-99
-99
-99
-99
-99
-99
-99
-99
-99
-99
-99
-99
-99
-99
-99
-99
-99
-99
-99
-99
-99
-99
-99
-99
-99
-99
-99
-99
-99
-99
-99
-99
-99
-99
-99
-99
-99
-99
-99
-99
-99
-99
-99
-99
-99
-99
-99
-99
-99
-99
-99
-99
-99
-99
-99
-99
-99
-99
-99
-99
-99
-99
-99
-99
-99
-99
-99
-99
-99
-99
-99
-99
-99
-99
-99
-99
-99
-99
-99
-99
-99
-99
-99
-99
-99
-99
-99
-99
-99
-99
-99
-99
-99
-99
-99
-99
-99
-99
-99
-99
-99
-99
-99
-99
-99
-99
-99
-99
-99
-99
-99
-99
-99
-99
-99
-99
-99
-99
-99
-99
-99
-99
-99
-99
-99
-99
-99
-99
-99
-99
-99
-99
-99
-99
-99
-99
-99
-99
-99
-99
-99
-99
-99
-99
-99
-99
-99
-99
-99
-99
-99
-99
-99
-99
-99
-99
-99
-99
-99
-99
-99
-99
-99
-99
-99
-99
-99
-99
-99
-99
-99
-99
-99
-99
-99
-99
-99
-99
-99
-99
-99
-99
-99
-99
-99
-99
-99
-99
-99
-99
-99
-99
-99
-99
-99
-99
-99
-99
-99
-99
-99
-99
-99
-99
-99
-99
-99
-99
-99
-99
-99
-99
-99
-99
-99
-99
-99
-99
-99
-99
-99
-99
-99
-99
-99
-99
-99
-99
-99
-99
-99
-99
-99
-99
-99
-99
-99
-99
-99
-99
-99
-99
-99
-99
-99
-99
-99
-99
-99
-99
-99
-99
-99
-99
-99
-99
-99
-99
-99
-99
-99
-99
-99
-99
-99
-99
-99
-99
-99
-99
-99
-99
-99
-99
-99
-99
-99
-99
-99
-99
-99
-99
-99
-99
-99
-99
-99
-99
-99
-99
-99
-99
-99
-99
-99
-99
-99
-99
-99
-99
-99
-99
-99
-99
-99
-99
-99
-99
-99
-99
-99
-99
-99
-99
-99
-99
-99
-99
-99
-99
-99
-99
-99
-99
-99
-99
-99
-99
-99
-99
-99
-99
-99
-99
-99
-99
-99
-99
-99
-99
-99
-99
-99
-99
-99
-99
-99
-99
-99
-99
-99
-99
-99
-99
-99
-99
-99
-99
-99
-99
-99
-99
-99
-99
-99
-99
-99
-99
-99
-99
-99
-99
-99
-99
-99
-99
-99
-99
-99
-99
-99
-99
-99
-99
-99
-99
-99
-99
-99
-99
-99
-99
-99
-99
-99
-99
-99
-99
-99
-99
-99
-99
-99
-99
-99
-99
-99
-99
-99
-99
-99
-99
-99
-99
-99
-99
-99
-99
-99
-99
-99
-99
-99
-99
-99
-99
-99
-99
-99
-99
-99
-99
-99
-99
-99
-99
-99
-99
-99
-99
-99
-99
-99
-99
-99
-99
-99
-99
-99
-99
-99
-99
-99
-99
-99
-99
-99
-99
-99
-99
-99
-99
-99
-99
-99
-99
-99
-99
-99
-99
-99
-99
-99
-99
-99
-99
-99
-99
-99
-99
-99
-99
-99
-99
-99
-99
-99
-99
-99
-99
-99
-99
-99
-99
-99
-99
-99
-99
-99
-99
-99
-99
-99
-99
-99
-99
-99
-99
-99
-99
-99
-99
-99
-99
-99
-99
-99
-99
-99
-99
-99
-99
-99
-99
-99
-99
-99
-99
-99
-99
-99
-99
-99
-99
-99
-99
-99
-99
-99
-99
-99
-99
-99
-99
-99
-99
-99
-99
-99
-99
-99
-99
-99
-99
-99
-99
-99
-99
-99
-99
-99
-99
-99
-99
-99
-99
-99
-99
-99
-99
-99
-99
-99
-99
-99
-99
-99
-99
-99
-99
-99
-99
-99
-99
-99
-99
-99
-99
-99
-99
-99
-99
-99
-99
-99
-99
-99
-99
-99
-99
-99
-99
-99
-99
-99
-99
-99
-99
-99
-99
-99
-99
-99
-99
-99
-99
-99
-99
-99
-99
-99
-99
-99
-99
-99
-99
-99
-99
-99
-99
-99
-99
-99
-99
-99
-99
-99
-99
-99
-99
-99
-99
-99
-99
-99
-99
-99
-99
-99
-99
-99
-99
-99
-99
-99
-99
-99
-99
-99
-99
-99
-99
-99
-99
-99
-99
-99
-99
-99
-99
-99
-99
-99
-99
-99
-99
-99
-99
-99
-99
-99
-99
-99
-99
-99
-99
-99
-99
-99
-99
-99
-99
-99
-99
-99
-99
-99
-99
-99
-99
-99
-99
-99
-99
-99
-99
-99
-99
-99
-99
-99
-99
-99
-99
-99
-99
-99
-99
-99
-99
-99
-99
-99
-99
-99
-99
-99
-99
-99
-99
-99
-99
-99
-99
-99
-99
-99
-99
-99
-99
-99
-99
-99
-99
-99
-99
-99
-99
-99
-99
-99
-99
-99
-99
-99
-99
-99
-99
-99
-99
-99
-99
-99
-99
-99
-99
-99
-99
-99
-99
-99
-99
-99
-99
-99
-99
-99
-99
-99
-99
-99
-99
-99
-99
-99
-99
-99
-99
-99
-99
-99
-99
-99
-99
-99
-99
-99
-99
-99
-99
-99
-99
-99
-99
-99
-99
-99
-99
-99
-99
-99
-99
-99
-99
-99
-99
-99
-99
-99
-99
-99
-99
-99
-99
-99
-99
-99
