20000101
0.8114
0.9073
0.9189
0.9443
0.9435
0.9158
0.9143
0.8452
0.8242
0.7125
0.6634
0.8064
0.86
0.8806
0.985
0.9593
0.8479
0.7257
0.6887
0.7824
0.805
0.6786
0.6294
0.716
0.7794
0.9032
0.919
0.9477
0.9562
-99
-99
-99
-99
-99
0.5968
0.865
0.9135
0.6617
0.5997
0.5836
0.7563
0.7058
0.5003
0.5369
0.668
0.6106
0.5568
0.5231
0.5529
0.586
0.6113
0.8259
0.7263
0.806
0.7879
0.8396
0.8356
0.8225
0.8387
0.8339
0.6006
0.554
0.7455
0.6517
0.6175
0.8309
0.8397
0.7783
0.6414
0.5775
0.7269
0.693
0.8412
0.6603
0.5484
0.5644
0.5246
0.4793
0.6156
0.7109
0.7709
0.7908
0.8957
0.7636
0.7076
0.5297
0.5364
0.5803
0.5482
0.8545
0.7538
0.7121
0.8363
0.6905
0.7309
0.4928
0.5373
0.7471
0.8422
0.8126
0.9469
0.79
0.6136
0.6387
0.7362
0.5709
0.891
0.5515
0.6108
0.6012
0.6067
0.6269
0.789
0.5515
0.6083
0.6732
0.6915
0.8058
0.65
0.8197
0.7203
0.6427
0.6713
0.6157
0.6427
0.7824
0.7869
0.77
0.8038
0.8409
0.9307
0.81
0.6868
0.6181
0.6313
0.5668
0.6706
0.8352
0.6231
0.5827
0.7068
0.8589
0.7178
0.7709
0.7727
0.7378
0.7979
0.7171
0.7029
0.6435
0.7003
0.7273
0.7726
0.7878
0.6903
0.6983
0.7068
0.5463
0.5356
0.7551
0.7341
0.8386
0.6208
0.6078
0.6746
0.7387
0.6531
0.5671
0.6132
0.7286
0.6652
0.7506
0.7628
0.7582
0.6743
0.5641
0.6203
0.7822
0.7331
0.6622
0.7467
0.747
0.7589
0.7509
0.51
0.4943
0.7142
0.6459
0.5576
0.465
0.4969
0.6229
0.4471
0.4403
0.5317
0.5267
0.5184
0.6288
0.7282
0.7757
0.7703
0.7688
0.6845
0.7062
0.7994
0.5764
0.71
0.6541
0.7072
0.6256
0.6506
0.6966
0.7527
0.7322
0.7617
0.605
0.4679
0.4712
0.4965
0.5074
0.5754
0.6761
0.7297
0.7646
0.6452
0.705
0.758
0.6253
0.6797
0.7326
0.6934
0.7878
0.7482
0.5361
0.6844
0.7897
0.7067
0.7297
0.5606
0.5364
0.6973
0.7076
0.8029
0.6729
0.78
0.5844
0.5205
0.5303
0.5639
0.6484
0.5425
0.6109
0.7259
0.7618
0.7986
0.7641
0.825
0.7894
0.7635
0.7741
0.8246
0.7703
0.7149
0.5653
0.5503
0.677
0.7983
0.8163
0.8321
0.8506
0.8303
0.8628
0.6752
0.5715
0.5169
0.5258
0.5588
0.6734
0.7088
0.5151
0.5679
0.5341
0.6054
0.6924
0.8264
0.8989
0.7452
0.6591
0.6461
0.7372
0.7444
0.7725
0.7697
0.8107
0.8219
0.9459
0.9029
0.7606
0.9814
0.9186
0.8531
0.8863
0.8442
0.881
0.7078
0.7771
0.9963
0.6988
0.7136
0.8614
0.6068
0.5233
0.6828
0.7463
0.7877
0.9523
0.8941
1
0.7506
0.9207
0.7606
0.6728
0.7211
0.7634
0.8251
0.7435
0.8269
0.8197
0.6858
0.8553
0.7912
0.8581
0.958
0.9397
0.8055
0.9196
0.824
0.7097
0.8728
0.9448
0.9607
0.9275
0.8989
0.8763
0.9087
0.9516
0.9728
0.8428
0.9217
0.6837
0.8262
0.86
0.8379
0.9335
0.9061
1
0.8436
0.9024
0.94
0.8738
0.8828
0.7594
0.7403
0.719
0.7235
0.686
0.9173
0.8087
0.8365
0.787
0.9693
0.8709
0.7415
0.6878
0.8827
0.839
0.9619
0.9532
0.8624
0.9089
0.9106
0.9086
0.855
0.9724
0.7883
0.7788
0.8563
0.9714
0.8574
0.9456
0.7397
0.78
0.7897
0.7773
0.6079
0.6285
0.6514
0.627
0.7197
0.8304
0.7955
0.7864
0.9025
0.8903
0.7307
0.5708
0.7729
0.8531
0.9019
0.6815
0.8819
0.918
0.8677
0.6941
0.69
0.7471
0.7203
0.5889
0.6778
0.612
0.6017
0.4649
0.5324
0.7842
0.4775
0.7023
0.8709
0.7523
0.8352
0.7861
0.8397
0.8804
0.7367
0.7541
0.7753
0.8724
0.8281
0.5772
0.6631
0.7756
0.8329
0.6697
0.6697
0.6631
0.7171
0.7933
0.7484
0.6281
0.6289
0.5143
0.6374
0.7006
0.653
0.6081
0.5576
0.723
0.6591
0.7297
0.7917
0.6561
0.6753
0.6894
0.5141
0.4867
0.3917
0.4881
0.4791
0.4542
0.4533
0.4675
0.5424
0.4524
0.59
0.6837
0.4783
0.3812
0.4721
0.5591
0.64
0.6725
0.5194
0.6545
0.7031
0.5762
0.8068
0.7926
0.81
0.7876
0.8263
0.662
0.5849
0.5735
0.5949
0.6718
0.8245
1
0.7353
0.7148
0.7547
0.7326
0.6868
0.6653
0.8067
0.7413
0.6503
0.6495
0.6639
0.7861
0.8013
0.7544
0.6653
0.5924
0.6329
0.5968
0.5506
0.5807
0.5571
0.6152
0.5924
0.6263
0.688
0.7812
0.545
0.6813
0.7456
0.6527
0.6551
0.5642
0.675
0.7012
0.7406
0.6968
0.439
0.4154
0.4482
0.575
0.7032
0.6961
0.6171
0.5786
0.5097
0.4963
0.628
0.5332
0.3909
0.67
0.591
0.5412
0.7338
0.732
0.7837
0.6467
0.5736
0.4906
0.7423
0.911
0.7126
0.6885
0.7174
0.7684
0.7781
0.5769
0.8245
0.6924
0.6226
0.65
0.4726
0.7268
0.7706
0.6435
0.6866
0.6803
0.7415
0.7472
0.7597
0.7254
0.654
0.5659
0.5852
0.6295
0.5651
0.6244
0.5768
0.6111
0.7603
0.6618
0.6874
0.5507
0.6645
0.7839
0.7532
0.7508
0.7485
0.8291
0.7393
0.8182
0.8043
0.7229
0.7615
0.7947
0.7929
0.7269
0.745
0.77
0.653
0.6841
0.5723
0.4786
0.4551
0.4914
0.6094
0.7861
0.6103
0.5845
0.5745
0.5057
0.5647
0.5094
0.5439
0.6523
0.7373
0.7773
0.5149
0.5579
0.5666
0.4676
0.5972
0.7175
0.7584
0.7764
0.9391
0.8637
0.7111
0.6617
0.7742
0.7935
0.9196
0.8334
0.8332
0.793
0.8792
0.7855
0.7441
0.8797
0.7614
0.6509
0.6584
0.7995
0.881
0.8417
0.8079
0.8729
0.7957
0.7897
0.7914
0.8825
0.7855
0.8488
0.75
0.8088
0.8011
0.75
0.7693
0.8623
0.9417
0.9364
0.8983
0.8927
0.8631
0.8703
0.5228
0.7017
0.8007
0.9089
0.7997
0.73
0.6662
0.5678
0.5717
0.5061
0.4628
0.4735
0.6742
0.5948
0.9081
0.9839
0.9667
0.8042
0.5668
0.8046
0.8765
0.943
0.7646
0.7297
0.8311
0.8591
0.7152
0.7197
0.7997
0.8168
0.8471
0.9314
0.9104
0.843
0.8257
0.8806
0.9164
0.9785
0.92
0.8779
0.8975
0.883
0.8406
0.6162
0.8371
0.9224
0.9326
0.9323
0.9252
0.969
0.9271
0.9172
0.9071
0.7093
0.8432
0.6851
0.7203
0.7616
0.7586
0.6832
0.8197
0.6926
0.8734
0.9696
0.8724
0.9231
0.9237
0.8775
0.9823
0.9576
0.9604
0.9564
0.9182
0.9297
0.8072
0.8383
0.6792
0.8166
0.8707
0.9422
0.9107
0.9668
0.8031
0.9414
0.6003
0.6569
0.8088
0.7829
0.8264
0.8919
0.8907
0.7591
0.7894
0.8886
0.8639
0.8257
0.835
0.6056
0.6403
0.8053
0.8044
0.7245
0.8719
0.8029
0.837
0.5897
0.6305
0.6963
0.7874
0.672
0.6138
0.5442
0.4766
0.5605
0.5589
0.5776
0.7294
0.728
0.655
0.6718
0.8673
0.7506
0.7997
0.7248
0.9521
0.6287
0.7469
0.7485
0.6984
0.6873
0.8825
0.8603
0.8297
0.876
0.7109
0.8536
0.8176
0.7031
0.6377
0.694
0.601
0.5468
0.616
0.8039
0.7638
0.6734
0.8066
0.6857
0.9272
0.7993
0.8336
0.8224
0.8254
0.8955
0.6567
0.5626
0.8857
0.8186
0.8864
0.6736
0.6721
0.9359
0.9639
0.6192
0.59
0.6012
0.6382
0.6973
0.7435
0.7923
0.7017
0.7472
0.6115
0.6123
0.657
0.6682
0.5058
0.5892
0.8524
0.7389
0.7711
0.8394
0.5849
0.5741
0.4831
0.6278
0.7694
0.9992
1
0.8715
0.7715
0.6578
0.6303
0.6993
0.7406
0.6907
0.6638
0.7123
0.5462
0.5506
0.6671
0.6978
0.8006
0.4753
0.4935
0.6756
0.6905
0.5214
0.6434
0.7209
0.6738
0.6397
0.6053
0.5829
0.6073
0.8535
0.7941
0.6006
0.5909
0.69
0.5126
0.5503
0.6872
0.7356
0.5686
0.5506
0.6467
0.5936
0.5925
0.6311
0.5847
0.609
0.6307
0.6334
0.6447
0.5927
0.6121
0.7156
0.6522
0.4766
0.6411
0.6567
0.7719
0.7352
0.6674
0.6077
0.6852
0.7018
0.8238
0.7684
0.7564
0.6361
0.6636
0.7394
0.5097
0.4267
0.455
0.4773
0.5048
0.6739
0.7294
0.6614
0.6003
0.6622
0.5286
0.4552
0.559
0.5853
0.77
0.7211
0.6716
0.5579
0.4943
0.5245
0.7244
0.7712
0.6729
0.7461
0.4697
0.5425
0.6154
0.6347
0.5818
0.4709
0.5021
0.5868
0.7959
0.7614
0.7642
0.7542
0.805
0.7171
0.7403
0.7244
0.8842
0.841
0.9345
0.7641
0.7332
0.7862
0.6903
0.6336
0.7117
0.7074
0.6374
0.916
0.872
0.8206
0.6453
0.6086
0.8133
0.8283
0.744
0.8011
0.8076
0.7687
0.8029
0.8177
0.849
0.8945
0.8921
0.875
0.811
0.934
0.8597
0.7489
0.5362
0.5376
0.6349
0.6689
0.7742
0.8145
0.8838
0.8326
0.8353
0.9879
0.8493
0.8259
0.8111
0.8029
0.6984
0.8713
0.951
0.8612
0.6158
0.6497
0.7932
0.8168
0.8948
0.8177
0.6453
0.6619
0.8686
0.8621
0.8913
0.6931
0.6632
0.7606
0.7506
0.7806
0.8122
0.8982
0.9158
0.9128
0.7821
0.8051
0.8321
0.6834
0.585
0.6448
0.7668
0.5318
0.5985
0.5594
0.6814
0.7326
0.8629
0.7441
0.7895
0.8983
0.8314
0.8152
0.8511
0.8575
0.9583
0.754
0.7406
0.9658
0.943
0.91
0.7555
0.8226
0.7967
0.6497
0.6341
0.8235
0.6492
0.7408
0.7729
0.6227
0.6753
0.7744
0.7788
0.9118
0.8838
0.9025
0.9256
0.9673
0.9845
0.8293
0.9325
0.9775
0.9268
0.9171
0.9606
0.93
0.9312
0.9688
0.856
0.8219
0.9186
0.9607
0.6305
0.7077
0.9619
0.6034
0.775
0.899
0.7897
0.7139
0.7441
0.738
0.7751
0.9289
0.9155
0.7252
0.6344
0.7711
0.7407
0.7003
0.8353
0.8458
0.887
0.9007
0.8417
0.7903
0.6723
0.7031
0.6594
0.5785
0.5503
0.6217
0.6951
0.6135
0.6309
0.6791
0.4077
0.575
0.6163
0.5914
0.569
0.5924
0.6542
0.883
0.81
0.7295
0.6895
0.7721
0.8016
0.7578
0.7594
0.7432
0.5955
0.5297
0.5142
0.8629
0.956
0.8809
0.9081
0.8939
0.7934
0.88
0.8923
0.8571
0.7824
0.8141
0.7119
0.6763
0.6754
0.9084
0.7334
0.7554
0.7806
0.8063
0.8493
0.845
0.8728
0.7755
0.8211
0.8251
0.6634
0.6528
0.5713
0.6748
0.6306
0.6163
0.8912
0.8206
0.84
0.771
0.8456
0.8059
0.893
0.8775
0.9049
0.8706
0.7324
0.6278
0.3994
0.4978
0.6071
0.5394
0.6543
0.7143
0.8427
0.6005
0.7235
0.6971
0.6945
0.7397
0.9035
0.6967
0.7143
0.65
0.8916
0.8193
0.7621
0.7784
0.7188
0.6797
0.7789
0.7788
0.7769
0.768
0.8056
0.6511
0.639
0.6507
0.5915
0.6355
0.7891
0.9853
0.8979
0.9189
0.7306
0.6716
0.8467
0.7524
0.5992
0.5885
0.7928
0.8341
0.7516
0.8113
0.7919
0.509
0.5649
0.6465
0.6441
0.7633
0.566
0.4981
0.5945
0.6697
0.6679
0.6718
0.695
0.7103
0.7
0.7819
0.7436
0.793
0.7306
0.732
0.7961
0.759
0.7517
0.7073
0.5991
0.5929
0.565
0.5438
0.552
0.5963
0.4997
0.4973
0.5734
0.5203
0.582
0.6539
0.7095
0.7779
0.7263
0.6737
0.65
0.79
0.5478
0.3912
0.6114
0.6215
0.5444
0.7766
0.7983
0.7537
0.6813
0.7257
0.6061
0.5953
0.6421
0.5114
0.7403
0.7548
0.5047
0.6238
0.772
0.7497
0.7966
0.7142
0.6191
0.7812
0.7083
0.7886
0.7775
0.6444
0.6146
0.5468
0.7091
0.5513
0.6868
0.6363
0.6824
0.6687
0.6183
0.6226
0.566
0.58
0.5863
0.5626
0.5678
0.5326
0.5365
0.5175
0.6286
0.84
0.8306
0.7957
0.7526
0.8003
0.8069
0.7625
0.7188
0.803
0.6464
0.746
0.8029
0.8016
0.5121
0.5708
0.7041
0.8762
0.7453
0.8353
0.8574
0.8597
0.853
0.819
0.6921
0.6066
0.5825
0.5847
0.687
0.791
0.7238
0.6994
0.7012
0.6656
0.7573
0.789
0.802
0.8537
0.8518
0.7581
0.7244
0.85
0.8352
0.9197
0.8187
0.8159
0.9428
0.8243
0.883
0.777
0.6203
0.5436
0.6271
0.6394
0.612
0.6946
0.7658
0.8526
0.8939
0.9003
0.8768
0.928
0.9197
0.8318
0.8643
0.8942
0.74
0.7344
0.8719
0.6161
0.5679
0.7626
0.9744
0.9617
0.8955
0.8233
0.7668
0.8764
0.7617
0.7097
0.8469
0.8404
0.8712
0.9269
0.9027
0.95
0.9563
0.9936
0.9143
0.8633
0.7871
0.898
0.8781
0.9206
0.8757
0.8078
0.8872
0.9479
0.9081
0.869
0.8529
0.7594
0.865
0.8525
0.6608
0.7123
0.8066
0.86
0.843
0.8897
0.8569
0.8821
0.8568
0.9525
0.8972
0.8423
0.9111
0.8984
0.862
0.88
0.9407
0.7963
0.6419
0.7931
0.8962
0.9528
0.8882
0.9388
0.8045
0.5633
0.6159
0.7962
0.8968
0.976
0.9111
0.7934
0.6641
0.6368
0.5706
0.6334
0.6544
0.6503
0.7577
0.7835
0.8875
0.9474
0.9054
0.8146
0.6863
0.8191
0.7963
0.6373
0.6503
0.6367
0.8164
0.7375
0.6194
0.5137
0.6174
0.6611
0.6831
0.63
0.7938
0.7247
0.8224
0.769
0.5959
0.6239
0.84
0.9012
0.8962
0.9216
0.9338
0.9303
0.9335
0.9293
0.8706
0.7815
0.8052
0.9007
0.9007
0.781
0.8109
0.8676
0.7677
0.5722
0.6665
0.7192
0.6942
0.8737
0.9226
0.6944
0.7383
0.7864
0.9667
0.8573
0.7197
0.6106
0.7577
0.6129
0.5682
0.6854
0.6391
0.6956
0.5686
0.5842
0.6173
0.701
0.8142
0.7432
0.8677
0.8524
0.8485
0.847
0.8652
0.8734
0.8136
0.81
0.7523
0.6759
0.51
0.5667
0.5411
0.4918
0.6018
0.8349
0.8436
0.8248
0.8515
0.8359
0.8546
0.745
0.6309
0.6997
0.7177
0.6331
0.615
0.9414
0.7336
0.6316
0.5891
0.6391
0.6669
0.7089
0.7819
0.9272
0.7742
0.7481
0.6153
0.6688
0.7261
0.9528
0.6735
0.6769
0.7115
0.7655
0.7542
0.7966
0.8426
0.7354
0.7964
0.7753
0.9719
0.7458
0.7205
0.6068
0.6161
0.6185
0.6842
0.8416
0.91
0.8424
0.6234
0.6476
0.6856
0.7367
0.7264
0.685
0.6341
0.6245
0.7114
0.76
0.7647
0.763
0.78
0.8176
0.7545
0.6303
0.7686
0.8245
0.7247
0.6341
0.4888
0.5414
0.5958
0.677
0.7258
0.7081
0.6534
0.6961
0.7203
0.6869
0.6953
0.6915
0.6597
0.7617
0.5772
0.5461
0.5306
0.6022
0.5247
0.7126
0.7778
0.5937
0.7274
0.6725
0.7031
0.6661
0.6361
0.6306
0.7383
0.6409
0.5391
0.6362
0.7591
0.7506
0.7285
0.6765
0.4676
0.4434
0.7324
0.5994
0.4392
0.5244
0.6375
0.6972
0.6884
0.7193
0.6785
0.6791
0.7335
0.7494
0.729
0.7326
0.64
0.4522
0.3932
0.4888
0.74
0.8012
0.7033
0.6753
0.705
0.5464
0.6662
0.5219
0.5147
0.7542
0.6976
0.7513
0.6886
0.5825
0.4458
0.5038
0.634
0.7209
0.7511
0.7674
0.8359
0.6921
0.5479
0.419
0.4609
0.7403
0.7751
0.7221
0.6294
0.5032
0.6788
0.6913
0.7658
0.7963
0.7576
0.8161
0.7322
0.7845
0.7587
0.7973
0.7746
0.7106
0.7435
0.8132
0.805
0.8788
0.8424
0.8263
0.7852
0.6359
0.6167
0.728
0.7953
0.74
0.7703
0.586
0.5329
0.4103
0.5065
0.4145
0.4678
0.649
0.7589
0.8321
0.8135
0.8197
0.8481
0.8066
0.7321
0.8089
0.8769
0.86
0.8243
0.7177
0.4935
0.5103
0.7219
0.6229
0.6175
0.5817
0.5823
0.6266
0.7797
0.7384
0.6864
0.7723
0.8288
0.7707
0.8869
0.7837
0.7134
0.9523
0.78
0.7183
0.774
0.7484
0.7885
0.8637
0.843
0.8263
0.943
0.7326
0.5639
0.6692
0.6703
0.6379
0.6656
0.7331
0.591
0.4741
0.579
0.6625
0.7319
0.7779
0.6677
0.7519
0.9596
0.8145
0.8426
0.8959
0.88
0.8581
0.8758
0.9227
0.7673
0.8043
0.8396
0.8545
0.91
0.9864
0.9409
0.8506
0.94
0.9508
0.9967
0.9117
0.9588
0.9857
1
0.9738
0.9312
0.898
0.7169
0.6412
0.6594
0.5879
0.7279
0.8253
0.8158
0.8548
0.7965
0.6511
0.6163
0.6579
0.6173
0.6803
0.7873
0.76
0.7613
0.7871
0.9217
0.9363
0.9267
0.9388
0.965
0.9363
0.9108
0.8963
0.8929
0.8958
0.9196
0.9338
0.88
0.8925
0.7592
0.6592
0.6563
0.6504
0.6471
0.7367
0.5338
0.4
0.4175
0.4604
0.5829
0.6058
0.475
0.5871
0.6342
0.6208
0.6388
0.7863
0.8733
0.9679
0.9096
0.9358
0.9371
0.8479
0.6821
0.5296
0.5408
0.4588
0.5104
0.4654
0.5042
0.5383
0.6446
0.5783
0.4938
0.8379
0.7508
0.7792
0.8367
0.8079
0.6133
0.4467
0.7783
0.8892
0.6633
0.5329
0.5579
0.4467
0.4108
0.4825
0.5933
0.6925
0.7963
0.8329
0.8742
0.8663
0.8571
0.8538
0.7758
0.7558
0.73
0.7746
0.9225
0.8458
0.9079
0.7783
0.8983
0.885
0.5492
0.6204
0.6625
0.5292
0.5975
0.7896
0.9508
0.8167
0.8458
0.8679
0.8496
0.8129
0.6042
0.4608
0.4838
0.52
0.5417
0.6417
0.8225
0.5683
0.5196
0.5342
0.5996
0.5246
0.5375
0.6208
0.8079
0.8258
0.8004
0.5525
0.7254
0.6775
0.6113
0.5921
0.5979
0.5525
0.7533
0.6242
0.6742
0.5013
0.4271
0.5013
0.7088
0.7633
0.7808
0.7579
0.7408
0.8425
0.6413
0.7292
0.8533
0.7967
0.5825
0.6858
0.7154
0.7663
0.7163
0.5267
0.7342
0.61
0.6033
0.6967
0.6738
0.6488
0.7467
0.6296
0.6867
0.6629
0.7075
0.6988
0.6383
0.6683
0.6446
0.7196
0.7458
0.7288
0.7446
0.8613
0.9146
0.7
0.6642
0.6583
0.675
0.6442
0.67
0.6675
0.695
0.7583
0.6288
0.8042
0.7104
0.7471
0.7288
0.6379
0.5729
0.6471
0.565
0.6471
0.7675
0.655
0.4804
0.4721
0.4979
0.6108
0.6425
0.6517
0.5717
0.5779
0.7108
0.6846
0.6188
0.6238
0.7096
0.4425
0.5538
0.6721
0.7413
0.7013
0.7117
0.7517
0.7792
0.7529
0.7738
0.7617
0.66
0.5654
0.6308
0.9138
0.6283
0.54
0.5579
0.6392
0.6442
0.6204
0.8042
0.8063
0.8592
0.8133
0.7154
0.6417
0.6679
0.7058
0.7804
0.8083
0.84
0.5729
0.4958
0.4746
0.4754
0.5254
0.5533
0.8213
0.82
0.7713
0.7788
0.765
0.7779
0.8329
0.8313
0.7388
0.7642
0.7721
0.8067
0.6054
0.9746
0.9483
0.8008
0.7138
0.7296
0.7042
0.7683
0.7813
0.7708
0.6696
0.5608
0.4238
0.5642
0.6546
0.7525
0.8446
0.8638
0.8738
0.895
0.8183
0.8771
0.875
0.7029
0.7083
0.7654
0.5375
0.5417
0.6471
0.7696
0.9375
0.8867
0.8783
0.8913
0.8671
0.9183
0.9988
0.9763
0.9971
0.9679
0.95
0.9121
0.9929
0.9083
0.8913
0.8838
0.875
0.9538
0.8629
0.9021
0.9329
0.8921
0.9029
0.8875
0.9038
0.9492
0.8863
0.8829
0.9067
0.8075
0.7433
0.8271
0.8858
0.9113
0.9146
0.9404
0.9488
0.9825
0.994
1
0.9833
0.8
0.7432
0.8875
0.9308
0.9308
0.9292
0.9092
0.7579
0.6596
0.6767
0.6913
0.6621
0.8113
0.7988
0.8275
0.8458
0.9525
0.8517
0.9171
0.7938
0.7083
0.8433
0.8413
0.7313
0.7921
0.8713
0.9046
0.7967
0.7788
0.7088
0.75
0.6758
0.7292
0.8721
0.8979
0.9096
0.9625
0.9463
0.9433
0.91
0.9308
0.9108
0.7079
0.8625
0.8617
0.8463
0.6621
0.6675
0.6379
0.8075
0.8954
0.9733
1
0.9571
1
0.9763
0.8808
0.9438
0.9558
0.9804
0.9596
0.9879
0.9475
0.7842
0.8308
0.97
0.9171
0.8633
0.9129
0.9758
0.8975
0.8725
0.7004
0.7858
0.7
0.9596
0.965
0.945
0.9354
0.9529
0.7913
0.7479
0.7717
0.8208
0.77
0.6429
0.79
0.8925
0.7758
0.7567
0.88
0.8858
0.7308
0.5921
0.8042
0.6075
0.6283
0.8038
0.8283
0.7821
0.6675
0.6813
0.8929
0.6979
0.6488
0.7213
0.6354
0.6521
0.7942
0.5813
0.6263
0.6108
0.59
0.6283
0.5225
0.5558
0.6271
0.7842
0.8496
0.8863
0.8438
0.8254
0.875
0.8896
0.8892
0.8471
0.6592
0.7388
0.6792
0.6429
0.7917
0.8446
0.565
0.6983
0.7063
0.7742
0.7538
0.6729
0.7775
0.8258
0.635
0.8267
0.855
0.8371
0.8308
0.5392
0.4996
0.6354
0.6267
0.8279
0.8679
0.8167
0.9296
0.6667
0.7713
0.79
0.8371
0.6825
0.6621
0.6488
0.5975
0.6167
0.6638
0.5467
0.4917
0.5371
0.8004
0.7413
0.745
0.7475
0.7529
0.6629
0.8163
0.6117
0.57
0.8608
0.7342
0.7633
0.6658
0.6779
0.7038
0.6804
0.6704
0.7142
0.6225
0.73
0.8108
0.5742
0.5925
0.4575
0.6425
0.6104
0.5633
0.5225
0.5725
0.5579
0.6825
0.5425
0.54
0.5729
0.5704
0.6279
0.7029
0.7192
0.74
0.7804
0.7392
0.725
0.6154
0.7467
0.7425
0.7538
0.7296
0.7229
0.7638
0.7121
0.6742
0.6338
0.6671
0.7829
0.6888
0.67
0.7713
0.7408
0.6475
0.6175
0.6404
0.6233
0.7496
0.7346
0.7417
0.6933
0.4758
0.595
0.7388
0.7208
0.6846
0.5871
0.5504
0.6383
0.6667
0.7404
0.7288
0.7038
0.7671
0.7163
0.6575
0.9425
-99
0.6804
0.7338
0.7283
0.675
0.7808
0.5421
0.5542
0.7704
0.6967
0.4292
0.5775
0.465
0.4704
0.4538
0.5446
0.5388
0.57
0.515
0.465
0.4738
0.4038
0.4954
0.6308
0.8129
0.8263
0.8604
0.7092
0.6538
0.7288
0.7267
0.7804
0.8029
0.6779
0.5104
0.5092
0.555
0.55
0.4629
0.645
0.7458
0.825
0.8811
0.7629
0.7104
0.7533
0.8004
0.8254
0.7804
0.81
0.8146
0.8421
0.9354
0.9542
0.8746
0.6363
0.7054
0.6558
0.6529
0.7396
0.8663
0.795
0.8704
0.9558
0.8629
0.6758
0.6417
0.7575
0.8775
0.8708
0.8938
0.82
0.8896
0.6983
0.5771
0.5857
0.6763
0.7208
0.7988
0.7742
0.8033
0.7846
0.5996
0.6775
0.8054
0.905
0.9167
0.8163
0.8954
0.8933
0.9221
0.8563
0.835
0.9833
0.7854
0.8663
0.8721
0.9083
0.8708
0.8046
0.7846
0.8417
0.6708
0.6367
0.6479
0.6942
0.8179
0.88
0.9354
0.8729
0.8933
0.9167
0.9008
0.73
0.6433
0.8204
0.8296
0.8163
0.8171
0.8346
0.8413
0.8017
0.7083
0.6021
0.6671
0.7975
0.8696
0.8567
0.81
0.8692
0.7575
0.8308
0.9554
0.9083
0.8238
0.7429
0.87
0.7358
0.7092
0.7008
0.5242
0.7671
0.8992
0.8463
0.8296
0.8929
0.8908
0.8154
0.8588
0.6517
0.7213
0.7146
0.7475
0.8971
0.9313
0.8108
0.8146
0.9392
0.9288
0.9125
0.8875
0.8813
0.8817
0.8521
0.5342
0.715
0.7121
0.6567
0.8646
0.8792
0.8617
0.8213
0.8863
0.8517
0.8342
0.9108
0.8658
0.8579
0.8767
0.88
0.7738
0.7092
0.81
0.7671
0.8221
0.5404
0.5488
0.8204
0.7117
0.5471
0.6933
0.7317
0.8896
0.865
0.7054
0.7729
0.8617
0.8775
0.8729
0.8121
0.7371
0.8771
0.6967
0.6575
0.7492
0.6363
0.6092
0.7213
0.5121
0.6758
0.83
0.765
0.7533
0.8721
0.8563
0.815
0.6267
0.6042
0.5083
0.4913
0.5767
0.67
0.5613
0.5308
0.5433
0.7246
0.4663
0.5929
0.6417
0.5075
0.5183
0.3758
0.4958
0.5713
0.6446
0.6163
0.635
0.7213
0.5538
0.5596
0.4738
0.5575
0.4958
0.4892
0.5342
0.4583
0.5379
0.7492
0.8158
0.9017
0.7042
0.5342
0.7996
0.8742
0.8267
0.7921
0.6683
0.8004
0.8958
0.8804
0.7892
0.7488
0.7971
0.8254
0.9388
0.9308
0.9117
0.82
0.74
0.7363
0.7142
0.6588
0.7742
0.7588
0.6729
0.6321
0.6479
0.7008
0.6933
0.7246
0.7546
0.84
0.7742
0.8404
0.6808
0.8792
0.74
0.5379
0.5108
0.5038
0.4871
0.4875
0.6546
0.5717
0.6433
0.7508
0.5038
0.4496
0.4892
0.5254
0.57
0.7483
0.6696
0.5667
0.5675
0.5588
0.5708
0.6117
0.5613
0.5063
0.3875
0.4079
0.6167
0.5392
0.4133
0.4525
0.5196
0.6738
0.66
0.5742
0.6446
0.6671
0.6742
0.6588
0.6196
0.6846
0.6658
0.6146
0.59
0.6992
0.705
0.8054
0.6563
0.5075
0.4658
0.4563
0.6358
0.6308
0.4742
0.4113
0.4571
0.68
0.6683
0.6596
0.6442
0.5754
0.5788
0.4325
0.42
0.595
0.5858
0.5158
0.375
0.3583
0.4604
0.6183
0.6771
0.5771
0.64
0.6525
0.6392
0.6146
0.5979
0.5358
0.7013
0.6654
0.6546
0.4321
0.6638
0.6908
0.6813
0.5846
0.5508
0.4621
0.655
0.685
0.5796
0.4483
0.6421
0.6875
0.6071
0.5475
0.4317
0.4575
0.4921
0.605
0.6704
0.5292
0.6621
0.6667
0.47
0.4738
0.6321
0.4288
0.4342
0.3871
0.5096
0.4975
0.675
0.6283
0.485
0.5283
0.5538
0.5433
0.4033
0.3721
0.4917
0.665
0.5383
0.4325
0.5058
0.5496
0.6133
0.6292
0.675
0.6546
0.5108
0.6654
0.6983
0.7025
0.6508
0.6888
0.8063
0.5592
0.5042
0.7267
0.7883
0.91
0.7908
0.77
0.5454
0.4325
0.3971
0.5746
0.8308
0.8042
0.7704
0.7529
0.7817
0.9029
0.8567
0.8175
0.7033
0.6425
0.5671
0.5646
0.7921
0.7608
0.7221
0.7925
0.8192
0.8321
0.8933
0.8079
0.7675
0.6829
0.5763
0.6671
0.62
0.6871
0.5629
0.6688
0.7213
0.7021
0.5921
0.4354
0.4892
0.4983
0.6692
0.7254
0.7775
0.7475
0.6254
0.6304
0.5271
0.5125
0.5817
0.5204
0.5204
0.5713
0.4704
0.4275
0.3667
0.3767
0.535
0.5375
0.8575
0.8838
0.7538
0.7071
0.5604
0.5233
0.5925
0.6275
0.6783
0.7138
0.7663
0.7517
0.6963
0.5342
0.5938
0.7133
0.5571
0.5671
0.4588
0.5317
0.4725
0.48
0.5608
0.6529
0.6642
0.5954
0.6775
0.855
0.89
0.7742
0.7483
0.7788
0.8271
0.9017
0.8971
0.905
0.8613
0.8621
0.9146
0.8883
0.8413
0.7896
0.9225
0.91
0.9671
0.8625
0.8154
0.7892
0.8142
0.9454
0.9004
0.9221
0.8683
0.5471
0.7488
0.9242
0.8238
0.715
0.59
0.6379
0.7908
0.9429
0.8617
0.6833
0.715
0.8625
0.7021
0.8967
0.8954
0.7733
0.8013
0.6571
0.6204
0.7163
0.6992
0.8071
0.5996
0.7175
0.7358
0.7925
0.8504
0.8521
0.8508
0.8304
0.725
0.8638
0.7671
0.7596
0.8796
0.7717
0.8125
0.8179
0.8913
0.835
0.8117
0.7842
0.8783
0.9471
0.8704
0.79
0.8571
0.7754
0.6933
0.6725
0.6413
0.4825
0.37
0.3692
0.4663
0.5396
0.6842
0.6413
0.5133
0.4954
0.6208
0.7971
0.8363
0.4008
0.5546
0.5588
0.5204
0.34
0.4188
0.4688
0.4175
0.4363
0.4329
0.5021
0.5921
0.6158
0.7271
0.65
0.4525
0.4763
0.4838
0.4329
0.6875
0.65
0.5329
0.6613
0.6125
0.7108
0.7779
0.6158
0.4988
0.5692
0.4521
0.4763
0.67
0.6375
0.6317
0.6488
0.8796
0.5933
0.48
0.6033
0.6488
0.6883
0.6763
0.67
0.7104
0.5629
0.53
0.6363
0.5704
0.5625
0.5992
0.4729
0.63
0.6379
0.7079
0.8529
0.8958
0.7842
0.8333
0.7554
0.8667
0.7888
0.86
0.8467
0.7008
0.8971
0.5988
0.5388
0.6879
0.8033
0.7446
0.9225
0.8008
0.8342
0.7696
0.6746
0.6521
0.8383
0.8025
0.7196
0.5896
0.5813
0.6833
0.5242
0.4663
0.5654
0.7833
0.8258
0.8396
0.6008
0.4667
0.5433
0.7725
0.7925
0.6221
0.6521
0.7188
0.6575
0.605
0.5638
0.5171
0.6521
0.6029
0.6067
0.5883
0.5438
0.6608
0.5542
0.63
0.6954
0.4433
0.6288
0.6621
0.5796
0.4821
0.6533
0.7254
0.6804
0.65
0.6733
0.5067
0.5283
0.6508
0.6483
0.6225
0.6
0.6596
0.6946
0.48
0.4804
0.7271
0.7342
0.6779
0.6333
0.6396
0.685
0.5892
0.58
0.5796
0.6379
0.5317
0.6613
0.6517
0.7058
0.6333
0.6571
0.3754
0.5008
0.7192
0.6908
0.5213
0.4475
0.6396
0.3858
0.5404
0.6608
0.6892
0.6225
0.5379
0.7167
0.6779
0.7267
0.6804
0.6792
0.6321
0.6875
0.59
0.6183
0.6583
0.6846
0.62
0.7288
0.6817
0.6417
0.6396
0.7838
0.7129
0.7067
0.6896
0.6775
0.6767
0.4688
0.4546
0.435
0.4596
0.5858
0.7304
0.7579
0.7154
0.6492
0.7529
0.8688
0.9217
0.7071
0.6708
0.7117
0.725
0.7679
0.7658
0.6183
0.6333
0.5671
0.4329
0.5342
0.6733
0.7617
0.7283
0.5883
0.6458
0.7192
0.785
0.7675
0.8254
0.8233
0.7938
0.715
0.7046
0.9263
0.8475
0.8567
0.8488
0.6888
0.7883
0.7808
0.7158
0.7842
0.8204
0.8363
0.7163
0.71
0.845
0.72
0.8329
0.7933
0.7913
0.6892
0.6625
0.805
0.865
0.8692
0.8933
0.9125
0.6933
0.5588
0.6521
0.7338
0.7638
0.6842
0.7404
0.7888
0.7988
0.7221
0.5679
0.5879
0.6154
0.5158
0.6046
0.7396
0.6725
0.7246
0.6738
0.5317
0.6417
0.7192
0.7867
0.7246
0.6238
0.8308
0.7775
0.905
0.5163
0.6267
0.6729
0.8125
0.6608
0.6917
0.6383
0.6246
0.5842
0.6113
0.7646
0.775
0.8913
0.8933
0.8867
0.8517
0.8588
0.9475
0.8888
0.9425
0.8763
0.82
0.905
0.9163
0.865
0.8279
0.8229
0.6913
0.5671
0.6313
0.8667
0.8983
0.8258
0.8713
0.8608
0.7588
0.8321
0.8854
0.8767
0.8404
0.8704
0.6063
0.5617
0.7967
0.68
0.4475
0.635
0.5367
0.6313
0.6342
0.7608
0.9008
0.85
0.8133
0.9075
0.7042
0.7567
0.8383
0.8225
0.5375
0.5517
0.5992
0.5733
0.4913
0.4942
0.5467
0.66
0.7017
0.7358
0.6696
0.5658
0.7054
0.8313
0.7875
0.6263
0.5279
0.68
0.795
0.7946
0.7792
0.9121
0.8529
0.8033
0.87
0.8492
0.5992
0.4375
0.5429
0.5346
0.5042
0.6267
0.6075
0.8188
0.735
0.6979
0.67
0.6592
0.68
0.6758
0.6921
0.6529
0.6692
0.6438
0.5213
0.525
0.3467
0.4125
0.675
0.8
0.7017
0.7196
0.7854
0.6654
0.6417
0.7767
0.725
0.7504
0.7708
0.9079
0.7683
0.7392
0.7992
0.8071
0.6175
0.6208
0.7313
0.7738
0.8046
0.6846
0.7221
0.7917
0.5533
0.5113
0.5092
0.5379
0.6379
0.7079
0.6454
0.5388
0.5842
0.5688
0.7129
0.5271
0.5238
0.5917
0.5383
0.4975
0.6046
0.6263
0.6138
0.7525
0.7567
0.7729
0.7167
0.8017
0.5963
0.4646
0.5717
0.6696
0.6371
0.615
0.595
0.6638
0.6958
0.6358
0.6675
0.7179
0.495
0.3867
0.4329
0.5825
0.5996
0.5938
0.5717
0.5258
0.555
0.6333
0.7967
0.6658
0.5892
0.6738
0.51
0.5642
0.6188
0.5933
0.6008
0.5213
0.5458
0.5892
0.5488
0.5517
0.5754
0.3808
0.3813
0.5013
0.6108
0.625
0.6517
0.645
0.5954
0.6388
0.5704
0.525
0.4971
0.5983
0.5704
0.5925
0.6088
0.605
0.5021
0.5158
0.5963
0.5321
0.6563
0.6767
0.6021
0.6958
0.635
0.6667
0.3721
0.3713
0.5525
0.6392
0.6842
0.6871
0.4904
0.4004
0.4475
0.6225
0.61
0.5479
0.6479
0.3833
0.63
0.6808
0.5133
0.6079
0.6529
0.6875
0.6813
0.5567
0.6733
0.6333
0.5783
0.6408
0.5854
0.5738
0.535
0.5513
0.5883
0.5008
0.5258
0.4963
0.4888
0.5525
0.5917
0.6121
0.6371
0.7829
0.6821
0.6738
0.6167
0.4671
0.4658
0.6379
0.6492
0.6833
0.6204
0.5042
0.4546
0.6258
0.6896
0.6625
0.5871
0.6233
0.6546
0.6663
0.72
0.4967
0.5217
0.5629
0.6638
0.7488
0.5813
0.5075
0.5096
0.6329
0.7017
0.6363
0.5638
0.675
0.7421
0.7133
0.7021
0.8033
0.7663
0.4979
0.5992
0.7208
0.7967
0.7667
0.8142
0.7696
0.6863
0.5996
0.5454
0.4817
0.51
0.5404
0.4038
0.325
0.4079
0.55
0.7463
0.6588
0.7088
0.7396
0.5475
0.655
0.7463
0.7504
0.7875
0.8154
0.8629
0.8208
0.8188
0.83
0.5746
0.4425
0.5533
0.5979
0.5917
0.6921
0.5671
0.5575
0.5583
0.5629
0.6879
0.8021
0.8792
0.7942
0.7808
0.8475
0.8654
0.8546
0.8483
0.8408
0.6863
0.6767
0.7529
0.8133
0.6992
0.7092
0.7283
0.9288
0.5733
0.4958
0.6671
0.7329
0.5317
0.64
0.8396
0.83
0.6629
0.7654
0.7979
0.8983
0.8625
0.7288
0.8817
0.6188
0.6033
0.6917
0.6746
0.5804
0.6533
0.8717
0.9738
0.9583
0.9533
0.6913
0.9063
0.655
0.84
0.8942
0.9133
0.765
0.4942
0.6567
0.8888
0.8846
0.8413
0.62
0.9225
0.7571
0.5671
0.5833
0.8146
0.9183
0.6808
0.7658
0.64
0.8388
0.8588
0.9233
0.8988
0.6488
0.7246
0.8267
0.87
0.8546
0.7996
0.7729
0.6533
0.6179
0.5546
0.5088
0.6029
0.6213
0.7538
0.8288
0.9413
0.7033
0.5721
0.6746
0.9275
0.6217
0.4521
0.4642
0.5008
0.6233
0.6517
0.7896
0.9
0.8954
0.7708
0.6296
0.5638
0.8292
0.9167
0.7738
0.635
0.8042
0.6558
0.8963
0.61
0.6679
0.71
0.8188
0.6267
0.595
0.6388
0.8458
0.6183
0.4
0.4188
0.5479
0.6167
0.5929
0.4675
0.555
0.8956
0.7629
0.7808
0.8763
0.8288
0.8425
0.9629
-99
-99
0.7838
0.5279
0.5363
0.5854
0.8092
0.5979
0.5438
0.5
0.6008
0.6508
0.4892
0.5988
0.6667
0.8263
0.5408
0.6046
0.5742
0.515
0.85
0.7775
0.8017
0.6467
0.6921
0.8383
0.8617
0.7329
0.6992
0.6917
0.7121
0.7688
0.74
0.7117
0.6246
0.6571
0.6142
0.725
0.7271
0.6917
0.5208
0.8658
0.5517
0.5038
0.4942
0.6938
0.7029
0.7846
0.7663
0.605
0.6354
0.6571
0.5492
0.4458
0.4071
0.4492
0.5813
0.4617
0.5383
0.5446
0.585
0.5933
0.5783
0.6088
0.5592
0.6588
0.7429
0.4988
0.3738
0.4013
0.3258
0.4496
0.5925
0.5946
0.6321
0.7596
0.7113
0.7292
0.8083
0.6854
0.7067
0.7071
0.6563
0.7383
0.4804
0.5379
0.5213
0.5608
0.4238
0.3563
0.4242
0.5983
0.6508
0.6404
0.605
0.5725
0.505
0.4988
0.5154
0.465
0.5108
0.6083
0.5975
0.5738
0.4608
0.4075
0.595
0.5846
0.5804
0.6208
0.5738
0.5108
0.6292
0.6254
0.5138
0.6675
0.5371
0.5292
0.62
0.6104
0.6296
0.6367
0.3813
0.3875
0.3504
0.4008
0.5304
0.5833
0.5063
0.485
0.6371
0.655
0.73
0.4588
0.4471
0.3588
0.5146
0.6604
0.675
0.5975
0.6113
0.6033
0.5733
0.6488
0.5067
0.4988
0.5604
0.7104
0.6658
0.8258
0.7233
0.6242
0.6158
0.6775
0.6433
0.6471
0.6821
0.4538
0.3579
0.4925
0.4575
0.6038
0.6271
0.6258
0.6325
0.6167
0.6642
0.6958
0.6617
0.3942
0.4575
0.505
0.6871
0.6658
0.4775
0.4925
0.6717
0.7383
0.8021
0.6083
0.5675
0.8579
0.8063
0.7721
0.8404
0.6083
0.4921
0.44
0.5975
0.6525
0.6783
0.7133
0.7642
0.7621
0.7713
0.4954
0.5625
0.7592
0.76
0.8158
0.7892
0.7213
0.7192
0.8917
0.8625
0.6325
0.5775
0.5438
0.5196
0.4296
0.5729
0.6225
0.7513
0.8521
0.8488
0.7146
0.3904
0.5063
0.6704
0.7108
0.8142
0.7508
0.6563
0.5825
0.5371
0.6646
0.7579
0.8488
0.8396
0.6754
0.7004
0.6083
0.4488
0.5671
0.7067
0.8004
0.8171
0.5871
0.4954
0.6617
0.5408
0.8408
0.9096
0.7683
0.5583
0.5492
0.5975
0.6513
0.5596
0.6971
0.6213
0.7838
0.8979
0.6917
0.6942
0.5908
0.6542
0.7983
0.9221
0.9571
0.9175
0.7592
0.6329
0.8688
0.8579
0.8788
0.7408
0.3804
0.4596
0.4025
0.6558
0.8408
0.8167
0.9258
0.9646
0.7954
0.5358
0.4317
0.3975
0.7275
0.715
0.7908
0.8579
0.8767
0.8921
0.6408
0.6233
0.7846
0.8358
0.9333
0.9392
0.8413
0.805
0.7821
0.6813
0.6021
0.7446
0.8517
0.8292
0.9033
0.8704
0.8479
0.7963
0.7388
0.44
0.5429
0.56
0.6063
0.6504
0.6883
0.7771
0.9513
0.8392
0.8442
0.6975
0.5817
0.4938
0.6171
0.6571
0.6158
0.6321
0.7942
0.8171
0.7763
0.8442
0.8579
0.6817
0.7292
0.6096
0.8371
0.6546
0.7475
0.5317
0.7817
0.5688
0.5267
0.5083
0.5379
0.5817
0.5863
0.5563
0.4171
0.5204
0.4825
0.4558
0.645
0.8117
0.7683
0.7554
0.7383
0.6508
0.7083
0.7613
0.785
0.9133
0.6975
0.8042
0.84
0.8388
0.5633
0.5638
0.5142
0.6408
0.7483
0.7496
0.5875
0.7338
0.7783
0.8154
0.6033
0.5729
0.5646
0.6183
0.6338
0.6725
0.7154
0.7996
0.6388
0.6983
0.71
0.6863
0.5583
0.5808
0.4754
0.5254
0.4838
0.5679
0.7325
0.6
0.6238
0.595
0.6367
0.7479
0.6788
0.7063
0.8704
0.8175
0.8321
0.7842
0.6021
0.6488
0.7254
0.7229
0.7358
0.7408
0.7625
0.5858
0.4721
0.6267
0.6425
0.7513
0.7233
0.7483
0.7292
0.7254
0.7288
0.6713
0.6525
0.4067
0.5625
0.71
0.6667
0.6846
0.5983
0.5442
0.5379
0.5067
0.4783
0.5371
0.6679
0.6142
0.6267
0.7333
0.7446
0.6054
0.3517
0.5758
0.8204
0.8163
0.7229
0.7029
0.6079
0.4513
0.5788
0.6521
0.4854
0.71
0.6738
0.5746
0.6188
0.6608
0.6579
0.4354
0.4775
0.6892
0.6642
0.6346
0.5583
0.4858
0.6408
0.5542
0.5942
0.5746
0.4433
0.4475
0.4854
0.665
0.7138
0.6363
0.6179
0.6008
0.5475
0.4554
0.7042
0.6717
0.6004
0.7154
0.4708
0.4608
0.5796
0.6604
0.46
0.45
0.4217
0.4304
0.5638
0.4492
0.3321
0.3925
0.4242
0.3971
0.5429
0.5854
0.6221
0.5879
0.6088
0.6763
0.6221
0.6533
0.6004
0.7371
0.6704
0.6033
0.3621
0.4246
0.5771
0.6683
0.6725
0.6808
0.595
0.6283
0.5963
0.625
0.6483
0.6258
0.5842
0.5942
0.5875
0.6367
0.69
0.6567
0.5042
0.3854
0.6263
0.6558
0.6821
0.7017
0.6863
0.6658
0.6071
0.5454
0.5063
0.5379
0.5592
0.5492
0.6908
0.6775
0.6408
0.5629
0.6896
0.5738
0.7054
0.7096
0.7433
0.4608
0.4054
0.5333
0.7075
0.7392
0.7192
0.6979
0.6992
0.6833
0.6233
0.6875
0.6621
0.7146
0.7196
0.6942
0.5871
0.5404
0.5425
0.5217
0.4404
0.4513
0.4525
0.5154
0.53
0.525
0.5529
0.695
0.7217
0.7104
0.7258
0.6883
0.6183
0.4113
0.6013
0.7417
0.7921
0.8417
0.7029
0.6858
0.8413
0.8871
0.8796
0.7842
0.8392
0.8263
0.8154
0.8421
0.9692
0.7408
0.6283
0.7892
0.7379
0.7921
0.8325
0.8888
0.8563
0.825
0.6967
0.8875
0.8092
0.8346
0.9104
0.8975
0.8629
0.9092
0.9354
0.8367
0.8317
0.9029
0.8292
0.9075
0.8517
0.8891
0.8492
0.8804
0.8796
0.77
0.6767
0.6213
0.5838
0.5683
0.7467
0.9208
0.8696
0.8671
0.8013
0.7988
0.9108
0.63
0.7171
0.49
0.5804
0.65
0.5875
0.5621
0.5625
0.7588
0.5096
0.5988
0.7975
0.8317
0.7983
0.5958
0.5329
0.5146
0.7404
0.6454
0.6333
0.5767
0.4546
0.4683
0.5558
0.6483
0.7258
0.865
0.9204
0.8725
0.8296
0.7942
0.8738
0.8858
0.8617
0.8425
0.89
0.665
0.6229
0.5983
0.6458
0.6221
0.7342
0.8146
0.9329
0.6533
0.4788
0.6054
0.6346
0.6579
0.43
0.3188
0.2708
0.7567
0.4967
0.3121
0.3033
0.5204
0.3671
0.2996
0.3092
0.3842
0.5167
0.5513
0.465
0.5933
0.6708
0.5529
0.3617
0.4654
0.4158
0.3221
0.4308
0.5288
0.4688
0.5979
0.7621
0.7279
0.7288
0.7863
0.6729
0.6533
0.3875
0.4342
0.4717
0.4067
0.5313
0.5771
0.4425
0.51
0.5608
0.5958
0.7383
0.6146
0.6996
0.4833
0.4683
0.6479
0.7813
0.6363
0.6967
0.6917
0.6257
0.6625
0.6458
0.5692
0.5663
0.5008
0.5446
0.625
0.7208
0.7829
0.7613
0.8146
0.8654
0.6617
0.4879
0.5946
0.7379
0.5171
0.6779
0.4746
0.5813
0.4821
0.3392
0.4063
0.455
0.4388
0.5075
0.6283
0.5563
0.6904
0.3979
0.7104
0.665
0.7283
0.8058
0.6921
0.7183
0.7092
0.7021
0.7242
0.7592
0.7129
0.62
0.6342
0.6254
0.6696
0.5596
0.5854
0.5763
0.6358
0.7021
0.2583
0.4863
0.7157
0.6475
0.6971
0.6317
0.4375
0.425
0.4071
0.5346
0.6004
0.6675
0.6192
0.5571
0.5633
0.5892
0.6008
0.5887
0.5629
0.6488
0.5113
0.635
0.5825
0.6692
0.5371
0.5388
0.5383
0.5133
0.3492
0.4138
0.6092
0.5638
0.5808
0.59
0.6425
0.7133
0.615
0.4467
0.4121
0.5404
0.5775
0.4871
0.5525
0.5788
0.6425
0.6283
0.5621
0.5563
0.4929
0.6904
0.655
0.7196
0.5429
0.6496
0.5896
0.6363
0.6029
0.5392
0.5296
0.6313
0.5463
0.3671
0.4608
0.5296
0.4646
0.4367
0.5079
0.5004
0.4679
0.5179
0.5917
0.5829
0.6004
0.5763
0.5492
0.5883
0.7221
0.6546
0.6017
0.5867
0.5246
0.6308
0.6192
0.4833
0.5821
0.5083
0.5204
0.5342
0.5958
0.4713
0.6333
0.6592
0.5154
0.5625
0.62
0.5942
0.6208
0.5171
0.5287
0.5926
0.6246
0.6875
0.4796
0.47
0.685
0.6713
0.6671
0.5663
0.38
0.3575
0.3563
0.3888
0.4496
0.5279
0.5508
0.625
0.7017
0.7017
0.7104
0.6946
0.5271
0.4013
0.3663
0.4233
0.7029
0.6979
0.7379
0.5725
0.5896
0.6904
0.6825
0.6938
0.4233
0.4933
0.6658
0.6504
0.7404
0.9596
0.6646
0.675
0.6992
0.7867
0.8025
0.8004
0.8004
0.7138
0.7829
0.6821
0.7929
0.8317
0.7363
0.6575
0.7192
0.5771
0.7171
0.7742
0.7096
0.68
0.86
0.8346
0.8163
0.84
0.8671
0.9296
0.8904
0.57
0.4854
0.6317
0.955
0.795
0.6954
0.6871
0.8771
0.8971
0.6475
0.6742
0.7775
0.7946
0.9588
0.8704
0.7754
0.7079
0.7296
0.8325
0.8479
0.9496
0.9892
0.9404
0.7946
0.8933
0.8254
0.7809
0.9021
0.8788
0.9079
0.8867
0.6538
0.6233
0.5908
0.7125
0.6413
0.5325
0.5629
0.55
0.5708
0.6383
0.7479
0.5375
0.6833
0.7267
0.7946
0.9008
0.8988
0.9813
0.8958
0.77
0.6721
0.6433
0.8446
0.8083
0.6709
0.7783
0.8788
0.9458
0.9325
0.6125
0.6508
0.7408
0.8692
0.6088
0.8104
0.7742
0.6721
0.7079
0.7138
0.6888
0.6367
0.7521
0.7829
0.7471
0.6063
0.5917
0.8133
0.6979
0.6442
0.5963
0.5479
0.4858
0.78
0.9138
0.6646
0.6452
0.7246
0.5167
0.6854
0.6238
0.6333
0.7479
0.5508
0.6821
0.6988
0.6846
0.7708
0.5917
0.4171
0.6279
0.5871
0.555
0.5192
0.6154
0.5308
0.5567
0.4763
0.4921
0.565
0.5435
0.6
0.8325
0.8808
0.8058
0.7888
0.7933
0.6796
0.7113
0.5838
0.4821
0.5146
0.6563
0.7522
0.8875
0.8363
0.6725
0.805
0.8592
0.8146
0.7958
0.7146
0.5975
0.6771
0.6225
0.545
0.5688
0.6075
0.4996
0.5033
0.7658
0.8463
0.5908
0.6567
0.6179
0.6921
0.7996
0.7825
0.6404
0.5796
0.7867
0.8358
0.6863
0.7238
0.5613
0.5238
0.6425
0.5025
0.6221
0.8142
0.5933
0.4996
0.5429
0.6279
0.6096
0.6363
0.63
0.5642
0.6883
0.6254
0.575
0.64
0.5708
0.6471
0.4746
0.3617
0.5029
0.5296
0.5479
0.6179
0.8825
0.8142
0.5979
0.9013
0.9792
0.8008
0.7442
0.6654
0.5892
0.65
0.6467
0.6058
0.6083
0.685
0.7204
0.5596
0.4746
0.4625
0.6495
0.8421
0.8558
0.5104
0.6675
0.6808
0.6483
0.775
0.6442
0.5267
0.5013
0.3921
0.4004
0.6021
0.705
0.6
0.4275
0.4925
0.4713
0.4675
0.4654
0.5043
0.6313
0.6683
0.6442
0.685
0.7108
0.6658
0.5496
0.5554
0.6213
0.6458
0.6492
0.5896
0.5192
0.6763
0.9258
0.6454
0.5767
0.7438
0.5625
0.5417
0.4496
0.5938
0.5813
0.5683
0.4763
0.465
0.5771
0.5988
0.6458
0.6258
0.565
0.6646
0.5725
0.5296
0.5696
0.5879
0.6783
0.6392
0.6467
0.6446
0.5771
0.5592
0.5883
0.54
0.6933
0.6838
0.6121
0.5775
0.5375
0.6238
0.6546
0.6625
0.6025
0.6742
0.5167
0.3767
0.5721
0.5746
0.63
0.6175
0.7288
0.6246
0.6733
0.6875
0.5379
0.4475
0.4017
0.4517
0.6283
0.6946
0.5942
0.58
0.6554
0.6408
0.6204
0.6875
0.6263
0.5133
0.6904
0.715
0.7008
0.5488
0.4358
0.6088
0.6292
0.7896
0.7008
0.6883
0.5171
0.5288
0.5808
0.6346
0.6975
0.6913
0.7404
0.8617
0.7704
0.5908
0.5604
0.4679
0.4767
0.6008
0.7117
0.4925
0.42
0.4325
0.4879
0.4325
0.5604
0.5938
0.7158
0.7483
0.7283
0.755
0.6883
0.7542
0.5979
0.5163
0.5454
0.5863
0.6492
0.7904
0.825
0.6239
0.5629
0.6363
0.7196
0.6663
0.5708
0.3783
0.5117
0.7213
0.6738
0.6271
0.5146
0.6238
0.796
0.79
0.8183
0.8063
0.8163
0.7383
0.7471
0.7929
0.7729
0.6617
0.6296
0.4558
0.4921
0.5033
0.55
0.5617
0.6504
0.7167
0.5508
0.5425
0.7575
0.6446
0.43
0.4722
0.5171
0.5392
0.5729
0.4629
0.3767
0.8358
0.9317
0.9058
0.6004
0.5663
0.5417
0.4921
0.5242
0.5204
0.5017
0.4954
0.6338
0.7233
0.7529
0.6771
0.5417
0.5988
0.6721
0.7554
0.7346
0.6338
0.7579
0.8629
0.8767
0.9125
0.8346
0.8792
0.7971
0.8013
0.9008
0.8529
0.8792
0.9138
0.9533
0.6158
0.7658
0.8204
0.8654
0.9392
0.785
0.4792
0.7338
0.6821
0.5221
0.7342
0.83
0.7883
0.9396
0.9538
0.8125
0.5592
0.7658
0.8529
0.9138
0.9321
0.8421
0.8179
0.8808
0.9229
0.8079
0.8132
0.845
0.8638
0.9804
0.7825
0.5183
0.64
0.8488
0.5854
0.54
0.525
0.5663
0.5492
0.6133
0.92
0.5804
0.7083
0.7492
0.4921
0.7871
0.6608
0.6542
0.7821
0.6054
0.6438
0.6025
0.6429
0.6113
0.6879
0.7167
0.7455
-99
-99
0.7939
0.7238
0.5238
0.6525
0.5775
0.5971
0.7333
0.7808
0.7208
0.58
0.6842
0.7013
0.6517
0.6617
0.5833
0.4758
0.5408
0.6092
0.6829
0.6933
0.7417
0.6542
0.6825
0.7075
0.7763
0.7079
0.5475
0.4613
0.5467
0.66
0.6013
0.7478
0.7817
0.7563
0.4588
0.5467
0.5413
0.5504
0.5317
0.6588
0.5983
0.8629
0.7883
0.7625
0.7367
0.8992
0.5083
0.5258
0.6813
0.7738
0.7371
0.7504
0.7683
0.7654
0.7783
0.6688
0.6825
0.73
0.6808
0.6942
0.5592
0.4904
0.7779
0.905
0.9156
0.6996
0.7967
0.5533
0.6244
0.4335
0.4415
0.5275
0.475
0.4656
0.4167
0.4271
0.4992
0.7029
0.6646
0.696
0.6563
0.6083
0.609
0.5858
0.7079
0.3913
0.424
0.5569
0.6258
0.5454
0.6433
0.6431
0.6483
0.6977
0.6833
0.6681
0.7177
0.6779
0.5917
0.5485
0.8175
0.5335
0.6613
0.5071
0.529
0.5413
0.6033
0.6002
0.6042
0.681
0.675
0.6681
0.5471
0.5867
0.5075
0.5288
0.4667
0.3803
0.4398
0.4906
0.6102
0.611
0.6619
0.6002
0.5638
0.6798
0.6823
0.7865
0.6777
0.5
0.5877
0.5973
0.3438
0.4696
0.6383
0.6771
0.6194
0.5758
0.5777
0.6529
0.481
0.3381
0.3731
0.38
0.381
0.4077
0.5048
0.4981
0.6654
0.6277
0.6215
0.5773
0.546
0.3494
0.3669
0.4052
0.5638
0.6523
0.5992
0.6267
0.56
0.5544
0.355
0.4048
0.5133
0.6863
0.7752
0.6858
0.6996
0.6485
0.6075
0.5888
0.645
0.684
0.5948
0.636
0.7292
0.4308
0.4438
0.494
0.4813
0.5863
0.6348
0.6325
0.7025
0.5679
0.7006
0.4888
0.7267
0.7115
0.5319
0.6498
0.6623
0.6952
0.6573
0.6465
0.6032
0.6273
0.6706
0.6508
0.6477
0.6817
0.6792
0.6648
0.701
0.7242
0.6127
0.6004
0.641
0.7592
0.6383
0.7204
0.6948
0.7092
0.7356
0.7423
0.7981
0.9523
0.8121
0.5998
0.5521
0.6954
0.7431
0.9392
0.8196
0.9073
0.8194
0.81
0.7675
0.8044
0.6831
0.8102
0.7358
0.7629
0.7825
0.869
0.825
0.6906
0.7402
0.8283
0.689
0.7521
0.7515
0.7388
0.836
0.7902
0.5525
0.4102
0.36
0.3944
0.6642
0.7554
0.7515
0.7294
0.7981
0.8483
0.8298
0.8269
0.806
0.8008
0.7108
0.5898
0.6569
0.6708
0.6892
0.8598
0.7648
0.9733
0.7817
0.7954
0.9417
0.7277
0.6738
0.6383
0.7344
0.7983
0.8529
0.8604
0.8919
0.805
0.8479
0.8871
0.9071
0.886
0.7125
0.8629
0.9338
0.7088
0.68
0.7033
0.9421
0.7089
0.5973
0.5321
0.649
0.4827
0.6227
0.5896
0.8885
0.9365
0.9265
0.8956
0.7146
0.5927
0.6471
0.8458
0.7942
0.8223
0.9119
0.8696
0.8313
0.7985
0.7729
0.6877
0.4694
0.4702
0.5015
0.6094
0.7052
0.631
0.6073
0.6079
0.8469
0.8302
0.8444
0.7798
0.8183
0.77
0.6673
0.7825
0.8742
0.8033
0.8931
0.7831
0.5869
0.7615
0.7629
0.623
0.714
0.6452
0.4868
0.4904
0.3533
0.4685
0.5298
0.539
0.465
0.7477
0.6471
0.5338
0.759
0.6579
0.7504
0.4594
0.495
0.6308
0.5704
0.6521
0.7502
0.8242
0.8921
0.7965
0.7638
0.7554
0.5779
0.5883
0.5827
0.7244
0.8271
0.676
0.4871
0.5413
0.5135
0.5596
0.575
0.4146
0.5215
0.6056
0.6588
0.7256
0.5627
0.3629
0.5185
0.65
0.69
0.6638
0.7402
0.6452
0.6315
0.5758
0.4544
0.591
0.6435
0.7027
0.7154
0.6038
0.7442
0.9094
0.8938
0.7846
0.7838
0.5671
0.5452
0.5031
0.4606
0.4331
0.3892
0.4204
0.4213
0.4952
0.6465
0.4608
0.5417
0.6452
0.6617
0.6385
0.6752
0.6521
0.7108
0.5981
0.5627
0.581
0.6735
0.804
0.7073
0.7104
0.5406
0.6531
0.6742
0.6829
0.6196
0.7408
0.6588
0.8244
0.5496
0.475
0.6733
0.7292
0.6617
0.6317
0.5877
0.686
0.6296
0.5721
0.7058
0.5075
0.5629
0.6498
0.5994
0.6492
0.6831
0.5656
0.3777
0.4085
0.4623
0.5677
0.6752
0.4502
0.3815
0.3652
0.3829
0.4733
0.4767
0.3835
0.4769
0.6085
0.5898
0.5452
0.6115
0.6206
0.6715
0.5517
0.4798
0.4794
0.4827
0.4585
0.455
0.5629
0.8023
0.7377
0.634
0.77
0.6054
0.649
0.644
0.4452
0.4508
0.4135
0.4429
0.6235
0.6808
0.6702
0.6585
0.6817
0.5981
0.5731
0.6415
0.551
0.5571
0.5858
0.6529
0.5906
0.4456
0.4613
0.5898
0.5957
0.4415
0.4313
0.6823
0.5556
0.5104
0.516
0.5923
0.6438
0.5902
0.6125
0.6471
0.615
0.6271
0.651
0.4792
0.5115
0.6613
0.4681
0.5156
0.5554
0.519
0.6675
0.6785
0.7281
0.6767
0.7194
0.7008
0.6165
0.6798
0.6994
0.6865
0.699
0.4575
0.4885
0.6877
0.6504
0.469
0.3833
0.4381
0.5092
0.6319
0.714
0.6427
0.68
0.7065
0.7081
0.59
0.4458
0.6025
0.6823
0.6202
0.6506
0.6638
0.6904
0.7438
0.646
0.73
0.7475
0.7829
0.6179
0.6342
0.6794
0.724
0.7133
0.7679
0.7656
0.7525
0.7404
0.584
0.6781
0.6456
0.4163
0.506
0.6231
0.5875
0.5804
0.5129
0.4433
0.5429
0.6383
0.719
0.7381
0.6963
0.7373
0.8871
0.7725
0.7277
0.7885
0.8265
0.8552
0.5602
0.504
0.6294
0.7098
0.766
0.7604
0.729
0.5602
0.4331
0.4767
0.6346
0.7952
0.7967
0.7702
0.721
0.4369
0.4865
0.6738
0.9
0.7
0.7706
0.8004
0.5906
0.6488
0.7569
0.7448
0.7515
0.8313
0.8469
0.7783
0.7817
0.8033
0.8517
0.8673
0.8838
0.826
0.8019
0.8044
0.7467
0.8144
0.8927
0.819
0.7863
0.8465
0.8479
0.6779
0.5117
0.575
0.5883
0.6823
0.5629
0.4633
0.5783
0.6225
0.6098
0.801
0.8081
0.8281
0.8558
0.8358
0.861
0.8588
0.8919
0.8479
0.8138
0.9133
0.842
0.8523
0.8425
0.8335
0.8944
0.7642
0.8831
0.8408
0.8854
0.8583
0.7781
0.9788
0.8902
0.8496
0.9023
0.9283
0.9415
0.8304
0.835
0.8873
0.8483
0.8715
0.634
0.7702
0.8767
0.6288
0.4844
0.7215
0.6844
0.7952
0.8331
0.5802
0.4617
0.6117
0.7681
0.5492
0.5
0.5954
0.629
0.661
0.7769
0.7725
0.8215
0.7979
0.864
0.7758
0.7669
0.6948
0.719
0.811
0.7992
0.6894
0.5977
0.7588
0.5529
0.5713
0.7452
0.8206
0.5083
0.5219
0.536
0.5579
0.8304
0.7748
0.731
0.585
0.5135
0.421
0.5067
0.6769
0.6004
0.6446
0.6429
0.5923
0.4735
0.6023
0.5254
0.6002
0.8254
0.6648
0.5038
0.4479
0.409
0.469
0.6256
0.479
0.4723
0.5963
0.4183
0.5913
0.5481
0.5202
0.4604
0.4869
0.8265
0.915
0.7127
0.6898
0.7967
0.8373
0.8181
0.8233
0.6629
0.434
0.4898
0.5942
0.6879
0.5925
0.6725
0.6458
0.7521
0.5885
0.5281
0.4854
0.6917
0.8396
0.945
0.5742
0.4933
0.4248
0.4802
0.7056
0.6408
0.655
0.6181
0.5963
0.7273
0.6754
0.6702
0.6552
0.6475
0.6692
0.6742
0.824
0.5525
0.4046
0.441
0.5842
0.6508
0.7992
0.6852
0.5731
0.3485
0.4035
0.4652
0.6306
0.6473
0.649
0.6617
0.7802
0.8846
0.8831
0.7471
0.6931
0.5342
0.4746
0.4531
0.469
0.559
0.724
0.4438
0.5988
0.7238
0.6008
0.405
0.6754
0.7238
0.691
0.6581
0.7077
0.4254
0.4002
0.3867
0.3975
0.575
0.6202
0.6685
0.679
0.7119
0.6467
0.6354
0.5948
0.5935
0.5096
0.4125
0.3575
0.3671
0.57
0.456
0.4727
0.4148
0.3398
0.4152
0.5296
0.506
0.5102
0.5806
0.4931
0.4765
0.4517
0.5804
0.5863
0.5663
0.615
0.5315
0.5004
0.5523
0.4896
0.4867
0.5519
0.5329
0.5356
0.5379
0.5602
0.5085
0.3031
0.3198
0.4069
0.5415
0.5413
0.5154
0.6088
0.6075
0.6081
0.5992
0.4138
0.4542
0.5079
0.5352
0.549
0.496
0.6031
0.6517
0.4546
0.4675
0.5273
0.6217
0.5975
0.41
0.4546
0.5388
0.495
0.4675
0.3925
0.4065
0.5613
0.6023
0.6275
0.6642
0.7206
0.6502
0.5854
0.6792
0.549
0.4467
0.5869
0.6346
0.5375
0.5375
0.6581
0.6819
0.7013
0.5294
0.5217
0.6569
0.6081
0.624
0.6094
0.5306
0.4281
0.4425
0.6579
0.6825
0.5794
0.6058
0.6421
0.6904
0.674
0.709
0.7295
0.5769
0.4877
0.4392
0.4519
0.5742
0.6029
0.6792
0.76
0.7458
0.7171
0.7504
0.6302
0.6706
0.7513
0.7542
0.674
0.6923
0.7513
0.7517
0.686
0.7369
0.7758
0.5742
0.6088
0.5633
0.5531
0.72
0.9135
0.7779
0.7573
0.8196
0.8273
0.7679
0.7
0.6583
0.6785
0.8756
0.8088
0.7613
0.8748
0.8469
0.7615
0.8148
0.84
0.8125
0.8033
0.78
0.8042
0.7469
0.8573
0.8369
0.5244
0.5669
0.5329
0.5113
0.4604
0.464
0.6229
0.6602
0.4827
0.6217
0.7029
0.7077
0.7869
0.6494
0.754
0.8344
0.9248
0.8615
0.841
0.8442
0.9342
0.94
0.8819
0.829
0.7325
0.9342
0.914
0.8352
0.8675
0.7413
0.879
0.9185
0.9085
0.8756
0.8779
0.8429
0.8344
0.9077
0.9229
0.9098
0.9658
0.7848
0.9038
0.8848
0.704
0.7054
0.8342
0.8098
0.8648
0.8396
0.8671
0.826
0.8663
0.8608
0.87
0.861
0.8502
0.851
0.8408
0.8583
0.569
0.6704
0.7227
0.6256
0.7025
0.6485
0.7308
0.7615
0.5046
0.5813
0.5542
0.5598
0.4058
0.511
0.5967
0.706
0.7663
0.7538
0.7727
0.4921
0.5442
0.7904
0.8171
0.704
0.765
0.8142
0.8873
0.8344
0.8946
0.8185
0.8
0.6375
0.5113
0.534
0.5056
0.6044
0.756
0.8106
0.65
0.745
0.7806
0.8129
0.8169
0.8069
0.829
0.8458
0.7696
0.7271
0.7008
0.7844
0.6315
0.5906
0.8148
0.7377
0.8907
-99
0.665
0.7633
0.6198
0.7423
0.5854
0.4808
0.6273
0.6896
0.6619
0.7685
0.5823
0.769
0.7675
0.7615
0.7135
0.6598
0.6794
0.6398
0.6913
0.6254
0.6556
0.579
0.771
0.7833
0.7842
0.9042
0.7996
0.7202
0.7029
0.7704
0.5948
0.5119
0.5806
0.6115
0.5817
0.5815
0.6779
0.6521
0.721
0.6529
0.5865
0.6994
0.66
0.5948
0.5996
0.5515
0.7348
0.6446
0.6338
0.674
0.6369
0.6625
0.6206
0.6629
0.7694
0.5883
0.7871
0.5804
0.7821
0.7185
0.4919
0.6115
0.7358
0.6998
0.6588
0.4667
0.5158
0.6081
0.7458
0.7283
0.7548
0.6469
0.6235
0.6156
0.6592
0.596
0.619
0.7877
0.5373
0.5752
0.6902
0.644
0.5998
0.5525
0.5285
0.6315
0.6971
0.6058
0.5915
0.6319
0.585
0.6367
0.7083
0.7956
0.8775
0.671
0.5802
0.5621
0.7213
0.6744
0.6221
0.5579
0.5246
0.5202
0.4981
0.559
0.5383
0.5504
0.6315
0.676
0.625
0.5917
0.58
0.6385
0.6271
0.666
0.5996
0.7175
0.5404
0.4106
0.4292
0.4248
0.4354
0.5473
0.6446
0.6388
0.6304
0.6031
0.6933
0.62
0.6854
0.6731
0.6517
0.6931
0.5527
0.5221
0.6315
0.66
0.6491
0.63
0.621
0.7623
0.7467
0.7488
0.5321
0.4569
0.4869
0.6371
0.7135
0.7179
0.7102
0.7215
0.7554
0.7094
0.5821
0.5879
0.6529
0.5738
0.7294
0.4294
0.5129
0.454
0.4283
0.5585
0.6513
0.671
0.739
0.7252
0.6373
0.6213
0.5473
0.5171
0.709
0.7115
0.724
0.6763
0.7035
0.6713
0.6958
0.6854
0.7521
0.7479
0.6577
0.4277
0.469
0.6015
0.7465
0.7351
0.5663
0.4419
0.5538
0.6773
0.4558
0.4281
0.4956
0.6004
0.5733
0.7163
0.5785
0.6504
0.5679
0.4475
0.5404
0.7271
0.8402
0.8221
0.7669
0.6946
0.619
0.7554
0.791
0.7858
0.8579
0.646
0.6631
0.7571
0.7785
0.761
0.4869
0.6023
0.7013
0.689
0.7506
0.8108
0.8058
0.7435
0.7419
0.7477
0.7681
0.7579
0.8748
0.8827
0.741
0.7098
0.5315
0.6785
0.6492
0.7992
0.8246
0.6333
0.5694
0.5456
0.5883
0.7163
0.8206
0.855
0.8585
0.8746
0.5844
0.5285
0.4827
0.5604
0.5927
0.616
0.5773
0.53
0.4081
0.5017
0.6335
0.719
0.6492
0.689
0.701
0.7154
0.749
0.8215
0.8852
0.78
0.6804
0.5367
0.7825
0.7615
0.6375
0.5335
0.5181
0.4781
0.4015
0.71
0.7998
0.8408
0.8715
0.7344
0.5996
0.8025
0.6102
0.5377
0.7638
0.716
0.6323
0.5802
0.5848
0.665
0.7181
0.7563
0.7925
0.7415
0.7821
0.8585
0.8804
0.8596
0.636
0.6213
0.6125
0.7533
0.7958
0.4433
0.5877
0.5696
0.5113
0.6483
0.8004
0.8925
0.9002
0.8454
0.7796
0.569
0.7485
0.8546
0.7554
0.7181
0.6144
0.5294
0.6725
0.6621
0.524
0.544
0.5385
0.6608
0.8621
0.8056
0.82
0.7527
0.7417
0.8194
0.8354
0.8498
0.7963
0.5644
0.5644
0.8769
0.9329
0.8148
0.5529
0.6935
0.6952
0.5217
0.6896
0.5325
0.7023
0.7027
0.74
0.8181
0.7025
0.5754
0.6338
0.5892
0.5188
0.4602
0.5681
0.7188
0.6456
0.7054
0.7842
0.9171
0.8744
0.6331
0.7398
0.7748
0.7908
0.6565
0.6
0.7356
0.7821
0.8506
0.6979
0.576
0.7383
0.8125
0.7165
0.6008
0.7552
0.6421
0.6398
0.5306
0.3725
0.4417
0.444
0.6725
0.5856
0.5473
0.5569
0.4608
0.6144
0.6908
0.4273
0.5256
0.6679
0.7552
0.5892
0.5563
0.7073
0.68
0.7515
0.7771
0.8177
0.8144
0.7002
0.8548
0.8681
0.7073
0.8988
0.7023
0.666
0.6923
0.7125
0.6988
0.6838
0.6619
0.6083
0.5767
0.5731
0.7335
0.7888
0.689
0.5738
0.6285
0.5494
0.504
0.4844
0.5577
0.7475
0.7933
0.7615
0.5846
0.5296
0.7188
0.7906
0.4338
0.4683
0.48
0.5063
0.6415
0.6796
0.6469
0.7721
0.7367
0.662
0.7635
0.655
0.6421
0.7525
0.689
0.9123
0.7785
0.915
0.7429
0.6985
0.7248
0.7858
0.7625
0.6965
0.7367
0.6983
0.736
0.7331
0.726
0.5342
0.5521
0.4996
0.4642
0.53
0.6015
0.4015
0.3902
0.5354
0.5894
0.5953
0.5623
0.6131
0.6417
0.6869
0.6373
0.6988
0.6665
0.6427
0.6013
0.6685
0.6096
0.6388
0.6648
0.5252
0.501
0.6754
0.5573
0.5879
0.6192
0.6492
0.7396
0.6375
0.6006
0.6715
0.4738
0.4815
0.6413
0.6535
0.6592
0.544
0.6106
0.6696
0.7002
0.6942
0.6546
0.6688
0.6273
0.6863
0.6779
0.6625
0.5488
0.5675
0.5875
0.4696
0.4298
0.6308
0.715
0.6767
0.6598
0.5467
0.7338
0.7006
0.609
0.4281
0.5683
0.7015
0.654
0.5171
0.5942
0.536
0.5913
0.6656
0.6694
0.4381
0.4315
0.5319
0.7013
0.781
0.7208
0.6692
0.6106
0.6238
0.7269
0.7485
0.699
0.8011
0.6415
0.5792
0.7429
0.756
0.736
0.6721
0.7321
0.6779
0.6877
0.7846
0.8167
0.7871
0.7777
0.7533
0.7142
0.6531
0.5819
0.6542
0.4069
0.4938
0.6419
0.7335
0.6704
0.5738
0.6098
0.4048
0.3675
0.4698
0.7083
0.7606
0.7738
0.455
0.7642
0.77
0.8579
0.8558
0.8433
0.7971
0.8423
0.6981
0.8967
0.789
0.9446
0.9492
0.9156
0.8733
0.7667
0.7073
0.6788
0.7077
0.8358
0.7683
0.5913
0.5792
0.6496
0.8475
0.8273
0.8127
0.6708
0.7654
0.9617
0.8083
0.8529
0.9025
0.7288
0.8421
0.8506
0.8342
0.9196
0.9102
0.9759
0.8953
0.8542
0.7367
0.8315
0.9208
0.9235
0.9388
0.9558
0.8785
0.9198
0.7629
0.6909
0.7996
0.9075
0.7473
0.7225
0.8138
0.81
0.8519
0.9446
0.8008
0.7569
0.6646
0.5704
0.6673
0.8917
0.845
0.9448
0.6513
0.7319
0.7748
0.6681
0.9379
0.7817
0.7881
0.9198
0.8598
0.8944
0.9008
0.905
0.899
0.8315
0.7927
0.8192
0.8413
0.8677
0.8652
0.7927
0.8404
0.861
0.7267
0.5098
0.6404
0.69
0.5758
0.5525
0.5425
0.6558
0.61
0.6015
0.7735
0.8515
0.8127
0.7963
0.8158
0.9173
0.7156
0.6744
0.6358
0.4242
0.6435
0.639
0.5825
0.5579
0.7144
0.6244
0.8502
0.7933
0.6165
0.4746
0.5673
0.6577
0.7867
0.7588
0.8056
0.7956
0.7302
0.5583
0.7044
0.842
0.8215
0.8292
0.7479
0.7271
0.7833
0.7607
0.821
0.8281
0.6973
0.6321
0.7023
0.7915
0.7829
0.649
0.564
0.5227
0.5348
0.6475
0.6448
0.744
0.8146
0.5438
0.6988
0.6683
0.6177
0.4871
0.7708
0.5077
0.4831
0.4513
0.619
0.5775
0.4075
0.5248
0.5458
0.6183
0.6033
0.5765
0.5558
0.5183
0.5158
0.6006
0.6373
0.6819
0.7221
0.8575
0.7635
0.705
0.7183
0.4633
0.7077
0.7058
0.6469
0.7177
0.5883
0.6081
0.5181
0.4667
0.4473
0.6765
0.7031
0.6438
0.7446
0.5833
0.4754
0.6035
0.8367
0.8531
0.785
0.6246
0.6981
0.5475
0.5296
0.5333
0.7279
0.7396
0.7192
0.706
0.7627
0.5229
0.3404
0.4519
0.7481
0.5958
0.4154
0.6415
0.5523
0.4202
0.5879
0.5979
0.6671
0.7206
0.7115
0.4596
0.5227
0.455
0.6333
0.5896
0.6606
0.88
-99
-99
0.5
0.4346
0.4333
0.535
0.6275
0.5646
0.5719
0.5973
0.686
0.6177
0.5767
0.4883
0.536
0.4108
0.4138
0.5283
0.5122
0.6308
0.5377
0.5227
0.6298
0.6148
0.6265
0.6198
0.6575
0.6794
0.5769
0.6183
0.591
0.6796
0.4969
0.474
0.4594
0.4302
0.5485
0.5913
0.5792
0.5694
0.5515
0.6077
0.6663
0.6429
0.7306
0.6144
0.4948
0.5767
0.616
0.6383
0.6127
0.4548
0.5829
0.5833
0.5508
0.6156
0.59
0.5894
0.5531
0.4854
0.6004
0.6167
0.6581
0.5017
0.4483
0.5602
0.4571
0.5404
0.5821
0.5765
0.6073
0.6392
0.6058
0.6721
0.6785
0.5815
0.5625
0.5258
0.6563
0.3863
0.3727
0.4417
0.6338
0.6175
0.7121
0.7063
0.6619
0.8521
0.7204
0.5733
0.6696
0.6544
0.641
0.7004
0.8708
0.7263
0.7235
0.6663
0.6348
0.635
0.4519
0.5315
0.6173
0.4158
0.4175
0.4973
0.5848
0.6356
0.5456
0.9129
0.6552
0.7596
0.7271
0.7215
0.715
0.6913
0.6663
0.7592
0.7627
0.855
0.7425
0.7569
0.6873
0.5748
0.7177
0.7888
0.7917
0.7671
0.7931
0.6242
0.4946
0.5298
0.6327
0.6381
0.6063
0.506
0.7558
0.6802
0.5821
0.776
0.729
0.7744
0.8188
0.5106
0.6633
0.6892
0.6967
0.7504
0.9152
0.7779
0.9713
0.8742
0.784
0.79
0.8544
0.8692
0.9515
0.9067
0.8569
0.7727
0.8273
0.8379
0.6677
0.6848
0.57
0.5846
0.7892
0.5523
0.574
0.6492
0.6375
0.5635
0.8213
0.8719
0.7554
0.7873
0.6883
0.7252
0.795
0.914
0.8638
0.9202
0.7346
0.6373
0.8213
0.879
0.7173
0.654
0.7227
0.9058
0.779
0.8631
0.8069
0.9483
0.98
0.9275
0.9502
0.8552
0.6148
0.6631
0.7829
0.7104
0.6121
0.5921
0.7944
0.8969
0.8554
0.8758
0.9144
0.8592
0.7704
0.5463
0.5979
0.8377
0.8915
0.8238
0.879
0.8996
0.9135
0.879
0.8552
0.8333
0.8779
0.869
0.8804
0.8756
0.9348
0.8854
0.871
0.9867
0.8867
0.806
0.8317
0.91
0.8725
0.8902
0.8927
0.7333
0.761
0.8773
0.851
0.9013
0.9629
0.9027
0.9458
0.9508
0.8913
0.881
0.8352
0.8752
0.8079
0.8373
0.856
0.8371
0.835
0.6238
0.6788
0.8542
0.8673
0.9223
0.8854
0.7392
0.6096
0.7754
0.7867
0.7438
0.9027
0.8473
0.7533
0.5573
0.6398
0.8409
0.7754
0.799
0.7756
0.7306
0.679
0.4858
0.5475
0.6952
0.7704
0.5315
0.5671
0.5363
0.5848
0.6044
0.5265
0.5546
0.5863
0.5175
0.6163
0.7346
0.7879
0.7685
0.5965
0.7979
0.8054
0.7925
0.8383
0.8217
0.8002
0.8117
0.9281
0.8748
0.6713
0.7467
0.836
0.7348
0.6658
0.5471
0.6427
0.9331
0.9431
0.9294
0.6794
0.81
0.8038
0.7796
0.8323
0.7735
0.7579
0.7583
0.754
0.6825
0.8823
0.7344
0.791
0.7448
0.8267
0.8506
0.879
0.9223
0.9667
0.8438
0.8148
0.8094
0.7583
0.7804
0.8433
0.6994
0.6792
0.6758
0.6538
0.6735
0.7075
0.7571
0.7667
0.6894
0.7119
0.7856
0.7735
0.9546
0.6188
0.7904
0.7406
0.9813
0.809
0.8006
0.6898
0.6333
0.6154
0.6125
0.6779
0.7025
0.7017
0.6494
0.8871
0.6863
0.66
0.7275
0.6569
0.7238
0.7775
0.7654
0.7654
0.83
0.7267
0.5663
0.7465
0.6781
0.554
0.5129
0.5313
0.7369
0.5944
0.5856
0.6871
0.681
0.8683
0.6496
0.7717
0.7792
0.8021
0.6373
0.5381
0.7213
0.7425
0.6694
0.6292
0.6769
0.734
0.715
0.7242
0.6535
0.6215
0.4573
0.4688
0.5981
0.509
0.4594
0.7315
0.6767
0.6094
0.5698
0.7771
0.6888
0.509
0.3898
0.4873
0.6002
0.5681
0.6835
0.7063
0.6502
0.6579
0.5742
0.5044
0.56
0.6817
0.6533
0.6221
0.665
0.5525
0.5756
0.5763
0.4567
0.391
0.4865
0.6454
0.6863
0.646
0.6269
0.6223
0.7573
0.7317
0.6623
0.704
0.776
0.7504
0.541
0.6352
0.5517
0.666
0.7092
0.72
0.6173
0.5523
0.526
0.6806
0.7458
0.7354
0.7342
0.4442
0.4433
0.4921
0.6848
0.6269
0.6677
0.7196
0.716
0.489
0.4885
0.596
0.7123
0.6563
0.6048
0.6065
0.6313
0.6777
0.71
0.7609
0.776
0.844
0.7238
0.6035
0.71
0.7254
0.7217
0.759
0.4217
0.4606
0.416
0.4715
0.6583
0.7742
0.6731
0.7777
0.5573
0.7521
0.7175
0.7019
0.646
0.8252
0.8356
0.6177
0.4633
0.5163
0.4806
0.5033
0.4808
0.5685
0.6515
0.7481
0.7738
0.7204
0.7823
0.9319
0.6648
0.6313
0.7542
0.5238
0.5327
0.6627
0.7838
0.7852
0.7531
0.7256
0.849
0.7858
0.979
0.9327
0.8394
0.8885
0.899
0.8917
0.8423
0.9354
0.9269
0.9373
0.9238
0.8958
0.7733
0.839
0.8798
0.7596
0.5135
0.6927
0.8721
0.8494
0.9152
0.9119
0.8902
0.8144
0.9788
0.9192
0.9465
0.816
0.5096
0.7365
0.7327
0.7233
0.5842
0.9227
0.705
0.5894
0.7204
0.9496
0.6298
0.786
0.9825
0.9021
0.9146
0.9479
0.9365
0.9996
0.9327
0.9231
0.9206
0.9871
0.7715
0.5294
0.5738
0.8533
0.6185
0.5775
0.5369
0.7444
0.6869
0.546
0.5673
0.7198
0.7052
0.8169
0.9327
0.8444
1
0.9831
0.7242
0.7767
0.7769
0.715
0.6169
0.6775
0.6125
0.8317
0.9456
0.9892
0.9608
0.726
0.704
0.6725
0.8846
0.7633
0.8069
0.8163
0.7285
0.7042
0.5273
0.4927
0.6327
0.8654
0.8956
0.8379
0.7838
0.6138
0.8621
0.8344
0.7281
0.7873
0.8308
0.6292
0.9069
0.8688
0.8094
0.8735
0.8846
0.89
0.8535
0.7881
0.7996
0.8521
0.8648
0.8127
0.8871
0.7983
0.851
0.7146
0.8185
0.886
0.8383
0.8577
0.8565
0.8623
0.9092
0.5902
0.6369
0.7246
0.7081
0.644
0.4896
