20000101
0.8894
0.9289
0.9687
0.9992
1
1
1
0.993
0.9538
0.9446
0.8991
0.9547
0.9372
0.7703
0.8377
0.9368
0.9306
0.9276
0.8608
0.88
0.8875
0.8158
0.7794
0.7609
0.7558
0.7513
0.7659
0.9494
0.9682
0.8083
0.8671
0.8256
0.7563
0.6922
0.7094
0.681
0.8264
0.696
0.6949
0.5939
0.7616
0.6764
0.5836
0.6751
0.7318
0.7559
0.6366
0.68
0.6771
0.665
0.6361
0.7403
0.7474
0.7451
0.7471
0.7844
0.7495
0.6605
0.7605
0.8345
0.7197
0.5557
0.6259
0.6838
0.7203
0.832
0.8647
0.8966
0.7626
0.6785
0.6823
0.6097
0.6422
0.7349
0.6363
0.6895
0.6424
0.669
0.7234
0.8042
0.7895
0.7847
0.8906
0.8975
0.7682
0.6706
0.6611
0.7871
0.7223
0.8095
0.8019
0.7211
0.7969
0.6932
0.7255
0.6121
0.6053
0.6683
0.7988
0.7476
0.955
0.8285
0.6602
0.6578
0.7641
0.6306
0.8822
0.6327
0.7189
0.7161
0.6803
0.5979
0.6397
0.6842
0.6758
0.6278
0.564
0.8497
0.7661
0.7371
0.6408
0.56
0.6171
0.5328
0.5354
0.8233
0.78
0.7942
0.7724
0.886
0.9612
0.8014
0.735
0.58
0.5379
0.5389
0.586
0.7811
0.7169
0.6524
0.7587
0.8569
0.7377
0.7717
0.7136
0.8013
0.7471
0.7803
0.7679
0.6689
0.6642
0.5897
0.7003
0.6958
0.5767
0.6078
0.7927
0.6735
0.7426
0.5817
0.6715
0.8585
0.7237
0.7255
0.7613
0.7682
0.6739
0.6402
0.6034
0.547
0.6127
0.6363
0.7378
0.7591
0.7278
0.603
0.7193
0.7967
0.7158
0.6881
0.6986
0.7116
0.6543
0.6619
0.6617
0.5844
0.671
0.5211
0.5397
0.5559
0.6038
0.6928
0.5613
0.5263
0.6224
0.6428
0.5867
0.73
0.7854
0.7681
0.7527
0.7546
0.6019
0.5568
0.7034
0.6574
0.6506
0.6428
0.6669
0.6005
0.6211
0.6886
0.7245
0.7114
0.7154
0.6983
0.61
0.5962
0.6245
0.6926
0.5809
0.5565
0.635
0.6655
0.7246
0.7056
0.6809
0.6841
0.5597
0.61
0.556
0.53
0.5508
0.6369
0.6916
0.6868
0.5658
0.5256
0.5494
0.6298
0.7547
0.6889
0.813
0.7335
0.7121
0.6426
0.6326
0.6253
0.6941
0.6928
0.5844
0.7055
0.6589
0.665
0.7097
0.9131
-99
-99
-99
-99
-99
-99
-99
-99
-99
-99
-99
-99
-99
-99
-99
-99
-99
-99
-99
-99
-99
0.6953
0.8241
0.7057
0.7339
0.6887
0.7723
0.7475
0.88
0.953
0.9352
0.807
0.897
0.8525
0.8959
0.8413
0.8142
0.7717
0.8458
0.8956
0.8211
0.7485
0.9163
0.955
0.8981
0.9337
0.9146
0.8497
0.77
0.7912
0.9613
0.7803
0.7853
0.9358
0.7138
0.6743
0.7628
0.8088
0.8259
0.8369
0.8073
0.9209
0.8179
0.9257
0.9045
0.7847
0.9428
0.889
0.8738
0.8425
0.8803
0.8631
0.839
0.9423
0.8169
0.9588
0.9821
0.9388
0.9339
0.8977
0.93
0.8429
0.9048
0.912
0.9177
0.873
0.8129
0.8663
0.9028
0.961
1
1
0.9866
0.7631
0.8606
0.9736
0.9674
0.9252
0.8818
0.8397
0.8897
0.9394
0.9778
0.9464
0.8776
0.8524
0.8647
0.8254
0.7694
0.7826
0.8446
0.8559
0.8676
0.8827
0.8913
0.9286
0.8868
0.819
0.8246
0.8857
0.8435
0.8869
0.9946
0.9996
0.9419
0.9061
0.8685
0.9134
0.8778
0.8546
0.9144
0.9752
0.9193
0.9457
0.8348
0.8871
0.8337
0.8426
0.6586
0.6514
0.7781
0.6941
0.7741
0.8572
0.9327
0.8271
0.8443
0.8203
0.7597
0.673
0.792
0.9041
0.94
0.8419
0.9291
0.888
0.9362
0.8804
0.81
0.825
0.8306
0.7731
0.8391
0.8074
0.8719
0.5574
0.6253
0.6944
0.6232
0.7413
0.9194
0.8233
0.8923
0.8336
0.765
0.8957
0.7616
0.797
0.8815
0.8521
0.8869
0.7213
0.7462
0.7351
0.7295
0.7197
0.7451
0.7612
0.7765
0.8269
0.75
0.6335
0.5224
0.6203
0.7036
0.7467
0.7128
0.6508
0.6588
0.7474
0.712
0.5288
0.7106
0.7047
0.6661
0.6749
0.5947
0.5958
0.6087
0.5865
0.5562
0.5818
0.5858
0.5346
0.5639
0.5551
0.6895
0.767
0.6424
0.4838
0.56
0.7006
0.6575
0.6522
0.5306
0.5831
0.5951
0.7076
0.7729
0.9307
0.816
0.7718
0.8645
0.7929
0.7171
0.6992
0.7155
0.7583
0.8746
0.9947
0.7858
0.7181
0.655
0.7206
0.7213
0.6458
0.8503
0.7978
0.7657
0.737
0.6621
0.7162
0.7803
0.7553
0.6994
0.6344
0.5483
0.5593
0.5318
0.5295
0.595
0.6854
0.7323
0.5873
0.7513
0.7941
0.6576
0.6667
0.6789
0.8017
0.7841
0.6813
0.6631
0.6124
0.6484
0.5968
0.5411
0.5346
0.562
0.637
0.6179
0.5674
0.5808
0.471
0.5389
0.4238
0.4282
0.6642
0.5483
0.5794
0.5642
0.5816
0.6481
0.6736
0.7584
0.7657
0.7089
0.5953
0.6797
0.8558
0.7197
0.7142
0.7011
0.7427
0.7961
0.7347
0.7997
0.727
0.6386
0.7192
0.6129
0.6061
0.5956
0.601
0.7017
0.6585
0.5636
0.6108
0.795
0.7363
0.6846
0.6323
0.4982
0.5678
0.6298
0.5928
0.6583
0.6688
0.6881
0.7476
0.7353
0.6253
0.67
0.7984
0.6967
0.6746
0.7486
0.8363
0.8052
0.7588
0.8203
0.7253
0.7547
0.7134
0.7578
0.6665
0.6356
0.71
0.5588
0.5146
0.6033
0.5922
0.6288
0.6777
0.7266
0.8132
0.6829
0.6939
0.6703
0.6634
0.6974
0.6503
0.6418
0.6992
0.7374
0.7736
0.6342
0.7334
0.6562
0.6497
0.6839
0.7423
0.8797
0.8034
0.8776
0.9174
0.7676
0.7252
0.7509
0.7643
0.9303
0.8803
0.857
0.8382
0.7782
0.7629
0.8158
0.8539
0.8237
0.7146
0.7503
0.8893
0.9007
0.8084
0.6127
0.8288
0.8717
0.8374
0.7426
0.7661
0.8539
0.8306
0.8088
0.8212
0.8215
0.8273
0.805
0.8444
0.9066
0.8725
0.8557
0.912
0.9083
0.9325
0.7863
0.8322
0.8424
0.8523
0.9118
0.9029
0.8776
0.7566
0.5594
0.5113
0.5584
0.5633
0.7581
0.5994
0.8978
0.9297
0.9486
1
0.9507
0.68
0.9927
1
0.9784
0.8741
0.9135
0.9958
0.9615
0.9452
0.9186
0.9638
1
1
0.9968
0.9513
1
1
1
1
0.8662
0.7911
0.8144
0.9185
0.9893
0.9474
0.91
0.9647
0.9848
0.9755
0.9666
0.9977
1
0.9961
0.9865
0.9248
0.9734
0.9818
0.9433
0.9329
0.9622
0.9256
0.9294
0.8609
0.8713
0.9374
0.883
0.8723
0.9473
0.9513
0.9232
0.8142
0.9456
0.9715
0.98
0.9669
0.9948
0.9942
0.764
0.8374
0.8366
0.9276
0.971
1
0.8576
0.9166
0.7466
0.8282
0.8791
0.9066
0.9174
0.8972
0.8576
0.8333
0.8424
0.7582
0.7658
0.955
0.9118
0.7572
0.7123
0.7395
0.8006
0.8133
0.8803
0.8767
0.8965
0.6768
0.7645
0.8966
0.8652
0.8624
0.7406
0.7662
0.5512
0.5872
0.7229
0.6994
0.7724
0.7434
0.6928
0.6885
0.8603
0.7386
0.7549
0.7089
0.8626
0.7039
0.8247
0.8303
0.7703
0.7667
0.7683
0.8337
0.667
0.8126
0.7377
0.7682
0.8044
0.7725
0.6967
0.6633
0.6471
0.6147
0.7187
0.7833
0.7605
0.6755
0.7549
0.66
0.8428
0.7623
0.7449
0.6397
0.7632
0.9639
0.7076
0.6603
0.7357
0.85
0.8729
0.79
0.7665
0.97
0.8976
0.7037
0.7311
0.7838
0.7063
0.6388
0.6941
0.7313
0.6838
0.6765
0.6033
0.6176
0.5533
0.5825
0.5429
0.5942
0.7603
0.7044
0.7745
0.7694
0.5889
0.7025
0.6147
0.6645
0.6626
0.9506
0.9493
0.905
0.8581
0.8215
0.7147
0.655
0.6891
0.6239
0.5155
0.6026
0.6813
0.6188
0.5807
0.5658
0.7378
0.615
0.5656
0.6422
0.6498
0.5631
0.5769
0.6558
0.5876
0.4924
0.5214
0.4582
0.401
0.66
0.8391
0.6378
0.6871
0.7629
0.6451
0.5777
0.6269
0.5774
0.4851
0.4775
0.4992
0.5016
0.4312
0.4338
0.443
0.4493
0.487
0.3912
0.4003
0.6049
0.6797
0.6372
0.5841
0.6286
0.7794
0.7672
0.896
0.7506
0.6716
0.6059
0.685
0.6989
0.7613
0.7755
0.7441
0.6994
0.7227
0.7546
0.6203
0.5178
0.5983
0.6117
0.6443
0.6282
0.6157
0.5161
0.4262
0.5292
0.6487
0.6328
0.6794
0.6679
0.6774
0.6879
0.6027
0.6992
0.6409
0.6828
0.7492
0.7812
0.7258
0.7406
0.6838
0.7007
0.714
0.7038
0.6466
0.581
0.6763
0.7215
0.7221
0.721
0.6728
0.6303
0.6494
0.6103
0.6239
0.7344
0.7947
0.8561
0.88
0.8006
0.852
0.8494
0.759
0.7384
0.7282
0.7787
0.7263
0.8005
0.7697
0.8026
0.7235
0.7583
0.7615
0.8444
0.7855
0.7703
0.8279
0.7626
0.7168
0.7109
0.7184
0.8076
0.8609
0.8324
0.8409
0.813
0.8339
0.7986
0.6824
0.6528
0.7527
0.6982
0.7697
0.8264
0.8115
0.8016
0.8072
0.9453
0.8981
0.881
0.8752
0.8417
0.8245
0.83
0.9636
0.9506
0.7709
0.7409
0.8091
0.8497
0.811
0.7862
0.7544
0.7938
0.8153
0.7846
0.8746
0.7646
0.7469
0.8027
0.867
0.8565
0.8721
0.8793
0.9521
0.9108
0.9424
0.9565
0.9788
0.772
0.7006
0.7931
0.8452
0.6162
0.7024
0.7126
0.7846
0.8393
0.8397
0.7926
0.8944
0.8859
0.9081
0.8627
0.9045
0.8703
0.96
0.8724
0.7933
0.8182
0.9606
0.9477
0.8922
0.9131
0.9418
0.817
0.8215
0.9643
0.795
0.8368
0.8386
0.6783
0.7515
0.9048
0.9541
0.8681
0.9029
0.8987
0.944
0.9554
0.8816
0.8926
0.9679
0.9992
0.9713
0.9154
0.9476
0.9569
1
1
0.9739
0.8985
0.9032
0.9272
0.7895
0.8397
0.9971
0.8003
0.8858
0.906
0.8037
0.8412
0.8463
0.8569
0.8503
0.9347
0.9914
0.8828
0.7782
0.8785
0.9178
0.8564
0.8984
0.9131
0.8878
0.949
0.9254
0.8779
0.8668
0.8286
0.7159
0.6567
0.6991
0.8313
0.77
0.7335
0.793
0.8323
0.5719
0.7324
0.8092
0.7536
0.7583
0.7706
0.8409
0.8245
0.8045
0.8372
0.7295
0.7406
0.8222
0.8713
0.8312
0.8553
0.7397
0.6476
0.6559
0.9135
0.985
0.8994
0.8603
0.8459
0.8203
0.8614
0.9526
0.8763
0.87
0.87
0.7728
0.7824
0.7574
0.8456
0.7789
0.8027
0.8236
0.8088
0.7606
0.6827
0.7231
0.7654
0.794
0.8267
0.6839
0.6779
0.5783
0.6354
0.6064
0.6754
0.6117
0.5931
0.6523
0.6926
0.7497
0.8097
0.9506
0.8844
0.8775
0.812
0.8527
0.7014
0.5154
0.585
0.6922
0.6148
0.7451
0.7136
0.7725
0.71
0.7433
0.775
0.6346
0.6932
0.7689
0.6321
0.7479
0.7093
0.7021
0.8818
0.787
0.7203
0.7441
0.7055
0.6634
0.7057
0.7253
0.6211
0.6615
0.655
0.6497
0.5968
0.665
0.6131
0.877
0.9959
0.9024
0.8903
0.7548
0.7623
0.7513
0.811
0.6394
0.71
0.7854
0.8656
0.8058
0.7653
0.7214
0.6592
0.6527
-99
-99
-99
-99
-99
-99
0.59
0.6452
0.6192
0.613
0.6391
0.6927
0.6092
0.6817
0.8294
0.7697
0.6684
0.7569
0.6954
0.6051
0.5478
0.5046
0.6108
0.6021
0.5765
0.6239
0.7268
0.6757
0.666
0.5743
0.5143
0.3811
0.3612
0.46
0.6394
0.8437
0.762
0.7486
0.7719
0.6347
0.58
0.6154
0.5535
0.6322
0.8082
0.7339
0.6697
0.653
0.7271
0.6551
0.5158
0.4669
0.5157
0.6195
0.7303
0.5714
0.6709
0.7216
0.7133
0.7097
0.6373
0.7112
0.7686
0.7548
0.7741
0.7722
0.6284
0.6146
0.6226
0.6556
0.5453
0.6447
0.5769
0.5025
0.5381
0.5543
0.5305
0.5381
0.5134
0.4856
0.5006
0.5663
0.5122
0.5071
0.4876
0.5559
0.8152
0.9158
0.7243
0.6397
0.6731
0.7606
0.7043
0.6803
0.6949
0.6503
0.7394
0.7433
0.7327
0.5743
0.6589
0.7917
0.8803
0.8856
0.861
0.8666
0.989
-99
-99
0.8333
0.7438
0.7309
0.7918
0.8322
0.82
0.7955
0.6819
0.7091
0.7209
0.6932
0.7509
0.7834
0.8291
0.8103
0.8164
0.806
0.8018
0.84
0.9394
0.8303
0.8708
0.93
0.7757
0.861
0.8206
0.7544
0.6447
0.8218
0.7968
0.7555
0.854
0.8389
0.8897
0.873
0.8747
0.8152
0.9553
0.7713
0.9831
0.92
0.9316
0.8868
0.8222
0.8343
0.745
0.7378
0.828
0.968
0.9687
0.9253
0.8603
0.803
0.9119
0.8654
0.8515
0.8603
0.8848
0.8728
0.9407
1
0.9589
0.9165
0.9465
0.972
0.9507
0.9247
0.9728
0.9313
0.9453
0.912
0.9085
1
1
0.9704
0.9241
0.8715
0.8591
0.9435
0.9074
0.8164
0.8297
0.92
0.9134
0.8878
0.9181
0.9106
0.8897
0.8458
0.8854
0.9716
0.9031
0.886
0.8707
0.9533
1
1
0.9139
0.8525
0.9234
0.8749
0.8803
0.9643
0.9826
0.8848
0.626
0.6978
0.8933
0.9996
1
1
0.8541
0.8542
0.7937
0.6878
0.8916
0.7352
0.7082
0.875
0.9146
0.9774
1
1
0.8359
0.7889
0.9143
0.9327
0.8163
0.7751
0.7968
0.8543
0.8342
0.7218
0.5759
0.8309
0.8518
0.9203
0.8518
0.8535
0.8666
0.9123
0.809
0.7254
0.7722
0.8553
0.9491
0.9852
1
1
1
1
1
1
0.9444
0.967
0.9946
1
0.9692
0.9193
0.9837
1
0.8307
0.8424
0.8818
0.7887
0.8706
0.9538
0.73
0.7962
0.8959
0.9623
0.9617
0.8115
0.812
0.8126
0.643
0.7043
0.7574
0.7629
0.7471
0.6997
0.6759
0.6427
0.7119
0.8232
0.7097
0.7797
0.9348
0.9114
0.9044
0.8445
0.8256
0.8604
0.8849
0.8
0.7503
0.6526
0.685
0.6425
0.5749
0.7245
0.9139
0.8766
0.7726
0.9208
0.885
0.7844
0.7797
0.7618
0.8091
0.765
0.6482
0.686
0.9341
0.8194
0.7494
0.6816
0.7279
0.7229
0.7894
0.6986
0.9369
0.8328
0.8506
0.6712
0.6951
0.7078
0.9154
0.7685
0.7789
0.7634
0.6953
0.6514
0.885
0.8923
0.7653
0.7168
0.7997
0.9691
0.7449
0.7572
0.6657
0.6809
0.6163
0.621
0.805
0.9273
0.9045
0.7274
0.7718
0.7042
0.7232
0.7069
0.7232
0.6121
0.5909
0.616
0.6619
0.7546
0.6956
0.7013
0.7495
0.7769
0.6939
0.7213
0.8197
0.7213
0.6691
0.5819
0.6226
0.6559
0.6567
0.6516
0.6583
0.4978
0.4806
0.5351
0.5203
0.6222
0.6339
0.5488
0.7369
0.4833
0.4776
0.4922
0.5757
0.4724
0.551
0.6157
0.5956
0.6524
0.5728
0.5284
0.4173
0.491
0.5789
0.5819
0.5621
0.4512
0.5786
0.5958
0.5856
0.7347
0.6297
0.5146
0.5026
0.6776
0.6868
0.5812
0.5486
0.5454
0.5969
0.5169
0.5426
0.4665
0.5592
0.6847
0.6253
0.5603
0.6243
0.4806
0.4969
0.5134
0.5956
0.5288
0.6879
0.6459
0.5142
0.4841
0.5047
0.5579
0.6039
0.5248
0.5832
0.6232
0.5176
0.567
0.522
0.4859
0.5003
0.4877
0.5983
0.5638
0.5825
0.6382
0.5852
0.5178
0.4271
0.5122
0.5709
0.6579
0.5703
0.4938
0.4994
0.6103
0.6508
0.6674
0.6603
0.6922
0.6847
0.6843
0.7176
0.6421
0.5721
0.5791
0.5766
0.6145
0.615
0.6248
0.6274
0.7588
0.7125
0.675
0.6926
0.6342
0.6335
0.6358
0.7419
0.7255
0.6168
0.6479
0.5979
0.6062
0.5043
0.5982
0.6572
0.7533
0.7686
0.7917
0.7697
0.7958
0.6838
0.4557
0.5529
0.6523
0.7482
0.7339
0.623
0.5576
0.6703
0.7229
0.6919
0.6568
0.6323
0.63
0.6771
0.6244
0.7275
0.6359
0.7509
0.8206
0.6719
0.6603
0.7313
0.7516
0.9139
0.8248
0.7749
0.7988
0.8413
0.865
0.9283
0.9639
0.8479
0.9062
0.8419
0.7149
0.8215
0.741
0.6771
0.743
0.8189
0.6293
0.4606
0.57
0.7647
0.8137
0.8423
0.8203
0.7984
0.7847
0.8719
0.8809
0.901
0.883
0.8642
0.8776
0.9772
0.8205
0.8315
0.71
0.788
0.9183
0.9562
0.8874
0.8786
0.9436
0.9413
0.962
0.9531
0.9734
0.9322
0.8769
0.9667
0.9816
0.9481
0.8253
0.6969
0.6931
0.6332
0.85
0.86
0.8488
0.9473
0.9533
0.5735
0.5369
0.7335
0.5718
0.7515
0.8787
0.9771
0.9638
0.9588
0.9958
1
1
1
0.9988
0.9979
0.9979
0.995
0.9808
0.965
0.9904
0.9675
0.9554
0.9579
0.8696
0.6554
0.6738
0.7454
0.8129
0.8958
0.6088
0.4104
0.4392
0.4983
0.6125
0.595
0.5054
0.6467
0.7021
0.6813
0.7238
0.7696
0.7642
0.7379
0.7646
0.7383
0.8092
0.89
0.7521
0.6588
0.6029
0.4213
0.4529
0.4292
0.5454
0.6096
0.6333
0.545
0.4808
0.8583
0.8508
0.725
0.7008
0.6988
0.6133
0.5088
0.7188
0.7017
0.6554
0.5342
0.5846
0.4621
0.3996
0.5192
0.6629
0.7017
0.7025
0.705
0.6417
0.7271
0.7913
0.7167
0.5658
0.5238
0.4958
0.5179
0.7563
0.7271
0.8654
0.7938
0.8279
0.8192
0.6125
0.5946
0.6121
0.5338
0.5554
0.6475
0.7629
0.7475
0.7242
0.7642
0.6708
0.6496
0.6017
0.4538
0.4396
0.4879
0.5675
0.6413
0.6492
0.6358
0.5996
0.6071
0.555
0.5363
0.5571
0.69
0.7038
0.6525
0.6179
0.5846
0.5142
0.4375
0.3679
0.3296
0.3142
0.2538
0.4771
0.4708
0.475
0.5046
0.4729
0.5083
0.4992
0.6183
0.6554
0.7671
0.7213
0.7696
0.6846
0.5454
0.6513
0.7729
0.6121
0.6213
0.4375
0.4683
0.635
0.5371
0.5833
0.4454
0.2817
0.3175
0.4433
0.4513
0.7463
0.7488
0.6125
0.6408
0.5671
0.6267
0.5533
0.5763
0.5933
0.6404
0.5629
0.6429
0.6933
0.6421
0.7396
0.6179
0.6192
0.5542
0.5879
0.4892
0.4192
0.4879
0.6592
0.6608
0.5958
0.6988
0.4425
0.4613
0.5283
0.7088
0.5608
0.6021
0.5188
0.5846
0.5813
0.5638
0.4958
0.5525
0.4983
0.5975
0.6196
0.5692
0.5621
0.4388
0.4763
0.4196
0.3442
0.3429
0.4746
0.47
0.5108
0.5746
0.5992
0.6254
0.5858
0.5996
0.6633
0.6113
0.6296
0.6304
0.6775
0.5679
0.6254
0.8288
0.7163
0.6508
0.6388
0.6021
0.5775
0.5717
0.6346
0.6721
0.7417
0.7733
0.6779
0.6104
0.5467
0.6208
0.7071
0.7058
0.7192
0.6129
0.5038
0.4713
0.5158
0.5779
0.5688
0.6329
0.7021
0.6404
0.6425
0.6263
0.6058
0.6942
0.6975
0.5983
0.4896
0.4604
0.6254
0.6704
0.8346
0.8158
0.7525
0.6013
0.5904
0.6742
0.7667
0.7483
0.715
0.5921
0.6354
0.5183
0.6154
0.6763
0.6933
0.6821
0.7433
0.7525
0.6921
0.7629
0.765
0.7796
0.7071
0.7058
0.6242
0.5046
0.5971
0.6625
0.7013
0.7679
0.7592
0.7475
0.7917
0.7679
0.7563
0.8033
0.9117
0.9283
0.9271
0.8883
0.8438
0.8854
0.8783
0.8379
0.8475
0.8
0.9304
0.8921
0.8875
0.7867
0.74
0.8058
0.7942
0.7625
0.8196
0.8179
0.8346
0.8421
0.7663
0.8167
0.8292
0.8283
0.7879
0.8738
0.8492
0.9438
0.9571
0.9075
0.8013
0.875
0.895
0.7933
0.9154
0.8854
0.765
0.8308
0.8804
0.755
0.7296
0.7017
0.7379
0.6992
0.7871
0.7538
0.8121
0.8483
0.9021
0.8171
0.8463
0.8029
0.7417
0.8154
0.8229
0.7021
0.8175
0.8971
0.9679
0.9683
0.9521
0.87
0.8867
0.7933
0.8067
0.8725
0.8871
0.9696
0.9775
0.97
0.9663
0.975
0.9775
0.9792
0.8917
0.8646
0.9104
0.9163
0.7388
0.7054
0.6846
0.7846
0.8121
0.7821
0.8513
0.8475
0.9042
0.9233
0.94
0.8954
0.9496
0.9567
0.9238
0.8292
0.9021
0.8313
0.8908
0.9729
0.9729
0.9367
0.9442
0.8246
0.7796
0.9058
0.7629
0.7538
0.8433
0.9417
0.9379
0.9708
0.9667
0.9742
0.9229
0.8529
0.8358
0.8425
0.8288
0.7725
0.8396
0.8425
0.8479
0.7342
0.7879
0.8483
0.7067
0.5438
0.5517
0.6258
0.6842
0.7467
0.82
0.7596
0.6575
0.7017
0.7754
0.7179
0.7188
0.7429
0.6108
0.61
0.7642
0.5804
0.6304
0.6896
0.6067
0.7079
0.5892
0.5708
0.6008
0.7579
0.8058
0.8292
0.7963
0.6358
0.7754
0.8171
0.77
0.8692
0.72
0.7533
0.7371
0.65
0.6392
0.6321
0.58
0.6342
0.6371
0.6854
0.6458
0.5654
0.6613
0.6329
0.5608
0.7204
0.7975
0.7367
0.6604
0.5525
0.5583
0.6054
0.6492
0.5892
0.6346
0.6879
0.8363
0.6675
0.6825
0.6796
0.6846
0.5921
0.6017
0.5517
0.5246
0.6325
0.6696
0.5983
0.5721
0.5746
0.6754
0.5708
0.5033
0.5421
0.6388
0.5213
0.6813
0.5829
0.5904
0.7238
0.6754
0.6
0.6367
0.5342
0.4221
0.4663
0.49
0.6333
0.5667
0.5792
0.6096
0.5554
0.5358
0.4946
0.5042
0.5892
0.4783
0.3925
0.4025
0.515
0.5917
0.4783
0.5575
0.5246
0.4625
0.4575
0.4575
0.4871
0.4138
0.5117
0.6529
0.52
0.4483
0.4883
0.4592
0.4158
0.6667
0.6771
0.6288
0.5746
0.6208
0.625
0.5754
0.6213
0.5475
0.6608
0.6038
0.6492
0.7471
0.6363
0.5279
0.4229
0.36
0.5204
0.515
0.655
0.5683
0.5917
0.5713
0.5129
0.4779
0.3946
0.5871
0.5658
0.5358
0.5542
0.6079
0.5308
0.5046
0.6175
0.4763
0.3913
0.4471
0.5642
0.5221
0.4317
0.3504
0.4496
0.5583
0.5371
0.5117
0.5533
0.4275
0.5138
0.4863
0.5254
0.5154
0.5121
0.5821
0.5654
0.4988
0.5121
0.4863
0.4571
0.5108
0.5571
0.7146
0.7125
0.7175
0.6313
0.6067
0.5971
0.605
0.6008
0.6017
0.6383
0.5429
0.5254
0.5608
0.5596
0.4713
0.59
0.635
0.6742
0.6996
0.6258
0.48
0.5525
0.5929
0.5521
0.5479
0.6038
0.6371
0.6888
0.8313
0.815
0.8463
0.6458
0.7417
0.6842
0.6879
0.7317
0.7
0.6892
0.7525
0.8783
0.7863
0.7088
0.6429
0.7425
0.7554
0.8108
0.7113
0.7292
0.7167
0.6558
0.6117
0.6958
0.7633
0.7558
0.7383
0.7579
0.7604
0.7404
0.8138
0.7954
0.7846
0.7542
0.8008
0.7417
0.8508
0.8496
0.9033
0.9025
0.7658
0.8988
0.7638
0.6975
0.7838
0.8108
0.8708
0.8958
0.8729
0.87
0.8233
0.7829
0.7221
0.6633
0.7279
0.8121
0.7458
0.7538
0.8554
0.9646
0.9592
0.8871
0.8271
0.8317
0.7342
0.8725
0.8125
0.8113
0.8563
0.7838
0.7746
0.774
-99
-99
-99
-99
0.7218
0.8758
0.8996
0.9379
0.9279
0.7671
0.8004
0.8026
0.8321
0.7892
0.845
0.7817
0.6879
0.9092
0.8921
0.87
-99
-99
-99
-99
-99
0.7918
0.8275
0.8896
0.9196
0.95
0.9346
0.9454
0.9288
0.9617
0.97
-99
-99
0.9507
0.8565
0.88
0.6192
0.8188
0.8533
0.8163
0.9192
0.9558
0.9454
0.9469
-99
-99
-99
-99
-99
0.935
0.9364
0.97
0.925
0.8425
0.9488
0.9267
0.7954
0.7017
0.6692
0.9008
0.8
0.6917
0.8213
0.8346
0.8767
0.9475
0.8725
0.8858
0.9271
0.9617
0.9033
0.9304
0.8
0.8671
0.7608
0.6792
0.6904
0.6571
0.6192
0.6621
0.6917
0.415
0.6642
0.8238
0.8083
0.8
0.8242
0.8179
0.7438
0.7275
0.7017
0.6125
0.7121
0.7196
0.6454
0.595
0.6521
0.6383
0.5267
0.6508
0.7958
0.5108
0.6829
0.41
0.5167
0.5254
0.62
0.6338
0.6325
0.6304
0.6463
0.6683
0.575
0.6638
0.5054
0.5283
0.6533
0.5608
0.6
0.6467
0.735
0.7158
0.6971
0.5921
0.7321
0.8288
0.8188
0.9163
0.8292
0.8542
0.8375
0.7725
0.7633
0.6967
0.7579
0.7721
0.8925
0.8929
0.8913
0.8392
0.7013
0.7975
0.7438
0.6825
0.6775
0.6896
0.6375
0.585
0.5708
0.505
0.505
0.585
0.7179
0.7154
0.7313
0.8296
0.6638
0.7288
0.7208
0.6013
0.5683
0.5863
0.5529
0.4613
0.5004
0.4492
0.5388
0.4442
0.535
0.4833
0.5633
0.7058
0.6108
0.8013
0.5817
0.4558
0.565
0.6263
0.515
0.6867
0.7379
0.6075
0.5333
0.5379
0.5758
0.5825
0.505
0.4963
0.5517
0.6479
0.7529
0.6638
0.545
0.5092
0.4746
0.5513
0.5771
0.61
0.5054
0.6083
0.5983
0.7129
0.7092
0.7371
0.5863
0.5217
0.4988
0.5342
0.67
0.5483
0.5133
0.4479
0.5058
0.6608
0.6246
0.5404
0.4675
0.5842
0.5454
0.4296
0.4842
0.5038
0.3683
0.4175
0.47
0.4808
0.5021
0.5821
0.58
0.495
0.43
0.4979
0.5642
0.6092
0.5992
0.5254
0.6338
0.6913
0.5004
0.4321
0.565
0.6113
0.6121
0.5667
0.5808
0.5033
0.5933
0.63
0.63
0.5138
0.6163
0.6379
0.6517
0.7167
0.4721
0.5454
0.5792
0.5808
0.6621
0.6271
0.5267
0.5183
0.475
0.5563
0.6225
0.5258
0.5171
0.4821
0.6158
0.6388
0.7079
0.5658
0.6092
0.5013
0.3488
0.4096
0.5021
0.7058
0.6329
0.6467
0.6229
0.5896
0.6025
0.6179
0.5921
0.6554
0.6846
0.6421
0.6596
0.6775
0.6488
0.6588
0.6879
0.6163
0.7717
0.6983
0.695
0.7058
0.8125
0.7996
0.7179
0.7021
0.6063
0.5396
0.4854
0.63
0.6488
0.7671
0.6775
0.7575
0.8204
0.8158
0.8446
0.8113
0.8004
0.7654
0.6921
0.7133
0.7633
0.7417
0.7375
0.7121
0.7425
0.7225
0.8229
0.7738
0.7713
0.8071
0.63
0.6517
0.7521
0.81
0.7163
0.7379
0.7538
0.7463
0.7179
0.485
0.5008
0.7096
0.7529
0.7708
0.8004
0.8221
0.7829
0.7808
0.7333
0.7088
0.7767
0.7325
0.7125
0.6958
0.6229
0.4729
0.4621
0.5742
0.5904
0.505
0.7783
0.7813
0.7871
0.8729
0.8563
0.8242
0.7846
0.8104
0.8575
0.8692
0.8642
0.8696
0.8904
0.6925
0.7575
0.8142
0.8117
0.7717
0.5879
0.5871
0.6413
0.5983
0.7496
0.7554
0.7617
0.7171
0.7392
0.7608
0.8013
0.7121
0.6779
0.6788
0.7442
0.8683
0.9383
0.9642
0.9546
0.9639
0.9755
0.9754
0.97
0.9588
0.97
0.9672
0.915
0.96
0.9513
0.8792
0.8867
0.9142
0.935
0.9192
0.7967
0.7033
0.8292
0.8283
0.8154
0.7388
0.7021
0.7821
0.9325
0.97
0.9575
0.8754
0.8392
0.8458
0.8713
0.9217
0.9658
0.9304
0.97
0.9379
0.8517
0.8304
0.8354
0.7758
0.6825
0.7358
0.7717
0.8121
0.7208
0.6563
0.7054
0.6913
0.6517
0.775
0.65
0.7229
0.7588
0.7279
0.8046
0.7954
0.8283
0.8388
0.8563
0.7238
0.6992
0.9029
0.8671
0.8229
0.8225
0.8117
0.7675
0.7625
0.6904
0.5863
0.4629
0.4096
0.5658
0.66
0.7246
0.7329
0.6221
0.6142
0.6821
0.6608
0.5642
0.4613
0.6142
0.6567
0.6608
0.4975
0.5854
0.5371
0.5375
0.6408
0.5767
0.6096
0.7804
0.6025
0.6996
0.6771
0.5858
0.6258
0.6354
0.5679
0.6838
0.6763
0.4917
0.695
0.7496
0.7279
0.8
0.7871
0.6488
0.6475
0.6054
0.5375
0.6267
0.7158
0.71
0.6721
0.8408
0.7071
0.5671
0.6267
0.5638
0.6317
0.5496
0.4308
0.6304
0.5958
0.5275
0.57
0.39
0.3088
0.3771
0.5692
0.5821
0.5538
0.4717
0.74
0.8604
0.7546
0.7817
0.6975
0.8438
0.7013
0.8042
0.8121
0.7271
0.8638
0.6908
0.6408
0.6871
0.7488
0.7433
0.8717
0.7604
0.89
0.7513
0.7054
0.6921
0.7642
0.7933
0.7713
0.69
0.6179
0.7088
0.6267
0.5483
0.5863
0.715
0.8154
0.7946
0.6125
0.5363
0.5
0.6517
0.7263
0.6675
0.6325
0.5933
0.5579
0.4183
0.3863
0.4167
0.5383
0.5817
0.55
0.7021
0.605
0.5838
0.6075
0.545
0.6117
0.475
0.5417
0.5575
0.5567
0.5108
0.6942
0.6658
0.5625
0.6008
0.7796
0.5925
0.5942
0.6071
0.6617
0.5558
0.5679
0.5967
0.5458
0.5296
0.5463
0.585
0.6571
0.5888
0.5992
0.5788
0.6546
0.6667
0.4596
0.3583
0.5179
0.5454
0.5992
0.4983
0.5154
0.5154
0.5067
0.505
0.605
0.5908
0.6721
0.5729
0.5804
0.7513
0.5829
0.6379
0.6025
0.6446
0.6025
0.6308
0.7075
0.6633
0.84
0.6325
0.6546
0.6875
0.6917
0.6033
0.5129
0.465
0.6225
0.6367
0.6883
0.6117
0.6017
0.54
0.7971
0.7179
0.645
0.64
0.6992
0.7425
0.5867
0.595
0.5838
0.66
0.6767
0.6842
0.7329
0.7142
0.7279
0.6958
0.8658
0.9254
0.7988
0.8013
0.7663
0.65
0.7388
0.7383
0.7129
0.7438
0.6471
0.5158
0.6675
0.6658
0.6558
0.6792
0.7521
0.7563
0.6638
0.6442
0.7358
0.7713
0.8713
0.8688
0.7579
0.8204
0.8833
0.7883
0.7933
0.7813
0.9083
0.7533
0.8204
0.8017
0.8108
0.8204
0.9304
0.7792
0.7317
0.8871
0.7608
0.8983
0.8117
0.7804
0.79
0.7671
0.885
0.8983
0.9404
0.9183
0.9421
0.8313
0.6713
0.7158
0.82
0.8942
0.8867
0.9375
0.9471
0.9029
0.9433
0.645
0.7342
0.7042
0.6383
0.6783
0.8217
0.7542
0.7492
0.6821
0.7175
0.8217
0.8054
0.8954
0.7138
0.7138
0.79
0.8054
0.8838
0.555
0.7033
0.8258
0.9075
0.8325
0.8375
0.82
0.9042
0.7825
0.8438
0.9071
0.96
0.9621
0.97
0.97
0.9608
0.97
0.9292
0.7467
0.8779
0.8567
0.7958
0.9421
0.9417
0.8746
0.8263
0.9204
0.8221
0.7254
0.7608
0.9025
0.9388
0.9133
0.9683
0.9458
0.9196
0.9446
0.9663
0.9621
0.9654
0.8729
0.7121
0.6913
0.8942
0.8488
0.6046
0.7054
0.7088
0.7446
0.7721
0.8058
0.8258
0.8671
0.9133
0.8596
0.7804
0.7079
0.8054
0.8042
0.7088
0.7396
0.6833
0.6067
0.7079
0.6792
0.6867
0.7054
0.7933
0.7688
0.7246
0.7233
0.7825
0.7892
0.8154
0.7192
0.6921
0.7729
0.7754
0.835
0.8554
0.7546
0.8525
0.835
0.8713
0.8667
0.7571
0.5017
0.6108
0.6808
0.6417
0.6463
0.6779
0.7346
0.7442
0.7004
0.6363
0.7004
0.6346
0.5954
0.6267
0.6438
0.6413
0.6888
0.5833
0.5671
0.5438
0.5571
0.6192
0.7638
0.7158
0.7638
0.8421
0.7592
0.7742
0.8542
0.7238
0.7017
0.7629
0.9042
0.7867
0.7188
0.8458
0.8604
0.7058
0.7208
0.6554
0.7213
0.7275
0.6858
0.6858
0.6917
0.6471
0.5954
0.6088
0.6288
0.545
0.6771
0.8179
0.6421
0.5492
0.5721
0.6529
0.6292
0.6183
0.64
0.6367
0.6046
0.5996
0.5
0.4808
0.5563
0.6992
0.6671
0.6596
0.7588
0.6575
0.5304
0.4692
0.4463
0.5604
0.5083
0.5188
0.5033
0.6529
0.5283
0.605
0.6604
0.6117
0.565
0.5717
0.5388
0.5313
0.5738
0.565
0.5063
0.5229
0.5838
0.7804
0.5983
0.5725
0.5875
0.4946
0.4775
0.5304
0.5463
0.4513
0.3763
0.4463
0.7017
0.5571
0.5067
0.5908
0.5404
0.4833
0.5783
0.6071
0.6171
0.6508
0.6413
0.6279
0.5317
0.4858
0.4538
0.5092
0.4438
0.5413
0.5213
0.5492
0.6838
0.6475
0.6229
0.7217
0.5625
0.6571
0.6254
0.4313
0.575
0.6083
0.5792
0.4896
0.4854
0.5754
0.57
0.5371
0.5513
0.5663
0.4558
0.4896
0.5567
0.4454
0.5904
0.5371
0.5463
0.6242
0.7121
0.6254
0.6592
0.6688
0.6033
0.6092
0.6579
0.72
0.7933
0.7079
0.6938
0.6517
0.6317
0.5754
0.5325
0.5379
0.435
0.3317
0.3738
0.3313
0.5492
0.6208
0.6071
0.5121
0.6996
0.6642
0.57
0.6083
0.5754
0.5958
0.6496
0.6279
0.6504
0.665
0.6017
0.5829
0.6521
0.6758
0.6121
0.5592
0.5838
0.5458
0.6479
0.7138
0.6842
0.7008
0.7258
0.7563
0.8183
0.7021
0.6725
0.6825
0.7063
0.7025
0.7142
0.7225
0.6813
0.705
0.6933
0.6575
0.8246
0.7633
0.6288
0.73
0.705
0.59
0.5721
0.6417
0.7646
0.7142
0.6404
0.7154
0.6538
0.7192
0.6654
0.6133
0.6421
0.5221
0.7096
0.7296
0.6854
0.7754
0.7588
0.6863
0.7704
0.8533
0.8513
0.9046
0.88
0.9375
0.9321
0.9354
0.915
0.6817
0.5704
0.64
0.6529
0.7004
0.7517
0.7025
0.6071
0.7338
0.7288
0.8171
0.8375
0.6729
0.6988
0.7029
0.7438
0.7979
0.8546
0.8858
0.8221
0.7433
0.7083
0.8175
0.8329
0.7788
0.7092
0.7625
0.8413
0.7658
0.6867
0.7558
0.7838
0.6821
0.7929
0.8225
0.8783
0.7454
0.8463
0.9317
0.96
0.96
0.8392
0.8296
0.6833
0.8213
0.8004
0.7217
0.725
0.7463
0.8267
0.9533
0.9258
0.8546
0.7442
0.8854
0.8054
0.8533
0.9242
0.7654
0.7142
0.6721
0.7558
0.8713
0.8896
0.88
0.6925
0.8579
0.6946
0.5304
0.7117
0.7938
0.9154
0.7558
0.81
0.7354
0.8625
0.8783
0.8529
0.8708
0.7342
0.7571
0.8379
0.8142
0.8183
0.9292
0.9121
0.8229
0.7954
0.7854
0.6946
0.6892
0.6638
0.7842
0.7658
0.8417
0.7596
0.6604
0.6975
0.8567
0.7442
0.5463
0.5067
0.5646
0.7317
0.7246
0.7504
0.8475
0.8613
0.8225
0.7017
0.6338
0.7513
0.8467
0.8317
0.7113
0.7779
0.5788
0.7208
0.5996
0.6292
0.6138
0.8363
0.7158
0.6742
0.56
0.8142
0.7588
0.5717
0.5042
0.6633
0.7013
0.6729
0.6008
0.6471
0.6275
0.5729
0.5725
0.7929
0.7275
0.7371
0.815
0.7854
0.7783
0.8096
0.6029
0.5875
0.5963
0.6058
0.5975
0.5879
0.6008
0.5708
0.6913
0.6208
0.65
0.555
0.8729
0.655
0.6496
0.5704
0.5525
0.7621
0.7517
0.7754
0.6888
0.6788
0.6663
0.7042
0.7333
0.6379
0.5504
0.5813
0.7517
0.7738
0.6275
0.5975
0.5938
0.4825
0.4871
0.7029
0.6808
0.6458
0.895
0.6088
0.6
0.5913
0.6958
0.6679
0.7183
0.7463
0.6663
0.7479
0.6471
0.6717
0.575
0.5296
0.5725
0.6183
0.55
0.6208
0.5608
0.4946
0.5221
0.4433
0.4192
0.5421
0.5929
0.7458
0.6142
0.5613
0.545
0.515
0.5238
0.6046
0.5888
0.4829
0.7379
0.7375
0.6425
0.875
0.7175
0.7629
0.7408
0.7596
0.81
0.6275
0.6992
0.6667
0.6338
0.5779
0.475
0.5392
0.6221
0.6758
0.6267
0.5158
0.5779
0.5717
0.6763
0.6413
0.5954
0.5075
0.4721
0.5983
0.65
0.5904
0.5404
0.5583
0.5017
0.4342
0.5583
0.4183
0.4463
0.5221
0.5467
0.5446
0.63
0.5825
0.6017
0.6454
0.6125
0.6458
0.6992
0.5517
0.5538
0.5604
0.585
0.6154
0.5542
0.5679
0.6208
0.6488
0.6771
0.7046
0.5988
0.6138
0.5163
0.5946
0.5963
0.6413
0.6158
0.6113
0.6342
0.6333
0.6238
0.5667
0.5075
0.5825
0.6742
0.6725
0.7833
0.7271
0.635
0.5008
0.5358
0.63
0.6229
0.5075
0.4779
0.5138
0.6313
0.6071
0.655
0.6917
0.74
0.7371
0.6929
0.6338
0.6396
0.5617
0.5229
0.5646
0.6808
0.6533
0.6813
0.66
0.6792
0.6842
0.7925
0.8975
0.7321
0.6821
0.7817
0.7796
0.7633
0.7804
0.6858
0.6129
0.6167
0.6833
0.6938
0.675
0.7242
0.7496
0.7325
0.7096
0.6154
0.6713
0.6467
0.6813
0.6917
0.75
0.905
0.7971
0.8825
0.8238
0.8217
0.8229
0.7629
0.6696
0.5688
0.725
0.8046
0.7929
0.8329
0.8496
0.8004
0.4821
0.5954
0.7121
0.6704
0.7054
0.7317
0.7538
0.7129
0.6667
0.8167
0.835
0.8413
0.8883
0.7554
0.8367
0.78
0.6588
0.6567
0.7542
0.8575
0.8375
0.7117
0.6579
0.8504
0.7263
0.8588
0.8863
0.8725
0.7488
0.7483
0.8167
0.7758
0.7167
0.8271
0.7521
0.7388
0.8642
0.8321
0.7821
0.77
0.7554
0.7425
0.8567
0.8804
0.7425
0.8279
0.8092
0.9754
0.9808
0.9867
0.9413
0.5496
0.6204
0.6575
0.6975
0.6896
0.8342
0.88
0.8992
0.8538
0.6283
0.5204
0.62
0.71
0.7671
0.7679
0.7713
0.8258
0.9058
0.8304
0.8529
0.8383
0.905
0.945
0.9054
0.7896
0.8471
0.9017
0.7946
0.7983
0.9288
0.97
0.9804
0.9879
0.99
0.99
0.9746
0.9529
0.6304
0.6325
0.7254
0.7613
0.7817
0.7871
0.7063
0.8258
0.84
0.905
0.8104
0.7475
0.6433
0.7592
0.8071
0.7963
0.7892
0.7342
0.8554
0.8846
0.815
0.8604
0.8883
0.7796
0.7058
0.8283
0.7167
0.8054
0.7229
0.8475
0.735
0.6996
0.6296
0.7013
0.7225
0.7483
0.6654
0.49
0.5733
0.5554
0.6188
0.7546
0.7771
0.7633
0.7533
0.6296
0.6658
0.7383
0.76
0.7267
0.9204
0.7808
0.7942
0.9058
0.9042
0.7246
0.7417
0.7092
0.7554
0.6721
0.735
0.5913
0.6292
0.7071
0.7688
0.7317
0.6929
0.6483
0.7317
0.7413
0.6575
0.5275
0.6733
0.8004
0.7275
0.6321
0.5904
0.6067
0.5754
0.6204
0.6742
0.6629
0.6654
0.7175
0.6108
0.6392
0.5238
0.4817
0.6196
0.675
0.6192
0.795
0.8371
0.8017
0.8429
0.7113
0.6592
0.6729
0.6917
0.6713
0.6658
0.6454
0.6721
0.5721
0.62
0.4908
0.7521
0.7729
0.7304
0.6846
0.6717
0.71
0.695
0.6425
0.5296
0.6396
0.6242
0.5158
0.6371
0.5608
0.5575
0.4692
0.6833
0.5254
0.5092
0.6275
0.6833
0.6013
0.71
0.8592
0.7121
0.5138
0.6267
0.7975
0.8392
0.7492
0.7125
0.8446
0.59
0.6221
0.6838
0.6267
0.6358
0.6454
0.6054
0.5346
0.6125
0.6308
0.5354
0.5442
0.6954
0.6208
0.49
0.5942
0.5829
0.5763
0.4529
0.4392
0.4675
0.5808
0.5621
0.5704
0.5704
0.6942
0.6929
0.6208
0.6083
0.5963
0.5054
0.5733
0.5708
0.54
0.6079
0.6308
0.605
0.6375
0.5954
0.5238
0.5304
0.5488
0.5442
0.5788
0.5767
0.5667
0.605
0.6567
0.6083
0.6446
0.6467
0.6392
0.64
0.6538
0.6817
0.62
0.6829
0.645
0.6604
0.6463
0.6263
0.5292
0.5529
0.6667
0.6825
0.69
0.7358
0.6346
0.6225
0.5521
0.5342
0.5704
0.5058
0.4183
0.3696
0.3325
0.4946
0.675
0.6621
0.5692
0.5192
0.6304
0.6513
0.6521
0.6725
0.6679
0.7404
0.8013
0.6663
0.5683
0.6425
0.5442
0.6171
0.6217
0.5588
0.5542
0.6192
0.6471
0.6675
0.6213
0.6629
0.7413
0.5738
0.5771
0.6933
0.6846
0.7442
0.7496
0.7225
0.7183
0.6583
0.6158
0.6142
0.6258
0.66
0.6488
0.7196
0.6425
0.6188
0.6546
0.62
0.5504
0.6063
0.665
0.7017
0.6717
0.6842
0.695
0.7142
0.685
0.7096
0.7271
0.7158
0.6946
0.6138
0.6717
0.6808
0.7079
0.8079
0.7183
0.655
0.8833
0.9479
0.95
0.885
0.8575
0.8029
0.7613
0.8533
0.8608
0.8454
0.7729
0.8592
0.8575
0.835
0.8325
0.8146
0.79
0.7579
0.7733
0.9163
0.8679
0.8913
0.8208
0.7513
0.8296
0.7404
0.9375
0.8867
0.9558
0.9779
0.9329
0.9758
0.9654
0.9755
0.9675
0.9804
0.9796
0.8929
0.7888
0.7471
0.6913
0.7475
0.8779
0.98
0.9721
0.9688
0.8242
0.8375
0.7708
0.715
0.7546
0.6975
0.7225
0.7933
0.7567
0.6692
0.7746
0.9783
0.8654
0.8046
0.845
0.8629
0.8992
0.8088
0.7546
0.7617
0.9017
0.7308
0.7442
0.6896
0.6579
0.5517
0.7696
0.8642
0.915
0.9783
0.9871
0.99
0.9721
0.94
0.975
0.8517
0.8367
0.9421
0.9738
0.9592
0.8283
0.83
0.9058
0.8871
0.8771
0.88
0.8688
0.7483
0.5029
0.5721
0.6671
0.82
0.7454
0.4704
0.3529
0.7529
0.5283
0.3421
0.3375
0.6321
0.5208
0.37
0.3821
0.3783
0.5892
0.5958
0.5463
0.6713
0.6867
0.64
0.5033
0.72
-99
0.4233
0.4346
0.4958
0.6013
0.6829
0.6983
0.6792
0.5963
0.6521
0.6642
0.6946
0.4421
0.5333
0.5308
0.4683
0.57
0.5963
0.5713
0.6583
0.6121
0.5588
0.5033
0.3979
0.5558
0.4833
0.5621
0.5946
0.8296
0.8108
0.7121
0.6633
0.6175
0.5638
0.6192
0.565
0.5308
0.5063
0.5317
0.5467
0.5438
0.8142
0.9075
0.8629
0.8167
0.7525
0.6654
0.7192
0.6742
0.6263
0.715
0.6321
0.695
0.5708
0.4125
0.5438
0.555
0.6025
0.6121
0.6879
0.5813
0.5688
0.4696
0.5583
0.5388
0.5925
0.7321
0.6746
0.8263
0.6846
0.6042
0.5908
0.73
0.68
0.625
0.5663
0.6617
0.6854
0.4996
0.4583
0.585
0.6396
0.5758
0.4946
0.5638
0.7438
0.6625
0.7
0.7896
0.6354
0.6038
0.6588
0.5821
0.4483
0.565
0.6525
0.5871
0.5754
0.5071
0.4963
0.4388
0.4596
0.7275
0.5346
0.5725
0.637
0.6296
0.5029
0.5688
0.6229
0.5096
0.4904
0.5025
0.5435
0.4125
0.3988
0.5033
0.5804
0.855
0.7213
0.5954
0.555
0.5967
0.6171
0.5292
0.5221
0.4929
0.5033
0.5017
0.5454
0.6429
0.5888
0.5696
0.5717
0.7842
0.6871
0.6671
0.6358
0.7525
0.6596
0.6142
0.6471
0.6429
0.5396
0.5146
0.5875
0.5733
0.4525
0.38
0.5179
0.5967
0.5888
0.5842
0.5625
0.6167
0.5388
0.6321
0.7133
0.6529
0.7238
0.6788
0.6096
0.6508
0.6071
0.5967
0.7246
0.6871
0.6383
0.5092
0.415
0.4913
0.4383
0.6004
0.6783
0.635
0.56
0.5554
0.4646
0.3658
0.4463
0.4917
0.4221
0.4783
0.3923
0.5333
0.5683
0.5604
0.6633
0.6596
0.6879
0.6896
0.5767
0.6188
0.5254
0.5583
0.6217
0.65
0.6363
0.505
0.6379
0.6604
0.6442
0.6854
0.615
0.5225
0.5388
0.5858
0.6192
0.7513
0.8163
0.737
0.725
0.7254
0.7342
0.7333
0.5679
0.5821
0.7217
0.6608
0.7417
0.9546
0.7638
0.765
0.7367
0.7471
0.765
0.7267
0.7317
0.7417
0.7838
0.7142
0.7788
0.8796
0.7688
0.77
0.7883
0.7025
0.73
0.6554
0.7017
0.8021
0.8592
0.8546
0.8188
0.8775
0.85
0.8954
0.9163
0.6858
0.5608
0.7363
0.8179
0.7646
0.7254
0.7442
0.7825
0.9029
0.6933
0.7339
0.7958
0.6933
0.9446
0.8725
0.8542
0.8575
0.8904
0.8888
0.9188
0.9692
0.9208
0.8896
0.8354
0.9727
0.9418
0.8667
0.9504
0.8071
0.8658
0.9113
0.8229
0.7113
0.6079
0.8354
0.8121
0.74
0.76
0.6692
0.6946
0.7717
0.7725
0.6225
0.8079
0.7938
0.8138
0.8258
0.8758
0.9383
0.8717
0.8546
0.7317
0.7729
0.8525
0.8517
0.7275
0.7946
0.9167
0.9579
0.9192
0.8054
0.7854
0.8754
0.9667
0.8267
0.9492
0.9121
0.8833
0.8588
0.8633
0.8825
0.9133
0.9263
0.9767
0.9771
0.8333
0.7646
0.8696
0.7992
0.7646
0.7738
0.7388
0.5492
0.8721
0.8933
0.7625
0.7042
0.8038
0.7296
0.7596
0.6842
0.7354
0.8725
0.7179
0.8329
0.8138
0.84
0.8225
0.6704
0.4996
0.7929
0.7775
0.715
0.5763
0.7933
0.66
0.7575
0.6708
0.695
0.6738
0.7454
0.7196
0.7758
0.8192
0.8404
0.7604
0.835
0.7288
0.6104
0.5992
0.5046
0.5688
0.7
0.6046
0.6621
0.7513
0.7475
0.6379
0.6746
0.8529
0.8204
0.77
0.68
0.7621
0.7204
0.6892
0.6896
0.6646
0.5096
0.5233
0.6329
0.8879
0.6917
0.6596
0.6875
0.6342
0.6846
0.7213
0.6763
0.6846
0.8133
0.805
0.7592
0.8463
0.6679
0.5967
0.6717
0.6313
0.65
0.7996
0.6738
0.5842
0.6467
0.6183
0.6267
0.6543
0.6904
0.6683
0.5963
0.4417
0.4513
0.5963
0.5071
0.5267
0.7121
0.5567
0.5833
0.6104
0.6104
0.555
0.8463
0.8929
0.7363
0.9038
0.9646
0.8933
0.7067
0.7492
0.7233
0.7079
0.6292
0.5777
0.5625
0.6754
0.7542
0.6304
0.5738
0.6129
0.6763
0.8196
0.8454
0.66
0.7179
0.7188
0.6979
0.7821
0.7413
0.6625
0.6196
0.4842
0.5013
0.6367
0.7796
0.6888
0.5413
0.6221
0.6079
0.605
0.6363
0.6238
0.6271
0.5429
0.5375
0.5067
0.7446
0.7475
0.6175
0.5917
0.5958
0.575
0.6604
0.5421
0.3729
0.5792
0.9221
0.7779
0.7017
0.7275
0.6242
0.6192
0.6192
0.6338
0.6438
0.6529
0.6058
0.6167
0.6213
0.6075
0.6779
0.6679
0.6608
0.6325
0.5333
0.5154
0.5075
0.5638
0.61
0.6742
0.5675
0.6354
0.7238
0.6696
0.6263
0.6325
0.7213
0.6771
0.6575
0.6021
0.6225
0.6246
0.6175
0.4888
0.4563
0.6396
0.6221
0.5567
0.5958
0.5175
0.435
0.4596
0.6725
0.6258
0.5121
0.6179
0.7483
0.6821
0.6708
0.6692
0.6396
0.5579
0.7058
0.7413
0.6704
0.75
0.7417
0.7013
0.6858
0.6979
0.7021
0.7167
0.705
0.6904
0.6508
0.7238
0.6946
0.7492
0.7325
0.7125
0.6533
0.7042
0.73
0.6138
0.6608
0.5858
0.6808
0.8425
0.8379
0.6808
0.685
0.595
0.695
0.7154
0.7238
0.6375
0.6567
0.6413
0.7025
0.6563
0.7117
0.7238
0.67
0.7346
0.7358
0.7492
0.7054
0.5458
0.6792
0.7033
0.7038
0.7388
0.7233
0.815
0.8467
0.785
0.7708
0.7642
0.7846
0.7908
0.6979
0.5371
0.6571
0.6908
0.7229
0.707
0.6904
0.7646
0.7455
0.7646
0.7808
0.7533
0.7792
0.8029
0.7075
0.7342
0.7571
0.7171
0.695
0.6208
0.6275
0.7117
0.7133
0.7104
0.6925
0.825
0.7046
0.6879
0.8113
0.7442
0.5571
0.6465
0.6179
0.6988
0.8075
0.6383
0.5133
0.8963
0.9521
0.9333
0.7008
0.6673
0.7383
0.6029
0.6117
0.7008
0.7258
0.7504
0.7433
0.7775
0.83
0.7433
0.7438
0.8138
0.765
0.8392
0.9625
0.9296
0.9738
0.9796
0.9867
0.99
0.9895
0.99
0.9529
0.96
0.99
0.672
0.7708
0.98
0.9804
0.7121
0.8663
0.8275
0.8483
0.8617
0.8358
0.6783
0.7838
0.8
0.7171
0.8521
0.9063
0.8863
0.8804
0.8558
0.7842
0.6933
0.8721
0.8808
0.9179
0.9863
0.9708
0.9163
0.9708
0.93
0.8596
0.9462
0.9417
0.8586
0.8667
0.88
0.7025
0.7175
0.8152
0.7771
0.7063
0.6254
0.6933
0.64
0.7254
0.9158
0.7504
0.7596
0.7575
0.6608
0.8129
0.7679
0.7271
0.6971
0.6488
0.7271
0.7392
0.7604
0.78
0.8208
0.7942
0.74
-99
-99
0.6883
0.7421
0.72
0.7654
0.6133
0.6213
0.6733
0.6696
0.7138
0.6475
0.8008
0.7321
0.7854
0.8038
0.6592
0.68
0.7146
0.7533
0.63
0.5633
0.495
0.5967
0.5929
0.5829
0.6938
0.6883
0.6258
0.6333
0.5833
0.6313
0.7375
0.7283
0.7742
0.7142
0.585
0.72
0.6992
0.6575
0.6121
0.5792
0.5208
0.8133
0.775
0.6408
0.6042
0.9233
0.6813
0.6679
0.6771
0.6688
0.7317
0.7479
0.7329
0.685
0.7571
0.6971
0.6542
0.6763
0.64
0.5758
0.5921
0.5046
0.7763
0.8642
0.7413
0.7029
0.7988
0.665
0.7458
0.5379
0.585
0.605
0.5938
0.6154
0.5446
0.6021
0.5983
0.5839
0.6104
0.6904
0.6142
0.6771
0.6292
0.6067
0.6908
0.5267
0.5658
0.5758
0.5858
0.5896
0.6
0.6738
0.6438
0.7108
0.5958
0.6808
0.6358
0.6079
0.6921
0.6671
0.7675
0.6642
0.7721
0.6954
0.62
0.65
0.6942
0.5963
0.6375
0.5875
0.4675
0.4542
0.3792
0.4283
0.46
0.5558
0.6079
0.5563
0.5158
0.639
0.6785
0.6454
0.6075
0.5179
0.3873
0.5833
0.6771
0.8752
0.774
0.669
0.6765
0.5808
0.5217
0.574
0.664
0.7704
0.7144
0.6785
0.5642
0.5404
0.6906
0.5433
0.5367
0.5616
0.58
0.6017
0.5744
0.554
0.6446
0.6065
0.5169
0.4354
0.4567
0.5346
0.5327
0.5904
0.6002
0.5513
0.6042
0.6292
0.629
0.6492
0.4979
0.5848
0.6188
0.6725
0.7763
0.6979
0.7294
0.6927
0.6425
0.6404
0.6681
0.6515
0.5806
0.6338
0.7142
0.5702
0.5727
0.5481
0.559
0.6529
0.6802
0.7525
0.6513
0.6531
0.8004
0.6767
0.7329
0.7092
0.655
0.6544
0.6942
0.7388
0.7098
0.7281
0.6804
0.6963
0.7021
0.7402
0.7502
0.7219
0.7152
0.745
0.7381
0.7085
0.7304
0.7021
0.721
0.7998
0.7646
0.7494
0.7208
0.7319
0.7363
0.7802
0.7704
0.8933
0.8633
0.6942
0.7677
0.7594
0.6881
0.8373
0.9121
0.935
0.9223
0.884
0.7967
0.7777
0.7929
0.7623
0.8017
0.7133
0.7081
0.851
0.8071
0.7938
0.786
0.8298
0.7896
0.7854
0.764
0.6906
0.6602
0.7538
0.6375
0.5431
0.606
0.5135
0.65
0.7302
0.7704
0.7758
0.8558
0.88
0.8323
0.8542
0.7719
0.7644
0.8035
0.779
0.7685
0.7921
0.8702
0.9142
0.8692
0.9158
0.845
0.7927
0.8733
0.776
0.7556
0.7135
0.7802
0.801
0.7721
0.8229
0.7842
0.5631
0.7188
0.8694
0.9375
0.8685
0.8113
0.8906
0.8947
0.8098
0.8058
0.8265
0.9546
0.8313
0.7677
0.6354
0.8144
0.5215
0.7769
0.8117
0.8825
0.8777
0.8221
0.839
0.869
0.8519
0.8315
0.9506
0.9192
0.9308
0.9554
0.9711
0.9598
0.9329
0.9348
0.8167
0.5577
0.5617
0.6713
0.7527
0.7265
0.7729
0.7767
0.8106
0.9383
0.9677
0.9613
0.9208
0.9533
0.98
0.9665
0.9763
0.9191
0.9781
0.98
0.8492
0.7523
0.7902
0.831
0.8006
0.8654
0.8133
0.5979
0.6633
0.4906
0.6908
0.7469
0.7375
0.6848
0.7563
0.7754
0.7563
0.7777
0.719
0.8088
0.5023
0.6215
0.7233
0.7438
0.7548
0.7756
0.7715
0.7996
0.8127
0.7623
0.8119
0.656
0.7446
0.7273
0.7579
0.7513
0.7363
0.596
0.721
0.6748
0.6854
0.6354
0.4856
0.6869
0.7258
0.6829
0.7519
0.6017
0.4456
0.5673
0.654
0.6192
0.6881
0.6731
0.6338
0.6767
0.6748
0.6398
0.6708
0.6683
0.6481
0.7175
0.6346
0.72
0.7869
0.8621
0.7569
0.7971
0.6779
0.6754
0.5842
0.6258
0.5956
0.5323
0.611
0.5488
0.6298
0.6181
0.6256
0.7052
0.654
0.6281
0.5681
0.4725
0.5042
0.6719
0.6033
0.5138
0.4613
0.441
0.6963
0.7196
0.66
0.6756
0.6567
0.6106
0.6004
0.656
0.6283
0.6719
0.7631
0.6565
0.5288
0.7006
0.6467
0.7281
0.656
0.6648
0.619
0.5725
0.565
0.6044
0.526
0.5667
0.5515
0.4196
0.4506
0.561
0.5835
0.4948
0.5342
0.6298
0.6315
0.7402
0.5931
0.5131
0.5315
0.5425
0.5406
0.5315
0.5383
0.5535
0.6083
0.5108
0.5983
0.5785
0.5573
0.581
0.4738
0.3848
0.3625
0.4327
0.4685
0.605
0.6933
0.7423
0.684
0.7181
0.7442
0.6798
0.7504
0.7338
0.5964
0.5971
0.6179
0.6025
0.62
0.5829
0.6844
0.7169
0.6248
0.5631
0.5833
0.5385
0.5473
0.4267
0.3973
0.45
0.404
0.3552
0.3598
0.4908
0.4298
0.4817
0.5469
0.634
0.6919
0.6285
0.6265
0.595
0.5883
0.47
0.6152
0.7025
0.691
0.6367
0.6621
0.6388
0.6794
0.6388
0.5223
0.6052
0.54
0.6019
0.6631
0.6669
0.8144
0.781
0.7304
0.7077
0.6688
0.6444
0.6669
0.5904
0.8315
0.645
0.6588
0.5877
0.6965
0.5908
0.5333
0.6019
0.6173
0.6498
0.821
0.6888
0.666
0.6846
0.686
0.6527
0.5323
0.6
0.6581
0.645
0.56
0.5631
0.5979
0.7044
0.765
0.7813
0.7935
0.8517
0.731
0.6885
0.7069
0.7379
0.6873
0.7431
0.7398
0.6965
0.6629
0.6663
0.616
0.5646
0.6006
0.6504
0.6254
0.6458
0.5673
0.5746
0.5325
0.6377
0.6038
0.691
0.6677
0.6921
0.7442
0.711
0.7246
0.6935
0.7606
0.8056
0.7754
0.6852
0.6498
0.7488
0.7275
0.7573
0.7425
0.7435
0.834
0.6481
0.6754
0.7188
0.7375
0.8202
0.8331
0.8123
0.6675
0.7279
0.7777
0.7604
0.7289
0.7163
0.7835
0.7081
0.7325
0.6854
0.7173
0.6465
0.7681
0.781
0.8254
0.825
0.8308
0.83
0.8569
0.9488
0.9154
0.9133
0.9142
0.8909
0.8583
0.9415
0.9463
0.9153
0.951
0.97
0.8363
0.6263
0.7377
0.7029
0.7763
0.7108
0.5467
0.7054
0.7383
0.7956
0.8144
0.9031
0.9619
0.9005
0.8598
0.8158
0.7763
0.7769
0.8173
0.9579
0.9685
0.9665
0.9785
0.98
0.9617
0.9463
0.9283
0.934
0.9213
0.8865
0.8575
0.8915
0.9777
0.9778
0.9242
0.98
0.98
0.9594
0.7673
0.8952
0.9785
0.9744
0.3043
0
0
0.5062
0.7645
0.684
0.8302
0.7492
0.7848
0.6519
0.5463
0.6006
0.7754
0.8738
0.7269
0.6235
0.7371
0.7535
0.7765
0.831
0.8475
0.8777
0.8446
0.8275
0.9052
0.8929
0.8775
0.8748
0.8842
0.8848
0.7877
0.8656
0.9354
0.7335
0.704
0.7265
0.7238
0.656
0.7202
0.6802
0.7454
0.87
0.9065
0.8527
0.7308
0.6021
0.5652
0.7075
0.7735
0.7735
0.7327
0.6454
0.7179
0.6396
0.7185
0.6619
0.7025
0.9077
0.8133
0.5848
0.6275
0.5904
0.6308
0.7431
0.6454
0.6594
0.7271
0.5765
0.761
0.6463
0.6694
0.6696
0.6544
0.8415
0.8902
0.791
0.7517
0.7569
0.8883
0.7438
0.8113
0.73
0.5777
0.5869
0.711
0.7383
0.5915
0.7231
0.7413
0.5854
0.5442
0.6375
0.5825
0.6067
0.8727
0.9183
0.7298
0.6765
0.5558
0.6531
0.6213
0.6077
0.6415
0.6919
0.5896
0.6269
0.724
0.691
0.6698
0.6638
0.6029
0.7792
0.8408
0.6908
0.5544
0.5948
0.5588
0.674
0.8573
0.7073
0.6367
0.4646
0.5771
0.6281
0.609
0.5513
0.6296
0.649
0.7746
0.8871
0.7868
0.809
0.774
0.6742
0.6444
0.6404
0.6304
0.6558
0.6625
0.5831
0.6598
0.6229
0.6023
0.556
0.6308
0.5881
0.6479
0.6604
0.6998
0.5344
0.5863
0.5517
0.519
0.5938
0.5367
0.58
0.7292
0.6542
0.595
0.5502
0.5923
0.5319
0.6029
0.5008
0.4971
0.4635
0.5642
0.5531
0.576
0.609
0.5302
0.551
0.4633
0.4079
0.3775
0.4483
0.6254
0.595
0.5944
0.6292
0.6583
0.6356
0.5585
0.639
0.5819
0.5473
0.5525
0.5625
0.5419
0.561
0.6638
0.5844
0.4954
0.5819
0.4448
0.5158
0.545
0.5396
0.4365
0.396
0.5156
0.4763
0.6121
0.6383
0.5781
0.6346
0.5604
0.565
0.6315
0.6429
0.614
0.524
0.6094
0.5894
0.6635
0.599
0.5721
0.4996
0.6175
0.6158
0.619
0.6131
0.5638
0.58
0.6142
0.525
0.5404
0.5567
0.6802
0.6556
0.6825
0.675
0.6483
0.5917
0.6613
0.5458
0.4708
0.4796
0.5373
0.6281
0.6563
0.6483
0.6833
0.6981
0.6263
0.6029
0.5902
0.6073
0.5115
0.5544
0.6371
0.7379
0.72
0.744
0.6515
0.6294
0.6973
0.7244
0.6663
0.6698
0.6346
0.6321
0.681
0.7498
0.6902
0.6731
0.7044
0.679
0.69
0.7092
0.7127
0.6796
0.719
0.649
0.654
0.7283
0.7402
0.7535
0.7442
0.8413
0.7681
0.6498
0.7198
0.68
0.6623
0.7196
0.8715
0.8375
0.7469
0.7342
0.8327
0.8756
0.8424
0.7488
0.7119
0.8
0.7458
0.8533
0.8692
0.896
0.9283
0.8733
0.9694
0.9727
0.8952
0.8896
0.9706
0.9513
0.9635
0.9156
0.721
0.7096
0.7465
0.7038
0.7015
0.7094
0.8304
0.8033
0.7185
0.7983
0.806
0.8135
0.8573
0.7958
0.7742
0.8665
0.9619
0.9367
0.861
0.9669
0.8038
0.8158
0.8988
0.9188
0.7635
0.8867
0.9713
0.9133
0.736
0.7087
0.8773
0.926
0.9769
0.98
0.98
0.98
0.98
0.98
0.9549
0.9785
0.8667
0.7346
0.819
0.9538
0.9458
0.9298
0.9331
0.9696
0.976
0.976
0.98
0.9775
0.98
0.9774
0.9781
0.9783
0.9535
0.9625
0.9329
0.98
0.8728
0.9344
0.9427
0.9542
0.9646
0.8535
0.7833
0.8821
0.6569
0.6729
0.6638
0.6692
0.4202
0.6048
0.6821
0.6117
0.7048
0.7327
0.7723
0.6969
0.7154
0.7298
0.8254
0.7742
0.804
0.795
0.8354
0.969
0.9542
0.8675
0.8446
0.7525
0.7177
0.6806
0.5402
0.6421
0.6902
0.7263
0.6933
0.776
0.8894
0.8281
0.8304
0.9519
0.9758
0.8975
0.8971
0.8973
0.8929
0.8923
0.7948
0.7258
0.7731
0.7952
0.744
-99
0.6725
0.7133
0.6863
0.7229
0.6402
0.5988
0.7044
0.6823
0.6481
0.6879
0.636
0.8119
0.7965
0.7808
0.6433
0.5681
0.6871
0.6529
0.6648
0.6915
0.6848
0.666
0.6917
0.8773
0.6913
0.7952
0.7669
0.7185
0.6048
0.6727
0.6871
0.6221
0.6869
0.6567
0.7381
0.6727
0.6581
0.6008
0.5402
0.6044
0.5888
0.651
0.6146
0.4944
0.6094
0.6721
0.6619
0.7071
0.5846
0.5771
0.4829
0.5056
0.5483
0.4702
0.6813
0.7008
0.7575
0.6308
0.665
0.7146
0.5221
0.5931
0.729
0.6544
0.5819
0.5367
0.5125
0.6353
0.6021
0.6175
0.7377
0.694
0.655
0.6179
0.5638
0.4892
0.4521
0.7096
0.5665
0.5256
0.6156
0.5229
0.5648
0.5173
0.4523
0.4263
0.5473
0.4819
0.5231
0.5754
0.5329
0.5496
0.6606
0.8427
0.9479
0.7477
0.5875
0.6127
0.6702
0.5804
0.4733
0.4058
0.4406
0.4994
0.4269
0.4769
0.586
0.581
0.4944
0.521
0.6042
0.5479
0.491
0.489
0.6138
0.6888
0.7106
0.6404
0.611
0.5052
0.5519
0.5327
0.5721
0.616
0.5135
0.4815
0.599
0.5327
0.5856
0.706
0.6444
0.6565
0.6046
0.5898
0.5871
0.611
0.619
0.535
0.5654
0.5554
0.68
0.7306
0.724
0.7317
0.5425
0.5446
0.576
0.5446
0.6146
0.6317
0.5183
0.5263
0.6942
0.5142
0.5042
0.5206
0.5448
0.6196
0.6983
0.5481
0.7619
0.609
0.5369
0.6035
0.5735
0.531
0.5629
0.6931
0.5542
0.6169
0.6308
0.5617
0.619
0.624
0.6398
0.5804
0.5152
0.6119
0.764
0.7102
0.7777
0.7246
0.6888
0.5431
0.5513
0.6296
0.6617
0.6765
0.616
0.6158
0.6329
0.5842
0.5415
0.5575
0.5192
0.5865
0.5858
0.8867
0.6969
0.6398
0.6575
0.5969
0.6465
0.6813
0.8721
0.7833
0.7633
0.6754
0.7456
0.7313
0.7213
0.7233
0.884
0.8321
0.7485
0.8177
0.7863
0.7402
0.6575
0.6938
0.7033
0.665
0.6906
0.7329
0.7733
0.7921
0.7744
0.7358
0.7327
0.6996
0.8571
0.89
0.7944
0.7667
0.6913
0.7763
0.7408
0.7631
0.8079
0.7435
0.7702
0.7373
0.7752
0.7467
0.7327
0.8081
0.7808
0.8419
0.656
0.5515
0.6104
0.661
0.6746
0.7492
0.7598
0.7252
0.4392
0.5965
0.7181
0.7202
0.715
0.7763
0.8258
0.816
0.8117
0.8031
0.7798
0.7513
0.6713
0.6535
0.8013
0.8021
0.7869
0.6954
0.619
0.485
0.5456
0.6985
0.794
0.8306
0.8719
0.7963
0.705
0.9
0.7152
0.7175
0.844
0.8017
0.7146
0.7325
0.7338
0.8623
0.8779
0.9498
0.9619
0.9546
0.9719
0.98
0.98
0.9827
0.79
0.8275
0.8404
0.8063
0.8988
0.6496
0.6956
0.7015
0.6281
0.6994
0.7402
0.9265
0.97
0.9623
0.8892
0.7321
0.8852
0.8133
0.879
0.9473
0.7113
0.6269
0.8348
0.7971
0.6692
0.6629
0.7121
0.8642
0.8298
0.8788
0.8638
0.8446
0.8163
0.8675
0.956
0.9938
0.9648
0.6592
0.7223
0.9092
0.8965
0.8292
0.635
0.8081
0.7898
0.526
0.7448
0.6327
0.7896
0.7806
0.7933
0.8998
0.7683
0.7217
0.7794
0.7354
0.5783
0.5752
0.6077
0.6985
0.6329
0.5925
0.7115
0.9356
0.8538
0.6244
0.7181
0.7467
0.8217
0.7204
0.6175
0.6085
0.6998
0.7938
0.7217
0.6267
0.7713
0.7585
0.7413
0.6646
0.8092
0.6969
0.7273
0.6021
0.4415
0.493
0.551
0.8456
0.7473
0.6881
0.6719
0.5844
0.6115
0.5535
0.5546
0.5902
0.484
0.6067
0.6181
0.6908
0.5908
0.6121
0.856
0.8577
0.8904
0.8948
0.8075
0.8548
0.8554
0.7642
0.8744
0.79
0.6579
0.6448
0.6746
0.684
0.6231
0.7569
0.6498
0.6275
0.6777
0.7615
0.7673
0.8194
0.6581
0.7219
0.6523
0.6394
0.6221
0.7352
0.7546
0.8073
0.724
0.7273
0.669
0.6892
0.7479
0.5479
0.6004
0.6265
0.6506
0.6465
0.6533
0.7363
0.7858
0.7329
0.7137
0.7304
0.625
0.6017
0.7219
0.7525
0.9281
0.7844
0.8285
0.7525
0.669
0.7429
0.7815
0.72
0.7015
0.8402
0.7246
0.6838
0.6771
0.8956
0.6627
0.7368
0.602
0.6029
0.6319
0.615
0.5504
0.5213
0.6423
0.5052
0.4988
0.5256
0.6246
0.665
0.6267
0.6071
0.6273
0.784
0.6242
0.5244
0.5571
0.6179
0.549
0.5348
0.6816
0.5815
0.6065
0.6215
0.5863
0.5867
0.6442
0.6748
0.5804
0.5433
0.5002
0.6267
0.6423
0.645
0.6419
0.7046
0.6617
0.6694
0.6708
0.4517
0.2954
0.4829
0.5815
0.5421
0.6394
0.6358
0.5977
0.5579
0.5194
0.5119
0.5223
0.5494
0.5375
0.596
0.6394
0.6392
0.6425
0.7175
0.7538
0.6663
0.5963
0.6629
0.7508
0.7944
0.7204
0.6921
0.6523
0.6063
0.5771
0.6192
0.5894
0.555
0.6325
0.661
0.7104
0.6704
0.7313
0.6583
0.7044
0.6983
0.7469
0.7429
0.7788
0.74
0.7265
0.7194
0.7596
0.7908
0.7196
0.7692
0.7967
0.7319
0.765
0.7363
0.7181
0.7438
0.7419
0.711
0.6129
0.6604
0.6531
0.581
0.6669
0.5931
0.7492
0.7635
0.6483
0.57
0.5665
0.5638
0.585
0.6363
0.6958
0.7469
0.5781
0.7479
0.834
0.8152
0.7919
0.7756
0.7698
0.8517
0.8663
0.8331
0.8571
0.8806
0.8323
0.8735
0.9127
0.8669
0.8683
0.85
0.8256
0.8842
0.829
0.8358
0.7342
0.7465
0.8625
0.8365
0.84
0.8585
0.8438
0.8798
0.8793
0.8596
0.8404
0.8129
0.8283
0.8454
0.7833
0.8788
0.8615
0.8128
0.8659
0.8594
0.801
0.8029
0.9406
0.9452
0.941
0.9433
0.9688
0.9044
0.8219
0.7525
0.8525
0.9148
0.8173
0.864
0.8863
0.9148
0.9821
1
0.9775
0.899
0.7583
0.7556
0.7983
0.9898
1
0.9973
0.8571
0.876
0.9188
0.7846
0.9175
0.8329
0.8619
0.9325
0.9375
0.999
0.9994
1
1
0.9885
0.9465
0.9373
0.9617
0.9852
1
0.9802
0.9342
0.9492
0.9719
0.9358
0.8463
0.8813
0.7556
0.6554
0.7119
0.801
0.8246
0.8248
0.9454
0.9921
0.9631
0.9425
0.9631
0.9015
0.8208
0.8325
0.7838
0.4954
0.7002
0.8194
0.7271
0.6956
0.8238
0.7267
0.9194
0.8069
0.7427
0.4488
0.6948
0.7767
0.9456
0.9
0.8329
0.8306
0.7856
0.6481
0.7813
0.7544
0.6544
0.7096
0.6069
0.4985
0.6233
0.6873
0.8077
0.8333
0.794
0.7288
0.6233
0.6773
0.7235
0.6792
0.6769
0.6858
0.6229
0.6356
0.6077
0.6804
0.7329
0.629
0.6427
0.675
0.676
0.5514
0.6688
0.5617
0.6304
0.5917
0.5935
0.5498
0.491
0.5879
0.5871
0.6329
0.6375
0.594
0.5369
0.5881
0.6302
0.6
0.5952
0.5138
0.6408
0.7904
0.7604
0.6633
0.7452
0.5373
0.69
0.764
0.7256
0.7626
0.6829
0.7351
0.6198
0.6088
0.5454
0.5294
0.6121
0.6415
0.6619
0.6292
0.4304
0.5519
0.8021
0.8325
0.8492
0.6623
0.6904
0.6138
0.6004
0.5865
0.6881
0.6802
0.6442
0.6652
0.8329
0.6521
0.4642
0.5402
0.6258
0.625
0.4446
0.6698
0.5827
0.496
0.5577
0.6948
0.6115
0.5931
0.7863
0.6052
0.6465
0.595
0.6188
0.5973
0.5504
0.9358
-99
-99
0.6564
0.5638
0.5608
0.6267
0.53
0.4904
0.4452
0.4071
0.4469
0.6319
0.5721
0.5615
0.5529
0.4046
0.5306
0.726
0.5594
0.5442
0.5469
0.5875
0.6171
0.5175
0.3673
0.4829
0.6883
0.7223
0.5852
0.4623
0.4298
0.6081
0.3388
0.4554
0.5719
0.4208
0.3673
0.4254
0.5594
0.4756
0.4865
0.5246
0.5694
0.6338
0.6988
0.7613
0.6829
0.6452
0.5885
0.6342
0.725
0.6325
0.6377
0.7248
0.6579
0.61
0.5533
0.5079
0.4275
0.4488
0.509
0.469
0.639
0.6971
0.5913
0.5615
0.5388
0.6102
0.5848
0.616
0.5058
0.53
0.5417
0.5975
0.6877
0.6477
0.5342
0.5483
0.6269
0.5163
0.5917
0.5579
0.585
0.6025
0.6585
0.641
0.6898
0.9075
0.85
0.8863
0.5881
0.6338
0.5721
0.6142
0.7929
0.7371
0.6594
0.6079
0.6023
0.6575
0.6252
0.6696
0.6558
0.5796
0.6431
0.6692
0.6438
0.689
0.6248
0.7185
0.6977
0.71
0.7679
0.6165
0.6248
0.6552
0.6498
0.6575
0.6371
0.7588
0.7177
0.7358
0.6583
0.5992
0.6944
0.7696
0.766
0.8023
0.725
0.72
0.5963
0.7006
0.6996
0.7217
0.7035
0.5944
0.6435
0.7225
0.735
0.7658
0.7235
0.7031
0.8181
0.7106
0.764
0.8017
0.8479
0.7471
0.8467
0.8967
0.981
0.8935
0.8277
0.8417
0.8108
0.8581
0.9123
0.9615
0.97
0.7967
0.8408
0.8742
0.7117
0.7683
0.716
0.7463
0.7992
0.7506
0.7471
0.7573
0.8102
0.7356
0.8288
0.8385
0.8538
0.8758
0.8025
0.8365
0.8346
0.8215
0.8631
0.8773
0.8102
0.7488
0.8731
0.9056
0.7958
0.8152
0.7685
0.8456
0.8806
0.9042
0.9075
0.9319
0.9481
0.9348
1
0.9921
0.76
0.8004
0.8292
0.7938
0.8019
0.7154
0.8273
0.8042
0.7698
0.9065
0.8727
0.824
0.8944
0.6877
0.6646
0.8698
0.999
0.9952
0.9546
0.9752
0.9992
0.9931
0.9471
0.9602
0.9815
0.9829
0.9771
0.9735
0.9996
0.9952
0.9946
1
0.9846
0.9471
0.9981
1
0.9971
0.9969
0.9392
0.8148
0.7723
0.9481
0.83
0.8015
0.9306
0.941
0.9306
0.8298
0.8921
0.9198
0.8804
0.8544
0.8525
0.8585
0.8631
0.881
0.9158
0.7242
0.8085
0.7908
0.8038
0.8931
0.8885
0.796
0.7492
0.8388
0.845
0.83
0.9038
0.9838
0.8627
0.6998
0.8063
0.8064
0.8285
0.8585
0.834
0.8288
0.7767
0.5985
0.6717
0.7371
0.7398
0.5744
0.6573
0.7156
0.6927
0.7363
0.6767
0.664
0.705
0.5971
0.7206
0.7285
0.7133
0.84
0.7575
0.7604
0.8579
0.7831
0.8965
0.8242
0.7613
0.7219
0.7763
0.7998
0.7733
0.8054
0.8019
0.7696
0.7123
0.6823
0.6625
0.966
0.8279
0.8573
0.7715
0.699
0.6717
0.6738
0.8054
0.6719
0.586
0.5996
0.6054
0.4952
0.7635
0.7158
0.7385
0.701
0.7665
0.7673
0.7998
0.9046
0.9642
0.8335
0.8263
0.7433
0.666
0.7204
0.8619
0.7542
0.7117
0.676
0.7431
0.6767
0.696
0.5923
0.6617
0.6735
0.5623
0.5606
0.6923
0.9273
0.7052
0.8158
0.8029
0.8908
0.8575
0.8771
0.7321
0.7381
0.7085
0.7027
0.6788
0.6323
0.5846
0.7117
0.8231
0.685
0.5948
0.6067
0.605
0.6471
0.7275
0.7888
0.6992
0.7913
0.7381
0.6133
0.6888
0.7802
0.6623
0.6267
0.6606
0.7269
0.6902
0.6594
0.6085
0.6033
0.8954
0.7127
0.7625
0.7744
0.7423
0.6306
0.6169
0.6106
0.6225
0.6242
0.535
0.5846
0.6573
0.7031
0.7313
0.6471
0.6508
0.5502
0.6008
0.5885
0.6265
0.6135
0.6348
0.6406
0.5575
0.6483
0.6815
0.7292
0.6179
0.594
0.5879
0.6383
0.6408
0.6229
0.5965
0.521
0.5169
0.5231
0.6408
0.5865
0.6302
0.5558
0.4396
0.576
0.4435
0.4681
0.5075
0.6165
0.5288
0.5946
0.6269
0.61
0.4725
0.5373
0.5527
0.5846
0.5523
0.6756
0.7098
0.7379
0.7148
0.6902
0.6079
0.7031
0.576
0.4602
0.595
0.5977
0.6138
0.6504
0.6113
0.6879
0.6917
0.7475
0.5667
0.6181
0.6754
0.6602
0.7175
0.6779
0.6031
0.641
0.6215
0.5823
0.6508
0.7833
0.7388
0.6863
0.641
0.5671
0.5063
0.5873
0.6708
0.5983
0.7425
0.7335
0.73
0.7525
0.7623
0.7333
0.741
0.5569
0.6369
0.545
0.649
0.7269
0.7125
0.7323
0.8213
0.7652
0.7921
0.7071
0.7258
0.7008
0.8017
0.8535
0.7392
0.6027
0.6267
0.6517
0.665
0.6342
0.7538
0.7627
0.7196
0.6648
0.7654
0.6831
0.8035
0.7517
0.8058
0.7635
0.7048
0.7344
0.8127
0.8413
0.8444
0.8365
0.779
0.7748
0.9177
0.9773
0.8725
0.7863
0.8804
0.9823
0.9535
0.9725
1
0.996
0.9663
0.9258
0.9452
0.8017
0.871
0.9594
0.96
0.7723
0.8079
0.8694
0.9096
0.9267
0.83
0.7956
0.735
0.8769
0.9552
1
0.9967
0.7365
0.8544
0.7944
0.8108
0.7421
0.9481
0.8325
0.7673
0.8246
0.9488
0.7115
0.8273
0.8894
0.9038
0.9067
0.9446
1
1
0.9542
1
1
1
0.8642
0.6458
0.6704
0.934
0.7379
0.69
0.7315
0.8346
0.8342
0.716
0.6752
0.8242
0.9127
0.9321
0.9377
0.931
0.9965
0.9975
0.8558
0.9073
0.9333
0.9879
0.8271
0.8365
0.8102
0.9438
0.9369
0.9323
0.9425
0.7856
0.8246
0.7692
0.8702
0.7988
0.8302
0.8535
0.8021
0.7935
0.6821
0.6471
0.764
0.8123
0.7802
0.7653
0.7473
0.6892
0.8471
0.9204
0.8271
0.8092
0.9008
0.809
0.9281
0.8477
0.8342
0.8592
0.9031
0.7752
0.7108
0.6935
0.8554
0.8654
0.8831
0.8069
0.9556
0.9054
0.8183
0.7713
0.7913
0.8773
0.8546
0.8779
0.8519
0.7765
0.8785
0.76
0.809
0.7683
0.695
0.6565
0.6119
