20000101
-99
-99
0.9152
1
1
1
1
0.9916
0.9653
0.95
0.7879
0.9254
0.9734
0.8303
0.8591
0.9527
0.9194
0.9448
0.8715
0.8697
0.8963
0.8311
0.7944
0.7471
0.7791
0.7792
0.8597
0.9577
0.9632
0.8167
0.8516
0.7693
0.7534
0.7089
0.6856
0.6614
0.8034
0.7156
0.6918
0.5943
0.7447
0.7297
0.5535
0.6471
0.7688
0.7458
0.6341
0.6527
0.6763
0.6786
0.6045
0.7774
0.767
0.7512
0.7713
0.7971
0.7276
0.615
0.7444
0.8282
0.6759
0.4965
0.5811
0.6964
0.7269
0.7924
0.8363
0.8223
0.723
0.5818
0.5841
0.5337
0.6205
0.7262
0.5782
0.5897
0.5088
0.5604
0.6863
0.7587
0.7563
0.7863
0.8726
0.84
0.7184
0.658
0.6429
0.7525
0.7091
0.8685
0.9206
-99
-99
-99
-99
-99
-99
-99
-99
-99
0.991
0.8147
0.6803
0.6511
0.7411
0.6054
0.8434
0.6347
0.7181
0.7697
0.6733
0.6286
0.6467
0.6626
0.6185
0.5774
0.5873
0.8616
0.7166
0.7806
0.6174
0.525
0.5373
0.5226
0.4936
0.8138
0.7865
0.8135
0.7961
0.8275
0.9444
0.8363
0.7038
0.6164
0.5174
0.515
0.5938
0.7705
0.6683
0.594
0.7415
0.8506
0.7729
0.7197
0.7203
0.7903
0.7578
0.6775
0.7306
0.6173
0.6495
0.6638
0.6979
0.6925
0.6037
0.5871
0.7965
0.6332
0.5903
0.5926
0.6445
-99
-99
-99
-99
0.7409
0.711
0.6471
0.6448
0.5822
0.5425
0.6339
0.7194
0.7391
0.7427
0.6039
0.6688
0.8138
0.5319
0.6833
0.7269
0.7292
0.675
0.655
0.5965
0.5213
0.6527
0.5435
0.508
0.5313
0.5668
0.738
0.52
0.5065
0.604
0.6425
0.59
0.6531
0.7436
0.7321
0.6789
0.7221
0.5409
0.5215
0.7368
0.6388
0.7324
0.6373
0.6625
0.6359
0.625
0.6756
0.7468
0.6914
0.69
0.6603
0.5741
0.5757
0.6003
0.6394
0.6309
0.6185
0.6359
0.6694
0.6743
0.6824
0.6768
0.6892
0.5653
0.5744
0.4936
0.553
0.6121
0.6189
0.6385
0.7097
0.5408
0.4569
0.5233
0.5871
0.7223
0.6663
0.8503
0.7094
0.6944
0.6281
0.6389
0.5767
0.6163
0.6782
0.5871
0.7044
0.674
0.6464
0.6656
0.7647
0.7953
0.7309
0.648
0.6759
0.8229
0.7769
0.8171
0.7441
0.6626
0.6363
0.6532
0.7621
0.8093
0.7618
0.7866
0.8407
0.7222
0.6827
0.6697
0.6421
0.7068
0.6863
0.8092
0.639
0.6489
0.6352
0.7363
0.702
0.8642
0.962
0.9387
0.763
0.8597
0.8391
0.8381
0.8213
0.7906
0.8086
0.8433
0.9213
0.8631
0.7964
0.9259
0.9581
0.9064
0.9519
-99
-99
0.56
-99
-99
-99
-99
-99
-99
0.642
0.6841
0.7682
0.8353
0.8925
0.8673
0.9856
0.856
0.9563
0.8845
0.8263
0.9589
0.904
0.9056
0.8579
0.8866
0.87
0.8371
0.9459
0.8239
0.9557
0.9507
0.9546
0.9418
0.9397
0.916
0.8837
0.9084
0.9338
0.9313
0.876
0.8292
0.8497
0.8757
0.9533
1
1
0.9896
0.7755
0.8966
0.983
0.9548
0.9071
0.9
-99
-99
-99
-99
-99
-99
0.7625
0.8556
0.8111
0.7597
0.7591
0.8908
0.858
0.8659
0.8618
0.9381
0.9447
0.8805
0.8192
0.9217
0.8711
0.9128
0.8955
0.9922
0.9961
0.9875
0.9484
0.8748
0.9409
0.9355
0.8891
0.8883
0.9371
0.9026
0.933
0.8015
0.8331
0.829
0.864
0.683
0.6609
0.7748
0.6946
0.7811
0.8729
0.8743
0.7905
0.8621
0.8175
0.7662
0.6397
0.7703
0.9025
0.9293
0.7962
0.9394
0.85
0.9561
0.8852
0.7735
0.781
0.8473
0.7716
0.7963
0.785
0.8303
0.5318
0.5867
0.755
0.6003
0.6822
0.9521
0.7808
0.8658
0.8347
0.7785
0.8386
0.7666
0.7661
0.8766
0.8248
0.8529
0.7045
0.7258
0.7046
0.692
0.7124
0.6911
0.7108
0.7248
0.7205
0.6726
0.5945
0.5394
0.5641
0.6341
0.7051
0.7151
0.6181
0.6419
0.7303
0.6972
0.5423
0.7277
0.6968
0.637
0.6385
0.5368
0.5542
0.5145
0.524
0.4785
0.4828
0.527
0.4978
0.547
0.4997
0.65
0.723
0.5653
0.4297
0.5163
0.6903
0.59
0.5897
0.4852
0.5168
0.6097
0.6191
0.753
-99
-99
0.7144
0.839
0.7905
0.7561
0.6757
0.6733
0.6797
0.8478
0.9964
0.7915
0.6971
0.482
0.7519
0.6431
0.5925
0.7932
0.8421
0.7303
0.7939
0.6452
-99
0.6329
0.7591
0.7031
0.5692
0.5214
0.5174
0.474
0.5288
0.5132
0.5956
0.6352
0.5353
0.681
0.7515
0.5855
0.6254
0.6874
0.7416
0.7742
0.6311
0.6809
0.6179
0.6216
0.6124
0.5249
0.5031
0.5277
0.5844
0.5631
0.6226
0.5823
0.4726
0.52
0.3961
0.4492
0.6073
0.5391
0.6094
0.6113
0.6032
0.645
0.685
0.7358
0.7546
0.6643
0.575
0.6758
0.8679
0.7081
0.7193
0.685
0.7859
0.7966
0.7388
0.7956
0.7385
0.6331
0.755
0.6071
0.5982
0.5615
0.7024
0.6964
0.6692
0.5782
0.6165
0.7137
0.7034
0.6415
0.5744
0.5524
0.5275
0.639
0.6668
0.603
0.6797
0.6435
0.7628
0.7515
0.606
0.6594
0.7775
0.6956
0.6956
0.7169
0.929
0.7784
0.7828
0.8462
0.7255
0.72
0.7346
0.7371
0.6597
0.685
0.6462
0.5974
0.5697
0.5991
0.5959
0.5926
0.6063
0.7253
0.7985
0.6608
0.6564
0.6645
0.6232
0.6707
0.6132
0.6168
0.667
0.6775
0.712
0.6321
0.6549
0.6411
0.5511
0.6297
0.7144
0.8567
0.7973
0.8752
0.8952
0.7912
0.6838
0.7141
0.7787
0.94
0.8516
0.779
0.7694
0.7972
0.7787
0.8303
0.8164
0.7465
0.6953
0.6711
0.8406
0.8552
0.8039
0.6331
0.7779
0.8165
0.8539
0.7664
0.8726
0.8691
0.8542
0.8328
0.7673
0.8088
0.787
0.7965
0.81
0.8868
0.8517
0.849
0.9615
0.865
0.8873
0.7358
0.8344
0.8152
0.8807
0.907
0.8659
0.8577
0.7517
0.5403
0.4958
0.5178
0.5248
0.7123
0.5876
0.8359
0.9207
0.931
1
0.9661
0.8806
0.993
1
0.9497
0.8937
0.9058
0.9748
0.9596
0.945
0.9404
0.9585
0.9881
0.9879
1
0.9476
1
1
1
0.9956
0.8114
0.8769
0.8024
0.9294
0.9697
0.8697
0.9621
0.9863
0.9729
0.9861
0.9903
0.9911
1
0.9837
0.969
0.9352
0.9814
0.9849
0.9594
0.9542
0.9559
0.9344
0.9497
0.9039
0.9289
0.9625
0.8975
0.9236
0.9588
0.9606
0.9106
0.8442
0.8855
0.9964
0.9977
0.9815
0.9962
0.9942
0.783
0.867
0.8835
0.9435
1
1
0.928
0.9114
0.7479
0.7828
0.8586
0.9423
0.9272
0.905
0.8357
0.8685
0.8309
0.83
0.8177
0.9507
0.8881
0.7392
0.6931
0.7777
0.8513
0.8391
0.8467
0.8859
0.8742
0.6488
0.7768
0.7997
0.8523
0.8382
0.7303
0.6904
0.4853
0.5867
0.6963
0.6797
0.7614
0.7386
0.6508
0.6957
0.8538
0.6903
0.7278
0.6909
0.9344
0.7326
0.8443
0.8475
0.8267
0.7509
0.8239
0.8309
0.6112
0.7555
0.7321
0.7744
0.8006
0.7339
0.7126
0.6482
0.6133
0.5567
0.7082
0.8042
0.7828
0.6678
0.7546
0.6364
0.8424
0.7619
0.7415
0.5934
0.7167
0.9943
0.7376
0.6751
0.8211
0.8268
0.9325
0.7888
0.7941
0.8874
0.938
0.7259
0.7588
0.7923
0.7212
0.718
0.7494
0.7597
0.7182
0.7284
0.6148
0.6422
0.6348
0.6064
0.5537
0.5791
0.7653
0.7279
0.7159
0.8337
0.6449
0.6786
0.5472
0.6421
0.6697
0.9006
0.87
0.9024
0.8478
0.822
0.7263
0.6712
0.6829
0.6364
0.5735
0.5726
0.6471
0.5747
0.5845
0.5074
0.7486
0.6354
0.5395
0.5584
0.6054
0.5929
0.5597
0.6854
0.5932
0.5163
0.5518
0.4627
0.4218
0.6795
0.8597
0.5959
0.6324
0.8266
0.6082
0.5403
0.5818
0.5724
0.4787
0.4434
0.4725
0.5311
0.4953
0.4678
0.4597
0.4723
0.4756
0.467
0.4694
0.6136
0.6186
0.6282
0.606
0.5444
0.7028
0.7082
0.8523
0.739
0.6488
0.527
0.65
0.6776
0.6994
0.7286
0.6357
0.6344
0.699
0.723
0.5829
0.4859
0.5356
0.5313
0.5861
0.6185
0.6457
0.5283
0.4648
0.585
0.6148
0.5297
0.5681
0.6095
0.6633
0.6842
0.5362
0.6419
0.6216
0.6127
0.6779
0.7697
0.6947
0.7386
0.6253
0.5942
0.7081
0.6967
0.6731
0.5716
0.6193
0.6419
0.7129
0.6665
0.6384
0.6184
0.6322
0.6418
0.6238
0.7494
0.8053
0.7994
0.874
0.7886
0.8159
0.8203
0.7529
0.6721
0.69
0.7614
0.7058
0.7676
0.8239
0.78
0.6865
0.6712
0.6956
0.7856
0.68
0.7026
0.7883
0.7529
0.7225
0.7064
0.7457
0.8339
0.8287
0.7188
0.761
0.8092
0.793
0.7555
0.6071
0.5605
0.6261
0.5912
0.7247
0.7806
0.8621
0.8333
0.8144
0.9532
0.9007
0.8579
0.8269
0.7879
0.8247
0.8565
0.97
0.933
0.7447
0.7258
0.8257
0.8438
0.8285
0.7479
0.7063
0.7445
0.7766
0.8026
0.8341
0.6975
0.6552
0.7365
0.8073
0.8307
0.83
0.8587
0.9332
0.9159
0.9322
0.939
0.9582
0.7627
0.6857
0.764
0.8386
0.5662
0.6643
0.6776
0.7494
0.8331
0.8137
0.7658
0.8585
0.8821
0.9103
0.8622
0.8789
0.8394
0.9576
0.8643
0.7716
0.9011
0.9928
0.9771
0.8803
0.8859
0.9138
0.7723
0.7664
0.9825
0.7724
0.8406
0.8709
0.6115
0.7015
0.8876
0.9109
0.8563
0.9126
0.92
0.9733
0.9115
0.949
0.8976
0.937
0.9928
0.9725
0.9242
0.9563
0.9435
0.9956
1
0.9603
0.8671
0.8806
0.9169
0.7715
0.8195
0.9982
0.7923
0.8749
0.8997
0.7887
0.7705
0.863
0.8585
0.8528
0.9623
0.9613
0.8623
0.7318
0.8624
0.9131
0.8226
0.8753
0.8869
0.8963
0.94
0.9414
0.8875
0.8603
0.8071
0.7678
0.5794
0.6493
0.8206
0.7603
0.7197
0.7434
0.7876
0.4374
0.6859
0.8132
0.7673
0.7106
0.7348
0.753
0.8024
0.8311
0.8407
0.7031
0.7585
0.8256
0.8236
0.8706
0.8528
0.7803
0.5866
0.6039
0.9063
0.9932
0.9207
0.8971
0.8583
0.8103
0.8815
0.9158
0.8589
0.8459
0.8661
0.7113
0.7559
0.7566
0.8452
0.7794
0.7738
0.79
0.7894
0.7706
0.6876
0.6729
0.7786
0.7706
0.7706
0.6389
0.6233
0.5497
0.6011
0.5739
0.6369
0.5348
0.5452
0.6371
0.6346
0.7223
0.7
0.9343
0.8722
0.82
0.7791
0.8073
0.6455
0.4461
0.5291
0.5988
0.5713
0.6568
0.6529
0.7406
0.6997
0.7727
0.7122
0.6394
0.6922
0.6466
0.5862
0.6994
0.6337
0.6843
-99
0.86
0.7356
0.694
0.6748
0.6124
0.7239
0.641
0.606
0.6331
0.5533
0.5582
0.5057
0.5569
0.54
0.8036
1
0.8555
0.8884
0.7878
0.7348
0.7784
0.783
0.6526
0.6363
0.7244
0.7971
0.7733
0.7317
0.6819
0.5847
0.6443
0.6444
0.5721
0.68
0.7187
0.5332
0.5891
0.6455
0.6103
0.5622
0.4871
0.6195
0.6508
0.6742
0.64
0.8318
0.6881
0.6477
0.7249
0.6233
0.603
0.564
0.4997
0.4978
0.5226
0.5289
0.58
0.6591
0.602
0.5794
0.5317
0.4797
0.3844
0.4019
0.4629
0.6583
0.7076
0.6992
0.7236
0.7471
0.6211
0.4585
0.5017
0.5333
0.6009
0.7897
0.711
0.7166
0.661
0.6939
0.5745
0.5694
0.5081
0.5165
0.6278
0.7031
0.5966
0.6811
0.6855
0.6579
0.7403
0.6536
0.6916
0.7183
0.7203
0.7629
0.7358
0.6633
0.6269
0.6164
0.6921
0.575
0.6942
0.6195
0.545
0.5528
0.5409
0.5517
0.4981
0.5015
0.5157
0.503
0.4935
0.5342
0.4597
0.4808
0.5943
0.78
0.89
0.6697
0.6047
0.7106
0.7617
0.7103
0.6658
0.6705
0.6594
0.74
0.721
0.7166
0.5108
0.5344
0.7486
0.87
0.9028
0.9221
0.9814
0.8678
0.843
0.8808
0.7546
0.7147
0.6817
0.7027
0.7369
0.7825
0.684
0.6252
0.6811
0.6791
0.6544
0.7726
0.7128
0.7758
0.7957
0.822
0.7548
0.7855
0.8317
0.9387
0.8169
0.8443
0.93
0.7624
0.7606
0.7491
0.7153
0.6019
0.7362
0.7613
0.7197
0.7755
0.8033
0.8487
0.8971
0.8926
0.826
0.9758
0.7333
0.9988
0.9419
0.9403
0.8485
0.8171
0.8531
0.7111
0.725
0.795
0.9804
0.9621
0.9067
0.8661
0.8271
0.9272
0.8715
0.8661
0.8739
0.8817
0.865
0.9167
1
0.96
0.9259
0.9571
0.9664
0.9456
0.9055
0.9893
0.9363
0.9388
0.9253
0.876
1
1
0.9615
0.9575
0.8689
0.8309
0.9406
0.9263
0.7974
0.8303
0.9214
0.9204
0.9183
0.9333
0.925
0.9013
0.8767
0.8861
0.9818
0.8615
0.8683
0.8926
0.9633
1
1
0.9417
0.8234
0.9043
0.9214
0.9174
0.9668
0.9696
0.9379
0.6075
0.675
0.9077
0.9985
1
1
0.8581
0.8629
0.8146
0.705
0.868
0.7581
0.7135
0.8848
0.9144
0.9868
1
1
0.8683
0.8035
0.9093
0.9583
0.8155
0.7467
0.79
0.8833
0.8119
0.7084
0.5523
0.7649
0.7813
0.8947
0.82
0.8703
0.8472
0.8983
0.7964
0.6915
0.7462
0.8269
0.9312
0.9892
0.9954
1
0.9992
1
1
1
0.93
0.9439
0.9417
1
0.9126
0.8762
0.8968
0.9956
0.8452
0.7911
0.8251
0.7906
0.8738
0.9331
0.7236
0.7753
0.8545
0.983
0.9716
0.7786
0.7945
0.8011
0.5857
0.6106
0.7509
0.76
0.7079
0.6524
0.6581
0.6447
0.6939
0.9
0.7194
0.8505
0.9152
0.8842
0.8639
0.8079
0.7586
0.8356
0.8409
0.7503
0.716
0.6032
0.6691
0.6293
0.5512
0.6138
0.9038
0.7711
0.7688
0.8925
0.8488
0.8044
0.8086
0.7244
0.7768
0.7283
0.6417
0.6728
0.9523
0.8125
0.7171
0.6476
0.6919
0.6753
0.8038
0.6794
0.8946
0.8488
0.8257
0.6005
0.6633
0.6215
0.9144
0.7732
0.7591
0.7389
0.6917
0.6303
0.9026
0.8989
0.7645
0.7074
0.8383
0.9911
0.7606
0.7567
0.6349
0.6219
0.5991
0.6203
0.7774
0.9458
0.8717
0.7311
0.7178
0.7271
0.6549
0.6914
0.6053
0.5963
0.5718
0.5681
0.6131
0.7225
0.7187
0.6758
0.6994
0.7634
0.7194
0.6932
0.7865
0.6959
0.606
0.5197
0.591
0.6043
0.6143
0.6394
0.59
0.5354
0.5774
0.6047
0.633
0.6895
0.7039
0.6723
0.8247
0.6251
0.507
0.5641
0.6155
0.5052
0.6253
0.6797
0.5753
0.6621
0.6459
0.6074
0.5197
0.5922
0.6323
0.6341
0.6369
0.5568
0.6303
0.7086
0.6709
0.7663
0.6876
0.5021
0.5414
0.7677
0.7585
0.6208
0.6219
0.6485
0.7075
0.5731
0.6037
0.5547
0.6284
0.7532
0.7324
0.6124
0.6587
0.5789
0.6372
0.5167
0.6018
0.6662
0.8174
0.68
0.6111
0.5767
0.5649
0.6364
0.6914
0.6423
0.6913
0.7181
0.6033
0.7236
0.6156
0.505
0.5949
0.5376
0.6769
0.7233
0.7026
0.8287
0.6645
0.656
0.5242
0.5625
0.7338
0.7376
0.7716
0.5427
0.5748
0.7252
0.7529
0.8397
0.8318
0.8
0.8088
0.7609
0.8274
0.7164
0.6696
0.7087
0.6834
0.7265
0.7288
0.7428
0.8956
0.7615
0.7994
0.7893
0.7885
0.7216
0.6675
0.7303
0.7681
0.777
0.6586
0.6558
0.593
0.63
0.5056
0.6013
0.7386
0.7397
0.7586
0.8032
0.7811
0.8352
0.7115
0.545
0.6644
0.7475
0.7822
0.7848
0.7026
0.5503
0.6433
0.7413
0.6783
0.6689
0.63
0.6494
0.7243
0.7294
0.8027
0.7403
0.8168
0.8115
0.7442
0.7539
0.7355
0.7906
0.975
0.8743
0.8428
0.8197
0.8303
0.8725
0.9652
0.9673
0.8621
0.8974
0.8465
0.7013
0.8276
0.759
0.7391
0.7549
0.8558
0.6871
0.442
0.539
0.7488
0.8609
0.8361
0.859
0.8546
0.8981
0.9341
0.963
0.9462
0.945
0.9943
-99
-99
0.8517
0.9172
0.8961
0.8194
0.9507
0.9996
0.9748
0.9383
0.9893
0.9914
1
1
0.99
0.9856
0.9417
1
0.9995
0.983
0.857
0.7451
0.7867
0.7097
0.8856
0.9097
0.9161
0.9557
0.9778
0.6561
0.6366
0.8048
0.5516
0.7481
0.9684
0.9975
0.9904
0.9767
1
1
1
1
1
1
1
1
0.9996
0.995
0.995
1
0.9863
1
0.9096
0.7363
0.7317
0.8004
0.8488
0.9533
0.6529
0.4396
0.4379
0.5383
0.6333
0.63
0.5142
0.7067
0.7625
0.7279
0.7813
0.8217
0.8433
0.8617
0.8979
0.8613
0.88
0.9325
0.8058
0.6583
0.6471
0.4433
0.5404
0.4508
0.5533
0.6617
0.6783
0.6179
0.5067
0.8954
0.8692
0.7504
0.7346
0.7125
0.6246
0.5525
0.8429
0.8092
0.6854
0.5775
0.6221
0.5329
0.4275
0.5429
0.5971
0.6683
0.7713
0.7358
0.7175
0.8275
0.8388
0.7171
0.5825
0.5213
0.4863
0.535
0.81
0.8042
0.9396
0.8654
0.8863
0.8592
0.6529
0.6063
0.6946
0.6225
0.6358
0.7046
0.8433
0.8279
0.8029
0.8363
0.7421
0.7367
0.6725
0.4658
0.4121
0.5129
0.5754
0.6767
0.7129
0.68
0.635
0.6533
0.6208
0.5858
0.5967
0.7496
0.7888
0.7338
0.6667
0.5888
0.6075
0.5354
0.465
0.4075
0.4179
0.3904
0.5925
0.5458
0.5275
0.5479
0.5308
0.5079
0.5825
0.6633
0.7671
0.8121
0.7504
0.8388
0.7617
0.6596
0.7375
0.8704
0.6913
0.6867
0.5988
0.5746
0.6863
0.5933
0.6758
0.5483
0.4096
0.4542
0.5892
0.5263
0.7814
0.7942
0.675
0.6475
0.5921
0.6558
0.6183
0.6218
0.6671
0.7242
0.6708
0.735
0.795
0.7333
0.83
0.705
0.6475
0.6188
0.6563
0.5479
0.505
0.6288
0.7504
0.7079
0.675
0.7929
0.5963
0.6258
0.64
0.8283
0.6042
0.5775
0.5946
0.64
0.72
0.7338
0.5917
0.5925
0.5588
0.64
0.6954
0.6642
0.6538
0.5988
0.6363
0.5942
0.4971
0.4729
0.6333
0.6657
0.5523
0.99
-99
-99
-99
-99
0.7306
0.7688
0.7721
0.7508
0.7567
0.6096
0.7196
0.9233
0.8354
0.7129
0.6917
0.7029
0.6817
0.7021
0.7917
0.8008
0.8783
0.9063
0.7754
0.7092
0.7108
0.6983
0.8304
0.8146
0.8413
0.7342
0.5975
0.5696
0.5717
0.6121
0.67
0.7538
0.8217
0.8154
0.7783
0.73
0.6988
0.7838
0.8175
0.7096
0.6275
0.6138
0.7933
0.7333
0.9071
0.9083
0.8504
0.7271
0.6875
0.7754
0.7904
0.8233
0.7825
0.685
0.7396
0.5283
0.63
0.7446
0.7517
0.7846
0.845
0.8558
0.8208
0.8033
0.8321
0.855
0.8038
0.7825
0.7388
0.5854
0.685
0.7079
0.7967
0.8808
0.8317
0.8592
0.8508
0.9029
0.9217
0.915
1
0.9971
0.9942
0.9525
0.8788
0.9946
0.9642
0.9063
0.9321
0.8583
0.9888
0.9254
0.9383
0.9054
0.8875
0.9138
0.9042
0.8888
0.9542
0.8929
0.9121
0.9108
0.8842
0.895
0.8954
0.9075
0.88
0.9917
0.9346
0.9975
1
0.9913
0.9158
0.9625
0.9813
0.8896
0.9688
0.9363
0.9246
0.9217
0.9617
0.8825
0.8108
0.8163
0.8304
0.8259
0.8788
0.8433
0.9142
0.9525
0.9967
0.8688
0.9454
0.8717
0.8621
0.9258
0.9525
0.8188
0.9033
0.9871
1
0.9967
1
0.9521
0.9875
0.89
0.8829
0.9429
0.9717
1
1
1
1
1
1
1
0.9667
0.9588
0.9779
0.9858
0.8404
0.8
0.76
0.8813
0.92
0.9454
0.9754
0.9617
0.9738
0.9833
0.9975
0.9663
0.9971
0.9892
0.9996
0.9725
0.9867
0.9263
0.9763
1
1
0.9775
1
0.8782
0.9125
0.9863
0.8821
0.9429
0.9563
0.9996
0.9971
1
1
1
0.99
0.915
0.92
0.9267
0.9221
0.8786
0.9088
0.9104
0.8742
0.8333
0.8605
0.8813
0.797
0.6452
0.6671
0.7333
0.7277
0.8283
0.8783
0.8633
0.7788
0.715
0.8508
0.782
0.7779
0.7864
0.6704
0.6733
0.8046
0.6533
0.6886
0.7796
0.6963
0.7192
0.6488
0.6288
0.696
0.8138
0.885
0.865
0.8767
0.76
0.8854
0.9054
0.9109
0.8683
0.7454
0.8118
0.775
0.693
0.7157
0.7629
0.61
0.6825
0.74
0.7327
0.7318
0.6463
0.7558
0.7504
0.6492
0.785
0.8918
0.8585
0.8071
0.6575
0.5975
0.6425
0.6968
0.7023
0.766
0.7442
0.9438
0.7567
0.7542
0.8095
0.7664
0.7058
0.7167
0.6479
0.6182
0.6671
0.7933
0.6658
0.5773
0.603
0.7918
0.6763
0.5608
0.6258
0.7288
0.6404
0.765
0.6641
0.5738
0.7833
0.7717
0.6764
0.7379
0.6625
0.5492
0.56
0.61
0.6727
0.5917
0.6446
0.7117
0.6138
0.5555
0.5554
0.6283
0.64
0.5725
0.4795
0.5192
0.595
0.6558
0.5879
0.5783
0.6005
0.6241
0.5913
0.5977
0.6117
0.5009
0.5958
0.7588
0.6454
0.5433
0.5454
0.5553
0.506
0.7858
0.7667
0.7778
0.5805
0.7088
0.6514
0.6719
0.6745
0.6346
0.7317
0.7113
0.7455
0.7346
0.7013
0.6592
0.5732
0.5604
0.6871
0.6559
0.6958
0.6771
0.6863
0.7346
0.7109
0.6288
0.5617
0.6841
0.71
0.6867
0.7563
0.7733
0.7828
0.715
0.7375
0.635
0.6046
0.6208
0.7388
0.7163
0.6167
0.515
0.6483
0.6474
0.6126
0.6796
0.6986
0.5277
0.6014
0.5467
0.5562
0.5908
0.6021
0.6038
0.675
0.5971
0.605
0.6205
0.55
0.6129
0.7004
0.8633
0.8392
0.8021
0.7521
0.685
0.6804
0.7196
0.7258
0.7217
0.8142
0.634
0.62
0.6779
0.6692
0.5658
0.6933
0.7758
0.8154
0.8596
0.7596
0.6625
0.7341
0.7492
0.7417
0.78
0.7538
0.7854
0.8063
0.9579
0.9654
0.9892
0.7892
0.865
0.8021
0.7795
0.8271
0.8188
0.8346
0.8789
-99
-99
0.8246
0.7604
0.7895
0.8571
0.8985
0.8467
0.8367
0.8358
0.7558
0.7204
0.7592
0.8317
0.8414
0.8929
0.8913
0.8838
0.8932
0.9236
0.8708
0.8692
0.8633
0.9154
0.9729
0.92
0.9133
0.9613
0.9763
0.87
0.9944
0.8675
0.9254
-99
-99
-99
-99
-99
-99
0.935
0.8746
0.8171
0.7954
0.8463
0.8963
0.8992
0.8758
0.9346
1
1
0.9663
0.9135
0.9092
0.9238
0.9842
0.9238
0.8779
0.93
0.8929
0.8758
0.8204
0.8617
0.855
0.9133
0.9646
0.8863
0.9675
0.9763
0.9821
0.967
0.9579
0.9154
0.8925
0.9238
0.9179
0.9179
0.8929
0.8038
0.9775
0.9916
-99
-99
-99
-99
-99
1
0.9429
0.9654
0.9579
0.9967
0.9792
0.9996
1
0.9929
1
1
1
1
1
0.9621
0.9879
0.7475
0.9108
0.9554
0.9458
1
1
0.9987
0.9688
0.9888
1
1
1
1
0.9867
0.9967
1
0.9825
0.9354
1
0.9829
0.9258
0.8192
0.7642
0.98
0.9013
0.765
0.9013
0.9321
0.9358
1
0.9546
0.9608
0.995
0.9971
0.9871
1
0.8525
0.9321
0.8292
0.7563
0.8242
0.7621
0.7496
0.8238
0.785
0.5258
0.8463
0.9496
0.9267
0.8888
0.9308
0.8938
0.8321
0.8208
0.7621
0.7196
0.8088
0.81
0.7254
0.6904
0.7358
0.725
0.5704
0.6942
0.9029
0.6329
0.7654
0.4946
0.6183
0.6458
0.6883
0.68
0.7079
0.7838
0.77
0.7733
0.64
0.68
0.5842
0.6063
0.7263
0.6304
0.6854
0.7958
0.8725
0.7733
0.7371
0.6467
0.8667
0.9417
0.9092
1
0.9471
0.97
0.9221
0.8521
0.8533
0.8188
0.8683
0.8788
0.9846
0.9946
1
0.9671
0.8446
0.9283
0.865
0.8146
0.8021
0.8004
0.7467
0.6992
0.7021
0.6538
0.7071
0.7267
0.8825
0.8479
0.8146
0.9779
0.7946
0.8721
0.8688
0.735
0.6633
0.6763
0.6338
0.5325
0.6475
0.5517
0.6529
0.5846
0.6163
0.5788
0.645
0.7763
0.7288
0.9213
0.6646
0.5567
0.6375
0.69
0.6167
0.7958
0.8171
0.7025
0.6075
0.6208
0.6754
0.6504
0.5904
0.5996
0.655
0.795
0.8633
0.7133
0.6533
0.6842
0.6142
0.6313
0.6521
0.7113
0.6688
0.7288
0.6979
0.8154
0.7858
0.9367
0.6917
0.59
0.6025
0.5258
0.7696
0.6304
0.6021
0.5267
0.6
0.7692
0.7492
0.6488
0.7033
0.7138
0.6883
0.5125
0.5558
0.6213
0.5183
0.5333
0.5092
0.4729
0.5475
0.5804
0.6408
0.5696
0.4596
0.5208
0.5804
0.6013
0.6242
0.6196
0.64
0.7104
0.5554
0.4525
0.5842
0.6292
0.5979
0.6125
0.5854
0.5571
0.6063
0.6696
0.6525
0.5342
0.6633
0.6713
0.6813
0.7138
0.4813
0.5471
0.5454
0.6033
0.7217
0.635
0.5863
0.5708
0.495
0.5792
0.6588
0.5654
0.5038
0.4833
0.5967
0.6392
0.6883
0.5654
0.5908
0.5071
0.4288
0.4267
0.5096
0.4967
0.5721
0.6463
0.6321
0.5821
0.6
0.6379
0.6458
0.6604
0.6858
0.6533
0.6354
0.6629
0.6571
0.6508
0.6967
0.66
0.8167
0.7133
0.665
0.7546
0.8658
0.83
0.7217
0.6979
0.6213
0.5404
0.4825
0.6346
0.7163
0.7521
0.7496
0.7642
0.8213
0.8558
0.845
0.8363
0.8121
0.7783
0.7079
0.6938
0.8533
0.7679
0.7679
0.7596
0.7508
0.7363
0.8529
0.8163
0.7817
0.8042
0.7033
0.7242
0.7429
0.8063
0.7033
0.7313
0.7867
0.7688
0.75
0.4817
0.5254
0.6483
0.7604
0.8042
0.8121
0.8475
0.8233
0.7971
0.7633
0.7163
0.7738
0.7358
0.7154
0.7454
0.6663
0.4979
0.4408
0.5613
0.5888
0.4879
0.8083
0.8625
0.7813
0.8363
0.8238
0.8313
0.8196
0.8204
0.8663
0.8696
0.9138
0.9083
0.9308
0.7121
0.7596
0.8196
0.7938
0.7575
0.6171
0.5808
0.6254
0.6225
0.7321
0.7563
0.7571
0.7396
0.7679
0.7938
0.8125
0.8021
0.7463
0.7013
0.72
0.8592
0.9429
0.9625
0.9063
0.9508
0.9708
0.9783
0.9458
0.935
0.9767
0.9754
0.9146
0.9167
0.9379
0.895
0.9158
0.9075
0.9092
0.9313
0.7821
0.7163
0.8075
0.8733
0.8171
0.7546
0.7063
0.7975
0.8967
0.9675
0.9492
0.9046
0.8704
0.8558
0.8938
0.95
-99
0.9521
0.9754
0.9333
0.8325
0.86
0.8279
0.7413
0.6442
0.6963
0.7538
0.7892
0.715
0.6938
0.665
0.7408
0.6596
0.7032
0.7138
0.7196
0.7642
0.7479
0.8408
0.8467
0.8175
0.84
0.8183
0.7171
0.7467
0.8879
0.8675
0.8288
0.8375
0.8071
0.7538
0.7417
0.6721
0.5521
0.4467
0.3567
0.5158
0.62
0.7383
0.7263
0.6
0.5963
0.6579
0.6225
0.5542
0.4417
0.5929
0.6613
0.6354
0.4425
0.5371
0.5271
0.4592
0.6071
0.5567
0.5983
0.7904
0.6538
0.6596
0.6967
0.5538
0.5308
0.5746
0.5167
0.6867
0.6879
0.4829
0.6825
0.7446
0.7625
0.7808
0.8096
0.6513
0.6271
0.5992
0.5417
0.6404
0.7175
0.7204
0.62
0.8879
0.6888
0.5775
0.6438
0.6075
0.6288
0.5621
0.5196
0.7025
0.6046
0.5458
0.5671
0.4225
0.3975
0.4033
0.5971
-99
-99
-99
-99
-99
0.8309
-99
-99
-99
0.7742
0.8188
0.8321
0.7238
0.8804
0.7163
0.6142
0.7283
0.7813
0.75
0.8779
0.7983
0.8808
0.785
0.7238
0.6708
0.7771
0.8179
0.7946
0.7517
0.6633
0.705
0.6233
0.575
0.5921
0.7183
0.7596
0.7838
0.6125
0.5213
0.5479
0.6958
0.7746
0.7042
0.6192
0.6229
0.5788
0.4846
0.4738
0.4529
0.5363
0.6046
0.5679
0.7271
0.5738
0.6388
0.6571
0.6442
0.6979
0.5096
0.5758
0.6171
0.6158
0.5208
0.6821
0.7142
0.6046
0.6358
0.7154
0.6413
0.6175
0.6413
0.67
0.6296
0.6029
0.6321
0.5417
0.535
0.5133
0.6183
0.6429
0.625
0.6046
0.6192
0.6775
0.6529
0.4788
0.4088
0.5904
0.62
0.6154
0.5563
0.5879
0.5379
0.5958
0.5017
0.5679
0.6492
0.6983
0.595
0.5054
0.7217
0.5542
0.6008
0.6558
0.6642
0.6175
0.605
0.7183
0.6846
0.7856
0.6558
0.6408
0.6929
0.7471
0.645
0.5758
0.5325
0.7175
0.6421
0.7204
0.6954
0.6263
0.5708
0.54
-99
0.6996
0.5717
0.7092
0.7317
0.6137
-99
0.5717
0.6296
0.67
0.7446
0.7463
0.7317
0.7021
0.7475
0.8763
0.9233
0.8038
0.7675
0.7638
0.6704
0.7238
0.6971
0.765
0.6971
0.6425
0.5058
0.6279
0.6625
0.6767
0.6529
0.7646
0.7754
0.6454
0.6488
0.7463
0.7633
0.8342
0.8313
0.7421
0.7592
0.8667
0.7733
0.795
0.7729
0.8713
0.7725
0.8246
0.7796
0.7854
0.7942
0.9192
0.8508
0.7442
0.8896
0.8008
0.8683
0.7921
0.8004
0.775
0.7908
0.8542
0.8763
0.9371
0.9113
0.9338
0.8329
0.6833
0.6954
0.8208
0.9
0.8929
0.9071
0.9175
0.9013
0.9379
0.765
0.7363
0.6825
0.6325
0.7146
0.8221
0.7188
0.7596
0.6479
0.6783
0.7946
0.7779
0.8767
0.6979
0.7158
0.8142
0.8017
0.9038
0.5808
0.7054
0.8083
0.8513
0.8313
0.8125
0.8208
0.8804
0.7646
0.8133
0.9408
0.9604
0.9675
0.97
0.965
0.96
0.9633
0.9396
0.7838
0.8588
0.8621
0.8013
0.9092
0.9279
0.8525
0.8125
0.8813
0.8021
0.7188
0.7317
0.8942
0.9317
0.9075
0.9504
0.9242
0.91
0.9554
0.9621
0.9558
0.9525
0.8667
0.715
0.6846
0.84
0.83
0.5704
0.6796
0.6842
0.7142
0.7767
0.8458
0.8613
0.8996
0.8763
0.8642
0.7729
0.7192
0.8088
0.7983
0.6913
0.7108
0.715
0.5771
0.705
0.6908
0.6313
0.6938
0.7796
0.75
0.7021
0.68
0.7554
0.7879
0.8246
0.6771
0.6442
0.7538
0.7638
0.7967
0.8433
0.6933
0.8813
0.8288
0.8417
0.8517
0.7446
0.5008
0.6142
0.66
0.6167
0.6354
0.65
0.7721
0.7317
0.6833
0.6342
0.6525
0.5896
0.5725
0.5533
0.6079
0.6146
0.6217
0.5279
0.5125
0.4946
0.4979
0.5988
0.7542
0.7663
0.7388
0.8417
0.7642
0.7633
0.8767
0.7379
0.7358
0.7458
0.9304
0.81
0.7292
0.8004
0.8038
0.7388
0.7125
0.6583
0.7646
0.7808
0.7075
0.6788
0.6863
0.6217
0.5946
0.5829
0.6196
0.5267
0.6158
0.8233
0.6283
0.5342
0.5717
0.6513
0.6188
0.5817
0.6008
0.6083
0.5538
0.5821
0.5096
0.5075
0.5529
0.6608
0.5883
0.6304
0.6733
0.6633
0.5121
0.4754
0.5096
0.5454
0.4896
0.4479
0.4413
0.6075
0.4933
0.5621
0.5717
0.5442
0.4996
0.4867
0.4908
0.4896
0.5058
0.55
0.4904
0.5358
0.5683
0.7667
0.5588
0.5483
0.6454
0.4825
0.4938
0.5133
0.5588
0.4663
0.3621
0.4133
0.6492
0.5229
0.4775
0.5338
0.5338
0.4438
0.5471
0.6133
0.615
0.6738
0.6908
0.6433
0.545
0.5271
0.4638
0.4713
0.5017
0.5596
0.5454
0.5933
0.6621
0.6421
0.6292
0.7592
0.6025
0.6921
0.6633
0.4875
0.5738
0.6321
0.5833
0.4733
0.4758
0.5588
0.5729
0.565
0.5254
0.5279
0.5557
-99
0.5758
0.5075
0.5475
0.5258
0.4796
0.6154
0.7013
0.6346
0.6667
0.6863
0.6313
0.6175
0.6126
-99
-99
-99
-99
-99
0.6075
0.5563
0.5171
0.51
0.4413
0.4029
0.4
0.4363
0.5846
0.6013
0.6079
0.5654
0.7142
0.6808
0.6317
0.6458
0.5558
0.5775
0.685
0.6267
0.6763
0.66
0.5992
0.5667
0.6729
0.6521
0.5971
0.555
0.5621
0.5625
0.6679
0.7242
0.6804
0.6629
0.6508
0.6946
0.805
0.6804
0.6675
0.6629
0.7167
0.6525
0.6679
0.6804
0.6692
0.6788
0.6463
0.61
0.82
0.7804
0.7192
-99
-99
-99
-99
-99
-99
-99
-99
-99
-99
-99
-99
-99
-99
-99
-99
-99
-99
-99
-99
-99
-99
-99
-99
-99
-99
-99
-99
-99
-99
-99
-99
-99
-99
-99
-99
-99
-99
-99
-99
0.7963
0.795
0.6996
0.6833
0.6896
0.655
-99
-99
-99
-99
-99
-99
0.7829
0.4367
0.7488
0.7108
0.7392
0.8625
0.82
-99
0.7413
0.7967
0.6713
0.7596
0.8004
0.8171
0.7313
0.8121
0.7421
0.9396
0.95
0.95
-99
0.5938
0.3938
0.9022
-99
-99
-99
-99
-99
-99
-99
-99
-99
-99
-99
0.93
0.7521
0.7017
0.6471
0.7329
0.5533
0.8417
0.8675
0.5746
0.7375
0.3833
0.1667
0.1963
0.4225
0.3025
-99
-99
-99
-99
-99
-99
0.8521
-99
-99
-99
-99
-99
-99
-99
-99
-99
-99
-99
-99
-99
-99
0.7646
0.8983
0.7542
0.6538
0.7358
0.8821
0.7517
0.5563
0.5304
0.5675
0.7346
0.7296
0.7858
0.8275
0.8521
0.8246
0.7371
0.6258
0.7958
0.8658
0.8158
0.6533
0.7417
0.5808
0.8079
0.6525
0.675
0.6333
0.8358
0.7375
0.685
0.5596
0.8254
0.855
0.5533
0.5663
0.6983
0.7054
0.6796
0.61
0.6513
0.6921
0.6321
0.6538
0.7538
0.6742
0.7258
0.8333
0.7821
0.7788
0.7925
0.6275
0.5683
0.6129
0.6913
0.6117
0.5821
0.6288
0.6179
0.6683
0.6183
0.6675
0.575
0.8117
0.6379
0.6329
0.5971
0.5663
0.7875
0.7804
0.8175
0.7088
0.655
0.6192
0.7413
0.7738
0.6833
0.6158
0.6438
0.7479
0.8146
0.6817
0.6733
0.665
0.5442
0.5958
0.6717
0.7017
0.6521
0.9238
0.6646
0.6042
0.6046
0.6746
0.6692
0.7263
0.78
0.6758
0.7417
0.6717
0.6838
0.6092
0.5325
0.555
0.62
0.5579
0.6058
0.5654
0.5708
0.5654
0.51
0.5404
0.5758
0.5892
0.7188
0.5971
0.5163
0.5171
0.4767
0.5421
0.6025
0.5863
0.5129
0.745
0.7338
0.6492
0.8513
0.7338
0.7979
0.7967
0.7833
0.7888
0.6179
0.64
0.6633
0.6267
0.5642
0.4521
0.4946
0.62
0.6333
0.6108
0.5271
0.6154
0.5763
0.6288
0.6075
0.5933
0.52
0.5083
0.5875
0.6825
0.6371
0.4863
0.5963
0.5696
0.5433
0.6025
0.4867
0.4671
0.5463
0.5688
0.5733
0.6271
0.615
0.5642
0.6683
0.5933
0.6121
0.6725
0.4888
0.5192
0.5138
0.5229
0.6008
0.5863
0.5792
0.5767
0.66
0.7
0.7358
0.6233
0.6017
0.4988
0.5667
0.6354
0.6617
0.6371
0.6142
0.5992
0.6754
0.5879
0.5175
0.5083
0.5792
0.695
0.6783
0.8246
0.72
0.6288
0.5508
0.6092
0.6217
0.6163
0.5608
0.4908
0.4733
0.5963
0.6142
0.6571
0.7238
0.7021
0.7033
0.6583
0.6775
0.6454
0.6058
0.48
0.5525
0.6438
0.6792
0.7004
0.6058
0.6054
0.68
0.7871
0.8904
0.7704
0.6675
0.8258
0.8408
0.7896
0.8217
0.6988
0.6
0.5663
0.6867
0.7138
0.7163
0.8013
0.7846
0.7875
0.7479
0.6021
0.6858
0.6829
0.6929
0.695
0.7492
0.9025
0.8279
0.85
0.8275
0.7971
0.8196
0.7858
0.6613
0.5463
0.6946
0.7917
0.8067
0.81
0.8658
0.7817
0.4492
0.5875
0.705
0.6933
0.7396
0.7208
0.77
0.7479
0.6358
0.8254
0.8454
0.8446
0.8988
0.7396
0.7979
0.7533
0.6242
0.6588
0.7213
0.85
0.8404
0.705
0.6233
0.8154
0.6808
0.8683
0.9146
0.8608
0.7304
0.755
0.83
0.7775
0.6967
0.8088
0.7475
0.7717
0.8
0.8242
0.7567
0.7279
0.7758
0.7654
0.8588
0.8804
0.8392
0.8458
0.8163
0.9796
0.9925
0.9675
0.9325
0.5292
0.5563
0.6154
0.7088
0.6467
0.8254
0.9304
0.9371
0.8725
0.6267
0.5438
0.5938
0.7008
0.8142
0.8029
0.8021
0.8667
0.9258
0.8558
0.8158
0.8646
0.9063
0.9271
0.8692
0.8008
0.8438
0.8663
0.7817
0.7917
0.9267
0.9883
0.99
0.9946
1
1
0.9796
0.9729
0.5471
0.6008
0.6846
0.7492
0.7775
0.7917
0.7275
0.805
0.8646
0.8483
0.7892
0.7225
0.5733
0.715
0.8008
0.7746
0.755
0.7388
0.8254
0.8408
0.8271
0.7896
0.9204
0.7583
0.6908
0.7933
0.6954
0.8683
0.6763
0.82
0.7246
0.7071
0.6133
0.6875
0.7021
0.7179
0.6138
0.4883
0.5733
0.5313
0.5733
0.7508
0.7217
0.7263
0.71
0.6204
0.6508
0.7108
0.7338
0.6733
0.905
0.7933
0.7888
0.9079
0.9129
0.6942
0.6942
0.6817
0.7175
0.6529
0.6963
0.6063
0.6267
0.7238
0.7354
0.6967
0.6688
0.6529
0.7208
0.7204
0.6583
0.5779
0.6621
0.7792
0.7075
0.6354
0.5775
0.5979
0.5413
0.555
0.6325
0.6129
0.6667
0.7
0.5629
0.6142
0.5421
0.5358
0.6496
0.6713
0.5454
0.7896
0.8358
0.8404
0.8363
0.6971
0.655
0.6971
0.7475
0.6825
0.6567
0.6813
0.6767
0.5613
0.6296
0.4975
0.7396
0.7725
0.7221
0.6579
0.655
0.6575
0.6471
0.6263
0.4704
0.5696
0.6146
0.55
0.5754
0.5333
0.5325
0.4625
0.5083
0.5008
0.475
0.5658
0.6779
0.545
0.6629
0.8079
0.7358
0.4508
0.6142
0.805
0.83
0.7488
0.6692
0.8271
0.5663
0.6042
0.7554
0.5838
0.6504
0.6683
0.5996
0.5729
0.66
0.6233
0.4929
0.5063
0.6754
0.5504
0.4629
0.6196
0.5463
0.5725
0.4833
0.4775
0.4567
0.5496
0.5108
0.5217
0.5713
0.6858
0.6933
0.5913
0.5913
0.5829
0.4279
0.5896
0.5713
0.5083
0.6408
0.5983
0.5563
0.6079
0.6125
0.5429
0.4983
0.525
0.5042
0.6113
0.505
0.4517
0.4967
0.5704
0.5417
0.5933
0.5971
0.6321
0.6483
0.6354
0.6946
0.6129
0.6763
0.6088
0.6683
0.6567
0.6271
0.49
0.5004
0.5738
0.6825
0.67
0.6796
0.6333
0.6342
0.5492
0.5679
0.545
0.4975
0.4708
0.4646
0.3579
0.515
0.6967
0.6967
0.5508
0.4533
0.6792
0.6604
0.6783
0.7229
0.6675
0.7142
0.77
0.6888
0.6
0.6079
0.5567
0.6054
0.6671
0.6375
0.5738
0.5996
0.6679
0.6413
0.6413
0.6496
0.7413
0.5525
0.5192
0.6467
0.6954
0.7513
0.7483
0.7733
0.7138
0.6275
0.5871
0.5942
0.6333
0.6675
0.69
0.7054
0.6325
0.5804
0.6133
0.5858
0.5142
0.5475
0.57
0.6417
0.6392
0.6438
0.6775
0.7392
0.6963
0.715
0.7679
0.7175
0.6796
0.5517
0.6858
0.75
0.8342
0.8238
0.7221
0.7013
0.9225
0.9829
0.9642
0.9033
0.8763
0.845
0.7946
0.8746
0.95
0.8746
0.7775
0.8946
0.8921
0.9092
0.8717
0.8658
0.8546
0.82
0.7946
0.9721
0.9029
0.9079
0.8842
0.8238
0.8713
0.8129
0.9883
0.9746
0.9658
0.9954
0.9517
0.9896
0.9958
0.9958
0.9954
0.9933
0.9879
0.8688
0.71
0.78
-99
-99
0.9
1
1
0.99
0.8933
0.8333
0.75
0.6488
0.645
0.6583
0.76
0.8075
0.8313
0.6858
0.7121
0.9996
0.7954
0.8292
0.8338
0.8921
0.9325
0.8108
0.7279
0.7133
0.8971
0.7133
0.7429
0.6321
0.6542
0.5167
0.7621
0.8829
0.9179
0.9971
1
1
0.9925
0.9533
0.9596
0.8704
0.8871
0.9083
0.9783
0.9892
0.8663
0.8383
0.8913
0.8738
0.8492
0.8775
0.8879
0.7713
0.5571
0.5508
0.6708
0.8904
0.6788
0.4304
0.2696
0.7371
0.6138
0.2458
0.3138
0.6317
0.4988
0.3192
0.39
0.3563
0.5554
0.5813
0.5225
0.6571
0.7042
0.6258
0.4633
0.515
0.4829
0.4071
0.4121
0.5075
0.5671
0.6521
0.7421
0.7296
0.5904
0.6117
0.685
0.6879
0.4079
0.4271
0.4683
0.4142
0.5079
0.5358
0.5288
0.5908
0.5913
0.5296
0.475
0.435
0.5633
0.4233
0.4988
0.5533
0.8742
0.8371
0.7304
0.6604
0.6229
0.5996
0.6313
0.5692
0.5767
0.5138
0.5158
0.5613
0.7517
-99
-99
-99
-99
-99
-99
-99
-99
-99
-99
-99
-99
-99
-99
-99
-99
-99
-99
-99
-99
-99
-99
-99
-99
-99
-99
-99
-99
-99
-99
-99
-99
-99
-99
-99
-99
-99
-99
-99
-99
-99
-99
-99
-99
-99
-99
-99
-99
-99
-99
-99
-99
-99
-99
-99
-99
-99
-99
-99
-99
-99
-99
-99
-99
-99
-99
-99
-99
-99
-99
-99
-99
-99
-99
-99
-99
-99
-99
-99
-99
-99
-99
-99
-99
-99
-99
-99
-99
-99
-99
-99
-99
-99
-99
-99
-99
-99
-99
-99
-99
-99
-99
-99
-99
-99
-99
-99
-99
-99
-99
-99
-99
-99
-99
-99
-99
-99
-99
-99
-99
-99
-99
-99
-99
-99
-99
-99
-99
-99
-99
-99
-99
-99
-99
-99
-99
-99
-99
-99
-99
-99
-99
-99
-99
-99
-99
-99
-99
-99
-99
-99
-99
-99
-99
-99
-99
-99
-99
-99
-99
-99
-99
-99
-99
-99
-99
-99
-99
-99
-99
-99
-99
-99
-99
-99
-99
-99
-99
-99
-99
-99
-99
-99
-99
-99
-99
-99
-99
-99
-99
-99
-99
-99
-99
-99
-99
-99
-99
-99
-99
-99
-99
-99
-99
-99
-99
-99
-99
-99
-99
-99
-99
-99
-99
-99
-99
-99
-99
-99
-99
-99
-99
-99
-99
-99
-99
-99
-99
-99
-99
-99
-99
-99
-99
-99
-99
-99
-99
-99
-99
-99
-99
-99
-99
-99
-99
-99
-99
-99
-99
-99
-99
-99
-99
-99
-99
-99
-99
-99
-99
-99
-99
-99
-99
-99
-99
-99
-99
-99
-99
-99
-99
-99
-99
-99
-99
-99
-99
-99
-99
-99
-99
-99
-99
-99
-99
-99
-99
-99
-99
-99
-99
-99
-99
-99
-99
-99
-99
-99
-99
-99
-99
-99
-99
-99
-99
-99
-99
-99
-99
-99
-99
-99
-99
-99
-99
-99
-99
-99
-99
-99
-99
-99
-99
-99
-99
-99
-99
-99
-99
-99
-99
-99
-99
-99
-99
-99
-99
-99
-99
-99
-99
-99
-99
-99
-99
-99
-99
-99
-99
-99
-99
-99
-99
-99
-99
-99
-99
-99
-99
-99
-99
-99
-99
-99
-99
-99
-99
-99
-99
-99
-99
-99
-99
-99
-99
-99
-99
-99
-99
-99
-99
-99
-99
-99
-99
-99
-99
-99
-99
-99
-99
-99
-99
-99
-99
-99
-99
-99
-99
-99
-99
-99
-99
-99
-99
-99
-99
-99
-99
-99
-99
-99
-99
-99
-99
-99
-99
-99
-99
-99
-99
-99
-99
-99
-99
-99
-99
-99
-99
-99
-99
-99
-99
-99
-99
-99
-99
-99
-99
-99
-99
-99
-99
-99
-99
-99
-99
-99
-99
-99
-99
-99
-99
-99
-99
-99
-99
-99
-99
-99
-99
-99
-99
-99
-99
-99
-99
-99
-99
-99
-99
-99
-99
-99
-99
-99
-99
-99
-99
-99
-99
-99
-99
-99
-99
-99
-99
-99
-99
-99
-99
-99
-99
-99
-99
-99
-99
-99
-99
-99
-99
-99
-99
-99
-99
-99
-99
-99
-99
-99
-99
-99
-99
-99
-99
-99
-99
-99
-99
-99
-99
-99
-99
-99
-99
-99
-99
-99
-99
-99
-99
-99
-99
-99
-99
-99
-99
-99
-99
-99
-99
-99
-99
-99
-99
-99
-99
-99
-99
-99
-99
-99
-99
-99
-99
-99
-99
-99
-99
-99
-99
-99
-99
-99
-99
-99
-99
-99
-99
-99
-99
-99
-99
-99
-99
-99
-99
-99
-99
-99
-99
-99
-99
-99
-99
-99
-99
-99
-99
-99
-99
-99
-99
-99
-99
-99
-99
-99
-99
-99
-99
-99
-99
-99
-99
-99
-99
-99
-99
-99
-99
-99
-99
-99
-99
-99
-99
-99
-99
-99
-99
-99
-99
-99
-99
-99
-99
-99
-99
-99
-99
-99
-99
-99
-99
-99
-99
-99
-99
-99
-99
-99
-99
-99
-99
-99
-99
-99
-99
-99
-99
-99
-99
-99
-99
-99
-99
-99
-99
-99
-99
-99
-99
-99
-99
-99
-99
-99
-99
-99
-99
-99
-99
-99
-99
-99
-99
-99
-99
-99
-99
-99
-99
-99
-99
-99
-99
-99
-99
-99
-99
-99
-99
-99
-99
-99
-99
-99
-99
-99
-99
-99
-99
-99
-99
-99
-99
-99
-99
-99
-99
-99
-99
-99
-99
-99
-99
-99
-99
-99
-99
-99
-99
-99
-99
-99
-99
-99
-99
-99
-99
-99
-99
-99
-99
-99
-99
-99
-99
-99
-99
-99
-99
-99
-99
-99
-99
-99
-99
-99
-99
-99
-99
-99
-99
-99
-99
-99
-99
-99
-99
-99
-99
-99
-99
-99
-99
-99
-99
-99
-99
-99
-99
-99
-99
-99
-99
-99
-99
-99
-99
-99
-99
-99
-99
-99
-99
-99
-99
-99
-99
-99
-99
-99
-99
-99
-99
-99
-99
-99
-99
-99
-99
-99
-99
-99
-99
-99
-99
-99
-99
-99
-99
-99
-99
-99
-99
-99
-99
-99
-99
-99
-99
-99
-99
-99
-99
-99
-99
-99
-99
-99
-99
-99
-99
-99
-99
-99
-99
-99
-99
-99
-99
-99
-99
-99
-99
-99
-99
-99
-99
-99
-99
-99
-99
-99
-99
-99
-99
-99
-99
-99
-99
-99
-99
-99
-99
-99
-99
-99
-99
-99
-99
-99
-99
-99
-99
-99
-99
-99
-99
-99
-99
-99
-99
-99
-99
-99
-99
-99
-99
-99
-99
-99
-99
-99
-99
-99
-99
-99
-99
-99
-99
-99
-99
-99
-99
-99
-99
-99
-99
-99
-99
-99
-99
-99
-99
-99
-99
-99
-99
-99
-99
-99
-99
-99
-99
-99
-99
-99
-99
-99
-99
-99
-99
-99
-99
-99
-99
-99
-99
-99
-99
-99
-99
-99
-99
-99
-99
-99
-99
-99
-99
-99
-99
-99
-99
-99
-99
-99
-99
-99
-99
-99
-99
-99
-99
-99
-99
-99
-99
-99
-99
-99
-99
-99
-99
-99
-99
-99
-99
-99
-99
-99
-99
-99
-99
-99
-99
-99
-99
-99
-99
-99
-99
-99
-99
-99
-99
-99
-99
-99
-99
-99
-99
-99
-99
-99
-99
-99
-99
-99
-99
-99
-99
-99
-99
-99
-99
-99
-99
-99
-99
-99
-99
-99
-99
-99
-99
-99
-99
-99
-99
-99
-99
-99
-99
-99
-99
-99
-99
-99
-99
-99
-99
-99
-99
-99
-99
-99
-99
-99
-99
-99
-99
-99
-99
-99
-99
-99
-99
-99
-99
-99
-99
-99
-99
-99
-99
-99
-99
-99
-99
-99
-99
-99
-99
-99
-99
-99
-99
-99
-99
-99
-99
-99
-99
-99
-99
-99
-99
-99
-99
-99
-99
-99
-99
-99
-99
-99
-99
-99
-99
-99
-99
-99
-99
-99
-99
-99
-99
-99
-99
-99
-99
-99
-99
-99
-99
-99
-99
-99
-99
-99
-99
-99
0.4633
0.5292
0.5944
0.4969
0.5298
0.5477
0.4381
0.4548
0.5213
0.4827
0.4121
0.4554
0.5294
0.5175
0.716
0.5217
0.4319
0.4352
0.4721
0.5
0.501
0.4565
0.4917
0.5519
0.4638
0.5481
0.5638
0.4381
0.4869
0.4344
0.3929
0.3917
0.3883
0.4169
0.5335
0.6317
0.6488
0.5723
0.6417
0.7273
0.6365
0.6885
0.6798
0.5
0.4752
0.4808
0.481
0.5402
0.5073
0.6063
0.6338
0.5642
0.5117
0.5333
0.5225
0.5244
0.445
0.3796
0.3517
0.391
0.3427
0.3896
0.4288
0.3983
0.4119
0.4785
0.5602
0.6121
0.5667
0.5002
0.5431
0.5619
0.4735
0.5704
0.6235
0.5913
0.596
0.5835
0.5638
0.5677
0.6048
0.4663
0.4981
0.5665
0.5329
0.6165
0.5729
0.6875
0.7427
0.6833
0.6444
0.5788
0.5785
0.5713
0.5525
0.7773
0.5858
0.5817
0.6127
0.6579
0.5233
0.459
0.5479
0.5617
0.605
0.7735
0.6258
0.64
0.665
0.6329
0.5996
0.4235
0.5471
0.6515
0.6083
0.5435
0.5294
0.5373
0.6321
0.6938
0.72
0.7596
0.7723
0.6835
0.6406
0.6535
0.6854
0.6302
0.7592
0.7458
0.6475
0.644
0.5717
0.6265
0.5475
0.5096
0.5769
0.624
0.6183
0.5896
0.5392
0.4863
0.6313
0.605
0.7104
0.7371
0.6594
0.7344
0.7181
0.7192
0.6865
0.7538
0.756
0.7429
0.5852
0.5529
0.6983
0.7015
0.7246
0.6471
0.661
0.7285
0.5471
0.6379
0.6725
0.7398
0.7463
0.7677
0.7408
0.5702
0.6213
0.7498
0.8056
0.7094
0.7077
0.7542
0.6271
0.7231
0.705
0.716
0.6596
0.7517
0.7473
0.8052
0.7815
0.8006
0.8035
0.8546
0.9113
0.8648
0.8817
0.8929
0.8423
0.8375
0.9121
0.8921
0.8691
0.8888
0.9394
0.9069
0.5983
0.6956
0.6533
0.7956
0.6942
0.5404
0.6946
0.7231
0.7863
0.8071
0.83
0.9354
0.8838
0.84
0.8277
0.8431
0.8198
0.8356
0.8875
0.925
0.9053
0.8856
0.9348
0.904
0.8958
0.8748
0.8948
0.8802
0.815
0.8146
0.8202
0.9481
0.9492
0.8696
0.95
0.9571
0.9508
0.8198
0.8758
0.9475
0.9221
0.8767
0.7167
0.7963
0.9042
0.7377
0.6348
0.7106
0.7238
0.7333
0.62
0.5144
0.5594
0.7379
0.8006
0.6865
0.5421
0.7319
0.7298
0.7238
0.7821
0.8138
0.8052
0.8021
0.7985
0.8915
0.8221
0.8004
0.7896
0.8258
0.816
0.729
0.8073
0.8704
0.6571
0.6521
0.6852
0.744
0.6167
0.5923
0.5892
0.6846
0.8469
0.8602
0.794
0.6798
0.6038
0.5129
0.6388
0.7342
0.7567
0.7017
0.5931
0.669
0.5917
0.6781
0.599
0.6477
0.8608
0.779
0.5908
0.5806
0.5346
0.5892
0.6717
0.5981
0.5992
0.666
0.5092
0.7165
0.6235
0.6008
0.6173
0.5935
0.7763
0.845
0.72
0.7131
0.7221
0.8121
0.7396
0.7846
0.7169
0.5154
0.5302
0.6292
0.6977
0.5513
0.6508
0.6763
0.5529
0.5008
0.5954
0.5271
0.595
0.7823
0.8783
0.706
0.5979
0.4973
0.6052
0.5817
0.6218
0.5973
0.6094
0.5513
0.5917
0.6475
0.6327
0.6081
0.6098
0.4327
0.7054
0.7915
0.6748
0.4919
0.4875
0.4815
0.6052
0.849
0.6769
0.6213
0.4313
0.4835
0.534
0.5708
0.5215
0.5729
0.6025
0.7429
0.8267
0.7998
0.7452
0.6933
0.6013
0.5581
0.5425
0.5229
0.5783
0.6027
0.4975
0.604
0.5635
0.5485
0.4698
0.5983
0.5671
0.581
0.5648
0.6779
0.5027
0.5265
0.4852
0.469
0.5573
0.5354
0.5681
0.6375
0.6335
0.5402
0.5494
0.5785
0.4798
0.6177
0.4665
0.4092
0.3969
0.5765
0.4727
0.4788
0.574
0.4271
0.4369
0.4681
0.4238
0.3969
0.4496
0.5483
0.5023
0.494
0.5342
0.5558
0.5677
0.5273
0.5677
0.4858
0.5465
0.4942
0.5204
0.531
0.521
0.5202
0.4735
0.454
0.4885
0.3602
0.4217
0.4606
0.5165
0.4667
0.4308
0.4771
0.4979
0.5438
0.5794
0.4706
0.5021
0.5058
0.555
0.5754
0.5265
0.556
0.4852
0.5079
0.5054
0.5494
0.5598
0.5388
0.4077
0.4994
0.5713
0.5375
0.5235
0.4492
0.4773
0.5352
0.5194
0.5419
0.5348
0.6346
0.6204
0.6463
0.6298
0.6194
0.5169
0.5627
0.5088
0.4398
0.4663
0.5069
0.5871
0.6202
0.6106
0.5915
0.6713
0.5727
0.5346
0.5385
0.5421
0.4246
0.5346
0.6142
0.6921
0.6469
0.7088
0.6423
0.6465
0.6513
0.6556
0.5973
0.6027
0.5525
0.5308
0.576
0.6798
0.649
0.6692
0.7129
0.6567
0.6633
0.689
0.665
0.6335
0.659
0.6448
0.6646
0.6921
0.7133
0.695
0.6879
0.7969
0.7519
0.6456
0.6515
0.6577
0.6771
0.6981
0.8548
0.7952
0.7248
0.73
0.8252
0.8288
0.7738
0.7223
0.6867
0.795
0.7506
0.8219
0.8229
0.8621
0.8246
0.8206
0.9254
0.921
0.856
0.8448
0.8994
0.8844
0.8988
0.855
0.676
0.6869
0.699
0.641
0.65
0.6594
0.8071
0.7985
0.6892
0.7719
0.789
0.7975
0.8156
0.8213
0.7723
0.8048
0.8623
0.8002
0.8267
0.9023
0.7883
0.8188
0.865
0.8573
0.7469
0.8465
0.9304
0.925
0.7625
0.779
0.8667
0.8789
0.9329
0.9365
0.9406
0.9363
0.914
0.9406
0.9196
0.9431
0.8429
0.7719
0.801
0.9181
0.9223
0.9038
0.9406
0.9348
0.9125
0.9254
0.9271
0.93
0.91
-99
-99
-99
-99
-99
-99
0.9275
0.8281
0.8183
0.8854
0.9181
0.9342
0.839
0.78
0.8488
0.6106
0.6735
0.6302
0.6494
0.346
0.5779
0.6527
0.6131
0.6817
0.7271
0.7902
0.655
0.6948
0.7706
0.7908
0.7719
0.7654
0.7629
0.804
0.9292
0.8969
0.8006
0.7902
0.6983
0.6758
0.6615
0.5015
0.6633
0.7413
0.7492
0.6619
0.7206
0.8142
0.769
0.769
0.9092
0.9442
0.8715
0.8348
0.8698
0.8117
0.8182
0.7908
0.7042
0.7863
0.8038
0.7327
-99
0.7156
0.7111
0.6796
0.706
0.6102
0.6027
0.7246
0.7079
0.6883
0.7096
0.6438
0.8175
0.7817
0.764
0.6627
0.6033
0.7102
0.6331
0.6777
0.6665
0.6496
0.6183
0.7727
0.874
0.7425
0.8329
0.794
0.7471
0.67
0.759
0.6856
0.6275
0.6792
0.683
0.7546
0.7
0.7079
0.6277
0.6108
0.6479
0.6256
0.6842
0.6648
0.5671
0.6235
0.6492
0.6698
0.7163
0.5904
0.6021
0.5342
0.5948
0.5938
0.5283
0.7258
0.7621
0.8244
0.6548
0.7156
0.7021
0.5452
0.6569
0.7563
0.6746
0.6092
0.5419
0.5598
0.6308
0.616
0.6471
0.7325
0.6867
0.6467
0.6442
0.5946
0.5302
0.5479
0.7515
0.5721
0.574
0.6292
0.5492
0.5744
0.5317
0.4817
0.491
0.5904
0.5104
0.4953
0.5444
0.5235
0.526
0.6592
0.8158
0.9248
0.7608
0.6025
0.5873
0.6777
0.6233
0.5029
0.4625
0.5131
0.4783
0.4717
0.459
0.5575
0.5694
0.5296
0.5473
0.6081
0.5798
0.5094
0.5302
0.5879
0.706
0.6623
0.625
0.5631
0.5054
0.4998
0.5048
0.5123
0.5602
0.5508
0.5465
0.571
0.499
0.5154
0.7033
0.629
0.634
0.6113
0.6146
0.601
0.5758
0.6644
0.5654
0.5623
0.5267
0.651
0.7494
0.721
0.7183
0.5365
0.5123
0.5575
0.5456
0.69
0.626
0.5435
0.4819
0.7085
0.5892
0.489
0.5644
0.569
0.6002
0.7244
0.5173
0.6963
0.5381
0.5038
0.5752
0.6008
0.5838
0.5921
0.6535
0.5975
0.5769
0.5935
0.5894
0.6873
0.6265
0.621
0.6292
0.57
0.6346
0.6921
0.6735
0.7679
0.7265
0.6865
0.504
0.5183
0.6123
0.7515
0.6767
0.5994
0.5994
0.6467
0.7217
0.5558
0.5352
0.5356
0.6296
0.6285
0.9229
0.6817
0.6594
0.6763
0.5729
0.669
0.7542
0.8867
0.8113
0.7771
0.72
0.7175
0.7577
0.8024
0.7498
0.8942
0.8102
0.7685
0.8031
0.7852
0.7465
0.6035
0.6952
0.7417
0.7183
0.7379
0.7746
0.8065
0.7946
0.8038
0.8069
0.7785
0.7608
0.8781
0.9048
0.8377
0.8063
0.67
0.7994
0.8046
0.7871
0.8544
0.7742
0.7646
0.7002
0.7925
0.7348
0.8258
0.8594
0.8471
0.9002
0.6717
0.5706
0.6273
0.6946
0.7265
0.7596
0.8163
0.7156
0.4675
0.6658
0.7675
0.7577
0.7744
0.8175
0.8563
0.8156
0.8246
0.8217
0.8433
0.7613
0.7038
0.66
0.8269
0.8423
0.815
0.689
0.7281
0.5256
0.5233
0.8113
0.8644
0.87
0.8958
0.9033
0.8375
0.9002
0.7779
0.7533
0.8608
0.8171
0.7329
0.7274
0.7429
0.8788
0.9081
0.9675
0.9715
0.9742
0.9852
0.989
0.99
0.9858
0.781
0.8215
0.9152
0.7977
0.8698
0.6521
0.7077
0.7247
0.6531
0.6965
0.8065
0.8696
0.9404
0.8819
0.911
0.7246
0.8921
0.856
0.8475
0.9142
0.7515
0.6277
0.8369
0.8458
0.7338
0.6779
0.7025
0.8746
0.855
0.8815
0.8775
0.8471
0.845
0.8817
0.9421
0.981
0.9596
0.674
0.721
0.8644
0.9194
0.8792
0.649
0.8106
0.81
0.606
0.7765
0.7204
0.7973
0.794
0.8221
0.879
0.7988
0.7171
0.7506
0.7192
0.5844
0.5946
0.6215
0.7267
0.6494
0.6648
0.7138
0.9092
0.8396
0.6346
0.7654
0.7877
0.8217
0.7163
0.646
0.6698
0.726
0.8073
0.7275
0.6244
0.7391
0.7467
0.7217
0.6452
0.78
0.6863
0.726
0.5865
0.4538
0.4991
0.5575
0.8846
0.7629
0.6981
0.6827
0.6302
0.6581
0.6229
0.5869
0.6242
0.6196
0.7075
0.6369
0.6431
0.6813
0.6452
0.8408
0.8204
0.8323
0.9177
0.8292
0.895
0.8946
0.7692
0.9023
0.7733
0.6721
0.6896
0.6915
0.6871
0.6763
0.7225
0.6594
0.6327
0.6719
0.7385
0.7533
0.7906
0.6002
0.6796
0.6173
0.6069
0.5677
0.6833
0.7583
0.8698
0.7608
0.6904
0.6071
0.6554
0.7756
0.5308
0.5669
0.5677
0.5731
0.6179
0.666
0.7544
0.7683
0.7385
0.7102
0.7277
0.6169
0.5808
0.6944
0.7429
0.8913
0.7604
0.8502
0.7421
0.705
0.6954
0.781
0.6844
0.6769
0.8242
0.7408
0.7008
0.6142
0.8427
0.6269
0.6248
0.5779
0.5544
0.551
0.6152
0.4952
0.4706
0.575
0.5419
0.4978
0.5398
0.6452
0.6721
0.6648
0.6354
0.6138
0.6804
0.6588
0.5527
0.5952
0.624
0.5921
0.5388
0.6572
0.5454
0.6056
0.5894
0.5656
0.5544
0.6038
0.656
0.5696
0.5525
0.5488
0.636
0.581
0.6446
0.6469
0.696
0.671
0.6452
0.6585
0.6504
0.6579
0.5496
0.5527
0.6221
0.6325
0.6585
0.5606
0.5904
0.5652
0.5546
0.5079
0.5075
0.559
0.6248
0.646
0.7373
0.62
0.7198
0.7627
0.6254
0.5306
0.5892
0.7046
0.7717
0.7244
0.6796
0.6306
0.611
0.5965
0.6015
0.5644
0.5421
0.591
0.6696
0.7275
0.6346
0.6748
0.6675
0.6727
0.696
0.7421
0.734
0.7392
0.69
0.6646
0.7435
0.7733
0.7779
0.6685
0.7083
0.7108
0.6621
0.7827
0.7233
0.7315
0.7506
0.7358
0.6729
0.58
0.6217
0.6554
0.5363
0.6008
0.6367
0.7369
0.7404
0.649
0.5579
0.5223
0.5244
0.5538
0.6694
0.7402
0.7708
0.5338
0.7065
0.8435
0.8358
0.8194
0.7983
0.8221
0.8429
0.8615
0.8427
0.8579
0.8873
0.8256
0.8975
0.9248
0.8806
0.8406
0.8153
0.8181
0.8613
0.8654
0.8456
0.7233
0.7388
0.8594
0.8271
0.8402
0.8356
0.8638
0.9042
0.8344
0.8277
0.8694
0.8177
0.8148
0.8171
0.7913
0.929
0.8727
0.8752
0.8406
0.8948
0.8106
0.8213
0.9504
0.9346
0.9173
0.94
0.9385
0.9292
0.8279
0.7571
0.8688
0.894
0.8815
0.9104
0.8854
0.9085
0.9615
0.99
0.9727
0.9215
0.8485
0.7608
0.8131
0.9848
0.9696
0.9879
0.8481
0.8485
0.9327
0.7779
0.889
0.8004
0.8431
0.8998
0.9313
0.9898
0.9894
0.99
0.9954
0.9588
0.914
0.906
0.9494
0.982
-99
0.9208
0.8954
0.9356
0.9727
0.9485
0.8465
0.8715
0.7731
0.6425
0.6752
0.7813
0.8075
0.7952
0.9208
0.9638
0.9477
0.8948
0.9329
0.9254
0.8315
0.8173
0.8208
0.489
0.665
0.7704
0.6944
0.684
0.8485
0.7025
0.9144
0.8133
0.7219
0.4875
0.6977
0.8046
0.9175
0.9254
0.8302
0.8317
0.7867
0.6396
0.7735
0.7633
0.7377
0.7021
0.6123
0.5623
0.731
0.689
0.8079
0.8198
0.8056
0.6863
0.6821
0.6967
0.7148
0.6842
0.6581
0.6744
0.6177
0.6535
0.5998
0.6335
0.7719
0.5885
0.6423
0.6863
0.6673
0.529
0.6883
0.6012
0.5946
0.5596
0.5746
0.5456
0.456
0.545
0.5933
0.6163
0.6073
0.5652
0.5306
0.5225
0.5927
0.6113
0.6056
0.5804
0.6629
0.7604
0.7083
0.6552
0.7496
0.5321
0.7665
0.7225
0.6854
0.7263
0.6533
0.6519
0.561
0.5583
0.5217
0.5342
0.6242
0.6898
0.6783
0.6148
0.4577
0.6004
0.7458
0.8163
0.804
0.629
0.6465
0.5565
0.5696
0.5902
0.7238
0.6983
0.6598
0.6771
0.8377
0.5956
0.4725
0.569
0.6615
0.6094
0.4046
0.5833
0.5713
0.4802
0.5874
0.5752
0.6221
0.5877
0.7404
0.5613
0.625
0.5806
0.605
0.5608
0.576
0.9439
-99
-99
0.5993
0.5152
0.5304
0.6017
0.5783
0.5388
0.4902
0.4798
0.4892
0.6148
0.5798
0.5467
0.4971
0.4238
0.4904
0.7463
0.5602
0.525
0.499
0.54
0.5981
0.5138
0.459
0.4935
0.6119
0.6831
0.536
0.516
0.4448
0.606
0.3423
0.3933
0.4408
0.3867
0.4371
0.4725
0.5508
0.5308
0.5123
0.5269
0.5431
0.6169
0.6948
0.7571
0.6106
0.6181
0.5769
0.6571
0.7054
0.5515
0.6173
0.7142
0.6398
0.63
0.609
0.5465
0.5171
0.471
0.5027
0.5094
0.6231
0.6267
0.5171
0.546
0.5065
0.546
0.5646
0.5931
0.5615
0.5698
0.5521
0.6169
0.6923
0.6085
0.52
0.5021
0.6088
0.4727
0.5119
0.5379
0.6563
0.5604
0.6817
0.6456
0.6569
0.8875
0.8029
0.6792
0.6488
0.631
0.6148
0.6106
0.8123
0.745
0.6569
0.6298
0.6308
0.6238
0.575
0.5748
0.6113
0.5296
0.5533
0.5752
0.6329
0.6444
0.6365
0.7904
0.7052
0.661
0.6644
0.5481
0.5879
0.625
0.6371
0.6735
0.6625
0.7948
0.6956
0.6335
0.6215
0.5727
0.6748
0.7321
0.7888
0.7315
0.7171
0.66
0.5442
0.6756
0.6602
0.7108
0.6823
0.575
0.7017
0.7633
0.6844
0.795
0.7558
0.7346
0.8204
0.6517
0.7379
0.761
0.8417
0.7663
0.9067
0.8698
0.9738
0.849
0.8252
0.8635
0.8217
0.8481
0.8996
0.9731
0.9696
0.8327
0.8546
0.83
0.6635
0.7473
0.6946
0.7163
0.7915
0.7273
0.7206
0.7225
0.804
0.7294
0.8277
0.83
0.8496
0.8485
0.7904
0.8548
0.8565
0.8442
0.8544
0.856
0.7896
0.7321
0.8371
0.9135
0.755
0.7338
0.7171
0.8502
0.826
0.9146
0.8748
0.9056
0.9613
0.9373
0.9873
0.9692
0.7635
0.8002
0.8244
0.7998
0.7677
0.6908
0.7792
0.854
0.7854
0.9375
0.8765
0.8004
0.8727
0.6738
0.6525
0.8621
0.9933
0.9954
0.949
0.959
0.9871
0.9794
0.9338
0.9283
0.9623
0.9713
0.9606
0.9658
1
0.9915
0.9829
1
0.9867
0.9217
0.9969
1
0.9856
1
0.9456
0.8273
0.801
0.8892
0.7067
0.7931
0.9269
0.9492
0.9244
0.8938
0.9273
0.8883
0.8623
0.8746
0.8558
0.8681
0.8704
0.8958
0.9817
0.6078
0.7996
0.7977
0.8652
0.8938
0.8967
0.7752
0.7167
0.8544
0.8667
0.8638
0.8785
0.9835
0.8698
0.7013
0.8117
0.7981
0.8333
0.8454
0.8554
0.8446
0.7694
0.5792
0.6596
0.7723
0.7767
0.5538
0.6783
0.6727
0.6783
0.6894
0.6429
0.6365
0.6604
0.5631
0.7065
0.7331
0.6756
0.7896
0.7373
0.7731
0.8496
0.7975
0.8581
0.8088
0.7631
0.7273
0.7631
0.794
0.731
0.7458
0.8246
0.7656
0.7083
0.659
0.696
0.936
0.865
0.8604
0.7665
0.7173
0.715
0.7071
0.8348
0.6988
0.6271
0.6202
0.6254
0.5904
0.8479
0.7371
0.7281
0.681
0.7706
0.7898
0.8452
0.939
0.9833
0.8333
0.8463
0.7496
0.666
0.7758
0.9067
0.7235
0.6452
0.6248
0.6483
0.6565
0.6719
0.6502
0.7277
0.6721
0.6156
0.5533
0.6998
0.9113
0.6858
0.7635
0.7821
0.9352
0.8638
0.9306
0.7223
0.6842
0.6335
0.6742
0.6565
0.6196
0.6421
0.6631
0.7856
0.6731
0.5502
0.5881
0.6142
0.6419
0.729
0.7927
0.734
0.8238
0.7425
0.5754
0.6977
0.785
0.67
0.5925
0.604
0.7358
0.6383
0.5729
0.561
0.549
0.916
0.7127
0.7725
0.7369
0.7535
0.6475
0.5906
0.6719
0.6404
0.5813
0.5477
0.6044
0.6773
0.7063
0.7442
0.6406
0.6521
0.4935
0.5694
0.5796
0.579
0.545
0.6635
0.6613
0.5767
0.6267
0.7127
0.791
0.6579
0.5621
0.5683
0.6471
0.6158
0.68
0.7144
0.6538
0.5948
0.5294
0.6004
0.6083
0.6879
0.6129
0.4954
0.6225
0.5631
0.5048
0.5296
0.5625
0.4913
0.5646
0.6363
0.6479
0.5715
0.5265
0.5408
0.6327
0.5513
0.6738
0.7052
0.7838
0.7483
0.6563
0.6069
0.5767
0.6331
0.5542
0.6383
0.6271
0.5777
0.6102
0.6642
0.7406
0.7383
0.7725
0.52
0.5375
0.569
0.6598
0.6813
0.6669
0.666
0.6808
0.579
0.5569
0.7094
0.8613
0.7815
0.6946
0.6623
0.6292
0.6125
0.6788
0.704
0.639
0.7742
0.7385
0.6396
0.7315
0.7423
0.6858
0.7392
0.5092
0.6029
0.5235
0.5671
0.6992
0.7258
0.751
0.8567
0.6642
0.7165
0.6765
0.717
0.6573
0.7969
0.8477
0.7096
0.544
0.5806
0.615
0.6335
0.5896
0.7265
0.7629
0.764
0.8008
0.8142
0.7131
0.9021
0.7546
0.7796
0.7369
0.6752
0.6725
0.7665
0.8433
0.8588
0.8298
0.8058
0.7513
0.8752
0.9938
0.886
0.8483
0.9019
0.9619
0.941
0.9592
1
1
0.9654
0.9063
0.945
0.8279
0.8723
0.9092
0.98
0.6944
0.8117
0.8896
0.9371
0.9235
0.885
0.8804
0.836
0.9206
0.9867
1
0.9975
0.754
0.8827
0.7735
0.7831
0.7602
0.9617
0.8267
0.7818
0.8231
0.9879
0.7304
0.9102
0.969
0.925
0.8742
0.9894
1
1
0.9846
0.9935
1
1
0.8867
0.6913
0.6415
0.9629
0.7275
0.6594
0.7098
0.8392
0.8538
0.7208
0.645
0.8135
0.924
0.9863
0.9546
0.9004
0.9998
0.9971
0.8469
0.91
0.9642
0.9906
0.9642
0.8929
0.829
0.9538
0.9525
0.9744
0.9898
0.7833
0.7958
0.7496
0.8902
0.7627
0.8667
0.8994
0.7958
0.785
0.6552
0.6267
0.766
0.7963
0.8115
0.7417
0.7252
0.6831
0.8606
0.9098
0.8198
0.821
0.9554
0.8721
0.8981
0.8735
0.8617
0.8677
0.8681
0.7738
0.7517
0.7198
0.9163
0.9083
0.8535
0.8517
0.9692
0.9463
0.8352
0.7817
0.8292
0.8771
0.8344
0.8815
0.8681
0.7938
0.8898
0.74
0.7504
0.701
0.675
0.6367
0.5731
