20000101
0.8471
0.866
0.8594
0.8665
0.8642
0.819
0.7925
0.8315
0.7842
0.6623
0.8179
0.841
0.8583
0.8625
0.8017
0.8481
0.8292
0.9261
0.5592
0.784
0.7542
0.6923
0.3808
0.5513
0.6735
0.7358
0.7048
0.7944
0.7783
0.7148
0.6406
0.651
0.874
0.3483
0.501
0.6542
0.645
0.6713
0.7273
0.5548
0.524
0.6256
0.5808
0.4625
0.7165
0.765
0.6806
0.6067
0.6765
0.6285
0.5438
0.7127
0.7948
0.7233
0.7
0.709
0.6469
0.5983
0.6169
0.8156
0.6606
0.3292
0.5065
0.5542
0.6325
0.7085
0.7517
0.6358
0.571
0.5033
0.4902
0.5323
0.7667
0.6223
0.3552
0.2227
0.4075
0.3171
0.4513
0.809
0.751
0.6869
0.9583
0.8888
0.8771
0.7746
0.8261
0.8033
0.8083
0.9052
0.9121
0.7306
0.7619
0.866
0.8869
0.5677
0.5146
0.59
0.8013
0.7544
0.9552
0.671
0.8189
0.699
0.8969
0.6794
0.9848
0.7165
0.8231
0.7025
0.6931
0.6479
0.6554
0.7269
0.694
0.5694
0.5742
0.8717
0.7521
0.7135
0.7127
0.7825
0.796
0.6554
0.6365
0.7523
0.6983
0.8154
0.6935
0.8952
0.9073
0.9233
0.674
0.6265
0.6346
0.6863
0.6642
0.8379
0.7504
0.7129
0.7029
0.8196
0.9269
0.6942
0.6975
0.8371
0.7823
0.7533
0.7335
0.7254
0.6675
0.6151
0.5958
0.624
0.605
0.6496
0.7744
0.4025
0.5885
0.5823
0.5981
0.7
0.5625
0.481
0.7223
0.645
0.4856
0.4888
0.5315
0.5694
0.5952
0.6115
0.665
0.6779
0.7038
0.6852
0.6398
0.6725
0.5925
0.5902
0.6423
0.7127
0.574
0.5521
0.5715
0.6025
0.6113
0.5579
0.4835
0.4556
0.525
0.7621
0.5127
0.4625
0.5625
0.5327
0.5371
0.5702
0.67
0.7421
0.6383
0.611
0.5633
0.511
0.6577
0.6254
0.6558
0.5938
0.5327
0.5427
0.5392
0.5489
-99
-99
-99
0.7026
-99
0.2818
0.4783
0.4511
0.5898
0.5667
0.5356
0.5902
0.6817
0.7475
0.6929
0.636
0.6142
0.5604
0.5148
0.4867
0.4813
0.5531
0.5754
0.5281
0.7077
0.4277
0.4723
0.539
0.5965
0.6006
0.8458
0.7763
0.664
0.666
0.649
0.5325
0.5565
0.5727
0.5233
0.6265
0.6556
0.6496
0.59
0.6515
0.63
0.5658
0.5198
0.5106
0.6748
0.7519
0.9344
0.8325
0.7271
0.7208
0.7304
0.706
0.7908
0.7404
0.8548
0.9156
0.8019
0.8306
0.7942
0.6765
0.6948
0.7679
0.7471
0.5188
0.6458
0.7167
0.7198
0.7325
0.9738
0.9517
0.795
0.6725
0.8935
0.9435
0.8656
0.8256
0.8123
0.7615
0.7425
0.9121
0.9346
0.8135
0.795
0.8981
0.8792
0.8323
0.8204
0.8473
0.8776
0.8271
0.9335
0.8244
0.8354
0.9583
0.8917
0.7246
0.8213
0.8048
0.8204
0.8281
0.8308
0.9842
0.8581
0.8825
0.8333
0.5604
0.8273
0.8231
0.916
0.8696
0.8929
0.9544
0.8831
0.9004
0.8235
0.9344
0.9048
0.9185
0.945
0.9367
0.9871
0.9117
0.9094
0.936
0.9725
1
0.9567
0.8906
0.9265
0.9273
0.9408
0.8842
0.8627
0.7967
0.8579
0.8558
0.8844
0.8775
0.8777
0.946
0.9706
0.9971
1
0.9498
0.9756
0.9354
0.9421
0.9104
0.7421
0.5348
0.8485
0.9177
0.9383
0.9238
1
0.9833
0.9408
0.7969
0.8221
0.8744
0.9838
0.921
0.8944
0.9548
0.9821
0.9702
0.9088
0.9669
0.8244
0.8492
0.864
0.8873
0.9167
0.8827
0.8508
0.9508
0.9265
0.9238
0.4771
0.3296
0.6342
0.45
0.6325
0.775
0.8035
0.8144
0.8715
0.8119
0.9398
0.8031
0.751
0.8
0.795
0.6125
0.8333
0.7981
0.7265
0.5198
0.5202
0.701
0.5229
0.5308
0.6858
0.7206
0.6544
0.3385
0.475
0.7969
0.7848
0.7888
1
0.949
0.9923
0.8865
0.8794
0.8546
0.7331
0.7494
0.8788
0.7894
0.8396
0.7115
0.7198
0.7294
0.7067
0.7442
0.7054
0.6752
0.7188
0.7188
0.7273
0.6063
0.5667
0.6519
0.7783
0.729
0.666
0.6225
0.4798
0.501
0.6629
0.659
0.6292
0.6633
0.6683
0.6273
0.5815
0.485
0.4356
0.4056
0.2517
0.234
0.3696
0.1888
0.4742
0.5348
0.5294
0.629
0.7788
0.4319
0.5738
0.5423
0.4925
0.5921
0.5717
0.5506
0.6785
0.6346
0.7598
0.9777
0.7571
0.8408
0.8321
0.7706
0.6156
0.4667
0.4848
0.6052
0.8842
0.9363
0.7419
0.6474
0.7163
0.6669
0.6119
0.655
-99
-99
-99
-99
0.562
0.8646
0.8602
0.8165
0.6342
0.5769
0.6008
0.5923
0.5394
0.5727
0.706
0.6898
0.6533
0.5839
0.6526
0.5911
0.5971
0.5621
0.5769
0.7765
0.8369
0.6523
0.615
0.545
0.5892
0.6575
0.5817
0.4604
0.3815
0.4992
0.5402
0.4585
0.5104
0.4477
0.4769
0.3998
0.3931
0.4358
0.4202
0.4592
0.4702
-99
-99
0.593
0.7242
0.7438
0.7415
0.6898
0.6333
0.899
0.7325
0.6835
0.7063
0.7277
0.7156
0.6915
0.7406
0.7098
0.6519
0.8004
0.6535
0.6758
0.6211
0.6329
0.7058
0.7365
0.6375
0.7156
0.6
0.6588
0.6525
0.6282
0.5817
0.515
0.6063
0.5954
0.59
0.6075
0.5946
0.6683
0.7725
0.6419
0.5877
0.6425
0.6938
0.6763
0.6969
0.7146
0.6442
0.6285
0.6338
0.6083
0.6321
0.6375
0.6435
0.6223
0.5815
0.6044
0.5798
0.55
0.5779
0.645
0.6696
0.5973
0.6029
0.686
0.9787
0.5918
0.6721
0.6175
0.6631
0.6129
0.6631
0.6963
0.7221
0.6475
0.6008
0.6685
0.6458
0.539
0.5821
0.6594
0.761
0.7977
0.9646
0.9454
0.835
0.7848
0.78
0.7725
0.9621
0.8925
0.8365
0.8271
0.83
0.8402
0.8177
0.8173
0.8715
0.8144
0.9323
0.8556
0.8542
0.8317
0.8229
0.9479
0.8508
0.8533
0.8285
0.8669
0.8658
0.8977
0.9238
0.8738
0.8549
0.9131
0.8788
0.8725
0.8465
0.8623
0.8569
0.8317
0.815
0.836
0.4348
0.6992
0.8333
0.7992
0.8265
0.8404
0.846
0.8177
0.5746
0.4715
0.441
0.524
0.5546
0.4721
0.6117
0.9098
0.9698
0.9131
0.8529
0.8196
0.8419
0.849
0.6838
0.7521
0.8258
0.8846
0.9042
0.776
0.8971
0.8625
0.8706
0.9002
0.945
0.8913
0.8867
0.8881
0.8498
0.8429
0.8817
0.8842
0.8673
0.825
0.8177
0.866
0.9335
0.9121
0.9054
0.9006
0.9029
0.8996
0.8946
0.8842
0.8702
0.6373
0.8281
0.7665
0.8065
0.8625
0.8581
0.8625
0.9679
0.9792
1
0.9444
0.9844
0.95
0.9058
0.8856
0.9155
0.8917
0.874
0.8783
0.8717
0.8373
0.7696
0.8338
0.5731
0.6454
0.7183
0.7919
0.8054
0.7842
0.8427
0.9773
0.9575
0.8671
0.8367
0.8329
0.7944
0.789
0.7463
0.795
0.8115
0.7302
0.7085
0.8252
0.9071
0.9269
0.6517
0.78
0.8285
0.8154
0.7817
0.7875
0.8067
0.6177
0.6921
0.8927
0.9069
0.744
0.4923
0.7006
0.6898
0.47
0.6865
0.6996
0.7835
0.7471
0.7331
0.7096
0.996
0.9473
0.7806
0.685
0.6683
0.4121
0.5835
0.7579
0.6504
0.6535
0.7258
0.8785
0.6998
0.8865
0.8127
0.9108
0.8902
0.8188
0.7625
0.7523
0.6385
0.5456
0.504
0.6098
0.7246
0.6023
0.6925
0.7052
0.7571
0.7631
0.7163
0.6994
0.751
0.8905
0.4781
0.6775
0.9235
0.8433
0.9379
0.7967
0.9415
0.9533
0.7271
0.5381
0.6477
0.7842
0.6679
0.6173
0.6669
0.6794
0.5646
0.4494
0.5365
0.4815
0.4773
0.4267
0.5946
0.5913
0.6275
0.6442
0.6592
0.7798
0.795
0.6454
0.5323
0.7233
0.8894
0.9387
0.9089
0.9271
0.9438
0.8281
0.7279
0.679
0.6773
0.6579
0.6377
0.6577
0.5827
0.6231
0.6398
0.6027
0.8555
0.641
0.62
0.6548
0.6017
0.6508
0.6506
0.6498
0.6532
0.61
0.6879
0.6164
0.6242
0.8239
0.8791
0.6154
0.7106
0.7617
0.6419
0.6473
0.6523
0.6274
0.6056
0.5835
0.5956
0.6
0.7275
0.5625
0.7229
0.6964
0.6922
0.726
0.71
0.6808
0.755
0.7644
0.7323
0.7365
0.8165
0.7871
0.7231
0.704
0.6463
0.5931
0.5848
0.5485
0.5763
0.6881
0.7138
0.6917
0.7394
0.8123
0.6
0.446
0.46
0.5702
0.5623
0.6117
0.5769
0.5577
0.5396
0.57
0.7215
0.586
0.5356
0.551
0.6158
0.6371
0.7213
0.8146
0.6902
0.6967
0.7885
0.685
0.7633
0.7281
0.7006
0.6617
0.8635
0.8181
0.6608
0.5496
0.6279
0.6506
0.634
0.7363
0.7735
0.6865
0.6577
0.7358
0.6767
0.7752
0.8675
0.7513
0.8892
0.7715
0.9183
0.8858
0.7406
0.6708
0.7475
0.7404
0.6663
0.7883
0.8438
0.8531
0.7098
0.7215
0.771
0.8748
0.809
0.76
0.7604
0.8506
0.8079
0.7573
0.7654
0.7921
0.8331
0.9432
0.8417
0.8169
0.9096
0.8373
0.4613
0.5223
0.6806
0.6929
0.7225
0.7781
0.7608
0.7544
0.7821
0.9413
0.8438
0.8013
0.8273
0.7469
0.7481
0.7871
0.9783
0.9813
0.7779
0.7181
0.7569
0.8271
0.8402
0.8317
0.8068
0.78
0.7858
0.7558
0.9898
0.9672
0.9458
0.8664
0.8802
0.8748
0.8469
0.8615
0.8463
0.9504
0.7985
0.8396
0.8383
0.7942
0.6588
0.5562
0.7342
0.6938
0.5506
0.6902
0.754
0.8283
0.9792
0.9252
0.9375
0.9015
0.8783
0.8856
0.9006
0.915
0.9988
0.9854
0.9407
0.9915
1
0.9354
0.8804
0.8871
0.9863
0.9538
0.8354
0.9002
0.8921
0.8563
0.7042
0.7048
0.5423
0.856
0.8879
0.8327
0.9992
1
0.9756
0.9138
0.9879
0.9663
0.9579
0.9965
0.9785
0.9449
0.9274
0.9306
0.9225
0.9254
0.909
0.9225
0.9044
0.9965
0.9371
0.8981
0.9906
0.8373
0.8756
0.8983
0.8781
0.9331
0.8685
0.9102
0.8433
0.9
0.9071
0.591
0.4492
0.7848
0.7493
0.7635
0.8035
0.8083
0.8717
0.8402
0.9904
0.9104
0.9533
0.6477
0.6264
0.3492
0.2833
0.4327
0.4046
0.3746
0.6817
0.8904
0.6141
0.5694
0.8096
0.849
0.9565
0.7441
0.7431
0.7844
0.7908
0.7583
0.6521
0.6992
0.7394
0.8188
0.8027
0.9629
0.6867
0.646
0.7492
0.9523
0.9823
0.8517
0.9113
0.8621
0.8975
0.9698
0.9269
0.8056
0.7921
0.8594
0.7806
0.7254
0.7115
0.7352
0.6824
0.7087
0.7644
0.726
0.7296
0.6823
0.6346
0.6848
0.7073
0.7163
0.7542
0.6669
0.7458
0.6363
0.5615
0.5696
0.5769
0.5592
0.646
0.6554
0.616
0.939
0.9283
0.9119
0.8679
0.7804
0.8049
0.7392
0.726
0.4275
0.6413
0.4798
0.4327
0.7498
0.7238
0.7327
0.8804
0.8615
0.7004
0.7506
0.7288
0.6529
0.7879
0.6573
0.6579
0.8638
0.8215
0.7237
0.6815
0.6442
0.5979
0.7744
0.6438
0.6679
0.6
0.6442
0.5925
0.6046
0.6352
0.6088
0.8277
0.7369
0.9052
0.9458
0.7183
0.7244
0.7858
0.7435
0.6788
0.7163
0.6963
0.8125
0.781
0.7029
0.6658
0.606
0.6518
0.653
0.5746
0.7817
0.559
0.3915
0.4869
0.6475
0.6265
0.6217
0.7646
0.7229
0.7094
0.7705
0.6144
0.8604
0.6917
0.6575
0.715
0.6715
0.6225
0.6206
0.725
0.5954
0.7404
0.6606
0.7977
0.7023
0.6963
0.5298
0.5696
0.529
0.4498
0.4277
0.48
0.5358
0.6025
0.7215
0.7663
0.6317
0.6198
0.5256
0.5363
0.5579
0.5685
0.6644
0.8392
0.6715
0.6995
0.8956
0.705
0.7525
0.6365
0.6873
0.6073
0.5954
0.589
0.5467
0.495
0.4794
0.6323
0.5188
0.5125
0.5971
0.6304
0.6433
0.5756
0.6577
0.5915
0.6015
0.5477
0.455
0.3815
0.5027
0.4998
0.4983
0.5217
0.489
0.6633
0.7902
0.555
0.4994
0.494
0.4308
0.416
0.4338
0.4356
0.7088
0.8671
0.6427
0.6019
0.685
0.8671
0.8106
0.6806
0.6675
0.6842
0.7928
0.6809
0.7521
0.7535
0.6833
0.7265
0.8793
0.9635
0.8063
0.9646
0.8202
0.7679
0.9619
0.84
0.6798
0.5196
0.5848
0.576
0.6865
0.5975
0.6983
0.694
0.7048
0.7202
0.7129
0.739
0.7325
0.8396
0.8281
0.776
0.7596
0.8138
0.9848
0.9004
0.8129
0.9621
0.9128
0.8365
0.8331
0.8981
0.6346
0.714
0.7838
0.7438
0.7835
0.7977
0.8265
0.915
0.8948
0.9171
0.8935
0.9352
0.99
0.8873
0.9692
0.899
0.8785
0.8667
0.8573
0.7363
0.7098
0.9773
0.9431
1
0.8085
0.9123
0.9828
0.8748
0.8296
0.8398
0.8329
0.8423
0.8142
0.7956
0.8665
0.9921
0.9333
0.9105
0.8883
0.8777
0.9231
0.9994
0.9996
0.8756
0.8704
0.8608
0.8581
0.8906
0.9588
0.904
0.9165
0.8908
0.8963
0.8544
0.8533
0.8631
0.959
0.9888
0.9533
0.8988
0.9565
0.9133
0.966
0.9779
0.965
0.9485
0.9265
0.8998
0.8819
0.9079
0.8177
0.665
0.741
0.8654
0.9013
0.99
0.9033
0.8873
0.569
0.319
0.4529
0.8285
0.8277
0.8456
0.7183
0.6081
0.6585
0.5954
0.6979
0.6833
0.3544
0.5973
0.7679
0.7758
0.7867
0.82
0.8556
0.8638
0.8621
0.9242
0.8825
0.9625
0.8133
0.8279
0.7996
0.6092
0.3406
0.5542
0.3613
-99
0.88
-99
-99
0.8095
0.7142
0.4781
0.6765
0.709
0.7827
0.8017
0.7615
0.7742
0.734
0.7098
0.7123
0.7733
0.8138
0.6846
0.6298
0.5644
0.5521
0.6725
0.7183
0.7363
0.7731
0.7581
0.6479
0.6329
0.8729
0.8929
0.8579
0.7356
0.7388
0.8608
0.6746
0.7463
0.6006
0.5296
0.4565
0.4377
0.5704
0.5671
0.6548
0.5225
0.4602
0.5133
0.5238
0.7002
0.6396
0.6738
0.9035
0.7446
0.6958
0.6194
0.5667
0.5677
0.7031
0.7021
0.6231
0.4623
0.6483
0.4706
0.3835
0.4871
0.7206
0.8494
0.6453
0.886
0.9035
0.7965
0.8206
0.6894
0.7085
0.7219
0.6813
0.6667
0.7235
0.556
0.4306
0.4958
0.4829
0.4677
0.7256
0.6327
0.6302
0.6542
0.7792
0.6344
0.6558
0.6219
0.7917
0.4877
0.5671
0.5996
0.6248
0.6307
0.9025
0.8971
0.8002
0.7908
0.7742
0.7202
0.4779
0.6035
0.5944
0.6348
0.6004
0.6248
0.8156
0.836
0.6308
0.4571
0.6117
0.6548
0.5508
0.6427
0.7642
0.7285
0.7721
0.821
0.8719
0.7573
0.7011
0.6642
0.7844
0.8404
0.7713
0.7221
0.8904
0.7863
0.6921
0.6123
0.4579
0.5004
0.5317
0.6031
0.6379
0.6588
0.6917
0.6594
0.811
0.846
0.4592
0.3667
0.5725
0.5056
0.5185
0.5325
0.8223
0.6558
0.7071
0.646
0.6546
0.7313
0.7367
0.616
0.5808
0.5942
0.6658
0.5902
0.654
0.5963
0.5894
0.6108
0.5729
0.7794
0.6938
0.6069
0.579
0.7171
0.7327
0.6383
0.6127
0.6452
0.6531
0.6635
0.6671
0.7096
0.6585
0.6808
0.6344
0.5798
0.5204
0.4735
0.4002
0.3752
0.5504
0.546
0.7392
0.7135
0.6654
0.5642
0.6544
0.5923
0.6665
0.6219
0.6423
0.7081
0.7171
0.7146
0.7665
0.67
0.6367
0.6475
0.6675
0.6254
0.6038
0.7485
0.7013
0.7292
0.6121
0.5919
0.6115
0.6663
0.6198
0.557
0.595
0.6146
0.6523
0.9135
0.8302
0.8233
0.8181
0.7927
0.7981
0.7479
0.7619
0.7044
0.7715
0.7392
0.7406
0.7421
0.7502
0.7913
0.7717
0.7873
0.8606
0.7477
0.7046
0.7421
0.7538
0.7813
0.7777
0.7079
0.6429
0.5931
0.3738
0.3925
0.6102
0.7008
0.7406
0.7733
0.7496
0.745
0.7446
0.6723
0.665
0.7219
0.8229
0.7802
0.7521
0.7204
0.729
0.8021
0.7363
0.7119
0.7452
0.9221
0.7521
0.7852
0.8927
0.9527
0.9008
0.871
0.8273
0.8085
0.8371
0.6879
0.93
0.8835
0.8727
0.8171
0.8748
0.9235
0.8619
0.8598
0.7981
0.8215
0.739
0.4933
0.6385
0.6821
0.494
0.5638
0.6683
0.3028
0.2817
0.3052
0.5323
0.7381
0.7683
0.744
0.7254
0.7963
0.824
0.8173
0.7415
0.7619
0.7958
0.7708
0.7563
0.7644
0.7477
0.7647
0.9029
0.8715
0.8285
0.8429
0.8306
0.845
0.8454
0.8621
0.8481
0.8183
0.8119
0.8267
0.84
0.8338
0.8431
0.8194
0.5606
0.8356
0.6683
0.6046
0.7006
0.666
0.7502
0.8321
0.4398
0.2808
0.4477
0.3479
0.4219
0.4321
0.686
0.69
0.6885
0.7377
0.7363
0.7308
0.7108
0.719
0.681
0.6423
0.635
0.6554
0.6573
0.6438
0.5767
0.6304
0.7227
0.729
0.8502
0.5883
0.7258
0.6715
0.7277
0.4671
0.5352
0.4438
0.3269
0.4915
0.4271
0.2338
0.5396
0.5179
0.351
0.4823
0.6508
0.7008
0.7717
0.7777
0.7156
0.814
0.7398
0.6435
0.6856
0.6575
0.6319
0.5096
0.4067
0.439
0.5335
0.4406
0.4442
0.3254
0.7179
0.6423
0.6863
0.6198
0.6773
0.5277
0.2542
0.4621
0.561
0.7608
0.4856
0.5204
0.4773
0.2806
0.4288
0.4854
0.5594
0.6717
0.5563
0.5206
0.5508
0.6033
0.6031
0.5554
0.5319
0.4702
0.4592
0.6415
0.7379
0.8788
0.8169
0.7575
0.8402
0.6994
0.6756
0.7867
0.6381
0.5104
0.5944
0.8167
0.9029
0.8113
0.7931
0.7125
0.6317
0.5969
0.6263
0.5792
0.3906
0.4348
0.5515
0.698
0.7648
0.6904
0.6058
0.6625
0.6127
0.5713
0.6606
0.7333
0.6519
0.5888
0.5713
0.5331
0.4794
0.4727
0.4506
0.4044
0.4131
0.545
0.5869
0.4975
0.4527
0.354
0.455
0.4931
0.6081
0.8483
0.676
0.8073
0.786
0.7071
0.5577
0.6146
0.779
0.5427
0.6063
0.5856
0.5819
0.679
0.6004
0.5875
0.5498
0.5083
0.4827
0.5204
0.5323
0.7813
0.7333
0.584
0.5873
0.5588
0.5852
0.5992
0.571
0.4392
0.4719
0.4706
0.5213
0.6881
0.6925
0.8373
0.766
0.6784
0.6121
0.6296
0.6065
0.6035
0.7167
0.8115
0.6654
0.5902
0.7723
0.6317
0.549
0.6479
0.9098
0.6906
0.6348
0.6046
0.6221
0.6054
0.6363
0.6048
0.595
0.6206
0.6094
0.6754
0.5521
0.4496
0.4442
0.5038
0.495
0.4872
0.4167
0.3754
0.4896
0.4904
0.4935
0.5029
0.6835
0.666
0.5458
0.5763
0.5302
0.516
0.6273
0.6498
0.5194
0.6123
0.8949
0.648
0.5675
0.5854
0.5658
0.5758
0.594
0.6308
0.6869
0.7283
0.7292
0.6721
0.6388
0.5965
0.6515
0.7085
0.7088
0.7563
0.7171
0.6921
0.5596
0.4444
0.6102
0.6629
0.584
0.6565
0.8581
0.7533
0.6683
0.6552
0.6475
0.6969
0.6677
0.5831
0.5523
0.7165
0.8106
0.771
0.8406
0.7946
0.7317
0.6704
0.7475
0.7969
0.771
0.7356
0.6806
0.5281
0.2629
0.5677
0.6348
0.6592
0.6842
0.6965
0.8402
0.8819
0.7904
0.7667
0.7688
0.7052
0.6635
0.6917
0.4579
0.4704
0.5846
0.6763
0.6985
0.7306
0.75
0.7138
0.8088
0.8681
0.9748
0.98
0.9447
0.9558
0.834
0.791
0.9529
0.8467
0.8413
0.8377
0.8156
0.886
0.8477
0.8523
0.8135
0.8539
0.94
0.8741
0.7761
0.9915
0.9119
0.871
0.8483
0.9247
0.706
0.8133
0.8125
0.7825
0.7067
0.5569
0.8585
0.9538
0.9998
0.9963
0.9967
0.9017
0.8013
0.8873
0.8896
0.8756
0.8785
0.8502
0.5504
0.3752
0.845
0.8085
0.8617
0.8075
0.8581
0.7638
0.8665
0.9994
0.9552
0.9621
0.9313
0.9213
0.8704
0.7588
0.3875
0.6042
0.7798
0.7427
0.8054
0.7033
0.7548
0.7865
0.6765
0.6181
0.8727
0.844
0.8498
0.8015
0.8027
0.8077
0.8031
0.8331
0.8231
0.6996
0.6788
0.8302
0.9188
0.8646
0.7692
0.4392
0.6033
0.8356
0.9304
0.9996
0.9504
0.9865
0.9473
0.8615
0.8577
0.8758
0.8577
0.8513
0.8785
0.8769
0.9058
0.7679
0.8765
0.8819
0.8458
0.8235
0.8448
0.845
0.8423
0.889
0.9658
0.9865
0.9475
0.8588
0.8329
0.8369
0.8317
0.8992
0.826
0.7219
0.725
0.7779
0.8223
0.8492
0.8546
0.8206
0.8021
0.8004
0.8635
0.825
0.7863
0.7479
0.94
0.8565
0.769
0.7881
0.6908
0.58
0.7471
0.9783
0.4727
0.6308
0.7292
0.7285
0.7229
0.9502
0.5015
0.3748
0.5819
0.7044
0.7306
0.7035
0.611
0.4731
0.5633
0.6875
0.7158
0.7367
0.7006
0.875
0.9954
0.8896
0.795
0.8783
0.8408
0.8327
0.7973
0.7015
0.7477
0.5888
0.6633
0.6881
0.6792
0.6325
0.6206
0.6338
0.649
0.6015
0.7577
0.8846
0.8742
0.7438
0.614
0.4606
0.5952
0.5879
0.5723
0.785
0.7029
0.8031
0.6133
0.6665
0.8221
0.7221
0.6923
0.7371
0.6485
0.59
0.5667
0.5354
0.416
0.3875
0.5365
0.5992
0.6267
0.5783
0.6708
0.7517
0.736
0.8975
0.7
0.5613
0.669
0.7
0.7246
0.8223
0.7202
0.6346
0.6515
0.6123
0.7213
0.5954
0.5688
0.5727
0.5829
0.5281
0.4935
0.5152
0.5754
0.5833
0.5867
0.5525
0.4554
0.3166
0.3231
0.271
0.3263
0.3983
0.5142
0.909
-99
0.3632
0.6588
0.7338
0.6408
0.5965
0.5088
0.4671
0.5158
0.7883
0.6829
0.7298
0.5927
0.5648
0.5771
0.5325
0.5775
0.5104
0.6952
0.5808
0.6027
0.6856
0.6813
0.6429
0.681
0.5392
0.4775
0.4896
0.5913
0.6258
0.5721
0.5317
0.5613
0.5292
0.6729
0.8288
0.8083
0.7902
0.836
0.8279
0.75
0.7042
0.8115
0.7528
0.61
0.5642
0.6181
0.5917
0.6092
0.5265
0.536
0.6833
0.6756
0.5752
0.5925
0.5831
0.5896
0.5048
0.4077
0.3883
0.3704
0.4517
0.4327
0.3469
0.4808
0.561
0.5027
0.4867
0.5558
0.8719
0.7763
0.844
0.7314
0.6875
0.6469
0.6394
0.63
0.6556
0.7669
0.6758
0.5448
0.6023
0.6419
0.5783
0.556
0.6279
0.629
0.6673
0.6792
0.6229
0.6127
0.7883
0.8756
0.7475
0.769
0.8279
0.7994
0.9267
0.9519
0.9793
0.6669
0.7567
0.6748
0.6802
0.7181
0.7185
0.7158
0.9277
0.9271
0.8888
0.8029
0.685
0.7298
0.796
0.7863
0.9033
0.8135
0.7794
0.7356
0.7756
0.7119
0.7598
0.7854
0.8194
0.8273
0.8108
0.9145
0.7752
0.8046
0.8117
0.8098
0.8538
0.8794
0.9292
0.9192
0.9267
0.8585
0.8952
0.9808
0.8567
0.8271
0.8638
0.8269
0.8125
0.8496
0.7954
0.8463
0.8767
0.7473
0.8027
0.7529
0.849
0.7767
0.7846
0.7956
0.8206
0.8552
0.859
0.7496
0.6692
0.7417
0.7879
0.955
0.881
0.87
0.8675
0.8771
0.8952
0.8492
0.8421
0.954
0.9823
0.9819
0.8935
0.8956
0.8304
0.8421
0.8454
0.8563
0.8727
0.867
-99
-99
-99
-99
-99
-99
-99
-99
-99
-99
-99
-99
-99
-99
-99
-99
-99
-99
-99
-99
-99
-99
-99
-99
-99
-99
-99
-99
-99
0.71
0.7965
0.7702
0.7738
0.7965
0.8354
0.851
0.8533
0.8408
0.8188
0.819
0.8152
0.8285
0.8729
0.8406
0.8392
0.805
0.7958
0.8717
0.9671
0.7008
0.459
0.841
0.6592
0.6692
0.7263
0.6833
0.6523
0.7171
0.8263
0.7748
0.7581
0.7254
0.7694
0.7913
0.7358
0.9108
0.7244
0.7569
0.804
0.8079
0.7381
0.7629
0.6044
0.5427
0.8106
0.7898
0.7844
0.7869
0.835
0.8183
0.7463
0.7567
0.8129
0.565
0.6181
0.7319
0.754
0.766
0.7888
0.6873
0.6369
0.7458
0.9288
0.4815
0.4738
0.2896
0.3617
0.5838
0.6142
0.6071
0.6427
0.6994
0.5669
0.5819
0.7338
0.8085
0.4604
0.3529
0.5648
0.5552
0.5669
0.7583
0.7465
0.8325
0.6529
0.6527
0.8106
0.9167
0.7425
0.8867
0.6075
0.7515
0.7231
0.7756
0.7535
0.8013
0.8113
0.7677
0.8323
0.8956
0.8333
0.61
0.6321
0.6865
0.6765
0.7661
0.7188
0.7094
0.6556
0.5985
0.6675
0.5888
0.5542
0.7304
0.7942
0.7406
0.8417
0.9552
0.7542
0.7771
0.6694
0.4646
0.4581
0.4652
0.5113
0.5067
0.5538
0.5273
0.5377
0.5381
0.7415
0.604
0.5971
0.5138
0.5354
0.8715
0.7146
0.6788
0.7065
0.7706
0.6692
0.7788
0.8488
0.7277
0.5965
0.6077
0.6694
0.71
0.5604
0.4502
0.5431
0.7475
0.8213
0.7104
0.7829
0.7733
0.8317
0.7344
0.7071
0.7294
0.6583
0.7492
0.6927
0.68
0.8904
0.754
0.6488
0.6169
0.5711
0.5654
0.61
0.591
0.616
0.5633
0.6192
0.6221
0.6281
0.5729
0.7119
0.639
0.6075
0.5102
0.5245
0.5467
0.5383
0.57
0.5983
0.4469
0.6235
0.6054
0.596
0.6035
0.5221
0.4883
0.5567
0.6048
0.5723
0.6298
0.88
0.839
0.7263
0.6538
0.6615
0.6383
0.6458
0.6725
0.7767
0.6015
0.5771
0.5808
0.639
0.6467
0.6269
0.6079
0.8579
0.9302
0.7625
0.6744
0.6869
0.6813
0.75
0.7965
0.7296
0.6723
0.6575
0.6615
0.68
0.6923
0.6415
0.6425
0.8233
0.8573
0.7865
0.7527
0.6969
0.6592
0.5927
0.6627
0.5452
0.436
0.5813
0.6323
0.6573
0.535
0.544
0.4904
0.5221
0.669
0.6621
0.6108
0.6129
0.6558
0.6835
0.826
0.7458
0.6875
0.8692
0.7698
0.7569
0.7446
0.8013
0.8492
0.8881
0.8181
0.7367
0.579
0.5602
0.6156
0.8025
0.8358
0.8092
0.7706
0.9671
0.8679
0.8933
0.8452
0.7702
0.8735
0.7183
0.8067
0.7358
0.7917
0.7919
0.8052
0.7867
0.7946
0.8485
0.7969
0.7792
0.5802
0.7183
0.6983
0.7113
0.7479
0.8267
0.769
0.7579
0.7623
0.6563
0.4227
0.3765
0.6173
0.7248
0.7342
0.7817
0.8271
0.6577
0.6025
0.6771
0.6567
0.5758
0.5615
0.5675
0.735
0.5606
0.3285
0.1904
0.4235
0.4315
0.5579
0.9713
0.9358
0.926
0.959
0.8854
0.6281
0.4727
0.3796
0.7783
0.8254
0.809
0.8056
0.851
0.7958
0.7779
0.8629
0.8225
0.9183
0.8463
0.8042
0.824
0.3696
0.4685
0.6375
0.7131
0.7196
0.8019
0.7346
0.7421
0.8067
0.7785
0.8538
0.8879
0.865
0.8481
0.8194
0.7717
0.7388
0.731
0.7046
0.6092
0.6106
0.6447
0.7953
1
0.896
0.9077
0.917
0.9115
0.9194
0.893
0.8983
0.9771
0.9189
0.8602
0.9506
0.89
0.8464
0.837
0.8645
0.8836
0.85
0.7898
0.6696
0.6706
0.8455
0.7755
0.6855
0.7466
0.6634
0.6798
0.6891
0.7751
0.7464
0.6598
0.7985
0.8019
0.7806
0.7681
0.753
0.7604
0.7419
0.7028
0.7228
0.6947
0.72
0.7328
0.7643
0.7464
0.7587
0.7985
0.8819
0.7915
0.757
0.8011
0.7687
0.7096
0.9062
0.8121
0.8002
0.8832
0.8043
0.8785
0.6632
0.6377
0.7685
0.6768
0.3443
0.3111
0.5089
0.8094
0.8343
0.7028
0.6883
0.644
0.6304
0.6381
0.6209
0.6266
0.8057
0.6858
0.3377
0.564
0.6183
0.3683
0.6977
0.6115
0.7885
0.9089
0.6821
0.6094
0.7583
0.7396
0.3428
0.4249
0.4138
0.5374
0.6334
0.4453
0.7226
0.8972
0.9279
0.9145
0.6262
0.7411
0.7506
0.6321
0.5689
0.6296
0.8855
0.9555
0.89
0.9787
0.8304
0.6715
0.683
0.5577
0.5468
0.5581
0.6126
0.6562
0.5945
0.573
0.564
0.547
0.5189
0.5196
0.7102
0.6711
0.6268
0.5526
0.9004
0.8734
0.7255
0.8189
0.6921
0.944
0.7764
0.93
0.7679
0.8017
0.7451
0.5764
0.5991
0.8115
0.9026
0.7804
0.9362
0.8421
0.9128
0.8521
0.7379
0.7574
0.8477
0.8334
0.8604
0.7562
0.793
0.8323
0.6179
0.5017
0.5345
0.7987
0.8921
0.8204
0.5745
0.6594
0.6689
0.7147
0.8164
0.8055
0.6954
0.6
0.5928
0.5689
0.5447
0.544
0.5745
0.5966
0.6109
0.6691
0.6002
0.6079
0.7432
0.5943
0.6228
0.6272
0.5811
0.5796
0.5728
0.5557
0.607
0.607
0.5817
0.5668
0.8209
0.737
0.6391
0.63
0.6794
0.7034
0.6655
0.6117
0.6311
0.5977
0.5221
0.574
0.5543
0.5989
0.5628
0.5883
0.577
0.6613
0.5334
0.4738
0.6153
0.6351
0.5681
0.533
0.5398
0.5585
0.5662
0.5268
0.5811
0.53
0.6313
0.6394
0.5585
0.8555
0.5772
0.6566
0.6474
0.6017
0.6
0.6287
0.6391
0.5753
0.7825
0.5555
0.56
0.6291
0.8085
0.6972
0.6346
0.6049
0.654
0.6743
0.6751
0.6555
0.6538
0.6283
0.8849
0.7334
0.713
0.8132
0.697
0.784
0.7551
0.6406
0.5736
0.6353
0.667
0.7285
0.79
0.8428
0.7702
0.7521
0.7809
0.8864
0.83
0.7598
0.7562
0.6991
0.7181
0.7413
0.7479
0.7485
0.7453
0.5268
0.547
0.6751
0.6704
0.6515
0.6391
0.5749
0.6736
0.7255
0.91
0.8243
0.7823
0.7696
0.7736
0.7781
0.9034
0.8174
0.7957
0.7866
0.5979
0.7096
0.7551
0.767
0.7772
0.7581
0.7985
0.6457
0.9128
0.9334
0.8455
0.9063
0.88
0.8049
0.7789
0.8279
0.8445
0.8236
0.8179
0.8132
0.8583
0.8963
0.5506
0.3335
0.6319
0.6377
0.6275
0.8546
0.7342
0.7896
0.7675
0.635
0.6885
0.8442
0.4415
0.5363
0.7471
0.7404
0.909
0.8556
0.8556
0.739
0.7902
0.8342
0.8469
0.8498
0.8379
0.8592
0.8635
0.3319
0.4883
0.7479
0.8958
0.9177
0.7119
0.7342
0.6133
0.4423
0.5575
0.796
0.7204
0.7319
0.7281
0.7979
0.6979
0.906
0.9333
0.8752
0.9477
0.9381
0.9096
0.8792
0.9302
0.8673
0.8233
0.8031
0.7408
0.5673
0.711
0.8517
0.9179
0.8517
0.8217
0.7925
0.744
0.7663
0.8021
0.8173
0.7821
0.9473
0.8338
0.7985
0.8504
0.9058
0.8083
0.8981
0.8515
0.6377
0.7067
0.7688
0.7925
0.9275
0.9258
0.9021
0.8267
0.7885
0.9258
0.9429
0.724
0.6269
0.7963
0.7252
0.935
0.5792
0.6452
0.6398
0.7629
0.721
0.6529
0.5419
0.5463
0.7338
0.584
0.6363
0.486
0.7
0.7596
0.7202
0.6415
0.586
0.8606
0.8881
0.87
0.8625
0.7983
0.3869
0.3354
0.576
0.7056
0.705
0.5248
0.6013
0.6429
0.6181
0.6321
0.5583
0.6313
0.6506
0.5625
0.3548
0.5075
0.4575
0.4981
0.4588
0.4746
0.5425
0.576
0.741
0.5698
0.496
0.6748
0.5652
0.7775
0.8098
0.7292
0.6717
0.6419
0.8206
0.7192
0.6821
0.7788
0.791
0.594
0.6792
0.5838
0.7583
0.8483
0.7779
0.6942
0.6331
0.6198
0.5163
0.4038
0.495
0.4656
0.67
0.9063
0.6667
0.6285
0.6585
0.7508
0.5402
0.4702
0.5192
0.5063
0.4188
0.5458
0.6315
0.6146
0.6113
0.7235
0.6983
0.6138
0.9081
0.6892
0.5404
0.6179
0.6494
0.6631
0.6173
0.5806
0.6404
0.6723
0.7
0.5896
0.6483
0.5388
0.471
0.4983
0.566
0.6654
0.7906
0.5942
0.5506
0.5833
0.6158
0.8088
0.7796
0.6898
0.7577
0.67
0.6206
0.6221
0.6183
0.5546
0.6006
0.674
0.7763
0.6258
0.569
0.6481
0.4894
0.3865
0.4865
0.5552
0.6029
0.6656
0.6254
0.62
0.5933
0.601
0.7221
0.6829
0.5935
0.6071
0.6375
0.7135
0.859
0.7504
0.6479
0.66
0.6515
0.6552
0.5992
0.5471
0.6231
0.5958
0.5938
0.5342
0.4729
0.5938
0.6025
0.5888
0.5985
0.5246
0.5358
0.5529
0.551
0.5271
0.5506
0.5042
0.5127
0.51
0.6521
0.6496
0.6919
0.6725
0.6092
0.5688
0.7417
0.7448
0.7431
0.6769
0.6769
0.7188
0.6992
0.7769
0.6827
0.6244
0.6044
0.5835
0.5504
0.5563
0.5946
0.6504
0.6342
0.6152
0.8392
0.7008
0.6421
0.6483
0.644
0.6031
0.619
0.7285
0.7981
0.6756
0.6579
0.6556
0.639
0.6706
0.6544
0.6592
0.5913
0.6673
0.804
0.7933
0.7773
0.8031
0.7485
0.7221
0.8825
0.8169
0.7358
0.6473
0.7121
0.7025
0.7069
0.6842
0.7206
0.7888
0.7444
0.7096
0.771
0.7873
0.7102
0.7115
0.7254
0.7083
0.7083
0.8267
0.8242
0.7888
0.7319
0.724
0.5692
0.5698
0.5481
0.489
0.58
0.5985
0.6067
0.6629
0.7923
0.8567
0.8465
0.7744
0.8069
0.8294
0.8169
0.7858
0.7888
0.7863
0.7608
0.7929
0.8213
0.7263
0.8004
0.8719
0.8356
0.7948
0.7906
0.9192
0.6083
0.7398
0.849
0.8423
0.8596
0.8358
0.8667
0.8106
0.8048
0.7948
0.7929
0.7698
0.7967
0.854
0.8402
0.8135
0.7817
0.8279
0.9202
0.8917
0.9673
0.9265
0.7869
0.8621
0.8754
0.8213
0.8567
0.8877
0.9421
0.9067
0.8865
0.8935
0.8751
0.8623
0.8223
0.7717
0.806
0.789
0.8094
0.701
0.5042
0.599
0.8933
0.9906
0.9963
0.9994
0.949
0.9867
0.9144
0.9673
0.996
0.9098
0.951
0.8688
0.8721
0.9321
0.9154
0.9371
0.8527
0.7865
0.3123
0.2675
0.5225
0.7348
0.8815
0.9331
0.9738
0.8444
0.8185
0.8877
0.8871
0.9423
0.876
0.8019
0.7879
0.8221
0.8419
0.8338
0.81
0.575
0.704
0.7104
0.6777
0.7321
0.6256
0.6685
0.6617
0.8085
0.8048
0.8148
0.736
0.8415
0.6908
0.3567
0.4431
0.436
0.68
0.7335
0.6823
0.8865
0.9648
0.8473
0.5765
0.6633
0.9094
0.959
0.9173
0.7992
0.969
0.7519
0.9471
0.781
0.8177
0.6927
0.9479
0.7919
0.579
0.575
0.7225
0.7406
0.4338
0.5225
0.6798
0.7058
0.6869
0.5421
0.4683
0.5838
0.5879
0.57
0.724
0.7694
0.8692
0.8392
0.731
0.7248
0.8973
0.7223
0.731
0.6571
0.7221
0.6752
0.7171
0.6854
0.6417
0.7981
0.6158
0.5844
0.5481
0.7802
0.456
0.5865
0.6296
0.5806
0.86
0.8069
0.8219
0.8219
0.7488
0.6946
0.6973
0.7881
0.6742
0.6429
0.7083
0.8463
0.756
0.74
0.8038
0.6552
0.6117
0.6546
0.7244
0.866
0.8363
0.6583
0.4081
0.5275
0.5329
0.6515
0.7196
0.9502
0.8383
0.7415
0.8769
0.9077
0.7
0.6006
0.5117
0.569
0.5329
0.471
0.4748
0.609
0.6344
0.7506
0.656
0.6463
0.6229
0.6456
0.8665
0.7483
0.6494
0.6054
0.5517
0.5213
0.6171
0.6542
0.6419
0.8863
0.784
0.72
0.9496
0.825
0.92
0.7842
0.8631
0.935
0.7671
0.786
0.7385
0.7785
0.6317
0.4767
0.4925
0.624
0.6794
0.6706
0.7104
0.8392
0.8213
0.8496
0.7677
0.6869
0.6696
0.6448
0.8031
0.7913
0.691
0.6865
0.6992
0.7023
0.6913
0.6925
0.7171
0.6265
0.6185
0.6244
0.6246
0.604
0.6665
0.675
0.7696
0.8227
0.7621
0.8852
0.7475
0.7192
0.5604
0.5598
0.6733
0.6996
0.7402
0.7106
0.7194
0.7365
0.8406
0.6894
0.6804
0.5308
0.6333
0.6585
0.6563
0.714
0.6615
0.6123
0.7979
0.6892
0.739
0.7052
0.666
0.6963
0.7954
0.8458
0.7652
0.739
0.6927
0.6435
0.669
0.6954
0.6498
0.5971
0.6154
0.665
0.6719
0.655
0.7015
0.88
0.8027
0.7842
0.7456
0.7583
0.8633
0.7258
0.6708
0.7192
0.7475
0.7815
0.7623
0.71
0.7665
0.9029
0.9088
0.8727
0.7929
0.8152
0.8954
0.8285
0.8519
0.7492
0.6221
0.684
0.7446
0.7667
0.7715
0.7733
0.8033
0.7815
0.77
0.8181
0.8173
0.7752
0.7827
0.8217
0.8165
0.9573
0.8915
0.889
0.8392
0.851
0.8358
0.7042
0.5088
0.3965
0.5896
0.7608
0.8121
0.8121
0.8277
0.8071
0.5002
0.185
0.5715
0.7217
0.7717
0.8969
0.9542
0.856
0.6388
0.7829
0.8158
0.86
0.8663
0.8198
0.9098
0.9244
0.88
0.8033
0.8379
0.8815
0.8027
0.91
0.7025
0.7902
0.8519
0.8642
0.9488
0.9083
0.7942
0.8252
0.7929
0.7969
0.706
0.7463
0.7596
0.7067
0.9292
0.9167
0.8344
0.7954
0.7946
0.9235
0.9996
0.9956
0.9715
0.926
0.826
0.8735
0.8473
0.8415
0.6623
0.2567
0.4525
0.7835
0.7971
0.8152
0.8392
0.9688
0.9998
0.9215
0.3808
0.3931
0.3383
0.6406
0.7306
0.7494
0.8425
0.8385
0.865
0.8171
0.8127
0.8038
0.8571
0.9625
0.9942
0.9558
0.9767
0.9219
0.9023
0.9198
0.8871
0.8488
0.8354
0.8302
0.8288
0.8196
0.9113
0.5629
0.3375
0.2925
0.6325
0.709
0.7127
0.7396
0.7469
0.8902
0.926
0.839
0.7444
0.5652
0.1894
0.3444
0.6729
0.6731
0.675
0.7179
0.7188
0.7056
0.7008
0.7148
0.7463
0.839
0.9338
0.8552
0.8317
0.8302
0.6979
0.85
0.7833
0.8233
0.7102
0.6979
0.6356
0.6173
0.4725
0.4385
0.4938
0.3446
0.4404
0.7788
0.7892
0.7321
0.6958
0.6404
0.719
0.7296
0.7271
0.6702
0.9673
0.8448
0.9129
0.9425
0.8783
0.6071
0.5477
0.5498
0.6588
0.646
0.8317
0.6988
0.6765
0.7256
0.7792
0.8181
0.7644
0.8383
0.7533
0.7213
0.704
0.6538
0.7302
0.779
0.7129
0.6935
0.6883
0.6415
0.571
0.5696
0.5594
0.5235
0.5969
0.6906
0.6371
0.6048
0.5973
0.6013
0.6325
0.7283
0.6748
0.8229
0.9344
0.8533
0.6813
0.4996
0.5346
0.8633
0.744
0.7781
0.8131
0.8523
0.8308
0.7098
0.781
0.7325
0.8994
0.7725
0.7102
0.6854
0.7781
0.851
0.8075
0.6654
0.4002
0.6544
0.6538
0.8088
0.679
0.7269
0.6513
0.6548
0.649
0.6767
0.6569
0.6715
0.7654
0.6746
0.7019
0.8117
0.6142
0.3567
0.5258
0.811
0.8973
0.8052
0.8306
0.931
0.7833
0.7421
0.8856
0.7606
0.7225
0.8519
0.7427
0.7413
0.7283
0.7879
0.61
0.6496
0.6567
0.6227
0.6388
0.7685
0.6881
0.6502
0.6365
0.6288
0.6165
0.6529
0.6823
0.6413
0.6056
0.7163
0.8321
0.7029
0.6406
0.6563
0.5775
0.6302
0.6404
0.6475
0.6942
0.601
0.7367
0.7052
0.6592
0.6863
0.6485
0.6254
0.6485
0.6838
0.6915
0.661
0.6071
0.7152
0.8296
0.7867
0.6898
0.6975
0.7129
0.6488
0.6935
0.6506
0.6833
0.656
0.7906
0.7781
0.7806
0.6615
0.6669
0.6642
0.6577
0.6508
0.7408
0.7694
0.7215
0.7071
0.68
0.7123
0.6535
0.631
0.5725
0.6015
0.6135
0.6829
0.7396
0.7919
0.6888
0.6806
0.6652
0.7092
0.7102
0.7038
0.6829
0.805
0.7419
0.6885
0.7098
0.6754
0.679
0.6479
0.6333
0.6969
0.6875
0.6573
0.706
0.7071
0.6865
0.6933
0.7406
0.6358
0.6652
0.6933
0.7331
0.7875
0.9283
0.819
0.791
0.7796
0.8021
0.7646
0.7492
0.716
0.7129
0.7233
0.6994
0.6854
0.7031
0.635
0.5852
0.6342
0.7175
0.6994
0.644
0.6527
0.7421
0.776
0.7621
0.7667
0.7665
0.7873
0.6483
0.7094
0.7475
0.795
0.9465
0.8167
0.7904
0.9806
0.9567
0.9206
0.8954
0.845
0.9615
0.9125
0.9515
0.9808
0.8648
0.6842
0.8942
0.8538
0.87
0.9121
0.8925
0.8423
0.8802
0.8581
0.9694
0.8958
0.9208
0.8546
0.8219
0.931
0.9033
0.9331
0.6734
0.8063
0.83
0.8146
0.8219
0.8304
0.8419
0.8348
0.8431
0.8873
0.8456
0.846
0.8727
0.8546
0.8675
0.8575
0.8481
0.8673
0.8829
0.8763
0.8771
0.7954
0.8496
0.8813
0.7896
0.659
0.7073
0.7998
0.6223
0.7735
0.7763
0.425
0.6335
0.731
0.8265
0.8292
0.4621
0.7181
0.7944
0.846
0.8508
0.8065
0.7558
0.6783
0.3602
0.544
0.5908
0.6408
0.7625
0.7313
0.7442
0.7375
0.7079
0.7688
0.8129
0.7769
0.761
0.7038
0.6208
0.5815
0.7288
0.6775
0.5608
0.6575
0.7233
0.8085
0.7492
0.5363
0.2896
0.5992
0.6098
0.595
0.3702
0.2719
0.4458
0.3258
0.2267
0.24
0.3771
0.1171
0.171
0.2488
0.2558
0.4838
0.409
0.4329
0.6558
0.7021
0.6098
0.2681
0.399
0.4163
0.359
0.5013
0.5565
0.3508
0.5421
0.654
0.6444
0.5927
0.5217
0.5988
0.6906
0.2929
0.3463
0.4269
0.3475
0.3627
0.4788
0.4406
0.52
0.5571
0.5338
0.5477
0.5098
0.5552
0.5894
0.4973
0.444
0.8848
0.925
0.7702
0.6858
0.6613
0.7008
0.6617
0.6106
0.5804
0.5113
0.5615
0.6479
0.7525
0.8696
0.9165
0.919
0.8867
0.7642
0.5977
0.6896
0.8344
0.7271
0.8031
0.6215
0.751
0.6377
0.3283
0.4288
0.694
0.71
0.6579
0.8096
0.7208
0.7567
0.6508
0.5973
0.5875
0.5715
0.6633
0.7998
0.9148
0.7288
0.7519
0.6338
0.8379
0.7298
0.74
0.6571
0.7642
0.719
0.6556
0.675
0.64
0.6579
0.6108
0.5763
0.59
0.6577
0.7356
0.7627
0.8877
0.8013
0.684
0.5865
0.6642
0.7273
0.6938
0.6679
0.77
0.7802
0.6554
0.6931
0.6935
0.6502
0.8819
0.7394
0.6948
0.6846
0.7138
0.6927
0.6533
0.771
0.7485
0.7644
0.6762
0.6468
0.6258
0.5583
0.6094
0.9052
0.979
0.7727
0.6817
0.6833
0.7165
0.6923
0.6842
0.6842
0.6725
0.6346
0.5783
0.5606
0.5958
0.6446
0.5752
0.596
0.8363
0.8256
0.7338
0.6721
0.6467
0.6033
0.6227
0.6106
0.5929
0.581
0.5538
0.6038
0.4973
0.4717
0.4831
0.5169
0.5938
0.449
0.4646
0.5458
0.6013
0.5596
0.7723
0.6883
0.6619
0.6806
0.6494
0.5229
0.5683
0.664
0.651
0.8296
0.7298
0.6713
0.6165
0.5888
0.5554
0.5252
0.5883
0.6179
0.5992
0.5646
0.5829
0.5588
0.5044
0.5077
0.5302
0.4973
0.4933
0.566
0.529
0.549
0.5496
0.5502
0.6896
0.6885
0.8146
0.505
0.4021
0.4333
0.4758
0.6042
0.6279
0.6456
0.6388
0.7821
0.7477
0.7879
0.7504
0.6496
0.4906
0.3933
0.565
0.6281
0.6713
0.8329
0.7735
0.7475
0.7752
0.7488
0.6875
0.744
0.7523
0.9235
0.7915
0.8883
0.7571
0.6931
0.78
0.7685
0.7567
0.7671
0.7554
0.7092
0.7177
0.7794
0.77
0.7685
0.9244
0.9056
0.8465
0.8558
0.8354
0.796
0.8138
0.9556
0.8994
0.8763
0.9327
0.8542
0.8483
0.8494
0.9802
0.9748
0.6356
0.3688
0.6454
0.7694
0.86
0.8381
0.8775
0.8494
0.9696
0.8685
0.6973
0.7208
0.7881
0.9744
0.9342
0.8633
0.8342
0.7865
0.9007
0.9065
0.8842
0.9385
0.9371
0.9035
0.854
0.8944
0.9225
0.8771
0.8879
0.9238
0.9921
0.8913
0.4481
0.4006
0.4673
0.5513
0.4252
0.8049
0.749
0.8694
0.8069
0.8048
0.4783
0.6088
0.724
0.7723
0.7644
0.8415
0.9708
0.895
0.8842
0.9254
0.8781
0.8875
0.936
0.8971
0.8606
0.8798
0.8538
0.8492
0.6819
0.8029
0.8471
0.809
0.7817
0.8125
0.8419
0.6271
0.6302
0.7046
0.6527
0.6435
0.7379
0.769
0.7569
0.8098
0.7288
0.7933
0.9183
0.6406
0.8817
0.879
0.5744
0.8565
0.98
0.8894
0.8327
0.825
0.7632
0.7694
0.4583
0.6788
0.7529
0.5588
0.7617
0.7756
0.8052
0.864
0.8194
0.5006
0.7575
0.7238
0.7217
0.7163
0.6777
0.5571
0.7885
0.8252
0.6304
0.5675
0.6752
0.7273
0.7635
0.7771
0.7906
0.8117
0.7331
0.7694
0.6246
0.3598
0.3706
0.439
0.5692
0.6396
0.6656
0.5277
0.5285
0.6394
0.6575
0.9458
0.9177
0.899
0.7494
0.8067
0.7963
0.7847
0.7771
0.5996
0.4227
0.3756
0.6948
0.9504
0.7419
0.711
0.6135
0.5983
0.611
0.7706
0.6702
0.6998
0.7565
0.8923
0.7913
0.8538
0.6483
0.6654
0.7763
0.7038
0.6125
0.8281
0.8465
0.5538
0.6115
0.6619
0.6329
0.6698
0.7567
0.6869
0.5929
0.5073
0.554
0.6229
0.6088
0.6202
0.6896
0.3606
0.5013
0.475
0.5733
0.5644
0.7746
0.916
0.7821
0.815
0.9283
0.7813
0.7088
0.7171
0.6525
0.6296
0.6023
0.6177
0.6508
0.7958
0.916
0.7592
0.676
0.6835
0.6898
0.8475
0.944
0.761
0.8081
0.8275
0.7858
0.8181
0.6767
0.6227
0.4252
0.4888
0.5367
0.5069
0.8348
0.8304
0.7625
0.6842
0.6531
0.479
0.4904
0.5698
0.6729
0.7277
0.7913
0.7006
0.8344
0.8773
0.7004
0.6877
0.6776
0.6773
0.7117
0.6658
0.5958
0.6988
0.9538
0.8435
0.8096
0.8419
0.7667
0.676
0.6608
0.6517
0.6296
0.5933
0.5704
0.5994
0.6377
0.7592
0.7367
0.7202
0.5471
0.5854
0.6583
0.6731
0.7077
0.7283
0.8277
0.8268
0.7421
0.7983
0.8342
0.7383
0.8392
0.8029
0.8565
0.7927
0.695
0.7827
0.7375
0.7592
0.7477
0.7015
0.6304
0.7213
0.7621
0.6713
0.6983
0.6873
0.671
0.6542
0.82
0.7123
0.6604
0.7198
0.8238
0.6752
0.7071
0.7
0.7208
0.7198
0.8315
0.7744
0.7656
0.824
0.7879
0.8081
0.77
0.749
0.7396
0.7023
0.7485
0.774
0.7442
0.7425
0.7946
0.7588
0.7492
0.7248
0.6669
0.6806
0.7108
0.7179
0.7054
0.7052
0.7175
0.9585
0.9017
0.7771
0.88
0.789
0.7721
0.7719
0.7746
0.7927
0.7823
0.7606
0.7919
0.745
0.7402
0.7106
0.7379
0.7767
0.7858
0.7671
0.7342
0.7031
0.7873
0.8079
0.8192
0.7915
0.7875
0.9294
0.9548
0.8271
0.719
0.7867
0.8173
0.8098
0.6863
0.7204
0.7633
0.7479
0.7867
0.8708
0.8323
0.7917
0.8383
0.824
0.8783
0.849
0.8721
0.8529
0.8383
0.8783
0.8402
0.8302
0.7785
0.6756
0.5888
0.6944
0.7335
0.7873
0.7973
0.905
0.84
0.8475
0.8548
0.8488
0.76
0.7924
0.5067
0.5538
0.639
0.4767
0.7063
0.7469
0.9283
0.8919
0.5219
0.4958
0.7452
0.6117
0.3948
0.3965
0.3513
0.4223
0.5865
0.6877
0.7354
0.7502
0.5996
0.6752
0.7435
0.8004
0.7423
0.6785
0.7092
0.7727
0.7915
0.7485
0.7721
0.7908
0.7644
0.736
0.7569
0.7163
0.769
0.8269
0.9467
0.3969
0.6944
0.7508
0.7906
0.9506
0.9415
0.8958
0.879
0.9048
0.8681
0.831
0.84
0.8781
0.9371
0.944
0.9419
0.8675
0.8896
0.8804
0.8906
0.8477
0.839
0.7652
0.8065
0.9523
0.8906
0.8374
0.9291
0.9
0.9642
0.9548
0.8356
0.7963
0.9196
0.781
0.7229
0.6204
0.7254
0.7783
0.8215
0.8831
0.7342
0.7563
0.8927
0.7106
0.7827
0.7946
0.9052
0.8796
0.8452
0.9435
0.9029
0.8371
0.8054
0.7444
0.7688
0.87
-99
-99
0.6653
0.6517
0.5785
0.7113
0.7585
0.704
0.711
0.6856
0.7571
0.7998
0.7744
0.825
0.7919
0.725
0.7094
0.8356
0.7121
0.5267
0.6483
0.6219
0.6173
0.5729
0.5975
0.6248
0.6719
0.5671
0.4163
0.3604
0.5471
0.6071
0.6583
0.7321
0.8117
0.7515
0.6033
0.6821
0.736
0.5579
0.476
0.5881
0.5567
0.8804
0.795
0.6965
0.8298
0.9542
0.4981
0.5729
0.6031
0.6275
0.6525
0.6863
0.6479
0.72
0.7919
0.6746
0.6748
0.6571
0.5969
0.5358
0.4892
0.5785
0.924
0.8352
0.8325
0.7304
0.8804
0.6306
0.6852
0.4917
0.6052
0.6756
0.5644
0.5985
0.4415
0.3473
0.4677
0.6023
0.6423
0.6569
0.6671
0.6481
0.6288
0.6779
0.6421
0.504
0.498
0.4431
0.4158
0.5244
0.6175
0.7415
0.641
0.8085
0.694
0.8113
0.8225
0.8154
0.866
0.7325
0.8613
0.8308
0.7702
0.6375
0.5413
0.6506
0.6742
0.664
0.7265
0.6821
0.6081
0.5377
0.6023
0.5215
0.5263
0.7396
0.7063
0.5609
0.3981
0.4965
0.5756
0.6852
0.7106
0.6579
0.6363
0.6256
0.7708
0.8729
0.734
0.8444
0.7496
0.7098
0.5956
0.6167
0.7463
0.7702
0.9358
0.8177
0.7198
0.6885
0.8417
0.7325
0.576
0.5567
0.5946
0.6069
0.6794
0.6483
0.6946
0.7998
0.7073
0.6152
0.7383
0.6717
0.575
0.5994
0.6431
0.6317
0.8152
0.7294
0.7152
0.8796
0.5608
0.6265
0.6625
0.8156
0.8769
0.7596
0.7573
0.7667
0.7385
0.7852
0.7465
0.8035
0.7198
0.7735
0.7917
0.696
0.7208
0.6975
0.6821
0.7185
0.7146
0.8044
0.9402
0.8213
0.8921
0.8104
0.7719
0.7583
0.7506
0.7544
0.7498
0.8
0.861
0.8192
0.7206
0.7329
0.7896
0.8352
0.851
0.8206
0.7988
0.7917
0.8294
0.7754
0.7971
0.765
0.7804
0.8246
0.8352
0.7742
0.8681
0.8417
0.8323
0.8254
0.8433
0.9063
0.841
0.8467
0.7908
0.7856
0.8058
0.9079
0.8525
0.9104
0.8292
0.8269
0.8117
0.8119
0.8202
0.8485
0.8385
0.8198
0.8633
0.9304
0.8292
0.889
0.8848
0.8823
0.856
0.8608
0.8406
0.8129
0.804
0.7898
0.7744
0.3992
0.5392
0.6544
0.8475
0.8146
0.8354
0.841
0.8367
0.8179
0.805
0.8263
0.8288
0.8829
0.8794
0.7608
0.8113
0.8042
0.8592
0.9425
0.8953
0.9206
0.8669
0.8279
0.9615
0.846
0.8866
0.8829
0.8731
0.8546
0.8538
0.8656
0.8788
0.9038
0.9057
0.9754
0.9379
0.8658
0.8027
0.9815
0.9746
0.6308
0.7346
0.8277
0.9367
0.8291
0.5988
0.3931
0.7013
0.5854
0.7063
0.8183
0.8358
0.825
0.8152
0.8981
0.7608
0.7592
0.81
0.8902
0.8592
0.8535
0.8302
0.8275
0.7956
0.8121
0.7542
0.8358
0.5508
0.2077
0.4408
0.4719
0.5702
0.7248
0.7729
0.6325
0.659
0.7538
0.7931
0.8002
0.771
0.7983
0.6194
0.6185
0.7081
0.8146
0.8031
0.9325
0.8488
0.7929
0.8075
0.8233
0.7881
0.7275
0.3481
0.3888
0.161
0.4156
0.5171
0.5813
0.7604
0.9352
0.7919
0.835
0.8006
0.7371
0.4083
0.2388
0.3931
0.6729
0.5325
0.6319
0.6533
0.6938
0.7865
0.75
0.7271
0.7865
0.544
0.4569
0.616
0.715
0.6975
0.7985
0.6685
0.7071
0.7717
0.9
0.6702
0.58
0.6404
0.7417
0.7781
0.7615
0.6794
0.21
0.4283
0.4588
0.4198
0.4667
0.524
0.5935
0.6327
0.6833
0.4606
0.6017
0.6817
0.619
0.6681
0.5738
0.5971
0.8631
0.8927
0.8971
0.886
0.4038
0.4531
0.5377
0.5015
0.5569
0.594
0.5373
0.3275
0.4713
0.5327
0.5454
0.4781
0.5908
0.584
0.4735
0.4681
0.4858
0.6294
0.616
0.5719
0.5325
0.495
0.849
0.8152
0.7429
0.755
0.6769
0.6544
0.6477
0.634
0.5865
0.7425
0.9346
0.6994
0.4783
0.8417
0.7254
0.7242
0.7825
0.7408
0.7796
0.6888
0.5931
0.595
0.6385
0.6058
0.6069
0.5419
0.5311
0.5556
0.4719
0.3738
0.3521
0.51
0.6015
0.9081
0.5871
0.4642
0.4417
0.4538
0.5235
0.5448
0.4617
0.429
0.5675
0.6838
0.6883
0.7229
0.7094
0.6325
0.7275
0.6004
0.5685
0.5952
0.6813
0.7056
0.7394
0.9394
0.83
0.7125
0.8277
0.7535
0.8298
0.7077
0.5383
0.5738
0.5242
0.5381
0.6004
0.6767
0.855
0.7306
0.71
0.6602
0.6333
0.6371
0.635
0.6223
0.5617
0.681
0.5596
0.5294
0.5844
0.5548
0.5442
0.574
0.6042
0.5744
0.6092
0.6527
0.6242
0.5773
0.5694
0.5033
0.5058
0.624
0.6677
0.655
0.8135
0.7883
0.8204
0.726
0.6631
0.6438
0.5867
0.6242
0.6423
0.9188
0.9763
0.8075
0.7423
0.7277
0.7973
0.774
0.6817
0.6802
0.9171
0.7713
0.6977
0.7385
0.7202
0.7644
0.7485
0.8448
0.7483
0.8373
0.8138
0.7494
0.7365
0.7665
0.8785
0.8219
0.709
0.7292
0.7306
0.7342
0.7031
0.6981
0.6919
0.7156
0.7908
0.8106
0.8481
0.9304
0.7998
0.7671
0.7344
0.7567
0.7629
0.9163
0.8281
0.8652
0.8281
0.7694
0.8273
0.841
0.7658
0.7717
0.7765
0.7638
0.7746
0.7579
0.6773
0.6575
0.6483
0.7377
0.861
0.7833
0.8121
0.8288
0.8754
0.8892
0.7652
0.8775
0.9648
0.8221
0.7865
0.7873
0.8044
0.8052
0.8081
0.9252
0.9044
0.7756
0.7394
0.7773
0.7983
0.9365
0.8927
0.745
0.5556
0.6948
0.7779
0.8768
0.6928
0.7965
0.8946
0.845
0.8269
0.8415
0.789
0.7885
0.9221
0.9471
0.8688
0.8465
0.8417
0.8429
0.8506
0.8469
0.8208
0.8077
0.796
0.826
0.8185
0.7806
0.7771
0.7777
0.7846
0.826
0.8248
0.6777
0.521
0.4548
0.6569
0.7446
0.611
0.5725
0.666
0.7048
0.8019
0.8046
0.7646
0.759
0.7877
0.8167
0.8567
0.8967
0.8569
0.8665
0.8467
0.8319
0.8335
0.8494
0.8617
0.885
0.8831
0.884
0.8515
0.86
0.8856
0.9076
0.859
0.8396
0.8475
0.8548
0.8308
0.8123
0.8442
0.9471
0.8938
0.8946
0.9046
0.8833
0.8727
0.9708
0.8748
0.8806
0.8731
0.9119
0.9129
0.9673
0.7779
0.8192
0.7948
0.8888
0.6025
0.496
0.5971
0.7963
0.8088
0.8298
0.8269
0.8346
0.8363
0.8296
0.8315
0.819
0.806
0.8256
0.8271
0.8242
0.8077
0.7506
0.7777
0.6069
0.5571
0.6519
0.689
0.7558
0.7992
0.8935
0.9117
0.8944
0.9554
0.8369
0.7527
0.4533
0.376
0.679
0.7908
0.6825
0.6846
0.6338
0.8727
0.8006
0.7704
0.8069
0.8346
0.9213
0.6704
0.3167
0.3642
0.6242
0.5583
0.7867
0.7692
0.6533
0.6219
0.3594
0.7177
0.4283
0.4331
0.5863
0.5806
0.8138
0.8256
0.7377
0.8035
0.6719
0.9371
0.8356
0.7527
0.5806
0.4352
0.3804
0.5967
0.7048
0.5967
0.7042
0.7344
0.6333
0.5213
0.3963
0.6125
0.6485
0.9492
0.8108
0.6885
0.5785
0.4042
0.6177
0.6935
0.6879
0.7658
0.8127
0.6894
0.6808
0.8002
0.766
0.6865
0.6452
0.6788
0.9123
0.8723
0.8592
0.5644
0.576
0.6185
0.669
0.8571
0.6708
0.5888
0.3071
0.4188
0.5419
0.6215
0.61
0.6748
0.7375
0.8998
0.9756
0.7681
0.8721
0.8433
0.6869
0.5885
0.5717
0.6625
0.7025
0.7173
0.6135
0.6152
0.65
0.7344
0.6052
0.6292
0.6665
0.6454
0.6544
0.6848
0.685
0.7721
0.6033
0.5798
0.635
0.7163
0.8944
0.7369
0.78
0.7317
0.7033
0.6785
0.7604
0.7469
0.7129
0.7121
0.6188
0.6733
0.6704
0.6773
0.7088
0.5119
0.5996
0.6269
0.62
0.6094
0.5969
0.6454
0.6677
0.6483
0.5973
0.7008
0.7827
0.7052
0.6856
0.6431
0.621
0.7827
0.6817
0.6513
0.8042
0.7423
0.6742
0.8558
0.7525
0.57
0.5038
0.5398
0.5819
0.5856
0.5658
0.5304
0.6633
0.6423
0.7854
0.6354
0.6375
0.6577
0.7635
0.7023
0.7088
0.6492
0.5985
0.6467
0.6615
0.6173
0.5963
0.7365
0.6144
0.5594
0.4898
0.5619
0.7023
0.551
0.5592
0.569
0.5763
0.5883
0.5533
0.701
0.6896
0.6488
0.6385
0.7729
0.7327
0.6425
0.6333
0.5763
0.5598
0.58
0.5719
0.5629
0.7715
0.7183
0.664
0.6644
0.7683
0.7988
0.7488
0.6252
0.5952
0.681
0.7223
0.7904
0.7935
0.7181
0.6954
0.7179
0.7473
0.7852
0.685
0.6019
0.5463
0.6802
0.7183
0.7183
0.7165
0.8331
0.8073
0.8031
0.8317
0.8119
0.765
0.7492
0.7381
0.7154
0.8156
0.8029
0.7581
0.7898
0.8665
0.7921
0.7556
0.7185
0.7313
0.7292
0.8777
0.9433
0.9085
0.8073
0.7915
0.8675
0.8204
0.8146
0.7673
0.7892
0.8598
0.9431
0.944
0.9206
0.8754
0.8113
0.8283
0.7904
0.7498
0.7769
0.8198
0.8006
0.7896
0.9521
0.975
0.8392
0.8342
0.7692
0.7794
0.8308
0.8015
0.8063
0.7731
0.6248
0.75
0.7902
0.8308
0.8571
0.8369
0.865
0.9675
0.9113
0.8852
0.8969
0.865
0.9483
0.9354
0.8815
0.8867
0.8848
0.8715
0.8327
0.8085
0.8033
0.8506
0.8692
0.8683
0.8667
0.849
0.8623
0.8623
0.8563
0.8365
0.8246
0.8431
0.8927
0.8967
0.8631
0.8064
0.7842
0.7856
0.8356
0.8506
0.8392
0.8365
0.8294
0.8485
0.8002
0.77
0.7565
0.83
0.8098
0.7515
0.7696
0.7727
0.5027
0.5558
0.6658
0.6125
0.6002
0.7392
0.6327
0.7948
0.6325
0.5319
0.8515
0.76
0.3185
0.6267
0.7254
0.7644
0.7692
0.6713
0.6656
0.3621
0.6279
0.7198
0.9033
0.9238
0.8633
0.8185
0.8454
0.7948
0.9429
0.9669
0.9385
0.8508
0.8192
0.8227
0.38
0.4777
0.6804
0.7873
0.8038
0.7294
0.8856
0.8008
0.806
0.7556
0.7542
0.7967
0.7656
0.7375
0.7131
0.7554
0.554
0.596
0.7263
0.7652
0.9533
-99
0.6088
0.6256
0.7269
0.7413
0.5806
0.4885
0.6894
0.5796
0.4823
0.5396
0.77
0.6246
0.6196
0.6865
0.696
0.6631
0.6292
0.6146
0.6765
0.7321
0.7044
0.7313
0.7298
0.9638
0.7742
0.9231
0.746
0.6988
0.6663
0.7579
0.7104
0.576
0.6175
0.5635
0.4596
0.5027
0.5904
0.62
0.6313
0.6217
0.5873
0.616
0.6275
0.5577
0.579
0.6063
0.6027
0.5033
0.569
0.5794
0.5615
0.5506
0.5444
0.5279
0.7575
0.8246
0.6379
0.5756
0.645
0.8735
0.6696
0.7933
0.7621
0.6821
0.6944
0.6463
0.5706
0.5923
0.6388
0.8027
0.9663
0.7502
0.6665
0.6719
0.6617
0.6615
0.6494
0.9027
0.6958
0.6883
0.6585
0.6985
0.7142
0.6654
0.6406
0.5942
0.6085
0.5915
0.6527
0.7219
0.7898
0.7677
0.7667
0.8575
0.9444
0.7565
0.6942
0.6721
0.6615
0.7181
0.6765
0.646
0.6477
0.6252
0.5988
0.5846
0.636
0.48
0.5388
0.5754
0.7165
0.8056
0.7181
0.6158
0.6123
0.6677
0.866
0.7904
0.7863
0.7075
0.7992
0.6721
0.6229
0.6423
0.6202
0.5706
0.6465
0.5758
0.6154
0.7802
0.789
0.7175
0.6044
0.571
0.62
0.6056
0.5379
0.5723
0.5627
0.6131
0.6348
0.7973
0.6817
0.7679
0.5629
0.5304
0.5906
0.5694
0.5871
0.6098
0.5485
0.4965
0.6363
0.6021
0.5604
0.5688
0.6277
0.8631
0.7833
0.6369
0.8663
0.6304
0.585
0.6394
0.6296
0.6065
0.6615
0.7106
0.639
0.6671
0.6735
0.6363
0.5971
0.571
0.5958
0.6981
0.609
0.6
0.639
0.6435
0.7073
0.7306
0.8546
0.6427
0.4765
0.5946
0.6858
0.6917
0.656
0.6185
0.5875
0.8331
0.6429
0.6313
0.6729
0.6217
0.6594
0.869
0.8279
0.744
0.836
0.6258
0.6433
0.7021
0.8919
0.806
0.7738
0.7454
0.724
0.771
0.7631
0.7735
0.9283
0.8608
0.7781
0.801
0.7694
0.7513
0.5302
0.5865
0.6927
0.6892
0.7131
0.7
0.6756
0.674
0.7044
0.7735
0.7446
0.7081
0.9656
0.9225
0.8477
0.8508
0.8069
0.7258
0.7844
0.7869
0.7781
0.6621
0.6421
0.691
0.7421
0.7531
0.8167
0.8438
0.8108
0.9477
0.7058
0.4158
0.5979
0.67
0.5785
0.5421
0.7529
0.7746
0.3002
0.4469
0.591
0.6854
0.6894
0.7456
0.7008
0.7375
0.7625
0.7535
0.7377
0.7731
0.71
0.5915
0.6985
0.7521
0.7588
0.5302
0.551
0.4523
0.2683
0.6525
0.7406
0.7423
0.7333
0.7417
0.659
0.859
0.9502
0.8173
0.8332
0.8681
0.8725
0.6742
0.6352
0.8215
0.8538
0.8408
0.8038
0.7756
0.8375
0.8567
0.8219
0.9092
0.8985
0.9119
0.9229
0.9048
0.9377
0.8771
0.9288
0.9241
0.9093
0.9377
0.8756
0.9696
0.88
0.8769
0.859
0.8177
0.7863
0.7635
0.8844
0.8396
0.8452
0.73
0.7706
0.7794
0.7754
0.8325
0.8065
0.7375
0.7565
0.8235
0.5273
0.4752
0.7494
0.7819
0.7967
0.7963
0.8592
0.551
0.5915
0.9348
0.9785
0.7206
0.4654
0.7194
0.6952
0.4485
0.726
0.5725
0.6744
0.7988
0.7921
0.8775
0.84
0.701
0.7938
0.6298
0.4517
0.3377
0.5979
0.6479
0.6444
0.5458
0.575
0.9465
0.9827
0.7467
0.81
0.896
0.9225
0.8473
0.7894
0.7238
0.7631
0.9352
0.8904
0.7548
0.8388
0.8538
0.8273
0.8319
0.8573
0.7077
0.7931
0.4848
0.3483
0.2898
0.5871
0.8398
0.8869
0.6835
0.6148
0.6294
0.6242
0.664
0.6708
0.5983
0.5848
0.6621
0.7452
0.6552
0.689
0.9648
0.9758
0.8585
0.965
0.9642
0.7538
0.9546
0.8421
0.736
0.8821
0.7504
0.6594
0.6563
0.6615
0.6533
0.6294
0.8615
0.7344
0.7763
0.7735
0.695
0.7385
0.9042
0.839
0.6846
0.5742
0.5685
0.4435
0.6642
0.8077
0.8827
0.7579
0.7325
0.8288
0.7413
0.834
0.499
0.5744
0.5921
0.6856
0.7179
0.736
0.8073
0.8327
0.9171
0.7814
0.7413
0.7629
0.7333
0.7919
0.789
0.9571
0.9681
0.949
0.8571
0.8269
0.8692
0.8825
0.8354
0.846
0.9813
0.8029
0.7927
0.8694
0.9519
0.8125
0.8285
0.6517
0.5594
0.7746
0.736
0.7025
0.6123
0.6975
0.6446
0.741
0.6904
0.7708
0.7698
0.7354
0.6933
0.8098
0.896
0.7604
0.7202
0.7438
0.6735
0.6877
0.6446
0.7844
0.708
0.72
0.6525
0.7883
0.751
0.7994
0.7646
0.719
0.6858
0.6354
0.7019
0.6892
0.7427
0.6913
0.6663
0.8319
0.7471
0.7046
0.6827
0.8475
0.7525
0.6788
0.6631
0.6619
0.6673
0.6588
0.6348
0.6581
0.6448
0.5838
0.6427
0.6488
0.7469
0.7667
0.7506
0.8165
0.8117
0.8248
0.8292
0.7515
0.7358
0.7583
0.9102
0.846
0.7698
0.8148
0.7754
0.8773
0.8596
0.7492
0.7633
0.7758
0.7567
0.7925
0.7525
0.7996
0.7523
0.7802
0.7508
0.7673
0.8535
0.8369
0.8988
0.8692
0.8648
0.8435
0.8694
0.8373
0.8969
0.8313
0.811
0.8252
0.8038
0.8148
0.8327
0.8673
0.8348
0.8133
0.8171
0.7994
0.755
0.7856
0.7667
0.8183
0.8069
0.7779
0.8348
0.5574
0.4902
0.5142
0.7283
0.801
0.7925
0.8131
0.8873
0.895
0.9329
0.8931
0.8985
0.8665
0.9323
0.9467
0.8842
0.8785
0.9285
0.895
0.9221
0.8835
0.8444
0.8483
0.7717
0.8065
0.8358
0.8423
0.9438
0.7498
0.7802
0.9842
0.9092
0.8083
0.8115
0.8283
0.9673
0.9383
0.9083
0.9335
0.9073
0.9398
0.9431
0.8858
0.8917
0.9839
0.8543
0.8763
0.9058
0.9623
0.8852
0.9394
0.9319
0.9002
0.9777
0.9081
0.9413
0.8231
0.8054
0.8579
0.859
0.7871
0.8323
0.8546
0.9171
0.9202
0.9075
0.8902
0.9038
0.8742
0.8488
0.7869
0.8204
0.8602
0.9658
0.8315
0.8513
0.9938
0.9429
0.9165
0.9042
0.9017
0.9088
0.9192
0.9319
0.9202
0.8571
0.9221
0.9121
0.8702
0.8325
0.7892
0.6973
0.8121
0.6258
0.5315
0.641
0.5096
0.4108
0.3504
0.5865
0.2588
0.3525
0.399
0.6475
0.7013
0.655
0.6198
0.7321
0.8563
0.791
0.7948
0.8077
0.6898
0.6275
0.9373
0.5919
0.5063
0.7563
0.7025
0.9179
0.9488
0.8873
0.9058
0.921
0.759
0.336
0.4142
0.7656
0.815
0.814
0.8202
0.8073
0.8208
0.6329
0.655
0.6996
0.6379
0.5902
0.6092
0.6071
0.649
0.572
0.779
0.7123
0.6525
0.6046
0.7304
0.7288
0.6558
0.6019
0.6331
0.6567
0.6056
0.6225
0.5773
0.6779
0.9063
0.7871
0.7277
0.7463
0.665
0.4098
0.6296
0.5467
0.605
0.6625
0.6083
0.5088
0.2452
0.4202
0.4588
0.5327
0.6063
0.6033
0.5569
0.4833
0.2663
0.3654
0.5569
0.6621
0.661
0.646
0.7281
0.7523
0.8021
0.6569
0.7715
0.891
0.7371
0.7206
0.8431
0.6588
0.55
0.3915
0.414
0.5542
0.7319
0.7748
0.685
0.7015
0.6288
0.7098
0.8481
0.82
0.9373
0.9277
0.8383
0.7538
0.6658
0.6721
0.7388
0.6521
0.6835
0.8225
0.8585
0.6121
0.305
0.5421
0.6121
0.8935
0.7056
0.8131
0.585
0.374
0.4223
0.6392
0.5208
0.6323
0.8054
0.7171
0.6531
0.6821
0.6369
0.6614
0.6713
0.8618
-99
0.61
0.6342
0.5542
0.4838
0.5583
0.6192
0.6531
0.6306
0.6119
0.5252
0.6938
0.6673
0.661
0.6002
0.6656
0.6542
0.9042
0.7006
0.6485
0.7171
0.6413
0.6325
0.6
0.554
0.5665
0.7608
0.8119
0.6854
0.6567
0.5875
0.5983
0.5429
0.496
0.4985
0.4496
0.4698
0.4933
0.5306
0.6071
0.571
0.5483
0.4633
0.4665
0.6921
0.7781
0.7102
0.6383
0.5777
0.5721
0.8319
0.5277
0.6177
0.6956
0.7075
0.629
0.5958
0.6063
0.5308
0.4873
0.4883
0.5188
0.7352
0.8271
0.5869
0.6575
0.6577
0.6623
0.6477
0.6788
0.6088
0.6038
0.6133
0.6263
0.8358
0.749
0.6519
0.614
0.6392
0.6433
0.624
0.6038
0.6125
0.5892
0.571
0.5877
0.7215
0.9104
0.7508
0.7727
0.7425
0.7329
0.7135
0.6977
0.7654
0.8156
0.8013
0.7335
0.7523
0.7523
0.7354
0.7021
0.739
0.5492
0.5794
0.6306
0.714
0.6946
0.5429
0.5125
0.6925
0.7356
0.7331
0.7756
0.7342
0.721
0.6871
0.8642
0.796
0.8683
0.9125
0.8031
0.7513
0.7402
0.7846
0.7619
0.7808
0.7456
0.7244
0.811
0.6602
0.6879
0.7446
0.7767
0.7606
0.5456
0.6981
0.7915
0.7573
0.7671
0.8217
0.824
0.9829
0.9093
0.8458
0.8631
0.8752
0.8533
0.9752
0.8938
0.9927
0.9794
0.9102
0.8333
0.8602
0.8685
0.9183
0.8733
0.8635
0.9108
0.8625
0.9775
0.8546
0.9663
0.8785
0.8854
0.9365
0.8896
0.8765
0.631
0.6731
0.7775
0.8369
0.9642
0.921
0.8446
0.875
0.7692
0.7854
0.829
0.8267
0.9694
0.9829
0.9098
0.8838
0.9125
0.9004
0.9233
0.9344
0.9065
0.9396
0.9083
0.8863
0.9313
0.9096
0.9235
0.9142
0.8958
0.7717
0.5256
0.8071
0.9169
0.9029
0.9342
0.9258
0.9742
0.8904
0.9233
0.97
0.9806
0.9506
0.9229
0.934
0.9496
0.9467
0.9415
0.901
0.8929
0.9102
0.9192
0.8948
0.8942
0.8829
0.8765
0.8671
0.804
0.836
0.8569
0.8273
0.8329
0.7175
0.7217
0.7327
0.7598
0.7706
0.8115
0.8508
0.9158
0.77
0.4663
0.449
0.6058
0.9983
1
0.936
0.944
0.9288
0.9088
0.8825
0.8479
0.8871
0.8623
0.8867
0.856
0.8252
0.6138
0.6279
0.7002
0.7479
0.8485
0.8402
0.8492
0.8473
0.8117
0.8352
0.8165
0.7927
0.7713
0.7156
0.7381
0.7819
0.7472
0.7671
0.716
0.7344
0.7375
0.7496
0.6075
0.6663
0.7715
0.7948
0.8046
0.7279
0.8244
0.7675
0.9304
0.7777
0.6042
0.7213
0.6144
0.5923
0.6663
0.6765
0.8808
0.7846
0.7608
0.9931
0.9515
0.8683
0.7571
0.7419
0.7333
0.7742
0.8529
0.7573
0.8523
0.6273
0.6513
0.7192
0.7246
0.9071
0.9592
0.9369
0.8794
0.7846
0.7488
0.6802
0.7285
0.9688
0.9148
0.8398
0.7554
0.8069
0.7348
0.8856
0.8096
0.7642
0.8035
0.7423
0.6815
0.8331
0.9179
0.9773
0.8665
0.8544
0.89
0.9127
0.915
0.9452
0.7354
0.7244
0.6706
0.7458
0.7204
0.6827
0.6838
0.695
0.6635
0.6998
0.6492
0.6888
0.9696
0.8473
0.809
0.8556
0.9371
0.9008
0.7206
0.5221
0.5735
0.5571
0.6369
0.7342
0.691
0.7258
0.7823
0.8677
0.7979
0.7796
0.8167
0.8008
0.7117
0.8083
0.9042
0.8367
0.9458
0.7935
0.7306
0.7956
0.9088
0.749
0.7496
0.7594
0.9558
0.7904
0.7333
0.7467
0.6615
0.8973
0.7465
0.7317
0.8194
0.7731
0.6646
0.6942
0.7313
0.8044
0.7506
0.7513
0.7165
0.7781
0.7835
0.7892
0.6921
0.8467
0.7663
0.7394
0.71
0.6708
0.7198
0.696
0.6931
0.7533
0.7931
0.8246
0.8877
0.8763
0.8279
0.7729
0.7213
0.7179
0.7294
0.6913
0.6902
0.6342
0.6206
0.7594
0.7177
0.7035
0.6754
0.6563
0.6744
0.6167
0.616
0.579
0.6585
0.6375
0.5958
0.6338
0.6594
0.6158
0.7644
0.8346
0.8552
0.7423
0.7921
0.6956
0.7454
0.7325
0.6704
0.6504
0.7985
0.6956
0.615
0.5873
0.6117
0.5983
0.6452
0.6577
0.655
0.6902
0.8246
0.8565
0.8281
0.7608
0.7258
0.7479
0.7465
0.7548
0.7273
0.7338
0.5052
0.685
0.8585
0.7648
0.7281
0.7248
0.7285
0.7146
0.7365
0.7485
0.7402
0.9304
0.8979
0.8225
0.9723
0.87
0.8679
0.8542
0.7158
0.7525
0.5633
0.7567
0.7952
0.805
0.7898
0.9688
0.88
0.8869
0.8483
0.8485
0.8594
0.8506
0.8575
0.7085
0.539
0.6242
0.7671
0.8198
0.6689
0.7206
0.7744
0.7981
0.7898
0.939
0.8742
0.9865
0.9073
0.8717
0.8881
0.8448
0.859
0.8813
0.8767
0.841
0.8031
0.8281
0.8473
0.9813
0.9483
0.8748
0.9154
0.9979
0.919
0.889
0.8815
0.8833
0.8646
0.8448
0.8783
0.8877
0.8967
0.8615
0.8781
0.7867
0.4527
0.6775
0.7954
0.8333
0.8044
0.8548
0.9473
0.9652
0.9813
0.9304
0.9202
0.8821
0.4671
0.7013
0.879
0.8654
0.8617
0.9406
0.8275
0.8423
0.8327
0.9533
0.8483
0.8469
0.9204
0.9852
0.9542
0.9256
0.921
0.9067
0.929
0.9183
0.94
0.9185
0.9221
0.7117
0.4581
0.7567
0.9285
0.8971
0.8781
0.8967
0.8638
0.5569
0.5233
0.8294
0.8277
0.7971
0.8138
0.7058
0.9579
0.9879
0.8658
0.861
0.8983
0.8729
0.6213
0.5915
0.8308
0.769
0.8338
0.9077
0.9702
0.8963
0.9535
0.9296
0.9158
0.8779
0.8917
0.9054
0.8783
0.9215
0.8856
0.8675
0.891
0.8708
0.8673
0.7571
0.8146
0.7813
0.9406
0.9846
0.9117
0.8383
0.9638
0.7663
0.8829
0.8452
0.7475
0.7856
0.7606
0.766
0.7004
0.6333
0.9404
0.9131
0.8225
0.7825
0.7529
0.7758
0.9183
0.8319
0.8027
0.8248
0.8438
0.8631
0.9517
0.8773
0.8492
0.7567
0.7444
0.7746
0.7296
0.6952
0.605
