20000101
0.8502
0.9005
0.9463
0.9653
0.9522
0.9571
0.928
0.9019
0.8183
0.6893
0.6229
0.7713
0.9074
0.9365
0.9792
0.9376
0.8294
0.6502
0.6137
0.729
0.7449
0.6326
0.619
0.5895
0.7564
0.7886
0.8911
0.9395
0.7395
0.6005
0.8457
0.8078
0.684
0.6107
0.6112
0.7124
0.8966
0.594
0.5674
0.5529
0.6898
0.6738
0.4711
0.5288
0.6245
0.613
0.5671
0.5366
0.5365
0.5898
0.5491
0.6688
0.5593
0.7024
0.8052
0.7742
0.7579
0.7214
0.7449
0.7744
0.5751
0.4998
0.5634
0.5584
0.5562
0.8072
0.7861
0.7007
0.5248
0.4651
0.5475
0.5877
0.7131
0.5885
0.4959
0.4685
0.3937
0.5063
0.5259
0.6709
0.7635
0.7277
0.8264
0.7779
0.6403
0.5234
0.5407
0.6165
0.5488
0.8
0.7105
0.584
0.7428
0.6045
0.6623
0.4882
0.514
0.6331
0.7719
0.6947
0.8627
0.6846
0.5389
0.4989
0.7227
0.4983
0.7845
0.5078
0.5426
0.5624
0.5069
0.5198
0.6767
0.5356
0.523
0.5644
0.59
0.693
0.5602
0.6961
0.5474
0.4651
0.4945
0.4876
0.5618
0.7023
0.6837
0.6677
0.6997
0.7937
0.8776
0.7626
0.6141
0.4864
0.5137
0.4367
0.5593
0.7092
0.518
0.484
0.6107
0.7674
0.592
0.659
0.6529
0.7047
0.7339
0.6252
0.6086
0.5441
0.5526
0.5266
0.7276
0.7155
0.5951
0.5752
0.6555
0.5153
0.4749
0.6735
0.6814
0.8175
0.5684
0.5223
0.5725
0.6379
0.5566
0.4945
0.519
0.5536
0.5702
0.6422
0.6724
0.6914
0.5872
0.46
0.5391
0.7154
0.6014
0.5255
0.632
0.6589
0.6413
0.7028
0.4689
0.432
0.6322
0.6293
0.4451
0.4547
0.4291
0.5939
0.4391
0.422
0.4196
0.5143
0.5036
0.5912
0.6843
0.673
0.673
0.6924
0.6019
0.6407
0.7181
0.4816
0.5649
0.5002
0.6498
0.5116
0.437
0.5572
0.6377
0.6722
0.6584
0.496
0.4731
0.4698
0.4174
0.4572
0.4469
0.5059
0.6078
0.7026
0.6059
0.5437
0.6074
0.5729
0.5942
0.6577
0.6172
0.6498
0.6176
0.4141
0.5436
0.7143
0.5157
0.5842
0.4926
0.4367
0.5991
0.6186
0.678
0.543
0.5998
0.4724
0.4739
0.4758
0.5
0.5018
0.4116
0.5274
0.6609
0.642
0.703
0.6838
0.7251
0.7008
0.6474
0.6239
0.6731
0.6347
0.6211
0.4991
0.4621
0.5308
0.6676
0.7142
0.7564
0.7681
0.7317
0.8061
0.5605
0.5342
0.5192
0.5297
0.5024
0.528
0.649
0.501
0.5038
0.3303
0.5274
0.62
0.7728
0.7958
0.6773
0.6378
0.6884
0.7543
0.7195
0.6997
0.65
0.71
0.7997
0.9594
0.9175
0.6785
0.9497
0.9481
0.8386
0.8887
0.8208
0.8593
0.677
0.6838
0.9609
0.7106
0.6506
0.8143
0.5603
0.497
0.5928
0.6768
0.8009
0.8936
0.8373
0.939
0.7016
0.855
0.7289
0.6468
0.6953
0.7222
0.7479
0.7272
0.83
0.8124
0.6718
0.8383
0.7806
0.8521
0.947
0.9003
0.7712
0.8797
0.8414
0.7223
0.869
0.9069
0.9197
0.8556
0.8597
0.8715
0.892
0.9372
0.9783
0.9278
0.9203
0.6729
0.7428
0.8985
0.9033
0.9622
0.8871
0.9771
0.9196
0.9238
0.9703
0.8847
0.8915
0.728
0.7553
0.7117
0.6309
0.6414
0.8297
0.7923
0.8286
0.7815
0.9046
0.932
-99
-99
0.9238
0.906
1
-99
-99
-99
0.8361
0.8981
0.8724
0.9725
0.7872
0.6929
0.8137
0.9817
0.8184
0.9361
0.7324
0.8
0.7727
0.753
0.5447
0.5759
0.6084
0.5898
0.6747
0.8514
0.7692
0.6826
0.8626
0.8635
0.7085
0.5322
0.6907
0.8223
0.8887
0.6551
0.8783
0.9031
0.8705
0.6466
0.5976
0.6734
0.6085
0.5567
0.6584
0.5939
0.596
0.4431
0.5166
0.6895
0.5128
0.6864
0.795
0.6068
0.7936
0.7171
0.796
0.891
0.6208
0.673
0.7609
0.8185
0.8265
0.5496
0.6079
0.7502
0.7196
0.5813
0.6012
0.605
0.6512
0.6173
0.5192
0.5468
0.462
0.4734
0.5326
0.5993
0.5802
0.607
0.5448
0.6398
0.6078
0.6652
0.7156
0.5854
0.5365
0.594
0.4622
0.4808
0.4021
0.4828
0.4696
0.4588
0.4641
0.3971
0.3664
0.392
0.5511
0.607
0.463
0.3869
0.4757
0.5513
0.5927
0.5444
-99
-99
-99
-99
-99
-99
-99
-99
-99
-99
-99
-99
-99
-99
-99
-99
-99
-99
-99
-99
-99
0.4148
0.7502
0.6561
0.5572
0.5626
0.5957
0.6989
0.7239
0.7081
0.5682
0.5114
0.5387
0.5093
0.4674
0.4649
0.4568
0.5273
0.506
0.4221
0.6657
0.7374
0.4867
0.6055
0.7045
0.5943
0.6725
0.5318
0.5832
0.565
0.6105
0.7177
0.4457
0.4102
0.4311
0.489
0.5684
0.5459
0.5302
0.4309
0.3915
0.3943
0.4728
0.505
0.3782
0.5124
0.5067
0.4659
0.5943
0.6038
0.7178
0.5893
0.4866
0.4505
0.6535
0.8377
0.6236
0.555
0.5714
0.6984
0.6955
0.5348
0.6845
0.5867
0.5176
0.5544
0.4145
0.5251
0.6376
0.522
0.5693
0.5064
0.6167
0.6915
0.6791
0.6095
0.5334
0.4422
0.4387
0.4749
0.4909
0.4942
0.4909
0.4484
0.6077
0.6234
0.5898
0.4887
0.5338
0.7305
0.6877
0.6509
0.6221
0.77
0.6493
0.745
0.7491
0.631
0.668
0.6905
0.7114
0.7008
0.6652
0.6468
0.568
0.5332
0.4826
0.4629
0.4551
0.4523
0.5667
0.7624
0.555
0.49
0.4543
0.4836
0.4809
0.5174
0.5007
0.5256
0.5857
0.6949
0.4716
0.4711
0.4857
0.4805
0.532
0.6454
0.7363
0.7524
0.8479
0.8177
0.6491
0.584
0.6886
0.7593
0.8436
0.7791
0.7514
0.7298
0.7854
0.7089
0.6998
0.7545
0.712
0.5638
0.6167
0.7349
0.8302
0.7859
0.7479
0.7941
0.7841
0.7536
0.7255
0.849
0.7356
0.7879
0.6591
0.6293
0.6951
0.6705
0.6175
0.7538
0.8723
0.8773
0.8528
0.8738
0.8369
0.8666
0.5091
0.6372
0.7463
0.8359
0.7184
0.6148
0.6571
0.5528
0.508
0.5019
0.4755
0.4707
0.6676
0.5527
0.8526
0.9613
0.9686
0.887
0.7786
0.728
0.8624
0.9333
0.6987
0.6787
0.82
0.8741
0.6733
0.7381
0.7347
0.8356
0.8666
0.936
0.8713
0.8267
0.8495
0.9406
0.9747
0.9647
0.8997
0.8958
0.8751
0.8507
0.837
0.5363
0.7973
0.8518
0.9736
0.9331
0.9319
0.9895
0.9313
0.8794
0.8782
0.672
0.89
0.746
0.6824
0.6714
0.8016
0.7216
0.8713
0.7433
0.8985
0.9606
0.9284
0.8971
0.933
0.8526
0.9349
0.9103
0.906
0.96
0.9004
0.9146
0.8124
0.8656
0.6423
0.8376
0.862
0.9143
0.9511
0.9737
0.7757
0.9234
0.6009
0.6033
0.7663
0.7743
0.8685
0.9161
0.8942
0.7856
0.7626
0.8707
0.8002
0.8263
0.8431
0.5996
0.5816
0.79
0.78
0.6871
0.8133
0.7598
0.8324
0.5862
0.6324
0.6603
0.6708
0.6525
0.581
0.5373
0.4711
0.5506
0.5434
0.5588
0.6213
0.6403
0.6164
0.6329
0.79
0.645
0.7179
0.6638
0.8606
0.6006
0.6666
0.7146
0.67
0.6061
0.8247
0.835
0.7412
0.8721
0.6306
0.7631
0.7612
0.6726
0.5841
0.5942
0.5783
0.4573
0.5218
0.7666
0.6933
0.5497
0.7358
0.6214
0.8738
0.7127
0.7387
0.6839
0.8403
0.8789
0.6092
0.5013
0.8134
0.81
0.8669
0.6356
0.6392
0.9189
0.9176
0.5749
0.5682
0.5527
0.5641
0.5807
0.6632
0.7407
0.615
0.6647
0.5591
0.5106
0.5443
0.5353
0.4484
0.5115
0.7627
0.6368
0.7768
0.7783
0.5442
0.5409
0.4895
0.5644
0.6711
0.9342
0.9681
0.8389
0.7469
0.6132
0.5576
0.6653
0.6634
0.6273
0.5477
0.6234
0.5162
0.4935
0.6406
0.6392
0.7518
0.4697
0.4747
0.5058
0.5637
0.4614
0.4733
0.6476
0.6314
0.5578
0.4868
0.5152
0.5134
0.7545
0.6953
0.5533
0.5339
0.6477
0.5075
0.4589
0.4567
0.6516
0.4914
0.4509
0.4878
0.4644
0.4506
0.4497
0.4716
0.4542
0.505
0.5003
0.5448
0.5384
0.5683
0.6076
0.5926
0.4786
0.5625
0.6559
0.7743
0.666
0.54
0.5446
0.5915
0.5874
0.6888
0.7118
0.6608
0.6134
0.6408
0.6435
0.4989
0.4224
0.4905
0.49
0.4426
0.4764
0.6327
0.5774
0.4702
0.5113
0.496
0.4867
0.5229
0.5514
0.7032
0.6584
0.6102
0.5459
0.4996
0.531
0.7093
0.7279
0.6165
0.7089
0.5029
0.4742
0.5691
0.5916
0.5713
0.4709
0.5051
0.5573
0.7033
0.6346
0.701
0.7269
0.7244
0.6721
0.6819
0.7163
0.782
0.812
0.8129
0.728
0.6781
0.7673
0.6532
0.6013
0.6216
0.6738
0.5841
0.809
0.7888
0.795
0.5784
0.5409
0.7102
0.7551
0.6498
0.6557
0.6608
0.6437
0.6464
0.7345
0.7649
0.8198
0.8609
0.8543
0.8174
0.8433
0.7291
0.6232
0.5163
0.4826
0.4736
0.4429
0.575
0.691
0.7805
0.7449
0.7523
0.89
0.7836
0.764
0.7189
0.648
0.6763
0.8316
0.8552
0.7991
0.5904
0.597
0.6373
0.782
0.7936
0.7272
0.5957
0.5605
0.7486
0.7974
0.7816
0.5247
0.5437
0.5895
0.5981
0.6813
0.7011
0.7674
0.8574
0.8564
0.7169
0.6984
0.7419
0.6124
0.576
0.5869
0.6653
0.4964
0.5619
0.5274
0.6227
0.6693
0.7341
0.6809
0.7604
0.7688
0.7828
0.7142
0.7556
0.7864
0.8855
0.7402
0.7149
0.8576
0.9012
0.8398
0.643
0.7808
0.7969
0.6398
0.6328
0.793
0.6179
0.6723
0.6786
0.5613
0.6164
0.6668
0.7587
0.8802
0.841
0.866
0.8927
0.93
0.9359
0.7875
0.9149
0.9431
0.9183
0.8808
0.9116
0.889
0.9577
0.9714
0.8268
0.7898
0.864
0.9341
0.5898
0.6764
0.9293
0.6345
0.7462
0.7746
0.6698
0.6749
0.7239
0.7186
0.77
0.8598
0.8845
0.6921
0.5868
0.7056
0.7242
0.67
0.7478
0.8056
0.8174
0.8684
0.8319
0.7671
0.6855
0.6767
0.5905
0.5333
0.4142
0.6095
0.6711
0.6171
0.6356
0.6576
0.3967
0.57
0.5959
0.5823
0.5534
0.5851
0.5918
0.8353
0.7828
0.7307
0.5633
0.6648
0.7126
0.6986
0.6617
0.6981
0.5527
0.5027
0.5189
0.8271
0.9434
0.7871
0.8943
0.8186
0.7622
0.8274
0.9181
0.7986
0.7346
0.7858
0.6139
0.6252
0.6393
0.8626
0.692
0.6855
0.6728
0.7349
0.7787
0.8203
0.765
0.7047
0.6795
0.7466
0.5789
0.563
0.4172
0.5733
0.4996
0.5388
0.8135
0.7728
0.7758
0.732
0.7776
0.7486
0.9011
0.8022
0.8618
0.8124
0.732
0.5559
0.3541
0.4367
0.5076
0.4671
0.6073
0.6365
0.7558
0.5576
0.65
0.6286
0.6268
0.7395
0.8803
0.7355
0.6611
0.643
0.791
0.7351
0.7062
0.7178
0.7232
0.6235
0.6908
0.692
0.7605
0.6879
0.6978
0.5772
0.5484
0.453
0.4937
0.5215
0.7607
0.9276
0.9338
0.8784
0.6563
0.5938
0.779
0.6882
0.5284
0.4876
0.6777
0.8042
0.6923
0.7661
0.6762
0.4573
0.4879
0.5422
0.5273
0.6235
0.4965
0.478
0.5288
0.5636
0.5305
0.5451
0.5435
0.5721
0.595
0.7298
0.6657
0.7143
0.704
0.6476
0.7424
0.7229
0.6851
0.6305
0.5127
0.4693
0.4533
0.4147
0.4384
0.5402
0.4853
0.4386
0.469
0.4229
0.4019
0.5015
0.58
0.6947
0.6467
0.561
0.6081
0.711
0.4795
0.337
0.3827
0.472
0.4831
0.6602
0.6898
0.6676
0.6043
0.5805
0.5226
0.4858
0.5305
0.4169
0.6033
0.6727
0.3836
0.5564
0.6786
0.5765
0.6752
0.5839
0.5364
0.661
0.6007
0.7302
0.731
0.5188
0.5532
0.4009
0.5
0.4658
0.4633
0.5158
0.5415
0.5947
0.5467
0.5007
0.4527
0.453
0.4736
0.4368
0.4214
0.4234
0.3557
0.36
0.5236
0.7337
0.7696
0.692
0.7029
0.6949
0.6695
0.6839
0.6579
0.667
0.4951
0.6181
0.7146
0.6859
0.3735
0.4393
0.632
0.7509
0.6647
0.7364
0.7937
0.755
0.754
0.7166
0.5824
0.6011
0.527
0.5393
0.5743
0.5609
0.6671
0.6076
0.586
0.5421
0.6433
0.7188
0.7398
0.7712
0.77
0.6516
0.623
0.7842
0.7895
0.8727
0.7321
0.7164
0.8875
0.7714
0.7914
0.6304
0.5844
0.5152
0.5224
0.5785
0.5813
0.5909
0.6354
0.806
0.81
0.8295
0.8075
0.8686
0.8505
0.807
0.8298
0.8583
0.6962
0.6683
0.7746
0.5562
0.5383
0.6069
0.9122
0.9187
0.8859
0.7754
0.6534
0.7793
0.7369
0.6438
0.7377
0.8019
0.8835
0.8905
0.944
0.9211
0.8768
0.982
0.873
0.847
0.7555
0.8788
0.9116
0.9266
0.751
0.6851
0.8361
0.9262
0.9221
0.872
0.8011
0.7028
0.7463
0.7414
0.6443
0.644
0.7382
0.8183
0.8025
0.8287
0.7776
0.79
0.8945
0.9723
0.9057
0.7814
0.8473
0.8395
0.8733
0.8705
0.9416
0.7743
0.6183
0.8198
0.8681
0.9433
0.8345
0.9232
0.7957
0.5226
0.5758
0.7457
0.9473
0.9542
0.9212
0.7823
0.6718
0.6589
0.5511
0.6096
0.6333
0.6089
0.7157
0.7621
0.8978
0.9682
0.9266
0.741
0.656
0.7692
0.7273
0.6028
0.6314
0.655
0.7536
0.7159
0.5728
0.4611
0.6231
0.6593
0.6751
0.6073
0.7135
0.7158
0.8013
0.7605
0.583
0.5911
0.8047
0.9326
0.8841
0.9606
0.9323
0.9254
0.9502
0.9332
0.865
0.7614
0.8244
0.9113
0.9335
0.8084
0.815
0.8906
0.7944
0.5544
0.6342
0.7282
0.6217
0.8195
0.8891
0.6714
0.6802
0.7895
0.9783
0.8536
0.6904
0.6104
0.656
0.5491
0.533
0.644
0.6698
0.5851
0.5507
0.55
0.5317
0.5837
0.7851
0.6855
0.8167
0.7968
0.7749
0.7723
0.8326
0.7811
0.767
0.7859
0.6992
0.6727
0.506
0.5743
0.5295
0.4773
0.5326
0.7533
0.8981
0.9351
0.8756
0.7776
0.8044
0.622
0.613
0.665
0.6522
0.5684
0.5587
0.8512
0.6598
0.5328
0.5298
0.6279
0.5821
0.6404
0.7059
0.8646
0.7302
0.7348
0.5402
0.5687
0.7063
0.8482
0.6376
0.5944
0.5941
0.6612
0.6747
0.8263
0.7985
0.6245
0.7059
0.7358
0.9181
0.6222
0.6833
0.5691
0.5398
0.5178
0.53
0.7091
0.8922
0.8038
0.6037
0.5698
0.5827
0.6216
0.6195
0.6662
0.5428
0.5543
0.63
0.6858
0.7119
0.6707
0.6893
0.7207
0.7174
0.603
0.651
0.7593
0.6136
0.5432
0.4576
0.4784
0.4928
0.5623
0.6543
0.6329
0.5321
0.6168
0.6673
0.6195
0.6702
0.6247
0.6064
0.6305
0.4737
0.4298
0.458
0.5134
0.4902
0.614
0.7287
0.5258
0.6228
0.6129
0.6603
0.609
0.5268
0.5543
0.6786
0.5364
0.4624
0.5641
0.6871
0.6634
0.6854
0.6032
0.4176
0.4293
0.6833
0.5378
0.4453
0.4578
0.4956
0.6156
0.5911
0.6781
0.5936
0.622
0.7119
0.7151
0.6602
0.6007
0.4803
0.4474
0.4158
0.4731
0.6593
0.7298
0.6202
0.5905
0.5832
0.5198
0.5433
0.5275
0.4878
0.6233
0.616
0.6976
0.64
0.5073
0.4024
0.4469
0.5142
0.6037
0.6937
0.6945
0.6715
0.6048
0.5085
0.4052
0.4487
0.6457
0.7313
0.6302
0.46
0.473
0.5771
0.682
0.68
0.7271
0.6898
0.7293
0.7028
0.7435
0.6695
0.6693
0.7143
0.6678
0.7005
0.7807
0.7307
0.7633
0.7246
0.7689
0.6674
0.588
0.5233
0.5609
0.7051
0.6633
0.65
0.5229
0.5102
0.4012
0.5543
0.4364
0.472
0.5871
0.7007
0.7574
0.7685
0.7781
0.8033
0.7618
0.6609
0.754
0.759
0.7995
0.7593
0.6022
0.4235
0.4657
0.5948
0.5455
0.5867
0.4953
0.5737
0.5984
0.7405
0.6676
0.5747
0.7702
0.8176
0.7398
0.824
0.7555
0.7045
0.9209
0.7469
0.7116
0.7215
0.7057
0.772
0.8487
0.8568
0.8068
0.8481
0.6393
0.554
0.6059
0.6425
0.6243
0.6327
0.7129
0.58
0.4791
0.486
0.6367
0.6853
0.7647
0.6555
0.7088
0.8921
0.792
0.8284
0.9171
0.8533
0.8476
0.8791
0.9262
0.7671
0.7909
0.8316
0.8358
0.8918
0.9374
0.8851
0.8014
0.836
0.8937
0.948
0.88
0.955
0.9236
0.9876
0.9589
0.9334
0.8747
0.6735
0.6302
0.6527
0.5834
0.7217
0.8041
0.8082
0.8686
0.8121
0.6291
0.5722
0.655
0.6011
0.6784
0.8345
0.7867
0.765
0.8088
0.9408
0.9625
0.9375
0.9679
0.9738
0.945
0.9342
0.9058
0.91
0.9138
0.9271
0.9588
0.9279
0.8975
0.7721
0.6763
0.65
0.6546
0.6283
0.7229
0.5046
0.3504
0.4158
0.48
0.535
0.5913
0.4671
0.6025
0.6146
0.5504
0.5842
0.7488
0.8196
0.8875
0.8667
0.9088
0.88
0.8154
0.6696
0.4913
0.54
0.4467
0.4971
0.4504
0.4983
0.5321
0.6175
0.5829
0.4971
0.8304
0.735
0.7433
0.7754
0.7421
0.5533
0.4492
0.6588
0.7871
0.6575
0.525
0.5571
0.4317
0.43
0.4733
0.5354
0.5763
0.7142
0.74
0.7783
0.805
0.7913
0.7796
0.7196
0.7
0.6142
0.6321
0.8696
0.7463
0.8563
0.7225
0.8371
0.8254
0.5588
0.5608
0.57
0.5221
0.52
0.7092
0.8533
0.7504
0.7863
0.8083
0.7913
0.75
0.6113
0.4671
0.455
0.5029
0.5317
0.5738
0.7992
0.5967
0.5513
0.5583
0.5517
0.51
0.5521
0.6108
0.7383
0.7446
0.6154
0.4888
0.6133
0.5521
0.4796
0.4346
0.4517
0.4321
0.6454
0.5025
0.5175
0.5092
0.4379
0.4
0.6129
0.7013
0.7042
0.7525
0.7275
0.8258
0.6088
0.6517
0.7367
0.7583
0.5696
0.5404
0.6383
0.6754
0.675
0.4746
0.6238
0.4754
0.4471
0.6158
0.5767
0.565
0.7171
0.5642
0.5938
0.57
0.5558
0.5496
0.4963
0.47
0.4971
0.6
0.6633
0.6921
0.6663
0.7404
0.8342
0.6454
0.5596
0.5233
0.5846
0.5271
0.5629
0.5517
0.6054
0.7
0.5963
0.7125
0.5775
0.6679
0.6233
0.6296
0.5171
0.5454
0.4492
0.4867
0.6854
0.6025
0.4338
0.4842
0.4608
0.5579
0.5946
0.5467
0.4767
0.4796
0.5938
0.5958
0.5283
0.5275
0.5575
0.4358
0.4917
0.5525
0.6125
0.6058
0.5704
0.6725
0.6921
0.6879
0.715
0.7142
0.6233
0.5358
0.6071
0.7717
0.5383
0.4713
0.4808
0.4483
0.4558
0.4921
0.7458
0.7575
0.7925
0.7163
0.5538
0.5104
0.4821
0.5696
0.7429
0.7304
0.7875
0.5383
0.5071
0.4696
0.4892
0.5192
0.4929
0.6779
0.7529
0.7088
0.6642
0.6992
0.6804
0.7538
0.7388
0.6767
0.6317
0.6688
0.6892
0.5246
0.9083
0.8713
0.6942
0.5867
0.5433
0.6083
0.6392
0.6721
0.6533
0.5825
0.5429
0.43
0.4863
0.5088
0.6308
0.7871
0.8192
0.8154
0.7725
0.6938
0.82
0.7904
0.6725
0.6379
0.6554
0.5288
0.5417
0.5817
0.6675
0.8271
0.8183
0.8367
0.8558
0.8021
0.8254
0.8838
0.9025
0.9479
0.9421
0.8842
0.8625
0.9596
0.8575
0.8354
0.8158
0.7779
0.9238
0.8379
0.8896
0.8783
0.835
0.8471
0.8171
0.8108
0.8908
0.815
0.8504
0.8433
0.7579
0.655
0.7233
0.8458
0.8663
0.8804
0.85
0.8404
0.9592
0.9733
0.9338
0.9221
0.8333
0.7213
0.8521
0.9008
0.9183
0.8913
0.8921
0.6833
0.6396
0.65
0.6954
0.635
0.7321
0.7392
0.7488
0.7954
0.9133
0.81
0.83
0.7633
0.6738
0.7921
0.7954
0.6688
0.7538
0.8317
0.9213
0.8029
0.7188
0.6883
0.6946
0.67
0.6829
0.8508
0.8721
0.9008
0.9763
0.9654
0.97
0.9554
0.9563
0.8971
0.6683
0.8079
0.8621
0.8438
0.6588
0.6596
0.6213
0.7667
0.8892
0.9375
0.9988
0.9813
1
0.9683
0.8783
0.9283
0.9454
0.9688
0.9417
0.945
0.8938
0.7317
0.7963
0.9575
0.9083
0.8504
0.8904
0.9721
0.9029
0.8533
0.6408
0.6392
0.6467
0.8988
0.9142
0.9504
0.9233
0.935
0.7658
0.7054
0.7429
0.7958
0.7371
0.5729
0.7175
0.8142
0.7517
0.6679
0.8138
0.7988
0.6654
0.5154
0.705
0.5933
0.5896
0.7258
0.7125
0.6779
0.5996
0.5796
0.8396
0.6604
0.6183
0.6767
0.5933
0.6063
0.7542
0.5483
0.6158
0.6108
0.5717
0.6113
0.5325
0.5675
0.6117
0.6892
0.8004
0.8596
0.7963
0.7658
0.7971
0.8042
0.7992
0.7704
0.6004
0.6813
0.6492
0.565
0.7063
0.6921
0.4933
0.5846
0.5979
0.6696
0.6583
0.5758
0.6608
0.7546
0.5771
0.7442
0.8454
0.8046
0.755
0.5233
0.475
0.5417
0.5588
0.7613
0.8108
0.705
0.895
0.6175
0.6754
0.6863
0.7538
0.6317
0.6063
0.6004
0.4683
0.5696
0.6025
0.5425
0.4946
0.4879
0.745
0.6704
0.6375
0.6254
0.6196
0.575
0.765
0.5813
0.4913
0.7817
0.71
0.6975
0.5788
0.6108
0.6492
0.535
0.5925
0.6233
0.55
0.5138
0.7275
0.5296
0.5217
0.4083
0.5092
0.5504
0.4654
0.4075
0.4613
0.4858
0.5621
0.3821
0.4788
0.4404
0.4171
0.5158
0.6375
0.6604
0.6404
0.6958
0.6713
0.6283
0.53
0.6338
0.585
0.6733
0.6513
0.6179
0.6496
0.5838
0.5942
0.5275
0.5788
0.6946
0.5892
0.5883
0.7058
0.6658
0.6283
0.5533
0.5021
0.4792
0.6358
0.6492
0.6646
0.5846
0.4925
0.5375
0.62
0.5996
0.6158
0.5108
0.5154
0.5658
0.5725
0.6613
0.6825
0.6196
0.6929
0.6513
0.5638
0.5967
0.5717
0.5863
0.655
0.6233
0.5792
0.6763
0.5367
0.4554
0.6704
0.5775
0.4063
0.4583
0.4588
0.4913
0.4746
0.455
0.4629
0.5179
0.4888
0.4417
0.4283
0.4338
0.4583
0.5713
0.7546
0.7
0.6129
0.6213
0.5008
0.57
0.5738
0.6388
0.6996
0.6208
0.4954
0.5108
0.4938
0.4913
0.4571
0.5917
0.6813
0.7392
0.7479
0.6971
0.6242
0.645
0.7175
0.7346
0.6888
0.7338
0.7138
0.7592
0.8329
0.875
0.835
0.6346
0.6996
0.6042
0.58
0.6267
0.8129
0.7292
0.7342
0.8833
0.7521
0.6338
0.5767
0.6317
0.8054
0.7717
0.8142
0.7246
0.8221
0.9475
0.5783
0.5917
0.6613
0.6929
0.8229
0.795
0.8075
0.7404
0.6408
0.6667
0.7471
0.8367
0.8946
0.8179
0.8658
0.8413
0.9175
0.8521
0.8075
0.9629
0.7533
0.8279
0.9008
0.8863
0.8442
0.7875
0.7829
0.8129
0.6863
0.6321
0.615
0.6908
0.7488
0.8575
0.9092
0.8529
0.9104
0.955
0.9296
0.7721
0.6942
0.8271
0.8513
0.8246
0.765
0.805
0.8408
0.7683
0.705
0.6921
0.6779
0.7929
0.7875
0.7913
0.7633
0.8558
0.8192
0.905
0.9538
0.9267
0.78
0.7642
0.825
0.7813
0.7425
0.7438
0.5929
0.8175
0.9158
0.8821
0.9058
0.9354
0.9008
0.8546
0.8979
0.6825
0.7429
0.7104
0.7925
0.9796
0.9513
0.8667
0.9129
0.9771
0.9725
0.9588
0.955
0.8988
0.9188
0.8788
0.6058
0.7346
0.7338
0.7046
0.9079
0.9379
0.8433
0.8825
0.9425
0.9304
0.9358
0.9758
0.9438
0.9058
0.91
0.9538
0.8158
0.6975
0.8683
0.8438
0.8908
0.6475
0.64
0.8846
0.7171
0.54
0.7683
0.7863
0.8758
0.8896
0.7425
0.8108
0.8896
0.945
0.9267
0.8408
0.7504
0.9171
0.7213
0.6621
0.7683
0.6921
0.6608
0.7358
0.5546
0.6208
0.7429
0.775
0.7788
0.8721
0.8817
0.7983
0.7154
0.6829
0.6325
0.5779
0.6525
0.7063
0.5829
0.5763
0.6158
0.6958
0.4758
0.5821
0.6904
0.5354
0.5946
0.4083
0.5167
0.5654
0.6154
0.6075
0.6108
0.6929
0.6075
0.5846
0.5433
0.645
0.5575
0.5567
0.6275
0.5371
0.5429
0.7529
0.8296
0.9254
0.7225
0.5808
0.7925
0.8867
0.8596
0.8496
0.6721
0.8267
0.8867
0.8717
0.8
0.7388
0.7758
0.8171
0.9346
0.9229
0.9308
0.8442
0.7575
0.7413
0.6888
0.6042
0.7496
0.7217
0.6825
0.6063
0.5888
0.6683
0.6258
0.7025
0.7383
0.8563
0.8008
0.8133
0.6733
0.8717
0.7288
0.5721
0.565
0.56
0.5013
0.4229
0.6138
0.4842
0.5858
0.6913
0.5325
0.4563
0.5013
0.6133
0.6133
0.8033
0.6638
0.5879
0.5804
0.5988
0.5596
0.6854
0.6879
0.555
0.4838
0.4842
0.5825
0.5338
0.4938
0.5208
0.5513
0.6788
0.6863
0.5842
0.6371
0.6446
0.6654
0.6417
0.5996
0.7138
0.6763
0.6392
0.5746
0.665
0.6971
0.8088
0.6529
0.5038
0.515
0.4588
0.6667
0.6683
0.5421
0.4492
0.5104
0.6833
0.6921
0.6975
0.6658
0.5671
0.5513
0.4671
0.4642
0.5721
0.5725
0.5483
0.4721
0.4679
0.5025
0.5754
0.6979
0.6233
0.6379
0.6858
0.5983
0.6179
0.6308
0.5808
0.6329
0.7
0.5163
0.41
0.5763
0.7179
0.6521
0.5396
0.5342
0.4417
0.5804
0.7517
0.6108
0.4983
0.6692
0.7171
0.5988
0.6
0.4546
0.4196
0.5046
0.5692
0.6325
0.5563
0.6479
0.7229
0.4788
0.5488
0.6071
0.5138
0.4929
0.4913
0.5817
0.5733
0.7329
0.6904
0.5688
0.5329
0.5067
0.4921
0.5183
0.4733
0.5421
0.6854
0.5821
0.5475
0.5567
0.4804
0.5383
0.6175
0.645
0.6063
0.4854
0.6513
0.7363
0.7296
0.6675
0.7117
0.8188
0.6304
0.5783
0.7221
0.84
0.9404
0.7817
0.7088
0.5679
0.5258
0.477
0.5183
0.825
0.8594
-99
-99
-99
-99
-99
-99
-99
-99
0.552
0.6446
0.8229
0.7338
0.695
0.8042
0.8521
0.8793
-99
-99
0.678
0.71
0.5933
0.6488
0.6283
0.7508
0.6421
0.6454
0.705
0.6929
0.6592
0.4983
0.5358
0.5596
0.7104
0.7558
0.8054
0.8013
0.65
0.6354
0.5958
0.5783
0.6242
0.6938
0.6933
0.6125
0.5083
0.4675
0.3754
0.4329
0.5363
0.5446
0.7817
0.7813
0.6258
0.6846
0.5992
0.5333
0.5921
0.5617
0.7025
0.7596
0.8096
0.7917
0.7713
0.5725
0.6288
0.7021
0.58
0.5708
0.5008
0.5525
0.5333
0.5208
0.6158
0.6792
0.685
0.7071
0.7154
0.8083
0.8679
0.8
0.8342
0.7488
0.8088
0.8538
0.9008
0.9508
0.8683
0.8429
0.9104
0.9021
0.88
0.8413
0.9429
0.9246
0.9296
0.8254
0.8442
0.7833
0.8013
0.9121
0.8721
0.9333
0.8579
0.5879
0.7279
0.8692
0.7638
0.6858
0.5858
0.6338
0.7725
0.9413
0.8942
0.7154
0.6917
0.8508
0.7246
0.8558
0.8967
0.8296
0.8746
0.7233
0.6146
0.7563
0.6554
0.7713
0.595
0.6925
0.6929
0.7933
0.775
0.8146
0.8179
0.7938
0.71
0.8196
0.71
0.725
0.8354
0.7583
0.8833
0.8433
0.8929
0.8217
0.7788
0.7213
0.8375
0.9238
0.8267
0.7308
0.8425
0.7225
0.65
0.645
0.6296
0.5104
0.3921
0.3533
0.5042
0.5413
0.6854
0.6154
0.5417
0.5133
0.5833
0.6975
0.7833
0.3788
0.5333
0.5733
0.555
0.3917
0.4729
0.4971
0.4625
0.5
0.4783
0.5495
0.6513
0.5583
0.6425
0.6833
0.4979
0.52
0.5096
0.4192
0.5971
0.5842
0.4388
0.6613
0.5746
0.6208
0.7238
0.6338
0.4896
0.5242
0.485
0.4517
0.6167
0.6875
0.6217
0.5746
0.8425
0.5971
0.4771
0.5008
0.4933
0.5875
0.5796
0.5663
0.6858
0.5208
0.4883
0.6125
0.4904
0.4442
0.5446
0.5046
0.5946
0.5871
0.6467
0.8188
0.9104
0.7667
0.7638
0.7375
0.8592
0.7254
0.815
0.8375
0.6746
0.8471
0.5525
0.4675
0.6379
0.7517
0.6842
0.8671
0.6988
0.7621
0.7367
0.6288
0.6079
0.7875
0.7354
0.6408
0.5246
0.4842
0.5833
0.5167
0.4704
0.4904
0.705
0.7354
0.76
0.5604
0.4617
0.4813
0.6983
0.7192
0.5538
0.5121
0.6429
0.56
0.5113
0.4846
0.4421
0.5354
0.5113
0.5588
0.5475
0.4696
0.5967
0.5129
0.5604
0.6696
0.4067
0.5133
0.5775
0.5046
0.4854
0.6067
0.6821
0.6404
0.6117
0.6704
0.5083
0.4883
0.5725
0.6075
0.5329
0.5042
0.6129
0.5958
0.4183
0.4429
0.6667
0.6938
0.5842
0.5738
0.6129
0.6658
0.5788
0.5683
0.5017
0.55
0.4529
0.6038
0.5383
0.6629
0.6042
0.5704
0.42
0.4858
0.6779
0.6721
0.5058
0.4725
0.6521
0.4204
0.4746
0.5883
0.6483
0.5867
0.5604
0.6679
0.6038
0.6533
0.5779
0.5808
0.6
0.655
0.5496
0.5446
0.5721
0.6371
0.5625
0.6729
0.6446
0.545
0.5508
0.6488
0.6471
0.6683
0.6146
0.6296
0.65
0.5129
0.5042
0.4846
0.475
0.5554
0.7004
0.71
0.6629
0.5704
0.7413
0.8225
0.8696
0.6558
0.5788
0.6325
0.6688
0.6971
0.6567
0.5004
0.5433
0.4896
0.46
0.5329
0.5746
0.6642
0.6279
0.5829
0.5775
0.6608
0.74
0.7413
0.7825
0.7996
0.7554
0.6725
0.6396
0.8546
0.7842
0.8092
0.8083
0.7196
0.6675
0.7204
0.6254
0.7121
0.7533
0.8425
0.7083
0.6721
0.81
0.7033
0.7821
0.73
0.7588
0.6721
0.6258
0.7508
0.825
0.8446
0.8775
0.88
0.6996
0.555
0.5708
0.7108
0.7621
0.6454
0.7171
0.7721
0.8338
0.7658
0.5888
0.6113
0.6225
0.5438
0.57
0.7521
0.6404
0.6446
0.6179
0.5583
0.6717
0.6654
0.7642
0.7213
0.6713
0.8317
0.7667
0.875
0.5058
0.6325
0.6563
0.8413
0.6983
0.69
0.6413
0.6492
0.6121
0.6229
0.74
0.8375
0.9179
0.9288
-99
-99
0.8717
0.9354
0.9113
0.9279
0.845
0.82
0.8721
0.8842
0.8513
0.8021
0.8067
0.7129
0.6021
0.5979
0.8421
0.8754
0.7971
0.8621
0.8663
0.7471
0.8613
0.9021
0.87
0.8429
0.8354
0.6158
0.5958
0.8288
0.6946
0.4342
0.6721
0.5808
0.6675
0.6546
0.7642
0.8596
0.8238
0.8079
0.8896
0.7083
0.7142
0.8283
0.7725
0.5663
0.5888
0.6388
0.5554
0.5267
0.5067
0.505
0.5758
0.7538
0.7483
0.5642
0.5775
0.6821
0.8208
0.7604
0.5617
0.5454
0.6613
0.7629
0.7721
0.7729
0.8688
0.8275
0.7596
0.7463
0.8263
0.6171
0.4538
0.5525
0.55
0.5167
0.5496
0.5038
0.7708
0.6971
0.6063
0.595
0.6117
0.6004
0.6004
0.6138
0.5925
0.6346
0.5254
0.3738
0.4646
0.3667
0.4192
0.5971
0.7583
0.6625
0.715
0.7054
0.5933
0.6213
0.7154
0.6421
0.7221
0.7763
0.8871
0.7296
0.6754
0.7754
0.7942
0.62
0.6113
0.6804
0.6838
0.7075
0.6017
0.6654
0.6842
0.5363
0.5238
0.4788
0.4588
0.5567
0.6579
0.6438
0.4929
0.5138
0.5117
0.5604
0.5146
0.4813
0.4933
0.4917
0.4621
0.5321
0.5229
0.5792
0.6783
0.7104
0.7208
0.6258
0.7425
0.5838
0.455
0.5371
0.6433
0.5704
0.5375
0.5133
0.5275
0.6254
0.5433
0.6121
0.6738
0.5217
0.4225
0.3846
0.4971
0.5363
0.5154
0.4771
0.3913
0.5058
0.5596
0.7629
0.5392
0.4783
0.5213
0.4079
0.465
0.505
0.5308
0.5371
0.3979
0.4233
0.5529
0.4721
0.5142
0.5138
0.43
0.4004
0.4663
0.5471
0.5621
0.5946
0.5933
0.5558
0.5625
0.4704
0.4625
0.3842
0.5142
0.5017
0.5325
0.5092
0.6063
0.4617
0.5288
0.5496
0.4958
0.6075
0.6242
0.5388
0.6088
0.5808
0.6396
0.4092
0.3771
0.4804
0.6054
0.6583
0.6958
0.4767
0.3683
0.4529
0.5725
0.4933
0.4929
0.555
0.3946
0.5458
0.6838
0.5054
0.6288
0.6413
0.6342
0.6396
0.5525
0.625
0.6454
0.5613
0.615
0.5375
0.5092
0.5017
0.4767
0.5275
0.4313
0.4304
0.4
0.4467
0.5271
0.5183
0.5788
0.5875
0.6479
0.5863
0.6263
0.5742
0.4071
0.4304
0.6317
0.6171
0.6071
0.5604
0.5104
0.485
0.5888
0.6438
0.6142
0.5529
0.5538
0.5967
0.6271
0.6433
0.4746
0.4988
0.47
0.6263
0.6979
0.5396
0.535
0.5204
0.6167
0.7058
0.5892
0.5333
0.5908
0.74
0.6738
0.6363
0.7829
0.7346
0.4904
0.5421
0.6425
0.715
0.7004
0.7675
0.6817
0.5838
0.5104
0.5513
0.4967
0.4467
0.4167
0.3804
0.3329
0.3629
0.5067
0.6917
0.7117
0.6679
0.7071
0.5583
0.5946
0.6467
0.6754
0.7979
0.8075
0.8421
0.8163
0.7817
0.7913
0.5913
0.4821
0.5583
0.5938
0.6096
0.6717
0.6213
0.5804
0.5904
0.5692
0.6863
0.7646
0.7846
0.695
0.7096
0.7642
0.7904
0.8104
0.8779
0.8229
0.6629
0.5925
0.72
0.7371
0.6863
0.6683
0.6721
0.8421
0.6275
0.5433
0.6621
0.7275
0.5771
0.6563
0.8267
0.8129
0.6642
0.76
0.8383
0.9208
0.8542
0.6796
0.7808
0.5783
0.5575
0.7221
0.6675
0.5942
0.6279
0.8758
0.9425
0.9058
0.8283
0.6429
0.8767
0.6904
0.7838
0.8596
0.8488
0.7346
0.5288
0.6429
0.8246
0.8633
0.8367
0.6063
0.8871
0.7317
0.5721
0.5896
0.7658
0.9046
0.7196
0.7746
0.6496
0.7892
0.8029
0.8875
0.8663
0.6654
0.6967
0.8175
0.8258
0.8225
0.7804
0.7729
0.5958
0.5983
0.5867
0.5446
0.6233
0.5996
0.7183
0.7696
0.8596
0.6538
0.5421
0.6267
0.8992
0.63
0.4758
0.4733
0.5075
0.6138
0.6442
0.795
0.8692
0.8279
0.7308
0.6313
0.5638
0.7908
0.8333
0.655
0.5483
0.7408
0.5525
0.8258
0.5588
0.595
0.6613
0.8446
0.6192
0.5917
0.5921
0.8079
0.5867
0.4113
0.4129
0.5521
0.5754
0.5417
0.4554
0.5029
0.6663
0.7188
0.7225
0.8625
0.7321
0.7692
0.8113
0.7963
0.7646
0.7883
0.5608
0.4671
0.5417
0.7179
0.5638
0.4975
0.5525
0.5371
0.61
0.5433
0.5629
0.6008
0.7879
0.4979
0.5142
0.5271
0.4825
0.7363
0.7629
0.7625
0.5767
0.6308
0.6958
0.775
0.6488
0.6046
0.615
0.6467
0.7625
0.6717
0.6275
0.5438
0.5621
0.55
0.6558
0.7025
0.6146
0.5125
0.8492
0.5579
0.5229
0.4846
0.6675
0.6271
0.7442
0.7388
0.595
0.6454
0.5417
0.5
0.4617
0.4354
0.4263
0.3867
0.335
0.4321
0.4642
0.4925
0.5446
0.5379
0.5429
0.4808
0.5304
0.6963
0.4483
0.4121
0.4308
0.35
0.4125
0.4763
0.5404
0.6079
0.7163
0.6925
0.6846
0.8121
0.6129
0.6925
0.7346
0.6242
0.5667
0.4483
0.5133
0.5167
0.4808
0.4538
0.3871
0.3575
0.4904
0.5779
0.5846
0.5892
0.5154
0.4588
0.4742
0.5096
0.4033
0.4329
0.5508
0.5254
0.5175
0.4046
0.4146
0.4746
0.5558
0.5154
0.4667
0.4992
0.4525
0.5729
0.5792
0.5008
0.6254
0.4721
0.4988
0.5842
0.5788
0.5983
0.565
0.3988
0.3588
0.4221
0.41
0.4658
0.5
0.4475
0.4788
0.6133
0.6496
0.6617
0.455
0.4563
0.3929
0.4575
0.5404
0.5829
0.5038
0.4717
0.4333
0.4696
0.5571
0.43
0.4033
0.4946
0.6304
0.5796
0.6975
0.5917
0.5238
0.5083
0.5417
0.5067
0.5513
0.6246
0.4383
0.3913
0.4004
0.4429
0.5308
0.6113
0.7075
0.6233
0.5238
0.6067
0.6429
0.6158
0.3879
0.41
0.4367
0.6075
0.5738
0.3867
0.4529
0.5604
0.6317
0.7613
0.55
0.4983
0.79
0.7192
0.74
0.7621
0.5988
0.5058
0.4542
0.5042
0.5675
0.5813
0.6338
0.6571
0.7079
0.6954
0.4488
0.4883
0.6442
0.7213
0.7379
0.7321
0.725
0.6642
0.8346
0.6854
0.5508
0.5458
0.5363
0.4975
0.4521
0.5408
0.5396
0.695
0.7946
0.8254
0.6629
0.4029
0.4863
0.55
0.6175
0.7583
0.625
0.6113
0.5783
0.5517
0.6013
0.7392
0.7946
0.7629
0.645
0.6925
0.6067
0.4958
0.5296
0.6296
0.7542
0.7275
0.5879
0.5154
0.6992
0.5658
0.7346
0.8675
0.7479
0.5871
0.58
0.6213
0.6142
0.5733
0.7125
0.6121
0.7558
0.8646
0.6854
0.6588
0.6096
0.6279
0.7533
0.8417
0.8867
0.8283
0.7233
0.5833
0.8704
0.8883
0.8813
0.6896
0.4038
0.4867
0.4583
0.6471
0.7513
0.8038
0.8963
0.8783
0.7925
0.5708
0.4808
0.4342
0.6721
0.6071
0.7429
0.8183
0.8142
0.8404
0.6625
0.6321
0.7933
0.8596
0.9288
0.9313
0.8413
0.7758
0.8008
0.6858
0.6267
0.73
0.8954
0.9054
0.8963
0.8942
0.8608
0.7879
0.7075
0.4708
0.465
0.5608
0.68
0.7304
0.7529
0.7325
0.8604
0.7904
0.8025
0.6946
0.5817
0.52
0.5763
0.6667
0.6617
0.6513
0.7104
0.7988
0.7504
0.8221
0.7946
0.675
0.6721
0.5654
0.7858
0.6221
0.6825
0.5058
0.7538
0.57
0.5667
0.5633
0.5529
0.54
0.5992
0.5708
0.425
0.4946
0.48
0.4946
0.6446
0.885
0.76
0.6938
0.6458
0.6513
0.7077
0.7208
0.7825
0.9488
0.69
0.7888
0.9046
0.8471
0.5954
0.59
0.5688
0.6508
0.7454
0.7592
0.6308
0.7554
0.7875
0.8258
0.6433
0.6138
0.5563
0.6179
0.6246
0.6579
0.6942
0.7892
0.6388
0.6708
0.6708
0.6008
0.5308
0.495
0.525
0.5717
0.5492
0.5375
0.7054
0.5463
0.575
0.6021
0.6179
0.7121
0.655
0.7208
0.8867
0.79
0.8463
0.7308
0.5954
0.5758
0.7021
0.7438
0.7042
0.7121
0.6871
0.5954
0.4854
0.6538
0.6208
0.7779
0.7063
0.7096
0.7375
0.7129
0.6817
0.645
0.6296
0.4571
0.5521
0.6892
0.5808
0.6308
0.5625
0.4842
0.4892
0.4763
0.4642
0.4671
0.5846
0.5667
0.5667
0.7533
0.7963
0.6508
0.4208
0.59
0.82
0.8163
0.7079
0.7
0.6546
0.4792
0.555
0.6404
0.5083
0.6883
0.675
0.565
0.6079
0.6129
0.59
0.4521
0.4796
0.6967
0.6492
0.6063
0.5338
0.5004
0.5629
0.54
0.6054
0.5783
0.6325
0.4446
0.4921
0.5725
0.7138
0.6071
0.4988
0.5275
0.4779
0.4467
0.6692
0.6267
0.5521
0.7154
0.5458
0.4821
0.5071
0.6308
0.5
0.4904
0.4896
0.4829
0.5263
0.4325
0.4167
0.4788
0.5029
0.4721
0.5629
0.55
0.6121
0.5725
0.5621
0.6821
0.6163
0.6433
0.5508
0.7033
0.6283
0.5958
0.4217
0.4013
0.5296
0.6629
0.6638
0.745
0.5879
0.5879
0.6067
0.6283
0.6158
0.575
0.5879
0.535
0.4692
0.5792
0.6554
0.6229
0.5129
0.4142
0.6279
0.6363
0.6108
0.6829
0.6654
0.6621
0.6583
0.5633
0.4925
0.4858
0.4633
0.4825
0.6717
0.6679
0.4921
0.505
0.6517
0.5475
0.6242
0.6733
0.7158
0.5008
0.4896
0.5496
0.6925
0.6992
0.7092
0.6333
0.6692
0.6592
0.6013
0.5995
0.6538
0.6733
0.6792
0.6483
0.5058
0.4904
0.5254
0.5204
0.5175
0.5363
0.5188
0.4963
0.5325
0.5138
0.5463
0.6063
0.7221
0.7204
0.7063
0.6563
0.6538
0.4738
0.62
0.7796
0.7933
0.8313
0.6188
0.6804
0.8588
0.9008
0.8525
0.7838
0.8504
0.8021
0.8029
0.8579
0.9363
0.7654
0.6663
0.7733
0.7417
0.7688
0.8154
0.8496
0.8354
0.8171
0.76
0.8983
0.7875
0.825
0.8863
0.8804
0.9429
0.8346
0.9104
0.8092
0.8592
0.8992
0.8371
0.905
0.8763
0.9088
0.8675
0.9108
0.8992
0.7267
0.6363
0.6538
0.6567
0.5992
0.7592
0.9279
0.8821
0.8575
0.7792
0.8304
0.7788
0.6271
0.7158
0.5658
0.6429
0.65
0.6046
0.6308
0.6133
0.7846
0.565
0.6171
0.8088
0.8067
0.8563
0.6729
0.61
0.5721
0.7288
0.6858
0.6238
0.6042
0.5125
0.5204
0.6008
0.6933
0.7429
0.9179
0.9542
0.9267
0.8813
0.8379
0.9092
0.9033
0.8458
0.8733
0.9233
0.7279
0.6442
0.6408
0.685
0.6383
0.7983
0.8175
0.8913
0.6558
0.5075
0.6008
0.6438
0.7079
0.5142
0.3754
0.3367
0.695
0.4708
0.3313
0.3617
0.6021
0.43
0.3575
0.3567
0.4192
0.5846
0.5571
0.5263
0.6208
0.6838
0.5425
0.4117
0.4754
0.4817
0.4354
0.4788
0.5608
0.5196
0.585
0.7354
0.7579
0.695
0.76
-99
0.5908
0.4554
0.4913
0.5158
0.4271
0.5392
-99
0.465
0.5725
0.5813
0.5196
0.6625
0.5638
0.6288
0.4883
0.5188
0.5875
0.8254
0.6421
0.675
0.6425
0.5892
0.6154
0.6104
0.5504
0.4983
0.43
0.4913
0.5621
0.6879
0.7921
0.7404
0.8092
0.8013
0.6396
0.535
0.5621
0.6813
0.5346
0.6583
0.5263
0.6117
0.5013
0.37
0.4546
0.4867
0.4725
0.5738
0.565
0.5583
0.5304
0.415
0.6888
0.5986
0.6242
0.7483
0.6608
0.7271
0.6767
0.6708
0.6438
0.6625
0.6588
0.5383
0.5588
0.5858
0.6183
0.5061
0.4967
0.4733
0.4638
0.5217
0.3296
0.5029
0.7304
0.6771
0.7013
0.6854
0.5267
0.5038
0.4538
0.4983
0.5567
0.6025
0.5829
0.5179
0.5267
0.5596
0.5467
0.5517
0.4796
0.6408
0.4146
0.4546
0.5733
0.6608
0.4404
0.4725
0.5079
0.5129
0.4258
0.4433
0.5958
0.5558
0.5429
0.5675
0.6258
0.6896
0.6183
0.4579
0.4354
0.5379
0.5488
0.4063
0.5625
0.5854
0.5521
0.53
0.4988
0.5175
0.4275
0.6388
0.6475
0.71
0.5933
0.675
0.6046
0.6375
0.5683
0.5142
0.5458
0.6113
0.5488
0.3858
0.4621
0.4542
0.3954
0.3863
0.4296
0.4675
0.4754
0.4838
0.5783
0.5858
0.5558
0.5283
0.5763
0.5721
0.645
0.6554
0.5146
0.5442
0.4888
0.5788
0.6313
0.5392
0.5921
0.4721
0.4538
0.5033
0.5183
0.4679
0.6175
0.6488
0.4488
0.4988
0.5992
0.5596
0.5563
0.4496
0.4371
0.5379
0.6004
0.5571
0.4283
0.5117
0.6879
0.6363
0.6746
0.595
0.4313
0.4171
0.4008
0.4392
0.4692
0.505
0.4921
0.5675
0.6425
0.6821
0.6875
0.6458
0.5263
0.4625
0.4167
0.4121
0.6608
0.6867
0.6804
0.5875
0.6283
0.6863
0.7104
0.7025
0.4229
0.4554
0.6071
0.6175
0.7588
0.8933
0.5958
0.5875
0.6504
0.7579
0.7171
0.745
0.7829
0.6117
0.7179
0.5846
0.725
0.7808
0.6542
0.5767
0.6933
0.6038
0.6592
0.735
0.7
0.7333
0.8967
0.8717
0.7675
0.8013
0.8213
0.8658
0.8388
0.5975
0.5288
0.5992
0.8525
0.7267
0.6175
0.6779
0.8358
0.8846
0.6271
0.6383
0.7263
0.7708
0.9238
0.8179
0.7338
0.6475
0.6833
0.79
0.8571
0.9154
0.9292
0.8929
0.74
0.9071
0.7863
0.7283
0.8925
0.8667
0.8563
0.8713
0.6929
0.6646
0.645
0.6746
0.6192
0.5796
0.5892
0.5988
0.6083
0.6504
0.7513
0.58
0.6913
0.7696
0.8517
0.9033
0.8538
0.945
0.8313
0.7388
0.6683
0.6946
0.8538
0.75
0.635
0.7692
0.8763
0.9375
0.8796
0.6325
0.6238
0.735
0.8833
0.6267
0.8621
0.7738
0.6371
0.7467
0.7642
0.7413
0.7875
0.8375
0.8504
0.79
0.635
0.6158
0.7913
0.7238
0.6867
0.6517
0.6225
0.5396
0.8071
0.885
0.6683
0.6196
0.7396
0.5963
0.7029
0.6329
0.63
0.7963
0.5875
0.7
0.7446
0.705
0.7642
0.6033
0.4429
0.6438
0.6217
0.6025
0.5288
0.6583
0.5638
0.5458
0.5363
0.5679
0.6171
0.5833
0.5846
0.8058
0.8488
0.8052
0.8158
0.7971
0.6796
0.6958
0.6171
0.5317
0.5346
0.6871
0.7017
0.7967
0.7633
0.6363
0.7854
0.8625
0.8438
0.7671
0.6808
0.5663
0.6875
0.5863
0.5358
0.5679
0.5975
0.5396
0.5104
0.7413
0.86
0.5883
0.6546
0.5933
0.65
0.775
0.7292
0.6417
0.6317
0.7971
0.7738
0.6738
0.7783
0.5975
0.5583
0.6363
0.5563
0.6267
0.7917
0.5975
0.5254
0.5604
0.5758
0.59
0.6083
0.6121
0.5383
0.6254
0.5558
0.4838
0.5304
0.5113
0.5825
0.5242
0.415
0.4575
0.4575
0.5188
0.5833
0.8404
0.8204
0.6138
0.8571
0.9233
0.7888
0.6929
0.6463
0.5833
0.59
0.63
0.5446
0.5396
0.6071
0.7033
0.5575
0.4763
0.4813
0.5683
0.8396
0.805
0.5125
0.6488
0.6492
0.6129
0.7292
0.6321
0.5621
0.5454
0.4296
0.4342
0.6092
0.7904
0.6513
0.5021
0.5488
0.515
0.5388
0.5321
0.5054
0.5504
0.6408
0.5838
0.6263
0.7033
0.7154
0.5558
0.5238
0.5467
0.6208
0.6513
0.5933
0.4163
0.6588
0.9042
0.6521
0.5867
0.675
0.5025
0.5204
0.4288
0.4796
0.5383
0.4833
0.4346
0.4054
0.5325
0.5821
0.6158
0.5883
0.5538
0.6221
0.5283
0.4771
0.5275
0.5554
0.6571
0.6342
0.6379
0.6308
0.5367
0.5296
0.5408
0.5425
0.6475
0.6608
0.5917
0.5425
0.5175
0.5888
0.6558
0.6421
0.5904
0.6567
0.4233
0.3925
0.4571
0.5142
0.5538
0.6104
0.6929
0.5888
0.6342
0.6367
0.65
0.5567
0.4496
0.4721
0.5858
0.6704
0.5458
0.5278
0.6079
0.6454
0.6333
0.6446
0.5504
0.5192
0.6471
0.6717
0.6663
0.5471
0.44
0.5546
0.4971
0.5971
0.6346
0.6
0.4758
0.4567
0.5333
0.5954
0.6629
0.635
0.6954
0.7933
0.725
0.4883
0.5246
0.4467
0.4875
0.5908
0.6617
0.4696
0.4325
0.5021
0.5175
0.4992
0.5558
0.5354
0.6596
0.7129
0.6967
0.7208
0.6996
0.7133
0.5833
0.5329
0.56
0.5523
0.5846
0.7504
0.8079
0.6321
0.5638
0.6133
0.6521
0.6013
0.5783
0.4371
0.5071
0.6175
0.5767
0.6042
0.5283
0.5933
0.764
0.7346
0.7842
0.7617
0.7667
0.6646
0.6975
0.7217
0.7146
0.6038
0.5983
0.5279
0.5329
0.5283
0.5575
0.59
0.6088
0.7288
0.6071
0.5967
0.7108
0.6158
0.5021
0.5509
0.5717
0.6121
0.6283
0.5246
0.4521
0.8792
0.9196
0.8896
0.6513
0.6408
0.5988
0.5488
0.5892
0.5913
0.5725
0.5367
0.6117
0.715
0.7988
0.6496
0.5817
0.6388
0.7054
0.7738
0.8279
0.7067
0.8538
0.9404
0.9458
0.9421
0.9325
0.9029
0.8675
0.8529
0.9308
0.8596
0.8871
0.9233
0.9433
0.6267
0.7525
0.8183
0.8888
0.9225
0.8225
0.5688
0.7721
0.7313
0.5975
0.7563
0.8079
0.8333
0.9342
0.815
0.7917
0.615
0.8225
0.8779
0.9196
0.9588
0.8683
0.8675
0.8888
0.9067
0.8038
0.8715
0.9094
0.865
0.9483
0.8063
0.5933
0.6592
0.8096
0.6471
0.61
0.5825
0.6217
0.6317
0.6796
0.9288
0.6421
0.7096
0.7733
0.5363
0.765
0.6958
0.6275
0.7642
0.6008
0.6821
0.6633
0.6621
0.675
0.6967
0.6829
0.7252
-99
-99
0.785
0.7204
0.5579
0.6517
0.555
0.5521
0.7296
0.7675
0.6667
0.6292
0.7071
0.6925
0.7171
0.7042
0.5738
0.53
0.5858
0.6458
0.6504
0.6171
0.6954
0.5967
0.6121
0.6975
0.7104
0.6775
0.5796
0.4883
0.5458
0.5633
0.6263
0.7633
0.75
0.7167
0.5079
0.5996
0.6104
0.5888
0.5454
0.6233
0.5983
0.8808
0.7846
0.7325
0.7129
0.8996
0.5438
0.5463
0.6375
0.7117
0.6867
0.6804
0.7033
0.7125
0.7183
0.6258
0.6588
0.6538
0.6467
0.615
0.4575
0.4033
0.7779
0.8829
0.6629
0.6454
0.7713
0.5363
0.6021
0.4517
0.4825
0.4838
0.4504
0.4758
0.455
0.4775
0.495
0.6714
0.6767
0.762
0.6267
0.5629
0.5581
0.486
0.6296
0.3973
0.4181
0.5052
0.5725
0.5315
0.604
0.6558
0.656
0.6804
0.6373
0.6229
0.6858
0.6548
0.5956
0.541
0.7665
0.5488
0.6804
0.5456
0.5235
0.4958
0.5306
0.5527
0.5663
0.6946
0.6
0.5933
0.4798
0.4483
0.4677
0.5488
0.5144
0.4234
0.4388
0.5156
0.5113
0.5754
0.6448
0.5419
0.4558
0.6052
0.6327
0.786
0.65
0.4846
0.5817
0.6206
0.4127
0.4875
0.6525
0.6725
0.6394
0.591
0.5223
0.5983
0.5446
0.4098
0.4433
0.4554
0.4538
0.4667
0.46
0.4767
0.6248
0.6102
0.624
0.5429
0.5652
0.394
0.43
0.4279
0.5067
0.6008
0.5658
0.5998
0.4963
0.5273
0.4173
0.4146
0.4733
0.6792
0.7121
0.6333
0.6523
0.6146
0.5804
0.5298
0.6502
0.6679
0.5325
0.5513
0.641
0.4802
0.4383
0.4488
0.4231
0.5279
0.6419
0.6563
0.5983
0.5838
0.7094
0.48
0.6465
0.6696
0.5288
0.5621
0.6892
0.6573
0.6027
0.6138
0.5228
0.5773
0.6917
0.6792
0.6463
0.6767
0.6798
0.6694
0.7046
0.6971
0.5821
0.52
0.5548
0.7131
0.5954
0.6996
0.735
0.6904
0.6815
0.6379
0.655
0.8719
0.759
0.5769
0.5706
0.6479
0.709
0.8733
0.825
0.8806
0.8035
0.7908
0.7533
0.7302
0.6438
0.759
0.7021
0.7035
0.7081
0.8208
0.779
0.689
0.6706
0.7323
0.641
0.6759
0.6785
0.6454
0.7129
0.7342
0.5092
0.4329
0.3125
0.3738
0.6142
0.6988
0.7456
0.7408
0.8154
0.8173
0.7904
0.8177
0.8042
0.7765
0.7315
0.6494
0.6473
0.6842
0.7056
0.8135
0.7373
0.9329
0.7435
0.7863
0.899
0.6558
0.6583
0.6683
0.7033
0.7629
0.8521
0.8738
0.851
0.7577
0.8221
0.8423
0.8719
0.909
0.7742
0.9288
0.8921
0.7135
0.6583
0.689
0.9044
0.6874
0.6525
0.59
0.6727
0.5106
0.67
0.6365
0.8804
0.909
0.8596
0.8585
0.7129
0.6598
0.6675
0.7979
0.8135
0.8375
0.9067
0.8915
0.8654
0.8656
0.8073
0.7081
0.5225
0.5185
0.5279
0.6642
0.6867
0.6979
0.691
0.6529
0.9073
0.8985
0.8492
0.8283
0.896
0.8944
0.6783
0.8913
0.9431
0.8406
0.9138
0.7617
0.6317
0.7458
0.739
0.6475
0.7371
0.6879
0.5372
0.57
0.4094
0.5392
0.5985
0.6013
0.524
0.7415
0.686
0.6023
0.6827
0.654
0.7673
0.4869
0.5467
0.6352
0.6048
0.6763
0.775
0.8317
0.855
0.8173
0.7377
0.7752
0.6023
0.6642
0.604
0.7258
0.8104
0.6798
0.5263
0.5881
0.581
0.6242
0.5981
0.4663
0.5913
0.6065
0.6508
0.7433
0.5642
0.4154
0.5092
0.619
0.6623
0.5981
0.6494
0.6335
0.5967
0.5565
0.5283
0.5698
0.6233
0.6733
0.7048
0.6558
0.781
0.9256
0.8831
0.8483
0.8831
0.6023
0.5933
0.5442
0.5273
0.4977
0.4783
0.4931
0.474
0.4769
0.5879
0.5077
0.5806
0.6469
0.6444
0.5983
0.5883
0.6058
0.6785
0.5781
0.5279
0.5135
0.6315
0.7748
0.6358
0.706
0.5579
0.5998
0.6273
0.6394
0.5919
0.705
0.6115
0.7602
0.5756
0.489
0.6356
0.6725
0.6415
0.5875
0.5448
0.5916
0.5246
0.4825
0.7071
0.5021
0.5056
0.5931
0.5515
0.6113
0.6504
0.5288
0.4429
0.484
0.4835
0.506
0.66
0.4979
0.4515
0.4392
0.4598
0.4694
0.469
0.4602
0.4975
0.5896
0.5244
0.5167
0.5763
0.5985
0.6388
0.5492
0.4188
0.4321
0.4456
0.3906
0.4083
0.5306
0.7492
0.6858
0.6383
0.7558
0.6248
0.641
0.5854
0.4731
0.4371
0.4735
0.4485
0.5608
0.5548
0.6181
0.5752
0.6158
0.5158
0.4963
0.5175
0.5094
0.546
0.515
0.5163
0.5398
0.4279
0.4448
0.5571
0.4583
0.4038
0.4331
0.6717
0.5573
0.4994
0.4271
0.5027
0.6044
0.5385
0.6035
0.6194
0.5692
0.5956
0.6148
0.5273
0.5206
0.6173
0.4292
0.476
0.5192
0.5273
0.5752
0.615
0.7188
0.625
0.6708
0.6546
0.5938
0.6438
0.67
0.5867
0.7319
0.5096
0.4935
0.6427
0.6498
0.4765
0.451
0.4694
0.4425
0.58
0.6583
0.5063
0.6006
0.6656
0.7108
0.5235
0.3708
0.5119
0.6479
0.6056
0.6148
0.5852
0.6467
0.6638
0.5825
0.721
0.7138
0.7492
0.5398
0.539
0.5598
0.626
0.6435
0.7056
0.7548
0.7148
0.5892
0.4752
0.6129
0.5229
0.4529
0.4938
0.5125
0.4477
0.4579
0.4706
0.4885
0.5283
0.5396
0.6613
0.6506
0.6654
0.715
0.7279
0.7085
0.6929
0.6696
0.7573
0.6554
0.4983
0.5196
0.6215
0.6396
0.7321
0.6713
0.6938
0.6485
0.4879
0.4927
0.5879
0.759
0.755
0.7685
0.6756
0.4935
0.5431
0.6321
0.8168
0.6869
0.754
0.7548
0.5396
0.6454
0.7356
0.7127
0.7563
0.8079
0.8008
0.7521
0.7227
0.779
0.83
0.8208
0.891
0.818
0.8117
0.8117
0.7723
0.7742
0.8958
0.8456
0.8038
0.8617
0.8802
0.7123
0.5583
0.6165
0.59
0.7388
0.63
0.5075
0.6004
0.635
0.6279
0.7773
0.8202
0.815
0.8471
0.8208
0.8438
0.8263
0.8621
0.8123
0.8058
0.904
0.885
0.8863
0.88
0.8519
0.8763
0.8332
0.9021
0.8471
0.8671
0.8638
0.8225
0.9517
0.9231
0.9185
0.9248
0.9348
0.9285
0.8423
0.8436
0.8823
0.8533
0.8548
0.68
0.786
0.9
0.6931
0.5613
0.726
0.7067
0.7294
0.794
0.5519
0.5079
0.6656
0.785
0.609
0.5494
0.6265
0.675
0.6606
0.7638
0.8083
0.8402
0.821
0.8579
0.8121
0.8319
0.7613
0.7285
0.7854
0.7996
0.6588
0.6567
0.7854
0.6054
0.6046
0.7338
0.7875
0.5344
0.6077
0.6056
0.6371
0.8406
0.7908
0.7596
0.6219
0.5542
0.4815
0.5075
0.7117
0.6085
0.6463
0.5871
0.6088
0.5396
0.5952
0.5427
0.6354
0.8654
0.689
0.5417
0.5198
0.455
0.5385
0.6281
0.5515
0.5402
0.6521
0.4635
0.6394
0.609
0.5623
0.4933
0.5329
0.7815
0.8344
0.695
0.6619
0.7925
0.825
0.7704
0.8156
0.6371
0.4765
0.4819
0.554
0.6588
0.5713
0.6221
0.6342
0.7227
0.5885
0.5044
0.4785
0.6717
0.8383
0.9256
0.604
0.5402
0.4752
0.5408
0.6881
0.6
0.6394
0.555
0.5502
0.6579
0.6796
0.5798
0.589
0.6135
0.6606
0.6665
0.7842
0.554
0.4602
0.4604
0.4883
0.614
0.7819
0.6225
0.586
0.3881
0.414
0.4408
0.5756
0.6031
0.6535
0.6363
0.8058
0.8671
0.8419
0.6875
0.6427
0.5377
0.5208
0.4925
0.4477
0.5021
0.716
0.4627
0.5696
0.6944
0.5952
0.4277
0.6456
0.639
0.615
0.6138
0.6777
0.4269
0.4391
0.4406
0.3848
0.4585
0.6508
0.701
0.7002
0.6888
0.6075
0.586
0.5525
0.5767
0.5242
0.3623
0.4013
0.4096
0.5169
0.4425
0.4923
0.4875
0.4106
0.4227
0.4669
0.4813
0.5108
0.5131
0.5133
0.4819
0.4635
0.5554
0.6156
0.5492
0.6058
0.5058
0.4992
0.531
0.4758
0.4663
0.5079
0.4633
0.5067
0.5096
0.5217
0.4592
0.3763
0.3996
0.4044
0.4723
0.4729
0.4481
0.5894
0.5342
0.5019
0.4969
0.4473
0.4552
0.4265
0.4735
0.5135
0.45
0.5971
0.6246
0.4413
0.4785
0.4602
0.6013
0.5329
0.3875
0.4463
0.4663
0.4688
0.4529
0.4304
0.4342
0.4754
0.5467
0.5877
0.6056
0.6896
0.6302
0.59
0.6277
0.5267
0.3792
0.4965
0.5846
0.4565
0.4819
0.5994
0.6267
0.6527
0.5138
0.5667
0.6642
0.586
0.5677
0.5444
0.4892
0.305
0.4138
0.6275
0.6952
0.6238
0.6629
0.5923
0.6552
0.6388
0.6275
0.5623
0.5606
0.566
0.5085
0.5015
0.574
0.5552
0.6785
0.7071
0.655
0.6446
0.6546
0.5313
0.586
0.675
0.6871
0.6092
0.6352
0.7238
0.68
0.6825
0.7288
0.7183
0.464
0.5394
0.4721
0.4842
0.6813
0.8427
0.7567
0.7192
0.7777
0.821
0.746
0.6302
0.565
0.5808
0.8485
0.7431
0.7681
0.8323
0.8115
0.7167
0.7494
0.8585
0.8494
0.8673
0.8373
0.8723
0.7713
0.9048
0.846
0.6058
0.6167
0.6181
0.5463
0.5367
0.559
0.6454
0.6792
0.5408
0.6592
0.7411
0.7848
0.7992
0.6658
0.704
0.8229
0.894
0.9029
0.821
0.8725
0.9244
0.9215
0.8527
0.89
0.8158
0.911
0.9302
0.8946
0.8658
0.8029
0.9048
0.937
0.8948
0.8894
0.9156
0.8823
0.8729
0.9271
0.9221
0.893
0.9415
0.8783
0.9129
0.864
0.7181
0.7577
0.8913
0.854
0.9015
0.8529
0.8725
0.857
0.8904
0.8729
0.8885
0.885
0.8808
0.8725
0.8659
0.921
0.7092
0.7542
0.8265
0.7606
0.7871
0.7017
0.7465
0.7938
0.5748
0.6129
0.6148
0.5965
0.3885
0.4794
0.6565
0.7354
0.7408
0.6998
0.6952
0.5104
0.5727
0.7658
0.8883
0.6856
0.7788
0.7681
0.8515
0.841
0.896
0.8556
0.7819
0.614
0.5796
0.6044
0.5225
0.6188
0.7567
0.8602
0.6706
0.7592
0.8252
0.844
0.8175
0.8865
0.879
0.8996
0.7994
0.7685
0.7585
0.8071
0.6396
0.5527
0.7519
0.6835
0.5753
-99
0.6569
0.74
0.5746
0.6646
0.5438
0.5131
0.5775
0.5794
0.5638
0.671
0.5444
0.7613
0.7298
0.7083
0.6556
0.5817
0.6335
0.6298
0.629
0.5469
0.6004
0.5152
0.671
0.7681
0.7306
0.8423
0.7469
0.6469
0.6327
0.7063
0.58
0.5029
0.5169
0.5873
0.5573
0.4919
0.5529
0.5473
0.6188
0.5619
0.4646
0.5521
0.5581
0.466
0.4946
0.4844
0.6319
0.5819
0.5529
0.5688
0.5215
0.5694
0.5356
0.5894
0.7504
0.6115
0.6854
0.5042
0.7281
0.6996
0.461
0.5198
0.6477
0.6685
0.6085
0.4385
0.3904
0.4221
0.7044
0.696
0.6392
0.5931
0.6238
0.5488
0.5869
0.5175
0.5406
0.744
0.4946
0.4852
0.6227
0.5773
0.5525
0.4717
0.4167
0.535
0.6427
0.5052
0.5146
0.5465
0.5221
0.5477
0.6317
0.7635
0.8371
0.6383
0.5367
0.531
0.6885
0.6235
0.544
0.4679
0.4565
0.4398
0.4233
0.471
0.4863
0.4808
0.5517
0.591
0.5633
0.4983
0.4638
0.5138
0.5277
0.5538
0.5734
0.6202
0.5154
0.4025
0.4292
0.4608
0.4273
0.4742
0.5483
0.55
0.5148
0.4444
0.6173
0.5781
0.6421
0.5619
0.5381
0.5738
0.4808
0.4869
0.5331
0.5892
0.6092
0.5806
0.5685
0.6542
0.6825
0.67
0.4696
0.4604
0.4429
0.4988
0.5769
0.6529
0.6158
0.6077
0.6323
0.5708
0.4481
0.4433
0.5488
0.5458
0.6706
0.429
0.4971
0.4746
0.4019
0.4321
0.5444
0.5744
0.6267
0.6021
0.4704
0.5383
0.5088
0.4244
0.5952
0.6273
0.6513
0.5906
0.6358
0.636
0.6594
0.6008
0.6688
0.7373
0.5831
0.4423
0.4621
0.4938
0.6204
0.6329
0.4715
0.4406
0.4925
0.6177
0.46
0.429
0.4523
0.511
0.5565
0.7225
0.5373
0.5163
0.5623
0.4477
0.4788
0.7027
0.7644
0.7498
0.6702
0.5838
0.5929
0.7058
0.7183
0.6967
0.7852
0.6042
0.6219
0.6781
0.6767
0.6319
0.4906
0.5429
0.5815
0.6063
0.6229
0.7517
0.7723
0.7548
0.6902
0.6942
0.6829
0.7223
0.8325
0.7071
0.6217
0.6679
0.5425
0.6169
0.611
0.6798
0.7627
0.5667
0.54
0.5067
0.5619
0.641
0.8042
0.8256
0.8208
0.8006
0.5877
0.5202
0.4292
0.556
0.5892
0.5704
0.5931
0.5385
0.4117
0.4513
0.5542
0.6433
0.639
0.7296
0.7154
0.6804
0.698
0.7681
0.8267
0.7438
0.6604
0.5456
0.7498
0.7196
0.6398
0.5571
0.5163
0.4783
0.434
0.7644
0.816
0.8183
0.805
0.7013
0.5798
0.7667
0.5994
0.5417
0.7544
0.7135
0.641
0.5994
0.6094
0.6723
0.7608
0.7735
0.8444
0.7767
0.8425
0.919
0.931
0.8969
0.6556
0.6308
0.6413
0.6833
0.7779
0.4994
0.6073
0.6146
0.5456
0.6623
0.854
0.8792
0.8648
0.8758
0.7808
0.6142
0.7485
0.8835
0.7513
0.7217
0.5988
0.5677
0.6817
0.6358
0.5285
0.5694
0.5679
0.689
0.8785
0.8683
0.8146
0.6952
0.6992
0.8104
0.8502
0.9117
0.7917
0.5642
0.5938
0.8677
0.8906
0.8081
0.5604
0.656
0.716
0.5019
0.6844
0.5196
0.6692
0.6515
0.7246
0.826
0.7113
0.579
0.6302
0.5952
0.4988
0.4233
0.5331
0.6869
0.5892
0.5223
0.5881
0.8819
0.7954
0.5865
0.6608
0.7285
0.7548
0.6383
0.5823
0.6683
0.7213
0.8242
0.6365
0.5342
0.7083
0.786
0.654
0.5285
0.7296
0.6092
0.6321
0.5327
0.3708
0.4249
0.4456
0.6033
0.5669
0.544
0.536
0.4542
0.5598
0.5865
0.4167
0.486
0.5623
0.6723
0.5319
0.5133
0.6453
0.7113
0.7479
0.8146
0.8454
0.7883
0.7135
0.8298
0.8115
0.6679
0.8825
0.6817
0.6615
0.6746
0.7063
0.679
0.6527
0.6558
0.6042
0.5521
0.5725
0.7092
0.7379
0.6465
0.4777
0.6392
0.5279
0.5444
0.5027
0.561
0.6948
0.8242
0.7565
0.5529
0.5067
0.6433
0.7373
0.4627
0.4992
0.5169
0.5069
0.5677
0.6038
0.6158
0.7183
0.6725
0.6178
0.7477
0.6456
0.6029
0.7383
0.7027
0.9063
0.7588
0.8331
0.7256
0.6769
0.6979
0.7623
0.7227
0.5967
0.7569
0.6658
0.7175
0.6963
0.7321
0.5721
0.5519
0.5442
0.5071
0.4833
0.5058
0.4469
0.4302
0.535
0.5413
0.5148
0.5285
0.5725
0.641
0.6402
0.6415
0.6565
0.6433
0.6142
0.5752
0.6108
0.5708
0.601
0.6565
0.5876
0.5132
0.6288
0.5696
0.5246
0.4783
0.5531
0.6802
0.591
0.571
0.6063
0.5248
0.4867
0.656
0.7058
0.6727
0.5329
0.5577
0.6183
0.6381
0.6577
0.6077
0.6523
0.586
0.6352
0.6156
0.614
0.539
0.5496
0.5838
0.4225
0.4113
0.5998
0.689
0.6602
0.5902
0.5723
0.7277
0.6835
0.615
0.4998
0.5754
0.68
0.6415
0.5163
0.5338
0.4773
0.53
0.6192
0.6163
0.4946
0.4567
0.5254
0.6731
0.7242
0.6713
0.6465
0.5827
0.6019
0.6525
0.739
0.6542
0.7427
0.6623
0.5942
0.7104
0.7454
0.7046
0.6483
0.6546
0.6031
0.6113
0.7233
0.734
0.7458
0.736
0.7219
0.6752
0.5738
0.5058
0.5308
0.4813
0.5263
0.6523
0.6963
0.6492
0.5688
0.4583
0.4735
0.4169
0.4517
0.6467
0.726
0.7306
0.5196
0.6604
0.706
0.8354
0.8277
0.7819
0.7854
0.8471
0.7235
0.7948
0.7608
0.9179
0.9469
0.876
0.861
0.7144
0.6696
0.6163
0.6358
0.7996
0.7448
0.6327
0.6329
0.6538
0.8871
0.7956
0.7873
0.6592
0.7365
0.9252
0.8073
0.7952
0.8748
0.7071
0.7923
0.8052
0.8117
0.8977
0.886
0.9645
0.9091
0.8479
0.7446
0.8577
0.9156
0.9213
0.921
0.9452
0.8915
0.9144
0.7825
0.6623
0.8254
0.919
0.73
0.6992
0.8092
0.799
0.906
0.96
0.7906
0.7673
0.6275
0.5733
0.689
0.8802
0.8963
0.9383
0.6765
0.7196
0.8044
0.689
0.9035
0.7469
0.8046
0.9146
0.8665
0.9413
0.9354
0.9067
0.9477
0.8844
0.8421
0.8275
0.8692
0.9219
0.8971
0.8331
0.8983
0.8596
0.7627
0.546
0.5969
0.6744
0.6017
0.5127
0.5144
0.6617
0.6308
0.6308
0.7821
0.8792
0.8602
0.8621
0.8431
0.8396
0.7085
0.6763
0.634
0.4381
0.6446
0.664
0.6158
0.5944
0.7027
0.6202
0.8708
0.7746
0.6404
0.4725
0.5898
0.6169
0.7969
0.7446
0.7823
0.7946
0.7227
0.576
0.6883
0.8044
0.7879
0.8229
0.7394
0.7213
0.747
0.765
0.8148
0.8094
0.6873
0.6327
0.6956
0.7635
0.7621
0.6246
0.5442
0.4698
0.4775
0.599
0.5765
0.7015
0.746
0.5423
0.654
0.6429
0.6356
0.5083
0.7313
0.5398
0.5233
0.4725
0.5563
0.5652
0.4608
0.5219
0.5315
0.6008
0.5585
0.5394
0.509
0.5238
0.5188
0.5588
0.5544
0.6088
0.6902
0.8275
0.7492
0.6533
0.709
0.5048
0.7529
0.6873
0.6402
0.7067
0.5665
0.5896
0.5408
0.495
0.4067
0.4854
0.6752
0.6198
0.7198
0.6106
0.4744
0.6313
0.8265
0.865
0.8385
0.6425
0.64
0.5373
0.5181
0.5129
0.6723
0.7079
0.6604
0.6223
0.6388
0.5117
0.3881
0.4298
0.7038
0.5894
0.3819
0.584
0.5223
0.4238
0.4945
0.5473
0.6388
0.6796
0.7131
0.5167
0.5813
0.4725
0.5504
0.5002
0.6048
0.8668
-99
-99
0.5395
0.4844
0.466
0.491
0.5838
0.4979
0.499
0.5385
0.6631
0.5727
0.559
0.48
0.456
0.3508
0.4713
0.5758
0.479
0.5729
0.4627
0.4875
0.5667
0.5567
0.5892
0.5496
0.6342
0.6033
0.5079
0.5992
0.5263
0.6771
0.5133
0.4196
0.4096
0.3288
0.4648
0.509
0.5154
0.5179
0.5092
0.5523
0.5844
0.5635
0.6667
0.6446
0.4838
0.5146
0.5069
0.564
0.6304
0.425
0.4927
0.5777
0.5377
0.5427
0.5973
0.5554
0.5288
0.4281
0.5438
0.6219
0.6263
0.5592
0.4721
0.4785
0.4481
0.5663
0.5367
0.5381
0.5773
0.6175
0.5827
0.6463
0.619
0.5258
0.4635
0.5056
0.5765
0.4613
0.4227
0.4094
0.4575
0.5065
0.6806
0.6794
0.6471
0.8346
0.6656
0.52
0.6369
0.6033
0.584
0.6646
0.8042
0.6627
0.6494
0.6277
0.5675
0.5642
0.4958
0.5033
0.5398
0.4698
0.4663
0.4769
0.4917
0.5396
0.5838
0.7373
0.5594
0.6773
0.6708
0.6306
0.6321
0.5715
0.5404
0.6606
0.705
0.7581
0.6821
0.6017
0.5592
0.5023
0.5883
0.7077
0.7238
0.6729
0.6883
0.6106
0.537
0.5231
0.5163
0.575
0.5808
0.4594
0.6008
0.6288
0.5844
0.7665
0.7206
0.729
0.7521
0.5042
0.5917
0.6379
0.7
0.6923
0.8104
0.7306
0.9206
0.8317
0.6973
0.7275
0.8171
0.8406
0.8988
0.9019
0.8273
0.6888
0.7398
0.785
0.5998
0.6246
0.6027
0.586
0.7263
0.61
0.5796
0.6823
0.6617
0.6167
0.7656
0.8183
0.704
0.7192
0.7067
0.701
0.7548
0.8615
0.8075
0.8763
0.7396
0.6194
0.7402
0.8648
0.6531
0.6383
0.7238
0.8771
0.7573
0.8054
0.7373
0.8581
0.9133
0.8956
0.9304
0.8804
0.6496
0.6767
0.7706
0.6931
0.6727
0.6175
0.7667
0.8342
0.8152
0.8158
0.8752
0.7806
0.7856
0.544
0.5985
0.7442
0.9002
0.8006
0.8954
0.8815
0.9371
0.9115
0.8817
0.8425
0.8985
0.8913
0.8897
0.895
0.9367
0.8722
0.9021
0.9673
0.8302
0.7794
0.8775
0.9221
0.899
0.8931
0.8981
0.7442
0.7465
0.8788
0.8279
0.849
0.9242
0.9065
0.9308
0.9123
0.8379
0.831
0.8196
0.8015
0.7669
0.7735
0.8158
0.8125
0.7915
0.6367
0.6438
0.8296
0.8825
0.8923
0.8604
0.74
0.6531
0.7438
0.7488
0.7092
0.894
0.8535
0.7623
0.5646
0.645
0.7689
0.7431
0.7571
0.7252
0.6821
0.6613
0.5217
0.5631
0.6475
0.6821
0.4992
0.5721
0.5796
0.5906
0.5827
0.5715
0.5788
0.531
0.5381
0.5398
0.6621
0.689
0.6604
0.5727
0.7792
0.8119
0.7558
0.8131
0.7598
0.7683
0.7679
0.806
0.8829
0.7356
0.6794
0.7467
0.6763
0.5929
0.5158
0.574
0.909
0.9425
0.8381
0.6508
0.7704
0.7481
0.7058
0.7527
0.7167
0.7021
0.7202
0.6823
0.5827
0.7867
0.7279
0.7581
0.7131
0.7721
0.7767
0.8308
0.8513
0.8625
0.7429
0.7525
0.7352
0.6615
0.7173
0.7817
0.6013
0.5558
0.5604
0.5931
0.5804
0.5852
0.7196
0.6946
0.6029
0.6169
0.7002
0.7317
0.8879
0.6123
0.7302
0.6773
0.9183
0.7517
0.8129
0.5775
0.5308
0.5098
0.5463
0.6294
0.6635
0.6254
0.6325
0.7906
0.6575
0.5808
0.6608
0.6208
0.6742
0.7294
0.734
0.7038
0.7673
0.6835
0.5581
0.7113
0.6825
0.5475
0.5165
0.506
0.6463
0.5369
0.4927
0.5842
0.5571
0.7725
0.596
0.7085
0.7271
0.7379
0.5273
0.5052
0.6654
0.7027
0.6302
0.5377
0.6156
0.6748
0.66
0.6556
0.6029
0.5725
0.4671
0.4438
0.4694
0.4963
0.4635
0.6938
0.626
0.5475
0.5752
0.6752
0.6185
0.4506
0.44
0.4871
0.4967
0.5294
0.6529
0.67
0.5942
0.6
0.515
0.4642
0.5281
0.6138
0.62
0.5492
0.5698
0.5092
0.4925
0.5327
0.5052
0.4602
0.4856
0.5627
0.5996
0.5629
0.5579
0.5896
0.721
0.6502
0.5692
0.5931
0.7015
0.7029
0.5104
0.5285
0.5115
0.6052
0.6594
0.6508
0.514
0.4535
0.501
0.6254
0.6706
0.6969
0.6292
0.4871
0.5006
0.4752
0.469
0.5319
0.5494
0.6508
0.6446
0.5127
0.4475
0.4935
0.6158
0.6254
0.5127
0.5746
0.5452
0.6015
0.6427
0.6898
0.7129
0.7677
0.6421
0.5467
0.6252
0.6108
0.6231
0.694
0.476
0.5254
0.4729
0.5052
0.62
0.6879
0.6608
0.7385
0.5233
0.6769
0.644
0.6413
0.5981
0.7442
0.8092
0.5929
0.5144
0.5552
0.5173
0.5921
0.5463
0.5575
0.621
0.6631
0.7581
0.7133
0.6979
0.9169
0.6623
0.6098
0.7125
0.609
0.5994
0.6783
0.7602
0.7648
0.7221
0.716
0.7308
0.8156
0.9002
0.8915
0.8463
0.891
0.911
0.8904
0.8371
0.9358
0.8944
0.9048
0.8654
0.9008
0.7211
0.8344
0.9217
0.771
0.545
0.6696
0.7619
0.7988
0.9133
0.9229
0.9498
0.8633
0.9121
0.8654
0.9331
0.8046
0.531
0.7242
0.6998
0.649
0.6088
0.8702
0.6948
0.6233
0.7177
0.9256
0.6758
0.7792
0.9298
0.8708
0.9138
0.9292
0.9475
0.9615
0.9092
0.9067
0.9444
0.9633
0.7594
0.5435
0.6152
0.8133
0.6427
0.5946
0.5796
0.6965
0.7167
0.5867
0.5892
0.6996
0.6731
0.8283
0.8477
0.7858
0.9629
0.89
0.7065
0.7585
0.6869
0.7152
0.6479
0.6788
0.5971
0.8019
0.9404
0.976
0.9525
0.7115
0.7079
0.6854
0.8908
0.7623
0.7908
0.7413
0.6958
0.676
0.58
0.5244
0.6717
0.849
0.8488
0.8013
0.7513
0.6327
0.7779
0.8369
0.7115
0.7567
0.8335
0.6308
0.8513
0.8144
0.8098
0.8356
0.8438
0.8656
0.7752
0.7308
0.8067
0.8185
0.824
0.8258
0.8963
0.8169
0.759
0.7585
0.8265
0.8375
0.8123
0.851
0.8223
0.7977
0.7963
0.5821
0.5938
0.6725
0.619
0.5658
0.5267
