20000101
-99
-99
-99
-99
-99
-99
-99
-99
-99
-99
-99
-99
-99
-99
-99
-99
-99
-99
-99
-99
-99
-99
-99
-99
-99
-99
-99
-99
-99
-99
-99
-99
-99
-99
-99
-99
-99
-99
-99
-99
-99
-99
-99
-99
-99
-99
-99
-99
-99
-99
-99
-99
-99
-99
-99
-99
-99
-99
-99
-99
-99
-99
-99
-99
-99
-99
-99
-99
-99
-99
-99
-99
-99
-99
-99
-99
-99
-99
-99
-99
-99
-99
-99
-99
-99
-99
-99
-99
-99
-99
-99
-99
-99
-99
-99
-99
-99
-99
-99
-99
-99
-99
-99
-99
-99
-99
-99
-99
-99
-99
-99
-99
-99
-99
-99
-99
-99
-99
-99
-99
-99
-99
-99
-99
-99
-99
-99
-99
-99
-99
-99
-99
-99
-99
-99
-99
-99
-99
-99
-99
-99
-99
-99
-99
-99
-99
-99
-99
-99
-99
-99
-99
-99
-99
-99
-99
-99
-99
-99
-99
-99
-99
-99
-99
-99
-99
-99
-99
-99
-99
-99
-99
-99
-99
-99
-99
-99
-99
-99
-99
-99
-99
-99
-99
-99
-99
-99
-99
-99
-99
-99
-99
-99
-99
-99
-99
-99
-99
-99
-99
-99
-99
-99
-99
-99
-99
-99
-99
-99
-99
-99
-99
-99
-99
-99
-99
-99
-99
-99
-99
-99
-99
-99
-99
-99
-99
-99
-99
-99
-99
-99
-99
-99
-99
-99
-99
-99
-99
-99
-99
-99
-99
-99
-99
-99
-99
-99
-99
-99
-99
-99
-99
-99
-99
-99
-99
-99
-99
-99
-99
-99
-99
-99
-99
-99
-99
-99
-99
-99
-99
-99
-99
-99
-99
-99
-99
-99
-99
-99
-99
-99
-99
-99
-99
-99
-99
-99
-99
-99
-99
-99
-99
-99
-99
-99
-99
-99
-99
-99
-99
-99
-99
-99
-99
-99
-99
-99
-99
-99
-99
-99
-99
-99
-99
-99
-99
-99
-99
-99
-99
-99
-99
-99
-99
-99
-99
-99
-99
-99
-99
-99
-99
-99
-99
-99
-99
-99
-99
-99
-99
-99
-99
-99
-99
-99
-99
-99
-99
-99
-99
-99
-99
-99
-99
-99
-99
-99
-99
-99
-99
-99
-99
-99
-99
-99
-99
-99
-99
-99
-99
-99
-99
-99
-99
-99
-99
-99
-99
-99
-99
-99
-99
-99
-99
-99
-99
-99
-99
-99
-99
-99
-99
-99
-99
-99
-99
-99
-99
-99
-99
-99
-99
-99
-99
-99
-99
-99
-99
-99
-99
-99
-99
-99
-99
-99
-99
-99
-99
-99
-99
-99
-99
-99
-99
-99
-99
-99
-99
-99
-99
-99
-99
-99
-99
-99
-99
-99
-99
-99
-99
-99
-99
-99
-99
-99
-99
-99
-99
-99
-99
-99
-99
-99
-99
-99
-99
-99
-99
-99
-99
-99
-99
-99
-99
-99
-99
-99
-99
-99
-99
-99
-99
-99
-99
-99
-99
-99
-99
-99
-99
-99
-99
-99
-99
-99
-99
-99
-99
-99
-99
-99
-99
-99
-99
-99
-99
-99
-99
-99
-99
-99
-99
-99
-99
-99
-99
-99
-99
-99
-99
-99
-99
-99
-99
-99
-99
-99
-99
-99
-99
-99
-99
-99
-99
-99
-99
-99
-99
-99
-99
-99
-99
-99
-99
-99
-99
-99
-99
-99
-99
-99
-99
-99
-99
-99
-99
-99
-99
-99
-99
-99
-99
-99
-99
-99
-99
-99
-99
-99
-99
-99
-99
-99
-99
-99
-99
-99
-99
-99
-99
-99
-99
-99
-99
-99
-99
-99
-99
-99
-99
-99
-99
-99
-99
-99
-99
-99
-99
-99
-99
-99
-99
-99
-99
-99
-99
-99
-99
-99
-99
-99
-99
-99
-99
-99
-99
-99
-99
-99
-99
-99
-99
-99
-99
-99
-99
-99
-99
-99
-99
-99
-99
-99
-99
-99
-99
-99
-99
-99
-99
-99
-99
-99
-99
-99
-99
-99
-99
-99
-99
-99
-99
-99
-99
-99
-99
-99
-99
-99
-99
-99
-99
-99
-99
-99
-99
-99
-99
-99
-99
-99
-99
-99
-99
-99
-99
-99
-99
-99
-99
-99
-99
-99
-99
-99
-99
-99
-99
-99
-99
-99
-99
-99
-99
-99
-99
-99
-99
-99
-99
-99
-99
-99
-99
-99
-99
-99
-99
-99
-99
-99
-99
-99
-99
-99
-99
-99
-99
-99
-99
-99
-99
-99
-99
-99
-99
-99
-99
-99
-99
-99
-99
-99
-99
-99
-99
-99
-99
-99
-99
-99
-99
-99
-99
-99
-99
-99
-99
-99
-99
-99
-99
-99
-99
-99
-99
-99
-99
-99
-99
-99
-99
-99
-99
-99
-99
-99
-99
-99
-99
-99
-99
-99
-99
-99
-99
0.7211
0.7213
0.6283
0.6774
0.7566
0.7581
0.7388
0.7646
0.7709
0.6389
0.6766
0.7792
0.7876
0.7617
0.6394
0.6412
0.4811
0.5253
0.6534
0.6281
0.6851
0.6236
0.5788
0.6664
0.7912
0.6554
0.6989
0.6109
0.8976
0.6929
0.7674
0.8184
0.7624
0.7258
0.7115
0.7446
0.5917
0.7292
0.6378
0.704
0.7856
0.6828
0.6439
0.5697
0.5106
0.4594
0.6103
0.7229
0.7709
0.6278
0.7659
0.6259
0.7808
0.7576
0.645
0.5251
0.6639
0.9645
0.6737
0.5775
0.6882
0.7913
0.8832
0.7569
0.7705
0.8535
0.844
0.6969
0.6851
0.7156
0.6853
0.5913
0.6751
0.7044
0.693
0.6433
0.477
0.5426
0.4866
0.5027
0.4391
0.5427
0.7318
0.6727
0.6778
0.8057
0.6434
0.6126
0.4806
0.6389
0.6717
0.7934
0.7962
0.8432
0.8234
0.7983
0.6612
0.5494
0.5897
0.5022
0.4351
0.4921
0.5457
0.4682
0.4426
0.4397
0.6959
0.5641
0.4374
0.4812
0.5221
0.49
0.4403
0.5485
0.426
0.3613
0.3243
0.2963
0.2718
0.6061
0.7695
0.556
0.5672
0.7912
0.5549
0.5238
0.4888
0.3974
0.2954
0.2844
0.2989
0.2914
0.2841
0.3246
0.323
0.3008
0.2678
0.2143
0.2514
0.4812
0.5707
0.4631
0.4491
0.4906
0.6178
0.678
0.7378
0.6176
0.5494
0.5264
0.6258
0.6539
0.6614
0.6144
0.5429
0.5406
0.5259
0.6362
0.5984
0.4152
0.4237
0.4856
0.4745
0.4856
0.5109
0.3406
0.26
0.4306
0.4458
0.4552
0.5282
0.576
0.579
0.5373
0.3953
0.5137
0.5483
0.5791
0.6021
0.6123
0.6346
0.6297
0.5311
0.49
0.658
0.6215
0.578
0.485
0.5032
0.5197
0.5658
0.4897
0.4994
0.4252
0.4776
0.4694
0.4579
0.59
0.7163
0.7109
0.8112
0.7014
0.7094
0.7094
0.6197
0.5836
0.5827
0.6391
0.6389
0.6603
0.7059
0.7214
0.6125
0.5538
0.6131
0.7332
0.6438
0.5809
0.7066
0.6478
0.6468
0.5813
0.6094
0.7549
0.7597
0.7069
0.6481
0.6262
0.6897
0.6421
0.5187
0.4854
0.4669
0.4223
0.5641
0.7243
0.7603
0.7016
0.6863
0.8675
0.8334
0.7466
0.698
0.5959
0.6473
0.75
0.8694
0.8695
0.7151
0.6497
0.6921
0.713
0.7183
0.6338
0.6268
0.586
0.6693
0.7529
0.7205
0.5764
0.5694
0.6229
0.6928
0.7176
0.7605
0.7955
0.8238
0.7731
0.8631
0.8376
0.7856
0.6483
0.6034
0.6957
0.6793
0.5844
0.6374
0.6059
0.68
0.72
0.7074
0.6318
0.7688
0.7911
0.8121
0.7422
0.7715
0.7144
0.8826
0.7805
0.6497
0.7186
0.8684
0.88
0.7744
0.7644
0.7888
0.7079
0.732
0.902
0.7561
0.7892
0.783
0.6081
0.6415
0.8103
0.861
0.7618
0.8029
0.8151
0.8427
0.7675
0.872
0.8177
0.8017
0.8889
0.884
0.8144
0.8829
0.8891
0.9369
0.8994
0.8485
0.7565
0.7442
0.7425
0.7458
0.7267
0.8903
0.7597
0.7997
0.7903
0.6797
0.7116
0.8028
0.84
0.8003
0.8714
0.8559
0.8216
0.6713
0.8088
0.8155
0.6428
0.6727
0.7879
0.78
0.8486
0.8759
0.7809
0.7824
0.7518
0.71
0.4931
0.5317
0.7288
0.6627
0.6634
0.709
0.7855
0.4073
0.6224
0.7397
0.7144
0.6709
0.6982
0.6869
0.7358
0.7618
0.7135
0.6767
0.6475
0.7979
0.845
0.8628
0.8505
0.707
0.5648
0.6256
0.853
0.96
0.8788
0.7983
0.7714
0.7197
0.8117
0.8589
0.8182
0.7644
0.7853
0.6787
0.7254
0.6952
0.7797
0.7617
0.6995
0.7533
0.7259
0.6409
0.4759
0.53
0.6648
0.6814
0.7321
0.5997
0.5075
0.4061
0.5229
0.4638
0.4944
0.4612
0.5109
0.5043
0.543
0.6703
0.6434
0.8905
0.8413
0.7762
0.77
0.7711
0.5771
0.4453
0.483
0.5888
0.4733
0.6439
0.6215
0.7166
0.6274
0.675
0.6524
0.5706
0.6608
0.601
0.5615
0.5766
0.5281
0.6097
0.7945
0.6997
0.6742
0.6064
0.5609
0.5209
0.5922
0.6166
0.5494
0.5514
0.4686
0.4768
0.4451
0.5194
0.4522
0.7164
0.9466
0.806
0.7992
0.6986
0.6197
0.672
0.7175
0.5946
0.5839
0.7354
0.7285
0.7834
0.668
0.605
0.5311
0.5626
0.5526
0.4459
0.5697
0.6858
0.5028
0.5491
0.5156
0.471
0.3753
0.3327
0.4555
0.4897
0.5455
0.5757
0.685
0.6238
0.4818
0.5261
0.432
0.4384
0.39
0.3106
0.2938
0.3385
0.403
0.4311
0.5588
0.5016
0.4394
0.3388
0.2416
0.1879
0.2584
0.3047
0.4306
0.5391
0.5979
0.635
0.6176
0.4484
0.3332
0.3254
0.4697
0.5081
0.7089
0.6203
0.5207
0.4374
0.4903
0.3791
0.3325
0.3051
0.2653
0.4461
0.5936
0.3977
0.5533
0.5714
0.3833
0.5054
0.4368
0.5186
0.5582
0.583
0.628
0.6074
0.5594
0.5219
0.505
0.5641
0.5103
0.629
0.4306
0.2863
0.3222
0.3522
0.3215
0.2841
0.2729
0.2927
0.2747
0.2554
0.1782
0.1931
0.1619
0.383
0.6272
0.7973
0.5534
0.4687
0.5991
0.6544
0.6211
0.4661
0.4797
0.5755
0.6743
0.6293
0.6037
0.4017
0.4059
0.6523
0.7991
0.7706
0.6671
0.7566
0.7965
0.7468
0.7694
0.6638
0.7019
0.5771
0.5959
0.6476
0.6653
0.5291
0.4724
0.5227
0.4876
0.4558
0.6778
0.6203
0.7128
0.7103
0.7084
0.6822
0.7166
0.7377
0.8308
0.7595
0.7391
0.8229
0.69
0.6739
0.6356
0.64
0.5522
0.6181
0.6306
0.647
0.68
0.7112
0.7497
0.8048
0.8422
0.7686
0.8171
0.6055
0.9638
0.8844
0.815
0.749
0.7461
0.7475
0.6576
0.6885
0.7228
0.8833
0.9135
0.8247
0.7778
0.7319
0.733
0.7669
0.7592
0.7432
0.7597
0.7597
0.8433
0.9519
0.9012
0.8179
0.8703
0.9185
0.8855
0.7964
0.8812
0.853
0.8409
0.885
0.8149
0.897
0.9566
0.8867
0.8419
0.7857
0.7754
0.8812
0.8
0.7614
0.7778
0.8166
0.8073
0.8467
0.8674
0.8525
0.7886
0.7953
0.7994
0.8537
0.7676
0.7887
0.7971
0.8878
0.9619
0.9724
0.893
0.7316
0.8066
0.8331
0.8375
0.8982
0.9182
0.885
0.6443
0.5963
0.8249
0.9391
0.9733
0.9791
0.8641
0.8186
0.7753
0.6536
0.7766
0.7072
0.6536
0.8112
0.8427
0.8694
0.9351
0.9745
0.8211
0.7348
0.805
0.8474
0.7311
0.7247
0.7282
0.7914
0.7471
0.678
0.4835
0.7135
0.7424
0.8272
0.7108
0.8045
0.7784
0.8271
0.7785
0.6485
0.6873
0.7309
0.8439
0.8537
0.8847
0.9746
0.9774
0.98
0.9816
0.98
0.8691
0.8763
0.8919
0.9522
0.8591
0.7391
0.7853
0.9603
0.8356
0.783
0.7815
0.7447
0.8137
0.8703
0.6625
0.6753
0.7991
0.9039
0.9003
0.7412
0.7474
0.7578
0.5721
0.5729
0.6389
0.6363
0.5931
0.5831
0.6078
0.63
0.66
0.7917
0.6354
0.7836
0.8847
0.8535
0.8206
0.6473
0.6767
0.7383
0.8073
0.7044
0.6606
0.5708
0.6406
0.5518
0.5414
0.5936
0.8327
0.7113
0.7192
0.8208
0.7839
0.7284
0.7191
0.6569
0.6731
0.6543
0.5758
0.6747
0.9188
0.8194
0.6886
0.6249
0.6813
0.6329
0.7539
0.6843
0.8435
0.7831
0.7531
0.5771
0.6111
0.5651
0.835
0.6968
0.7332
0.6792
0.5928
0.5745
0.7757
0.8619
0.7006
0.6424
0.7731
0.9406
0.7126
0.685
0.6064
0.6211
0.5737
0.5369
0.714
0.8641
0.7948
0.7079
0.6918
0.6766
0.5983
0.6465
0.5741
0.518
0.4576
0.4654
0.4895
0.7026
0.6571
0.6234
0.61
0.7154
0.6757
0.6629
0.7114
0.6933
0.5829
0.5529
0.5506
0.5968
0.53
0.5356
0.5394
0.4303
0.4216
0.48
0.4518
0.4992
0.6238
0.6509
0.7697
0.5016
0.4124
0.3881
0.4932
0.4569
0.6061
0.5969
0.4591
0.57
0.4988
0.4403
0.3403
0.3713
0.4915
0.4438
0.5356
0.5207
0.5966
0.593
0.5408
0.6274
0.5609
0.3833
0.4314
0.6335
0.6867
0.5163
0.5252
0.6066
0.5573
0.4253
0.4524
0.4187
0.5324
0.6288
0.6443
0.4334
0.3973
0.4456
0.5408
0.4297
0.5058
0.5694
0.7509
0.637
0.4215
0.3788
0.3919
0.4461
0.5675
0.5297
0.6028
0.5478
0.4867
0.6051
0.476
0.3795
0.3955
0.4237
0.5856
0.5797
0.6076
0.7197
0.5034
0.5037
0.3776
0.4456
0.5582
0.6472
0.6857
0.5033
0.4923
0.6008
0.7174
0.733
0.7665
0.7588
0.7323
0.647
0.6812
0.5512
0.4664
0.5806
0.61
0.629
0.6295
0.6544
0.7014
0.6953
0.6824
0.6903
0.641
0.5609
0.4914
0.5723
0.6958
0.6981
0.5861
0.5538
0.492
0.5185
0.3973
0.4761
0.6021
0.6535
0.6939
0.6891
0.6858
0.7035
0.4972
0.3008
0.5033
0.5853
0.6941
0.6969
0.5358
0.4309
0.5084
0.5468
0.5309
0.5779
0.4983
0.5297
0.621
0.6763
0.634
0.4667
0.6748
0.6814
0.5762
0.5353
0.5858
0.7391
0.8344
0.7892
0.6819
0.7
0.7179
0.7685
0.8794
0.8516
0.6786
0.7258
0.7703
0.6073
0.7103
0.7212
0.6658
0.6329
0.7309
0.5744
0.3434
0.4309
0.6679
0.7528
0.7162
0.7378
0.7772
0.8151
0.8594
0.8931
0.8776
0.9569
0.944
0.9019
0.9712
0.8451
0.8385
0.7939
0.71
0.8235
0.929
0.9219
0.8777
0.9506
0.9497
0.9694
0.9674
0.9689
0.9169
0.8415
0.9412
0.9622
0.9392
0.7954
0.7131
0.725
0.6225
0.767
0.7929
0.8176
0.9006
0.9481
0.5946
0.5476
0.7355
0.5013
0.628
0.8774
0.8725
0.9108
0.8771
0.9629
0.9696
0.98
0.9788
0.9771
0.97
0.9713
0.98
0.9783
0.98
0.9817
0.9775
0.9779
0.9763
0.9083
0.7133
0.6579
0.7196
0.7379
0.8504
0.5733
0.4229
0.4179
0.4613
0.5554
0.5467
0.45
0.6229
0.6658
0.6188
0.6858
0.7075
0.7283
0.7546
0.8096
0.7479
0.8075
0.8013
0.6417
0.5838
0.5988
0.4229
0.4754
0.4317
0.5067
0.5921
0.6038
0.57
0.445
0.7896
0.7771
0.6333
0.6633
0.6092
0.5346
0.5738
0.7996
0.7542
0.6038
0.5117
0.5721
0.4908
0.3879
0.4842
0.5183
0.61
0.7375
0.68
0.6188
0.7413
0.7663
0.5358
0.3446
0.345
0.315
0.3608
0.72
0.7233
0.8625
0.7983
0.8075
0.7579
0.5588
0.5254
0.5883
0.5375
0.5638
0.6383
0.7488
0.7104
0.73
0.7388
0.6296
0.6346
0.5892
0.4133
0.3654
0.4625
0.5213
0.5996
0.6096
0.62
0.5879
0.5763
0.5129
0.4825
0.5225
0.65
0.6788
0.6463
0.5779
0.465
0.4717
0.3413
0.2671
0.225
0.2242
0.2533
0.4788
0.3992
0.4792
0.4588
0.4529
0.4
0.4325
0.5317
0.6283
0.6563
0.645
0.7275
0.6421
0.5246
0.6542
0.8017
0.575
0.5317
0.3517
0.3479
0.4417
0.4763
0.5621
0.3429
0.1892
0.2313
0.4083
0.3604
0.6063
0.6608
0.5488
0.4667
0.405
0.5308
0.5358
0.52
0.5454
0.5771
0.5517
0.6421
0.6317
0.5467
0.5854
0.6225
0.4996
0.4954
0.4946
0.3658
0.3042
0.4171
0.5583
0.4992
0.4938
0.575
0.4363
0.415
0.3613
0.58
0.4396
0.4358
0.5363
0.5379
0.5483
0.6504
0.5296
0.4875
0.4904
0.5825
0.6179
0.5713
0.4883
0.4179
0.4646
0.3754
0.2708
0.215
0.3308
0.3833
0.4854
0.5871
0.5921
0.5871
0.5638
0.6008
0.6471
0.6117
0.6333
0.5708
0.5638
0.4992
0.6025
0.7621
0.7113
0.5092
0.4996
0.4667
0.4717
0.5213
0.6171
0.6571
0.725
0.7679
0.6129
0.5063
0.5638
0.6225
0.6833
0.6796
0.7329
0.6046
0.4904
0.425
0.4329
0.4754
0.5113
0.5963
0.6804
0.7071
0.665
0.5879
0.5579
0.6638
0.65
0.4904
0.3546
0.35
0.64
0.5988
0.7796
0.7971
0.6892
0.5325
0.4775
0.6333
0.6513
0.6808
0.5796
0.485
0.6004
0.4042
0.4596
0.515
0.5308
0.6375
0.725
0.7142
0.7288
0.7308
0.7121
0.7146
0.6713
0.595
0.5821
0.4838
0.4846
0.5425
0.6588
0.7342
0.69
0.7471
0.7442
0.7633
0.7579
0.7708
0.9296
0.9042
0.8888
0.8029
0.6913
0.8717
0.8263
0.7379
0.7792
0.6925
0.8979
0.8275
0.775
0.7454
0.7646
0.7788
0.7513
0.7258
0.8008
0.7167
0.7283
0.7433
0.7783
0.7467
0.7296
0.7008
0.7183
0.8954
0.8317
0.9258
0.9475
0.8738
0.8196
0.85
0.9046
0.7804
0.85
0.8154
0.81
0.8233
0.8238
0.7858
0.6821
0.7254
0.7417
0.7333
0.7288
0.7208
0.7946
0.8479
0.8358
0.71
0.7467
0.7688
0.7742
0.8017
0.8438
0.6758
0.7538
0.8342
0.9063
0.8783
0.9471
0.8729
0.8638
0.8029
0.76
0.79
0.8208
0.9404
0.95
0.9458
0.9458
0.9588
0.9579
0.9608
0.8988
0.8429
0.8838
0.8738
0.7688
0.7258
0.6663
0.7567
0.8338
0.8392
0.865
0.84
0.8725
0.8808
0.9621
0.8792
0.8658
0.8642
0.8871
0.8404
0.9025
0.8171
0.9054
0.8958
0.9629
0.9242
0.9583
0.7804
0.7842
0.8538
0.8379
0.875
0.9046
0.9521
0.9392
0.9783
0.9838
0.9792
0.9646
0.8354
0.8113
0.7842
0.7196
0.6908
0.79
0.8154
0.7675
0.7271
0.7263
0.7621
0.6329
0.5388
0.5313
0.6313
0.6313
0.725
0.7971
0.7538
0.6829
0.5763
0.7325
0.7
0.6875
0.7058
0.5792
0.5767
0.6804
0.5788
0.6296
0.6921
0.635
0.6488
0.5813
0.5667
0.6154
0.7629
0.8004
0.7996
0.7333
0.6371
0.7875
0.8058
0.8096
0.7696
0.6496
0.7021
0.6567
0.5992
0.5846
0.5663
0.5108
0.53
0.5879
0.5929
0.6067
0.5238
0.635
0.6596
0.5413
0.6946
0.8379
0.7679
0.6917
0.5683
0.4813
0.5308
0.6042
0.5513
0.6554
0.68
0.86
0.6692
0.6596
0.7217
0.7488
0.5788
0.4838
0.4704
0.4225
0.5429
0.6229
0.5792
0.5213
0.5717
0.6825
0.5625
0.4171
0.4917
0.5704
0.4888
0.6529
0.5513
0.4567
0.6992
0.6513
0.5408
0.5521
0.4338
0.335
0.3821
0.3771
0.4358
0.5292
0.5221
0.5742
0.4771
0.4117
0.4388
0.4475
0.4304
0.37
0.2746
0.4146
0.5471
0.5746
0.5138
0.5038
0.5363
0.4733
0.4121
0.3608
0.3963
0.3504
0.4167
0.5871
0.4242
0.3813
0.3892
0.3675
0.35
0.5479
0.5813
0.5733
0.46
0.4771
0.4704
0.4533
0.4692
0.4208
0.62
0.5571
0.5192
0.5004
0.4796
0.4917
0.3588
0.2908
0.4408
0.4967
0.5529
0.5142
0.5442
0.5996
0.4546
0.3779
0.3179
0.4058
0.4333
0.4921
0.5375
0.5354
0.5
0.5088
0.5463
0.3963
0.2892
0.3496
0.51
0.49
0.3667
0.2583
0.4629
0.4967
0.4388
0.46
0.465
0.3908
0.5004
0.4025
0.3975
0.4792
0.5154
0.5279
0.5163
0.4183
0.4504
0.4871
0.4175
0.445
0.5254
0.7267
0.7725
0.6229
0.5892
0.5038
0.4946
0.5617
0.5804
0.4871
0.5992
0.4775
0.4521
0.5067
0.5221
0.4238
0.5971
0.6404
0.6833
0.7133
0.5521
0.3863
0.5221
0.5263
0.5175
0.6263
0.5796
0.6142
0.6546
0.7938
0.82
0.8542
0.6713
0.7433
0.6463
0.6246
0.6329
0.6333
0.6788
0.7504
0.8267
0.7442
0.7033
0.5942
0.6217
0.7104
0.7267
0.685
0.6508
0.6563
0.5621
0.565
0.5942
0.6217
0.6358
0.7671
0.7583
0.7479
0.7433
0.8067
0.7692
0.7392
0.735
0.7567
0.7429
0.7842
0.7233
0.7983
0.8592
0.7004
0.8108
0.7038
0.7375
0.7258
0.6467
0.7267
0.8
0.7308
0.7171
0.7621
0.6775
0.5829
0.6433
0.6496
0.7329
0.7408
0.7113
0.7958
0.9338
0.96
0.9025
0.7629
0.6896
0.7671
0.7967
0.7696
0.6863
0.7646
0.7071
0.7408
0.73
0.7025
0.6875
0.7467
0.8388
0.715
0.8117
0.8875
0.8788
0.8075
0.8079
0.8054
0.7454
0.7654
0.8217
0.7929
0.7788
0.6758
0.8542
0.9117
0.9083
0.9267
0.95
0.9611
0.96
0.96
0.7965
0.8546
0.8525
0.8733
0.8571
0.95
0.9363
0.9533
0.9538
0.9471
0.9433
0.9429
0.8933
0.8208
0.8663
0.6558
0.75
0.7833
0.7875
0.9229
0.9588
0.9121
0.8038
0.8313
0.9546
0.9596
0.9613
0.9658
0.9988
0.9983
0.9717
0.9125
0.8525
0.8721
0.87
0.9546
0.8175
0.7004
0.8163
0.8225
0.6529
0.7496
0.7688
0.7483
0.9454
0.8533
0.8771
0.8688
0.9304
0.8621
0.9475
0.7483
0.8021
0.7842
0.6429
0.6838
0.6508
0.6042
0.6821
0.5775
0.2383
0.7675
0.8408
0.8379
0.7675
0.8288
0.7625
0.71
0.7067
0.6571
0.6346
0.6763
0.6513
0.5925
0.5758
0.6125
0.5779
0.45
0.5288
0.7996
0.5654
0.6438
0.4342
0.4967
0.5483
0.5563
0.5279
0.5458
0.6346
0.6846
0.6617
0.5679
0.6021
0.5033
0.4938
0.6292
0.5529
0.5983
0.7138
0.7613
0.6592
0.6204
0.5442
0.7717
0.8317
0.8283
0.925
0.8279
0.8996
0.8313
0.755
0.7279
0.6479
0.7771
0.7796
0.8792
0.9358
0.9288
0.8767
0.7154
0.82
0.7458
0.6813
0.69
0.7196
0.6029
0.5417
0.5338
0.4738
0.5317
0.5954
0.8021
0.7733
0.7488
0.9088
0.71
0.8438
0.7938
0.7038
0.6242
0.6167
0.5692
0.4308
0.5
0.4221
0.5279
0.4683
0.5375
0.5588
0.5542
0.6838
0.6446
0.7504
0.5467
0.4575
0.4813
0.54
0.4321
0.6508
0.7267
0.59
0.5446
0.5183
0.5354
0.4942
0.4733
0.4808
0.5471
0.6667
0.7671
0.5942
0.4942
0.51
0.4233
0.4654
0.5075
0.4842
0.475
0.5563
0.59
0.6321
0.6138
0.7096
0.5071
0.4513
0.4896
0.4192
0.6338
0.4658
0.4525
0.4175
0.4938
0.6788
0.6371
0.4925
0.4867
0.6379
0.5404
0.3958
0.4313
0.4304
0.3025
0.3304
0.4508
0.4521
0.5575
0.5858
0.6163
0.5338
0.4242
0.5017
0.5633
0.575
0.5813
0.63
0.6729
0.7296
0.5096
0.4608
0.61
0.5667
0.4508
0.57
0.5496
0.4908
0.5925
0.6596
0.6654
0.5442
0.6192
0.5979
0.6425
0.75
0.5642
0.5458
0.5496
0.5158
0.6696
0.5963
0.4863
0.5442
0.5258
0.5663
0.6771
0.5583
0.4879
0.4729
0.6338
0.6558
0.6754
0.5138
0.4721
0.3538
0.2525
0.3079
0.4892
0.4463
0.5242
0.5242
0.5358
0.5571
0.6004
0.5992
0.6408
0.6717
0.655
0.6933
0.6146
0.6579
0.6275
0.6167
0.6379
0.5617
0.7446
0.6442
0.5763
0.7213
0.7913
0.7588
0.6929
0.6367
0.585
0.52
0.4567
0.5975
0.7954
0.7379
0.7296
0.7396
0.8058
0.8204
0.8908
0.8171
0.7875
0.7625
0.6846
0.7013
0.8575
0.7463
0.6996
0.735
0.7254
0.7071
0.8492
0.7738
0.7525
0.7421
0.5846
0.5908
0.6696
0.7896
0.7063
0.66
0.7071
0.6592
0.65
0.4504
0.47
0.5904
0.6704
0.7108
0.74
0.8117
0.7533
0.7292
0.6154
0.6096
0.6904
0.6033
0.5375
0.6946
0.6125
0.4454
0.3967
0.4275
0.3667
0.3433
0.7813
0.8304
0.7242
0.8246
0.8013
0.7475
0.7783
0.7567
0.82
0.8288
0.8317
0.8179
0.9038
0.6954
0.7404
0.7613
0.7375
0.7375
0.6408
0.5942
0.6717
0.6213
0.6788
0.6658
0.6346
0.7125
0.7288
0.7842
0.8058
0.7729
0.7758
0.7754
0.7521
0.8838
0.9329
0.9721
0.9188
0.9779
0.9775
0.97
0.9779
0.9696
0.9675
0.965
0.8992
0.9175
0.9233
0.8363
0.8554
0.8242
0.8971
0.9288
0.7988
0.7533
0.7608
0.8479
0.7721
0.7358
0.7342
0.8063
0.8704
0.9638
0.98
0.8988
0.8379
0.8242
0.9033
0.8904
0.9513
0.9254
0.8504
0.8525
0.7808
0.7117
0.7946
0.7608
0.6558
0.6592
0.7108
0.7275
0.5554
0.635
0.5271
0.7046
0.6508
0.6954
0.7263
0.7204
0.7513
0.7342
0.8275
0.8458
0.8329
0.8333
0.7983
0.6692
0.7138
0.9329
0.8933
0.815
0.8321
0.8242
0.715
0.7333
0.6638
0.5854
0.4729
0.3625
0.5188
0.6258
0.7388
0.7038
0.6246
0.5996
0.6746
0.5563
0.5004
0.4421
0.5646
0.6333
0.6675
0.4446
0.5608
0.5654
0.4663
0.6521
0.5788
0.6125
0.8246
0.6583
0.6813
0.7071
0.5763
0.5242
0.5671
0.5446
0.6883
0.6404
0.3883
0.7246
0.6871
0.685
0.7275
0.7996
0.6371
0.5696
0.6071
0.5346
0.6275
0.7004
0.6767
0.5821
0.8617
0.71
0.5867
0.6192
0.5813
0.5608
0.48
0.4288
0.7367
0.6046
0.5483
0.5171
0.3271
0.2783
0.2983
0.5125
0.5754
0.5392
0.3979
0.8617
0.8688
0.7683
0.8304
0.7267
0.8554
0.7738
0.8038
0.8388
0.7638
0.8908
0.7142
0.6167
0.7188
0.7404
0.7725
0.8588
0.7717
0.8629
0.7642
0.7208
0.6438
0.7533
0.8083
0.8038
0.7754
0.6721
0.7008
0.66
0.6054
0.6329
0.6925
0.7875
0.8367
0.6308
0.5383
0.5771
0.6929
0.7763
0.715
0.6238
0.6454
0.5121
0.4225
0.4308
0.4329
0.4792
0.5783
0.54
0.7217
0.5663
0.5863
0.5854
0.5533
0.6858
0.4913
0.5096
0.5529
0.6221
0.5288
0.6908
0.6796
0.5363
0.6154
0.7721
0.6308
0.5971
0.6254
0.5621
0.5217
0.5842
0.5725
0.4771
0.5625
0.4879
0.5646
0.5979
0.5875
0.5821
0.5613
0.6679
0.6513
0.4167
0.3163
0.4979
0.5396
0.5613
0.4446
0.5238
0.4038
0.4888
0.4783
0.5242
0.6363
0.6871
0.5383
0.4879
0.6429
0.5308
0.4913
0.6038
0.6583
0.5717
0.6058
0.7058
0.7042
0.8456
0.6538
0.7233
0.7338
0.6742
0.5229
0.4004
0.4054
0.7513
0.6779
0.725
0.6879
0.5796
0.4975
0.7142
0.6942
0.6888
0.4892
0.7079
0.7021
0.6025
0.5588
0.5321
0.5933
0.625
0.7333
0.7429
0.7492
0.6896
0.7608
0.8404
0.8396
0.8058
0.7546
0.775
0.6496
0.6938
0.6417
0.6467
0.6517
0.5892
0.5275
0.5779
0.5379
0.5633
0.57
0.7404
0.74
0.6108
0.6467
0.7804
0.7754
0.8258
0.8108
0.7183
0.7521
0.8321
0.7625
0.7713
0.7542
0.89
0.8229
0.8117
0.74
0.7158
0.7296
0.9138
0.8708
0.7325
0.8425
0.7838
0.8788
0.7854
0.7596
0.7658
0.7821
0.8271
0.8729
0.9346
0.8858
0.9279
0.86
0.6825
0.6488
0.8013
0.9021
0.8783
0.8933
0.9363
0.9321
0.9521
0.6975
0.7163
0.7067
0.6342
0.6646
0.8017
0.6854
0.7033
0.615
0.6988
0.8092
0.7763
0.8513
0.6813
0.7225
0.8396
0.8233
0.9246
0.5883
0.7271
0.8096
0.8379
0.8683
0.8154
0.7646
0.8129
0.7154
0.7842
0.9158
0.9571
0.9717
0.9638
0.9613
0.9642
0.97
0.9288
0.8317
0.8813
0.8742
0.8067
0.9183
0.9475
0.9038
0.875
0.8792
0.8308
0.7404
0.7688
0.9258
0.9663
0.9525
0.9683
0.97
0.9592
0.9258
0.9296
0.9371
0.9279
0.8167
0.7438
0.7067
0.8413
0.8408
0.6196
0.6871
0.7383
0.76
0.7892
0.8171
0.855
0.8821
0.895
0.9133
0.7967
0.7146
0.8033
0.8042
0.7521
0.7675
0.7525
0.6246
0.7704
0.6842
0.6271
0.6821
0.8008
0.765
0.6913
0.6842
0.7663
0.7642
0.8179
0.6967
0.6771
0.7838
0.7888
0.79
0.8221
0.6408
0.9038
0.8392
0.9021
0.8692
0.7854
0.5533
0.6167
0.6713
0.6538
0.6379
0.63
0.7804
0.6996
0.6246
0.5488
0.6717
0.5729
0.4892
0.4563
0.6033
0.6617
0.6346
0.5063
0.49
0.5088
0.5196
0.5592
0.735
0.7917
0.7804
0.8817
0.785
0.7858
0.8817
0.7517
0.7158
0.7675
0.925
0.8561
0.7463
0.8292
0.8204
0.8071
0.7413
0.6642
0.8196
0.7717
0.7204
0.6908
0.7321
0.6658
0.6371
0.6138
0.6117
0.5029
0.6963
0.8463
0.6542
0.5575
0.59
0.6663
0.6588
0.6204
0.5871
0.6371
0.6029
0.5775
0.4996
0.5225
0.6238
0.7096
0.675
0.6783
0.7492
0.6517
0.5358
0.4713
0.5088
0.5179
0.4563
0.4313
0.4238
0.5333
0.4408
0.5575
0.6533
0.5383
0.5129
0.4767
0.4721
0.4346
0.4675
0.5283
0.4779
0.5125
0.5267
0.8071
0.515
0.5517
0.6342
0.4354
0.4325
0.4813
0.5288
0.3896
0.3175
0.3533
0.6642
0.4733
0.3713
0.4963
0.5225
0.4817
0.5692
0.6746
0.6313
0.6829
0.6533
0.6238
0.4713
0.4225
0.3342
0.35
0.3783
0.4204
0.4675
0.5629
0.6575
0.6808
0.6396
0.8192
0.6438
0.7096
0.6308
0.4267
0.5621
0.6388
0.5546
0.4829
0.4658
0.5629
0.5567
0.5496
0.5142
0.4075
0.3392
0.4525
0.54
0.5054
0.5296
0.4021
0.4404
0.5525
0.6975
0.6475
0.6713
0.6604
0.5738
0.5529
0.625
0.7167
0.7188
0.6342
0.6504
0.5888
0.5213
0.455
0.4479
0.3904
0.2683
0.2325
0.2321
0.3117
0.4875
0.5763
0.5813
0.5583
0.6846
0.6588
0.6004
0.6117
0.5558
0.6221
0.6867
0.6467
0.6788
0.66
0.5775
0.5421
0.6592
0.6658
0.5013
0.4517
0.455
0.4775
0.6392
0.6879
0.6696
0.6233
0.5975
0.6554
0.7929
0.6679
0.6317
0.6254
0.6221
0.6263
0.6425
0.6383
0.6471
0.6238
0.6313
0.5542
0.7804
0.7538
0.6175
0.6438
0.5808
0.5446
0.57
0.5929
0.6867
0.6758
0.5971
0.6488
0.6213
0.5804
0.5708
0.5617
0.3613
0.39
0.5996
0.7533
0.7821
0.7208
0.7646
0.7117
0.7363
0.8042
0.7771
0.7888
0.8296
0.9325
0.8496
0.8638
0.8442
0.6933
0.5796
0.6025
0.6042
0.6767
0.7779
0.7283
0.6388
0.6367
0.7063
0.7433
0.6975
0.5429
0.5704
0.5392
0.4263
0.6983
0.7617
0.8392
0.8021
0.7442
0.6771
0.7238
0.5917
0.7025
0.7388
0.7479
0.7821
0.7867
0.7108
0.7467
0.8213
0.7354
0.7571
0.7571
0.7892
0.7088
0.8079
0.835
0.9413
0.9638
0.9025
0.9108
0.7425
0.7713
0.8529
0.6992
0.7238
0.7167
0.8783
0.8917
0.8329
0.7904
0.775
0.8729
0.7513
0.7279
0.8379
0.6567
0.6938
0.6888
0.7488
0.8229
0.8563
0.905
0.6988
0.8804
0.905
0.6546
0.7575
0.8075
0.8425
0.7808
0.8383
0.7383
0.7633
0.8729
0.85
0.8821
0.7675
0.7425
0.8183
0.7946
0.8375
0.9042
0.9338
0.8096
0.7754
0.7842
0.7438
0.7421
0.6717
0.7513
0.685
0.8554
0.7663
0.6896
0.7242
0.8579
0.7933
0.5954
0.5421
0.5754
0.7096
0.7088
0.7654
0.8442
0.8358
0.81
0.7642
0.6283
0.7629
0.8446
0.7333
0.6196
0.6692
0.5783
0.7758
0.6533
0.6117
0.6013
0.8633
0.7475
0.7029
0.5063
0.7929
0.9158
0.6046
0.5558
0.6875
0.7192
0.66
0.5979
0.6558
0.6579
0.5092
0.5938
0.6967
0.6033
0.6992
0.855
0.8033
0.8083
0.8171
0.6183
0.5613
0.5621
0.6342
0.5954
0.5754
0.6317
0.5796
0.6183
0.62
0.65
0.5175
0.8392
0.6488
0.6383
0.5571
0.4779
0.7967
0.8083
0.8296
0.6463
0.6229
0.5908
0.7308
0.7746
0.6579
0.5721
0.5329
0.7229
0.79
0.62
0.6021
0.6163
0.4696
0.5579
0.6696
0.7067
0.6363
0.9388
0.7129
0.6308
0.6217
0.6979
0.6729
0.7442
0.7533
0.7042
0.7992
0.7279
0.7063
0.6696
0.5642
0.5625
0.61
0.5821
0.5929
0.5113
0.5554
0.5079
0.4504
0.4704
0.5225
0.6083
0.7133
0.59
0.5146
0.5229
0.4604
0.5638
0.6079
0.5242
0.4379
0.7125
0.7025
0.6758
0.8721
0.75
0.7592
0.7417
0.7908
0.8258
0.6446
0.6717
0.6792
0.6146
0.5638
0.4525
0.4917
0.6221
0.6004
0.495
0.3846
0.4813
0.4575
0.5288
0.525
0.5158
0.4254
0.4308
0.5292
0.565
0.555
0.4513
0.5325
0.42
0.4029
0.4796
0.3333
0.365
0.4588
0.5838
0.5542
0.5367
0.5875
0.5896
0.6775
0.5883
0.62
0.69
0.5267
0.5029
0.4804
0.4963
0.5433
0.5413
0.5829
0.5663
0.6225
0.6683
0.7183
0.6025
0.5663
0.4938
0.5304
0.5625
0.5475
0.4929
0.565
0.56
0.6742
0.615
0.5121
0.4879
0.5742
0.7021
0.6246
0.7633
0.68
0.5229
0.4146
0.4808
0.5288
0.5104
0.4542
0.3738
0.5113
0.5658
0.5833
0.65
0.7229
0.635
0.6283
0.5592
0.6208
0.5679
0.6033
0.4638
0.4721
0.5904
0.6158
0.6313
0.5779
0.5796
0.5758
0.7054
0.8921
0.7742
0.6233
0.8188
0.83
0.7658
0.7925
0.7063
0.5813
0.5417
0.585
0.5958
0.6017
0.7396
0.7542
0.755
0.7229
0.5567
0.5575
0.5817
0.6904
0.7208
0.745
0.9063
0.8558
0.7942
0.7838
0.7729
0.7879
0.7304
0.6246
0.5275
0.6088
0.7167
0.7496
0.7708
0.8221
0.7679
0.4792
0.5321
0.5025
0.4717
0.6008
0.6588
0.6758
0.7146
0.61
0.77
0.7983
0.785
0.8154
0.7221
0.8088
0.7413
0.6508
0.6483
0.6854
0.7525
0.7583
0.7283
0.6442
0.7771
0.6679
0.7954
0.8592
0.8458
0.7608
0.7533
0.7758
0.7629
0.7071
0.7575
0.7204
0.7013
0.8233
0.8288
0.7479
0.7171
0.7138
0.7658
0.7725
0.7092
0.6633
0.8142
0.82
0.9475
0.9721
0.9383
0.9021
0.5121
0.5533
0.6175
0.6663
0.7463
0.7663
0.8713
0.8667
0.8871
0.6725
0.5438
0.5304
0.5892
0.7479
0.6625
0.8288
0.865
0.9321
0.8663
0.7938
0.8429
0.8867
0.8142
0.6958
0.6483
0.8079
0.8217
0.7742
0.7671
0.8892
0.9496
0.945
0.9504
0.9717
0.98
0.9688
0.9338
0.4721
0.565
0.6617
0.7071
0.7267
0.7817
0.7267
0.7917
0.8983
0.845
0.8067
0.7288
0.5663
0.6783
0.7783
0.7071
0.6583
0.5775
0.5529
0.6642
0.7283
0.7496
0.8517
0.6871
0.7242
0.7804
0.7213
0.8638
0.6654
0.7521
0.7396
0.7183
0.6596
0.7075
0.7167
0.6988
0.5792
0.4821
0.6563
0.5142
0.5929
0.7754
0.7463
0.7233
0.6858
0.5708
0.6863
0.6979
0.6929
0.5725
0.905
0.7779
0.8092
0.8925
0.9221
0.7079
0.7121
0.7033
0.7496
0.6308
0.7113
0.5933
0.6342
0.7375
0.7417
0.7221
0.685
0.6288
0.7229
0.7042
0.6142
0.5313
0.5933
0.7875
0.6658
0.5271
0.4229
0.4575
0.3992
0.5517
0.6225
0.6092
0.6913
0.655
0.5796
0.6221
0.4738
0.5208
0.7
0.6688
0.6054
0.7767
0.8396
0.8558
0.8121
0.6892
0.6158
0.7075
0.795
0.715
0.6704
0.6867
0.7171
0.6175
0.5846
0.5333
0.7808
0.7825
0.7175
0.6629
0.5488
0.5804
0.5825
0.5817
0.5046
0.58
0.5488
0.4825
0.5892
0.4867
0.4596
0.3488
0.4333
0.405
0.3567
0.5117
0.7563
0.5829
0.6642
0.7383
0.7538
0.4188
0.5938
0.7421
0.8142
0.6958
0.6542
0.8208
0.5733
0.6088
0.7704
0.5988
0.6292
0.6504
0.5179
0.4438
0.5696
0.5746
0.4483
0.4929
0.6283
0.4633
0.3963
0.6421
0.5838
0.5146
0.2896
0.3117
0.3258
0.5171
0.4921
0.5225
0.5629
0.6921
0.6796
0.5313
0.5625
0.5696
0.4113
0.5117
0.4808
0.43
0.5796
0.6108
0.5508
0.5688
0.6025
0.5363
0.4904
0.5113
0.5029
0.6342
0.5271
0.4104
0.5242
0.5521
0.5588
0.6175
0.5633
0.6746
0.6333
0.6458
0.6742
0.5617
0.6554
0.535
0.6338
0.6129
0.6158
0.51
0.4804
0.5825
0.68
0.6258
0.6275
0.5633
0.5779
0.4429
0.5238
0.49
0.3613
0.2504
0.2696
0.2667
0.4571
0.6638
0.6871
0.5188
0.41
0.6358
0.6304
0.6629
0.7113
0.6771
0.6496
0.6758
0.625
0.6217
0.5675
0.4604
0.5517
0.5746
0.5488
0.4958
0.5042
0.6233
0.6271
0.53
0.5592
0.6908
0.5538
0.5063
0.5738
0.6592
0.7092
0.7129
0.7429
0.6463
0.4813
0.4579
0.4417
0.5354
0.6017
0.6308
0.5875
0.4546
0.3754
0.4196
0.4625
0.5046
0.5292
0.5421
0.5275
0.4538
0.4292
0.5363
0.6967
0.6383
0.6717
0.6975
0.5971
0.5804
0.515
0.6288
0.7233
0.7779
0.7646
0.6354
0.5833
0.8425
0.9725
0.96
0.8904
0.8371
0.7988
0.8113
0.8154
0.8708
0.8738
0.8042
0.8833
0.8838
0.8288
0.8242
0.7892
0.81
0.8142
0.7938
0.9467
0.8783
0.8696
0.855
0.7829
0.8333
0.8004
0.9554
0.9442
0.9513
0.98
0.975
0.98
0.98
0.9842
0.9842
0.9846
0.99
0.8863
0.7392
0.7438
0.7492
0.745
0.8396
0.9446
0.985
0.9833
0.8633
0.7863
0.6973
0.6775
0.6654
0.7296
0.7992
0.805
0.7758
0.6992
0.7408
0.9571
0.8138
0.7592
0.7142
0.8046
0.8467
0.785
0.7488
0.7371
0.8308
0.7108
0.7133
0.6367
0.6067
0.5483
0.7296
0.8454
0.8679
0.9267
0.9646
0.9821
0.99
0.9833
0.9542
0.8421
0.8396
0.8421
0.8796
0.9333
0.8133
0.8246
0.8663
0.8454
0.8125
0.8383
0.93
0.825
0.5675
0.5138
0.6421
0.8508
0.7846
0.4767
0.2804
0.7504
0.5229
0.2479
0.3138
0.655
0.5258
0.3575
0.4233
0.3521
0.5442
0.5738
0.5242
0.6854
0.6738
0.6283
0.4833
0.5208
0.4108
0.2996
0.3333
0.4125
0.5658
0.6996
0.7379
0.7004
0.5342
0.5879
0.7188
0.6796
0.4238
0.4629
0.4971
0.4471
0.5467
0.4879
0.5146
0.6129
0.5367
0.445
0.35
0.3292
0.5171
0.3892
0.5225
0.5433
0.8296
0.8338
0.675
0.6017
0.4679
0.4988
0.5529
0.4592
0.4263
0.3888
0.4267
0.4129
0.5596
0.7742
0.9338
0.8196
0.8608
0.7204
0.6408
0.6717
0.6704
0.6183
0.6704
0.63
0.7229
0.5342
0.3992
0.4567
0.5496
0.5746
0.5483
0.6396
0.5971
0.5718
0.43
0.6383
0.5113
0.4871
0.6921
0.6533
0.8054
0.6754
0.5404
0.5133
0.5933
0.6238
0.6138
0.5717
0.5717
0.5892
0.3796
0.3458
0.445
0.6504
0.6183
0.3983
0.5438
0.7933
0.6292
0.7071
0.8633
0.6679
0.5638
0.5346
0.4558
0.3383
0.4817
0.5717
0.52
0.5021
0.4296
0.3758
0.3942
0.3296
0.6713
0.5342
0.5467
0.5967
0.555
0.4296
0.46
0.4871
0.5083
0.4213
0.4629
0.5229
0.3742
0.3279
0.4008
0.4946
0.6646
0.6183
0.4013
0.4833
0.4071
0.4492
0.39
0.3896
0.3504
0.3392
0.3629
0.4838
0.7758
0.5646
0.5583
0.6183
0.7579
0.6854
0.6629
0.7154
0.595
0.6183
0.6092
0.5579
0.6421
0.6075
0.4725
0.4988
0.5013
0.2983
0.2996
0.4392
0.5388
0.5342
0.5983
0.5446
0.5562
0.4063
0.4229
0.5958
0.6013
0.6663
0.6338
0.5067
0.5888
0.5033
0.4967
0.6621
0.6192
0.5204
0.3575
0.2275
0.295
0.3246
0.5258
0.64
0.6408
0.4863
0.3938
0.3183
0.2217
0.2967
0.3046
0.2988
0.3275
0.3229
0.56
0.4804
0.5279
0.7113
0.7008
0.6779
0.7592
0.4525
0.4408
0.3896
0.4904
0.5488
0.5463
0.5133
0.4658
0.5271
0.6379
0.68
0.6888
0.5554
0.4575
0.3963
0.425
0.6321
0.7271
0.74
0.6775
0.7083
0.7167
0.7175
0.7242
0.4692
0.4196
0.6313
0.5942
0.6379
0.9392
0.7304
0.6454
0.5708
0.6567
0.72
0.6496
0.5342
0.6254
0.6504
0.6021
0.7
0.8642
0.8175
0.6908
0.6933
0.6983
0.6333
0.7333
0.7633
0.7367
0.7958
0.8375
0.7908
0.8013
0.7913
0.8796
0.9096
0.7017
0.5288
0.7096
0.8038
0.7767
0.6738
0.6867
0.7017
0.8654
0.6946
0.7163
0.7375
0.7083
0.9408
0.8921
0.8446
0.8346
0.8683
0.8683
0.8942
0.9417
0.9238
0.9338
0.8767
0.8792
0.8892
0.8513
0.8063
0.8171
0.8292
0.8808
0.9013
0.7746
0.6408
0.8233
0.7796
0.6908
0.7483
0.6696
0.715
0.7717
0.7496
0.6479
0.7908
0.7846
0.8439
0.8808
0.9033
0.875
0.7975
0.7871
0.7517
0.7738
0.855
0.8675
0.7058
0.7642
0.8825
0.7308
0.7092
0.7163
0.7092
0.8517
0.8929
0.7804
0.85
0.8671
0.8363
0.7983
0.7913
0.8246
0.7463
0.8042
0.8613
0.9429
0.815
0.7258
0.7825
0.8304
0.8083
0.8267
0.7996
0.6121
0.895
0.8508
0.8038
0.6983
0.7217
0.7654
0.8029
0.6508
0.765
0.7429
0.7533
0.735
0.7858
0.7958
0.7563
0.6821
0.4454
0.7596
0.7617
0.7546
0.5779
0.8254
0.6742
0.7321
0.6875
0.6971
0.6933
0.7363
0.7279
0.8292
0.8208
0.8479
0.7738
0.8046
0.7325
0.7529
0.735
0.5496
0.6379
0.68
0.6321
0.8017
0.8221
0.7588
0.5908
0.7542
0.8642
0.8917
0.7008
0.6617
0.7363
0.6888
0.675
0.6929
0.7296
0.5246
0.5192
0.7379
0.8804
0.6942
0.5846
0.7
0.575
0.665
0.7267
0.6833
0.6892
0.8021
0.8117
0.7325
0.7971
0.6821
0.6338
0.6846
0.6463
0.6358
0.8446
0.7671
0.6296
0.6438
0.5925
0.5438
0.58
0.5546
0.515
0.5192
0.4038
0.3919
0.4254
0.3658
0.3271
0.6783
0.4546
0.4988
0.5821
0.5921
0.5025
0.7888
0.8538
0.7625
0.9425
0.9804
0.8933
0.6992
0.7575
0.7138
0.6996
0.6425
0.5396
0.5175
0.6408
0.7104
0.6988
0.5708
0.5996
0.6517
0.8746
0.9063
0.67
0.6842
0.7925
0.7771
0.8592
0.7417
0.6333
0.6079
0.4833
0.4925
0.6454
0.755
0.645
0.5042
0.6208
0.5446
0.4971
0.555
0.5813
0.575
0.5157
0.4875
0.4325
0.7483
0.7917
0.6342
0.5175
0.5538
0.4354
0.6013
0.3825
0.3254
0.4896
0.8596
0.7771
0.6354
0.6817
0.5625
0.5296
0.5046
0.5917
0.5867
0.6304
0.5354
0.5458
0.5508
0.5079
0.5563
0.5925
0.5954
0.5292
0.3754
0.3571
0.3463
0.4163
0.5683
0.6225
0.4917
0.5246
0.6083
0.5304
0.4804
0.5038
0.685
0.6363
0.57
0.4938
0.4629
0.4917
0.4854
0.3742
0.3858
0.5471
0.44
0.3929
0.4825
0.4088
0.3992
0.4963
0.6258
0.4213
0.4463
0.5042
0.6704
0.6225
0.5033
0.4767
0.48
0.4029
0.5017
0.6213
0.6808
0.6833
0.7508
0.6725
0.5808
0.5604
0.6675
0.6588
0.6438
0.5904
0.5283
0.6854
0.63
0.6021
0.6
0.5283
0.5242
0.5263
0.5771
0.4683
0.5804
0.5
0.6883
0.8517
0.7867
0.5942
0.6383
0.5083
0.5371
0.6625
0.6846
0.5696
0.4825
0.5063
0.5879
0.5309
0.5921
0.5483
0.605
0.6808
0.7271
0.7208
0.6371
0.42
0.5
0.5563
0.5529
0.5525
0.6067
0.7929
0.8492
0.7717
0.7042
0.7108
0.7325
0.735
0.6396
0.5192
0.575
0.6388
0.63
0.6142
0.5883
0.6871
0.694
0.7454
0.7617
0.7508
0.74
0.7092
0.6488
0.7729
0.7296
0.6013
0.4688
0.5338
0.5529
0.5596
0.4871
0.5046
0.6408
0.79
0.7317
0.6342
0.7133
0.6629
0.515
0.6261
0.6192
0.6642
0.7821
0.6092
0.4858
0.8504
0.9179
0.9746
0.7496
0.6958
0.7454
0.6333
0.63
0.6525
0.6842
0.7021
0.7671
0.7183
0.7383
0.8471
0.6725
0.78
0.7121
0.7646
0.9258
0.9425
0.8825
0.89
0.9733
0.9813
0.9488
0.9804
0.9875
0.9854
0.9896
0.895
0.7825
0.9646
0.9304
0.7529
0.8004
0.6979
0.7854
0.745
0.7808
0.6846
0.7671
0.7388
0.6733
0.7463
0.7713
0.7983
0.8079
0.7883
0.74
0.6796
0.7963
0.7954
0.6075
0.6388
0.8146
0.9096
0.9804
0.9571
0.8183
0.8684
0.8992
0.8217
0.9229
0.9338
0.7508
0.7413
0.8675
0.7971
0.775
0.6913
0.7146
0.6417
0.7333
0.88
0.7871
0.8083
0.8646
0.6575
0.7129
0.7263
0.715
0.6588
0.6225
0.7017
0.7071
0.8071
0.7717
0.8058
0.7292
0.6686
-99
-99
0.6339
0.6625
0.6796
0.7433
0.6163
0.5596
0.6758
0.7221
0.7079
0.6425
0.7633
0.6842
0.8158
0.7825
0.6296
0.7017
0.725
0.7508
0.5625
0.4829
0.4925
0.5642
0.5046
0.5646
0.6896
0.6788
0.5371
0.5242
0.4988
0.4779
0.7188
0.7138
0.7529
0.6979
0.5604
0.6892
0.7133
0.6454
0.5692
0.6138
0.5558
0.8675
0.8292
0.6579
0.5808
0.9317
0.6929
0.6829
0.6933
0.6454
0.6875
0.7233
0.7271
0.6754
0.7675
0.6938
0.6358
0.5838
0.5275
0.5125
0.5029
0.4638
0.8242
0.9213
0.8033
0.6883
0.7379
0.6704
0.6713
0.5325
0.5638
0.565
0.5258
0.5792
0.5
0.5138
0.5558
0.5222
0.5883
0.651
0.5458
0.5471
0.505
0.5956
0.7431
0.5246
0.4613
0.5344
0.5792
0.5621
0.5665
0.6533
0.639
0.6894
0.5706
0.576
0.6179
0.5892
0.6602
0.5592
0.7948
0.6869
0.7471
0.6373
0.5913
0.5438
0.5577
0.5329
0.5173
0.4875
0.3875
0.3427
0.3085
0.3048
0.3109
0.3942
0.4867
0.4644
0.5269
0.5529
0.6156
0.6431
0.5444
0.4029
0.3154
0.5208
0.6813
0.8627
0.8102
0.6658
0.575
0.4919
0.4213
0.4663
0.6565
0.6775
0.6115
0.6269
0.4538
0.5956
0.7192
0.4608
0.46
0.4438
0.4563
0.5633
0.5617
0.5304
0.6027
0.5396
0.46
0.4015
0.4131
0.3944
0.4308
0.4544
0.4465
0.5135
0.5648
0.5869
0.589
0.6604
0.429
0.4381
0.4767
0.6667
0.7592
0.6606
0.6923
0.6669
0.6494
0.6117
0.6654
0.609
0.4513
0.6138
0.7165
0.52
0.4827
0.4683
0.5456
0.6065
0.6606
0.7219
0.7421
0.6906
0.8373
0.661
0.7617
0.701
0.5465
0.586
0.644
0.7415
0.65
0.5904
0.5992
0.5938
0.7006
0.7442
0.765
0.7229
0.7202
0.69
0.6921
0.6673
0.6652
0.6533
0.6381
0.8092
0.6819
0.7458
0.7525
0.701
0.7115
0.6581
0.6708
0.805
0.8481
0.6396
0.6675
0.679
0.6308
0.8702
0.914
0.9667
0.9254
0.8471
0.7204
0.755
0.851
0.7858
0.7533
0.6217
0.6723
0.8244
0.7794
0.7523
0.7042
0.8613
0.7525
0.7223
0.6702
0.5608
0.4935
0.5079
0.5756
0.4752
0.4315
0.3521
0.4925
0.6594
0.7717
0.726
0.8167
0.8571
0.8258
0.831
0.7971
0.7721
0.8467
0.78
0.7404
0.7667
0.7381
0.886
0.88
0.8735
0.8496
0.7616
0.8313
0.7304
0.6704
0.6956
0.7342
0.7504
0.8344
0.8417
0.8256
0.59
0.7215
0.8733
0.9577
0.8931
0.7781
0.8879
0.8973
0.8083
0.7973
0.8613
0.9669
0.8496
0.7615
0.6019
0.825
0.4685
0.7285
0.7992
0.8181
0.7577
0.7525
0.9167
0.8881
0.8196
0.8098
0.9558
0.944
0.9846
0.9985
1
1
1
1
0.8827
0.629
0.479
0.5642
0.7025
0.7367
0.6219
0.664
0.7906
0.9123
0.9867
0.9944
0.9938
0.9977
0.9992
0.991
0.8658
0.9319
0.8706
0.8179
0.7977
0.7675
0.6681
0.9229
0.846
0.8981
0.8204
0.5896
0.659
0.4569
0.6398
0.7421
0.6885
0.6644
0.7573
0.8283
0.7942
0.7963
0.7548
0.8796
0.5471
0.5908
0.7221
0.7363
0.7471
0.6917
0.5838
0.7265
0.784
0.7227
0.8629
0.6604
0.8077
0.7504
0.7638
0.7435
0.8056
0.5998
0.7288
0.7021
0.7213
0.6633
0.4988
0.6246
0.7033
0.649
0.7177
0.6369
0.4017
0.5477
0.6071
0.4821
0.5944
0.5771
0.5525
0.5946
0.6867
0.6225
0.6604
0.68
0.6675
0.7408
0.5935
0.5635
0.8758
0.9046
0.7627
0.8169
0.6983
0.6035
0.5573
0.6085
0.5867
0.4946
0.5663
0.5277
0.554
0.629
0.6113
0.6885
0.5958
0.5831
0.4617
0.4531
0.5027
0.6185
0.5294
0.3915
0.3169
0.3271
0.7344
0.741
0.6242
0.7644
0.7181
0.6177
0.4935
0.5915
0.6213
0.65
0.7806
0.7029
0.5173
0.6258
0.644
0.6273
0.5827
0.4602
0.4329
0.4848
0.5315
0.5733
0.4681
0.4848
0.4573
0.2288
0.3179
0.3485
0.344
0.4177
0.4435
0.5079
0.43
0.7508
0.5408
0.4244
0.4379
0.4975
0.5256
0.4469
0.5183
0.5421
0.5294
0.3515
0.5338
0.5433
0.2913
0.4034
0.3079
0.249
0.256
0.2783
0.2746
0.45
0.5919
0.6748
0.5615
0.6231
0.7294
0.7267
0.7523
0.7835
0.5704
0.5088
0.5013
0.4944
0.4746
0.4481
0.5717
0.6421
0.5452
0.4419
0.4348
0.4256
0.3758
0.3052
0.2998
0.3275
0.3229
0.269
0.2642
0.2935
0.2258
0.4175
0.4379
0.5046
0.6483
0.5792
0.4883
0.466
0.4198
0.3421
0.499
0.4713
0.4894
0.6017
0.4683
0.5825
0.5919
0.6356
0.5908
0.4706
0.6252
0.5854
0.651
0.6075
0.709
0.8126
0.6715
0.5906
0.5206
0.474
0.485
0.4913
0.8323
0.6073
0.5594
0.556
0.6802
0.5125
0.4419
0.5006
0.549
0.6244
0.8581
0.6531
0.6446
0.6796
0.7129
0.5771
0.359
0.5127
0.6558
0.5694
0.4395
0.4931
0.5077
0.5613
0.7477
0.7946
0.8219
0.8742
0.681
0.5998
0.6042
0.6492
0.5933
0.7904
0.7933
0.6794
0.5583
0.5094
0.634
0.5513
0.5179
0.5508
0.625
0.584
0.4704
0.4548
0.4827
0.5404
0.5206
0.7485
0.7935
0.6567
0.7988
0.7733
0.7079
0.7381
0.7446
0.7573
0.675
0.5194
0.555
0.6738
0.6915
0.7052
0.5813
0.666
0.8015
0.5808
0.5604
0.6165
0.7929
0.7877
0.7921
0.7823
0.5971
0.5908
0.7298
0.7016
0.6761
0.7165
0.7877
0.5598
0.6525
0.6392
0.7281
0.61
0.8083
0.7648
0.8042
0.7838
0.8092
0.7615
0.8252
0.9654
0.9823
0.9975
1
0.9411
0.9352
0.9943
1
0.9819
0.9573
1
0.7962
0.6408
0.7577
0.6773
0.7925
0.7894
0.6013
0.6627
0.74
0.7608
0.769
0.7371
0.7419
0.7704
0.7754
0.8288
0.8977
0.871
0.889
0.9371
0.9945
-99
-99
1
0.9987
0.8804
0.8315
0.7971
0.7942
0.6777
0.8721
0.9298
0.9892
0.9955
0.895
1
-99
0.8457
0.85
0.9098
0.9487
0.9302
0.8908
0.7275
0.799
0.9706
0.8148
0.6721
0.7171
0.6848
0.7027
0.5096
0.505
0.5706
0.6842
0.7735
0.7448
0.5658
0.7463
0.7427
0.7269
0.7594
0.8252
0.831
0.8292
0.8048
0.9515
0.8995
0.8871
0.8733
0.8915
0.8838
0.7658
0.8394
0.8927
0.716
0.6519
0.629
0.8083
0.6513
0.5954
0.6077
0.7151
0.9442
0.9116
0.8569
0.74
0.606
0.4958
0.5984
0.6983
0.7673
0.6506
0.5144
0.604
0.5965
0.6673
0.6069
0.6902
0.9527
0.8615
0.6267
0.584
0.5383
0.6569
0.7208
0.6635
0.6592
0.709
0.531
0.7983
0.6833
0.6446
0.6331
0.6369
0.781
0.9342
0.7727
0.8029
0.7869
0.8652
0.8165
0.8454
0.7744
0.5408
0.52
0.6325
0.7146
0.524
0.6058
0.6733
0.5254
0.4752
0.7398
0.5544
0.6108
0.8398
0.9358
0.784
0.656
0.5235
0.6285
0.59
0.5973
0.566
0.6027
0.4792
0.5413
0.6183
0.5919
0.6619
0.5802
0.3621
0.7533
0.8571
0.7125
0.5019
0.4765
0.4788
0.6529
0.9454
0.7508
0.6769
0.4275
0.4629
0.5398
0.4719
0.4146
0.5683
0.6456
0.8227
0.9179
0.8356
0.7933
0.701
0.6406
0.586
0.5815
0.5383
0.6054
0.6231
0.5419
0.6256
0.5488
0.6281
0.4671
0.5898
0.5413
0.5742
0.4669
0.6517
0.4883
0.5085
0.4644
0.4685
0.5206
0.4271
0.5373
0.6471
0.5952
0.5271
0.4694
0.4956
0.4119
0.6621
0.4402
0.3875
0.3821
0.6308
0.5458
0.4967
0.6265
0.4388
0.4594
0.3419
0.2875
0.2731
0.3242
0.5696
0.6025
0.5421
0.4935
0.524
0.5342
0.4592
0.5533
0.5035
0.4542
0.4587
0.48
0.4846
0.4423
0.4496
0.3608
0.321
0.4508
0.3475
0.4292
0.4096
0.4788
0.3135
0.2881
0.2592
0.3283
0.3873
0.524
0.5425
0.5196
0.4967
0.5288
0.5798
0.5431
0.5006
0.399
0.5215
0.5138
0.5854
0.539
0.5273
0.4869
0.4848
0.5225
0.3838
0.4663
0.4513
0.4525
0.5298
0.4481
0.4096
0.4367
0.6369
0.6219
0.706
0.6444
0.6583
0.5188
0.5738
0.3742
0.2685
0.3154
0.4071
0.5092
0.6265
0.6998
0.6796
0.7223
0.5102
0.4433
0.4194
0.3806
0.3158
0.4471
0.62
0.7225
0.6652
0.7765
0.6252
0.6446
0.708
0.7167
0.5421
0.5315
0.561
0.5227
0.5615
0.6396
0.5865
0.6842
0.7458
0.6817
0.724
0.7754
0.7425
0.6554
0.664
0.6577
0.6435
0.7523
0.746
0.7158
0.7227
0.8698
0.7871
0.6813
0.69
0.6763
0.6019
0.7473
0.9071
0.8713
0.7006
0.7438
0.8902
0.8719
0.7544
0.6575
0.7167
0.9098
0.8027
0.8188
0.8158
0.8642
0.8813
0.8692
0.986
0.98
0.8163
0.8619
0.9911
0.87
0.8756
0.8573
0.7263
0.7194
0.7354
0.6665
0.6579
0.654
0.8035
0.8204
0.6779
0.7604
0.7427
0.7688
0.7754
0.7888
0.7704
0.8727
0.9221
0.8369
0.9
0.9488
0.81
0.8856
0.9322
0.8717
0.7627
0.8717
0.9871
0.9428
0.835
0.84
0.8909
0.8913
0.9641
-99
-99
-99
-99
-99
-99
-99
0.8676
0.7827
0.7623
0.9762
-99
0.975
-99
-99
-99
-99
-99
-99
-99
-99
-99
-99
-99
-99
0.966
1
0.8379
0.7935
0.7869
0.7602
0.874
0.8642
0.7577
0.8652
0.6819
0.7179
0.7173
0.7052
0.3458
0.5785
0.6565
0.6844
0.6681
0.7302
0.8567
0.6919
0.7538
0.8467
0.8594
0.8385
0.7754
0.7871
0.8229
0.9419
0.8579
0.7698
0.7721
0.7013
0.775
0.7377
0.5925
0.6783
0.7304
0.8167
0.7308
0.7954
0.871
0.825
0.8235
0.9352
0.9702
0.8719
0.8696
0.8569
0.7835
0.7119
0.8235
0.7358
0.7902
0.8071
0.724
-99
0.7013
0.7926
0.7202
0.6881
0.6521
0.6548
0.7296
0.646
0.5838
0.6319
0.6625
0.8294
0.7654
0.7579
0.5317
0.4969
0.6406
0.5979
0.6254
0.666
0.6715
0.6471
0.7908
0.8994
0.7306
0.8123
0.779
0.6981
0.5756
0.7031
0.715
0.6571
0.671
0.649
0.7867
0.6833
0.6644
0.5073
0.4704
0.5669
0.5844
0.6565
0.6133
0.466
0.6263
0.6452
0.6708
0.7094
0.6325
0.5623
0.4683
0.5194
0.459
0.3604
0.7206
0.8131
0.8517
0.594
0.7335
0.7688
0.5479
0.5794
0.751
0.6477
0.5425
0.5388
0.514
0.5929
0.54
0.63
0.7358
0.655
0.6083
0.5921
0.5102
0.4165
0.3944
0.6694
0.5671
0.5219
0.5721
0.469
0.4479
0.4342
0.3448
0.3502
0.5396
0.4794
0.4369
0.4915
0.4775
0.441
0.5998
0.795
0.9194
0.7704
0.545
0.5823
0.6648
0.5633
0.3285
0.241
0.3173
0.3673
0.3102
0.2827
0.5123
0.5254
0.4281
0.5135
0.5319
0.4858
0.4131
0.4044
0.536
0.6777
0.5589
0.58
0.531
0.4723
0.4754
0.5092
0.4996
0.5027
0.4292
0.4783
0.4277
0.2944
0.4338
0.6896
0.575
0.5894
0.5685
0.5885
0.6056
0.569
0.6452
0.4863
0.5765
0.4771
0.6456
0.7315
0.6496
0.7298
0.5354
0.5046
0.5238
0.4725
0.614
0.5177
0.4483
0.5038
0.6629
0.4723
0.3604
0.4154
0.476
0.5996
0.6873
0.5113
0.6285
0.5352
0.5108
0.5402
0.5273
0.5315
0.5277
0.5477
0.5633
0.4619
0.586
0.5973
0.6642
0.5579
0.5719
0.5698
0.5381
0.5196
0.571
0.5623
0.7277
0.7067
0.7408
0.4906
0.484
0.4896
0.694
0.6433
0.6048
0.5606
0.5763
0.7485
0.5569
0.5342
0.5071
0.5335
0.6327
0.9273
0.6994
0.5858
0.6715
0.5454
0.5575
0.7273
0.8569
0.7908
0.7219
0.6923
0.7054
0.7246
0.7427
0.7263
0.7917
0.7619
0.7488
0.7758
0.7731
0.6881
0.6144
0.6665
0.6825
0.6581
0.6533
0.7404
0.7965
0.7694
0.7827
0.7583
0.7367
0.741
0.8483
0.921
0.8321
0.7877
0.6671
0.745
0.6223
0.6429
0.729
0.6969
0.7175
0.6883
0.7788
0.731
0.8142
0.8073
0.786
0.8844
0.7392
0.5808
0.5719
0.6717
0.7233
0.7138
0.7748
0.7192
0.471
0.5719
0.6683
0.6525
0.6377
0.7229
0.8096
0.6833
0.675
0.6548
0.686
0.5571
0.6613
0.6346
0.7717
0.7592
0.7719
0.6792
0.7188
0.541
0.4775
0.7879
0.8446
0.8269
0.9038
0.8252
0.6942
0.8446
0.7121
0.7313
0.7846
0.79
0.7571
0.7608
0.7056
0.8675
0.8696
0.8965
0.8458
0.9002
0.9579
0.9923
0.9769
0.991
0.8008
0.8479
0.8552
0.7792
0.8152
0.6804
0.7665
0.7431
0.6888
0.6758
0.7581
0.8425
0.9571
0.8281
0.8294
0.7588
0.8777
0.8256
0.8865
0.9083
0.7804
0.6565
0.7965
0.8156
0.7206
0.7292
0.7235
0.8529
0.7958
0.8735
0.8748
0.8263
0.8238
0.8402
0.8558
0.8683
0.9223
0.6831
0.7671
0.8498
0.9179
0.8798
0.6615
0.7808
0.7875
0.5744
0.7925
0.7471
0.7913
0.8183
0.811
0.8302
0.7954
0.7171
0.7604
0.7192
0.5888
0.6088
0.6327
0.699
0.5994
0.7263
0.7458
0.8888
0.8508
0.669
0.7413
0.7423
0.8135
0.7483
0.6394
0.6579
0.6985
0.7181
0.6852
0.6271
0.7052
0.7381
0.7131
0.6302
0.7929
0.7094
0.7419
0.655
0.4419
0.5038
0.4894
0.8902
0.7904
0.7208
0.7075
0.5783
0.6592
0.5867
0.624
0.5813
0.5202
0.6063
0.58
0.6069
0.601
0.664
0.8615
0.8041
0.759
0.9335
0.8177
0.8613
0.8996
0.749
0.8694
0.7423
0.6179
0.6269
0.6815
0.6054
0.5777
0.6129
0.5777
0.549
0.7104
0.75
0.8035
0.8071
0.6142
0.7017
0.6131
0.6342
0.5919
0.711
0.7838
0.9027
0.795
0.7406
0.6825
0.7102
0.8242
0.5915
0.609
0.609
0.6371
0.6277
0.7288
0.6954
0.7844
0.7117
0.7117
0.7117
0.581
0.541
0.7292
0.7458
0.8388
0.7465
0.8469
0.72
0.6756
0.6546
0.7594
0.7023
0.6985
0.8438
0.7231
0.7119
0.566
0.8325
0.611
0.6302
0.5833
0.5533
0.5375
0.6221
0.5027
0.4752
0.5492
0.4806
0.3824
0.4735
0.6758
0.6813
0.6467
0.6
0.5733
0.6633
0.6302
0.479
0.545
0.6223
0.495
0.4356
0.6448
0.5302
0.5802
0.5135
0.5096
0.5375
0.6321
0.6673
0.5167
0.4079
0.4556
0.6356
0.5677
0.509
0.5619
0.6727
0.6706
0.5854
0.6235
0.6179
0.5433
0.3846
0.4792
0.5506
0.5913
0.5656
0.4221
0.4385
0.4127
0.4044
0.4008
0.4388
0.4623
0.6296
0.6823
0.7535
0.615
0.695
0.6825
0.6117
0.5542
0.5994
0.6835
0.7769
0.6521
0.5579
0.509
0.4979
0.4738
0.5371
0.5471
0.5798
0.5563
0.6181
0.6627
0.5944
0.6846
0.6665
0.6592
0.7092
0.7323
0.7279
0.715
0.676
0.6385
0.7127
0.7435
0.7663
0.6688
0.6865
0.6906
0.6525
0.7806
0.7298
0.73
0.7354
0.6815
0.5556
0.4963
0.5488
0.539
0.5077
0.56
0.6125
0.701
0.6088
0.5913
0.5842
0.4806
0.456
0.4685
0.6248
0.7067
0.7588
0.5523
0.6908
0.826
0.811
0.7733
0.7467
0.7873
0.82
0.8579
0.8469
0.8404
0.8283
0.7819
0.8765
0.8954
0.8344
0.8
0.7389
0.7079
0.7748
0.865
0.8494
0.7608
0.7065
0.8306
0.8454
0.8321
0.8071
0.7804
0.81
0.7971
0.7383
0.8192
0.8298
0.7448
0.7667
0.7896
0.8829
0.846
0.8928
0.7997
0.8254
0.7969
0.8067
0.8981
0.8435
0.7833
0.9163
0.8854
0.8708
0.8448
0.7544
0.7298
0.7625
0.8471
0.8163
0.8202
0.8435
0.9654
0.991
0.9952
0.9167
0.7483
0.6942
0.7808
0.8888
0.9356
0.9581
0.8352
0.81
0.8798
0.7821
0.8096
0.8015
0.8098
0.8458
0.8919
0.9506
0.9919
0.9996
0.9873
0.9863
0.9556
0.9696
0.9821
0.994
0.99
0.9988
0.9717
0.9808
0.9825
0.7521
0.7808
0.8625
0.7329
0.616
0.66
0.7644
0.7779
0.8046
0.905
0.979
0.986
0.94
0.9321
0.9469
0.8331
0.8198
0.8613
0.5215
0.6965
0.7652
0.7079
0.7429
0.8521
0.7383
0.8498
0.7635
0.7719
0.5473
0.6638
0.7715
0.89
0.8544
0.7708
0.7746
0.7469
0.6738
0.7567
0.6963
0.6208
0.5015
0.4065
0.4073
0.6563
0.6947
0.8019
0.7817
0.7402
0.5783
0.5788
0.6104
0.6208
0.5581
0.6048
0.6433
0.5792
0.5631
0.5294
0.6292
0.7935
0.571
0.59
0.6285
0.6554
0.5419
0.6873
0.6218
0.61
0.574
0.4685
0.4346
0.4625
0.5881
0.6383
0.5831
0.5429
0.4648
0.4271
0.4923
0.6002
0.5667
0.555
0.5296
0.6781
0.7404
0.6515
0.6242
0.7383
0.5217
0.7858
0.7398
0.6977
0.6713
0.6717
0.6754
0.5854
0.5621
0.4673
0.4427
0.575
0.691
0.7121
0.6194
0.4927
0.6031
0.7229
0.8063
0.824
0.671
0.7356
0.5835
0.584
0.6269
0.7181
0.689
0.6669
0.6733
0.8454
0.6431
0.4604
0.5006
0.6885
0.606
0.3921
0.5785
0.5544
0.4819
0.5632
0.5046
0.5819
0.6156
0.7985
0.5773
0.6727
0.5975
0.57
0.5315
0.5179
0.9505
-99
-99
0.624
0.5358
0.544
0.5696
0.4763
0.4498
0.3723
0.3815
0.481
0.6469
0.5919
0.519
0.4744
0.3275
0.4869
0.774
0.5452
0.4908
0.4863
0.5383
0.5688
0.4023
0.3713
0.4231
0.5438
0.7006
0.551
0.4094
0.3602
0.5723
0.3404
0.3215
0.2533
0.2279
0.2873
0.3394
0.4756
0.4456
0.4629
0.4331
0.4102
0.5217
0.5979
0.7442
0.5788
0.5208
0.4983
0.5842
0.6517
0.5375
0.615
0.6694
0.6263
0.6338
0.5488
0.4344
0.3338
0.2929
0.3604
0.3456
0.5615
0.6681
0.5165
0.4508
0.5523
0.5777
0.4977
0.4923
0.4331
0.4927
0.4181
0.5223
0.6671
0.5275
0.3698
0.506
0.5906
0.4615
0.4877
0.486
0.6552
0.6038
0.6521
0.6398
0.6979
0.8656
0.7624
0.6488
0.5735
0.5313
0.4813
0.5358
0.7581
0.6719
0.5429
0.5169
0.4902
0.61
0.55
0.525
0.5113
0.5042
0.5113
0.5285
0.6146
0.6217
0.626
0.7535
0.6527
0.516
0.5546
0.3919
0.4558
0.4731
0.5673
0.6083
0.6171
0.8044
0.6835
0.5494
0.5202
0.5504
0.5931
0.6821
0.7952
0.614
0.645
0.5904
0.5356
0.5963
0.5525
0.6798
0.6665
0.5354
0.6569
0.7546
0.6877
0.799
0.7444
0.7265
0.7783
0.6306
0.5825
0.6263
0.7113
0.6842
0.8369
0.8348
0.9617
0.8056
0.8115
0.7985
0.6888
0.7408
0.7992
0.9275
0.9098
0.7777
0.7765
0.7227
0.6588
0.6656
0.709
0.7248
0.7075
0.7446
0.7406
0.7706
0.7798
0.7275
0.7927
0.7754
0.8175
0.8483
0.7765
0.8358
0.7954
0.7735
0.8006
0.8148
0.7944
0.7469
0.7885
0.8254
0.709
0.6992
0.7144
0.7858
0.8163
0.8604
0.8721
0.846
0.9504
0.9346
0.9754
0.9785
0.7883
0.7635
0.7683
0.815
0.7871
0.7088
0.7402
0.7908
0.7735
0.9094
0.8365
0.8115
0.8342
0.705
0.6952
0.7842
0.9617
0.9871
0.9656
0.9769
0.99
0.99
0.9806
0.9602
0.9831
0.99
0.99
0.9794
0.9806
0.99
0.9491
0.9717
0.9752
0.9021
0.8848
0.9727
0.9448
0.9148
0.8183
0.7756
0.7606
0.8725
0.69
0.8379
0.9098
0.9358
0.8321
0.8313
0.9025
0.8175
0.7919
0.84
0.7992
0.8065
0.8092
0.8327
0.8385
0.7227
0.759
0.691
0.8119
0.8479
0.8567
0.7521
0.7219
0.83
0.8594
0.8271
0.8263
0.9346
0.8596
0.716
0.7798
0.7121
0.7685
0.7802
0.7721
0.7381
0.6885
0.5946
0.6577
0.7688
0.7102
0.5306
0.6183
0.709
0.6865
0.6492
0.6619
0.6765
0.6446
0.5948
0.6754
0.6315
0.5663
0.7756
0.7617
0.7583
0.8427
0.7571
0.8271
0.7933
0.7471
0.6777
0.7796
0.7904
0.7206
0.7219
0.8371
0.7685
0.6827
0.6256
0.7594
0.8883
0.8608
0.8685
0.7927
0.665
0.6338
0.6546
0.7088
0.5465
0.5171
0.5106
0.55
0.4477
0.7875
0.7373
0.7075
0.7196
0.7106
0.7596
0.8785
0.9506
0.9608
0.8454
0.8454
0.6827
0.6056
0.7277
0.8285
0.7304
0.6367
0.6181
0.6588
0.6698
0.6519
0.5744
0.6696
0.6458
0.5569
0.5477
0.7273
0.9081
0.71
0.7663
0.7781
0.8654
0.8706
0.8919
0.736
0.671
0.6523
0.621
0.5848
0.5296
0.5523
0.7002
0.7688
0.6279
0.5267
0.5525
0.5556
0.6371
0.7063
0.774
0.7319
0.7856
0.7613
0.5908
0.6694
0.7998
0.6896
0.6148
0.5883
0.7335
0.6088
0.534
0.5113
0.5469
0.8948
0.6858
0.7679
0.7113
0.7121
0.6048
0.6154
0.6108
0.5477
0.5235
0.4717
0.5521
0.621
0.6831
0.6873
0.4715
0.6804
0.5196
0.5083
0.4827
0.5402
0.5233
0.6165
0.5925
0.4579
0.5844
0.6217
0.6985
0.5217
0.519
0.5079
0.6279
0.599
0.5981
0.5985
0.5244
0.3767
0.3748
0.5598
0.5577
0.6085
0.5152
0.3973
0.4829
0.3648
0.319
0.381
0.5369
0.5429
0.5294
0.579
0.5198
0.3894
0.4015
0.4656
0.414
0.3842
0.7019
0.6854
0.754
0.7104
0.6248
0.5642
0.5531
0.5254
0.5154
0.5858
0.6319
0.5965
0.5725
0.6054
0.6694
0.736
0.7269
0.5665
0.5281
0.531
0.5408
0.6306
0.6369
0.5521
0.5888
0.5706
0.5375
0.6763
0.8138
0.7108
0.6071
0.5367
0.4642
0.4556
0.5665
0.5742
0.5258
0.7942
0.7175
0.6496
0.6971
0.6921
0.5975
0.6335
0.5225
0.634
0.5394
0.5579
0.6029
0.64
0.6877
0.8158
0.6388
0.6106
0.6079
0.642
0.6746
0.7529
0.8013
0.6863
0.5375
0.5721
0.5748
0.6438
0.5908
0.6321
0.6173
0.5994
0.7527
0.7333
0.6513
0.8535
0.7254
0.6548
0.6592
0.6846
0.6606
0.681
0.7463
0.7317
0.6888
0.6563
0.5975
0.8306
0.9835
0.8621
0.8254
0.8435
0.8525
0.835
0.9165
0.9627
0.9867
0.9206
0.8658
0.8781
0.7821
0.7733
0.8248
0.9363
0.6725
0.6965
0.7817
0.8592
0.7958
0.8506
0.8119
0.8029
0.8631
0.9273
0.9773
0.9858
0.7483
0.7869
0.6925
0.7675
0.7683
0.901
0.8273
0.7992
0.8117
0.941
0.7571
0.8352
0.8585
0.871
0.7648
0.8856
0.9871
0.9848
0.9594
0.9152
0.9408
0.9654
0.8896
0.6644
0.6531
0.8613
0.6775
0.6775
0.7283
0.7621
0.8383
0.725
0.6379
0.7992
0.8644
0.8808
0.8596
0.8687
0.9725
0.9804
0.8669
0.8725
0.9096
0.971
0.8723
0.7573
0.6688
0.8617
0.8592
0.8675
0.841
0.7352
0.7667
0.749
0.8504
0.71
0.8169
0.8071
0.7838
0.746
0.6783
0.6463
0.7292
0.7148
0.7019
0.6375
0.705
0.699
0.8033
0.8035
0.8042
0.7358
0.8723
0.8027
0.8588
0.8625
0.8115
0.806
0.7214
0.6319
0.67
0.7371
0.901
0.8823
0.8127
0.8179
0.9377
0.9233
0.7863
0.7502
0.7946
0.8163
0.8
0.8373
0.8096
0.7415
0.8796
0.7815
0.7225
0.6281
0.6483
0.5948
0.5998
