20000101
0.8709
0.8939
0.9464
0.9774
0.9574
0.9335
0.9128
0.8843
0.8745
0.8814
0.7614
0.9544
0.9705
0.9021
0.9088
0.9441
0.8797
0.9447
0.8192
0.7991
0.8026
0.7217
0.6509
0.668
0.7294
0.7072
0.7832
0.9095
0.9194
0.6477
0.85
0.8121
0.6726
0.6359
0.7123
0.7137
0.8217
0.6236
0.5232
0.4978
0.6965
0.6315
0.4388
0.6178
0.6209
0.6342
0.527
0.52
0.5153
0.5303
0.4833
0.6566
0.5897
0.6351
0.7174
0.7076
0.6909
0.605
0.683
0.723
0.5897
0.4091
0.5561
0.5913
0.55
0.7371
0.7609
0.7865
0.647
0.5759
0.5597
0.5867
0.6559
0.6234
0.4953
0.4836
0.4432
0.51
0.5392
0.67
0.7397
0.7445
0.8365
0.8539
0.6942
0.5158
0.5276
0.65
0.5885
0.8165
0.83
-99
-99
-99
-99
-99
-99
-99
-99
-99
0.9187
0.7053
0.5423
0.4924
0.6903
0.4842
0.815
0.5289
0.5717
0.6106
0.5619
0.4756
0.6328
0.6049
0.5928
0.5731
0.5239
0.7061
0.5694
0.6733
0.5565
0.5338
0.4557
0.4903
0.5984
0.7271
0.6991
0.6359
0.6941
0.7915
0.8979
0.7553
0.6459
0.4864
0.4971
0.4303
0.4973
0.6576
0.5231
0.4722
0.6364
0.7391
0.6031
0.6372
0.6177
0.6647
0.6761
0.5521
0.6368
0.5641
0.5015
0.489
0.6422
0.6192
0.5286
0.5703
0.6663
0.5066
0.4609
0.5214
0.6094
0.7878
0.5637
0.5603
0.605
0.6532
0.5678
0.4923
0.5244
0.5162
0.5121
0.5588
0.6019
0.6447
0.5631
0.4571
0.5169
0.69
0.5767
0.4889
0.6111
0.6133
0.6034
0.622
0.4838
0.4065
0.5092
0.3267
0.2616
0.4106
0.4677
0.5832
0.395
0.3871
0.4179
0.4974
0.4635
0.5532
0.6451
0.662
0.5956
0.6361
0.5359
0.4731
0.657
0.4838
0.5231
0.467
0.5252
0.4256
0.4047
0.5241
0.5783
0.6119
0.6747
0.5152
0.4176
0.4711
0.4603
0.4648
0.4544
0.5185
0.5347
0.6034
0.5525
0.495
0.5586
0.5282
0.513
0.5137
0.49
0.4745
0.5006
0.4958
0.5625
0.5906
0.5003
0.4581
0.4571
0.4233
0.5844
0.5619
0.7123
0.5762
0.6185
0.4761
0.4532
0.4855
0.5303
0.5434
0.4388
0.5321
0.5997
0.6135
0.6161
0.644
0.7006
0.6685
0.5344
0.5763
0.6691
0.7053
-99
-99
-99
-99
-99
-99
-99
-99
0.6182
0.8064
0.6214
0.5311
0.4844
0.4775
0.5756
0.6409
0.7066
0.5069
0.5494
0.65
0.5961
0.6549
0.8446
0.8707
0.7591
0.6682
0.7009
0.6938
0.7873
0.7665
0.7292
0.7
0.8171
0.9003
0.8624
0.7203
0.9303
0.9181
0.8411
0.9228
0.8385
0.8181
0.6453
0.7178
0.96
0.7016
0.6847
0.8777
0.5629
0.4681
0.6242
0.6894
0.8269
0.8703
0.8034
0.9209
0.6947
0.8842
0.8406
0.6582
0.8194
0.7826
0.7457
0.7232
0.8464
0.7781
0.6638
0.8509
0.8029
0.9044
0.9785
0.9174
0.7915
0.8955
0.8256
0.7183
0.8587
0.8984
0.8943
0.8125
0.7951
0.8185
0.8731
0.9324
0.9794
0.9858
0.9849
0.6286
0.7722
0.9778
0.9882
0.9536
0.9553
0.9614
0.9053
0.8919
0.9557
0.9515
0.91
0.7141
0.7278
0.6941
0.6538
0.6306
0.8625
0.7663
0.7831
0.7643
0.9062
0.8529
0.7146
0.6711
0.8845
0.8706
0.9324
0.9357
0.9315
0.9394
0.8594
0.9127
0.8313
0.9203
0.7663
0.7251
0.8567
0.9662
0.8837
0.9097
0.763
0.7489
0.7173
0.7433
0.5146
0.5511
0.6224
0.541
0.6091
0.8115
0.9168
0.7194
0.856
0.8109
0.6933
0.4909
0.7016
0.8361
0.9233
0.6894
0.8991
0.9155
0.9063
0.6344
0.7106
0.2425
0.556
0.6578
0.7394
0.6955
0.705
0.4037
0.4808
0.6476
0.5333
0.6165
0.8642
0.6136
0.7676
0.7226
0.7132
0.8231
0.6005
0.6681
0.7341
0.82
0.8146
0.5455
0.6131
0.6138
0.7121
0.587
0.6244
0.6414
0.6295
0.6374
0.5667
0.5793
0.4539
0.4426
0.5362
0.5514
0.5878
0.5035
0.4571
0.5812
0.5733
0.5172
0.6247
0.5584
0.5321
0.5186
0.4249
0.4348
0.4371
0.4319
0.4187
0.4126
0.4203
0.3905
0.395
0.3806
0.51
0.6354
0.46
0.3338
0.4406
0.5564
0.5506
0.5297
0.4162
-99
-99
-99
-99
0.6294
0.767
0.7034
0.7943
0.7015
0.5744
0.5503
0.5519
0.5774
0.8413
0.9575
0.8969
-99
-99
0.4955
0.6028
0.5309
0.8086
-99
-99
-99
0.4718
0.6485
0.7106
0.6621
0.6197
0.4749
0.4859
0.4374
0.4184
0.4072
0.4239
0.5184
0.487
0.3795
0.5929
0.6879
0.4776
0.5317
0.5794
0.6406
0.6603
0.4631
0.4109
0.5106
0.5232
0.5574
0.395
0.3573
0.3908
0.4376
0.4848
0.485
0.4547
0.3895
0.4058
0.3003
0.3977
0.4769
0.388
0.4326
0.4588
0.46
0.5018
0.5848
0.6797
0.5882
0.552
0.3983
0.5626
0.8394
0.5936
0.5181
0.5147
0.6441
0.6824
0.5741
0.6339
0.5468
0.4662
0.55
0.4226
0.4925
0.5397
0.4843
0.561
0.4913
0.5008
0.5165
0.7082
0.6561
0.5156
0.4203
0.4334
0.3876
0.4844
0.4779
0.494
0.435
0.5323
0.6106
0.5839
0.4415
0.5268
0.6749
0.5979
0.603
0.7211
0.7933
0.7037
0.6459
0.7206
0.6618
0.5917
0.645
0.643
0.6116
0.5472
0.5453
0.4936
0.4688
0.48
0.4291
0.4189
0.4645
0.5838
0.7188
0.5738
0.5108
0.5088
0.5065
0.5381
0.5058
0.4523
0.5391
0.5697
0.6413
0.4691
0.5228
0.5053
0.4293
0.5588
0.6489
0.7522
0.7145
0.795
0.8383
0.6681
0.5576
0.6782
0.7072
0.6767
0.7852
0.8061
0.7485
0.7239
0.7459
0.7409
0.8163
0.7589
0.5991
0.6797
0.834
0.8777
0.8351
0.7645
0.7847
0.81
0.8219
0.7124
0.7803
0.8343
0.7783
0.7367
0.7497
0.7906
0.7473
0.7321
0.7955
0.8677
0.8624
0.8015
0.8837
0.8762
0.8941
0.5811
0.7843
0.8032
0.8189
0.8233
0.7464
0.7934
0.578
0.4074
0.4338
0.4135
0.3929
0.6094
0.4079
0.8073
0.918
0.9697
0.935
0.833
0.8514
0.9676
0.9239
0.8771
0.8482
0.8553
0.97
0.8906
0.8742
0.8869
0.9412
0.98
0.9383
0.9517
0.8549
0.9776
0.9895
0.99
0.9668
0.9262
0.8631
0.8453
0.9738
0.9809
0.7826
0.8643
0.9421
0.9389
0.9395
0.9493
0.9416
0.9649
0.8659
0.8893
0.908
0.937
0.9259
0.8719
0.8895
0.9734
0.9218
0.8296
0.8634
0.8846
0.9497
0.8835
0.8776
0.9323
0.8349
0.872
0.8797
0.8914
0.9303
0.8787
0.9385
0.9303
0.8816
0.6203
0.83
0.8537
0.9285
0.9697
0.9871
0.7994
0.9338
0.5614
0.6503
0.7906
0.9068
0.965
0.9284
0.8929
0.7641
0.7641
0.8288
0.7671
0.9062
0.9437
0.5984
0.5389
0.7209
0.7832
0.729
0.8247
0.8613
0.8667
0.57
0.5939
0.7071
0.725
0.6819
0.6147
0.525
0.4209
0.4684
0.5284
0.5463
0.6324
0.6518
0.5422
0.5304
0.7391
0.5692
0.6616
0.6337
0.8182
0.5844
0.6979
0.7218
0.6897
0.6103
0.7847
0.7803
0.7047
0.7926
0.6026
0.7288
0.7471
0.6422
0.5353
0.5168
0.509
0.4509
0.5456
0.7
0.6515
0.5151
0.6306
0.5418
0.8391
0.7224
0.6525
0.6065
0.7568
0.8476
0.5419
0.4694
0.7663
0.7394
0.8558
0.6616
0.6169
0.8968
0.8638
0.5803
0.585
0.6334
0.5667
0.5261
0.5864
0.6323
0.6477
0.5883
0.5365
0.5263
0.4811
0.6117
-99
-99
-99
-99
0.6122
0.7158
0.5327
0.5238
0.4124
0.5079
0.6274
0.9325
0.9425
0.8108
0.7331
0.6174
0.546
0.5606
0.6166
0.5581
0.4985
0.5551
0.5172
0.4716
0.5074
0.4885
0.6758
0.4944
0.4662
0.4761
0.5242
0.4403
0.4417
0.5803
0.6196
0.4559
0.5259
0.4182
0.4009
0.7024
0.6877
0.4924
0.5478
0.6447
0.4795
0.42
0.4379
0.5669
0.4179
0.4003
0.4216
0.3867
0.3729
0.4003
0.463
-99
0.27
0.3906
0.4136
0.479
0.5403
-99
-99
-99
-99
-99
-99
-99
0.3024
0.496
0.5461
0.551
0.6377
0.669
0.6341
0.5313
0.7238
-99
-99
0.195
0.3533
0.48
0.4659
0.4919
0.5524
0.4587
0.38
0.5172
0.5036
0.4424
0.4694
0.4917
0.602
0.6151
0.5727
0.5947
0.5131
0.494
0.6435
0.6691
0.5903
0.638
0.4879
0.4578
0.5709
0.5913
0.5363
0.4294
0.4928
0.5185
0.6246
0.6244
0.6322
0.6032
0.6267
0.5574
0.5645
0.6334
0.6765
0.8024
0.8176
0.7146
0.7135
0.7572
0.6376
0.5553
0.6019
0.6094
0.57
0.7228
0.7128
0.7681
0.5749
0.5844
0.6662
0.7163
0.7094
0.6477
0.7427
0.61
0.5684
0.6681
0.707
0.762
0.7803
0.815
0.753
0.7903
0.7974
0.6726
0.5533
0.5469
-99
0.4687
0.6423
0.6918
0.7537
0.7468
0.7188
0.8968
0.845
0.8115
0.7794
0.7241
0.7515
0.8158
0.9426
0.8492
0.6229
0.624
0.7219
0.8365
0.8087
0.7492
0.6139
0.6782
0.7577
0.7593
0.7908
0.5633
0.5577
0.6491
0.7432
0.7618
0.7709
0.8194
0.8951
0.9063
0.8408
0.9009
0.9332
0.6989
0.5358
0.6562
0.7511
0.4835
0.5134
0.4826
0.5965
0.6517
0.7497
0.7416
0.7759
0.8384
0.9441
0.81
0.841
0.8015
0.9167
0.7773
0.7241
0.8516
0.9462
0.9103
0.7466
0.837
0.8222
0.6632
0.6305
0.8056
0.5881
0.7115
0.7179
0.4894
0.6066
0.8063
0.8631
0.9131
0.8379
0.9238
0.9476
0.9831
0.9805
0.8369
0.9618
0.9674
0.9427
0.9448
0.9335
0.9024
0.979
0.9678
0.9556
0.8294
0.8845
0.8576
0.5723
0.657
0.9594
0.5933
0.7311
0.832
0.6678
0.6315
0.7455
0.723
0.7405
0.8615
0.9679
0.7215
0.63
0.7916
0.7818
0.8259
0.8665
0.8692
-99
-99
0.6185
0.7945
0.7736
0.6656
0.5194
0.4668
0.5747
0.6629
0.6581
0.5803
0.5781
0.6091
0.3836
0.3921
0.596
0.5694
0.5426
0.5675
0.6203
0.7839
0.7533
0.7606
0.5665
0.681
0.7194
0.7118
0.6716
0.6997
0.5594
0.477
0.5122
0.8068
0.9279
0.8215
0.8705
0.7848
0.7067
0.7915
0.8862
0.7805
0.7397
0.8369
0.653
0.5923
0.6322
0.8069
0.695
0.7033
0.7156
0.7806
0.6872
0.6734
0.6783
0.7135
0.6932
0.7392
0.5574
0.5423
0.4773
0.5444
0.5035
0.5176
0.6766
0.65
0.6297
0.6441
0.6948
0.7082
0.8824
0.7813
0.8308
0.7744
0.7613
0.4879
0.34
0.4388
0.5844
0.4931
0.5953
0.5669
0.6942
0.5567
0.6474
0.7069
0.6167
0.6921
0.8713
0.6638
0.6897
0.5788
0.7694
0.776
0.6988
0.6621
0.7171
0.5965
0.5708
0.6617
0.6163
0.5791
0.6132
0.5718
0.5347
0.4885
0.469
0.4991
0.7744
0.9447
0.8732
0.8508
0.6829
0.6022
0.7581
0.6783
0.5587
0.5451
0.6418
0.7803
0.6672
0.6672
0.6203
0.4703
0.5018
0.5073
0.5518
0.5862
0.4482
0.4177
0.4749
0.5131
0.5338
0.4447
0.4928
0.5845
0.5811
0.5631
0.5728
0.7086
0.6415
0.5406
0.6552
0.5751
0.5316
0.4755
0.442
0.7183
-99
-99
0.3587
0.5413
0.4861
0.4268
0.4112
0.3838
0.3509
0.4561
0.5318
0.6029
0.6058
0.553
0.5475
0.6465
0.4605
0.3479
0.4267
0.3961
0.4333
0.6497
0.6383
0.5945
0.5368
0.5147
0.4917
0.4162
0.4183
0.4342
0.555
0.5944
0.4097
0.5581
0.5959
0.5006
0.6061
0.5294
0.5194
0.6174
0.5663
0.6552
0.6616
0.5258
0.5021
0.4336
0.4972
0.4351
0.5591
0.4653
0.4291
0.4527
0.4694
0.493
0.437
0.4458
0.3997
0.4535
0.3876
0.3832
0.4031
0.34
0.4921
0.7379
0.8353
0.7008
0.5768
0.6203
0.6411
0.645
0.5547
0.6062
0.5524
0.6114
0.6084
0.6309
0.4231
0.5003
0.6173
0.7849
0.755
0.8069
0.8689
0.8062
0.6933
0.8068
0.838
0.8224
0.6703
0.7337
0.7726
0.7582
0.6936
0.6259
0.6139
0.6174
0.5924
0.6625
0.6761
0.7552
0.7274
0.7012
0.64
0.7481
0.7613
0.8997
0.6938
0.7361
0.872
0.708
0.798
0.7164
0.6031
0.4883
0.6663
0.67
0.5876
0.6448
0.7323
0.8086
0.807
0.8144
0.7818
0.9367
0.8153
0.8857
0.8476
0.8647
0.6976
0.7092
0.7586
0.5513
0.5584
0.7409
0.9359
0.9006
0.872
0.7691
0.7108
0.7797
0.7557
0.7043
0.8283
0.8759
0.8882
0.895
0.9797
0.9579
0.9227
0.9746
0.9443
0.895
0.8288
0.95
0.9064
0.9409
0.7881
0.8358
0.9778
0.9771
0.9376
0.8594
0.7986
0.7113
0.8686
0.8034
0.6322
0.6812
0.7959
0.8719
0.782
0.8203
0.8191
0.7686
0.8491
0.9234
0.9494
0.8535
0.8624
0.8654
0.9575
0.9429
0.9803
0.7708
0.665
0.8708
0.8826
0.9318
0.8761
0.9691
0.7713
0.4965
0.5666
0.7952
0.9716
0.9648
0.9326
0.7358
0.6892
0.6447
0.5273
0.7508
0.5681
0.5769
0.8045
0.8627
0.9786
0.99
0.9692
0.7529
0.6474
0.8045
0.8579
0.5908
0.5949
0.623
0.8119
0.6929
0.5025
0.3691
0.6206
0.6241
0.6845
0.6242
0.7171
0.7125
0.8203
0.7306
0.5451
0.5886
0.7929
0.9255
0.9681
0.9752
0.9513
0.9457
0.9588
0.9633
0.9494
0.8883
0.8923
0.9269
0.9209
0.8544
0.9
0.8811
0.9103
0.7438
0.6703
0.7743
0.7097
0.8056
0.8831
0.6419
0.7092
0.736
0.9451
0.8806
0.6643
0.5962
0.6489
0.55
0.5421
0.701
0.6876
0.5884
0.5578
0.5817
0.5427
0.5971
0.7512
0.6033
0.7638
0.7932
0.81
0.7968
0.7939
0.7479
0.7681
0.7736
0.6844
0.6142
0.4959
0.4986
0.5055
0.4473
0.55
0.7409
0.8744
0.8394
0.8469
0.7609
0.7709
0.6413
0.6346
0.7329
0.6665
0.5151
0.5259
0.8503
0.755
0.5984
0.5618
0.6208
0.6409
0.6988
0.726
0.8995
0.7444
0.7256
0.5356
0.5614
0.6162
0.8746
0.6651
0.677
0.6194
0.6269
0.5933
0.8921
0.823
0.6114
0.6777
0.7422
0.9074
0.6166
0.6391
0.5523
0.5355
0.5079
0.5081
0.7142
0.9228
0.8074
0.6115
0.6192
0.5889
0.6624
0.6355
0.5443
0.5064
0.51
0.5655
0.6297
0.6941
0.6665
0.6343
0.6655
0.695
0.6097
0.6353
0.7256
0.6331
0.5124
0.4631
0.4693
0.4529
0.4903
0.5652
0.5614
0.5121
0.499
0.5533
0.5656
0.6594
0.5967
0.6004
0.6946
0.477
0.4591
0.4186
0.4697
0.4242
0.5411
0.63
0.4846
0.5491
0.5326
0.5369
0.4588
0.4951
0.5383
0.5393
0.5035
0.4156
0.5194
0.6116
0.5637
0.6727
0.6268
0.4068
0.4164
0.6206
0.621
0.4586
0.47
0.4854
0.5665
0.5303
0.5523
0.5319
0.5465
0.6542
0.6355
0.5803
0.5753
0.4277
0.406
0.4315
0.4282
0.5759
0.69
0.5909
0.5261
0.5003
0.5316
0.5715
0.5156
0.4821
0.5562
0.6332
0.5862
0.5771
0.5475
0.4077
0.5434
0.5121
0.5664
0.6021
0.6003
0.6211
0.5942
0.569
0.4433
0.4922
0.6179
0.6675
0.6091
0.4367
0.4476
0.5645
0.6415
0.6953
0.6981
0.6547
0.6976
0.6752
0.7783
0.7053
0.6433
0.6317
0.6717
0.6706
0.693
0.6471
0.6876
0.7271
0.7328
0.6706
0.6395
0.5483
0.5533
0.6138
0.6684
0.6647
0.5486
0.5053
0.4803
0.4947
0.4048
0.4746
0.5354
0.6526
0.705
0.7609
0.7348
0.7749
0.6963
0.5475
0.6303
0.7114
0.7516
0.7181
0.6186
0.4211
0.5763
0.6542
0.6106
0.5866
0.5191
0.5343
0.5859
0.6774
0.7305
0.5972
0.7117
0.8082
0.7249
0.7644
0.7406
0.7089
0.95
0.737
0.7492
0.7623
0.7842
0.7985
0.9316
0.9461
0.883
0.8926
0.7215
0.5794
0.6923
0.6565
0.5768
0.6654
0.7835
0.5613
0.395
0.5234
0.6513
0.7818
0.8788
0.6715
0.755
0.8591
0.8381
0.8403
0.8831
0.8229
0.7532
-99
-99
0.545
0.8544
0.8303
0.8051
0.9538
0.9662
0.9078
0.8766
0.9008
0.9316
0.9577
0.9454
0.9491
0.8971
0.9409
0.969
0.9422
0.8976
0.7579
0.5652
0.6142
0.5185
0.7666
0.8145
0.7769
0.9557
0.8138
0.5066
0.5371
0.6606
0.5167
0.7026
0.8892
0.9714
0.9563
0.9633
0.9875
0.99
0.9771
0.9791
0.985
0.9838
0.9658
0.9154
0.9121
0.8838
0.9513
0.9633
0.92
0.9146
0.7442
0.6179
0.5875
0.6583
0.6521
0.7585
0.5113
0.3321
0.3554
0.4213
0.55
0.5529
0.4804
0.6333
0.6563
0.6129
0.6496
0.7588
0.7658
0.845
0.8288
0.8388
0.8646
0.8942
0.7217
0.5013
0.5209
0.3708
0.4568
0.3525
0.4392
0.5375
0.5963
0.475
0.395
0.8171
0.7467
0.7288
0.6858
0.6733
0.5546
0.4179
0.6975
0.7575
0.5821
0.4688
0.5033
0.3925
0.3563
0.4425
0.5179
0.5871
0.6517
0.6979
0.6758
0.7525
0.7738
0.6791
0.5746
0.5342
0.4875
0.5321
0.7821
0.6846
0.8092
0.7271
0.8021
0.791
0.5161
0.4954
0.5154
0.4775
0.485
0.6467
0.8557
0.7395
0.7171
0.715
0.6967
0.6533
0.5838
0.3838
0.3588
0.4158
0.5008
0.5671
0.6754
0.5525
0.5033
0.53
0.515
0.4829
0.4979
0.5838
0.6933
0.67
0.5886
0.4968
0.5217
0.4613
0.3829
0.3779
0.3846
0.3375
0.5838
0.4775
0.4746
0.4241
0.4321
0.4229
0.5125
0.67
0.7054
0.7221
0.7317
0.785
0.8011
-99
-99
0.5743
0.5625
0.535
0.5358
0.5275
0.6679
0.5017
0.61
0.4921
0.4004
0.4358
0.4896
0.4942
0.7208
0.6408
0.5575
0.5329
0.5042
0.5296
0.4925
0.4983
0.5233
0.5868
0.5942
0.6388
0.6717
0.7225
0.7454
0.6042
0.5975
0.5013
0.5396
0.44
0.4375
0.5058
0.6371
0.6763
0.6042
0.6958
0.5313
0.4992
0.5913
0.6629
0.5533
0.4879
0.4375
0.5146
0.5992
0.5608
0.4321
0.4754
0.4404
0.5371
0.5546
0.5292
0.4877
0.4679
0.4971
0.4713
0.3975
0.3908
0.4958
0.4138
0.4496
0.5471
0.5825
0.5963
0.5479
0.6188
0.6271
0.6275
0.6388
0.6538
0.6146
0.4792
0.5946
0.8321
0.6542
0.5467
0.5625
0.505
0.5079
0.4833
0.6763
0.6942
0.7233
-99
-99
0.3723
0.5346
0.5729
0.71
0.7042
0.7713
0.605
0.4604
0.4188
0.4729
0.5117
0.5375
0.6413
0.7067
0.7346
0.6442
0.6417
0.6367
0.7017
0.6738
0.5971
0.5546
0.5829
0.6588
0.61
0.8963
0.8867
0.7317
0.6618
0.6308
0.6342
0.6908
0.7233
0.6696
0.6133
0.5679
0.4467
0.5092
0.6421
0.6596
0.7138
0.7704
0.765
0.7521
0.7329
0.7629
0.7717
0.6625
0.6425
0.6333
0.4492
0.5404
0.5933
0.6723
0.7667
0.7571
0.7783
0.7929
0.7792
0.7858
0.8908
0.9496
0.9582
0.96
0.9063
0.885
0.9592
0.905
0.8904
0.8646
0.8067
0.9542
0.8813
0.9264
0.8655
0.8296
0.8554
0.8433
0.8179
0.9104
0.8313
0.8938
0.8979
0.7821
0.7496
0.8142
0.875
0.8596
0.8833
0.8571
0.9442
0.97
0.9796
0.8879
0.9179
0.8796
0.7463
0.9025
0.9554
0.9208
0.8846
0.9392
0.7568
0.6671
0.65
0.6813
0.6267
0.7429
0.7333
0.7867
0.8588
0.965
0.8088
0.87
0.7058
0.6425
0.8329
0.7833
0.7833
0.8146
0.8874
0.9821
0.945
0.975
0.9663
0.9479
0.7479
0.7808
0.8813
0.9758
0.99
0.9904
0.9879
0.985
0.965
0.9418
0.9413
0.7725
0.8475
0.8954
0.9321
0.6367
0.6117
0.6075
0.7838
0.8533
0.8863
0.9738
0.9438
0.9804
0.9692
0.895
0.9008
0.9508
0.9758
0.9438
0.9329
0.9129
0.7458
0.8363
0.9854
0.9463
0.94
0.9225
0.8677
0.825
0.9273
0.715
0.6842
0.7429
0.9379
0.9413
0.9446
0.935
0.9558
0.9008
0.8059
0.86
0.8683
0.845
0.7888
0.82
0.8425
0.8058
0.7163
0.83
0.8592
0.6708
0.4775
0.5521
0.5588
0.6117
0.73
0.7804
0.7045
0.6175
0.6571
0.8608
0.6858
0.6365
0.6929
0.5609
0.5771
0.6814
0.5192
0.5445
0.6213
0.5408
0.5555
0.5083
0.5287
0.5474
0.6929
0.8071
0.8108
0.8242
0.7433
0.7588
0.82
0.7663
0.7887
0.5926
0.6758
0.6679
0.515
0.6496
0.67
0.5292
0.595
0.635
0.6688
0.6571
0.5692
0.6479
0.6563
0.5646
0.7104
0.7658
0.753
0.6913
0.5079
0.4629
-99
-99
-99
-99
-99
-99
-99
0.5694
0.6771
0.7127
0.6404
0.7067
0.5721
0.5063
0.5629
0.6092
0.5188
0.4913
0.4667
0.6541
0.6125
0.6683
0.6308
0.64
0.54
0.6967
0.5425
0.4496
0.7117
0.6535
0.5929
0.6042
0.5154
0.4486
0.4763
0.5245
0.52
0.4664
0.5217
0.6577
0.5313
0.47
0.4008
0.4613
0.4904
0.4433
0.3732
0.4213
0.4345
0.4986
0.854
-99
-99
-99
-99
-99
-99
-99
-99
-99
-99
-99
-99
-99
0.5887
0.6525
0.62
0.5857
0.5278
0.5508
0.5038
0.4959
0.5882
0.5164
0.5883
0.6222
0.6663
0.7475
0.595
0.5063
0.4819
0.4735
0.5554
0.6078
0.5854
0.4923
0.5108
0.5786
0.5471
0.5064
0.4463
0.5488
0.6371
0.5946
0.63
0.665
0.565
0.5988
0.5909
0.5171
0.4414
0.5133
0.5492
0.5525
0.5241
0.4186
0.582
0.5491
0.4538
0.5796
0.5927
0.375
0.4329
0.4064
0.4629
0.4646
0.48
0.4738
0.4875
0.4813
0.4508
0.4325
0.4108
0.4617
0.53
0.6826
-99
-99
-99
-99
0.84
0.6073
0.5992
0.6536
0.59
0.4823
0.4579
0.4954
0.4771
0.4113
0.55
0.6379
0.7063
0.7063
0.615
0.5608
0.6071
0.5983
0.6646
0.6104
0.6805
0.6613
0.6967
0.9046
0.8575
0.8433
0.6021
0.7205
0.6442
0.6022
0.6565
0.7513
0.7088
0.9022
-99
-99
-99
0.5312
0.7342
0.7838
0.7738
0.7592
0.7425
0.7854
0.6338
0.5617
0.6286
0.7383
0.7358
0.7671
0.7608
0.7679
0.7342
0.7436
0.7363
0.7725
0.805
0.8871
0.9771
0.9042
0.8771
0.9558
0.8996
0.8196
0.9609
0.7926
0.8854
-99
-99
-99
-99
-99
-99
-99
0.7308
-99
0.755
0.8104
0.8433
0.8917
0.8936
0.9071
0.9677
0.9367
0.8395
0.7709
0.8825
0.8215
0.8718
0.8109
0.825
0.8829
0.7667
0.6871
0.6517
0.675
0.7604
0.7104
0.8446
0.8113
0.907
0.8996
0.9485
0.9642
0.9037
0.7887
0.7904
0.8825
0.735
0.7632
0.7604
0.59
0.8813
0.9108
0.8863
0.8996
0.9168
0.9167
0.9154
0.9675
0.932
0.8858
0.8764
0.9821
0.9879
0.9529
0.9558
0.98
0.9663
0.9892
0.9908
0.99
0.9763
0.94
0.9254
0.5642
0.7908
0.8533
0.8325
0.9414
0.945
0.9321
0.9895
0.9904
0.9529
0.9288
0.9767
0.9554
0.9513
0.9342
0.9875
0.9358
0.8254
0.9864
0.9825
0.9
0.524
0.5721
0.9075
0.7408
0.6429
0.8046
0.8363
0.88
0.9492
0.7833
0.8488
0.9375
0.9808
0.9014
0.9558
0.8071
0.9067
0.7133
0.6508
0.6888
0.5738
0.5983
0.6942
0.7328
0.6142
0.7541
0.7642
0.7871
0.8033
0.8358
0.7967
0.7079
0.645
0.5835
0.4948
0.6379
0.6578
0.5488
0.5082
0.5763
0.6488
0.4317
0.5913
0.7255
0.4292
0.5588
0.3058
0.4958
0.54
0.5663
0.5858
0.6033
0.623
0.5921
0.5683
0.4777
0.527
0.4325
0.4727
0.5788
0.4948
0.5208
0.6809
0.7838
0.7936
0.6696
0.53
0.707
0.8667
0.8525
0.9092
0.7425
0.8433
0.8917
0.8517
0.8152
0.7363
0.7915
0.7263
0.9404
0.9055
0.9461
0.8717
0.7354
0.8191
0.7525
0.6629
0.6975
0.6863
0.65
0.585
0.5367
0.5725
0.5804
0.82
0.8873
0.825
0.7788
0.8188
0.6317
0.8495
0.68
0.5542
0.5539
0.5642
0.4942
0.4713
0.5592
0.3662
0.5478
0.5296
0.4921
0.4304
0.4838
0.6079
0.5779
0.8517
0.6504
0.6246
0.615
0.635
0.5867
0.7338
0.7063
0.5304
0.4575
0.4842
0.5788
0.5367
0.4613
0.4838
0.5363
0.6471
0.7621
0.6388
0.5996
0.5913
0.5713
0.5954
0.565
0.6521
0.6029
0.6129
0.5692
0.7292
0.6846
0.7988
0.6542
0.5027
0.4896
0.445
0.6042
0.5741
0.49
0.3963
0.4638
0.629
0.6288
0.5032
0.5675
0.5575
0.5883
0.4321
0.4548
0.5205
0.4888
0.4917
0.4327
0.4593
0.453
0.5421
0.6204
0.5433
0.53
0.5868
0.5596
0.5825
0.5316
0.5471
0.6104
0.7054
0.5175
0.3833
0.5196
0.6204
0.573
0.5505
0.5367
0.4367
0.5333
0.6792
0.5983
0.4875
0.6275
0.6617
0.6508
0.6291
0.4371
0.4592
0.53
0.5813
0.6804
0.6005
0.5958
0.5742
0.4342
0.5238
0.5875
0.5017
0.4542
0.4442
0.5717
0.5908
0.71
0.6864
0.5983
0.5438
0.4717
0.4833
0.4704
0.4053
0.5288
0.6175
0.5854
0.5383
0.5133
0.445
0.5891
0.6171
0.6408
0.5995
0.5625
0.6696
0.7
0.6935
0.65
0.6513
0.7917
0.6408
0.6183
0.7225
0.8413
0.8867
0.7625
0.7429
0.56
0.495
0.4254
0.6079
0.775
0.7658
0.735
0.7746
0.8938
0.8933
0.8675
0.8196
0.7833
0.7408
0.6546
0.6258
0.8571
0.7788
0.75
0.7842
0.795
0.7967
0.8892
0.8225
0.7633
0.7267
0.6863
0.675
0.6725
0.7308
0.6433
0.6829
0.7538
0.7617
0.67
0.4329
0.4917
0.5875
0.7538
0.7733
0.8104
0.8286
0.7396
0.7517
0.7408
0.6529
0.715
0.7321
0.7571
0.6721
0.4858
0.4163
0.3796
0.5429
0.6175
0.48
0.8308
0.8113
0.7021
0.8192
0.7325
0.6946
0.7221
0.7717
0.88
0.9196
0.9229
0.9688
0.905
0.6017
0.6683
0.7363
0.6891
0.6096
0.5
0.5175
0.5313
0.5091
0.675
0.7621
0.7729
0.7633
0.7488
0.8071
0.8442
0.8346
0.7638
0.6925
0.7558
0.8292
0.9325
0.9833
0.9313
0.9146
0.9296
0.9238
0.905
0.9017
-99
-99
-99
-99
-99
-99
-99
-99
-99
-99
-99
-99
-99
-99
-99
-99
-99
-99
-99
-99
-99
-99
-99
-99
-99
-99
-99
-99
-99
-99
-99
-99
-99
-99
-99
-99
-99
-99
-99
-99
-99
-99
-99
-99
-99
-99
-99
-99
0.915
0.8425
0.9164
-99
-99
-99
0.7875
0.94
-99
-99
-99
-99
-99
-99
-99
0.5021
0.3963
0.315
0.4758
0.737
-99
-99
-99
-99
-99
-99
-99
-99
-99
-99
-99
-99
-99
-99
-99
0.4913
-99
-99
-99
-99
-99
-99
0.3808
0.47
0.5388
0.4517
0.6358
0.6071
0.4229
0.6267
0.6633
0.735
0.7758
0.6905
0.4388
0.6013
0.5121
0.4771
0.6117
0.6675
0.6275
0.5679
0.8754
0.6117
0.4742
0.5321
0.5054
0.5863
0.5708
0.515
0.6104
0.5008
0.4888
0.444
0.4138
0.3883
0.4258
0.515
0.5604
0.6827
0.5592
0.7989
0.8733
0.7613
0.7763
0.7013
0.8488
0.7217
0.7813
0.8146
0.7117
0.8658
0.6463
0.5346
0.6538
0.7463
0.7438
0.8883
0.765
0.8758
0.7704
0.675
0.6354
0.7867
0.7858
0.7404
0.6283
0.5658
0.625
0.5688
0.5088
0.5558
0.7158
0.7688
0.7496
0.5704
0.3583
0.5409
0.6579
0.7058
0.5883
0.535
0.6204
0.5617
0.5133
0.4758
0.5142
0.5721
0.5288
0.5208
0.65
0.4992
0.5825
0.5296
0.5258
0.6033
0.6414
0.482
0.5608
0.5576
-99
-99
-99
0.5821
0.5696
0.6509
0.5433
0.5021
0.5688
0.6054
0.5479
0.5154
0.5842
0.5271
0.4517
0.4517
0.6108
0.6258
0.5954
0.5275
0.5767
0.6208
0.56
0.4879
0.4142
0.5529
0.65
0.5567
0.5442
0.6229
0.5329
0.5621
0.4179
0.4917
0.6067
0.6313
0.5495
0.4347
0.685
0.4646
0.6029
0.5725
0.615
0.5804
0.5488
0.6608
0.625
0.812
0.5792
0.5954
0.6079
0.6575
0.5613
0.5304
0.5125
0.6225
0.6254
0.6111
0.5879
0.545
0.5113
0.58
-99
0.6533
0.6504
0.6367
0.6543
0.5142
-99
0.4983
0.5321
0.6171
0.6742
0.7029
0.6783
0.6408
0.6942
0.855
0.8947
0.7088
0.6942
0.7038
0.6988
0.7067
0.6968
-99
0.6517
0.5504
0.425
0.5854
0.6567
0.6604
0.6804
0.6763
0.7221
0.7
0.73
0.7813
0.7846
0.86
0.8217
0.7133
0.7479
0.855
0.7717
0.7804
0.7638
0.8138
0.6921
0.8017
0.7442
0.7867
0.8371
0.9192
0.7483
0.6963
0.91
-99
-99
-99
-99
-99
-99
0.8225
0.8858
0.9421
0.9233
0.9258
0.7475
0.5908
0.6492
0.8046
0.8892
0.8821
0.9478
-99
-99
-99
-99
0.6254
0.5904
0.5313
0.6538
0.8046
0.6583
0.6608
0.5817
0.59
0.7058
0.7308
0.8342
0.6804
0.6263
0.8138
0.8075
0.8958
0.4975
0.6175
0.7213
0.8408
0.7288
0.7542
0.7004
0.85
0.6479
0.6988
0.8971
0.9583
0.9467
0.9533
0.9371
0.8967
0.8888
0.9263
0.8292
0.8954
0.8725
0.8238
0.9033
0.8933
0.8579
0.795
0.8417
0.7738
0.6754
0.6963
0.8696
0.8967
0.8279
0.8929
0.8779
0.8396
0.9446
0.9546
0.9042
0.9042
0.8642
0.6167
0.5958
0.8358
0.755
0.4588
0.6454
0.5742
0.6292
0.6663
0.7875
0.8392
0.8654
0.8429
0.8771
0.7129
0.7113
0.8346
0.7871
0.5783
0.5833
0.5983
0.5321
0.5675
0.5725
0.5579
0.6367
0.7496
0.7471
0.6429
0.6063
0.7133
0.7875
0.7758
0.6283
0.5808
0.7021
0.7558
0.8104
0.8529
0.8533
0.8325
0.8196
0.8138
0.8271
0.63
0.3971
0.5371
0.5879
0.5396
0.5692
0.5688
0.7275
0.7367
0.6833
0.6333
0.6042
0.5833
0.5492
0.5817
0.5742
0.6196
0.5942
0.4646
0.4508
0.4179
0.45
0.5763
0.7296
0.6879
0.7392
0.7671
0.6675
0.6833
0.8188
0.6788
0.6725
0.7654
0.9138
0.7713
0.6904
0.7963
0.8575
0.6771
0.6767
0.6763
0.7163
0.7421
0.6717
0.6983
0.6883
0.5629
0.525
0.5408
0.5754
0.5758
0.6721
0.7004
0.5504
0.5258
0.5258
0.6021
0.525
0.5446
0.5729
0.5475
0.4833
0.5225
0.5288
0.4329
0.6188
0.69
0.7113
0.6175
0.7475
0.5896
0.4679
0.4758
0.5283
0.5446
0.4879
0.4929
0.4971
0.6358
0.5408
0.5704
0.6292
0.5179
0.4442
0.4292
0.4821
0.4921
0.5325
0.4879
0.4417
0.4646
0.5654
0.7217
0.4625
0.4783
0.5542
0.4267
0.4358
0.5029
0.5025
0.4575
0.3613
0.455
0.6338
0.4767
0.5129
0.5383
0.4367
0.4025
0.5075
0.5667
0.5825
0.6171
0.6025
0.5763
0.515
0.4571
0.4467
0.4658
0.5546
0.4854
0.5058
0.5425
0.5963
0.5004
0.5229
0.5721
0.5263
0.6338
0.5879
0.4529
0.5675
0.5683
0.5721
0.4188
0.3929
0.4808
0.5304
0.5838
0.6217
0.5246
0.4479
0.4196
0.5388
0.4317
0.4933
0.4896
0.3988
0.5267
0.6379
0.4996
0.5871
0.6288
0.5717
0.5733
0.5671
0.6746
0.7296
0.5829
0.5904
0.5342
0.5246
0.4954
0.4967
0.5008
0.4296
0.4254
0.4263
0.4338
0.5167
0.5446
0.5383
0.5129
0.7096
0.6338
0.6175
0.5842
0.4596
0.5092
0.6275
0.5858
0.6183
0.5917
0.5421
0.5071
0.6196
0.6346
0.5992
0.5042
0.5175
0.5779
0.5896
0.6788
0.5904
0.6096
0.5883
0.7092
0.77
0.5721
0.5733
0.5742
0.6492
0.6871
0.655
0.6667
0.6329
0.6871
0.6929
0.6667
0.8104
0.8154
0.565
0.6529
0.6767
0.6792
0.635
0.7479
0.7408
0.7013
0.5554
0.615
0.5329
0.5963
0.5908
0.4796
0.4308
0.5288
0.6583
0.7079
0.7142
0.7346
0.7258
0.5821
0.6283
0.7788
0.7863
0.9067
0.8492
0.8879
0.8713
0.8775
0.8508
0.58
0.4733
0.5213
0.5654
0.6163
0.6592
0.59
0.4842
0.5996
0.5925
0.7725
0.8296
0.7913
0.7521
0.7629
0.7696
0.7771
0.8183
0.8963
0.8204
0.6692
0.6867
0.7058
0.8221
0.8
0.6967
0.7179
0.8892
0.6504
0.555
0.7046
0.7333
0.5933
0.6767
0.8296
0.8642
0.7038
0.8171
0.9433
0.96
0.9221
0.7571
0.7383
0.58
0.7013
0.785
0.6608
0.6708
0.7117
0.9
0.9542
0.9117
0.8483
0.6708
0.91
0.7171
0.8233
0.8983
0.8167
0.7096
0.5475
0.6442
0.8717
0.9013
0.8533
0.6408
0.905
0.6875
0.4829
0.6363
0.765
0.8975
0.6808
0.7567
0.6583
0.8442
0.8779
0.885
0.8471
0.6575
0.7038
0.8742
0.8738
0.8163
0.8654
0.8504
0.7863
0.6654
0.63
0.5771
0.6063
0.6017
0.765
0.7692
0.8879
0.6996
0.5633
0.6329
0.9029
0.645
0.4692
0.4367
0.4883
0.6742
0.6575
0.7963
0.8646
0.8488
0.7988
0.6396
0.5388
0.7892
0.8529
0.7608
0.5688
0.7429
0.545
0.8183
0.5575
0.6533
0.6546
0.8325
0.6263
0.6054
0.5758
0.8088
0.6592
0.4463
0.4113
0.5596
0.6283
0.58
0.5042
0.5388
0.6617
0.6225
0.6504
0.8063
0.7133
0.7279
0.8067
0.775
0.7096
0.7667
0.5517
0.4621
0.5563
0.675
0.5588
0.5221
0.5304
0.5421
0.6621
0.5488
0.6038
0.5583
0.8292
0.5458
0.5721
0.5671
0.4996
0.7142
0.77
0.7942
0.6625
0.6746
0.6683
0.7683
0.7171
0.6196
0.5663
0.6221
0.7792
0.7304
0.6142
0.6067
0.5958
0.5288
0.5696
0.6504
0.6921
0.5621
0.8988
0.5188
0.5267
0.5013
0.6508
0.6213
0.7125
0.7579
0.6033
0.6563
0.5329
0.5517
0.4646
0.4363
0.4608
0.4763
0.3921
0.49
0.4767
0.5075
0.5025
0.4779
0.4467
0.4942
0.5296
0.7113
0.5017
0.43
0.4283
0.3733
0.4113
0.5108
0.5292
0.5021
0.7417
0.6529
0.6275
0.8179
0.6421
0.7371
0.7813
0.6742
0.6954
0.4838
0.5671
0.5542
0.5075
0.4638
0.3775
0.3967
0.5146
0.5663
0.5508
0.5329
0.5054
0.5275
0.5888
0.6579
0.5304
0.4746
0.4963
0.5167
0.555
0.4917
0.4079
0.4808
0.4708
0.4129
0.4458
0.4333
0.3908
0.4838
0.5167
0.4692
0.555
0.47
0.4958
0.5767
0.5104
0.5458
0.555
0.3971
0.4079
0.4225
0.4308
0.4783
0.4979
0.475
0.4858
0.5763
0.6492
0.6871
0.5163
0.5071
0.4283
0.5108
0.5475
0.6046
0.5267
0.5108
0.4754
0.5046
0.5008
0.4429
0.4529
0.5042
0.6125
0.5592
0.7292
0.6217
0.5371
0.4963
0.5004
0.5458
0.5258
0.5271
0.4346
0.4058
0.4867
0.4675
0.5679
0.6263
0.6629
0.6217
0.5729
0.5708
0.5925
0.4883
0.4204
0.4271
0.4967
0.6125
0.5858
0.4804
0.5433
0.5954
0.7592
0.8342
0.6375
0.5646
0.7975
0.7633
0.7404
0.7813
0.5908
0.5054
0.5117
0.6104
0.6617
0.6671
0.7154
0.6896
0.7133
0.7075
0.5021
0.5867
0.6396
0.7271
0.72
0.7633
0.8038
0.7283
0.85
0.7617
0.6417
0.6488
0.6254
0.565
0.4742
0.6292
0.7238
0.7704
0.7871
0.8542
0.6975
0.3521
0.5233
0.6867
0.7021
0.7363
0.6308
0.6513
0.5654
0.5571
0.7325
0.7808
0.8046
0.8529
0.6325
0.7163
0.6571
0.5096
0.5783
0.6804
0.8067
0.8058
0.6029
0.5242
0.7442
0.6183
0.8083
0.8883
0.8054
0.6229
0.5992
0.7083
0.6933
0.6
0.7742
0.6483
0.7933
0.8708
0.7217
0.6946
0.6358
0.6863
0.7779
0.8333
0.8675
0.8463
0.7563
0.7358
0.9433
0.9225
0.8921
0.7575
0.4058
0.5354
0.4725
0.6625
0.7158
0.8521
0.9175
0.925
0.7963
0.5021
0.4479
0.5296
0.7204
0.7217
0.7267
0.8408
0.8383
0.8517
0.7113
0.7129
0.8633
0.8888
0.9388
0.9354
0.8896
0.8513
0.8488
0.7104
0.6917
0.8267
0.9442
0.9429
0.9467
0.9367
0.9179
0.8508
0.86
0.5321
0.5696
0.6417
0.7358
0.7454
0.7583
0.7354
0.785
0.7621
0.8158
0.7071
0.6183
0.5446
0.6463
0.7238
0.7625
0.7521
0.7463
0.7908
0.7888
0.8271
0.7571
0.8046
0.7529
0.6096
0.7946
0.6108
0.725
0.5804
0.8175
0.6204
0.5738
0.5229
0.5733
0.5821
0.6463
0.5913
0.3767
0.4688
0.4763
0.4996
0.6729
0.8417
0.7454
0.7179
0.65
0.6717
0.7008
0.6904
0.6954
0.9029
0.6833
0.7946
0.8763
0.8017
0.5738
0.6038
0.5633
0.6167
0.6442
0.71
0.6042
0.6942
0.6721
0.7029
0.6038
0.5604
0.5004
0.6017
0.5925
0.5875
0.5608
0.6838
0.6667
0.6058
0.5842
0.5017
0.5413
0.4958
0.4804
0.5458
0.5167
0.5238
0.6446
0.5408
0.4971
0.4788
0.4742
0.6104
0.635
0.6579
0.8079
0.8279
0.8242
0.7917
0.6125
0.5821
0.6488
0.7108
0.6442
0.6196
0.6179
0.5567
0.4513
0.5488
0.4796
0.7546
0.6971
0.6558
0.6567
0.5979
0.62
0.605
0.5842
0.4088
0.5075
0.5692
0.5158
0.5592
0.4867
0.4567
0.4213
0.4538
0.4254
0.4208
0.5463
0.5325
0.4579
0.6413
0.8083
0.6121
0.3983
0.525
0.735
0.7546
0.6388
0.64
0.6483
0.4471
0.4821
0.6325
0.4804
0.5788
0.5746
0.5071
0.5154
0.5667
0.535
0.4079
0.4154
0.6004
0.5158
0.455
0.4583
0.4454
0.4729
0.4158
0.425
0.4404
0.4475
0.3954
0.4367
0.4713
0.6183
0.5721
0.5183
0.5321
0.485
0.4171
0.5825
0.5704
0.5208
0.6658
0.5563
0.5
0.5325
0.5913
0.4892
0.4763
0.4708
0.4642
0.5254
0.4283
0.4163
0.4613
0.5163
0.4779
0.5438
0.5625
0.5879
0.6079
0.6042
0.6679
0.5842
0.6383
0.5638
0.6392
0.6033
0.5658
0.4471
0.4183
0.5567
0.6583
0.6546
0.7467
0.6121
0.6029
0.555
0.5617
0.5613
0.5083
0.4717
0.4596
0.4433
0.5179
0.6446
0.6129
0.5571
0.4292
0.6263
0.6346
0.6208
0.6604
0.6658
0.7246
0.8367
0.6875
0.5292
0.5746
0.5238
0.4975
0.6483
0.6021
0.5433
0.54
0.6333
0.5617
0.6046
0.6513
0.7133
0.4992
0.4863
0.5933
0.6721
0.6954
0.7013
0.6558
0.6654
0.6288
0.5904
0.6083
0.6275
0.6675
0.6867
0.6992
0.6238
0.6092
0.6433
0.5867
0.4929
0.5217
0.5508
0.6421
0.6575
0.66
0.6546
0.6775
0.7129
0.7038
0.6883
0.6796
0.6583
0.5025
0.6342
0.6904
0.7513
0.8158
0.6796
0.6788
0.9121
0.9483
0.9208
0.8671
0.8613
0.7963
0.7979
0.8638
0.9467
0.7988
0.6838
0.8425
0.8338
0.8925
0.8558
0.8517
0.8308
0.8292
0.8142
0.9446
0.8958
0.8992
0.8871
0.9021
0.9504
0.8829
0.9588
0.8808
0.9433
0.9313
0.8829
0.9167
0.8896
0.925
0.93
0.9546
0.9438
0.8075
0.6621
0.6283
0.6183
0.6446
0.8217
0.9808
0.9075
0.9071
0.8267
0.8321
0.7488
0.6082
-99
-99
-99
-99
-99
-99
-99
-99
-99
-99
-99
-99
-99
-99
-99
-99
-99
-99
-99
-99
-99
-99
-99
-99
-99
-99
-99
-99
-99
-99
-99
-99
-99
-99
-99
-99
-99
-99
-99
-99
-99
-99
-99
-99
-99
-99
-99
-99
-99
-99
-99
-99
-99
-99
-99
-99
-99
-99
-99
-99
-99
-99
-99
-99
-99
-99
-99
-99
-99
-99
-99
-99
-99
-99
-99
-99
-99
-99
-99
-99
-99
-99
-99
-99
-99
-99
-99
-99
-99
-99
-99
-99
-99
-99
-99
-99
-99
-99
-99
-99
-99
-99
-99
-99
-99
-99
-99
-99
-99
-99
-99
-99
-99
-99
-99
-99
-99
-99
-99
-99
-99
-99
-99
-99
-99
-99
-99
-99
-99
-99
-99
-99
-99
-99
-99
-99
-99
-99
-99
-99
-99
-99
-99
-99
-99
-99
-99
-99
-99
-99
-99
-99
-99
-99
-99
-99
-99
-99
-99
-99
-99
-99
-99
-99
-99
-99
-99
-99
-99
-99
-99
-99
-99
-99
-99
-99
-99
-99
-99
-99
-99
-99
-99
-99
-99
-99
-99
-99
-99
-99
-99
-99
-99
-99
-99
-99
-99
-99
-99
-99
-99
-99
-99
-99
-99
-99
-99
-99
-99
-99
-99
-99
-99
-99
-99
-99
-99
-99
-99
-99
-99
-99
-99
-99
-99
-99
-99
-99
-99
-99
-99
-99
-99
-99
-99
-99
-99
-99
-99
-99
-99
-99
-99
-99
-99
-99
-99
-99
-99
-99
-99
-99
-99
-99
-99
-99
-99
-99
-99
-99
-99
-99
-99
-99
-99
-99
-99
-99
-99
-99
-99
-99
-99
-99
-99
-99
-99
-99
-99
-99
-99
-99
-99
-99
-99
-99
-99
-99
-99
-99
-99
-99
-99
-99
-99
-99
-99
-99
-99
-99
-99
-99
-99
-99
-99
-99
-99
-99
-99
-99
-99
-99
-99
-99
-99
-99
-99
-99
-99
-99
-99
-99
-99
-99
-99
-99
-99
-99
-99
-99
-99
-99
-99
-99
-99
-99
-99
-99
-99
-99
-99
-99
-99
-99
-99
-99
-99
-99
-99
-99
-99
-99
-99
-99
-99
-99
-99
-99
-99
-99
-99
-99
-99
-99
-99
-99
-99
-99
-99
-99
-99
-99
-99
-99
-99
-99
-99
-99
-99
-99
-99
-99
-99
-99
-99
-99
-99
-99
-99
-99
-99
-99
-99
-99
-99
-99
-99
-99
-99
-99
-99
-99
-99
-99
-99
-99
-99
-99
-99
-99
-99
-99
-99
-99
-99
-99
-99
-99
-99
-99
-99
-99
-99
-99
-99
-99
-99
-99
-99
-99
-99
-99
-99
-99
-99
-99
-99
-99
-99
-99
-99
-99
-99
-99
-99
-99
-99
-99
-99
-99
-99
-99
-99
-99
-99
-99
-99
-99
-99
-99
-99
-99
-99
-99
-99
-99
-99
-99
-99
-99
-99
-99
-99
-99
-99
-99
-99
-99
-99
-99
-99
-99
-99
-99
-99
-99
-99
-99
-99
-99
-99
-99
-99
-99
-99
-99
-99
-99
-99
-99
-99
-99
-99
-99
-99
-99
-99
-99
-99
-99
-99
-99
-99
-99
-99
-99
-99
-99
-99
-99
-99
-99
-99
-99
-99
-99
-99
-99
-99
-99
-99
-99
-99
-99
-99
-99
-99
-99
-99
-99
-99
-99
-99
-99
-99
-99
-99
-99
-99
-99
-99
-99
-99
-99
-99
-99
-99
-99
-99
-99
-99
-99
-99
-99
-99
-99
-99
-99
-99
-99
-99
-99
-99
-99
-99
-99
-99
-99
-99
-99
-99
-99
-99
-99
-99
-99
-99
-99
-99
-99
-99
-99
-99
-99
-99
-99
-99
-99
-99
-99
-99
-99
-99
-99
-99
-99
-99
-99
-99
-99
-99
-99
-99
-99
-99
-99
-99
-99
-99
-99
-99
-99
-99
-99
-99
-99
-99
-99
-99
-99
-99
-99
-99
-99
-99
-99
-99
-99
-99
-99
-99
-99
-99
-99
-99
-99
-99
-99
-99
-99
-99
-99
-99
-99
-99
-99
-99
-99
-99
-99
-99
-99
-99
-99
-99
-99
-99
-99
-99
-99
-99
-99
-99
-99
-99
-99
-99
-99
-99
-99
-99
-99
-99
-99
-99
-99
-99
-99
-99
-99
-99
-99
-99
-99
-99
-99
-99
-99
-99
-99
-99
-99
-99
-99
-99
-99
-99
-99
-99
-99
-99
-99
-99
-99
-99
-99
-99
-99
-99
-99
-99
-99
-99
-99
-99
-99
-99
-99
-99
-99
-99
-99
-99
-99
-99
-99
-99
-99
-99
-99
-99
-99
-99
-99
-99
-99
-99
-99
-99
-99
-99
-99
-99
-99
-99
-99
-99
-99
-99
-99
-99
-99
-99
-99
-99
-99
-99
-99
-99
-99
-99
-99
-99
-99
-99
-99
-99
-99
-99
-99
-99
-99
-99
-99
-99
-99
-99
-99
-99
-99
-99
-99
-99
-99
-99
-99
-99
-99
-99
-99
-99
-99
-99
-99
-99
-99
-99
-99
-99
-99
-99
-99
-99
-99
-99
-99
-99
-99
-99
-99
-99
-99
-99
-99
-99
-99
-99
-99
-99
-99
-99
-99
-99
-99
-99
-99
-99
-99
-99
-99
-99
-99
-99
-99
-99
-99
-99
-99
-99
-99
-99
-99
-99
-99
-99
-99
-99
-99
-99
-99
-99
-99
-99
-99
-99
-99
-99
-99
-99
-99
-99
-99
-99
-99
-99
-99
-99
-99
-99
-99
-99
-99
-99
-99
-99
-99
-99
-99
-99
-99
-99
-99
-99
-99
-99
-99
-99
-99
-99
-99
-99
-99
-99
-99
-99
-99
-99
-99
-99
-99
-99
-99
-99
-99
-99
-99
-99
-99
-99
-99
-99
-99
-99
-99
-99
-99
-99
-99
-99
-99
-99
-99
-99
-99
-99
-99
-99
-99
-99
-99
-99
-99
-99
-99
-99
-99
-99
-99
-99
-99
-99
-99
-99
-99
-99
-99
-99
-99
-99
-99
-99
-99
-99
-99
-99
-99
-99
-99
-99
-99
-99
-99
-99
-99
-99
-99
-99
-99
-99
-99
-99
-99
-99
-99
-99
-99
-99
-99
-99
-99
-99
-99
-99
-99
-99
-99
-99
-99
-99
-99
-99
-99
-99
-99
-99
-99
-99
-99
-99
-99
-99
-99
-99
-99
-99
-99
-99
-99
-99
-99
-99
-99
-99
-99
-99
-99
-99
-99
-99
-99
-99
-99
-99
-99
-99
-99
-99
-99
-99
-99
-99
-99
-99
-99
-99
-99
-99
-99
-99
-99
-99
-99
-99
-99
-99
-99
-99
-99
-99
-99
-99
-99
-99
-99
-99
-99
-99
-99
-99
-99
-99
-99
-99
-99
-99
-99
-99
-99
-99
-99
-99
-99
-99
-99
-99
-99
-99
-99
-99
-99
-99
-99
-99
-99
-99
-99
-99
-99
-99
-99
-99
-99
-99
-99
-99
-99
-99
-99
-99
-99
-99
-99
-99
-99
-99
-99
-99
-99
-99
-99
-99
-99
-99
-99
-99
-99
-99
-99
-99
-99
-99
-99
-99
-99
-99
-99
-99
-99
-99
-99
-99
-99
-99
-99
-99
-99
-99
-99
-99
-99
-99
-99
-99
-99
-99
-99
-99
-99
-99
-99
-99
-99
-99
-99
-99
-99
-99
-99
-99
-99
-99
-99
-99
-99
-99
-99
-99
-99
-99
-99
-99
-99
-99
-99
-99
-99
-99
-99
-99
-99
-99
-99
-99
-99
-99
-99
-99
-99
-99
-99
-99
-99
-99
-99
-99
-99
-99
-99
-99
-99
-99
-99
-99
-99
-99
-99
-99
-99
-99
-99
-99
-99
-99
-99
-99
-99
-99
-99
-99
-99
-99
-99
-99
-99
-99
-99
0.5513
0.606
0.6713
0.5558
0.6233
0.6023
0.5408
0.5831
0.6415
0.5606
0.4321
0.4783
0.5381
0.565
0.7498
0.5238
0.4925
0.5029
0.5267
0.5058
0.5404
0.4956
0.5125
0.595
0.5646
0.5631
0.5717
0.5569
0.5825
0.5304
0.4781
0.4769
0.5031
0.4917
0.6308
0.6679
0.7831
0.7627
0.6879
0.794
0.6663
0.7275
0.6625
0.5177
0.5238
0.5165
0.4963
0.581
0.631
0.7198
0.6452
0.6302
0.5763
0.5821
0.5896
0.555
0.4875
0.4696
0.5863
0.5256
0.4058
0.4527
0.5188
0.4971
0.4608
0.549
0.6717
0.6233
0.574
0.505
0.5821
0.5794
0.5567
0.6013
0.6804
0.6606
0.6092
0.6663
0.596
0.6075
0.6706
0.5125
0.6025
0.5879
0.5752
0.655
0.6127
0.7948
0.7681
0.7431
0.7085
0.6246
0.6354
0.6956
0.6648
0.8221
0.6088
0.6002
0.6935
0.6725
0.5677
0.5002
0.6079
0.6144
0.6419
0.7823
0.6069
0.6688
0.7173
0.6906
0.675
0.5346
0.6254
0.67
0.656
0.6106
0.6175
0.671
0.7529
0.7358
0.7479
0.7475
0.7988
0.7169
0.7017
0.73
0.7381
0.6869
0.776
0.7646
0.7492
0.7656
0.6346
0.6952
0.5985
0.5644
0.6546
0.6908
0.6944
0.684
0.6
0.5225
0.7229
0.6723
0.7108
0.7431
0.7273
0.7848
0.8279
0.761
0.7821
0.8035
0.854
0.8833
0.6898
0.6619
0.7923
0.7565
0.7725
0.7723
0.7388
0.7277
0.5677
0.7142
0.7681
0.8081
0.8054
0.8938
0.7615
0.5771
0.6519
0.8023
0.8892
0.7589
0.7752
0.786
0.7408
0.769
0.75
0.796
0.7794
0.8133
0.8188
0.8585
0.8508
0.8648
0.8788
0.8744
0.9563
0.9058
0.8819
0.8598
0.8296
0.8706
0.9329
0.8721
0.8629
0.9019
0.9535
0.8227
0.5581
0.6821
0.7183
0.7873
0.6556
0.5079
0.6702
0.7148
0.7669
0.8538
0.9335
0.9875
0.9825
0.9521
0.8877
0.8817
0.8823
0.8742
0.924
0.9638
0.9554
0.9373
0.935
0.9381
0.974
0.99
0.9915
0.9815
0.9688
0.9073
0.885
0.9906
0.9754
0.9358
0.9794
0.9775
0.9838
0.8858
0.9106
0.99
0.9575
0.944
0.7275
0.8748
0.9388
0.7381
0.6265
0.781
0.7258
0.7756
0.6669
0.4965
0.5317
0.7527
0.8796
0.639
0.545
0.7721
0.7598
0.7102
0.8565
0.8879
0.8773
0.8567
0.8729
0.8817
0.8673
0.826
0.8119
0.8748
0.8642
0.7029
0.7746
0.9044
0.6467
0.7138
0.765
0.7706
0.5708
0.6621
0.6031
0.6623
0.8515
0.8917
0.8117
0.6381
0.5594
0.4946
0.6365
0.8025
0.7644
0.7458
0.6769
0.7123
0.5717
0.6979
0.579
0.629
0.8704
0.7313
0.524
0.561
0.4915
0.5267
0.6883
0.5765
0.5698
0.6756
0.4829
0.6763
0.615
0.6385
0.6221
0.6079
0.8198
0.8923
0.7277
0.7294
0.7775
0.8733
0.7948
0.8338
0.705
0.5185
0.5365
0.6417
0.7046
0.6242
0.7323
0.734
0.6721
0.6058
0.5356
0.5365
0.6496
0.8517
0.9496
0.6998
0.6033
0.5006
0.6279
0.6742
0.6013
0.6821
0.7045
0.6281
0.6763
0.7204
0.6929
0.666
0.6904
0.7554
0.794
0.8529
0.6517
0.481
0.541
0.5252
0.6331
0.82
0.6994
0.6144
0.4258
0.5677
0.5792
0.6175
0.6177
0.6663
0.6763
0.8
0.8877
0.8863
0.7942
0.7908
0.655
0.5977
0.5904
0.5863
0.625
0.7331
0.5483
0.6467
0.6658
0.6017
0.5656
0.689
0.6629
0.6408
0.6338
0.744
0.5225
0.5417
0.5004
0.5125
0.5754
0.6075
0.7092
0.7515
0.73
0.6502
0.6217
0.6313
0.6094
0.6458
0.4927
0.4598
0.456
0.569
0.5313
0.5598
0.5465
0.4888
0.4958
0.5373
0.4725
0.45
0.5354
0.6033
0.5298
0.53
0.5883
0.5896
0.569
0.5758
0.5894
0.5613
0.5694
0.5104
0.5377
0.569
0.591
0.5827
0.5298
0.5231
0.5167
0.405
0.4421
0.5123
0.5183
0.4867
0.4606
0.55
0.5627
0.5506
0.5821
0.514
0.5394
0.5367
0.5933
0.5948
0.5481
0.6123
0.5896
0.544
0.5356
0.5592
0.6098
0.5602
0.4465
0.601
0.5802
0.5779
0.5794
0.4881
0.5108
0.5965
0.6127
0.5946
0.6342
0.7194
0.675
0.6654
0.6863
0.611
0.5277
0.615
0.5935
0.5796
0.5521
0.6273
0.6352
0.6948
0.6008
0.6094
0.6883
0.6246
0.5979
0.6135
0.7183
0.5902
0.5665
0.6631
0.7775
0.6777
0.7338
0.6706
0.6923
0.721
0.6923
0.671
0.6544
0.5819
0.5973
0.6588
0.7654
0.7206
0.7273
0.7992
0.746
0.7644
0.7567
0.7365
0.7094
0.7319
0.7298
0.7248
0.7469
0.7646
0.7546
0.754
0.8333
0.8121
0.7135
0.7031
0.7246
0.7138
0.7998
0.93
0.8519
0.84
0.8031
0.9096
0.8742
0.8573
0.7788
0.7444
0.8731
0.784
0.921
0.9102
0.9196
0.9179
0.8967
0.9627
0.9431
0.9198
0.9273
0.9446
0.9
0.9702
0.9125
0.6644
0.6967
0.7117
0.6188
0.6054
0.6281
0.8023
0.7935
0.7254
0.8254
0.8735
0.8794
0.9183
0.8163
0.8383
0.8363
0.9654
0.9615
0.8868
0.9798
0.9619
0.9665
0.9325
0.9583
0.8691
0.9325
0.9767
0.9596
0.89
0.8713
0.963
0.9502
0.9425
0.956
0.979
0.949
0.9375
0.9675
0.9785
0.9243
0.9771
0.8983
0.9473
0.9217
0.9383
0.9308
0.9854
0.9648
0.9529
0.956
0.9296
0.9331
0.9308
0.8923
0.9315
0.9215
0.9081
0.9323
0.8985
0.9544
0.8848
0.9835
0.9829
0.9808
0.99
0.8529
0.8085
0.8735
0.5846
0.6863
0.661
0.6479
0.5429
0.6977
0.7842
0.7865
0.7854
0.7994
0.8442
0.6369
0.6938
0.831
0.9504
0.7696
0.8308
0.8444
0.9056
0.9475
0.9744
0.8988
0.8238
0.6823
0.5975
0.6133
0.4875
0.5992
0.7823
0.8575
0.7129
0.7696
0.9063
0.8671
0.8358
0.9494
0.9756
0.9123
0.8854
0.8833
0.926
0.9017
0.7396
0.6565
0.7985
0.7683
0.6673
-99
0.7407
0.7059
0.6608
0.7146
0.5994
0.5296
0.6921
0.739
0.6956
0.7108
0.5854
0.7915
0.775
0.7508
0.7031
0.6458
0.7265
0.694
0.6713
0.6204
0.6606
0.6006
0.7494
0.8444
0.7685
0.8906
0.8294
0.7783
0.6415
0.7806
0.6304
0.5638
0.704
0.6592
0.6606
0.649
0.6713
0.6121
0.6183
0.634
0.6535
0.6838
0.6471
0.5277
0.6017
0.6677
0.6942
0.6656
0.516
0.6135
0.5438
0.5806
0.57
0.5304
0.7202
0.6525
0.7842
0.6406
0.7267
0.7035
0.5275
0.6747
0.7071
0.6602
0.6656
0.5779
0.5925
0.5727
0.675
0.7121
0.7535
0.6971
0.7198
0.6375
0.6169
0.5435
0.519
0.7625
0.6102
0.6219
0.6523
0.55
0.5777
0.5479
0.504
0.5271
0.6346
0.56
0.5504
0.6154
0.5823
0.5738
0.6748
0.8577
0.9375
0.7206
0.5821
0.5538
0.6929
0.5994
0.5483
0.5025
0.5315
0.4879
0.471
0.566
0.5363
0.5527
0.5333
0.5629
0.59
0.5952
0.5494
0.5502
0.5846
0.6442
0.7649
0.6656
0.5863
0.5044
0.531
0.4888
0.5279
0.5823
0.5648
0.5415
0.7375
0.6248
0.7106
0.674
0.6646
0.6517
0.6431
0.6026
0.574
0.601
0.6052
0.6073
0.585
0.5321
0.6344
0.7044
0.7121
0.6865
0.5394
0.499
0.554
0.5671
0.6331
0.6696
0.624
0.6085
0.6865
0.6331
0.5467
0.5944
0.59
0.57
0.7125
0.505
0.631
0.5252
0.4917
0.5781
0.5979
0.589
0.6608
0.6692
0.5479
0.619
0.5748
0.6002
0.64
0.6365
0.6806
0.609
0.6106
0.6879
0.7608
0.7238
0.7779
0.741
0.6894
0.4963
0.5473
0.6925
0.7552
0.6908
0.5896
0.5615
0.6348
0.6296
0.4754
0.5
0.4998
0.5892
0.6019
0.8421
0.684
0.711
0.6671
0.5904
0.7171
0.7404
0.9075
0.8352
0.8025
0.6938
0.704
0.7421
0.7533
0.7375
0.8994
0.814
0.7342
0.8092
0.7494
0.7765
0.6235
0.6675
0.7381
0.7329
0.756
0.7817
0.7927
0.8115
0.7825
0.7583
0.7477
0.7435
0.9017
0.9063
0.8042
0.7594
0.6127
0.7773
0.7846
0.8524
0.876
0.7321
0.7277
0.7088
0.7521
0.785
0.7933
0.8598
0.8254
0.8802
0.6354
0.5171
0.6863
0.6871
0.6667
0.6863
0.6513
0.5863
0.3965
0.616
0.77
0.7815
0.7769
0.8098
0.8465
0.8402
0.8377
0.8767
0.834
0.7823
0.6754
0.6027
0.8098
0.8283
0.7863
0.6427
0.5252
0.4267
0.5706
0.7667
0.821
0.8465
0.8915
0.8163
0.705
0.8719
0.6617
0.6298
0.8494
0.8165
0.6346
0.654
0.7048
0.8388
0.8867
0.9035
0.9792
0.9673
0.9821
0.9663
0.9702
0.9394
0.7273
0.6958
0.7371
0.7983
0.8721
0.5358
0.6185
0.6192
0.556
0.6931
0.854
0.9442
0.9263
0.981
0.9233
0.6321
0.876
0.9025
0.7933
0.8831
0.636
0.5729
0.8094
0.7594
0.6471
0.6023
0.6217
0.796
0.9085
0.8777
0.8592
0.8475
0.8473
0.8865
0.9829
0.9917
0.9523
0.6429
0.6408
0.9242
0.9296
0.8463
0.5956
0.7892
0.7571
0.5842
0.7198
0.5075
0.8002
0.7354
0.7823
0.8729
0.7208
0.6563
0.7002
0.6425
0.5344
0.4619
0.6446
0.726
0.6385
0.5813
0.6465
0.9321
0.8396
0.6079
0.7169
0.7796
0.7981
0.6665
0.6196
0.7029
0.7235
0.8373
0.6615
0.6154
0.7754
0.7783
0.6944
0.6113
0.7963
0.6129
0.659
0.5085
0.3756
0.4524
0.5417
0.8148
0.6608
0.6052
0.5946
0.5806
0.5927
0.5485
0.4558
0.5413
0.5406
0.6629
0.575
0.614
0.6619
0.745
0.8227
0.8804
0.8681
0.8392
0.8
0.869
0.8673
0.7765
0.9017
0.7594
0.6906
0.7071
0.7163
0.6727
0.6694
0.7883
0.6585
0.6244
0.6123
0.7327
0.7171
0.7804
0.5879
0.6481
0.5704
0.5381
0.5248
0.6706
0.716
0.8429
0.7069
0.6171
0.5496
0.644
0.7288
0.4754
0.5229
0.5288
0.529
0.62
0.6448
0.6929
0.7706
0.7629
0.7263
0.7698
0.6185
0.6735
0.7227
0.7308
0.9304
0.7519
0.8183
0.6944
0.6367
0.6958
0.8021
0.6825
0.6044
0.8123
0.7083
0.7031
0.6621
0.8465
0.6052
0.5758
0.5527
0.5592
0.5906
0.5975
0.5465
0.5183
0.56
0.5567
0.509
0.5354
0.6031
0.679
0.6185
0.604
0.6425
0.6631
0.611
0.5713
0.624
0.5727
0.5613
0.5977
0.61
0.5134
0.6075
0.5483
0.5358
0.5144
0.5479
0.6394
0.611
0.55
0.5427
0.5542
0.5246
0.6831
0.6723
0.7046
0.6325
0.6383
0.6375
0.6515
0.6433
0.5904
0.5808
0.6017
0.6342
0.6242
0.5965
0.565
0.5544
0.554
0.56
0.5223
0.5696
0.6529
0.6577
0.6427
0.58
0.7021
0.7325
0.6502
0.5177
0.6308
0.6969
0.6977
0.624
0.6817
0.6467
0.6148
0.6292
0.651
0.519
0.4792
0.5967
0.6571
0.7329
0.644
0.6527
0.5702
0.64
0.6496
0.7377
0.6879
0.7304
0.7179
0.64
0.7115
0.749
0.7398
0.7185
0.7621
0.7219
0.6956
0.746
0.7127
0.7452
0.7415
0.6965
0.6719
0.6598
0.6585
0.7167
0.565
0.6483
0.6923
0.7244
0.7575
0.6058
0.6152
0.476
0.5673
0.6107
0.665
0.711
0.711
0.5042
0.7429
0.8023
0.8698
0.8358
0.7758
0.7663
0.8548
0.8252
0.856
0.8379
0.9327
0.9554
0.8963
0.9067
0.8575
0.834
0.8221
0.8408
0.891
0.7931
0.7815
0.6538
0.7333
0.9104
0.8704
0.854
0.8323
0.8752
0.9702
0.8329
0.8706
0.9183
0.8019
0.855
0.854
0.8571
0.9198
0.9294
0.9393
0.9431
0.9173
0.7952
0.8321
0.9515
0.961
0.9748
0.9602
0.9827
0.9431
0.7819
0.7375
0.8854
0.9319
0.7704
0.7858
0.874
0.9463
0.9827
0.9788
0.9058
0.881
0.7388
0.6735
0.7325
0.9821
0.984
0.9767
0.756
0.7988
0.899
0.7246
0.965
0.8127
0.8706
0.9625
0.9688
0.9925
0.9681
0.9583
0.9613
0.9023
0.8583
0.8827
0.8754
0.9215
0.944
0.9035
0.9206
0.8856
0.8733
0.9481
0.8669
0.8256
0.6652
0.595
0.6733
0.746
0.706
0.6742
0.8967
0.9398
0.9048
0.9023
0.9427
0.8735
0.7273
0.7785
0.6681
0.499
0.7008
0.734
0.654
0.5913
0.7358
0.6619
0.9075
0.7819
0.6319
0.3798
0.6765
0.7773
0.8829
0.9256
0.874
0.84
0.77
0.5979
0.7833
0.7719
0.7446
0.7781
0.6938
0.6398
0.7393
0.6953
0.83
0.82
0.8219
0.7442
0.6752
0.731
0.761
0.715
0.694
0.6785
0.5877
0.6969
0.649
0.6506
0.7865
0.5927
0.7154
0.7056
0.6573
0.5319
0.7188
0.5442
0.5452
0.5338
0.5927
0.5829
0.4525
0.5183
0.59
0.6377
0.6413
0.5983
0.5573
0.5742
0.56
0.5869
0.5671
0.6069
0.6925
0.8177
0.8163
0.6927
0.726
0.4996
0.7608
0.7129
0.704
0.7638
0.6492
0.6783
0.5838
0.574
0.5985
0.5925
0.671
0.6452
0.6946
0.6777
0.4919
0.6615
0.8877
0.9198
0.8533
0.675
0.6269
0.6038
0.5769
0.5479
0.6567
0.6981
0.6496
0.6229
0.7804
0.5858
0.3919
0.53
0.7025
0.619
0.4654
0.6148
0.5294
0.4785
0.5583
0.5702
0.634
0.6748
0.7194
0.551
0.5996
0.5981
0.6271
0.5704
0.5985
0.9461
-99
-99
0.5852
0.4913
0.5025
0.5738
0.5942
0.5448
0.5052
0.4956
0.56
0.5927
0.5867
0.5894
0.5894
0.4854
0.4888
0.671
0.5167
0.5817
0.561
0.5421
0.5852
0.5533
0.4702
0.5313
0.6356
0.7069
0.58
0.5258
0.5285
0.6963
0.5896
0.5563
0.5058
0.4571
0.4858
0.4975
0.5819
0.5535
0.5775
0.5588
0.5575
0.6442
0.7742
0.7777
0.6329
0.6098
0.5881
0.6213
0.6985
0.5208
0.6038
0.7263
0.6257
0.601
0.5838
0.5392
0.5196
0.5083
0.5473
0.5531
0.6688
0.6069
0.5779
0.5533
0.4842
0.5752
0.5779
0.5913
0.5648
0.5696
0.5371
0.5979
0.6579
0.5581
0.5252
0.4979
0.6233
0.4673
0.5192
0.5019
0.5775
0.5967
0.6765
0.6779
0.6306
0.8998
0.8179
0.6938
0.6804
0.6298
0.606
0.6521
0.8477
0.7175
0.6917
0.6577
0.6944
0.6669
0.5565
0.6635
0.6456
0.5048
0.5496
0.6535
0.6779
0.679
0.6015
0.7696
0.665
0.7473
0.8342
0.7142
0.675
0.6329
0.6798
0.7292
0.7594
0.8098
0.7783
0.7581
0.714
0.64
0.6867
0.7571
0.7523
0.8056
0.74
0.7233
0.5546
0.7083
0.7577
0.6769
0.651
0.6225
0.7083
0.7242
0.6469
0.7554
0.7598
0.7673
0.8708
0.6669
0.7867
0.8115
0.8804
0.7725
0.895
0.885
0.9979
0.9052
0.8123
0.8431
0.881
0.8933
0.9329
0.9644
0.9835
0.9776
-99
-99
-99
0.6291
0.6625
0.6671
0.8046
0.6494
0.6492
0.6769
0.726
0.6673
0.806
0.8594
0.8375
0.8694
0.7408
0.7917
0.8569
0.8819
0.8835
0.9015
0.7627
0.6548
0.8369
0.9363
0.7885
0.7152
0.7783
0.8565
0.845
0.9279
0.8773
0.9735
0.9896
0.9398
0.9963
0.9448
0.7165
0.7617
0.815
0.744
0.7683
0.6613
0.84
0.9144
0.906
0.8788
0.8629
0.8183
0.8748
0.6104
0.6519
0.8904
1
0.9748
0.9789
0.9273
0.9608
0.9406
0.9048
0.889
0.9256
0.9285
0.9485
0.9244
0.9598
0.9315
0.9573
0.999
0.9402
0.9638
0.9998
0.9869
0.9885
0.9931
0.9606
0.809
0.8002
0.965
0.8677
0.8225
0.9817
0.9446
0.9779
0.9175
0.9177
0.9017
0.9042
0.8954
0.8183
0.8827
0.8546
0.8992
0.931
0.68
0.7869
0.81
0.8719
0.9165
0.9167
0.7788
0.6619
0.8129
0.8473
0.7954
0.9175
0.9465
0.8463
0.6565
0.7694
0.8377
0.8227
0.8688
0.8675
0.8296
0.7413
0.5335
0.6033
0.6846
0.7946
0.509
0.5425
0.6267
0.6102
0.665
0.5829
0.5777
0.6288
0.5331
0.6654
0.7527
0.715
0.7898
0.7435
0.7821
0.91
0.8244
0.9092
0.8204
0.8092
0.7771
0.8377
0.9379
0.8075
0.824
0.7983
0.7775
0.7675
0.6556
0.5988
0.9471
0.9619
0.8717
0.7431
0.7788
0.7419
0.7335
0.8069
0.7325
0.674
0.7119
0.6606
0.6215
0.9033
0.755
0.7804
0.715
0.7773
0.7819
0.8348
0.9156
0.961
0.7977
0.7708
0.739
0.6958
0.7273
0.8402
0.7296
0.6713
0.6708
0.6973
0.6913
0.6738
0.6713
0.7467
0.6492
0.6583
0.6907
0.7733
0.9773
0.6958
0.7933
0.7698
0.9392
0.82
0.9213
0.7317
0.7004
0.6785
0.6796
0.7117
0.6583
0.6538
0.6335
0.809
0.6565
0.6479
0.6448
0.635
0.7042
0.7669
0.7863
0.7529
0.8202
0.701
0.5806
0.7133
0.744
0.5779
0.5848
0.609
0.7246
0.6121
0.6331
0.6196
0.6396
0.8977
0.6658
0.7415
0.79
0.7565
0.6306
0.5619
0.6696
0.6985
0.6402
0.5871
0.6544
0.6748
0.6913
0.7156
0.6575
0.6269
0.5033
0.5615
0.5717
0.5942
0.564
0.7244
0.625
0.6085
0.6279
0.7529
0.7058
0.5283
0.5146
0.5594
0.5779
0.5867
0.6669
0.6448
0.6244
0.5896
0.5419
0.5298
0.5979
0.6554
0.6279
0.5683
0.606
0.5665
0.5881
0.6019
0.5371
0.4754
0.5438
0.621
0.6438
0.6019
0.5556
0.6027
0.74
0.6546
0.6894
0.6971
0.74
0.7369
0.6588
0.5967
0.66
0.6425
0.5942
0.6544
0.5977
0.5858
0.5906
0.6475
0.7075
0.7008
0.7638
0.5067
0.5558
0.6475
0.7
0.6694
0.6531
0.6802
0.6942
0.5998
0.5077
0.624
0.791
0.7208
0.6375
0.6288
0.6175
0.6392
0.6381
0.7227
0.7319
0.8277
0.7954
0.7344
0.7575
0.7292
0.7377
0.8079
0.4906
0.53
0.461
0.5898
0.7563
0.7344
0.7721
0.8798
0.7208
0.7813
0.734
0.7538
0.6765
0.7846
0.824
0.676
0.5158
0.5617
0.6052
0.6538
0.6269
0.7492
0.7733
0.7713
0.7517
0.7802
0.7633
0.9731
0.7727
0.7821
0.7965
0.6152
0.6715
0.8075
0.8595
0.8533
0.851
0.8
0.7875
0.8821
0.9804
0.9504
0.8898
0.9002
0.9931
0.9823
0.9635
0.9919
0.9627
0.9743
0.911
0.9706
0.806
0.8713
0.9225
0.8956
0.6646
0.834
0.8875
0.9092
0.9533
0.9115
0.9733
0.8985
0.9656
0.9596
0.9981
0.9548
0.7042
0.8208
0.7885
0.7617
0.6575
0.9538
0.746
0.6558
0.7713
0.9563
0.6688
0.8473
0.9521
0.894
0.9554
0.9875
0.9856
0.996
0.9569
0.9817
1
0.9946
0.8104
0.5696
0.6204
0.91
0.6715
0.639
0.6146
0.8015
0.7515
0.6246
0.6042
0.8006
0.8563
0.9504
0.9158
0.8721
0.9908
0.9602
0.8463
0.8723
0.8971
0.9148
0.8213
0.8625
0.8042
0.9344
0.9921
0.9785
1
0.735
0.8048
0.7638
0.8904
0.7748
0.854
0.8327
0.7496
0.7385
0.6358
0.5638
0.695
0.834
0.8579
0.8567
0.8052
0.6558
0.8665
0.9008
0.7658
0.8458
0.8923
0.7508
0.8794
0.8333
0.8469
0.8635
0.8573
0.8333
0.7829
0.7865
0.8267
0.8406
0.8594
0.8538
0.9383
0.8823
0.8425
0.8681
0.8881
0.8658
0.8125
0.871
0.8302
0.7983
0.8419
0.6598
0.7058
0.7715
0.6563
0.6231
0.529
