20000101
0.7396
0.7994
0.801
0.759
0.6796
0.6296
0.5981
0.6202
0.7446
0.5713
0.7165
0.8048
0.8067
0.8231
0.679
0.7481
0.6842
0.3102
0.2544
0.5881
0.6263
0.4675
0.4131
0.481
0.5363
0.689
0.6623
0.7046
0.6221
0.6213
0.4148
0.4781
0.654
0.4216
0.3194
0.4978
0.4747
0.5214
0.5381
0.4116
0.3473
0.4104
0.7293
0.3717
0.5973
0.6144
0.5122
0.7448
0.6025
0.452
0.6148
0.6078
0.7616
0.6721
0.6386
0.5511
0.502
0.4924
0.5213
0.8383
0.7218
0.3098
0.3312
0.4134
0.5508
0.5935
0.6124
0.5317
0.4061
0.3565
0.3417
0.421
0.6448
0.566
0.3496
0.2821
0.3098
0.309
0.4623
0.7225
0.6919
0.6633
0.9306
0.8019
0.7566
0.7357
0.7813
0.7902
0.7021
0.8267
0.8283
0.6167
0.7078
0.8088
0.7925
0.5952
0.434
0.5576
-99
0.5128
0.67
0.7327
0.7123
0.6108
0.799
0.6246
0.9754
0.6542
0.7217
0.5894
0.5985
0.5588
0.5329
0.739
0.6448
0.5273
0.4715
0.8067
0.704
0.6727
0.6846
0.7827
0.7356
0.5767
0.56
0.6185
0.6746
0.7219
0.6898
0.8352
0.8919
0.8142
0.5946
0.5113
0.5083
0.5631
0.6273
0.7742
0.7275
0.6446
0.7085
0.7998
0.8533
0.6423
0.6738
0.8877
0.75
0.6979
0.7035
0.6167
0.5346
0.5285
0.5588
0.5698
0.5208
0.5438
0.7079
0.4942
0.484
0.5329
0.5663
0.7615
0.6029
0.5279
0.6425
0.6119
0.4388
0.3352
0.3856
0.5096
0.4792
0.5563
0.6221
0.6288
0.6613
0.6098
0.5746
0.6306
0.3975
0.4575
0.5771
0.6402
0.4704
0.3952
0.3896
0.3888
0.4696
0.4463
0.3129
0.3877
0.39
0.7448
0.5188
0.3131
0.409
0.4106
0.4017
0.5238
0.5933
0.7029
0.709
0.7923
0.586
0.4544
0.7627
0.5481
0.551
0.4983
0.4308
0.4948
0.444
0.4123
0.589
0.6025
0.5204
0.6177
0.5165
0.421
0.4052
0.4215
0.424
0.455
0.481
0.444
0.5317
0.5625
0.5033
0.449
0.4302
0.3908
0.3892
0.2881
0.2554
0.3183
0.3731
0.46
0.4331
0.2919
0.3102
0.4506
0.5027
0.5077
0.8794
0.6292
0.535
0.5679
0.5967
0.5269
0.43
0.4477
0.3888
0.5231
0.5285
0.4775
0.4196
0.5133
0.522
0.4108
0.3171
0.3671
0.5194
0.6306
0.8883
0.7198
0.604
0.5606
0.5604
0.596
0.6708
0.6254
0.7815
0.8571
0.7215
0.7302
0.701
0.5569
0.521
0.6754
0.734
0.4573
0.4075
0.5254
0.581
0.5856
0.8363
0.9485
0.8783
0.63
0.8479
0.8631
0.7827
0.7696
0.6765
0.7342
0.6956
0.7838
0.7965
0.7398
0.7473
0.8085
0.76
0.6821
0.7654
0.766
0.7743
0.755
0.8473
0.7638
0.7535
0.9067
0.7344
0.6221
0.7044
0.7519
0.7525
0.8073
0.7921
0.951
0.7975
0.8954
0.7617
0.4873
0.5621
0.685
0.8275
0.7515
0.7438
0.8946
0.8456
0.8619
0.7388
0.825
0.841
0.8721
0.9048
0.9594
0.9717
0.8454
0.841
0.8748
0.9504
0.9415
0.9152
0.8625
0.8631
0.9348
0.8931
0.813
0.7129
0.6075
0.739
0.7431
0.7392
0.785
0.756
0.8885
0.969
0.97
0.97
0.97
0.8808
0.8673
0.8269
0.7394
0.6948
0.3619
0.6327
0.8515
0.839
0.8438
0.9792
0.969
0.9258
0.7465
0.7473
0.7623
0.8606
0.9042
0.8223
0.9767
0.9744
0.9146
0.8333
0.9194
0.7142
0.6842
0.7615
0.7992
0.7421
0.8188
0.8248
0.9135
0.811
0.9633
0.4985
0.295
0.4604
0.4856
0.491
0.6506
0.7106
0.7146
0.7442
0.7513
0.7471
0.4323
0.5558
0.6494
0.7113
0.5667
0.7756
0.5867
0.5817
0.4919
0.4688
0.6287
0.454
0.3638
0.5531
0.5467
0.64
0.3583
0.4204
0.6123
0.7167
0.7044
0.97
0.8085
0.9588
0.7921
0.8298
0.815
0.6783
0.6765
0.8071
0.7308
0.8292
0.5906
0.6438
0.6606
0.8148
0.6838
0.644
0.6473
0.6394
0.6394
0.5867
0.5285
0.4381
0.5046
0.614
0.6633
0.6688
0.5331
0.4398
0.3673
0.5644
0.6035
0.631
0.5992
0.6052
0.5419
0.4771
0.4979
0.3371
0.3731
0.4331
0.3365
0.3283
0.2408
0.2883
0.4465
0.4594
0.699
0.7738
0.4585
0.5304
0.5035
0.4488
0.4342
0.486
0.4294
0.6615
0.6358
0.7227
0.9713
0.7142
0.7735
0.806
0.7523
0.5604
0.4533
0.4742
0.4646
0.7588
0.8298
0.6313
0.5115
0.6671
0.5788
0.4056
0.4788
0.7048
0.7167
0.4398
0.5265
0.6306
0.7213
0.7081
0.8056
0.4994
0.436
0.4735
0.4756
0.4468
0.5111
0.6477
0.5969
0.4652
0.4672
0.5329
0.4898
0.55
0.4506
0.4306
0.57
0.9
0.5667
0.51
0.5719
0.496
0.526
0.499
0.4108
0.3419
0.3315
0.3942
0.3271
0.2627
0.276
0.2992
0.2263
0.224
0.4781
0.4571
0.3725
0.3758
0.4106
0.4427
0.5917
0.7208
0.7163
0.585
0.4825
0.5071
0.8131
0.5969
0.5943
0.615
0.6054
0.6288
-99
0.6067
0.5965
0.5038
0.7508
0.505
0.4725
0.464
0.451
0.5513
0.7706
0.6967
0.6094
0.5806
0.606
0.5435
0.4773
0.4398
0.3931
0.5525
0.516
0.5067
0.5133
0.5298
0.5423
0.6254
0.5385
0.5154
0.6663
0.7229
0.7268
0.6835
0.9158
0.6915
0.6556
0.7306
0.5752
0.5496
0.545
0.5896
0.5283
0.5248
0.5225
0.4688
0.4448
0.4569
0.6719
0.6658
0.5254
0.4917
0.6269
0.6835
0.5602
0.509
0.449
0.4727
0.4304
0.5163
0.5215
0.511
0.4959
0.4546
0.5473
0.5031
0.4294
0.4398
0.5352
0.7015
0.771
0.9281
0.8585
0.8113
0.7042
0.6731
0.6531
0.8696
0.8702
0.7242
0.7106
0.7454
0.675
0.7369
0.6596
0.6677
0.6519
0.6873
0.7985
0.7933
0.7385
0.674
0.8292
0.7125
0.7042
0.6554
0.7235
0.7735
0.8321
0.8969
0.7827
0.7602
0.8083
0.7835
0.7925
0.7888
0.7865
0.7577
0.72
0.6471
0.669
0.3948
0.5508
0.7033
0.6619
0.6929
0.8098
0.6585
0.6383
0.5352
0.4448
0.544
0.6206
0.5348
0.4752
0.597
0.9174
0.9694
0.9777
0.8315
0.7125
0.7533
0.7388
0.5663
0.5131
0.5523
0.8121
0.779
0.5221
0.6796
0.6748
0.781
0.8602
0.8735
0.8059
0.7858
0.755
0.6825
0.7327
0.8004
0.7031
0.736
0.6402
0.5869
0.8017
0.8327
0.844
0.8754
0.8425
0.8315
0.8192
0.7967
0.7821
0.7413
0.4758
0.5648
0.5565
0.5375
0.6951
0.6544
0.626
0.695
0.9221
0.99
0.9829
0.9731
0.9379
0.8548
0.8408
0.8617
0.8227
0.7979
0.774
0.7308
0.6962
0.6795
0.7431
0.5188
0.4908
0.6196
0.691
0.6633
0.5781
0.6256
0.9092
0.7331
0.6073
0.665
0.6644
0.5819
0.5777
0.5138
0.641
0.7083
0.5656
0.5751
0.7054
0.8044
0.7725
0.4533
0.5083
0.7217
0.7344
0.671
0.668
0.6452
0.61
0.6151
0.9094
0.889
0.694
0.4823
0.5569
0.6248
0.4283
0.5342
0.4979
0.6892
0.676
0.6123
0.619
0.964
0.9335
-99
0.385
0.4738
0.4432
0.4985
0.6363
0.5571
0.4735
0.5783
0.7983
0.5725
0.7827
0.7494
0.6985
0.7158
0.6998
0.6238
0.5667
0.4148
0.3396
0.3583
0.4119
0.4544
0.3644
0.5306
0.6327
0.7058
0.6908
0.6265
0.5692
0.6494
0.949
0.5475
0.6177
0.824
0.8783
0.9213
0.8502
0.911
0.8915
0.6227
0.49
0.63
0.6933
0.5815
0.5169
0.6221
0.6654
0.5279
0.4102
0.4754
0.3973
0.4171
0.3458
0.4675
0.5221
0.6044
0.6046
0.6523
0.7975
0.9077
0.6783
0.5371
0.6125
0.7513
0.7735
0.634
0.9144
0.9246
0.7746
0.6452
0.5773
0.5725
0.5974
0.574
0.5442
0.565
0.4871
0.494
0.5135
0.8065
0.6888
0.5385
0.5525
0.5665
0.5598
0.5267
0.576
0.5567
0.5263
0.5727
0.465
0.5323
0.6944
0.8675
0.5938
0.6015
0.8308
0.5358
0.5148
0.5533
0.6769
0.7203
0.53
0.4533
0.4665
0.44
0.43
0.4358
0.4442
0.4327
0.4073
0.3833
0.4429
0.5335
0.5069
0.4535
0.5165
0.7423
0.759
0.91
0.53
0.6128
-99
-99
-99
-99
0.626
0.6535
0.6163
0.5952
0.7548
0.6063
0.504
0.4838
0.5488
0.4502
0.4515
0.4852
0.4588
0.4142
0.5067
0.6227
0.5096
0.4579
0.49
0.5669
0.5575
0.5842
0.6985
0.6207
0.6892
0.7004
0.6285
0.6154
0.6879
0.6338
0.5504
0.7472
0.7648
0.5281
0.4444
0.505
0.5229
0.515
0.6038
0.7004
0.7042
0.7302
0.6696
0.6029
0.6779
0.7575
0.7231
0.9125
0.7765
0.8652
0.9333
0.7235
0.5835
0.6511
0.66
0.5838
0.6246
0.93
0.889
0.6361
0.6513
0.6885
0.7688
0.7025
0.6781
0.7156
0.79
0.7929
0.9533
-99
-99
0.6963
0.8271
0.7381
0.7904
0.8385
0.6867
0.4569
0.4758
0.4754
0.44
0.5423
0.6802
0.7088
0.6971
0.6996
0.8821
0.8188
0.7429
0.7352
0.5188
0.5525
0.6821
0.9444
0.9308
0.7256
0.5658
0.6319
0.7739
0.7327
0.7375
0.6552
0.6556
0.6842
0.7142
0.88
0.7585
0.789
0.7996
0.8044
0.8215
0.8123
0.8204
0.8038
0.7927
0.7325
0.7779
0.7654
0.7031
0.481
0.474
0.5985
0.655
0.5983
0.6025
0.5154
0.7977
0.9383
0.8585
0.9083
0.9638
0.8617
0.8644
0.834
0.864
0.9744
0.9454
0.8617
0.9792
0.9788
0.904
0.7298
0.7677
0.8767
0.8415
0.6873
0.8829
0.7963
0.5388
0.4956
0.6773
0.5294
0.7902
0.8929
0.8312
0.9828
0.99
0.9819
0.9104
0.9819
0.99
0.9552
0.9098
0.8604
0.9188
0.8738
0.9258
0.9071
0.9004
0.8525
0.854
0.88
0.9775
0.7692
0.7896
0.9575
0.6973
0.739
0.7988
0.7919
0.7169
0.5673
0.9129
0.8092
0.8558
0.8285
0.6363
0.4293
0.6975
0.645
0.5598
0.735
0.7502
0.7788
0.785
0.8781
0.8438
0.8683
0.8069
0.5831
0.4454
0.2829
0.4938
0.5473
0.3513
0.5438
0.8596
0.5869
0.4213
0.6023
0.7681
0.8298
0.5273
0.4756
0.6604
0.6779
0.6592
0.4767
0.6198
0.639
0.7819
0.7677
0.8813
0.6433
0.5525
0.7235
0.9288
0.8642
0.7702
0.8379
0.794
0.8279
0.96
0.9413
0.7898
0.7521
0.811
0.73
0.7973
0.6363
0.7246
0.6248
0.5956
0.7131
0.664
0.5608
0.5548
0.5331
0.5848
0.6898
0.6877
0.6456
0.5477
0.6652
0.5894
0.4158
0.4481
0.5254
0.4727
0.5681
0.5831
0.5852
0.7408
0.9219
0.8173
0.8125
0.6388
0.6515
0.6917
0.704
0.3775
0.4529
0.3665
0.5083
0.6863
0.8036
0.7023
0.7215
0.7142
0.6577
0.6023
0.4608
0.4221
0.6144
0.6721
0.7392
0.8373
0.7146
0.6879
0.6204
0.5715
0.5569
0.6873
0.6008
0.5481
0.5277
0.5546
0.544
0.506
0.5348
0.5213
0.6521
0.5988
0.8138
0.8594
0.6529
0.6696
0.7444
0.7232
0.6054
0.6371
0.6025
0.7087
0.7304
0.616
0.5502
0.4498
0.4471
0.4052
0.3658
0.6967
0.6221
0.4842
0.4963
0.5344
0.6021
0.5906
0.7131
0.7488
0.6183
0.6369
0.5663
0.8265
0.6258
0.5606
0.7133
0.6552
0.5602
0.5598
0.549
0.4511
0.4688
0.4956
0.6692
0.705
0.6108
0.3394
0.3735
0.344
0.3042
0.2929
0.3183
0.3625
0.5238
0.7142
0.7144
0.6152
0.5502
0.3963
0.4075
0.4181
0.4521
0.5754
0.7856
0.599
0.7119
0.9245
0.5877
0.5058
0.445
0.5967
0.6407
0.5185
0.3996
0.474
0.4338
0.3342
0.4604
0.4829
0.3865
0.4831
0.5392
0.5075
0.4642
0.4729
0.4977
0.4794
0.5704
0.4856
0.286
0.4113
0.4183
0.3908
0.3861
0.3523
0.4275
0.399
0.3575
0.4081
0.37
0.3571
0.3438
0.3356
0.3804
0.4606
0.7627
0.5583
0.4477
0.5033
0.6617
0.6544
0.5752
0.4825
0.5294
0.5452
0.5483
0.5433
0.4229
0.4554
0.6877
0.7833
0.9715
0.7485
0.7706
0.765
0.7167
0.9056
0.7888
0.6275
0.4125
0.4592
0.3831
0.5183
0.4644
0.5588
0.53
0.554
0.5552
0.6113
0.6152
0.6381
0.7425
0.7579
0.6667
0.6385
0.6946
0.911
0.8098
0.7308
0.9075
0.7733
0.7917
0.7777
0.7196
0.4015
0.606
0.6873
0.5746
0.691
0.7102
0.7485
0.8013
0.8335
0.8769
0.7138
0.6019
0.9271
0.8858
0.9635
0.8431
0.875
0.7769
0.806
0.6996
0.604
0.9373
0.9683
0.9379
0.7421
0.8256
0.9727
0.7904
0.729
0.7763
0.7758
0.7829
0.8467
0.7296
0.8404
0.9798
0.9504
0.8994
0.8508
0.839
0.8967
0.9667
0.98
0.8792
0.8565
0.8063
0.8142
0.8552
0.9471
0.9723
0.906
0.7969
0.8789
0.7692
0.7058
0.8421
0.9244
0.9756
0.8913
0.9781
0.9429
0.8729
0.8754
0.9342
0.915
0.8775
0.874
0.7921
0.7583
0.8523
0.666
0.4035
0.5354
0.7706
0.8673
0.98
0.9354
0.7356
0.4733
0.3702
0.5569
0.6665
0.7073
0.7794
0.7192
0.5946
0.5648
0.4892
0.5102
0.746
0.434
0.4348
0.555
0.5802
0.6728
0.7069
0.7177
0.7442
0.7965
0.8906
0.8694
0.7767
0.5466
0.7323
0.7492
0.6181
0.4069
0.579
0.5213
0.7238
0.7458
0.7583
0.6981
0.8321
0.7783
0.5015
0.6106
0.665
0.7381
0.7748
0.7256
0.7027
0.6731
0.6135
0.6171
0.7069
0.859
0.621
0.4329
0.4573
0.4665
0.5685
0.7029
0.7277
0.8506
0.8004
0.7671
0.7083
0.879
0.904
0.8271
0.7031
0.7044
0.911
0.77
0.7954
0.5796
0.5846
0.5202
0.4373
0.5454
0.5233
0.6415
0.5138
0.4806
0.5048
0.5684
0.6833
0.604
0.6929
0.9381
0.77
0.6915
0.5883
0.4692
0.5263
0.6896
0.7142
0.6444
0.4027
0.6569
0.4671
0.3725
0.4269
0.7467
0.7925
0.6213
0.8996
0.9313
0.7558
0.8265
0.6742
0.6944
0.7327
0.7452
0.7323
0.861
0.5877
0.4629
0.4581
0.4913
0.4706
0.8021
0.679
0.6504
0.7304
0.7521
0.6067
0.5175
0.6002
0.9327
0.6454
0.5667
0.5592
0.626
0.6104
0.941
0.9377
0.8731
0.8246
0.8275
0.746
0.5704
0.749
0.7043
0.625
0.5563
0.5873
0.7331
0.7704
0.5965
0.4719
0.5644
0.6581
0.5021
0.5863
0.7321
0.7846
0.7125
0.6925
0.8356
0.7256
0.6329
0.631
0.7385
0.7033
0.6046
0.6117
0.8904
0.7969
0.7094
0.5187
0.364
0.3952
0.4321
0.526
0.591
0.5983
0.6464
0.6519
0.7569
0.7871
0.451
0.3725
0.61
0.5594
0.4458
0.4098
0.6694
0.5588
0.6006
0.5563
0.5421
0.6485
0.6838
0.5717
0.511
0.5094
0.6079
0.5585
0.56
0.5675
0.5342
0.5417
0.5455
0.7119
0.6158
0.5154
0.4846
0.6375
0.7246
0.4702
0.4973
0.5538
0.5735
0.6985
0.7
0.5848
0.5925
0.6258
0.5588
0.5006
0.464
0.4304
0.3733
0.3513
0.4554
0.5081
0.7354
0.6454
0.5631
0.6169
0.5881
0.4738
0.8054
0.6657
0.576
0.5804
0.6046
0.6367
0.7252
0.5194
0.4885
0.4792
0.5323
0.576
0.5642
0.5675
0.5752
0.5304
0.4658
0.4563
0.5073
0.6298
0.6438
0.5048
0.5131
0.5563
0.6219
0.7965
0.771
0.771
0.7246
0.6769
0.6475
0.4927
0.5173
0.5517
0.7979
0.6577
0.6544
0.6725
0.6488
0.7156
0.8477
0.7732
0.804
0.646
0.5471
0.605
0.629
0.709
0.7169
0.5525
0.4206
0.496
0.3475
0.3154
0.4783
0.5096
0.6256
0.5946
0.5738
0.6163
0.6115
0.4975
0.5296
0.6835
0.6981
0.6715
0.6204
0.5073
0.5427
0.6967
0.6538
0.6088
0.619
0.8944
0.7108
0.7158
0.8694
0.8185
0.8448
0.8477
0.6767
0.5588
0.6704
0.6842
0.9325
0.8481
0.8792
0.7952
0.9027
0.986
0.8702
0.8425
0.7754
0.7025
0.6035
0.3479
0.4488
0.6127
0.556
0.5816
0.5692
0.3035
0.3357
0.4214
0.4298
0.6246
0.669
0.6485
0.5913
0.7606
0.771
0.765
0.6042
0.6635
0.7633
0.675
0.7233
0.7088
0.6927
0.7577
0.8621
0.9244
0.835
0.8623
0.809
0.791
0.879
0.7522
0.804
0.8146
0.6983
0.8217
0.8556
0.7923
0.8619
0.7274
0.4498
0.7823
0.5598
0.4556
0.5054
0.4842
0.6515
0.7694
0.4442
0.2897
0.3444
0.4408
0.3469
0.515
0.6431
0.6442
0.5285
0.494
0.501
0.47
0.5244
0.5392
0.4685
0.5015
0.4785
0.4675
0.4954
0.4388
0.3523
0.4042
0.585
0.6615
0.9369
0.5535
0.5673
0.5144
0.6658
0.5352
0.795
0.6081
0.4013
0.7085
0.5463
0.3344
0.441
0.4665
0.3494
0.3844
0.5858
0.694
0.72
0.8446
0.7465
0.9425
0.7779
0.6256
0.5806
0.4715
0.7752
0.6198
0.4594
0.4031
0.4581
0.4179
0.4092
0.3735
0.651
0.6317
0.5906
0.5719
0.7085
0.6427
0.2579
0.465
0.5854
0.7625
0.5492
0.4177
0.485
0.3183
0.3685
0.439
0.4864
0.6481
0.5344
0.4496
0.4892
0.566
0.5696
0.4756
0.4621
0.3623
0.3379
0.539
0.6952
0.9396
0.7935
0.689
0.7169
0.7513
0.7527
-99
-99
0.3685
0.5225
0.791
0.9369
0.8735
0.7965
-99
-99
-99
-99
-99
0.4352
0.421
0.4842
0.6358
0.8798
0.7058
0.409
0.5567
0.6088
0.585
0.5833
0.7502
0.6363
0.5602
0.4794
0.4625
0.4167
0.4008
0.3496
0.3146
0.3029
0.4996
0.5554
0.4925
0.4383
0.3138
0.3469
0.4629
0.6138
0.7306
0.6575
0.8769
0.7946
0.6733
0.546
0.7931
0.8283
0.5435
0.5308
0.5171
0.4629
0.6252
0.5621
0.5027
0.4352
0.3727
0.3438
0.4083
0.4435
0.6052
0.6192
0.4171
0.4573
0.5044
0.5183
0.5004
0.4998
0.3096
0.3988
0.3783
0.4488
0.759
0.756
0.721
0.7804
0.6052
0.4973
0.5273
0.4917
0.4746
0.6723
0.7381
0.578
0.5365
0.6079
0.4585
0.4179
0.4006
0.8581
0.5988
0.5142
0.4915
0.4668
0.4535
0.621
0.5531
0.5017
0.515
0.5948
0.8123
0.6142
0.4167
0.4171
0.5173
0.4242
0.3696
0.2823
0.2829
0.384
0.426
0.4275
0.4054
0.5335
0.6254
0.4556
0.5127
0.5435
0.4992
0.4479
0.5271
0.4644
0.5517
0.8619
0.665
0.4375
0.3904
0.361
0.3919
0.3777
0.5433
0.6392
0.7173
0.665
0.5013
0.5142
0.5129
0.5496
0.6273
0.674
0.7856
0.7594
0.5867
0.5306
0.374
0.4688
0.5304
0.4367
0.5727
0.875
0.6908
0.6121
0.614
0.6402
0.7065
0.5648
0.4733
0.4077
0.5808
0.8685
0.7725
0.8873
0.774
0.6871
0.5781
0.7777
0.795
0.7094
0.6375
0.5669
0.5073
0.3271
0.4496
0.5067
0.539
0.5696
0.6198
0.8385
0.8883
0.8202
0.7479
0.7325
0.729
0.5902
0.6315
0.3963
0.4269
0.5142
0.6302
0.7218
0.6775
0.6729
0.6527
0.8208
0.9154
0.9975
0.991
0.9554
0.9702
0.866
0.7935
0.9898
0.8696
0.8696
0.865
0.8358
0.97
0.9015
0.9219
0.85
0.8275
0.9052
0.9202
0.8296
0.9977
0.8742
0.8483
0.7923
0.9285
0.6794
0.6917
0.7094
0.7415
0.7388
0.5346
0.8488
1
0.9975
0.9898
0.9988
0.9663
0.754
0.8769
0.8881
0.8863
0.8565
0.8529
0.6198
0.395
0.7929
0.8092
0.8102
0.8254
0.7063
0.5538
0.7631
0.9988
0.9004
0.9908
0.9333
0.8423
0.6994
0.6523
0.4021
0.5746
0.6883
0.7079
0.7348
0.5796
0.5067
0.6591
0.6146
0.5975
0.8115
0.7702
0.6648
0.4851
0.4815
0.5542
0.6246
0.6967
0.7738
0.5315
0.4565
0.4794
0.7506
0.719
0.7408
0.3665
0.5367
0.6877
0.8463
0.9535
0.9817
0.946
0.9654
0.8648
0.7675
0.8588
0.821
0.889
0.9531
0.8767
0.8629
0.6729
0.8658
0.8958
0.825
0.7373
0.7923
0.8515
0.8723
0.9933
0.9994
1
0.8767
0.7644
0.8856
0.7906
0.8
0.8698
0.7675
0.6027
0.636
0.6463
0.796
0.854
0.8383
0.8619
0.7869
0.7863
0.8721
0.7842
0.5738
0.6342
0.8225
0.7375
0.7596
0.7796
0.6225
0.6273
0.614
0.8021
0.3406
0.4671
0.7092
0.6631
0.6133
0.8058
0.5235
0.3615
0.5671
0.6881
0.7065
0.6802
0.6463
0.5131
0.5988
0.7127
0.6904
0.7564
0.6908
0.9356
0.9842
0.8946
0.829
0.9125
0.8631
0.7475
0.7737
0.6841
0.6616
0.5441
0.5715
0.64
0.6217
0.6539
0.6008
0.6472
0.6687
0.6189
0.7457
0.901
0.8142
0.7517
0.6604
0.379
0.4496
0.5306
0.5742
0.5942
0.6404
0.689
0.5531
0.5996
0.8033
0.7875
0.699
0.6844
0.586
0.5531
0.4615
0.4713
0.4358
0.3742
0.4879
0.6098
0.6696
0.5806
0.5452
0.7194
0.6254
0.8098
0.6679
0.4356
0.575
0.676
0.6496
0.8075
0.6585
0.556
0.5383
0.4981
0.5852
0.4065
0.4719
0.4725
0.4204
0.4833
0.4444
0.4175
0.4425
0.4254
0.4708
0.4869
0.3294
0.271
0.2444
0.2452
0.25
0.2906
0.3472
0.4629
0.4558
0.4553
-99
-99
0.5279
0.4613
0.3894
0.3417
0.3785
0.7138
0.7115
0.7038
0.575
0.5169
0.5017
0.5333
0.5471
0.5794
0.584
0.5269
0.4912
-99
-99
-99
-99
-99
0.4029
0.5973
0.4867
0.6469
0.5415
0.5092
0.5531
0.506
0.5258
0.6948
0.7704
0.8815
0.8452
0.8252
0.7681
0.6554
0.8244
0.627
0.4638
0.416
0.539
0.6471
0.6413
-99
0.4917
0.6044
0.5406
0.4527
0.4773
0.5223
0.605
0.5181
0.3527
0.319
0.3181
0.3435
0.3875
0.3063
0.3681
0.4752
0.6416
-99
-99
-99
0.73
0.8172
0.6646
0.5783
0.516
0.5598
0.5094
0.5594
0.8681
0.6836
0.4808
0.4665
0.5008
0.4154
0.4283
0.4985
0.637
-99
0.5823
0.5447
0.5906
0.7709
0.8396
0.8327
1
-99
0.6875
0.9065
0.9804
1
0.6158
0.6994
0.529
0.509
0.6333
0.6735
0.7986
-99
-99
-99
-99
-99
0.595
0.7336
-99
-99
-99
-99
-99
0.641
0.5979
0.6265
0.6969
0.7975
-99
-99
-99
0.756
0.7315
0.7573
0.7469
0.8427
0.9473
0.9965
0.9523
0.9773
0.8873
0.9775
-99
-99
0.8188
0.8279
0.7656
0.739
0.7893
0.7254
0.8581
0.8952
0.771
0.6344
0.8283
0.7813
0.7554
0.81
0.7821
0.8352
0.8408
0.8825
0.7735
0.5183
0.5731
0.7956
0.9975
0.9594
0.9054
0.88
0.8983
0.9517
0.6973
0.8452
0.926
0.7533
0.9204
0.8969
0.9042
0.7727
0.8363
0.8079
0.8796
0.8992
0.9046
0.9933
0.63
0.7
0.9329
0.9258
0.9015
0.8533
0.7271
0.7392
0.7413
0.7198
0.8558
0.9348
0.604
0.5923
0.7408
0.6881
0.8346
0.5465
0.3717
0.4456
0.5477
0.6371
0.7002
0.6742
0.6452
0.7644
0.8633
0.3471
0.5877
0.631
0.5665
0.6877
0.7673
0.8419
0.8271
0.8683
0.8204
0.7608
0.7198
0.7742
0.8885
0.9448
0.856
0.8056
0.7173
0.6663
0.8604
0.995
0.6879
0.371
0.6692
0.5567
0.3102
0.5398
0.5371
0.5035
0.715
0.8598
0.7948
0.7529
0.7946
0.8363
0.8735
0.7756
0.8969
0.7013
0.6431
0.7075
0.7379
0.649
0.6969
0.3729
0.385
0.7988
0.8592
0.8292
0.8031
0.8677
0.8692
0.779
0.7829
0.709
0.4317
0.4821
0.7194
0.7367
0.7419
0.7942
0.674
0.601
0.6735
0.9525
0.4723
0.4335
0.3315
0.3421
0.4967
0.5183
0.5279
0.6073
0.7006
0.4942
0.4967
0.6177
0.9213
0.4683
0.4338
0.5448
0.546
0.5346
0.68
0.8106
0.6544
0.4119
0.7352
0.8542
0.985
0.8123
0.9965
0.7654
0.8527
0.7183
0.8285
0.8027
0.8121
0.8338
0.826
0.944
0.9731
0.7988
0.6269
0.6133
0.7519
0.7421
0.7009
0.7752
0.7292
0.6217
0.5535
0.5429
0.5254
0.545
0.7133
0.7723
0.7494
0.7692
0.999
0.859
0.865
0.7294
0.5369
0.545
0.4194
0.4067
0.3692
0.4648
0.4098
0.4702
0.4985
0.5336
0.4188
0.5456
0.4752
0.4217
0.8771
0.6335
0.5144
0.5633
0.6727
0.5667
0.5654
0.9371
0.7996
0.5246
0.4233
0.531
0.6687
0.4977
0.3833
0.469
0.7708
0.9343
0.8381
0.8246
0.676
0.7971
0.6671
0.6183
0.5888
0.5738
0.6225
0.5694
0.5519
0.7092
0.8438
0.6206
0.4871
0.4233
0.4121
0.5052
0.4765
0.415
0.4031
0.5174
0.5973
0.5356
0.5006
0.5465
0.5988
0.564
0.4029
0.3004
0.3627
0.3942
0.4558
0.58
0.3567
0.4921
0.5165
0.5256
0.5752
0.4435
0.3315
0.4431
0.5353
0.4633
0.5573
0.7288
0.7715
0.5858
0.3835
0.494
0.5165
0.4329
0.509
0.5202
0.385
0.4579
0.4921
0.5244
0.4715
0.461
0.6783
0.8685
0.9967
0.66
0.5446
0.5225
0.5196
0.696
0.7156
0.616
0.5106
0.6023
0.5767
0.5713
0.7231
0.5892
0.5285
0.755
0.8388
0.7865
0.6923
0.5317
0.4702
0.3752
0.48
0.4771
0.366
0.4542
0.4827
0.6852
0.5942
0.3883
0.3656
0.4419
0.5631
0.5721
0.4956
0.4929
0.6496
0.6556
0.8575
0.7419
0.6673
0.8135
0.7323
0.671
0.696
0.799
0.8708
0.8563
0.7923
0.7469
0.4956
0.4398
0.4979
0.6869
0.7623
0.9869
-99
0.9888
0.9031
0.9542
0.8656
0.7823
0.9481
0.6602
0.8219
0.7933
0.7267
0.7938
0.7333
0.7225
0.664
0.7144
0.6538
0.6406
0.3925
0.4723
0.4754
0.5065
0.58
0.816
0.8002
0.7663
0.7579
0.739
0.4123
0.4083
0.5867
0.6204
0.6844
0.7613
0.8415
0.5615
0.4813
0.531
0.4292
0.3619
0.3419
0.4038
0.7088
0.5106
0.3796
0.1944
0.3056
0.2767
0.3365
0.8225
0.9981
0.9969
1
0.8138
0.6035
0.4583
0.3456
0.7117
0.8598
0.7877
0.8017
0.8813
0.6869
0.6917
0.7144
0.6765
0.6933
0.4935
0.7413
0.7052
0.3983
0.3531
0.4769
0.5542
0.53
0.6115
-99
0.5762
0.7475
0.7577
0.6263
0.6867
0.6902
0.6992
0.6985
0.586
0.5033
0.4913
0.5004
0.3823
0.3813
0.37
0.6074
0.9747
0.8951
0.8589
0.8347
0.8368
0.8981
0.9177
0.9083
0.8894
0.6887
0.7098
0.8028
0.8283
0.8177
0.8155
0.754
0.8162
0.7394
0.6017
0.4753
0.536
0.7636
0.567
0.5085
0.5715
0.4362
0.4538
0.5553
0.6996
0.7657
0.7674
0.8079
0.6698
0.6715
0.6704
0.6462
0.6102
0.6285
0.5717
0.6551
0.6674
0.6743
0.7149
0.7109
0.6598
0.7021
0.8028
0.8572
0.8106
0.7438
0.7302
0.6706
0.6898
0.8783
0.8083
0.7702
0.7972
0.7438
0.8902
0.5536
0.5138
0.5679
0.7723
0.3915
0.3298
0.4102
0.7283
0.8132
0.6066
0.5164
0.5519
0.5264
0.4843
0.44
0.4874
0.7151
0.763
0.3417
0.46
0.4462
0.3206
0.6819
0.533
0.7126
0.8217
0.6406
0.5709
0.7309
0.6568
0.2823
0.3474
0.4019
0.4387
0.4643
0.2838
0.7189
0.7811
0.8917
0.884
0.6481
0.6115
0.6657
0.5596
0.4651
0.5883
0.8438
0.8791
0.7832
0.9447
0.7343
0.5245
0.6496
0.4964
0.4753
0.4838
0.5574
0.5791
0.5402
0.4996
0.5287
0.4657
0.4079
0.4964
0.6938
0.6336
0.6319
0.5513
0.9183
0.7717
0.7015
0.754
0.7472
0.8809
0.7764
0.8745
0.8762
0.767
0.633
0.4819
0.526
0.8221
0.8694
0.8587
0.9304
0.8479
0.9128
0.8606
0.6774
0.6357
0.7915
0.8011
0.8417
0.6055
0.6083
0.7428
0.6034
0.4577
0.4647
0.7366
0.7998
0.7613
0.55
0.6877
0.6421
0.6338
0.7596
0.7487
0.5821
0.5528
0.5621
0.5019
0.4515
0.4679
0.43
0.5374
0.5498
0.5879
0.4515
0.5328
0.6885
0.5864
0.5749
0.5774
0.477
0.48
0.5696
0.4891
0.5511
0.57
0.4915
0.4632
0.8162
0.8181
0.6283
0.5285
0.6066
0.6255
0.5981
0.5243
0.5468
0.6291
0.3977
0.4889
0.5466
0.5798
0.5081
0.5398
0.5464
0.6181
0.476
0.3736
0.5228
0.563
0.4677
0.4468
0.4406
0.4036
0.4406
0.4634
0.4957
0.4645
0.5994
0.517
0.4389
0.7223
0.494
0.514
0.5106
0.5232
0.5155
0.5732
0.5806
0.5904
0.7515
0.4753
0.5209
0.644
0.767
0.6028
0.5189
0.4577
0.674
0.7079
0.6649
0.6253
0.5713
0.5043
0.8532
0.6362
0.6079
0.6647
0.6526
0.7136
0.7768
0.57
0.5053
0.5062
0.5234
0.6774
0.744
0.69
0.6281
0.6783
0.7119
0.8472
0.7745
0.6549
0.6691
0.6738
0.6711
0.6404
0.6732
0.7077
0.6698
0.4026
0.3832
0.5264
0.5164
0.5294
0.6894
0.4953
0.5791
0.6415
0.7398
0.7477
0.7879
0.7989
0.7319
0.7302
0.9038
0.8236
0.7819
0.7451
0.6117
0.6879
0.7394
0.6919
0.697
0.6898
0.8594
0.8011
0.9104
0.9547
0.9077
0.9381
0.8513
0.8336
0.8051
0.7349
0.787
0.8111
0.8006
0.7934
0.8566
0.8846
0.5635
0.2644
0.4852
0.4625
0.4669
0.7733
0.6638
0.7019
0.6371
0.4323
0.5346
0.6777
0.455
0.4642
0.6338
0.7017
0.9038
0.7729
0.8717
0.7725
0.6777
0.8
0.7175
0.7423
0.7604
0.8633
0.81
0.3419
0.4425
0.5438
0.8035
0.9704
0.7767
0.736
0.6035
0.4177
0.5319
0.6233
0.4981
0.4308
0.4921
0.6279
0.6413
0.8696
0.8373
0.866
0.95
0.9627
0.9017
0.8467
0.9019
0.8408
0.7763
0.7292
0.8908
0.7994
0.7571
0.914
0.9404
0.8765
0.7844
0.7469
0.5492
0.5983
0.7281
0.7823
0.735
0.9017
0.7938
0.6785
0.73
0.8996
0.6529
0.6979
0.7477
0.6135
0.5375
0.6717
0.6604
0.8206
0.9054
0.9531
0.8604
0.764
0.9569
0.9558
0.7017
0.4717
0.6829
0.5546
0.9073
0.4685
0.5248
0.4402
0.6238
0.6525
0.5021
0.3908
0.4019
0.6163
0.516
0.4794
0.4123
0.6171
0.6202
0.6845
0.5825
0.535
0.9217
0.8675
0.904
0.859
0.661
0.3885
0.2704
0.4871
0.6429
0.6027
0.375
0.4975
0.5858
0.5873
0.4594
0.3742
0.5892
0.5942
0.4773
0.2563
0.471
0.3438
0.4088
0.4
0.3169
0.4127
0.4975
0.7579
0.559
0.4729
0.6877
0.6244
0.7829
0.7367
0.7096
0.7
0.7004
0.9225
0.6902
0.6788
0.7598
0.7675
0.6998
0.6602
0.6396
0.7798
0.8471
0.8244
0.7679
0.6927
0.6006
0.6325
0.4633
0.3765
0.406
0.6102
0.89
0.6027
0.5494
0.531
0.6825
0.6
0.4038
0.4627
0.449
0.4115
0.4779
0.6198
0.6388
0.5652
0.7106
0.5838
0.55
0.8585
0.8633
0.5723
0.5585
0.5552
0.4927
0.5244
0.5175
0.4469
0.496
0.7158
0.6577
0.5267
0.5169
0.3169
0.3317
0.4667
0.6333
0.8088
0.5517
0.4225
0.4625
0.5383
0.7858
0.7467
0.5985
0.6923
0.6379
0.5352
0.5371
0.5369
0.4792
0.4442
0.4492
0.6113
0.5256
0.4804
0.5965
0.491
0.3329
0.3608
0.3431
0.4771
0.7469
0.6396
0.5531
0.4538
0.5783
0.7375
0.7344
0.5704
0.5183
0.6838
0.7088
0.816
0.7715
0.6465
0.6477
0.5794
0.6185
0.5406
0.4742
0.5056
0.5348
0.4652
0.469
0.3583
0.4769
0.4658
0.4644
0.5369
0.3215
0.4006
0.4431
0.4558
0.4558
0.4883
0.389
0.4396
0.4723
0.5875
0.6244
0.6885
0.6156
0.5069
0.4604
0.6156
0.6763
0.7806
0.7175
0.5952
0.6698
0.5585
0.5325
0.6527
0.5973
0.5246
0.5117
0.4365
0.3792
0.4504
0.561
0.5513
0.4685
0.6094
0.6456
0.5767
0.6513
0.7065
0.5473
0.5808
0.6875
0.7854
0.649
0.6221
0.5648
0.5127
0.5563
0.5844
0.5417
0.4338
0.465
0.7683
0.8052
0.6977
0.7181
0.6302
0.6546
0.846
0.775
0.6981
0.5898
0.6471
0.6063
0.535
0.5502
0.6715
0.7804
0.7185
0.5606
0.75
0.7971
0.6506
0.6175
0.6281
0.5471
0.5235
0.6396
0.7565
0.7283
0.6285
0.4973
0.4425
0.2927
0.3619
0.3323
0.3527
0.2833
0.4056
0.5888
0.7877
0.8667
0.8019
0.6308
0.6885
0.8035
0.8167
0.6923
0.7027
0.6958
0.6769
0.7602
0.789
0.6419
0.6331
0.8921
0.8329
0.6625
0.6565
0.8035
0.6373
0.7238
0.9013
0.8706
0.8579
0.7758
0.7708
0.686
0.6856
0.7038
0.7071
0.6963
0.7485
0.7871
0.7681
0.774
0.6473
0.6654
0.8904
0.8696
0.9252
0.9
0.5608
0.7579
0.7513
0.6658
0.7775
0.8196
0.8627
0.8548
0.8321
0.8355
0.7446
0.7369
0.6485
0.639
0.6329
0.8273
0.7644
0.5746
0.4302
0.4594
0.8456
0.9692
0.9656
0.9715
0.9017
0.9533
0.9656
0.9167
0.9506
0.8485
0.8675
0.7319
0.761
0.8731
0.8767
0.9254
0.8785
0.9096
0.4619
0.4781
0.5527
0.7625
0.8438
0.8365
0.92
0.5
0.6415
0.7504
0.8046
0.8267
0.746
0.6519
0.6579
0.7796
0.8038
0.7665
0.6785
0.5179
0.5979
0.5571
0.5779
0.6952
0.4604
0.6027
0.5956
0.7519
0.754
0.6521
0.5335
0.7383
0.7448
0.3617
0.4219
0.4198
0.6715
0.7481
0.6321
0.8929
0.9069
0.8123
0.5754
0.5538
0.856
0.9346
0.8504
0.6923
0.8992
0.5706
0.8898
0.7006
0.7356
0.6221
0.9406
0.7123
0.4698
0.3408
0.6658
0.8133
0.5473
0.5121
0.6792
0.7042
0.6413
0.4027
0.3856
0.495
0.4885
0.474
0.6175
0.6644
0.7433
0.8496
0.7285
0.7485
0.8465
0.6017
0.5198
0.5154
0.6342
0.5817
0.5871
0.674
0.5694
0.6331
0.5575
0.4958
0.4806
0.6542
0.4298
0.5085
0.5165
0.5196
0.8223
0.7746
0.7871
0.7825
0.6973
0.646
0.6485
0.74
0.6748
0.605
0.7077
0.8338
0.7496
0.6963
0.6694
0.5931
0.5288
0.5746
0.6831
0.8181
0.8406
0.8127
0.5415
0.4873
0.5377
0.6365
0.7029
0.8717
0.7769
0.6856
0.8185
0.8671
0.729
0.5373
0.4604
0.4204
0.4088
0.385
0.3898
0.4706
0.5752
0.7113
0.5873
0.5265
0.4979
0.5929
0.7765
0.6175
0.47
0.4294
0.3958
0.3581
0.4185
0.5198
0.5035
0.8015
0.7306
0.6673
0.8996
0.791
0.8271
0.7217
0.7375
0.871
0.8142
0.756
0.7275
0.8302
0.5933
0.4027
0.3967
0.494
0.5648
0.5715
0.601
0.7338
0.7556
0.7977
0.8142
0.7248
0.615
0.611
0.7165
0.7381
0.5475
0.52
0.571
0.5467
0.5465
0.6052
0.7665
0.5727
0.4881
0.4788
0.5404
0.5077
0.5992
0.551
0.6719
0.711
0.6108
0.7315
0.7158
0.5983
0.4533
0.4585
0.5227
0.5919
0.6271
0.5765
0.6102
0.6435
0.669
0.5594
0.559
0.3633
0.4542
0.4898
0.5154
0.5569
0.5621
0.5115
0.7463
0.7098
0.8006
0.6677
0.5948
0.5846
0.7204
0.8152
0.6977
0.5927
0.515
0.471
0.4894
0.5283
0.485
0.4419
0.4931
0.4992
0.526
0.3954
0.5913
0.7788
0.6519
0.5548
0.5152
0.5877
0.5719
0.4827
0.4629
0.4642
0.5058
0.564
0.4983
0.4054
0.5119
0.6579
0.8127
0.9
0.7538
0.7994
0.8956
0.7331
0.7681
0.6894
0.5175
0.5333
0.6419
0.6783
0.6544
0.6563
0.6985
0.7021
0.731
0.7704
0.7485
0.6673
0.6529
0.7221
0.7292
0.9604
0.8229
0.6865
0.6988
0.7931
0.7413
0.591
0.4744
0.3004
0.4304
0.6908
0.7208
0.7471
0.7692
0.7363
0.6119
0.1752
0.374
0.5635
0.6771
0.8521
0.9365
0.8131
0.4692
0.6658
0.7263
0.8152
0.8227
0.8033
0.7558
0.7665
0.6388
0.6119
0.7115
0.8404
0.7702
0.8923
0.5798
0.7421
0.8179
0.8658
0.9419
0.8975
0.7623
0.6633
0.624
0.7015
0.566
0.5888
0.6279
0.6073
0.9252
0.9219
0.8104
0.7115
0.7002
0.8256
0.9771
0.9508
0.8608
0.8794
0.784
0.6923
0.6823
0.7096
0.5656
0.2438
0.4265
0.6721
0.7135
0.726
0.7773
0.9508
0.9827
0.9369
0.3923
0.3735
0.1973
0.3806
0.5423
0.6027
0.8029
0.8242
0.7933
0.6933
0.6931
0.7594
0.7167
0.8825
0.861
0.7642
0.9358
0.8831
0.774
0.5142
0.7463
0.6785
0.6846
0.6858
0.7042
0.7027
0.7513
0.4929
0.3977
0.359
0.5488
0.6152
0.6083
0.6556
0.6563
0.7569
0.9402
0.8063
0.64
0.5398
0.2748
0.3369
0.5658
0.4725
0.4219
0.4923
0.5569
0.559
0.5546
0.5742
0.6254
0.7092
0.9069
0.79
0.729
0.8004
0.5292
0.6119
0.6054
0.6633
0.5892
0.5015
0.5479
0.5271
0.4506
0.4477
0.459
0.4179
0.4927
0.7996
0.7419
0.6519
0.6077
0.5585
0.6733
0.6944
0.6869
0.6688
0.9573
0.841
0.8652
0.9365
0.8325
0.6573
0.4767
0.4577
0.565
0.671
0.6473
0.5413
0.5265
0.65
0.6883
0.7221
0.6669
0.8067
0.7144
0.6167
0.6046
0.5773
0.5688
0.7073
0.6429
0.5646
0.52
0.4885
0.4335
0.499
0.5775
0.4281
0.5454
0.6733
0.585
0.6085
0.5567
0.5165
0.5975
0.6815
0.5865
0.5925
0.8692
0.8183
0.5908
0.4446
0.4221
0.7758
0.709
0.7121
0.7013
0.7513
0.6177
0.5552
0.6206
0.6021
0.8073
0.7319
0.6438
0.5902
0.69
0.8356
0.8133
0.6581
0.4154
0.5408
0.5875
0.7769
0.6346
0.5629
0.5669
0.5838
0.5394
0.5206
0.4781
0.6519
0.7648
0.5723
0.5563
0.7817
0.61
0.3783
0.46
0.7269
0.8817
0.7635
0.7792
0.8879
0.7648
0.665
0.8552
0.716
0.6335
0.8496
0.7031
0.7315
0.7363
0.6894
0.5729
0.5244
0.5352
0.6054
0.564
0.6967
0.5865
0.5175
0.4815
0.451
0.4644
0.5346
0.5269
0.4548
0.4396
0.5704
0.835
0.6127
0.555
0.5433
0.4223
0.4371
0.5123
0.4752
0.5633
0.5569
0.5806
0.5204
0.4865
0.5113
0.4944
0.4896
0.4598
0.5538
0.6031
0.499
0.4513
0.5835
0.7871
0.7181
0.6496
0.5875
0.5517
0.4785
0.5931
0.5238
0.5029
0.5406
0.631
0.5723
0.6094
0.5294
0.475
0.4279
0.5175
0.5381
0.5727
0.6598
0.6152
0.5263
0.4802
0.471
0.4194
0.3354
0.3013
0.2875
0.3533
0.5342
0.5819
0.5492
0.4065
0.4385
0.5131
0.54
0.5527
0.5629
0.5385
0.7756
0.6758
0.5769
0.5065
0.4177
0.4552
0.4454
0.4196
0.4927
0.5035
0.4617
0.4981
0.5806
0.5725
0.5481
0.6775
0.4808
0.5054
0.5283
0.6175
0.614
0.7906
0.6517
0.5881
0.551
0.5158
0.5244
0.5256
0.4915
0.4608
0.4256
0.3746
0.3856
0.4646
0.4275
0.381
0.4585
0.4975
0.4115
0.3198
0.3529
0.501
0.6242
0.6469
0.6177
0.5946
0.654
0.5644
0.5488
0.6102
0.7338
0.8854
0.7398
0.6738
0.9267
0.9596
0.8998
0.8506
0.8121
0.8785
0.855
0.8675
0.9577
0.8419
0.6538
0.8206
0.7925
0.8183
0.8302
0.7992
0.8215
0.83
0.8585
0.94
0.8792
0.8546
0.8052
0.7869
0.8946
0.8829
0.8263
0.5651
0.6992
0.7473
0.6615
0.7013
0.7535
0.7525
0.7269
0.7204
0.7629
0.779
0.8233
0.6802
0.6254
0.7358
0.7775
0.7581
0.7865
0.7854
0.8025
0.7813
0.6925
0.6821
0.6833
0.5475
0.5156
0.5175
0.6458
0.4735
0.3879
0.5381
0.2304
0.3731
0.5783
0.6896
0.6763
0.3667
0.4556
0.7877
0.7777
0.6692
0.6356
0.5352
0.4573
0.3058
0.3365
0.3952
0.5008
0.5696
0.5015
0.5448
0.5342
0.5856
0.7329
0.6948
0.6592
0.6642
0.5221
0.4608
0.4331
0.5142
0.4052
0.3727
0.4733
0.6331
0.7146
0.5785
0.4467
0.264
0.3875
0.456
0.535
0.3548
0.2698
0.5252
0.3238
0.2135
0.1804
0.2992
0.1017
0.1585
0.2673
0.2767
0.4633
0.4035
0.4196
0.6115
0.6585
0.5306
0.2415
0.2775
0.3008
0.2123
0.4194
0.4548
0.2863
0.4469
0.4879
0.5117
0.4492
0.4131
0.5054
0.5544
0.2533
0.3288
0.3888
0.3142
0.1965
0.3333
0.3088
0.4258
0.4306
0.3938
0.386
0.4138
0.4473
0.4458
0.411
0.405
0.8154
0.9635
0.7021
0.5956
0.5383
0.6844
0.6073
0.4681
0.4625
0.4096
0.4652
0.5535
0.6731
0.8875
0.8713
0.8863
0.8883
0.6996
0.489
0.6302
0.6619
0.5858
0.7233
0.5535
0.6425
0.6419
0.45
0.3346
0.6769
0.6767
0.661
0.731
0.6594
0.6508
0.3592
0.5333
0.5163
0.5019
0.8227
0.6542
0.8644
0.646
0.6523
0.5877
0.7438
0.6702
0.6775
0.6502
0.6381
0.6102
0.5244
0.5177
0.545
0.6988
0.5869
0.5225
0.4565
0.6313
0.7196
0.7279
0.8419
0.7552
0.6404
0.4967
0.5819
0.7073
0.6383
0.6042
0.6794
0.6669
0.6298
0.5929
0.5665
0.5629
0.81
0.6525
0.5415
0.53
0.6109
0.6029
0.5215
0.5717
0.5248
0.4865
0.4996
0.5223
0.446
0.3575
0.4471
0.5317
0.8527
0.604
0.4825
0.529
0.5417
0.5071
0.4748
0.5081
0.4988
0.38
0.3533
0.3367
0.6823
0.5838
0.4879
0.5463
0.8283
0.7073
0.625
0.5871
0.5492
0.47
0.5225
0.4835
0.4117
0.485
0.4279
0.4548
0.3417
0.2825
0.324
0.3644
0.5065
0.3052
0.3425
0.4681
0.485
0.4458
0.5767
0.6285
0.5619
0.5506
0.5119
0.3925
0.4442
0.4973
0.49
0.5631
0.579
0.4706
0.3958
0.3471
0.299
0.2723
0.4521
0.4769
0.4471
0.3933
0.3613
0.3738
0.3227
0.329
0.3813
0.4104
0.3706
0.3135
0.2844
0.3838
0.4323
0.4754
0.6296
0.599
0.8338
0.4921
0.364
0.4129
0.4438
0.4413
0.4417
0.4719
0.4975
0.6565
0.7831
0.7071
0.6185
0.6646
0.4142
0.2725
0.3929
0.4985
0.59
0.7523
0.7471
0.6463
0.7121
0.6398
0.65
0.5906
0.6158
0.7588
0.6406
0.7627
0.9158
0.7485
0.7302
0.6992
0.6281
0.636
0.6008
0.5523
0.5692
0.6535
0.6625
0.6665
0.8396
0.8219
0.7888
0.7692
0.6538
0.6669
0.7477
0.755
0.7369
0.875
0.8729
0.7527
0.7746
0.755
0.9106
0.9165
0.6338
0.3008
0.4796
0.74
0.7998
0.7704
0.7098
0.7354
0.8902
0.756
0.5879
0.5681
0.6238
0.8952
0.9038
0.7894
0.6807
0.645
0.731
0.8296
0.8446
0.9131
0.8948
0.856
0.8063
0.7948
0.864
0.8419
0.7954
0.7969
0.9148
0.9154
0.6113
0.415
0.3773
0.4523
0.4575
0.7498
0.6283
0.7273
0.6815
0.6146
0.3744
0.4856
0.5565
0.646
0.5985
0.7106
0.9329
0.8367
0.8194
0.8119
0.7517
0.7688
0.8421
0.7869
0.7485
0.7538
0.695
0.7
0.5633
0.6065
0.6894
0.7325
0.6231
0.7196
0.8456
0.5779
0.3381
0.5523
0.4081
0.3813
0.4925
0.5556
0.6802
0.65
0.4375
0.6308
0.7623
0.4915
0.8008
0.8154
0.4196
0.8223
0.9546
0.7877
0.6864
0.7206
0.5709
0.6146
0.3069
0.6117
0.5744
0.4392
0.5856
0.6356
0.6838
0.7777
0.7238
0.4194
0.6663
0.6767
0.6452
0.7213
0.7108
0.6175
0.7823
0.7473
0.5921
0.411
0.5398
0.5296
0.6188
0.726
0.7148
0.7438
0.6783
0.6725
0.6894
0.4133
0.3563
0.4258
0.4735
0.6523
0.6075
0.4242
0.4625
0.6056
0.6988
0.8656
0.8667
0.847
0.6919
0.7706
0.7027
0.7013
0.82
0.6638
0.3935
0.3352
0.6146
0.9377
0.6756
0.6185
0.5588
0.4892
0.5277
0.649
0.5823
0.6002
0.8408
0.8542
0.8627
0.8027
0.5838
0.5744
0.8167
0.6329
0.5906
0.8104
0.8494
0.5098
0.584
0.6315
0.5417
0.5823
0.6092
0.5717
0.516
0.4308
0.4556
0.5335
0.5154
0.48
0.6715
0.4446
0.4729
0.3958
0.4971
0.5219
0.7521
0.8817
0.8367
0.8913
0.9342
0.8052
0.6742
0.7585
0.7202
0.6242
0.5725
0.576
0.6467
0.7963
0.814
0.6925
0.6106
0.5819
0.6158
0.7979
0.9206
0.7298
0.7167
0.7994
0.7658
0.8015
0.6798
0.6033
0.3977
0.3506
0.3838
0.4858
0.8148
0.8394
0.7363
0.6163
0.6475
0.4796
0.4696
0.4694
0.6102
0.7294
0.7573
0.6329
0.759
0.8252
0.6231
0.5848
0.5754
0.5677
0.6056
0.535
0.4908
0.5527
0.8467
0.686
0.7154
0.7433
0.655
0.6021
0.5125
0.4567
0.4281
0.4513
0.4129
0.4198
0.4783
0.7044
0.6504
0.6192
0.3702
0.4375
0.5152
0.5096
0.6408
0.6975
0.7017
0.7619
0.6217
0.7127
0.751
0.6248
0.6731
0.7258
0.7629
0.8156
0.6883
0.714
0.7067
0.7481
0.6573
0.5358
0.4748
0.5221
0.6133
0.5563
0.5242
0.4655
0.4898
0.4642
0.6131
0.5338
0.4688
0.5102
0.5979
0.5906
0.4956
0.4913
0.4952
0.6133
0.7919
0.7077
0.5713
0.7085
0.8192
0.6942
0.6315
0.5148
0.5492
0.6848
0.649
0.7917
0.6783
0.7019
0.729
0.6269
0.6017
0.594
0.4746
0.481
0.4985
0.4456
0.4894
0.5279
0.5819
0.8908
0.8619
0.7277
0.8565
0.6838
0.6696
0.6617
0.6396
0.6679
0.6342
0.606
0.6204
0.4696
0.4998
0.5154
0.5277
0.6298
0.6604
0.6281
0.5571
0.5138
0.5627
0.7819
0.7148
0.6665
0.6346
0.8556
0.9208
0.7981
0.6027
0.6554
0.7181
0.756
0.6369
0.5995
0.6113
0.6013
0.6419
0.7225
0.695
0.6758
0.6628
0.7135
0.75
0.7323
0.7535
0.7863
0.7188
0.7823
0.7621
0.6746
0.5588
0.5615
0.4285
0.4346
0.5454
0.5869
0.6594
0.684
0.6571
0.5815
0.7138
0.7646
0.7008
0.588
0.4346
0.5064
0.5217
0.4888
0.6367
0.6077
0.9175
0.7781
0.5423
0.4096
0.7435
0.5875
0.3985
0.405
0.4102
0.4042
0.4848
0.5388
0.5906
0.6513
0.5035
0.5688
0.6429
0.6442
0.5427
0.5148
0.5308
0.6215
0.6427
0.575
0.6229
0.6344
0.6119
0.5983
0.5785
0.5171
0.7265
0.7427
0.8758
0.3517
0.4452
0.5708
0.6571
0.8413
0.861
0.8192
0.7846
0.799
0.7083
0.7092
0.7477
0.7879
0.8858
0.8529
0.8698
0.745
0.8696
0.8358
0.8348
0.7648
0.7371
0.7294
0.806
0.9379
0.9056
0.8687
0.8822
0.8569
0.9617
0.9625
0.8138
0.6174
0.8593
0.6688
0.5146
0.5669
0.5429
0.59
0.7425
0.7721
0.6929
0.7085
0.9021
0.6352
0.6671
0.7377
0.8102
0.8235
0.7671
0.864
0.789
0.7565
0.6817
0.6179
0.6458
0.698
-99
-99
0.6569
0.6381
0.4702
0.6346
0.7292
0.6244
0.6035
0.6838
0.7227
0.6283
0.6979
0.8033
0.6758
0.6229
0.6463
0.729
0.674
0.4254
0.5331
0.4896
0.506
0.4327
0.4694
0.5602
0.5352
0.5223
0.379
0.3013
0.409
0.5031
0.5683
0.5788
0.724
0.7877
0.5825
0.4973
0.631
0.6029
0.486
0.5835
0.4954
0.8535
0.7833
0.6658
0.796
0.899
0.5781
0.4992
0.5642
0.5885
0.6567
0.6477
0.6
0.759
0.775
0.5642
0.581
0.6102
0.471
0.4119
0.3025
0.5021
0.8694
0.8156
0.839
0.6744
0.8467
0.6179
0.6152
0.3571
0.4613
0.6527
0.5771
0.5863
0.399
0.3671
0.4202
0.523
0.5838
0.5481
0.629
0.6173
0.5565
0.6177
0.5973
0.5504
0.3825
0.3383
0.3217
0.4283
0.525
0.5879
0.6327
0.7044
0.5667
0.6413
0.6569
0.6613
0.8083
0.6525
0.7658
0.795
0.7417
0.5804
0.4494
0.5192
0.5348
0.6048
0.6094
0.5269
0.4273
0.3456
0.3294
0.3596
0.554
0.6131
0.616
0.505
0.349
0.4438
0.5331
0.6154
0.6092
0.531
0.4646
0.5338
0.711
0.8683
0.7627
0.7179
0.6771
0.6775
0.759
0.5354
0.7744
0.7867
0.9025
0.6485
0.5663
0.5644
0.8281
0.6263
0.4519
0.4506
0.4415
0.4738
0.6554
0.6923
0.5981
0.6013
0.5471
0.4877
0.501
0.6898
0.5381
0.4396
0.4513
0.5117
0.7377
0.605
0.5715
0.8348
0.5104
0.461
0.4946
0.7285
0.7827
0.6435
0.604
0.6875
0.6333
0.6375
0.6433
0.6585
0.4827
0.5994
0.6827
0.5888
0.4996
0.5252
0.525
0.4869
0.5702
0.724
0.8908
0.775
0.9108
0.7706
0.7025
0.6377
0.5942
0.6263
0.5867
0.7263
0.7858
0.6748
0.4938
0.5056
0.6044
0.7465
0.83
0.7642
0.7492
0.7986
0.5885
0.6323
0.5875
0.6348
0.6217
0.7765
0.7469
0.7113
0.7838
0.7825
0.7481
0.6935
0.6902
0.8031
0.7419
0.7596
0.6627
0.6483
0.6677
0.8452
0.8454
0.841
0.7694
0.735
0.7021
0.7169
0.8167
0.7773
0.7815
0.7294
0.7458
0.9044
0.7694
0.8713
0.8717
0.853
0.8119
0.8054
0.7738
0.6892
0.7048
0.6842
0.5244
0.215
0.3346
0.4552
0.6294
0.6829
0.7358
0.7379
0.76
0.7442
0.7183
0.7883
0.7919
0.8177
0.9035
0.7227
0.6529
0.6785
0.766
0.8729
0.8506
0.9529
0.895
0.8025
0.939
0.8244
0.7844
0.7663
0.8075
0.7729
0.7431
0.7969
0.8296
0.8169
0.7531
0.9417
0.9665
0.9098
0.8544
0.911
0.9263
0.6275
0.7038
0.7785
0.8435
0.704
0.591
0.4575
0.5921
0.5506
0.5904
0.6479
0.7054
0.7442
0.749
0.934
0.8069
0.7567
0.6783
0.819
0.7958
0.7335
0.6356
0.6438
0.6483
0.6681
0.5054
0.7465
0.4938
0.2021
0.3213
0.3615
0.4246
0.5433
0.5377
0.5508
0.4625
0.5952
0.7029
0.6802
0.6063
0.6167
0.534
0.409
0.5248
0.7079
0.7056
0.8833
0.8644
0.7675
0.8977
0.8948
0.8117
0.6738
0.3938
0.3035
0.189
0.4033
0.4654
0.5621
0.6858
0.8854
0.72
0.7908
0.7154
0.7592
0.434
0.2683
0.4598
0.6321
0.5092
0.4629
0.5365
0.5256
0.705
0.7348
0.6729
0.6885
0.4604
0.4498
0.5121
0.6433
0.6125
0.5879
0.6244
0.5783
0.7663
0.8896
0.6163
0.4971
0.5363
0.7035
0.6821
0.7142
0.7504
0.3504
0.3479
0.3513
0.326
0.3885
0.4175
0.4608
0.5298
0.7246
0.595
0.6473
0.6927
0.6098
0.6
0.5242
0.491
0.6558
0.8183
0.8675
0.7935
0.3856
0.3827
0.4156
0.4673
0.4177
0.3575
0.3394
0.266
0.314
0.4442
0.4154
0.4252
0.575
0.6052
0.4275
0.3656
0.4152
0.5233
0.5258
0.4694
0.4263
0.3823
0.7846
0.8052
0.7229
0.7971
0.7042
0.5838
0.6396
0.579
0.5527
0.649
0.8098
0.6492
0.4123
0.6923
0.6233
0.5867
0.6321
0.5758
0.4898
0.3906
0.4427
0.45
0.471
0.4146
0.4275
0.3525
0.3263
0.3348
0.2873
0.3442
0.3058
0.369
0.441
0.8858
0.5192
0.3896
0.3635
0.4177
0.4246
0.4954
0.394
0.3229
0.4263
0.5856
0.8135
0.7485
0.6342
0.5156
0.6454
0.5163
0.3894
0.4898
0.5427
0.6002
0.6856
0.8854
0.7819
0.6585
0.8465
0.6802
0.8038
0.6667
0.4185
0.4271
0.4021
0.3567
0.4283
0.5827
0.7704
0.6283
0.5638
0.456
0.44
0.4546
0.4581
0.4046
0.4006
0.3854
0.369
0.3056
0.2735
0.2944
0.2773
0.3885
0.4381
0.3898
0.4379
0.5063
0.4104
0.3506
0.3838
0.4227
0.491
0.4969
0.4681
0.5775
0.7646
0.7419
0.6783
0.5379
0.5192
0.4485
0.4623
0.5177
0.5113
0.8546
0.8921
0.771
0.6138
0.5346
0.6323
0.5715
0.4865
0.4648
0.8354
0.665
0.5079
0.5638
0.581
0.59
0.7148
0.7602
0.6194
0.7215
0.8571
0.7244
0.6342
0.6019
0.7642
0.7079
0.5952
0.5408
0.5246
0.5142
0.521
0.5517
0.5008
0.5233
0.7083
0.7144
0.8096
0.9167
0.735
0.6244
0.6294
0.6415
0.6313
0.8365
0.7867
0.769
0.6798
0.6333
0.646
0.5754
0.5585
0.6033
0.5831
0.5625
0.5954
0.5754
0.4542
0.4306
0.3919
0.535
0.7835
0.6779
0.7985
0.8344
0.8098
0.7571
0.6465
0.6869
0.7456
0.6202
0.6235
0.6267
0.6465
0.6438
0.6171
0.65
0.8777
0.5571
0.5696
0.6915
0.7081
0.8125
0.8208
0.6248
0.4602
0.5615
0.6415
0.77
0.6075
0.8317
0.9144
0.8298
0.784
0.7685
0.75
0.6648
0.8279
0.8506
0.7967
0.7754
0.7398
0.7763
0.7927
0.815
0.7827
0.7154
0.6821
0.7575
0.7673
0.6442
0.6179
0.6429
0.6533
0.7135
0.7267
0.5579
0.515
0.4108
0.484
0.6031
0.6958
0.49
0.5181
0.5927
0.6819
0.6538
0.5779
0.5967
0.6352
0.7131
0.7758
0.785
0.7969
0.7883
0.7823
0.6544
0.6521
0.7
0.7483
0.7704
0.7485
0.7454
0.7213
0.7271
0.8229
0.8842
0.7792
0.6508
0.7379
0.7448
0.706
0.6504
0.7571
0.8165
0.8013
0.8327
0.8879
0.9354
0.8667
0.8963
0.9183
0.8658
0.8496
0.7917
0.7277
0.7935
0.6175
0.6813
0.6752
0.715
0.5408
0.515
0.4731
0.7148
0.7898
0.7556
0.7831
0.7527
0.6975
0.7433
0.7631
0.7408
0.7048
0.771
0.8131
0.8142
0.7908
0.6358
0.5948
0.6081
0.3985
0.4929
0.6519
0.6348
0.6921
0.8548
0.8321
0.8721
0.8575
0.7558
0.7148
0.3908
0.3704
0.6142
0.7971
0.6369
0.5619
0.4954
0.7021
0.6133
0.6479
0.6802
0.7248
0.914
0.6652
0.3338
0.3069
0.5277
0.4042
0.6985
0.789
0.6579
0.514
0.3317
0.5869
0.4248
0.4181
0.4117
0.5092
0.7415
0.7073
0.6827
0.8633
0.709
0.8292
0.8013
0.7571
0.5773
0.3833
0.2342
0.5017
0.6621
0.559
0.5808
0.6813
0.546
0.4517
0.3569
0.5915
0.6129
0.8523
0.8204
0.6065
0.5263
0.4083
0.4892
0.5956
0.6242
0.6719
0.725
0.5879
0.5602
0.6402
0.6217
0.555
0.5433
0.5656
0.9079
0.856
0.7588
0.4875
0.4844
0.5533
0.6806
0.8725
0.6598
0.5927
0.3773
0.2735
0.4206
0.4688
0.529
0.5798
0.6235
0.7846
0.9713
0.8585
0.8421
0.8258
0.6356
0.5019
0.4823
0.569
0.574
0.701
0.5348
0.4944
0.5371
0.5883
0.4206
0.5396
0.5352
0.5294
0.5579
0.6327
0.6642
0.7377
0.5765
0.5183
0.5654
0.6281
0.785
0.6313
0.6925
0.6619
0.5627
0.4733
0.6158
0.791
0.5858
0.4969
0.441
0.554
0.6075
0.5417
0.6217
0.4179
0.4342
0.4404
0.4396
0.411
0.4346
0.5483
0.5544
0.5163
0.4848
0.5908
0.741
0.6435
0.5794
0.5006
0.4588
0.4985
0.5158
0.5
0.7169
0.5388
0.4838
0.619
0.6108
0.4281
0.3452
0.3079
0.355
0.4002
0.3608
0.3194
0.3985
0.4596
0.6479
0.5279
0.4523
0.4685
0.4848
0.6585
0.6358
0.4823
0.4465
0.5035
0.5079
0.4417
0.4233
0.4563
0.3629
0.321
0.311
0.3754
0.6017
0.4985
0.4121
0.4381
0.4608
0.4356
0.4358
0.5173
0.7013
0.6629
0.5394
0.644
0.5958
0.4427
0.4356
0.3977
0.3742
0.4308
0.4402
0.4202
0.6994
0.6892
0.5756
0.5815
0.5281
0.5733
0.525
0.3479
0.306
0.4854
0.6121
0.6415
0.6713
0.5569
0.5683
0.6248
0.7679
0.6469
0.5404
0.4856
0.434
0.504
0.5969
0.5535
0.6146
0.7452
0.7088
0.8419
0.7829
0.6571
0.5175
0.5996
0.5915
0.5856
0.6983
0.6544
0.7148
0.7992
0.8181
0.7171
0.6933
0.6735
0.6319
0.6271
0.8483
0.9683
0.8958
0.7529
0.7094
0.7983
0.7713
0.7577
0.7592
0.6813
0.7844
0.8367
0.811
0.8821
0.8415
0.6667
0.6754
0.6494
0.5844
0.671
0.7363
0.7113
0.6554
0.8717
0.9669
0.7815
0.8381
0.6529
0.6319
0.7113
0.6585
0.7196
0.7054
0.5215
0.6067
0.6702
0.7452
0.8296
0.8075
0.8098
0.9592
0.9602
0.8023
0.9154
0.8
0.9202
0.9548
0.9463
0.8704
0.8229
0.8248
0.7392
0.689
0.769
0.9485
0.8858
0.8408
0.7879
0.739
0.7304
0.7496
0.6631
0.6192
0.7331
0.8023
0.9304
0.8017
0.7781
0.6619
0.629
0.8342
0.8488
0.8325
0.8277
0.7198
0.634
0.6969
0.5796
0.5452
0.6544
0.7323
0.7202
0.6127
0.626
0.6546
0.3729
0.3542
0.4877
0.489
0.539
0.5833
0.619
0.675
0.5598
0.5046
0.7621
0.7935
0.3346
0.541
0.6046
0.6275
0.6321
0.531
0.5798
0.3233
0.6138
0.9206
0.96
0.9469
0.8606
0.8173
0.7756
0.7479
0.8417
0.9279
0.8485
0.8138
0.6888
0.74
0.3581
0.4733
0.6608
0.7348
0.6656
0.6569
0.8202
0.775
0.7475
0.715
0.691
0.735
0.6458
0.6296
0.6331
0.6969
0.501
0.4923
0.6465
0.6965
0.7627
-99
0.5338
0.6385
0.7758
0.7188
0.5025
0.4304
0.52
0.421
0.2877
0.411
0.7038
0.574
0.4629
0.5417
0.5852
0.539
0.5
0.4813
0.5831
0.6852
0.6229
0.6617
0.8025
0.9608
0.7285
0.8738
0.7315
0.6506
0.5954
0.6815
0.6246
0.506
0.5146
0.4929
0.4396
0.3948
0.4621
0.5338
0.5485
0.5952
0.5021
0.451
0.5488
0.5044
0.6238
0.5469
0.5269
0.4165
0.3456
0.3981
0.481
0.4375
0.4098
0.4025
0.6758
0.876
0.7079
0.544
0.64
0.8248
0.5788
0.7021
0.7479
0.6463
0.62
0.5642
0.4521
0.4619
0.5294
0.6542
0.8921
0.6981
0.5663
0.5542
0.5467
0.5113
0.5152
0.7171
0.6452
0.5685
0.5271
0.6077
0.6123
0.4831
0.4969
0.4619
0.476
0.4652
0.4817
0.6904
0.7575
0.7029
0.6815
0.8333
0.9306
0.7373
0.5948
0.5658
0.5375
0.5383
0.4683
0.414
0.4273
0.3992
0.3546
0.4363
0.4702
0.3196
0.3658
0.4177
0.5617
0.7008
0.6231
0.5517
0.4717
0.5208
0.7091
0.6346
0.6848
0.5506
0.6235
0.5417
0.3723
0.3935
0.406
0.3942
0.384
0.3633
0.4806
0.6369
0.7623
0.5902
0.4631
0.4621
0.5165
0.3496
0.3646
0.4621
0.4738
0.4352
0.5365
0.6767
0.5873
0.6227
0.4673
0.3877
0.4269
0.425
0.5029
0.5038
0.43
0.3573
0.4192
0.4221
0.3821
0.4483
0.4954
0.6604
0.6556
0.5625
0.7713
0.5846
0.4898
0.4865
0.5038
0.4977
0.5433
0.5602
0.5208
0.5115
0.5588
0.4838
0.3921
0.421
0.4581
0.4958
0.4038
0.4292
0.5908
0.6004
0.5621
0.6492
0.9156
0.669
0.4167
0.489
0.5858
0.5746
0.6208
0.4988
0.481
0.765
0.5596
0.5015
0.5635
0.5119
0.5798
0.9091
0.8183
0.7077
0.6831
0.489
0.4996
0.5367
0.7885
0.7502
0.6804
0.75
0.7088
0.6829
0.6883
0.6919
0.8665
0.8679
0.774
0.7496
0.6894
0.6485
0.4238
0.4721
0.616
0.5758
0.5917
0.5667
0.5631
0.5546
0.61
0.7179
0.6819
0.6581
0.8752
0.9127
0.826
0.8252
0.6573
0.5575
0.6592
0.6423
0.6496
0.5744
0.4842
0.4313
0.6256
0.7315
0.7838
0.8217
0.7704
0.9527
0.6806
0.5571
0.4744
0.5435
0.5252
0.5127
0.6519
0.5758
0.3246
0.1998
0.3906
0.5546
0.5158
0.5648
0.4298
0.555
0.6204
0.5944
0.564
0.6135
0.5527
0.4054
0.4913
0.5546
0.6379
0.4213
0.4744
0.5563
0.3667
0.4865
0.5708
0.5735
0.5977
0.4565
0.464
0.7796
0.8815
0.7583
0.7279
0.719
0.6548
0.564
0.5556
0.794
0.8017
0.8298
0.7206
0.6515
0.7342
0.7471
0.7533
0.8475
0.91
0.8502
0.9575
0.8744
0.8342
0.6354
0.7888
0.7204
0.7021
0.8206
0.8471
0.9729
0.9719
0.9244
0.8427
0.7817
0.6935
0.77
0.9306
0.8446
0.8356
0.5623
0.6388
0.6271
0.6406
0.846
0.7006
0.5558
0.7426
0.7819
0.7713
0.6225
0.7544
0.7658
0.76
0.7608
0.8033
0.5321
0.5158
0.9046
0.9765
0.7756
0.5796
0.6246
0.6496
0.4683
0.6313
0.5344
0.5777
0.7963
0.7785
0.9242
0.8508
0.6119
0.7269
0.6415
0.479
0.4498
0.5465
0.6073
0.5427
0.4719
0.5154
0.9533
0.9633
0.6096
0.7446
0.8515
0.8713
0.8225
0.7227
0.6865
0.6917
0.871
0.816
0.7777
0.7721
0.7852
0.7485
0.7369
0.8227
0.679
0.7102
0.48
0.334
0.2606
0.504
0.8885
0.8583
0.695
0.5517
0.5771
0.5313
0.571
0.5252
0.4863
0.5323
0.5904
0.6633
0.614
0.6515
0.9298
0.9421
0.799
0.8452
0.9321
0.7838
0.9063
0.9346
0.694
0.8133
0.7008
0.6106
0.6448
0.668
0.6169
0.5998
0.7138
0.6413
0.5994
0.654
0.7004
0.7646
0.8002
0.676
0.6704
0.5006
0.5615
0.4596
0.6731
0.7308
0.7835
0.7298
0.6748
0.706
0.6583
0.7948
0.6442
0.5583
0.5831
0.5823
0.5967
0.7256
0.7969
0.8504
0.8263
0.76
0.6746
0.6688
0.6556
0.5773
0.5827
0.7835
0.8742
0.93
0.8296
0.7333
0.8463
0.8906
0.7594
0.8817
0.925
0.8425
0.7373
0.679
0.8813
0.6767
0.7156
0.5708
0.4569
0.6092
0.6481
0.5694
0.4704
0.5383
0.5692
0.6555
0.5533
0.6015
0.6283
0.59
0.545
0.6396
0.7204
0.7181
0.6004
0.5717
0.5819
0.4892
0.471
0.5908
0.5998
0.6671
0.7279
0.7419
0.7192
0.7198
0.6844
0.6188
0.5467
0.469
0.6104
0.521
0.58
0.5673
0.5692
0.659
0.6338
0.5383
0.709
0.6794
0.6233
0.4998
0.5102
0.5504
0.5317
0.56
0.5546
0.516
0.4783
0.3946
0.5619
0.6975
0.739
0.7621
0.8463
0.7279
0.7406
0.7508
0.7256
0.6536
0.5479
0.6842
0.871
0.734
0.6663
0.6027
0.635
0.6956
0.7177
0.6088
0.645
0.6192
0.596
0.6335
0.7313
0.7927
0.7167
0.6177
0.5521
0.6058
0.7708
0.816
0.8527
0.7513
0.7375
0.7098
0.7946
0.6717
0.6854
0.6977
0.6981
0.7175
0.7915
0.7833
0.7967
0.7469
0.6458
0.6402
0.6473
0.5779
0.5863
0.6252
0.6446
0.6481
0.5169
0.5594
0.6054
0.4094
0.3346
0.369
0.4994
0.6181
0.6713
0.7065
0.8746
0.804
0.8825
0.7767
0.7285
0.804
0.8698
0.9358
0.8446
0.8319
0.8527
0.699
0.8444
0.7804
0.5965
0.56
0.4196
0.5721
0.7506
0.8796
0.9383
0.7188
0.7381
0.961
0.881
0.7421
0.6485
0.7683
0.8619
0.8831
0.8629
0.9106
0.8563
0.8492
0.8825
0.83
0.8285
0.8052
0.9379
0.8809
0.8902
0.8008
0.8192
0.9646
0.9319
0.9015
0.9796
0.8948
0.9198
0.7319
0.5744
0.7469
0.8156
0.7744
0.7279
0.7733
0.8813
0.8608
0.8133
0.8258
0.8556
0.7863
0.5996
0.5754
0.675
0.7825
0.9515
0.7458
0.7531
0.9377
0.84
0.8788
0.7794
0.8173
0.8363
0.7923
0.85
0.825
0.8279
0.8152
0.8004
0.8017
0.6065
0.4385
0.4296
0.6294
0.3775
0.2648
0.3927
0.3663
0.1971
0.2265
0.4788
0.309
0.3585
0.3971
0.5525
0.5352
0.5235
0.4556
0.571
0.7558
0.751
0.7288
0.7221
0.6154
0.5256
0.8794
0.5833
0.45
0.6448
0.6163
0.8377
0.8865
0.7929
0.8127
0.8188
0.7569
0.3344
0.3081
0.646
0.7442
0.7548
0.7375
0.7021
0.6658
0.3988
0.5358
0.5442
0.5163
0.4323
0.4183
0.4348
0.5777
0.5203
0.7223
0.6258
0.4692
0.4529
0.5988
0.6263
0.56
0.4427
0.4656
0.5642
0.4604
0.4852
0.4948
0.5977
0.7727
0.6375
0.624
0.6729
0.5879
0.3365
0.4698
0.4569
0.3354
0.4713
0.4027
0.4
0.265
0.4281
0.3938
0.4348
0.4919
0.4788
0.421
0.3908
0.1633
0.2548
0.425
0.5767
0.5931
0.6285
0.7275
0.7221
0.8613
0.5892
0.7365
0.8569
0.7677
0.7248
0.8185
0.6677
0.5823
0.3702
0.3167
0.4644
0.685
0.771
0.6617
0.6573
0.4027
0.5146
0.7067
0.6227
0.7163
0.769
0.7629
0.6104
0.5708
0.5304
0.6738
0.5525
0.5985
0.9106
0.8948
0.5721
0.2971
0.4294
0.5681
0.7908
0.6346
0.6315
0.5394
0.2952
0.2798
0.4531
0.4488
0.6425
0.7958
0.7671
0.6171
0.6427
0.6904
0.5477
0.5406
0.8758
-99
0.5275
0.5506
0.4567
0.3931
0.4352
0.4806
0.5477
0.6488
0.6227
0.4833
0.5783
0.5656
0.4777
0.4944
0.5117
0.5473
0.8646
0.664
0.5479
0.6398
0.5658
0.5073
0.4604
0.4513
0.3848
0.6825
0.8317
0.624
0.5196
0.4863
0.4623
0.3898
0.3613
0.3421
0.311
0.3619
0.3706
0.5296
0.7356
0.6046
0.4788
0.3917
0.3731
0.7004
0.8285
0.6944
0.5719
0.515
0.5377
0.6765
0.4327
0.485
0.6969
0.6992
0.6288
0.5573
0.4948
0.4238
0.38
0.4165
0.4504
0.5604
0.8783
0.5904
0.5246
0.5913
0.5723
0.5321
0.5333
0.5335
0.5267
0.521
0.4692
0.6923
0.6277
0.4577
0.47
0.5544
0.594
0.5231
0.4906
0.5346
0.5029
0.5063
0.5415
0.604
0.8392
0.6535
0.556
0.5406
0.5908
0.5502
0.5588
0.7535
0.6838
0.7175
0.8063
0.6915
0.6727
0.6573
0.5133
0.5798
0.4513
0.3906
0.4425
0.5521
0.5542
0.6494
0.5321
0.5265
0.5152
0.5285
0.7265
0.6331
0.601
0.7675
0.8579
0.769
0.8292
0.7677
0.6825
0.6319
0.6548
0.6627
0.6554
0.7044
0.6304
0.584
0.6285
0.5348
0.5469
0.5681
0.6619
0.6706
0.3465
0.4813
0.7035
0.6444
0.6763
0.7279
0.7292
0.8885
0.765
0.7465
0.7165
0.7538
0.7446
0.9479
0.8694
0.9733
0.9296
0.8623
0.7856
0.7667
0.8019
0.8806
0.81
0.8042
0.7658
0.786
0.9429
0.7298
0.8873
0.7842
0.7867
0.9119
0.8946
0.7385
0.5767
0.58
0.615
0.6802
0.9454
0.9131
0.8081
0.8381
0.7304
0.7025
0.7804
0.7856
0.9173
0.8823
0.6208
0.7758
0.8735
0.8181
0.8083
0.8241
0.8108
0.8513
0.7729
0.7798
0.7825
0.7558
0.8592
0.87
0.8496
0.7798
0.395
0.6
0.7854
0.9708
0.9483
0.951
0.9988
0.9606
0.9338
0.9815
0.895
0.9363
0.769
0.6588
0.8629
0.8783
0.8383
0.7854
0.7502
0.8079
0.8185
0.8363
0.816
0.7621
0.7998
0.7865
0.6217
0.6621
0.7273
0.7117
0.7683
0.6802
0.5685
0.5752
0.6373
0.609
0.68
0.7065
0.6806
0.6288
0.4744
0.485
0.704
0.991
0.9992
0.9767
0.9683
0.9019
0.8915
0.8092
0.8042
0.8258
0.8438
0.7698
0.7415
0.7417
0.5129
0.4594
0.5054
0.6667
0.7931
0.8031
0.7848
0.8069
0.7804
0.7996
0.8038
0.7348
0.6867
0.6852
0.675
0.7569
0.7038
0.6906
0.6375
0.6163
0.6238
0.6554
0.4033
0.5219
0.6963
0.7715
0.6808
0.6827
0.7235
0.6471
0.7021
0.63
0.6219
0.6577
0.5623
0.6477
0.5785
0.5948
0.7977
0.7954
0.7335
0.9833
0.9231
0.8738
0.756
0.7106
0.7265
0.7502
0.8117
0.7433
0.8902
0.8108
0.696
0.7271
0.6231
0.8985
0.94
0.9319
0.8858
0.761
0.6798
0.6619
0.6802
0.8565
0.8523
0.739
0.6627
0.6806
0.6338
0.9083
0.7646
0.7221
0.7154
0.7069
0.699
0.8863
0.9254
0.9488
0.7629
0.855
0.8279
0.8846
0.9031
0.9375
0.7308
0.6831
0.6385
0.7496
0.6706
0.6167
0.649
0.5867
0.539
0.6431
0.5965
0.7096
0.9533
0.8635
0.7767
0.8219
0.9283
0.8721
0.7283
0.4879
0.4798
0.4665
0.5463
0.5965
0.5944
0.6367
0.6781
0.7073
0.6656
0.6513
0.6929
0.716
0.7283
0.7396
0.8556
0.8006
0.7992
0.8752
0.6691
0.766
0.9188
0.71
0.6356
0.6967
0.9402
0.719
0.6675
0.6565
0.6048
0.8742
0.7067
0.6948
0.7746
0.6896
0.586
0.5669
0.6575
0.7879
0.8575
0.7052
0.6413
0.69
0.7325
0.7444
0.6056
0.795
0.7454
0.6502
0.5856
0.5446
0.5694
0.6329
0.6263
0.6835
0.6858
0.7119
0.7548
0.6696
0.6921
0.6306
0.6094
0.5667
0.6092
0.6571
0.5663
0.4417
0.4867
0.6131
0.5885
0.5677
0.5567
0.469
0.4819
0.4835
0.416
0.4352
0.5215
0.5027
0.3721
0.4042
0.4681
0.4383
0.4765
0.7396
0.7431
0.5379
0.6615
0.5967
0.6267
0.6321
0.5698
0.4808
0.6065
0.564
0.4863
0.4213
0.4827
0.496
0.5227
0.5154
0.5148
0.585
0.7058
0.8383
0.786
0.6944
0.6079
0.6371
0.6008
0.6027
0.6231
0.6763
0.4394
0.6185
0.8971
0.7058
0.5904
0.609
0.5727
0.5623
0.5708
0.6267
0.7029
0.8923
0.8144
0.7244
0.8931
0.816
0.7231
0.6677
0.5808
0.6879
0.4798
0.6196
0.6769
0.6631
0.645
0.9104
0.8602
0.7992
0.7473
0.7385
0.7104
0.7706
0.769
0.7198
0.5683
0.5135
0.6773
0.8029
0.6017
0.5835
0.6879
0.6975
0.7423
0.9226
0.7213
0.9756
0.8485
0.8315
0.8079
0.7365
0.7752
0.8185
0.8571
0.7888
0.7267
0.7017
0.73
0.9394
0.9746
0.9381
0.9425
0.9733
0.9452
0.8929
0.8781
0.8485
0.8858
0.8602
0.8627
0.8583
0.8629
0.7556
0.834
0.7044
0.281
0.4742
0.6077
0.6588
0.7023
0.7965
0.9517
0.9898
0.9431
0.9192
0.8958
0.8506
0.417
0.6585
0.7817
0.7758
0.7604
0.8415
0.8304
0.5758
0.7152
0.9444
0.7821
0.7
0.8625
0.906
0.9321
0.8033
0.8538
0.8704
0.9306
0.8783
0.8906
0.8869
0.9306
0.7202
0.4019
0.5998
0.7594
0.7833
0.8056
0.7985
0.799
0.5402
0.381
0.6656
0.7606
0.6867
0.7496
0.5915
0.9098
0.9706
0.8792
0.8185
0.821
0.7248
0.451
0.4171
0.6033
0.5944
0.7154
0.8463
0.8875
0.805
0.8419
0.8113
0.7929
0.7404
0.8163
0.8638
0.8029
0.9383
0.7938
0.7521
0.7548
0.774
0.7856
0.6915
0.7881
0.8029
0.9567
0.9888
0.8283
0.76
0.964
0.8623
0.9104
0.8663
0.7148
0.7558
0.696
0.6519
0.6446
0.6123
0.8998
0.9179
0.8444
0.7475
0.6996
0.65
0.805
0.8108
0.8117
0.7977
0.8263
0.8348
0.9217
0.8675
0.7098
0.6031
0.6227
0.6881
0.845
0.7094
0.5513
