20000101
0.5763
0.3451
0.5415
0.5495
0.5663
0.3627
0.7461
0.9869
0.9822
1
0.7921
-99
-99
-99
-99
-99
-99
-99
0.3333
0.2361
0.2148
0.3456
1
0.9159
0.7113
0.8948
0.8634
0.79
0.6845
0.3463
0.2798
0.6006
1
0.3493
0.4058
0.5417
0.5865
0.6123
0.9107
0.6315
0.3807
0.9665
0.3253
0.7011
1
0.9923
0.9776
1
0.9785
0.9402
0.3228
0.2893
0.4911
0.6555
0.5883
0.5281
0.4876
0.5822
0.6252
0.9936
0.9843
0.443
0.4521
0.8385
0.4154
0.5245
0.6879
0.4417
0.4195
0.4218
0.5012
0.5622
0.8993
0.9282
0.999
0.7128
0.5909
0.7938
0.8805
0.8282
1
0.9628
1
1
0.9583
0.9553
0.9533
0.9972
0.9554
0.9587
1
0.9059
1
1
1
1
0.8957
0.5527
0.8207
0.9846
1
1
1
0.9492
1
0.9326
1
0.981
0.9422
0.9314
0.8895
0.9518
0.9033
0.9894
0.8715
0.8563
0.7791
0.9819
0.99
0.9783
0.9987
0.7338
0.7561
0.7746
0.8169
0.8907
0.922
0.9683
0.9289
0.9623
0.9587
1
0.8519
0.8423
0.7574
0.87
0.8753
0.9602
0.9815
0.912
0.9131
0.942
1
0.9128
0.8498
0.9933
0.9977
0.9358
0.9483
0.9942
0.7955
0.6864
0.6109
0.7809
0.7907
0.6021
0.9503
1
0.6181
0.7433
0.808
1
0.9948
0.9921
0.9996
1
0.7514
0.5295
0.4624
0.8424
0.7996
0.8693
0.8209
0.9491
1
0.654
0.7916
0.7358
0.6148
0.8562
0.818
0.9957
0.6583
0.655
0.783
0.8026
0.8348
0.6521
0.6889
0.983
0.6111
0.9958
1
0.9367
0.6851
0.9943
1
0.9087
0.9773
0.938
0.9404
0.96
0.8581
0.6566
0.8907
0.8779
0.9428
0.8007
0.7303
0.998
0.6885
0.694
0.6291
0.76
0.7982
0.9973
0.999
1
0.9996
0.8507
0.8234
0.6345
0.5447
0.6178
0.9451
0.898
0.8788
0.8605
0.7532
0.7129
0.5824
0.4927
0.4769
0.7502
0.7331
0.5145
0.6572
0.342
0.68
0.9913
0.8417
0.8616
0.9823
0.9462
0.7244
0.8809
0.9776
0.9411
0.44
0.5
0.7444
0.805
0.7798
0.7802
0.6305
0.7273
0.6887
0.6095
0.5126
0.5571
0.8249
0.9473
0.9836
0.9911
0.6273
0.7634
0.7153
0.6312
0.916
0.8429
0.9706
1
1
0.996
0.9838
0.9996
0.832
0.6478
0.9068
0.8784
0.4857
0.5589
0.7555
0.9957
1
1
1
1
1
1
0.8764
0.6217
0.8211
0.9977
1
1
1
0.9293
0.9336
0.988
0.4112
0.6413
0.986
0.9994
0.9973
0.995
1
0.9998
0.9625
1
1
1
1
1
1
0.987
1
1
1
0.9502
0.5898
1
0.9987
0.9746
1
0.9408
1
1
0.9968
0.9372
0.8477
0.808
0.4212
0.8278
1
0.9824
1
0.9689
0.9151
0.9361
1
1
1
1
0.9619
0.8968
0.3415
0.6772
0.9465
1
0.9631
0.8903
0.7644
0.8778
0.5505
0.9848
1
1
1
1
1
1
1
1
1
0.9846
1
1
1
1
1
1
-99
-99
-99
-99
-99
1
1
1
1
1
1
1
1
1
0.92
0.6185
1
1
-99
-99
-99
-99
1
0.8777
1
0.8652
0.5167
0.829
0.8683
0.9692
0.9538
0.9491
1
0.9958
0.9227
0.4459
0.339
0.8069
1
0.9885
0.6337
0.5856
0.9614
0.5246
0.2971
0.3611
0.4143
0.6808
1
1
0.7916
0.9916
1
0.996
1
1
1
0.9712
0.9646
0.9992
0.9996
0.9391
0.982
0.9063
0.9971
0.971
0.5906
0.8324
0.8556
1
0.9268
0.9253
0.9659
1
0.9317
0.6613
0.6706
0.9867
0.9713
0.9782
0.9938
1
0.8553
0.9194
0.8248
0.9452
0.9
0.9772
0.6709
-99
-99
-99
0.9889
0.9279
1
0.9085
0.8973
0.5596
0.5105
0.8341
0.9561
1
0.9785
1
1
1
0.8148
0.9637
0.9267
0.82
0.9378
0.8033
0.9668
1
1
0.9973
0.9462
0.9977
1
0.9996
1
0.8772
0.9788
1
0.9666
0.8238
0.9391
0.9633
0.8861
0.9893
1
0.9104
0.4913
0.9033
0.8558
0.9443
0.9545
0.9593
0.64
0.5787
0.8056
0.5224
0.43
0.74
0.8564
0.9597
0.5377
0.5826
0.7046
0.7588
1
0.7845
0.735
0.9276
1
0.6676
0.7781
0.8424
0.8461
0.8392
0.9717
0.9929
0.7953
0.3438
0.3914
0.4681
0.4018
0.4965
0.525
0.3995
0.4122
0.8277
0.6791
0.4714
0.6545
0.6897
0.6811
0.816
0.9548
0.9714
1
0.8303
0.9421
0.9859
0.9626
0.9286
0.9241
0.9804
0.9106
0.9962
0.9465
0.9675
0.8927
0.9925
0.7174
0.5449
0.5833
0.6092
0.8382
0.9504
0.9107
0.7691
0.7943
0.9032
0.7756
0.7165
0.5275
0.5778
0.9439
0.8627
0.565
0.8474
0.6689
0.9254
0.9988
0.937
0.4613
0.8129
0.7417
0.8856
0.9035
0.9482
0.9034
0.8325
0.8387
0.6531
0.7478
0.6805
0.6879
0.7383
0.5536
0.6847
0.64
0.4639
0.7513
0.9707
0.9786
0.9619
0.5097
0.767
1
0.6489
0.4829
0.9314
0.6653
0.6561
0.5982
0.4295
0.6271
0.3703
0.9281
0.2869
0.3931
0.8818
0.8933
0.8373
0.9829
0.96
1
1
0.9583
0.9935
0.8279
0.7642
0.9773
1
0.9587
0.9123
0.962
0.9973
0.9478
0.9525
0.9835
0.9878
1
0.9996
0.9793
0.968
0.7981
0.946
0.9661
0.927
0.9343
0.997
0.9563
1
1
1
0.8621
1
0.6606
0.5739
0.7535
0.9163
0.7978
0.6069
0.3825
0.5893
0.5921
0.7967
0.8955
0.7858
0.9706
0.5873
0.8277
0.6951
1
0.9977
0.6453
0.732
1
1
1
1
1
1
1
0.6629
0.6334
0.3603
0.701
0.6375
0.995
0.9294
0.7478
0.85
0.71
0.8625
0.9473
0.8794
0.6137
0.3947
0.5214
0.3432
0.6455
0.4683
0.7325
1
0.3034
0.2397
0.2951
0.6487
1
0.5574
0.2634
0.6541
0.4009
0.7756
0.2003
0.2454
0.7983
0.2103
0.2778
0.885
0.9877
0.4603
0.3478
0.9643
1
1
1
1
1
0.8744
0.3332
0.4005
0.9589
0.965
0.9532
0.5976
0.5535
0.7663
1
0.6845
0.739
0.2097
0.4367
0.4325
0.329
0.5049
0.8922
0.9843
1
0.4197
0.5937
0.1944
0.2808
0.3082
0.3046
0.6023
0.4546
0.27
0.5162
0.8797
0.8989
1
0.5465
0.5647
0.4441
0.3322
0.3788
0.4747
0.4715
1
1
1
1
0.9973
0.9288
0.5063
0.9968
0.6597
1
1
0.8593
0.4277
0.6059
0.9748
1
1
1
0.9421
1
1
1
0.7081
0.6886
0.5517
0.9303
1
0.8838
1
1
1
1
0.9435
0.8914
0.6153
0.4828
0.7079
0.8897
0.325
0.2456
0.3036
0.5734
0.9896
0.9972
0.8765
0.771
0.8659
0.9679
1
1
0.864
1
1
1
0.9578
1
1
1
1
1
1
1
0.6188
0.9074
0.8285
0.5212
0.6742
0.4262
0.6752
0.8194
0.8006
0.8043
0.7218
0.7531
0.9607
0.824
1
1
1
0.9586
0.8646
1
1
1
1
1
1
0.963
0.9059
0.8543
0.8335
0.808
0.7909
0.9688
0.7765
0.8114
0.8832
0.9967
1
0.8382
0.9928
0.9617
0.994
0.8171
0.9542
0.9127
0.783
0.9011
0.7086
0.8908
0.9755
1
1
0.9741
1
0.9896
0.7744
0.7833
0.7437
0.7537
0.6276
0.6491
0.5453
0.5577
0.5728
0.6317
0.6917
0.5707
0.6612
0.53
0.6944
0.89
0.7347
0.6145
1
0.9896
1
1
0.9937
0.9689
0.9528
0.7888
0.9236
0.6242
0.8222
0.9181
0.9494
0.9892
0.9915
0.9956
1
1
1
0.9865
0.8894
0.4367
0.6436
0.6655
0.7513
0.9996
0.9975
0.9962
0.8967
0.74
0.4844
0.595
0.8603
1
0.9245
0.9958
0.9288
0.946
0.8858
0.9089
0.6506
1
0.9965
0.976
1
0.5974
0.3973
0.5603
0.6495
0.7308
0.7797
0.8532
0.9703
0.8745
0.9706
0.9824
0.9962
1
1
1
0.9984
1
1
0.9617
1
0.9728
0.9923
0.9107
0.9394
1
0.9325
0.9522
1
0.9654
0.8134
0.4912
1
0.9769
0.7749
0.6583
0.9807
1
1
0.9988
0.9737
0.9992
0.9992
1
0.9039
0.6285
0.6856
0.5527
0.4026
0.5213
0.9707
0.99
1
1
0.9921
0.7784
0.2945
0.5297
0.8377
1
1
1
0.8044
0.7263
0.9789
0.975
0.9804
0.9879
0.7643
0.6558
0.8244
1
1
0.9954
0.9374
0.9874
0.9163
0.763
0.9836
0.6091
0.9013
0.9998
0.7356
0.7142
0.9654
0.993
0.7802
0.8914
1
0.9988
0.9904
0.9634
0.9675
1
-99
-99
-99
-99
-99
-99
-99
-99
-99
-99
-99
-99
-99
-99
-99
-99
-99
-99
-99
-99
-99
-99
-99
-99
-99
-99
-99
-99
-99
-99
-99
-99
-99
0.5723
0.7751
1
1
1
0.8035
0.8689
0.7816
0.91
0.9244
1
1
1
0.8036
0.8052
0.9992
0.9531
1
1
0.9967
0.7952
0.9874
0.508
0.9954
1
1
0.9757
0.2585
0.3105
0.6598
0.5352
0.8407
0.7654
0.6545
0.9996
0.812
1
1
1
0.972
0.2683
0.9052
0.999
0.9139
1
1
1
0.9161
1
0.926
1
1
0.3916
0.5223
0.7382
0.7634
0.7749
0.5818
1
1
0.9361
0.778
0.7426
0.7248
0.9173
0.9987
1
1
1
1
1
1
1
1
1
1
0.9964
1
0.4031
0.7549
0.9582
0.4693
0.7193
0.2956
0.6164
0.5846
0.4767
0.618
0.8404
0.8165
0.9718
0.643
0.6975
0.7646
0.6765
0.5105
0.8776
0.6474
0.7802
0.784
0.7507
1
1
0.999
1
1
0.9641
0.9817
1
1
0.5718
0.7813
0.7776
1
1
0.9673
1
0.9894
0.9611
0.9943
0.9824
1
0.9889
0.816
0.9911
1
0.9571
0.9249
0.8668
0.8975
0.9339
1
0.8502
0.9772
0.8493
0.8891
0.8909
0.897
0.8216
0.7018
0.8904
1
1
1
0.9589
0.9915
0.9713
0.8965
0.9973
0.7018
0.9335
0.9234
0.9738
0.9802
0.9613
0.9327
0.815
0.8275
0.4679
0.8697
-99
-99
-99
-99
-99
-99
-99
-99
-99
-99
-99
-99
-99
-99
-99
-99
-99
-99
-99
-99
-99
-99
-99
-99
0.6081
0.4605
0.4002
0.4384
0.288
0.3924
0.4814
0.5853
0.5684
0.7166
0.8014
0.6205
0.8195
0.7838
0.7888
0.8323
0.7458
0.7927
0.7077
0.6551
0.6791
0.7217
0.7495
0.5945
0.5861
0.5281
0.6136
0.6348
0.7088
0.5058
0.4483
0.3849
0.5488
0.5007
0.519
0.6431
0.69
0.7491
0.6821
0.7577
0.6496
0.5851
0.5509
0.379
0.2975
0.4078
0.5035
0.5016
0.4814
0.4702
0.5293
0.64
0.5318
0.5043
0.4388
0.4176
0.424
0.4647
0.4302
0.704
0.8456
0.6248
0.5485
0.6798
0.7843
0.7693
0.6898
0.5815
0.6636
0.648
0.6925
0.7225
0.8
0.7359
0.9002
0.9579
0.9928
0.9019
0.9984
0.8832
0.9012
0.9754
0.8493
0.977
0.7455
0.7264
0.7128
0.3883
0.5569
0.766
0.395
0.3837
0.615
0.7686
0.7279
0.7058
0.8932
0.946
0.7031
0.7438
0.7814
0.9716
0.9324
0.9443
1
0.9433
0.9417
0.9417
0.9882
0.8975
0.2557
0.627
0.9804
0.6595
0.2798
0.576
0.9898
0.9227
0.921
0.8502
0.9562
0.9821
0.9644
1
1
0.943
0.9996
0.92
0.8329
0.31
-99
-99
1
0.9983
0.9761
1
1
-99
0.5816
0.5957
0.5647
0.2471
0.1527
0.5198
0.9915
0.996
0.9992
0.9573
0.7315
0.4861
0.9952
1
0.8992
0.4376
0.5095
0.6027
0.9515
1
1
0.996
0.9939
0.7534
0.9814
0.98
-99
-99
0.9956
0.9875
-99
0.97
0.7678
-99
-99
-99
-99
0.4086
0.2
0.9633
-99
-99
0.3594
-99
0.3006
0.7771
-99
-99
-99
-99
-99
-99
-99
-99
-99
-99
-99
-99
-99
-99
-99
-99
-99
-99
-99
0.2633
0.332
0.8965
0.7421
0.4932
-99
0.4331
0.9184
0.5005
0.4693
0.855
-99
-99
-99
1
0.5383
0.8658
0.8519
-99
0.9727
0.9309
0.9419
0.7668
0.7141
0.8513
0.553
0.3893
0.3207
0.3285
0.2817
0.4255
0.7605
0.0922
0.0722
-99
-99
0.2985
0.6453
-99
-99
0.9475
0.5352
-99
-99
-99
-99
-99
0.8872
-99
-99
-99
0.885
-99
0.8741
-99
0.5441
-99
-99
-99
-99
-99
-99
0.3785
0.6324
0.3848
0.9946
0.9906
0.8067
0.5863
0.4658
0.3514
0.5877
0.7115
0.7266
0.7964
0.9424
0.9468
0.9183
0.8473
0.8498
0.9491
0.943
0.7845
0.9882
0.9866
0.9714
0.9583
0.7037
0.5145
0.6668
0.3859
0.9374
0.9791
0.9334
0.9456
0.9441
0.954
0.9488
0.9202
0.8271
0.8488
0.9896
0.9754
0.8069
0.7942
0.7819
0.9979
1
0.8395
0.4042
0.6498
0.9117
1
0.9918
0.9598
0.9433
0.953
0.9909
0.9691
0.9583
0.8788
0.895
0.8504
0.667
0.9437
0.9977
0.9996
0.9626
0.7809
0.7193
0.5474
0.6591
0.6809
0.6336
0.6829
0.7149
0.8671
0.7707
0.6933
0.786
0.8112
0.7452
0.4933
0.6693
0.9016
0.8502
-99
-99
-99
-99
-99
-99
-99
-99
-99
-99
-99
-99
-99
-99
-99
-99
-99
-99
-99
-99
-99
-99
-99
-99
-99
-99
-99
-99
-99
-99
-99
-99
-99
-99
-99
-99
-99
-99
-99
-99
-99
-99
-99
-99
-99
-99
-99
-99
-99
-99
-99
-99
-99
-99
-99
-99
-99
-99
-99
-99
-99
-99
-99
-99
-99
-99
-99
-99
-99
-99
-99
-99
-99
-99
-99
-99
-99
-99
-99
-99
-99
-99
-99
-99
-99
-99
-99
-99
-99
-99
-99
-99
-99
-99
-99
-99
-99
-99
-99
-99
-99
-99
-99
-99
-99
-99
-99
-99
-99
-99
-99
-99
-99
-99
-99
-99
-99
-99
-99
-99
-99
-99
-99
-99
-99
-99
-99
-99
-99
-99
-99
-99
-99
-99
-99
-99
-99
-99
-99
-99
-99
-99
-99
-99
-99
-99
-99
-99
-99
-99
-99
-99
-99
-99
-99
-99
-99
-99
-99
-99
-99
-99
-99
-99
-99
-99
-99
-99
-99
-99
-99
-99
-99
-99
-99
-99
-99
-99
-99
-99
-99
-99
-99
-99
-99
-99
-99
-99
-99
-99
-99
-99
-99
-99
-99
-99
-99
-99
-99
-99
-99
-99
-99
-99
-99
-99
-99
-99
-99
-99
-99
-99
-99
-99
-99
-99
-99
-99
-99
-99
-99
-99
-99
-99
-99
-99
-99
-99
-99
-99
-99
-99
-99
-99
-99
-99
-99
-99
-99
-99
-99
-99
-99
-99
-99
-99
-99
-99
-99
-99
-99
-99
-99
-99
-99
-99
-99
-99
-99
-99
-99
-99
-99
-99
-99
-99
-99
-99
-99
-99
-99
-99
-99
-99
-99
-99
-99
-99
-99
-99
-99
-99
-99
-99
-99
-99
-99
-99
-99
0.615
0.6383
0.3642
0.4208
0.8525
0.975
0.9804
0.965
0.88
0.9617
0.8642
0.9308
0.8825
0.8692
0.4225
0.5075
0.9654
1
0.9342
0.8963
0.9654
0.8225
0.9788
0.9433
0.9563
0.9808
0.9958
0.9042
0.8792
0.9867
0.9658
0.7175
0.8942
0.8717
0.9021
0.9379
0.9213
0.8733
0.9288
0.7654
0.6283
0.5571
0.5367
0.4896
0.4138
0.4529
0.7008
0.8438
0.8433
1
0.8254
0.5271
0.6363
0.7475
0.9683
0.8846
1
0.9871
0.8833
0.7204
0.785
1
0.8554
0.4667
0.6096
0.6338
0.8292
0.8342
0.5075
0.5296
0.4542
0.4125
0.5321
0.6546
0.9492
0.39
0.4817
0.5917
0.7613
0.8267
0.6271
0.7554
0.7763
0.3579
0.3317
0.6938
0.8288
0.8017
0.8613
0.9
0.6683
0.8783
0.7329
0.7892
0.795
0.725
0.7121
0.6433
0.6596
0.7996
0.6663
0.5383
0.5183
0.8892
0.8679
0.8113
0.8113
0.6571
0.6242
0.9325
0.7104
0.8421
0.685
0.9808
0.9596
0.8879
0.7292
0.7346
0.6958
0.5938
0.4658
0.3638
0.3292
0.7646
0.6088
0.4817
0.4583
0.8188
0.7496
0.5746
0.7392
0.5983
0.5925
0.6758
0.8017
0.7267
0.7525
0.9879
0.9575
0.7913
0.5329
0.3146
0.4646
0.5246
0.4925
0.68
0.7433
0.9271
0.6879
0.6517
0.6175
0.5333
0.6792
0.7808
0.8246
0.9821
0.9479
1
0.9433
0.9821
0.4054
0.6083
0.8438
0.9596
0.8708
0.8988
0.8617
0.7229
0.8713
0.7363
0.5804
0.5508
0.7913
0.9088
0.9471
0.9917
0.9
0.885
0.8217
0.88
0.9025
0.7371
0.5042
0.7521
0.9888
0.8713
0.795
0.5329
0.2204
0.3608
0.5779
0.8317
0.8292
0.8804
0.8529
0.845
0.9208
0.5379
0.8863
1
1
0.9904
0.9808
0.8671
0.8388
0.61
0.43
0.8875
1
1
1
0.9613
1
0.7008
0.4392
0.9304
0.9417
0.8413
0.9988
0.9583
0.99
0.8971
0.6558
0.7325
0.9413
0.9933
0.9946
0.9492
0.9996
0.9758
0.775
0.7063
0.9483
0.8821
0.3038
0.4108
0.5188
0.9983
0.9954
0.8613
1
0.9983
0.9746
0.9983
1
0.97
0.4713
0.3858
0.47
0.2133
0.3342
0.4513
0.8179
0.9808
0.955
0.9496
0.7846
0.945
0.8967
0.9758
0.9958
0.9904
0.9958
0.9883
0.9758
0.6
0.8996
0.9725
0.2292
0.2046
0.315
0.5163
0.535
0.4313
0.4117
0.9921
0.6158
0.5204
0.4183
0.1633
0.095
0.2221
0.2833
0.1808
0.1208
0.3742
0.5904
0.5004
0.9496
0.85
0.9758
0.9717
0.9558
0.8254
0.9392
0.9742
0.9688
0.985
0.9725
0.82
0.4992
0.6433
0.8713
0.7858
0.965
0.9804
0.9658
1
0.8471
0.3233
0.5683
0.1254
0.1188
0.4567
0.2163
0.44
0.935
0.9579
0.9938
0.9921
0.8463
0.55
0.5258
0.465
0.6163
0.3146
0.4625
0.2071
0.1421
0.4142
0.1208
0.2446
0.3246
0.6213
0.5142
0.6954
0.9804
0.96
0.9929
0.9838
0.96
0.9363
0.9304
0.9383
0.8363
0.6442
0.9817
0.7163
0.2779
0.8871
0.7954
0.7975
0.9979
0.9446
0.9575
0.7813
0.8208
0.7567
0.91
0.9392
0.9954
0.7221
0.3092
0.3338
0.6221
0.8521
1
0.9938
0.9875
0.8771
0.9371
0.8358
0.9346
0.8479
0.7554
0.8046
0.8958
0.7763
0.8229
0.7658
0.8258
0.8242
0.7154
0.7079
0.8925
0.9142
0.9142
0.9763
0.9479
0.9758
0.5983
0.455
0.2942
0.52
0.905
0.8108
1
0.8888
0.6929
0.9408
0.9296
0.9192
0.7888
0.7217
0.7654
0.8308
0.9575
0.9333
0.9192
0.7067
0.7604
0.7288
0.6863
0.7246
0.8504
0.8867
0.9988
0.9604
0.4929
0.7488
0.7983
0.9558
0.9696
0.8917
0.7258
0.7617
0.5688
0.6783
0.6
0.7208
0.7588
0.7696
0.8838
0.6979
0.5692
0.6463
0.5796
0.7275
0.8179
0.8138
0.885
0.5875
0.7167
-99
0.51
0.4771
0.6883
0.4771
0.5658
0.6625
0.8375
0.7013
0.7596
0.5438
0.425
0.565
0.895
0.8579
0.8775
0.7383
0.6458
0.7542
0.6738
0.7258
0.7104
0.86
0.8346
0.7133
0.6721
0.6208
0.7146
0.6733
0.4933
0.4383
0.5867
0.8196
0.9183
0.7933
0.6692
0.6667
0.3663
0.4904
0.6375
0.6921
0.7158
0.6663
0.7242
0.655
0.7217
0.8133
0.6933
0.4925
0.5971
0.7229
0.6629
0.5888
0.4596
0.4771
0.7925
0.7196
0.5667
0.6354
0.7213
0.7267
0.8675
0.8608
0.7842
0.7946
0.7188
0.8888
0.7617
0.7158
0.6288
0.7396
0.7563
0.7133
0.8708
0.88
0.9483
0.7996
0.8158
0.7492
0.5488
0.5292
0.6417
0.9088
0.7904
0.7671
0.4621
0.7517
0.6958
0.8467
0.4558
0.4942
0.6175
0.5021
0.6517
0.6538
0.6661
0.6329
0.7404
0.7467
0.6992
0.8788
0.9721
0.9829
0.9958
0.9667
0.9929
0.9321
0.9083
0.4442
0.6404
0.8088
0.9996
1
0.9854
0.9713
0.8471
0.2092
0.6929
0.8988
0.9921
0.9717
0.8208
0.8833
0.9925
0.8667
0.6175
0.9092
0.9617
0.9071
0.8742
1
1
0.7963
0.7104
0.8079
0.9938
1
1
1
1
0.9525
0.9775
0.9988
0.7921
0.8963
0.7642
0.7046
0.535
0.5404
0.4967
0.7446
0.8904
0.3842
0.665
0.7975
0.7158
0.2404
0.5483
0.7367
0.7254
0.5675
0.6179
0.9733
0.3667
0.4929
0.6467
1
1
0.9992
0.9733
0.8688
0.915
0.9813
0.9071
1
0.97
0.9988
0.9688
0.5221
0.9091
0.6027
0.4454
0.9821
0.9521
0.8354
0.9929
0.9842
0.66
0.9758
0.8788
0.9617
0.4783
0.6967
0.3654
0.3392
0.6963
0.7754
0.8313
0.9538
0.9471
0.7638
0.5525
0.8242
0.5767
0.3283
0.3921
0.5263
0.5625
0.515
0.3821
0.6263
0.6858
-99
-99
-99
-99
-99
-99
-99
-99
-99
-99
-99
-99
-99
-99
-99
-99
-99
-99
-99
-99
-99
-99
-99
-99
-99
-99
-99
-99
-99
-99
-99
-99
-99
-99
-99
-99
-99
-99
-99
-99
-99
-99
-99
-99
-99
-99
-99
-99
-99
-99
-99
-99
-99
-99
-99
-99
-99
-99
-99
-99
-99
-99
-99
-99
-99
-99
-99
-99
-99
-99
-99
-99
-99
-99
-99
-99
-99
-99
-99
-99
-99
-99
-99
-99
-99
-99
-99
-99
-99
-99
-99
-99
-99
-99
-99
-99
-99
-99
-99
-99
-99
-99
-99
-99
-99
-99
-99
-99
-99
-99
-99
-99
-99
-99
-99
-99
-99
-99
-99
-99
-99
-99
-99
-99
-99
-99
-99
-99
-99
-99
-99
-99
-99
-99
-99
-99
-99
-99
-99
-99
-99
-99
-99
-99
-99
-99
-99
-99
-99
-99
-99
-99
-99
-99
-99
-99
-99
-99
-99
-99
-99
-99
-99
-99
-99
-99
-99
-99
-99
-99
-99
-99
-99
-99
-99
-99
-99
-99
-99
-99
-99
-99
-99
-99
-99
-99
-99
-99
-99
-99
-99
-99
-99
-99
-99
-99
-99
-99
-99
-99
-99
-99
-99
-99
-99
-99
-99
-99
-99
-99
-99
-99
-99
-99
-99
-99
-99
-99
-99
-99
-99
-99
-99
-99
-99
-99
-99
-99
-99
-99
-99
-99
-99
-99
-99
-99
-99
-99
-99
-99
-99
-99
-99
-99
-99
-99
-99
-99
-99
-99
-99
-99
-99
-99
-99
-99
-99
-99
-99
-99
-99
-99
-99
-99
-99
-99
-99
-99
-99
-99
-99
-99
-99
-99
-99
-99
-99
-99
-99
-99
-99
-99
-99
-99
-99
-99
-99
-99
-99
-99
-99
-99
-99
-99
-99
-99
-99
-99
-99
-99
-99
-99
-99
-99
-99
-99
-99
-99
-99
-99
-99
-99
-99
-99
-99
-99
-99
-99
-99
-99
-99
-99
-99
-99
-99
-99
-99
-99
-99
-99
-99
-99
-99
-99
-99
-99
-99
-99
-99
-99
-99
-99
-99
-99
-99
-99
-99
-99
-99
-99
-99
-99
-99
0.6683
0.9794
0.8508
0.819
-99
-99
-99
-99
-99
-99
-99
-99
-99
-99
-99
-99
-99
-99
-99
-99
-99
-99
-99
-99
-99
-99
-99
-99
-99
-99
-99
-99
-99
-99
-99
-99
-99
-99
-99
-99
-99
-99
-99
-99
-99
-99
-99
-99
-99
-99
-99
-99
-99
-99
-99
0.7515
0.8792
0.6425
0.4475
0.845
0.9658
0.9963
0.9913
0.8758
0.5988
0.6208
0.6788
0.9992
0.8954
0.7467
0.9646
0.9079
0.6775
0.4008
0.7771
0.94
0.9108
0.8754
0.9538
0.7871
0.9083
0.9021
0.8883
0.8229
0.2604
-99
-99
-99
-99
-99
-99
-99
-99
-99
-99
-99
-99
-99
-99
-99
-99
-99
-99
-99
-99
-99
-99
-99
-99
-99
-99
-99
-99
-99
-99
-99
-99
-99
-99
-99
-99
-99
-99
-99
-99
-99
-99
-99
-99
-99
-99
-99
-99
-99
-99
-99
-99
-99
-99
-99
-99
-99
-99
-99
-99
-99
-99
-99
-99
-99
-99
-99
-99
-99
-99
-99
-99
-99
-99
-99
-99
-99
-99
-99
-99
-99
-99
-99
-99
-99
-99
-99
-99
-99
-99
-99
-99
-99
-99
-99
-99
-99
-99
-99
-99
-99
-99
-99
-99
-99
-99
-99
-99
-99
-99
-99
-99
-99
-99
-99
-99
-99
-99
-99
-99
-99
0.965
0.7357
0.6038
0.8223
0.99
0.6885
0.637
0.6536
0.91
0.3553
0.4581
0.5338
0.83
0.7185
0.7255
0.7128
0.8726
0.6038
0.4628
0.6821
0.7306
0.5885
0.613
0.594
0.5319
0.6179
0.9128
0.5164
0.587
0.8817
0.8077
0.5898
0.8923
0.8949
0.7843
0.7804
0.6821
0.7651
0.8536
0.7347
0.936
0.9167
0.5947
0.6764
0.7996
0.7621
0.7662
0.6734
0.5745
0.6985
0.8136
0.7691
0.7779
0.8115
0.784
0.9764
0.864
0.7485
0.7936
0.7206
0.8443
0.9934
0.9955
0.977
0.3387
0.3647
0.7604
0.8123
0.8291
0.6983
0.7866
0.8826
0.9243
0.9106
0.8234
0.8298
0.9013
0.7989
0.7591
0.5394
0.4977
0.8755
0.947
0.7438
0.5755
0.5096
0.653
0.9606
0.8279
0.7974
0.7145
0.9034
0.9436
0.7623
0.7666
0.9113
0.8877
0.9898
0.9887
0.9557
0.9694
0.9896
0.6991
0.767
0.6274
0.3577
0.6668
0.9791
0.8377
0.9543
0.9917
0.9987
0.9913
0.9762
0.8813
0.7964
0.88
0.8066
0.8815
0.7594
0.7591
0.8302
0.9785
0.9592
0.4027
0.1569
0.5542
0.6242
0.7746
0.9083
0.7008
0.8015
0.9898
0.9785
0.9554
0.9277
0.8704
0.6323
0.6242
0.9542
0.9454
0.9515
0.9338
0.9602
0.9746
0.9396
0.7625
0.8692
0.8473
0.9752
0.9196
0.9263
0.9465
0.8177
0.9421
0.9433
0.904
0.8252
0.8533
0.9571
0.4529
0.1038
0.0829
0.1219
0.2763
0.2973
0.6942
0.8994
0.9729
0.9654
0.9856
0.9727
0.6513
0.8388
0.3071
0.2288
0.2613
0.8846
0.8
0.9056
0.9348
0.9158
0.5552
0.2571
0.5154
0.6294
0.425
0.4477
0.541
0.6058
0.9958
0.946
0.9135
0.9421
0.926
0.9627
0.7815
0.9367
0.7888
0.8796
0.4167
0.7519
0.8788
0.9765
0.9725
0.9635
0.9698
0.9635
0.9585
0.9292
0.9413
0.9829
0.9646
0.9502
0.9465
0.9333
0.6579
0.0896
0.256
0.6483
0.6667
0.4408
0.4604
0.57
0.7727
0.6717
0.5879
0.1571
0.2196
0.276
0.4935
0.9344
0.975
0.976
0.9583
0.9325
0.9285
0.8452
0.6721
0.4338
0.3998
0.5008
0.4429
0.3896
0.5375
0.5715
0.3538
0.4652
0.2758
0.4469
0.3644
0.3521
0.5069
0.3154
0.7365
0.3785
0.4963
0.5958
0.9098
0.9527
0.9302
0.959
0.98
0.9827
0.9785
0.9223
0.8077
0.8508
0.9815
0.9683
0.9585
0.9913
0.9702
0.9677
0.9223
0.8213
0.961
0.9715
0.9656
0.9129
0.9267
0.9742
0.9852
0.931
0.2946
0.3463
0.8492
0.9594
0.8546
0.9206
0.8094
0.81
0.9844
0.9294
0.7452
0.8415
0.7571
0.5415
0.675
0.6388
0.7452
0.9798
0.8748
0.6998
0.9796
0.9606
0.7144
0.6479
0.7429
0.7471
0.6506
0.5913
0.5917
0.4821
0.5775
0.536
0.6956
0.9796
0.6721
0.529
0.4815
0.7633
0.8163
0.7642
0.7652
0.725
0.6346
0.9129
0.984
0.8775
0.9717
0.7742
0.7583
0.7369
0.604
0.5821
0.5856
0.666
0.8706
0.6871
0.6988
0.8167
0.9006
0.7444
0.5717
0.4225
0.531
0.7067
0.8335
0.7417
0.639
0.6604
0.6223
0.6556
0.7344
0.804
0.736
0.8813
0.9154
0.959
0.8815
0.93
0.7388
0.6598
0.5717
0.5735
0.5858
0.6304
0.6279
0.9331
0.78
0.5881
0.6346
0.5923
0.6096
0.5823
0.7329
0.5623
0.5044
0.5302
0.6104
0.561
0.5917
0.5415
0.6867
0.7883
0.9017
0.569
0.6085
0.5917
0.8183
0.8063
0.94
0.8629
0.7221
0.7304
0.5094
0.7292
0.6665
0.5323
0.5844
0.5275
0.4435
0.4369
0.6021
0.7535
0.6754
0.6025
0.8273
0.7638
0.7667
0.8438
0.511
0.4304
0.6529
0.779
0.831
0.7883
0.8998
0.5704
0.3898
0.646
0.6238
0.5944
0.5404
0.6279
0.8183
0.8588
0.8981
0.9596
0.8298
0.8708
0.9831
0.909
0.941
0.9827
0.9238
0.746
0.6517
0.6792
0.8827
0.8788
0.8225
0.654
0.8115
0.93
0.7706
0.3263
0.4302
0.62
0.6152
0.7458
0.9575
0.8988
0.9704
0.9119
0.8273
0.2031
0.6169
0.3146
0.1906
0.4273
0.3488
0.3775
0.9256
0.9979
0.99
0.974
0.9419
0.904
0.2321
0.4102
0.5096
0.3238
0.4706
0.7275
0.7892
0.9756
0.7944
0.9063
0.9748
0.9513
0.9388
0.9313
0.901
0.6725
0.9435
0.7427
0.7304
0.7352
0.8181
0.7033
0.5908
0.6533
0.5283
0.5623
0.6338
0.8208
0.5667
0.2808
0.3671
0.7894
0.9473
0.8952
0.9704
0.951
0.8933
0.9579
0.98
0.9804
0.6323
0.8454
0.9677
0.6602
0.5794
0.3067
0.1754
0.3977
0.9273
0.9242
0.9223
0.4969
0.626
0.7333
0.8602
0.5019
0.7831
0.9823
0.9735
0.994
0.9631
0.9706
0.4006
0.9698
0.959
0.9444
0.9781
0.956
-99
-99
-99
-99
-99
-99
-99
-99
0.473
0.1842
0.7326
0.8852
0.9702
0.5158
0.5483
0.8844
0.8075
0.9433
0.9202
0.5679
0.5608
0.7258
0.8938
0.9408
0.6883
0.8202
0.674
0.8908
0.8885
0.8925
0.5944
0.2948
0.309
0.7121
0.9038
0.8535
0.6158
0.69
0.9369
0.9002
0.8698
0.8871
0.7679
0.6338
0.6779
0.9717
0.9727
0.9625
0.9479
0.9331
-99
-99
-99
0.9723
0.985
0.9606
0.9765
0.9217
0.9177
0.6446
0.9752
0.9673
0.8817
0.2981
0.6685
0.9054
0.8052
0.8602
0.6688
0.8627
0.401
0.2685
0.2902
0.3031
0.3583
0.6042
0.8927
0.941
0.9658
0.9294
0.8058
0.9894
0.9904
0.9731
0.9104
0.6665
0.8181
0.9331
0.9029
0.8671
0.8094
0.9331
0.9479
0.451
0.4106
0.854
0.9633
0.7644
0.6348
0.6525
0.9713
0.8933
0.959
0.9835
0.7879
0.7656
0.884
0.8494
0.736
0.7754
0.8146
0.9369
0.7783
0.849
0.7904
0.639
0.6729
0.6854
0.8667
0.9556
0.9727
0.9642
0.9452
0.956
0.9569
0.905
0.9294
0.9865
0.9877
0.9302
0.9585
0.9571
0.9594
0.9606
0.9542
0.6719
0.4715
0.865
0.7131
0.6906
0.6806
0.8008
0.7146
0.7515
0.7275
0.7319
0.9396
0.7748
0.8615
0.9165
0.7415
0.7665
0.4292
0.616
0.7315
0.8598
0.8888
0.8619
0.98
0.9642
0.9858
0.9494
0.8933
0.9792
0.9869
0.9304
0.9194
0.9731
0.9827
0.9817
0.8077
0.6165
0.4617
0.6865
0.6681
0.696
0.8052
0.7473
0.8056
0.7833
0.6123
0.6988
0.7617
0.8094
0.6744
0.5571
0.6133
0.5685
0.6331
0.78
0.6971
0.5654
0.5673
0.57
0.6238
0.5394
0.8381
0.595
0.6281
0.831
0.8654
0.9629
0.954
0.589
0.6438
0.8165
0.7498
0.7946
0.8725
0.4879
0.7167
0.7963
0.9
0.8885
0.7921
0.8333
0.3433
0.4742
0.6452
0.7396
0.6071
0.5965
0.8644
0.9369
0.9783
0.9771
0.6313
0.6665
0.8792
0.9244
0.7367
0.5204
0.5773
0.5213
0.6479
0.5369
0.4896
0.6323
0.7258
0.5088
0.5175
0.3898
0.6935
0.8425
0.7894
0.6298
0.5242
0.7335
0.9213
0.8831
0.8685
0.5098
0.6242
0.741
0.5063
0.3644
0.5402
0.704
0.9685
0.9738
0.5371
0.8204
0.875
0.7777
0.8798
0.9577
0.9902
0.8165
0.375
0.4463
0.4517
0.7019
0.9494
0.8029
0.8344
0.9621
0.8863
0.6369
0.6765
0.8996
0.9696
0.9667
0.961
0.9683
0.9313
0.4921
0.294
0.6008
0.965
0.7013
0.1794
0.4213
0.3035
0.5875
0.8102
0.9527
0.9583
0.3013
0.3277
0.5204
0.6388
0.9923
0.9925
0.9904
0.9698
0.6715
0.7294
0.6188
0.7015
0.94
0.8998
0.98
0.9729
0.7721
0.889
0.6254
0.6142
0.9796
0.7715
0.6388
0.7706
0.839
0.9758
0.9806
0.9638
0.9615
0.8388
0.7752
0.7835
0.6831
0.724
0.5402
0.9729
0.9569
0.9388
0.9167
0.9277
0.9465
0.99
0.99
0.9915
0.8958
0.204
0.2348
0.2925
0.3198
0.404
0.7892
0.8669
0.6769
0.6775
0.6796
0.6621
0.8996
1
0.9858
0.9383
0.895
0.3358
0.3367
0.4863
0.6656
0.7379
0.7696
0.8527
0.6267
0.2304
0.39
0.9583
0.9946
0.9975
1
0.9854
0.961
0.9006
0.7329
0.2979
0.3817
0.3715
0.5217
0.5648
0.7721
0.8867
0.5254
0.8953
0.7742
0.3306
0.37
0.4488
0.5206
0.799
0.8952
0.9617
0.9544
0.9354
0.7883
0.5325
0.5069
0.3204
0.2596
0.2335
0.3365
0.4442
0.5098
0.4238
0.4963
0.7169
0.9306
0.9708
0.9677
0.9633
0.9696
0.7458
0.6915
0.7683
0.9333
0.9219
0.9879
0.8225
0.6598
0.594
0.9352
0.9275
0.9404
0.9492
0.9456
0.9675
0.9554
0.5917
0.5848
0.834
0.731
0.5998
0.6821
0.9892
0.9952
0.9979
0.994
0.9938
0.99
0.7996
0.8073
0.2506
0.5479
0.9671
0.54
0.5733
0.8879
0.8646
0.9996
0.9648
0.9573
0.9169
0.9519
0.6869
0.67
0.8104
0.8313
0.5267
0.5192
0.5158
0.4454
0.4465
0.9525
0.9513
0.7567
0.3379
0.7256
0.8321
0.7323
0.8054
0.7335
0.7142
0.95
0.9648
0.9635
0.9885
0.9513
0.9846
0.8929
0.7983
0.891
0.8663
0.9144
0.9058
0.8156
0.9054
0.871
0.835
0.901
0.879
0.8765
0.8013
0.8013
0.6502
0.7625
0.8935
0.9219
0.94
0.5577
0.6217
0.8538
0.8502
0.8371
0.7473
0.7954
0.4698
0.7308
0.4981
0.6604
0.9788
0.7929
0.689
0.8865
0.9769
0.9502
0.9944
0.9152
0.9588
0.9475
0.9298
0.9863
0.996
0.8977
0.9746
0.8721
0.7773
0.886
0.8283
0.7929
0.8652
0.8954
0.8477
0.4929
0.6635
0.7354
0.7538
0.9671
0.5579
0.4835
0.6277
0.6019
0.5938
0.8142
0.6954
0.5775
0.5152
0.6581
0.8625
0.4873
0.6479
0.7969
0.5694
0.6075
0.6144
0.7246
0.7392
0.9673
0.9548
0.7665
0.6842
0.9773
0.7946
0.97
0.7877
0.8525
0.8767
0.9679
0.9504
0.9627
0.9542
0.9398
0.8633
0.8827
0.8796
0.8081
0.7548
0.7158
0.8096
0.8073
0.8581
0.845
0.9231
0.9588
0.5894
0.3217
0.5885
0.5206
0.7446
0.7123
0.7625
0.7452
0.579
0.6242
0.4794
0.4446
0.3398
0.3875
0.5323
0.7425
0.7879
0.9133
0.7877
0.6004
0.6781
0.7504
0.6956
0.7404
0.69
0.9102
0.9431
0.8654
0.564
0.5046
0.6819
0.4977
0.4696
0.7198
0.6277
0.6504
0.8238
0.6977
0.6935
0.7127
0.9902
0.9215
0.5863
0.5165
0.679
0.7254
0.8473
0.7696
0.5579
0.74
0.8254
0.6825
0.5488
0.4292
0.2215
0.2954
0.3448
0.3635
0.544
0.9906
1
0.8798
0.5588
0.3694
0.1823
0.3044
0.3454
0.8213
0.4292
0.2992
0.5325
0.9427
0.7963
0.4167
0.6958
0.889
0.9906
0.9248
0.8565
0.9906
0.9885
0.9529
0.8771
0.9367
0.99
0.9883
0.9923
0.9988
1
1
0.9669
0.8433
0.7481
0.9775
0.9306
0.8823
0.9806
0.99
0.9996
0.9946
0.9927
0.9963
0.9538
0.9998
0.8185
0.9921
0.9919
0.5256
0.3321
0.2729
0.2581
0.446
0.5623
0.4658
0.4875
0.8952
0.6677
0.7469
0.934
0.891
0.5831
0.3321
0.5027
0.5002
0.6525
0.884
0.6677
0.8741
0.8138
0.8933
0.9463
0.9348
0.9429
0.9904
0.9996
0.4335
0.2638
0.5375
0.2415
0.4806
0.4515
0.5258
0.9277
0.9894
1
0.9742
0.951
0.6179
0.6967
0.499
0.8113
0.3846
0.4298
0.2469
0.1133
0.2646
0.2554
0.17
0.2173
0.3329
0.5381
0.5683
0.2713
0.4688
0.9548
0.7367
0.6396
0.2685
0.2019
0.4402
0.5529
0.9738
0.9294
0.929
0.4358
0.75
0.7642
0.8852
0.8473
0.84
0.8552
0.9225
0.735
0.4213
0.6115
0.4783
0.52
0.6448
0.7129
0.9371
0.9354
0.966
0.6644
0.4529
0.8921
0.6554
0.1854
0.235
0.4306
0.7044
0.6792
0.7669
0.5371
0.2769
0.3588
0.494
0.47
0.9438
0.7673
0.9342
0.9219
0.4863
0.955
0.5083
0.3865
0.631
0.4158
0.2985
0.3608
0.4698
0.564
0.661
0.8867
0.9158
0.95
0.9952
1
0.7415
0.541
0.4288
0.7946
0.5169
0.5935
0.6517
0.6288
0.4635
0.7083
0.8844
0.9268
0.9962
1
0.9925
0.9883
0.9982
0.6983
0.9415
0.8321
0.9672
0.9829
0.8929
0.9738
0.9367
0.5592
0.9268
0.9496
0.865
0.9471
0.9798
0.9968
0.8633
0.8546
0.8306
0.7198
0.8055
1
0.995
0.9933
0.8694
0.7424
1
0.9412
0.9183
0.817
0.9923
0.8779
0.7058
0.6413
0.4983
0.7233
0.425
0.5906
0.3769
0.5496
0.891
0.8654
1
1
0.8833
0.8158
0.7131
0.7915
0.676
0.8594
0.8829
0.7202
0.6044
0.6971
0.5356
0.664
0.9756
0.7173
0.4842
0.6952
0.7167
0.9588
0.795
0.9433
0.9391
0.8733
0.7142
0.7088
0.624
0.5288
0.6279
0.7471
0.954
0.7908
0.7086
0.6356
0.7681
0.7102
0.529
0.5925
0.6192
0.4644
0.4356
0.5565
1
0.6771
0.5073
0.6456
0.9621
0.9052
0.9265
0.7977
0.6952
0.655
0.7954
0.7048
0.5971
0.8909
0.8426
0.4658
0.4288
0.3231
0.4281
0.5577
0.9175
0.8152
0.3802
0.759
0.6873
0.6067
0.616
0.7308
0.7169
0.8185
0.6715
0.3742
0.6863
0.8133
0.7627
0.9488
0.7885
0.6079
0.5354
0.4567
0.3302
0.2546
0.6326
0.6017
0.6196
0.6208
0.5279
0.4727
0.3331
0.3994
0.4767
0.4435
0.4488
0.4963
0.4454
0.7336
0.5204
0.501
0.7367
0.6792
0.9709
0.8753
0.7844
0.9596
0.9792
0.965
0.8263
0.7563
0.72
0.6163
0.6713
0.701
0.7204
0.9584
0.9825
0.4202
0.3021
0.2856
0.5525
0.7398
0.9438
0.7994
0.7971
0.7529
0.7356
0.9241
0.8837
0.86
0.8354
0.92
0.9143
0.9
0.6851
0.5473
0.6744
0.7129
0.6306
0.53
0.7377
0.7331
0.7696
0.8171
0.9585
0.973
0.8713
0.934
0.7855
0.7476
0.9118
0.9025
0.985
0.9879
0.9921
0.9044
0.8123
0.83
0.9855
0.9933
0.9742
0.9188
0.4506
0.6205
0.9863
0.9643
0.995
0.9816
1
0.8131
0.8313
0.3225
0.8024
1
-99
-99
0.722
0.379
0.7388
0.6988
0.7285
0.9488
-99
0.6747
0.5798
0.7632
0.884
0.4334
0.5473
0.7482
-99
0.9933
0.981
0.9623
0.7467
0.2615
0.7185
0.8931
0.84
0.9394
0.61
0.7658
0.9577
0.2269
0.4538
0.2527
0.3172
0.88
1
-99
1
0.9904
0.6419
0.8334
0.9078
0.94
0.5623
0.3315
0.3917
0.6567
0.531
0.5917
0.68
0.5417
0.7144
0.4869
0.9073
0.9217
0.2756
0.6844
0.2356
0.2306
0.2781
0.3427
0.2748
0.775
0.557
0.6262
0.9863
0.9688
0.9698
0.9897
0.6756
0.876
-99
0.9845
0.9787
0.9571
0.9758
0.9785
0.5207
0.802
0.5686
0.7227
0.2227
0.3306
0.7204
0.4235
0.8242
0.6227
0.7877
0.7482
0.9333
0.9344
0.9629
0.948
0.9558
0.9677
0.944
0.9719
0.9235
0.4979
0.2525
0.3386
0.7304
0.9082
0.3273
0.7663
0.7847
0.9038
0.8977
0.911
0.7485
0.6788
0.7852
0.9823
0.7735
0.662
0.9725
-99
0.986
0.995
0.8845
1
-99
0.9955
0.9926
0.9463
0.9392
0.6856
0.8177
1
0.9814
0.9621
0.7535
0.3846
0.5597
0.9323
0.8148
0.7961
0.827
-99
1
0.9833
-99
0.8576
1
0.927
0.6395
0.9913
0.9698
0.9673
0.7693
0.9932
0.8676
0.8145
0.8289
0.813
0.7015
0.424
0.5831
0.7785
0.768
0.6702
0.9917
0.9606
0.7045
0.8635
0.6713
0.6762
0.8267
0.958
0.9752
0.9806
0.9695
0.7558
0.9062
0.9009
0.9484
0.8271
0.8049
0.6058
0.8749
0.9508
1
0.9713
0.703
0.6136
0.6358
0.7844
0.9911
0.9826
0.996
1
1
0.99
0.81
-99
0.995
0.9527
0.8538
0.405
0.8808
0.9457
0.8573
0.9549
-99
-99
1
0.8381
0.8044
0.8039
0.6732
0.7727
0.8664
0.9925
0.775
0.7692
0.76
0.8571
0.8992
0.7625
0.6629
0.6685
0.9527
1
0.9987
0.9926
0.7683
0.8359
0.2106
0.57
0.7235
0.6477
0.7513
0.7742
0.6565
0.8425
0.7865
0.905
0.4775
0.526
0.725
0.7819
0.859
0.7958
0.7954
0.8221
0.6502
0.6402
0.6581
0.6927
0.856
0.8338
0.8575
0.9492
0.7188
0.7415
0.6542
0.7083
0.68
0.6169
0.5158
0.7279
0.8996
0.8317
0.5667
0.4898
0.5692
0.4123
0.6431
0.6217
0.5054
0.7217
0.9635
0.9403
0.6329
0.3513
0.4823
0.7067
0.8065
0.8673
0.7871
0.855
0.7933
0.7063
0.96
0.3002
0.3804
0.6115
0.7558
0.9613
0.8144
0.9629
0.919
0.9813
0.9273
0.8819
0.7813
0.6546
0.4142
0.7006
0.616
0.6806
0.879
0.9648
0.9669
0.6875
0.9213
0.9324
0.7031
0.8115
0.8377
0.7698
0.6185
0.8615
0.8044
0.6783
0.8071
0.275
0.3702
0.5738
0.5165
0.6448
0.5765
0.5675
0.8802
0.9696
0.8954
0.9479
0.8977
0.9658
0.9552
0.9386
0.9447
0.6513
0.7
0.4727
0.74
0.8156
0.7705
0.7313
0.85
0.9358
0.9385
0.834
0.6255
0.8254
0.986
0.9535
0.9946
0.9623
0.9502
0.99
0.9175
0.7298
0.6138
0.9758
0.8146
0.1346
0.3352
0.8446
0.9375
0.972
0.9909
0.8181
0.7853
0.9938
0.8335
0.99
-99
1
-99
0.826
0.9606
0.7644
0.9408
0.9817
0.9907
0.8275
0.8904
0.9383
0.9519
0.975
0.9588
0.9435
0.935
0.4473
0.4998
0.8935
0.7169
0.2885
0.6209
0.1671
0.4298
0.3081
0.3535
0.2796
0.3642
0.2733
0.2485
0.2244
0.2127
0.4168
0.2275
0.2577
0.499
0.7084
1
0.6608
0.3858
0.41
0.7803
0.999
0.9922
0.9743
1
0.979
0.9492
0.456
0.5456
0.8961
-99
1
0.9777
0.9607
0.8275
0.913
0.6923
0.5071
0.6019
0.6892
0.6431
0.945
0.859
0.8582
0.9953
0.9852
0.9917
0.9856
0.9733
0.9646
0.99
0.9863
0.9939
1
0.7089
0.9347
0.9393
0.9763
0.9658
0.9013
0.9315
0.9258
0.8069
0.904
0.9802
0.9743
0.9861
0.9938
0.9658
0.9821
0.9696
0.9742
0.9952
0.97
-99
-99
0.8972
0.7542
0.8621
0.6192
0.9413
0.6546
0.5681
0.8097
0.9954
0.9285
0.7227
0.836
0.9125
0.7711
0.9177
0.9683
0.998
0.3323
0.1667
0.2752
0.3683
0.4871
0.6133
0.5773
0.7113
0.5808
0.7458
0.6835
0.3638
0.6077
0.5548
0.6213
0.82
0.9812
0.9552
0.6156
0.9177
0.9644
0.7146
0.8367
0.6193
0.6567
0.8836
0.8832
0.7263
-99
0.98
0.9538
0.7344
0.6483
0.9448
0.3506
0.5065
0.8504
0.8481
0.699
0.7663
0.541
0.4248
0.451
0.3885
0.7053
-99
0.8845
1
0.8571
0.9894
0.6943
0.5762
0.8623
0.8386
0.8683
0.9173
0.8488
0.9807
-99
0.3719
0.5755
0.6954
0.899
0.7571
0.739
0.7742
0.7606
0.6324
0.9963
0.6954
0.5842
0.3854
0.6165
0.8246
0.8138
0.8791
0.8961
0.8059
0.9353
0.897
0.9292
1
0.8238
0.9426
0.9867
0.9756
1
0.8288
0.8951
0.781
0.8416
0.8621
0.7073
0.5919
0.4927
0.464
0.4785
0.6617
0.7235
0.8073
0.94
0.9049
0.8792
0.8508
0.859
0.6804
0.6219
0.676
0.6863
0.8556
0.9138
0.975
0.9383
0.8138
0.7785
0.9562
0.5417
0.7575
0.8298
0.7456
0.8977
0.766
0.7421
0.9905
0.8759
0.9625
0.9083
0.8548
0.9521
0.8238
0.8725
0.6498
0.5881
0.6594
0.4833
0.6942
0.9035
0.955
0.6798
0.7188
0.7569
0.8663
0.7835
0.7967
0.8931
0.9475
0.9421
0.7367
0.7352
0.8388
0.8448
0.855
0.9423
0.785
0.796
0.8104
0.9023
0.7321
0.79
-99
-99
0.9034
0.9535
0.9692
0.7767
0.713
0.8896
0.9887
0.9646
0.9719
0.8994
0.7371
0.7038
0.7071
0.7858
0.6821
0.7856
0.984
0.8052
0.509
0.4625
0.6363
0.9179
0.944
0.775
0.7296
0.789
0.7338
0.7138
0.6644
0.6906
0.741
0.8088
0.7921
0.8823
0.9488
0.9694
0.9138
0.8252
0.7833
0.9044
0.8177
0.9866
0.4704
0.2346
0.7992
0.9346
0.9754
0.9417
0.8927
0.7881
0.7867
0.769
0.9748
0.994
0.9335
0.9123
0.9898
0.9948
0.8496
0.9871
0.9897
0.9797
0.9134
0.9535
0.7985
0.4946
0.5206
0.5094
0.64
0.4791
0.4577
0.5525
0.665
0.6523
0.7185
0.7931
0.429
0.5029
0.5754
0.5944
0.7587
0.9988
1
0.9993
0.9074
0.755
0.9777
0.8458
0.8397
0.999
0.8419
0.6851
1
1
1
0.9942
0.7344
0.3792
0.6571
0.7002
0.6783
0.6338
0.8806
0.9961
-99
1
-99
0.9717
0.9158
0.9214
0.7883
0.5755
0.9921
0.9362
0.9669
0.8735
0.9935
0.85
0.566
0.543
0.3698
0.681
0.8568
0.9933
0.9725
0.8688
0.867
0.3573
0.6495
0.1371
0.2192
0.2167
0.3015
0.5394
0.531
0.9613
0.9396
0.5269
0.5192
0.2125
0.0719
0.2242
0.5567
0.3281
0.196
0.2229
0.3394
0.3592
0.2817
0.47
0.5038
0.2288
0.5829
0.7833
0.7818
0.9877
0.9573
0.955
0.959
0.6946
0.7573
0.9046
0.7842
0.8283
0.4979
0.8775
0.9496
0.7769
0.7445
0.9548
0.9148
0.9254
0.9517
0.8038
0.8571
0.8285
0.7967
0.6794
0.7023
0.3719
0.3783
0.6885
0.9913
0.9675
0.9754
0.9667
0.5544
0.9127
0.7971
0.6894
0.6865
0.9721
0.8536
0.9263
0.9415
0.9803
-99
0.9588
0.8711
0.9236
0.8121
0.9248
0.9488
0.6044
0.3302
0.1594
0.2146
0.2654
0.2067
0.3269
0.4158
0.9181
0.9613
0.9658
0.9735
0.745
0.684
0.6204
0.61
0.7861
1
-99
0.9919
0.9638
0.9291
0.4339
0.7456
0.7507
0.7605
0.7664
0.5916
0.5644
0.4591
0.8315
0.7111
0.2942
0.4887
0.5807
0.2931
0.5921
0.7557
0.7452
0.6269
0.4729
0.4285
0.957
0.8883
0.9489
0.974
0.8458
0.7613
0.6915
0.9226
0.5475
0.8831
0.9964
-99
0.882
0.9479
0.8871
0.9252
0.9629
0.9106
0.7258
0.7169
0.6098
0.5715
0.8433
0.5915
0.5296
0.4654
0.3983
0.3227
0.3697
0.9583
0.8291
0.6625
0.746
0.9538
0.9961
0.9944
0.9208
-99
0.9918
0.99
0.881
0.7287
0.6283
0.8154
0.8304
0.7702
0.8675
0.6908
0.7675
0.6975
0.6735
0.6575
0.5948
0.725
0.7848
0.9846
0.8952
0.8229
0.9633
0.8892
0.9217
0.9992
0.9742
0.7152
0.7571
0.69
0.5733
0.65
0.8681
0.8346
0.8065
0.514
0.65
0.5879
0.5173
0.5485
0.4495
0.4919
0.4529
0.3683
0.3129
0.41
0.36
0.7065
0.2
0.5108
0.6496
0.7194
0.4731
0.3588
0.5019
0.5377
0.4763
0.616
0.6296
0.7371
0.7498
0.8548
0.7129
0.7831
0.8083
0.5285
0.611
0.6106
0.7977
0.9319
0.941
0.9523
0.7488
0.6727
0.8002
0.6929
0.5008
0.5298
0.8881
0.9321
0.7667
0.5794
0.6606
0.8473
0.9821
0.879
0.5904
0.899
0.9867
0.8935
0.6419
0.5921
0.8394
0.9167
0.9056
0.7558
0.6977
0.6302
0.606
0.6656
0.7235
0.7158
0.9369
0.9594
0.9679
0.9875
0.9619
0.8006
0.7098
0.885
0.8106
0.8958
0.9656
0.9779
0.8144
0.9023
0.9435
0.9867
0.9664
0.8825
0.7706
0.2206
0.3833
0.7235
0.92
0.401
0.5263
0.5513
0.7035
0.8183
0.8421
0.9098
0.8342
0.9923
0.704
0.809
0.9863
0.95
0.9666
0.9518
0.7104
0.5508
0.6756
0.9925
0.9989
0.6926
0.6065
0.219
0.5813
0.9729
0.8006
0.8954
0.9475
0.7064
0.5873
0.6516
0.7992
0.9927
0.999
0.99
0.7933
0.8665
0.9221
0.831
0.9555
1
0.9717
0.756
0.7408
0.7133
0.7738
0.3925
0.229
0.2608
0.34
0.45
0.3027
0.2302
0.2342
0.2315
0.7356
0.7029
0.5429
0.9573
0.9383
0.8831
0.4017
0.9888
0.998
0.6258
0.5177
0.3019
0.2492
0.1346
0.2113
0.334
0.6521
0.7942
0.6356
0.8257
0.7863
0.6558
0.1729
0.1879
0.2633
0.4556
0.6529
0.6835
0.5833
0.4819
0.5523
0.7119
0.4831
0.6167
0.2413
0.4644
0.6125
0.515
0.4506
0.4273
0.6917
0.9236
0.5883
0.9083
1
0.9597
0.8694
0.9713
0.9406
0.8685
0.9198
0.999
1
-99
0.9827
0.9708
0.9504
0.9944
0.9552
0.9204
0.5521
0.8963
0.9241
0.6275
0.4867
0.7602
0.7571
0.6042
0.771
0.7583
0.6663
0.9136
1
0.8489
0.8225
0.2
0.2008
0.889
0.421
0.5031
0.6269
0.9738
0.6411
0.9978
0.9451
0.915
1
0.8141
0.9614
0.9471
0.8638
0.5215
0.8727
0.4913
0.4783
0.3815
0.8303
0.8808
0.7735
0.9319
0.9565
0.9827
0.9767
0.9552
0.3927
0.8627
0.9565
0.8658
0.9677
0.951
0.9571
0.9365
0.9017
0.9294
0.9685
0.6404
0.4429
0.9879
0.9858
0.9769
0.9821
0.9704
0.9995
0.9779
0.8795
0.9567
0.9308
0.5406
0.5742
0.8335
0.7905
0.8131
0.9995
0.7538
0.8324
0.9796
0.7763
0.7588
1
1
0.816
0.7955
0.966
0.9726
0.8986
1
-99
0.9456
0.7945
0.8324
0.9182
0.9137
0.7163
0.3798
0.4853
0.98
0.8211
0.9447
0.9913
0.6183
0.5169
0.6614
0.9664
0.8239
0.896
0.8288
0.6448
0.3448
0.3879
0.6279
0.9119
1
1
1
0.7536
-99
0.9669
0.9456
1
0.9243
0.4511
0.8665
0.8445
0.8002
0.6729
0.7413
0.9565
0.8259
0.7475
0.7265
0.739
0.7033
0.7892
0.9563
0.9665
0.9
0.5996
0.8623
0.8233
0.8144
0.7471
0.7981
0.7404
0.7779
0.4938
0.8717
0.9869
0.7179
0.8969
0.8324
0.8075
0.9228
0.8996
1
0.9432
0.5613
0.5969
0.6502
0.6208
0.55
0.7046
0.9325
0.7435
0.6863
0.8933
0.9083
0.754
0.7567
0.5648
0.674
0.9054
0.8154
0.651
0.7952
0.6173
0.6827
0.7631
0.8963
0.95
0.91
0.5065
0.2038
0.3965
0.5342
0.4204
0.4958
0.6219
0.8923
0.9635
0.864
0.7698
0.6756
0.6596
0.6556
0.5756
0.5498
0.8733
0.6944
0.5421
0.5781
0.7446
0.9038
0.4452
0.4233
0.5606
0.7179
0.8683
0.5492
0.4919
0.5348
0.5396
0.5729
0.5977
0.6477
0.7621
0.6829
0.8971
0.6144
0.3385
0.4433
0.4825
0.4396
0.4513
0.4302
0.509
0.9256
0.7954
0.8348
0.8267
0.5952
0.606
0.551
0.56
0.4254
0.5204
0.731
0.9188
0.8142
0.7465
0.6775
0.81
0.9479
0.9835
0.9292
0.9898
0.9671
0.9177
0.9123
0.8485
0.686
0.8133
0.7885
0.9335
0.8883
0.7871
0.7254
0.5996
0.7098
0.7785
0.9244
0.8373
0.7429
0.9092
0.8015
0.7998
0.5773
0.7281
0.7756
0.5606
0.9756
0.9904
0.9963
0.8272
0.7788
0.8931
0.9333
0.8446
0.7404
0.6998
0.9813
0.99
0.9863
0.9425
0.8377
0.2898
0.1681
0.1594
0.155
0.3746
0.3615
0.244
0.4025
0.8404
0.9982
0.8454
0.8675
0.9592
0.9454
0.9248
0.9831
0.4085
0.9767
0.9685
0.5663
0.8063
0.8312
0.9538
0.85
0.955
1
0.9952
0.961
0.9876
0.9673
0.9819
0.9246
0.651
0.8681
0.6373
0.3113
0.2113
0.3571
0.9419
0.9135
0.645
0.2342
0.3285
0.2802
0.3056
0.3285
0.2983
0.4546
0.3808
0.8031
0.9129
0.6904
0.1692
0.271
0.7227
0.4173
0.7815
0.8877
0.629
0.1508
0.3221
0.3365
0.1473
0.0835
0.1258
0.1933
0.3438
0.3154
0.494
0.229
0.2677
0.1254
0.2117
0.6965
0.5785
0.926
0.9438
0.4506
0.925
0.9177
0.9429
0.9631
0.8792
0.475
0.5835
0.6233
0.636
0.884
0.97
0.3715
0.6531
0.9352
0.9725
0.9781
0.9404
0.8745
0.97
0.7493
0.9833
0.9813
0.9977
0.9794
0.9744
0.9964
0.9577
0.9408
0.9496
0.8313
0.909
0.9619
0.999
0.8888
0.6085
0.5042
0.5108
0.6827
0.3175
0.5071
0.4027
0.5742
0.9238
0.2621
0.5079
0.8323
0.9933
-99
0.6013
0.98
0.9648
0.8423
0.7177
0.9527
0.7335
0.2598
0.1121
0.286
0.9469
0.9968
0.5844
0.375
0.584
0.5815
0.4515
0.5758
0.724
0.8648
0.8852
0.9654
0.93
0.9535
0.984
0.9783
0.8802
0.371
0.6048
0.7546
0.9521
0.9575
0.8375
0.9008
0.9638
0.7817
0.2729
0.5554
0.674
0.6538
0.6129
0.4196
0.5685
0.4223
0.8013
0.5823
0.4604
0.7104
0.4833
0.259
0.4094
0.5135
0.6031
0.5758
0.779
0.9717
0.9365
0.7625
0.8454
0.9976
0.8627
0.8925
0.9706
0.8754
0.754
0.9206
0.7871
0.4415
0.4717
0.9215
0.9996
0.9373
0.8069
0.8077
0.669
0.6915
0.7504
0.9258
0.8575
0.7035
0.4533
0.7171
0.8215
0.6327
0.6765
0.6254
0.5902
0.6567
0.6385
0.8119
0.8933
0.7967
0.786
0.9617
0.969
0.945
0.9023
0.5615
0.6046
0.7506
0.7054
0.7308
0.6925
0.6113
0.505
0.5963
0.6471
0.3623
0.4421
0.65
0.6283
0.5752
0.5323
0.5756
0.6565
0.6917
0.9285
0.7988
0.9175
0.9048
0.8998
0.9629
0.8133
0.6907
0.6456
0.4117
0.5529
0.4417
0.5075
0.8971
0.914
0.8583
0.7177
0.5681
0.4433
0.3529
0.4183
0.8123
0.6219
0.6769
0.8742
0.9363
0.7677
0.7856
0.8815
0.8754
0.5588
0.4658
0.5869
0.6196
0.5544
0.4565
0.6142
0.6198
0.5277
0.655
0.7754
0.9704
0.9202
0.9844
0.9177
0.9108
0.7981
0.5198
0.6913
0.6346
0.5825
0.7221
0.6942
0.7252
0.8417
0.361
0.4665
0.5231
0.6285
0.6402
0.5313
0.5083
0.5631
0.581
0.7708
0.8815
0.9902
0.9571
0.71
0.4927
0.8233
0.8998
0.9656
0.3288
0.4248
0.86
0.966
0.92
0.8463
0.6169
0.9102
0.9854
0.8477
0.8344
0.9204
0.6256
0.365
0.5073
0.835
0.7513
0.6433
0.8663
0.8542
0.8452
0.6396
0.6013
0.9631
0.9292
0.9029
0.7654
0.5308
0.5679
0.5804
0.1429
0.2865
0.5879
0.4879
0.5323
0.5233
0.44
0.6167
0.7025
0.659
0.611
0.9975
0.9608
0.8315
0.7969
0.8542
0.4985
0.6446
0.5327
0.4046
0.7254
0.4413
0.4115
0.6929
0.4773
0.8102
0.8748
0.7967
0.9683
0.9635
0.8923
0.2894
0.89
0.934
0.9654
0.9815
0.8913
0.9135
0.4002
0.3258
0.4213
0.5389
0.429
0.2233
0.5271
0.3592
0.444
0.5908
0.8365
0.9727
0.7369
0.456
0.4608
0.8588
0.8004
0.8781
0.8325
0.436
0.5213
0.251
0.3773
0.4663
0.8421
0.7842
0.9563
0.965
0.9154
0.936
0.9319
0.9127
0.8873
0.8363
0.9308
0.3706
0.9008
0.9435
0.7019
0.584
0.2842
0.6385
0.9506
0.925
0.9271
0.694
0.5279
0.514
0.8315
0.9465
0.8546
0.8058
0.9148
0.9779
0.9625
0.6425
0.5902
0.8575
0.9225
0.7619
0.5781
0.9127
0.7621
0.7979
0.796
0.4788
0.7548
0.871
0.9788
0.5638
0.3094
0.499
0.6608
0.9171
0.881
0.4892
0.3658
0.5617
0.7246
0.85
0.8931
0.914
0.8888
0.9431
0.8998
0.8785
0.8854
0.8908
0.8023
0.9075
0.8875
0.6138
0.8981
0.8292
0.926
0.9467
0.7471
0.9554
0.9396
0.8992
0.8767
0.6984
0.6363
0.7304
0.5504
0.4835
0.9352
0.9854
0.935
0.9723
0.9775
0.969
0.9431
0.9419
0.8933
0.9338
0.9971
0.9733
0.9542
0.945
0.885
0.9725
0.9579
0.9298
0.9285
0.8981
0.8952
0.8794
0.5645
0.7648
0.9377
0.9229
0.9113
0.8996
0.5617
0.86
0.9377
0.8935
0.5308
0.6552
0.8406
0.9748
0.6929
0.6506
0.9029
0.9852
0.9696
0.9546
0.9675
0.9648
0.979
0.979
0.7846
0.9788
0.6775
0.8142
0.8465
0.7756
0.7371
0.6258
0.7571
0.6854
0.709
0.7769
0.8167
0.8992
0.97
0.9627
0.9521
0.7492
0.9723
0.9869
0.9733
0.7542
0.8577
0.9479
0.9335
0.99
0.7758
0.9438
0.9158
0.9544
0.9917
0.9306
0.7535
0.8267
0.814
0.8854
0.9208
0.8712
0.8094
0.885
0.7702
0.9465
0.8179
0.9148
1
0.9969
0.9383
0.8815
0.8619
0.8152
0.951
0.9856
0.9704
0.8965
0.9002
0.9308
1
0.9246
0.9923
0.9948
0.9438
0.6371
0.7125
0.539
0.775
0.5346
0.7696
0.8665
0.8992
0.7665
0.6202
0.5975
0.7667
0.811
0.8798
0.8294
0.8048
0.6617
0.6869
0.6352
0.6288
0.992
0.8071
0.7142
0.7654
0.9488
0.9013
0.9252
0.8013
0.856
0.5988
0.5902
0.9656
0.6783
0.7073
0.6223
0.7606
0.9848
0.9025
0.6538
0.8017
0.755
0.706
0.591
0.5931
0.6473
0.6488
0.6263
0.6406
0.645
0.645
0.7108
0.681
0.6527
0.7352
0.944
0.9944
0.9677
0.8742
0.8019
0.8052
0.939
0.5356
0.8479
1
0.929
0.7563
0.7904
0.5758
0.7279
0.7456
0.8888
0.7231
0.6648
0.6315
0.7179
0.8144
0.9013
0.881
0.7183
0.7
0.804
0.7419
0.8619
0.8879
0.9
0.8796
0.8817
0.9127
0.8025
0.9206
0.8121
0.8456
0.9171
0.674
0.8706
0.7883
0.6581
0.726
0.8304
0.6988
0.726
0.849
0.8158
0.8935
0.5142
0.599
0.87
0.8242
0.7271
0.3969
0.7327
0.4427
0.764
0.8346
0.9944
0.9792
0.9233
1
0.9671
0.9867
0.9702
1
0.9806
0.895
0.8904
0.9656
0.9196
0.9748
0.6402
0.3602
0.3885
0.3673
0.3215
0.5275
0.9742
0.919
0.8617
0.8317
1
0.9285
0.9919
0.4385
0.6615
1
1
1
0.9973
1
0.994
0.9471
0.9713
0.6913
0.7923
0.98
0.8826
0.874
1
0.9254
1
1
1
0.9935
0.9838
0.905
0.8921
0.6896
0.3131
0.346
0.9313
0.6469
0.7819
0.8233
0.6417
0.4804
0.5496
0.4233
0.7763
0.6152
0.2696
0.5342
0.7856
0.9977
0.9956
0.7629
0.976
0.8775
0.4558
0.9698
0.7833
0.6025
0.8181
0.4556
0.2877
0.296
0.3231
0.3821
0.5333
0.4138
0.1423
0.4346
0.1204
0.1317
0.1529
0.3038
0.3071
0.3394
0.2338
0.5552
0.9473
0.8979
0.7879
0.7021
0.8848
0.6535
0.2396
0.5233
0.9579
0.7194
0.8431
0.9946
0.9456
0.7406
0.9333
0.775
0.9829
0.4192
0.7396
0.9492
0.899
0.904
0.9977
0.9992
0.9492
0.9006
0.6654
1
0.705
0.7798
0.6077
0.68
0.846
0.9988
0.2656
0.2673
0.269
0.2306
0.269
0.3485
0.393
0.4947
0.5542
0.4477
0.2035
0.4067
0.2715
0.3288
0.4075
0.206
0.5004
0.1758
0.5954
0.4323
0.6123
0.8104
1
0.9917
0.9127
0.8229
0.7044
0.565
0.4535
0.9698
0.8073
0.5319
0.2575
0.7381
0.8608
0.9715
0.9025
0.4138
0.5873
0.58
0.5458
0.744
0.465
0.3258
0.4713
0.87
0.811
0.6275
0.8708
0.9927
0.9975
0.9738
0.9944
1
1
0.9996
0.9206
1
0.984
0.8677
0.2865
0.7558
0.8131
0.9806
0.7298
0.5702
0.4996
0.8933
1
0.99
1
1
1
1
0.8804
0.5515
0.7865
0.506
0.6502
1
1
1
0.8083
0.3135
0.581
0.9488
0.724
0.9129
0.9119
0.5773
0.3709
0.2367
0.4021
0.5358
1
0.9794
0.9885
0.9833
0.8758
0.8342
0.7069
0.9961
-99
0.9892
0.8933
0.9623
0.9642
0.651
0.4838
0.6027
0.5648
0.6008
0.5413
0.8042
0.8696
0.8977
0.6667
0.8171
0.9354
0.9879
0.7833
0.7298
0.7221
0.87
0.6171
0.5235
0.559
0.5585
0.9133
0.996
0.7419
0.6383
0.5198
0.441
0.3231
0.2681
0.3121
0.3088
0.3296
0.3956
0.6063
0.6615
0.565
0.4942
0.4458
0.481
0.8192
0.991
0.9131
0.8135
0.5923
0.4881
0.9988
0.7667
0.6152
0.8156
0.77
0.6354
0.6417
0.6048
0.4529
0.3702
0.3596
0.4485
0.764
0.9825
0.8606
0.5731
0.8358
0.6638
0.755
0.7744
0.6306
0.5771
0.6252
0.5808
0.8713
0.8438
0.6081
0.6575
0.7863
0.9983
0.8873
0.6225
0.7854
0.4831
0.5685
0.5383
0.9081
0.9406
0.5767
0.4358
0.7833
0.579
0.6652
0.7096
0.894
0.8365
0.7225
0.6233
0.6463
0.8133
0.9492
0.3577
0.6575
0.9619
0.7971
0.5221
0.809
0.6933
0.9954
0.9985
0.6515
0.6108
0.7333
0.7596
0.7606
0.8581
0.8581
0.9021
0.9802
0.9992
1
0.9154
0.7823
0.9779
0.8621
0.7631
0.7375
0.5448
0.6379
0.7606
0.9904
0.1913
0.6675
0.5156
0.6833
0.5533
0.8377
0.9381
0.7606
0.6669
0.976
0.981
0.9523
0.9742
0.9146
0.9431
0.9817
0.999
1
1
0.9273
0.9671
0.9956
0.4392
0.6704
0.5444
0.5598
0.7608
0.9158
0.9577
0.8056
0.9969
0.9125
0.9892
1
0.9606
1
0.951
0.9585
0.9998
0.7185
0.9996
0.8073
0.9981
0.9967
0.8175
0.8869
0.969
0.4081
0.6738
0.9877
1
1
1
0.9791
0.6065
0.9967
1
0.7104
0.7877
1
0.9581
0.5515
0.7292
0.9435
0.8283
0.5704
0.5125
0.8231
0.3925
0.6933
0.9692
0.9979
0.8975
0.6208
0.8985
0.9952
1
1
1
1
0.9877
0.9529
0.8148
0.395
0.446
0.2433
0.3033
0.1133
0.2315
0.2567
0.2448
0.3738
0.5223
0.5417
0.2508
0.3513
0.3371
0.7104
0.7785
0.9744
0.2331
0.0954
0.2756
0.3004
0.53
0.8346
0.9698
0.5206
0.9715
0.8573
0.7846
0.9935
1
1
1
1
1
0.8742
0.48
0.9127
0.841
0.63
0.644
0.4854
0.8448
0.2613
0.3379
0.4158
0.6385
0.8773
0.4704
0.7548
0.7831
0.9042
0.5196
0.5842
0.486
0.5063
-99
0.251
0.3157
0.2652
0.1563
0.2854
0.2592
0.5315
0.9238
0.6681
0.6492
0.6156
0.4367
0
0.6035
0.7024
-99
-99
-99
-99
-99
-99
0.4703
0.5665
0.9688
0.5304
0.8175
0.9925
0.9642
0.7681
0.7406
0.7556
0.6565
0.9275
0.9542
0.8231
0.9004
0.846
0.6304
0.7413
0.8448
0.9383
0.9798
0.984
0.9748
0.7998
0.5446
0.6858
0.9221
0.9994
0.8933
0.7996
0.8919
0.9275
0.99
0.9073
0.9354
0.9133
0.9404
0.9063
0.8546
0.9898
0.9967
0.9844
0.995
0.9315
0.8838
0.85
0.9381
1
0.9056
0.8517
0.8775
0.9221
0.8408
0.6871
0.5967
0.6185
0.6804
0.8154
0.6985
0.6992
0.9831
0.9983
0.8733
0.9969
0.9698
0.9817
0.9885
0.8694
0.6713
0.6675
0.4969
0.5806
0.5213
0.7985
0.9333
0.8708
0.6879
0.8321
0.8106
0.7308
0.8465
0.8223
0.7929
0.8323
0.9338
0.9983
0.9369
0.9031
0.9981
0.99
0.9846
0.9388
0.9863
0.9096
0.9148
0.8756
0.8906
0.976
0.9419
0.9302
0.9729
0.8673
0.6885
0.6598
0.7183
0.659
0.6521
0.7338
0.706
0.8698
0.9438
0.9427
0.7167
0.9219
0.8606
0.3196
0.6131
0.7171
0.459
0.6652
0.6842
0.7956
0.8098
0.8767
0.8879
0.789
0.8583
0.8094
0.6706
0.5321
0.67
0.7021
0.6446
0.6088
0.6573
0.8483
0.7152
0.6952
0.6317
0.565
0.5623
0.4908
0.4358
0.5727
0.8654
0.8658
0.7438
0.3723
0.4485
0.43
0.4669
0.566
0.5317
0.5321
0.7596
0.7385
0.7646
0.7869
0.7581
0.6894
0.9546
0.67
0.6035
0.4881
0.725
0.7456
0.6415
0.4771
0.639
0.6981
0.9875
0.9858
0.9367
0.671
0.7656
0.7894
0.4144
0.5446
0.6719
0.9331
0.9458
0.7571
0.9415
0.9606
0.8408
0.755
0.5796
0.6029
0.6552
0.6865
0.7496
0.9319
0.9973
0.8923
0.9583
0.9746
0.9423
0.9229
0.9244
0.9546
0.8038
0.8004
0.5554
0.5992
0.7877
0.9588
0.9842
0.9942
0.8594
0.7785
0.9502
0.8746
0.8181
0.9846
0.9788
0.9208
0.8965
0.8888
0.9404
0.7135
0.5183
0.4419
0.6052
0.8906
0.9421
0.9979
0.9927
0.8508
0.9319
0.9658
0.8596
0.9146
0.5004
0.3831
0.3375
0.4948
0.8263
0.9946
0.9919
0.8995
0.991
0.9683
0.9544
0.6969
0.916
0.8227
0.521
0.6483
0.7223
0.8717
0.5317
0.516
0.5142
0.825
0.2744
0.1373
0.1554
0.1858
0.3796
0.7865
0.9996
0.861
0.8844
0.775
0.5544
0.6552
0.9298
0.7496
0.945
0.9073
0.8935
0.9423
0.9356
0.9217
0.8717
0.8967
0.8854
0.7323
0.7335
0.996
0.8115
0.6573
0.9621
0.9504
0.969
0.839
0.8208
0.9592
0.9683
0.9138
0.4302
0.4277
0.9304
0.9329
0.9146
0.9127
0.9298
0.886
0.6963
0.891
0.8413
0.6452
0.439
0.3229
0.8977
0.8879
0.325
0.4906
0.3338
0.4354
0.9254
0.4575
0.8875
0.1931
0.5192
0.7165
0.9856
0.9735
0.9556
0.9671
0.976
0.6473
0.9929
0.4804
0.7806
0.9158
0.89
0.9454
0.8346
0.9217
0.8846
0.6792
0.9396
0.9
0.9438
0.9377
0.9463
0.4567
0.9777
0.8792
0.7823
0.6438
0.4113
0.8504
0.6794
0.6769
0.5404
0.6213
1
0.9619
0.6981
0.3088
0.4788
0.5108
0.9638
0.7594
0.7267
0.8473
0.8125
0.956
0.994
0.9935
0.9794
0.9648
0.4052
0.8233
0.8777
0.5998
0.9327
