20000101
0.7975
0.8323
0.8246
0.9194
0.8958
0.9665
0.9133
0.9517
0.9542
0.9415
0.9377
0.8763
0.8013
0.7433
0.6981
0.821
0.9602
0.9319
0.8442
0.9306
0.9631
0.9544
0.6644
0.6065
0.6933
0.61
0.7138
0.8152
0.9608
0.8623
0.6256
0.6075
0.779
0.8106
0.5119
0.4388
0.5735
0.7619
0.7829
0.6056
0.5125
0.4804
0.6729
0.6463
0.599
0.8119
0.6644
0.5742
0.6969
0.65
0.6938
0.6973
0.7431
0.69
0.6598
0.6435
0.494
0.466
0.5496
0.8133
0.6181
0.3615
0.4202
0.509
0.6944
0.7058
0.8058
0.7356
0.5427
0.4606
0.3825
0.3781
0.5142
0.6563
0.3921
0.5733
0.4492
0.4852
0.6598
0.8698
0.7425
0.6869
0.9581
0.9452
0.7921
0.734
0.6439
0.8552
0.82
0.7613
0.9077
0.7519
0.7808
0.861
0.7981
0.6804
0.6608
0.6
0.6733
0.7427
0.9565
0.9602
0.79
0.7002
0.8
0.7235
0.9596
0.6683
0.7742
0.8088
0.7267
0.7033
0.6423
0.7715
0.6902
0.6467
0.5269
0.9425
0.9702
0.8729
0.761
0.7025
0.6544
0.5333
0.5125
0.824
0.8702
0.8804
0.844
0.9125
0.9538
0.9117
0.7798
0.6133
0.6219
0.5838
0.6285
0.7948
0.8404
0.8042
0.8913
0.9446
0.9379
0.8335
0.8898
0.9533
0.8963
0.8594
0.7931
0.76
0.7592
0.7452
0.7562
0.724
0.5975
0.6044
0.7665
0.6829
0.7296
0.6123
0.671
0.9996
0.796
0.8177
0.916
0.8633
0.5396
0.3427
0.4681
0.5738
0.62
0.6623
0.7392
0.726
0.8952
0.7233
0.7598
0.8196
0.5308
0.6675
0.7304
0.8302
0.6475
0.5502
0.579
0.5533
0.675
0.4669
0.4196
0.5763
0.629
0.8019
0.6438
0.5465
0.6652
0.6423
0.6254
0.7935
0.7758
0.7302
0.6642
0.6298
0.5438
0.4998
0.711
0.6419
0.614
0.5692
0.6154
0.6227
0.6377
0.6967
0.695
0.6588
0.6081
0.7769
0.675
0.5725
0.596
0.5315
0.5083
0.5752
0.6221
0.6052
0.63
0.6396
0.5515
0.5281
0.4777
0.4744
0.4219
0.3408
0.3873
0.406
0.4871
0.5413
0.4069
0.3019
0.3577
0.584
0.7244
0.6788
0.8381
0.7067
0.6356
0.7044
0.7181
0.6483
0.5579
0.4927
0.5598
0.8868
-99
-99
-99
-99
-99
-99
0.3518
0.434
0.8519
0.8395
0.9667
0.8181
0.9372
0.4693
0.6267
0.7494
0.8192
0.7492
0.8104
0.8979
0.8367
0.81
0.8715
0.6352
0.9367
0.7913
0.8473
0.7342
0.7583
0.7435
0.7721
0.755
0.9229
0.9881
0.9894
0.9219
0.99
0.9877
0.9277
0.91
0.851
0.9317
0.9308
0.9383
0.9004
0.8756
0.8602
0.9813
0.99
0.9369
0.9804
0.9344
0.9493
0.9429
0.9865
0.8671
0.9142
0.9871
0.9129
0.8621
0.8417
0.9238
0.8675
0.9254
0.9473
0.99
0.9717
-99
-99
-99
-99
-99
-99
0.9248
0.9802
0.9856
0.99
0.99
0.8742
-99
-99
-99
-99
-99
-99
-99
-99
-99
-99
-99
-99
-99
-99
-99
-99
-99
-99
0.9094
-99
-99
-99
-99
-99
-99
-99
-99
-99
-99
-99
-99
-99
0.8621
0.7775
0.7565
-99
-99
-99
-99
-99
-99
-99
-99
-99
-99
-99
-99
-99
-99
-99
-99
-99
-99
-99
-99
-99
-99
-99
-99
-99
-99
-99
-99
-99
-99
-99
-99
-99
-99
-99
-99
-99
0.616
0.5588
0.5098
0.6219
0.6358
0.7202
0.825
0.7871
0.5827
0.586
0.8181
0.721
0.7173
0.8302
0.7931
0.695
0.6935
0.7685
0.4238
0.3969
0.5648
0.5365
0.5443
0.8937
0.6875
0.7958
0.711
0.5938
0.7298
0.6538
0.6769
0.7188
0.7277
0.7465
0.6773
0.6875
0.6267
0.556
0.6131
0.5808
0.5946
0.6083
0.6083
0.5467
0.4356
0.3404
0.4998
0.5831
0.6465
0.5631
0.4748
0.416
0.5948
0.6063
0.4963
0.5717
0.5763
0.6069
0.5733
0.374
0.3333
0.4804
0.4427
0.4102
0.3477
0.4438
0.3525
0.4858
0.564
0.6227
0.6954
0.6392
0.4021
0.3365
0.4717
0.5073
0.4798
0.386
0.405
0.5248
0.6458
0.654
0.8717
0.716
0.636
0.6608
0.6648
0.7758
0.7081
0.6948
0.654
0.6606
0.8519
0.7269
0.5573
0.4952
0.5121
0.4827
0.511
0.5998
0.8117
0.6708
0.6008
0.5877
0.6992
0.7273
0.7385
0.5917
0.4335
0.4267
0.4394
0.3802
0.4027
0.4202
0.5806
0.5867
0.5404
0.5384
0.5835
0.5894
0.5335
0.4792
0.5129
0.6808
0.5963
0.53
0.4946
0.4535
0.4123
0.3135
0.3823
0.4225
0.4123
0.3415
0.3738
0.2998
0.2667
0.249
0.2056
0.2167
0.4546
0.4715
0.3883
0.3173
0.3469
0.394
0.4429
0.5823
0.691
0.5177
0.4815
0.5106
0.6977
0.6258
0.5488
0.5592
0.5744
0.6056
0.6073
0.6496
0.5304
0.4715
0.6735
0.5608
0.4696
0.3566
0.3213
0.4971
0.471
0.3696
0.3652
0.4242
0.4794
0.4031
0.3235
0.2898
0.2763
0.4452
0.4888
0.4977
0.5335
0.521
0.524
0.5752
0.515
0.52
0.5815
0.5292
0.4458
0.5273
0.6658
0.5585
0.5681
0.6302
0.5229
0.551
0.4913
0.4942
0.3773
0.3671
0.3623
0.3296
0.2731
0.336
0.4692
0.531
0.5121
0.4846
0.6017
0.6155
0.5244
0.4935
0.4452
0.4517
0.5017
0.5642
0.5469
0.525
0.4738
0.4985
0.5206
0.505
0.4215
0.3867
0.525
0.7771
0.6385
0.8367
0.8
0.7213
0.5858
0.5367
0.5702
0.8244
0.7933
0.6133
0.6533
0.6606
0.5292
0.7198
0.6064
0.579
0.5346
0.5527
0.7073
0.659
0.5167
0.4506
0.5588
0.5804
0.5946
0.5381
0.6781
0.7892
0.7442
0.7181
0.6206
0.6488
0.5935
0.6344
0.6196
0.6688
0.6658
0.6665
0.7071
0.4746
0.6171
0.6694
0.5452
0.4833
0.5508
0.6859
0.8683
0.7829
0.7117
0.2835
0.2058
0.5192
0.5494
0.4921
0.2833
0.6588
0.7079
0.6796
0.8529
0.8723
0.8063
0.855
0.899
0.8985
0.8329
0.814
0.92
0.901
0.839
0.8494
0.8215
-99
-99
-99
-99
-99
-99
-99
-99
-99
-99
-99
-99
-99
-99
-99
-99
-99
-99
-99
-99
-99
-99
-99
-99
-99
-99
-99
-99
-99
-99
-99
0.7646
0.7627
0.7992
0.814
0.7965
0.806
0.8402
-99
0.7007
0.7008
0.7831
0.9181
0.9398
0.9454
0.9506
0.6313
0.5233
0.5402
0.7023
0.766
0.6594
0.8615
0.7929
0.6067
0.7098
0.7135
0.7408
0.6194
0.4452
0.4754
0.7644
0.7415
0.4304
0.5492
0.7919
-99
-99
0.3507
0.554
0.6906
0.7854
0.7251
0.7252
0.7394
0.731
0.7642
0.8619
0.8604
0.8423
0.6798
0.6442
0.4288
0.5452
0.7423
0.7252
0.7467
0.6021
0.5938
0.6598
0.8621
0.7604
0.6696
0.5238
0.8398
0.7679
0.8185
0.8142
0.7419
0.695
0.6308
0.6819
0.4927
0.7415
0.7098
0.6942
0.7035
0.646
0.6921
0.6681
0.5171
0.5021
0.6815
0.704
0.7544
0.6698
0.725
0.6635
0.724
0.7356
0.6604
0.4935
0.6044
0.9263
0.8381
0.69
0.659
0.8535
0.8369
0.7519
0.8313
0.8194
0.874
0.7829
0.7829
0.7738
0.6885
0.5546
0.645
0.716
0.6838
0.5785
0.4769
0.4942
0.5058
0.4156
0.5371
0.6238
0.666
0.6781
0.7177
0.8123
0.7294
0.581
0.5719
0.696
0.7421
0.8238
0.9213
0.8723
0.9463
0.9383
0.7069
0.5825
0.614
0.5898
0.5092
0.4969
0.5494
0.5508
0.4915
0.4635
0.7279
0.6465
0.551
0.5081
0.549
0.544
0.5463
0.5627
0.5027
0.4433
0.3875
0.386
0.3952
0.6658
0.9146
0.6529
0.6421
0.8898
0.6369
0.6069
0.6277
0.5342
0.4117
0.3985
0.3985
0.3902
0.3579
0.3508
0.3725
0.3842
0.3304
0.3169
0.2854
0.4817
0.5575
0.5188
0.4446
0.5783
0.8129
0.8479
0.8144
0.6504
0.5585
0.5565
0.6177
0.6677
0.6233
0.626
0.5775
-99
0.5994
0.669
0.6771
0.4171
0.4371
0.6417
0.6304
0.5219
0.5183
0.4608
0.3388
0.4819
0.5354
0.5456
0.6431
0.6235
0.5625
0.5669
0.4948
0.5898
0.6667
0.6221
0.6548
0.6092
0.5933
0.6408
0.6563
0.5898
0.6721
0.7125
0.7892
0.55
0.5488
0.5767
0.5056
0.5204
0.4371
0.4169
0.4771
0.4938
0.4485
0.5975
0.8621
0.709
0.849
0.7817
0.7879
0.8267
0.7754
0.6913
0.6504
0.7021
0.6883
0.7154
0.6975
0.8515
0.7475
0.6788
0.6246
0.6867
0.7208
0.5994
0.6942
0.7019
0.6029
0.6042
0.6196
0.6838
0.8229
0.7892
0.7383
0.661
0.8331
0.8213
0.639
0.5075
0.5767
0.505
0.6048
0.7077
0.7221
0.7152
0.7225
0.9235
0.8517
0.7994
0.7465
0.7588
0.5975
0.6838
0.9188
0.9442
0.7915
0.8075
0.776
0.6873
0.636
0.7018
0.6471
0.6785
0.6292
0.7038
0.8798
0.8063
0.699
0.77
0.774
0.77
0.775
0.7835
0.7973
0.7956
0.9177
0.9115
0.8942
0.8769
0.7354
0.6044
0.7493
0.4604
0.651
0.7131
0.7785
0.9179
0.8225
0.7369
0.9677
0.9081
0.884
0.7852
0.931
0.8294
0.9431
0.9621
0.7435
0.8404
0.935
0.905
0.97
0.9104
0.8485
0.7715
0.5477
0.9098
0.8769
0.5052
0.6923
0.4927
0.6469
0.889
0.9302
0.831
0.9667
0.9108
0.7985
0.7231
0.8952
0.97
0.8729
0.9081
0.9315
0.8985
0.8808
0.9185
0.9698
0.8644
0.9665
0.8477
0.8115
0.9119
0.8256
0.9104
0.9656
0.8177
0.9131
0.7992
0.73
0.6856
0.9106
0.9342
0.8565
0.966
0.9633
0.9675
0.8731
0.9354
0.9738
0.8598
0.6092
0.7024
0.7496
0.8627
0.9596
0.9094
0.8471
0.7319
0.7179
0.2575
0.5517
0.6317
0.5317
0.7025
0.6004
0.5235
0.3731
0.4842
0.8425
0.7904
0.6469
0.5217
0.731
0.6596
0.6581
0.8877
0.7089
0.6863
0.7975
0.9175
0.9006
0.9288
0.8958
0.5202
0.7219
0.916
0.97
0.851
0.7792
0.8038
0.7644
0.8496
0.9177
0.8298
0.7719
0.7913
0.7044
0.7115
0.7435
0.7429
0.9052
0.794
0.7648
0.7717
0.6808
0.524
0.581
0.5831
0.6933
0.8177
0.7515
0.4813
0.4702
0.4023
0.4469
0.5123
0.4671
0.4204
0.5063
0.5419
0.6458
0.7278
0.9679
0.8871
0.8469
0.8329
0.7408
0.6429
0.4931
0.2879
0.581
0.4437
0.6452
0.691
0.759
0.7588
0.646
0.6465
0.6385
0.6294
0.5463
0.5173
0.604
0.5827
0.6154
0.8704
0.7073
0.7006
0.6177
0.61
0.5665
0.5896
0.6246
0.5431
0.5595
0.4977
0.5125
0.4485
0.536
0.4717
0.6833
0.9319
0.8912
0.915
0.7306
0.8106
0.7013
0.736
0.7023
0.7146
0.6794
0.7867
0.8033
0.6558
0.5681
0.6556
0.6396
0.5944
0.4015
0.6156
0.7213
0.4483
0.6152
0.5535
0.5329
0.4775
0.4517
0.4494
0.5271
0.5392
0.5048
0.6349
0.6094
0.5575
0.51
0.4919
0.5017
0.465
0.4056
0.3323
0.3475
0.4254
0.4383
0.5283
0.671
0.5723
0.3844
0.2848
0.206
0.2396
0.2838
0.3846
0.454
0.6
0.6985
0.6213
0.4967
0.3492
0.3996
0.3992
0.5081
0.7229
0.7506
0.5302
0.5777
0.7158
0.471
0.436
0.391
0.3342
0.44
0.5527
0.4279
0.5688
0.4888
0.3846
0.4513
0.3848
0.4923
0.6094
0.6052
0.636
0.5648
0.5188
0.5421
0.5546
0.4965
0.4967
0.5842
0.4131
0.3542
0.3368
0.334
0.3027
0.3188
0.3154
0.324
0.3175
0.3063
0.27
0.2485
0.231
0.3096
0.5638
0.7806
0.5302
0.4434
0.4692
0.6506
0.6167
0.4666
0.3846
0.4527
0.6106
0.5725
0.5483
0.3954
0.4773
0.755
0.856
0.9171
0.7548
0.7596
0.771
0.7252
0.8456
0.7782
0.5319
0.5894
0.5923
0.6227
0.6354
0.5821
0.4704
0.5292
0.4931
0.5133
0.6256
0.621
0.6402
0.7483
0.8208
0.7863
0.7275
0.7613
0.9681
0.8217
0.7958
0.9573
0.8129
0.726
0.6604
0.7915
0.6177
0.7156
0.7458
0.8165
0.8219
0.8227
0.7935
0.859
0.8756
0.7406
0.8281
0.7704
0.9698
0.97
0.97
0.9652
0.9469
0.8406
0.7281
0.8238
0.7725
0.961
0.97
0.97
0.7865
0.8073
0.97
0.9279
0.9096
0.7992
0.6277
0.7202
0.7921
0.8608
0.8388
0.8963
0.9054
-99
-99
-99
0.9563
0.9098
0.969
0.9663
0.9694
0.8798
0.7513
0.794
0.8508
0.7881
0.9429
0.9415
0.8677
0.6856
0.7933
0.9113
0.8994
0.9731
0.9377
0.9631
0.8551
0.734
0.7498
0.8323
0.8431
0.761
0.6667
0.8456
0.8588
0.9371
0.9494
0.8925
0.7704
0.7335
0.7913
0.929
0.8502
0.9492
0.6021
0.4031
0.77
0.8996
0.8338
0.95
0.7835
0.744
0.7058
0.5327
0.7733
0.384
0.5135
0.754
0.7794
0.7688
0.7633
0.9373
0.8381
0.8183
0.8523
0.915
0.8425
0.7953
0.7367
0.7138
0.7196
0.4523
0.2177
0.6933
0.7179
0.8925
0.8246
0.8625
0.816
0.7454
0.7115
0.5035
0.7308
0.6952
0.7525
0.7348
0.774
0.9204
0.8848
0.9032
0.8454
0.9829
0.9671
0.9818
0.0223
-99
-99
0.3834
0.2431
-99
0.6007
0.8202
0.8085
0.7956
0.8185
0.925
0.8052
0.7008
0.8771
0.9831
0.99
0.807
0.5071
0.6515
0.3426
0.4733
0.6133
0.6525
0.6273
0.6358
0.6571
0.6115
0.5375
0.6765
0.6648
0.7285
0.9579
0.9456
0.739
0.5323
0.4165
0.5235
0.7783
0.7125
0.6306
0.5502
0.4349
0.4813
0.464
0.5917
0.8133
0.7563
0.635
0.9319
0.8998
0.7008
0.6892
0.6348
0.6719
0.6908
0.7269
0.7575
0.8708
0.7413
0.6867
0.5119
0.7079
0.6567
0.716
0.5696
0.79
0.8425
0.6992
0.4679
0.5321
0.6054
0.8156
0.665
0.7069
0.6275
0.6306
0.5642
0.788
0.8477
0.7365
0.625
0.6942
-99
0.6889
0.6023
0.5017
0.7025
0.6213
0.5823
0.7027
0.8048
0.8063
0.586
0.6652
0.6702
0.5371
0.506
0.5594
0.5573
0.5435
0.5133
0.5777
0.644
0.6179
0.5356
0.6545
0.7415
0.6619
0.6502
0.74
0.7248
0.6577
0.6575
0.5288
0.5048
0.5102
0.5158
0.53
0.49
0.4473
0.4615
0.5802
0.6202
0.6004
0.5152
0.7335
0.4963
0.4181
0.4079
0.6765
0.5869
0.6046
0.5788
0.4963
0.6073
0.6069
0.5388
0.4592
0.4558
0.5067
0.5215
0.5812
0.549
0.5735
0.5798
0.5181
0.5967
0.5454
0.4463
0.4902
0.6454
0.7452
0.5858
0.5481
0.5613
0.5742
0.4929
0.4821
0.4415
0.5175
0.5915
0.5546
0.4275
0.386
0.4102
0.5579
0.4071
0.5194
0.554
0.6333
0.5279
0.4554
0.3968
0.3794
0.3858
0.7242
0.59
0.6023
0.5833
0.4467
0.5404
0.586
0.4167
0.3946
0.3898
0.5652
0.5731
0.5035
0.5671
0.5054
0.4744
0.3775
0.4165
0.5329
0.6192
0.6131
0.5027
0.5726
0.5652
0.6338
0.7365
0.799
0.8148
0.686
0.6517
0.5971
0.5521
0.4588
0.5306
0.621
0.5558
0.5804
0.6202
0.6067
0.7388
0.6727
0.7325
0.7163
0.6348
0.5356
0.5123
0.5867
0.696
0.6802
0.6467
0.5454
0.4925
0.4585
0.484
0.5663
0.6027
0.6527
0.6194
0.5606
0.6117
0.561
0.3758
0.4352
0.5185
0.6385
0.6796
0.5348
0.4529
0.5121
0.6042
0.6027
0.5258
0.52
0.606
0.6258
0.6442
0.731
0.6546
0.696
0.6698
0.565
0.4421
0.6069
0.6973
0.8429
0.8238
0.7242
0.7104
0.7904
0.9567
0.9138
0.835
0.6776
0.7115
0.9102
0.7723
0.8056
0.6648
0.5285
0.6775
0.7013
0.5961
0.25
0.4429
0.6119
0.7346
0.7698
0.8408
0.8452
0.7098
0.7898
0.8834
0.8744
0.8073
0.9271
0.8813
0.83
0.9867
0.8894
0.7415
0.8771
0.7904
0.9115
0.9944
0.9921
1
-99
-99
0.865
0.8073
-99
0.8813
0.7897
0.8495
0.9902
0.9114
0.6617
0.7669
0.7131
0.7485
0.8183
0.8127
0.8798
0.9448
0.6177
0.5112
0.5969
0.2863
0.4856
0.7906
0.854
0.971
0.99
0.9585
0.9519
0.8879
0.7277
0.7173
0.7798
0.7006
0.9744
0.9477
0.9813
0.9863
0.621
0.7779
0.959
0.8013
0.4908
0.6496
0.8342
0.8875
0.9242
0.7233
0.4279
0.3462
0.3871
0.5138
0.4696
0.3696
0.5283
0.549
0.7146
0.6838
0.6525
0.6879
0.7988
0.7704
0.7094
0.87
0.8581
0.7988
0.7383
0.6617
0.4081
0.4158
0.3167
0.5402
0.616
0.4969
0.4435
0.271
0.6885
0.7835
0.6685
0.6398
0.5513
0.5085
0.3927
0.5783
0.6608
0.6675
0.4541
0.4479
0.4517
0.2558
0.4325
0.5042
0.5575
0.669
0.5698
0.4333
0.5256
0.6781
0.4823
0.4256
0.3806
0.2879
0.3575
0.559
0.7285
0.8958
0.8206
0.7627
0.7579
0.559
0.5879
0.671
0.6054
0.5575
0.6065
0.7529
0.7863
0.7698
0.8196
0.6902
0.6329
0.5998
0.331
0.3519
0.3077
0.4448
0.5967
0.5738
0.8048
0.5435
0.5431
0.5583
0.4673
0.4696
0.61
0.7258
0.595
0.5433
0.5152
0.4871
0.4298
0.3465
0.2648
0.2531
0.256
0.4517
0.4206
0.4485
0.4898
0.4344
0.4556
0.4977
0.5896
0.6277
0.7319
0.7552
0.7413
0.6663
0.4425
0.5919
0.7908
0.6073
0.5571
0.4463
0.3944
0.5573
0.5742
0.5431
0.3071
0.2802
0.285
0.4106
0.4163
0.6375
0.8206
0.6292
0.4796
0.4629
0.5315
0.5265
0.5538
0.501
0.4963
0.5385
0.5448
0.6371
0.6052
0.5854
0.7038
0.515
0.4998
0.5081
0.426
0.3492
0.4119
0.5296
0.4992
0.4315
0.5331
0.3819
0.3402
0.2954
0.5075
0.3694
0.384
0.4877
0.5002
0.4569
0.559
0.5065
0.5
0.5167
0.5477
0.5815
0.5392
0.3598
0.3504
0.419
0.3506
0.2989
0.2196
0.3585
0.4256
0.4346
0.5073
0.4617
0.4956
0.5048
0.4463
0.6198
0.535
0.4679
0.4892
0.4952
0.4306
0.6067
0.9191
0.9815
0.5992
0.5519
0.4696
0.4081
0.5133
0.63
0.6048
0.629
0.7013
0.5406
0.5108
0.5694
0.6035
0.6598
0.6596
0.7065
0.7831
0.5794
0.4471
0.4477
0.4935
0.5825
0.47
0.6117
0.7875
0.7508
0.6352
0.581
0.6271
0.6721
0.5271
0.4342
0.4273
0.7196
0.7148
0.6988
0.7733
0.7513
0.5729
0.5352
0.6496
0.7073
0.7246
0.6077
0.5333
0.7775
0.4342
0.486
0.5444
0.5583
0.5856
0.7206
0.7283
0.6892
0.7475
0.6865
0.6763
0.7285
0.6727
0.584
0.5369
0.4294
0.5313
0.649
0.746
0.6723
0.6988
0.6779
0.8521
0.8544
0.9194
1
0.9623
1
0.776
0.6752
0.9152
0.9746
0.7269
0.7831
0.7806
0.9729
0.8779
0.8023
0.785
0.7373
0.8373
0.8338
0.7304
0.8246
0.8565
0.8127
0.7996
0.8542
0.8548
0.8208
0.7042
0.5652
0.7848
0.7156
0.9973
0.9698
0.9642
0.736
0.9363
0.9567
0.9227
0.8938
0.8277
0.7879
0.8125
0.8527
0.825
0.8846
0.8952
0.7867
0.8402
0.8238
0.7594
0.7125
0.8063
0.9763
0.8604
0.7838
0.7135
0.8321
0.8182
0.8683
0.5685
0.7563
0.7996
0.9004
0.9448
0.9881
0.9142
0.9779
0.8942
0.86
0.8442
0.7844
0.9546
0.7742
0.7971
0.7006
0.9785
0.9721
0.986
0.9154
0.851
0.8723
0.9235
0.845
0.6598
0.5006
0.7969
0.8365
0.8748
0.9115
0.936
0.8258
0.9048
0.9935
0.9431
0.7877
0.729
0.8373
0.8919
0.8781
0.9604
0.9733
0.8819
0.9929
0.946
0.9665
0.7602
0.7629
0.8783
0.964
0.9742
0.9817
1
0.9773
0.9977
0.9629
0.8665
0.9983
0.9915
0.9671
0.8806
0.9427
0.8498
0.909
0.8217
0.9171
0.8396
0.836
0.9329
0.7965
0.5652
0.5177
0.8129
0.6867
0.7602
0.8719
0.8879
0.8535
0.785
0.871
0.7729
0.8117
0.8102
0.7148
0.6088
0.7629
0.4929
0.3779
0.6885
0.6381
0.7133
0.684
0.474
0.5198
0.9385
0.7879
0.826
0.7856
0.6273
0.8446
0.9396
0.8554
0.8173
0.8198
0.85
0.7331
0.716
0.6198
0.6383
0.461
0.5602
0.6006
0.6283
0.6227
0.539
0.6433
0.6685
0.5606
0.7625
0.8648
0.8188
0.7102
0.6748
0.5533
0.6063
0.6729
0.5083
0.5846
0.6683
0.8817
0.8198
0.7065
0.7677
0.8667
0.6615
0.5885
0.4944
0.5144
0.5729
0.6871
0.5531
0.5469
0.6608
0.6904
0.6313
0.4869
0.5115
0.6321
0.5769
0.7373
0.6748
0.5173
0.6819
0.6913
0.6577
0.7777
0.6315
0.5006
0.4683
0.5
0.5294
0.4794
0.5558
0.565
0.4927
0.4667
0.5044
0.4492
0.4948
0.4317
0.3575
0.404
0.6315
0.4942
0.3556
0.4802
0.361
0.3271
0.4635
0.431
0.4606
0.4135
0.4988
0.5669
0.5204
0.4294
0.366
0.3244
0.3527
0.6004
0.6054
0.671
0.5006
0.4892
0.4994
0.5021
0.501
0.4544
0.5731
0.5802
0.4654
0.4871
0.4679
0.5
0.4063
0.3267
0.344
0.4679
0.4725
0.6473
0.5744
0.5785
0.5231
0.5131
0.4344
0.4442
0.5338
0.5219
0.5623
0.6077
0.5388
0.5425
0.6208
0.4249
0.3309
0.3704
0.484
0.4896
0.3967
0.2981
0.346
0.4896
0.5315
0.4023
0.4856
0.5094
0.5338
0.5815
0.4569
0.431
0.5267
0.469
0.4381
0.3594
0.5431
0.5792
0.5142
0.5088
0.5671
0.9029
0.7288
0.7035
0.6238
0.5294
0.4583
0.5721
0.4938
0.5833
0.7844
0.6481
0.5963
0.5896
0.6113
0.5694
0.636
0.6498
0.6756
0.7533
0.6371
0.496
0.5477
0.624
0.531
0.5998
0.606
0.6175
0.6523
0.8025
0.8838
0.9655
0.6169
0.8438
0.7577
0.714
0.6794
0.611
0.7004
0.8545
0.9315
0.7902
0.736
0.6379
0.6448
0.6858
0.7173
0.6985
0.72
0.645
0.6404
0.6977
0.6933
0.6456
0.6988
0.796
0.826
0.8027
0.7936
0.9965
0.8604
0.7248
0.7102
0.7923
0.8617
0.9231
0.9017
0.9488
0.9608
0.8619
0.9846
0.7719
0.6998
0.679
0.5913
0.7271
0.8796
0.7248
0.8533
1
0.9123
0.7958
0.7777
0.8338
0.7231
0.7667
0.7102
0.8165
0.9454
0.9885
0.9981
0.9735
0.729
0.801
0.9542
0.9481
0.8758
0.8871
0.9725
0.9194
0.7983
0.8831
0.9527
0.786
0.9041
0.9218
0.8536
1
0.989
0.7811
0.8555
0.8963
0.9181
0.914
0.6883
0.9325
0.8417
0.8988
0.9933
0.9992
0.9765
0.991
0.9944
0.9113
1
1
0.9758
0.9654
0.9419
1
0.9573
0.9881
1
1
0.8544
0.7192
0.694
0.7648
0.8271
0.8579
0.9683
0.9038
0.8892
0.9296
0.9154
0.9123
0.9983
1
0.9181
0.894
1
1
0.935
0.9852
0.9652
0.9756
0.9998
1
0.9598
0.9396
0.9929
0.9973
0.7419
0.444
0.8829
0.9513
0.9179
0.8785
0.6904
0.6369
0.9904
1
0.9977
0.8938
0.92
0.8933
1
0.8175
0.9021
0.775
0.696
0.81
0.6744
0.63
0.6927
0.6279
0.194
0.7767
0.9758
0.9942
0.857
0.9583
0.9238
0.8023
0.8354
0.7738
0.6996
0.8017
0.8133
0.7465
0.7404
0.8056
0.6555
0.66
0.6967
0.9296
0.4388
0.6681
0.2638
0.4338
0.5069
0.5227
0.5481
0.5267
0.6655
0.8232
0.8011
0.5002
0.5002
0.3469
0.2925
0.5832
0.5687
0.6013
0.7329
0.9008
0.7498
0.7035
0.7152
0.8809
0.9185
0.8152
0.9654
0.9473
0.995
0.9213
0.8242
0.7631
0.7042
0.793
0.8542
0.914
0.9921
0.9398
0.7778
0.6181
0.8296
0.648
0.6616
0.6463
0.6813
0.6162
0.5761
0.5513
0.531
0.5585
0.6555
0.7843
0.7396
0.8221
0.9752
0.818
0.8251
0.8668
0.6604
0.5493
0.627
0.7029
0.4936
0.4998
0.4526
0.5173
0.4896
0.63
0.6671
0.685
0.8685
0.7575
0.8638
0.6113
0.4942
0.5331
0.6221
0.5265
0.6287
0.8955
0.7388
0.5458
0.6085
0.6269
0.5902
0.4964
0.4529
0.6085
0.7089
0.8417
0.7173
0.6925
0.6194
0.5665
0.5846
0.5338
0.6971
0.5498
0.6075
0.6035
0.6148
0.655
0.795
0.51
0.5302
0.5329
0.4642
0.6219
0.5829
0.5025
0.525
0.5838
0.6475
0.6233
0.5683
0.5281
0.6444
0.6002
0.4435
0.4683
0.4294
0.3931
0.3925
0.5269
0.4779
0.6204
0.5838
0.5654
0.5196
0.3325
0.386
0.4842
0.5969
0.5215
0.6469
0.7246
0.6988
0.5227
0.4171
0.55
0.5352
0.4858
0.5329
0.6052
0.5381
0.5863
0.6321
0.6485
0.5308
0.6004
0.5577
0.6173
0.9356
0.621
0.6323
0.5556
0.4781
0.6615
0.6681
0.5638
0.4996
0.611
0.6113
0.6148
0.7767
0.5917
0.5588
0.7821
0.8065
0.7954
0.5471
0.4944
0.3706
0.3121
0.3552
0.6254
0.5323
0.4967
0.5077
0.6131
0.6038
0.5556
0.5781
0.4948
0.6646
0.5996
0.6546
0.69
0.6619
0.6183
0.6304
0.68
0.5871
0.7183
0.7844
0.7119
0.6533
0.8444
0.8754
0.794
0.685
0.7167
0.5623
0.4513
0.5033
0.6944
0.7777
0.7123
0.7727
0.9206
0.8304
0.9138
0.8956
0.9056
0.9063
0.7858
0.8725
0.8304
0.7702
0.7785
0.7333
0.719
0.7098
0.831
0.7606
0.8073
0.8283
0.719
0.7648
0.7542
0.7904
0.9254
0.8598
0.7794
0.7929
0.7685
0.5248
0.4019
0.6867
0.7098
0.7723
0.7673
0.9415
0.9898
0.8379
0.7302
0.7652
0.8073
0.7669
0.6244
0.764
0.6321
0.3429
0.3717
0.4958
0.4267
0.3458
0.8867
0.8838
0.9908
0.9963
0.9698
1
0.9208
0.9219
0.8929
0.994
0.9181
0.91
0.9644
0.9658
0.8773
0.9125
0.9217
0.9979
0.8963
0.6206
0.565
0.491
0.6073
0.6308
0.6458
0.7154
0.7219
0.6883
0.7042
0.7863
0.6715
0.6554
0.6913
0.8233
0.9213
1
0.8831
0.9927
0.8079
0.9927
0.9498
0.9946
0.8583
0.8624
1
1
-99
0.916
-99
0.9975
1
0.9928
0.8879
0.7891
0.8934
0.9317
0.9189
0.8294
0.854
0.9119
1
1
-99
-99
0.9775
0.9164
0.9986
0.7453
0.8182
0.9706
0.7843
0.9653
0.9789
0.9434
0.953
0.8898
0.7279
0.7879
0.7357
0.6787
0.5932
0.4909
0.48
0.7266
0.5923
0.6904
0.7468
0.7751
0.7926
0.8196
0.8808
0.9611
0.9378
0.956
0.8772
0.7438
0.7128
0.9993
0.9609
0.9513
0.9015
0.9574
0.9983
0.8349
0.7543
0.7085
0.6213
0.2823
0.5843
0.7021
0.8745
0.9105
0.6823
0.6785
0.6879
0.5591
0.4366
0.4613
0.6081
0.7511
0.9771
0.5938
0.607
0.7104
0.4802
0.5557
0.5689
0.7764
0.8209
0.6911
0.7738
0.7917
0.6038
0.3117
0.4591
0.4506
0.6779
0.7006
0.4217
0.816
0.7983
0.9119
0.9054
0.983
0.7887
0.707
0.7377
0.5713
0.7098
0.8536
0.9009
0.8094
0.9834
0.7636
0.6777
0.6681
0.626
0.6491
0.5515
0.5417
0.6657
0.7479
0.5762
0.626
0.4117
0.3926
0.4264
0.585
0.6406
0.6617
0.5126
0.9123
0.8149
0.7762
0.8491
0.7177
0.9474
0.824
0.933
0.9874
0.8777
0.943
0.8074
0.6674
0.8804
0.883
0.8532
0.9766
0.8438
0.9023
0.8862
0.7785
0.7162
0.8074
0.8421
0.907
0.947
0.8036
0.8472
0.7785
0.7466
0.7381
0.8462
0.8766
0.9104
0.6323
0.693
0.6987
0.7291
0.8217
0.9602
0.7198
0.6466
0.6479
0.5111
0.4709
0.4745
0.4477
0.6143
0.6355
0.8037
0.7262
0.6498
0.6611
0.584
0.694
0.6568
0.5291
0.5483
0.6683
0.5596
0.747
0.7585
0.6632
0.6223
0.8947
0.779
0.7206
0.7234
0.7317
0.6653
0.6987
0.6685
0.547
0.6798
0.5904
0.566
0.7121
0.5874
0.643
0.703
0.713
0.7128
0.4515
0.3989
0.5215
0.5785
0.5704
0.5274
0.504
0.4081
0.3881
0.5862
0.5904
0.5228
0.7583
0.6106
0.5387
0.7898
0.5735
0.6187
0.644
0.6909
0.557
0.6753
0.7521
0.6979
0.9674
0.6149
0.694
0.7464
0.8132
0.6272
0.5006
0.4638
0.6917
0.8019
0.7887
0.77
0.6768
0.5523
0.8513
0.7245
0.6949
0.5834
0.6715
0.7972
0.8041
0.71
0.6351
0.6604
0.7066
0.797
0.8231
0.8212
0.8402
0.8009
0.9757
0.9957
0.9735
0.9383
0.8689
0.7085
0.787
0.7506
0.8064
0.8349
0.7617
0.603
0.5451
0.6143
0.4966
0.5164
0.968
0.8551
0.7206
0.6538
0.8398
0.8619
0.8544
0.8655
0.8296
0.8787
1
0.8929
0.8938
0.8445
1
0.9876
0.8376
0.8923
0.8998
0.9069
0.9953
0.9928
0.9828
1
0.9821
1
0.9394
0.924
0.9797
0.9362
0.8556
0.8566
0.916
0.8355
0.8879
0.9417
0.5248
0.6165
0.78
0.8363
0.9377
0.9298
0.9398
0.925
0.949
0.91
0.8452
0.6483
0.4475
0.5919
0.7146
0.8548
0.8417
0.7048
0.6906
0.8321
0.8202
0.8363
0.6685
0.7565
0.7579
0.8546
0.8835
0.4417
0.5131
0.7733
0.8669
0.9256
0.8694
0.8631
0.8856
0.7613
0.8617
0.9227
0.951
0.8679
0.7304
0.7521
0.9073
0.9142
0.7835
0.7192
0.8838
0.8942
0.8298
0.9023
0.9333
0.8073
0.8042
0.9192
0.9015
0.8721
0.7771
0.7056
0.8792
0.9452
0.9513
0.9556
0.9588
0.9471
0.7504
0.8954
0.9523
0.9181
0.7625
0.7888
0.816
0.8149
-99
-99
-99
0.4664
0.6794
0.8015
0.7615
0.905
0.9488
0.9083
0.9248
0.7756
0.8498
0.8552
0.6794
0.5552
0.7577
0.5488
0.7042
0.6392
0.6946
0.744
0.779
0.7563
0.7656
0.7679
0.7638
0.7773
0.855
0.8485
0.8096
0.8171
0.765
0.7954
0.6865
0.5285
0.8977
0.9294
0.9444
0.8619
0.6717
0.4406
0.469
0.716
0.7573
0.7183
0.6956
0.7123
0.6485
0.6088
0.5769
0.565
0.6158
0.5644
0.5444
0.4594
0.6213
0.6433
0.5288
0.4813
0.5246
0.5892
0.5529
0.7854
0.7398
0.7504
0.9404
0.9556
0.9479
0.9233
0.7835
0.7267
0.7365
0.895
0.8619
0.7331
0.8725
0.7344
0.9198
0.8233
0.6602
0.7356
0.7073
0.7919
0.7644
0.7135
0.736
0.5819
0.5017
0.5094
0.4963
0.6406
0.9163
0.6867
0.506
0.645
0.7535
0.646
0.6754
0.6327
0.7244
0.7244
0.6215
0.6096
0.5344
0.6106
0.7525
0.6335
0.6363
0.7731
0.8158
0.694
0.6096
0.524
0.5735
0.5656
0.5348
0.5038
0.5642
0.5142
0.525
0.6588
0.6438
0.6204
0.5946
0.5221
0.5292
0.6302
0.5615
0.5356
0.4767
0.5752
0.8081
0.6629
0.6396
0.709
0.62
0.5129
0.5569
0.6165
0.5144
0.3629
0.4121
0.6688
0.5758
0.4863
0.569
0.6102
0.5146
0.5752
0.595
0.6046
0.5917
0.6158
0.596
0.5123
0.4373
0.4646
0.4783
0.4092
0.5085
0.4896
0.505
0.6967
0.8052
0.6798
0.7106
0.6181
0.6523
0.6104
0.4513
0.4498
0.5565
0.4963
0.4567
0.4069
0.5427
0.5085
0.4623
0.4685
0.3683
0.3665
0.4606
0.5696
0.4723
0.5483
0.3685
0.4804
0.5481
0.6733
0.7044
0.6779
0.6579
0.5679
0.486
0.5683
0.6477
0.7788
0.6856
0.6433
0.5967
0.6031
0.6381
0.5769
0.461
0.3979
0.3442
0.3258
0.3469
0.4481
0.5656
0.556
0.4819
0.6246
0.6735
0.541
0.6606
0.7179
0.5969
0.6815
0.6988
0.7158
0.6546
0.6625
0.6325
0.6042
0.6627
0.5777
0.5006
0.4777
0.5704
0.7163
0.7729
0.8246
0.7725
0.7565
0.65
0.8885
0.7783
0.8115
0.7202
0.6852
0.6077
0.6406
0.649
0.6806
0.6319
0.6267
0.55
0.6948
0.8198
0.8181
0.7496
0.6473
0.5594
0.5588
0.6231
0.7098
0.7954
0.7083
0.6827
0.6344
0.5744
0.6396
0.7202
0.565
0.5592
0.5735
0.665
0.7931
0.834
0.8198
0.7523
0.8917
0.9004
0.8819
0.8413
0.8352
0.9429
0.8308
0.8665
0.8873
0.7258
0.764
0.6294
0.6794
0.7769
0.6971
0.7302
0.54
0.681
0.7967
0.8442
0.7281
0.5988
0.629
0.5396
0.4908
0.6554
0.6156
0.5994
0.675
0.8442
0.8163
0.7744
0.5406
0.7546
0.9379
0.8194
0.8742
0.8102
0.6773
0.7519
0.8977
0.8579
0.9471
0.8196
0.8929
0.9433
0.8758
0.8313
0.8804
0.9317
0.9469
0.9773
0.9517
0.9367
0.9392
0.8063
0.4046
0.6533
0.8356
0.9592
0.9552
0.9598
0.7944
0.9285
0.9475
0.8096
0.9535
0.8083
0.8196
0.6677
0.8802
0.846
0.91
0.966
0.8752
0.8371
0.5758
0.6175
0.8
0.835
0.9388
0.8704
0.919
0.7292
0.8163
0.9148
0.8819
0.96
0.8998
0.8469
0.7963
0.776
0.8108
0.9794
0.996
0.9269
0.9538
0.9223
0.7802
0.8802
0.7881
0.7377
0.6413
0.6846
0.6883
0.6106
0.7042
0.8252
0.9369
0.4365
0.4348
0.4856
0.7527
0.7969
0.7244
0.9058
0.9006
0.8331
0.754
0.729
0.8088
0.9013
0.7944
0.6498
0.77
0.5256
0.7885
0.6313
0.6163
0.5533
0.8654
0.8965
0.7002
0.4173
0.7477
0.8321
0.6396
0.4531
0.7123
0.7408
0.7123
0.6871
0.7283
0.6021
0.4621
0.4319
0.634
0.6242
0.695
0.9127
0.81
0.8202
0.8746
0.6048
0.5275
0.6071
0.6471
0.5904
0.6079
0.7829
0.5781
0.5846
0.6206
0.5913
0.4415
0.6967
0.6498
0.5613
0.5052
0.5054
0.8569
0.7858
0.8223
0.7488
0.7075
0.5765
0.6994
0.8383
0.6442
0.6177
0.5973
0.8085
0.7694
0.6879
0.6648
0.6163
0.5133
0.5548
0.6533
0.7213
0.7881
0.9479
0.4598
0.7085
0.7152
0.7233
0.7735
0.82
0.7844
0.6865
0.8396
0.81
0.7923
0.5327
0.5835
0.6423
0.6498
0.4929
0.5775
0.5698
0.6238
0.6752
0.545
0.5367
0.4983
0.6096
0.7721
0.7596
0.6173
0.581
0.546
0.6965
0.6513
0.56
0.524
0.764
0.7481
0.6433
0.9256
0.7569
0.7988
0.709
0.799
0.8613
0.7479
0.7215
0.7592
0.7065
0.6483
0.4031
0.4927
0.6235
0.6477
0.5606
0.5121
0.5721
0.6129
0.7883
0.6906
0.6479
0.6592
-99
-99
-99
0.5817
0.6567
0.6058
0.5746
0.5046
0.6154
0.5023
0.4433
0.4785
0.5417
0.5625
0.529
0.6446
0.6519
0.674
0.6677
0.5906
0.736
0.7125
0.6413
0.5569
0.5708
0.6031
0.5619
0.6423
0.6448
0.649
0.6723
0.7615
0.7621
0.7185
0.6283
0.5977
0.5421
0.5992
0.6402
0.6079
0.609
0.7244
0.6696
0.6663
0.5823
0.604
0.6346
0.6825
0.8063
0.7121
0.599
0.47
0.4515
0.5315
0.5765
0.4798
0.3673
0.5158
0.5967
0.6227
0.615
0.6965
0.7129
0.6827
0.5938
0.5723
0.6423
0.5331
0.5144
0.5008
0.5423
0.5565
0.6129
0.6106
0.5954
0.5275
0.6277
0.7925
0.9169
0.7742
0.7631
0.8756
0.7833
0.8067
0.6594
0.6915
0.6806
0.7056
0.6727
0.6523
0.6977
0.7313
0.7402
0.7302
0.7542
0.7358
0.6392
0.691
0.6925
0.7454
0.9267
0.9123
0.7746
0.87
0.9185
0.9217
0.9063
0.6571
0.4731
0.7121
0.75
0.7425
0.7471
0.8113
0.8073
0.4494
0.4754
0.5285
0.5483
0.5931
0.8031
0.8523
0.7838
0.5925
0.795
0.7781
0.759
0.8908
0.859
0.9135
0.7754
0.7092
0.7767
0.8029
0.8417
0.8129
0.7792
0.564
0.7458
0.8575
0.8325
0.8777
0.8533
0.8798
0.9115
0.9256
0.856
0.8779
0.7531
0.8231
0.7383
0.8671
0.8502
0.774
0.6925
0.7388
0.7046
0.8375
0.7833
0.7304
0.879
0.8594
0.8642
0.9679
0.8029
0.9102
0.3217
0.5108
0.7719
0.7908
0.6542
0.8115
0.9146
0.9421
0.9215
0.6671
0.2877
0.7088
0.5235
0.5985
0.5527
0.7623
0.7873
0.8552
0.9267
0.8867
0.8206
0.8421
0.9083
0.7277
0.669
0.8313
0.8923
0.884
0.8294
0.9115
0.8117
0.8135
0.6527
0.8981
0.9123
0.8975
0.8271
0.2921
0.5063
0.6358
0.6844
0.7396
0.7527
0.6267
0.7702
0.8585
0.8788
0.8844
0.9269
0.6838
0.6577
0.8056
0.7319
0.6131
0.4692
0.5527
0.5785
0.576
0.6057
0.836
0.7313
0.8431
0.7729
0.7154
0.8496
0.8319
0.8115
0.8806
0.751
0.5944
0.6877
0.774
0.7423
0.7242
0.4579
0.4523
0.4448
0.6113
0.8008
0.6804
0.6515
0.6281
0.5277
0.6921
0.7021
0.694
0.6206
0.8402
0.8298
0.7688
0.8665
0.9181
0.659
0.7227
0.8006
0.7744
0.6877
0.6946
0.5192
0.514
0.6273
0.6917
0.7131
0.7731
0.7715
0.7713
0.6808
0.6275
0.5444
0.5363
0.8315
0.7544
0.5642
0.4771
0.5102
0.5096
0.6723
0.6844
0.7067
0.7108
0.7356
0.6146
0.6831
0.596
0.5333
0.5985
0.6525
0.5742
0.6919
0.9
0.7721
0.7631
0.6942
0.6067
0.6842
0.7288
0.6888
0.6781
0.6719
0.725
0.6804
0.6856
0.5327
0.6729
0.7473
0.6854
0.6377
0.6044
0.6067
0.6163
0.6292
0.5802
0.6469
0.5388
0.5396
0.5835
0.5383
0.5496
0.6363
0.5992
0.4829
0.4931
0.5121
0.7152
0.5913
0.5456
0.7948
0.8598
0.5346
0.6506
0.789
0.8771
0.7546
0.704
0.881
0.7796
0.6627
0.8483
0.721
0.6508
0.7123
0.6006
0.5544
0.6144
0.6071
0.5394
0.5406
0.6169
0.5973
0.4921
0.664
0.6052
0.5867
0.4494
0.4221
0.3998
0.6023
0.6065
0.5515
0.5671
0.6913
0.7315
0.5735
0.5842
0.5894
0.4667
0.45
0.4948
0.4915
0.5554
0.724
0.5852
0.5538
0.5785
0.5344
0.5452
0.5808
0.6121
0.6144
0.6494
0.5733
0.5765
0.6358
0.6585
0.6423
0.5754
0.6254
0.7027
0.6475
0.6623
0.5046
0.5104
0.5971
0.6044
0.5571
0.6281
0.5671
0.5271
0.549
0.5819
0.5342
0.5092
0.4767
0.5608
0.5127
0.4719
0.4565
0.4481
0.3477
0.2879
0.3202
0.4004
0.635
0.5996
0.5123
0.4044
0.5344
0.6113
0.6238
0.6406
0.6127
0.5138
0.7679
0.6663
0.6519
0.5879
0.424
0.5848
0.5248
0.4844
0.4938
0.5202
0.5098
0.611
0.5742
0.5279
0.5798
0.5967
0.5002
0.5685
0.5185
0.5804
0.5775
0.7981
0.706
0.6317
0.5577
0.5033
0.4981
0.4817
0.5419
0.5425
0.4521
0.3748
0.3798
0.4898
0.5419
0.4944
0.5863
0.5825
0.4815
0.4221
0.5338
0.6715
0.6596
0.6931
0.6565
0.6219
0.6273
0.6335
0.6154
0.6642
0.7106
0.8481
0.6771
0.5948
0.9273
0.8808
0.9
0.864
0.8108
0.8392
0.8292
0.9004
0.8556
0.9688
0.8458
0.9027
0.9175
0.8133
0.7194
0.7238
0.774
0.7502
0.8444
0.9213
0.9527
0.916
0.8152
0.6746
0.7783
0.7315
0.811
0.9309
0.8721
0.9267
0.9635
0.7675
0.9735
0.9527
0.97
0.9385
0.9173
0.9181
0.9375
0.9456
0.9123
0.8533
0.8575
0.8558
0.9569
0.9777
0.9702
0.821
0.6992
0.6042
0.6933
0.6206
0.6496
0.6763
0.8773
0.8027
0.8817
0.9544
0.9519
0.8692
0.5685
0.5604
0.7935
0.6821
0.7033
0.8629
0.9394
0.715
0.7585
0.8735
0.7456
0.3913
0.6171
0.8483
0.9146
0.7465
0.6629
0.806
0.9654
0.9354
0.906
0.7169
0.6842
0.8165
0.7835
0.8171
0.7998
0.8469
0.9402
0.8923
0.7575
0.7056
0.7725
0.9483
0.3802
0.4485
0.5971
0.7383
0.8838
0.5408
0.2288
0.4798
0.4481
0.1702
0.2998
0.5538
0.5356
0.1973
0.3092
0.2254
0.4233
0.4223
0.3208
0.6131
0.6502
0.6585
0.4031
0.4313
0.4352
0.3683
0.3931
0.4206
0.4502
0.644
0.6098
0.5825
0.4554
0.4398
0.7129
0.6408
0.5196
0.3085
0.3713
0.2817
0.4694
0.4765
0.5242
0.5715
0.4958
0.4513
0.4085
0.39
0.4463
0.4506
0.5144
0.4498
0.7977
0.846
0.6931
0.6092
0.5431
0.514
0.4492
0.4438
0.4327
0.3733
0.4263
0.4738
0.5088
0.8423
0.9071
0.8604
0.8542
0.6627
0.711
0.7348
0.6625
0.6469
0.7173
0.7294
0.7892
0.6235
0.34
0.4758
0.7046
0.6185
0.5794
0.7556
0.7142
0.6177
0.3915
0.5773
0.5375
0.4592
0.6323
0.6869
0.8704
0.6694
0.6283
0.5904
0.6788
0.6596
0.6421
0.594
0.6742
0.661
0.5475
0.5048
0.5477
0.6835
0.6077
0.5475
0.5952
0.7306
0.6244
0.7146
0.8373
0.7325
0.6344
0.6292
0.5488
0.4902
0.5781
0.6163
0.6302
0.595
0.5438
0.4913
0.4933
0.4481
0.8133
0.67
0.6023
0.6173
0.5527
0.519
0.4879
0.4758
0.4967
0.4821
0.551
0.5546
0.4221
0.3558
0.4192
0.4838
0.7833
0.6208
0.4323
0.5523
0.5458
0.5017
0.4327
0.4421
0.3931
0.3698
0.3829
0.4096
0.7788
0.5817
0.4773
0.5038
0.7706
0.7306
0.6946
0.666
0.64
0.5519
0.6138
0.5988
0.5713
0.5448
0.4842
0.5313
0.464
0.3423
0.3269
0.3923
0.576
0.5658
0.4717
0.476
0.505
0.4522
0.4598
0.564
0.6092
0.6473
0.5527
0.486
0.5477
0.5308
0.5315
0.6517
0.6881
0.561
0.4538
0.334
0.3223
0.3292
0.5131
0.6035
0.5852
0.4773
0.4504
0.4031
0.2875
0.3127
0.335
0.3523
0.3627
0.3331
0.3406
0.4994
0.4948
0.6058
0.65
0.6231
0.7958
0.4823
0.4263
0.3498
0.3919
0.5379
0.5625
0.5223
0.4983
0.6044
0.6825
0.6354
0.6596
0.5513
0.4519
0.4533
0.5098
0.5858
0.7408
0.7467
0.756
0.7275
0.7294
0.6813
0.7165
0.5992
0.5892
0.7271
0.5831
0.716
0.9088
0.8354
0.794
0.6767
0.5879
0.6615
0.6113
0.5652
0.669
0.6871
0.7096
0.6746
0.8906
0.8054
0.7921
0.7304
0.7854
0.6948
0.6771
0.6681
0.8144
0.7985
0.795
0.7108
0.7883
0.7723
0.9275
0.8988
0.7033
0.3394
0.6275
0.6702
0.7508
0.6785
0.66
0.7431
0.9275
0.8275
0.6981
0.6092
0.634
0.926
0.8929
0.9223
0.9373
0.8952
0.7656
0.8467
0.8873
0.9442
0.8644
0.9656
0.8833
0.869
0.9421
0.8142
0.7725
0.7898
0.9173
0.9615
0.794
0.4083
0.6696
0.83
0.85
0.8383
0.7227
0.716
0.8567
0.8183
0.685
0.7275
0.7748
0.7673
0.7275
0.7556
0.9321
0.9021
0.8306
0.7483
0.8577
0.8163
0.8779
0.73
0.8304
0.784
0.521
0.5338
0.8481
0.9092
0.9227
0.7813
0.9198
0.8715
0.8779
0.8538
0.8377
0.8506
0.8598
0.841
0.7719
0.8138
0.9673
0.966
0.9519
0.8458
0.9054
0.831
0.7415
0.7606
0.6031
0.779
0.9573
0.7298
0.6974
0.7467
0.6453
0.6885
0.4913
0.681
0.8546
0.6579
0.8371
0.8048
0.8321
0.856
0.5738
0.3363
0.6892
0.6673
0.5215
0.4056
0.6594
0.5085
0.8425
0.6342
0.5348
0.6106
0.659
0.8208
0.7442
0.7235
0.8192
0.8229
0.7908
0.7342
0.6702
0.6169
0.3321
0.4277
0.4863
0.4977
0.546
0.5265
0.6619
0.5283
0.6229
0.8369
0.8796
0.83
0.646
0.7256
0.6298
0.7456
0.7083
0.7102
0.3179
0.4123
0.6419
0.9146
0.6175
0.6296
0.6994
0.5729
0.5294
0.6954
0.65
0.7413
0.8604
0.8715
0.7844
0.8046
0.5898
0.6227
0.815
0.6733
0.6562
0.8229
0.909
0.6006
0.6606
0.594
0.604
0.6206
0.6127
0.5429
0.5152
0.4429
0.4192
0.5285
0.4523
0.4692
0.7085
0.4152
0.4698
0.6446
0.6229
0.5271
0.729
0.8477
0.9056
0.8988
0.9335
0.8596
0.63
0.7038
0.7271
0.7825
0.6904
0.58
0.6121
0.6673
0.7394
0.7781
0.6396
0.6758
0.6827
0.8179
0.9519
0.7521
0.7035
0.8117
0.8938
0.8829
0.7585
0.6631
0.7138
0.6308
0.5225
0.6079
0.7933
0.6906
0.6102
0.6465
0.6138
0.475
0.5865
0.6365
0.651
0.5908
0.5931
0.5404
0.6954
0.8142
0.6767
0.6008
0.6308
0.5573
0.6292
0.5367
0.4327
0.5315
0.8108
0.7746
0.6969
0.6527
0.6767
0.5623
0.6158
0.6231
0.6329
0.6277
0.5752
0.5631
0.6081
0.5708
0.5575
0.621
0.5592
0.42
0.4679
0.4569
0.4917
0.4715
0.5717
0.7051
0.4969
0.5667
0.6513
0.6067
0.5619
0.5815
0.6952
0.6567
0.5783
0.5798
0.6423
0.5946
0.5448
0.4977
0.391
0.5281
0.5831
0.5233
0.5431
0.4667
0.4387
0.3921
0.5158
0.5008
0.4433
0.4829
0.6819
0.7177
0.6204
0.6188
0.5817
0.5229
0.6238
0.6763
0.6433
0.6983
0.7006
0.6823
0.6585
0.6244
0.6077
0.7021
0.6646
0.6696
0.6296
0.676
0.6488
0.651
0.7044
0.7152
0.6923
0.585
0.6106
0.4908
0.5377
0.4729
0.5683
0.8594
0.7733
0.7044
0.6954
0.734
0.7085
0.6617
0.6706
0.6708
0.6119
0.6579
0.6815
0.6292
0.6192
0.559
0.549
0.6283
0.6952
0.679
0.5983
0.4113
0.4821
0.6521
0.6563
0.591
0.6217
0.8267
0.8604
0.8173
0.7544
0.6629
0.6856
0.7794
0.781
0.6604
0.6508
0.5298
0.6094
0.6692
0.695
0.679
0.6655
0.761
0.7231
0.7156
0.7583
0.7067
0.6525
0.7635
0.6383
0.6167
0.5008
0.6717
0.5981
0.585
0.5915
0.6279
0.6629
0.6756
0.6088
0.7083
0.7298
0.8119
0.691
0.6589
0.6067
0.665
0.8363
0.6879
0.415
0.6771
0.8023
0.8875
0.7281
0.3715
0.7235
0.5104
0.4317
0.6856
0.824
0.7779
0.78
0.6458
0.7648
0.6346
0.6533
0.8071
0.735
0.7608
0.8258
0.9458
0.8167
0.6904
0.694
0.7288
0.7625
0.846
0.9656
0.9492
0.7656
0.526
0.6477
0.8171
0.9221
0.6415
0.731
0.7017
0.751
0.875
0.8685
0.5813
0.7965
0.7377
0.7867
0.9033
0.8554
0.856
0.8973
0.8452
0.8765
0.7225
0.8673
0.8394
0.6458
0.5373
0.5863
0.7256
0.9594
0.9523
0.8519
0.8949
0.9174
0.8575
0.9054
0.9263
0.7679
0.7229
0.8494
0.8167
0.806
0.7079
0.7779
0.5413
0.754
0.8623
0.8154
0.7906
0.8502
0.7006
0.7229
0.8102
0.7302
0.686
0.6485
0.6794
0.7169
0.7446
0.8079
0.8173
0.6806
0.7027
-99
-99
0.6528
0.6975
0.7363
0.784
0.7142
0.6029
0.6171
0.661
0.7388
0.6654
0.7956
0.6938
0.6894
0.8244
0.6079
0.6017
0.6185
0.6913
0.6077
0.5454
0.441
0.5092
0.4746
0.486
0.556
0.5852
0.4325
0.5354
0.49
0.4877
0.7163
0.6481
0.7517
0.7196
0.5215
0.6648
0.679
0.5652
0.6115
0.6033
0.4869
0.8373
0.8352
0.6648
0.5525
0.8704
0.7398
0.5217
0.5635
0.5969
0.7175
0.72
0.699
0.6715
0.7183
0.7823
0.6554
0.64
0.6452
0.5298
0.4619
0.5765
0.8819
0.8294
0.7844
0.6325
0.7642
0.7038
0.7396
0.5502
0.5615
0.6231
0.6371
0.6442
0.5377
0.455
0.5656
0.6006
0.6317
0.5633
0.5929
0.614
0.595
0.5948
0.6992
0.6154
0.4721
0.5015
0.5123
0.5869
0.5688
0.66
0.6598
0.6792
0.525
0.5773
0.5827
0.6802
0.8023
0.694
0.8475
0.8296
0.8704
0.7729
0.6402
0.6704
0.6467
0.615
0.6475
0.5631
0.429
0.3802
0.3671
0.3806
0.4069
0.6067
0.6167
0.6003
0.5065
0.5904
0.6681
0.6267
0.5975
0.5733
0.4588
0.536
0.626
0.7115
0.8438
0.7427
0.6402
0.5529
0.5735
0.5594
0.7327
0.7231
0.6875
0.6969
0.5896
0.5625
0.8092
0.6644
0.5979
0.5417
0.5921
0.6454
0.6281
0.6329
0.6465
0.6606
0.5373
0.4535
0.4404
0.4838
0.4919
0.4871
0.461
0.4944
0.6471
0.6169
0.6256
0.7544
0.492
0.4848
0.4808
0.6179
0.8077
0.67
0.6898
0.7269
0.6606
0.6731
0.695
0.6273
0.4821
0.7117
0.7608
0.5679
0.5729
0.5758
0.6194
0.6233
0.6342
0.679
0.8563
0.8542
0.8927
0.834
0.714
0.671
0.609
0.6719
0.6677
0.6933
0.7483
0.7073
0.6531
0.6104
0.6602
0.7648
0.7488
0.7052
0.6302
0.686
0.7023
0.64
0.7427
0.7071
0.7027
0.7221
0.6408
0.711
0.7448
0.7206
0.7119
0.6288
0.6019
0.8585
0.93
0.8371
0.7504
0.685
0.6269
0.8283
0.8531
0.9098
0.9313
0.8046
0.7952
0.7444
0.7915
0.7383
0.7221
0.664
0.7083
0.7815
0.7323
0.8573
0.7688
0.7819
0.8563
0.8044
0.7329
0.5835
0.5181
0.5365
0.5619
0.6063
0.5563
0.5567
0.5704
0.6379
0.781
0.7852
0.8058
0.7963
0.7471
0.8217
0.7981
0.8517
0.8896
0.8704
0.8523
0.8027
0.7533
0.9031
0.924
0.835
0.8515
0.794
0.8948
0.7996
0.7996
0.749
0.831
0.7252
0.7135
0.8175
0.6888
0.5394
0.6517
0.8998
0.9454
0.8498
0.8279
0.8381
0.7627
0.786
0.8667
0.916
0.9773
0.9779
0.7542
0.655
0.8071
0.3206
0.6446
0.7754
0.7846
0.691
0.6746
0.851
0.9771
0.9715
0.9321
0.9748
0.9727
0.9831
0.9352
0.8988
0.9727
0.9754
0.9819
0.9513
0.5054
0.1908
0.5923
0.7344
0.5717
0.6267
0.7169
0.7452
0.5825
0.8894
0.9108
0.9694
0.9842
0.9008
0.971
0.6954
0.661
0.9088
0.7115
0.8554
0.9452
0.7119
0.8625
0.9415
0.9075
0.8913
0.5885
0.5383
0.1692
0.6627
0.7831
0.754
0.7306
0.6783
0.711
0.5452
0.7529
0.7494
0.516
0.2158
0.486
0.6988
0.8183
0.7296
0.6063
0.4556
0.6204
0.6985
0.7406
0.7563
0.6363
0.7083
0.7898
0.6704
0.6525
0.7031
0.451
0.6247
0.474
0.5004
0.6033
0.4419
0.5173
0.6527
0.6858
0.7379
0.6729
0.181
0.4983
0.5535
0.5492
0.5979
0.4823
0.5369
0.5875
0.751
0.6542
0.5952
0.6335
0.5917
0.6327
0.5063
0.4585
0.6273
0.755
0.7788
0.7746
0.6008
0.6556
0.635
0.6431
0.6756
0.656
0.6508
0.6417
0.6419
0.6079
0.661
0.7208
0.6171
0.6052
0.3888
0.3727
0.3898
0.5842
0.4844
0.3985
0.3748
0.3227
0.6871
0.7306
0.6577
0.7181
0.6392
0.5398
0.4902
0.5375
0.5325
0.6381
0.7756
0.6446
0.5173
0.644
0.5954
0.5835
0.6363
0.499
0.4629
0.4467
0.4454
0.4848
0.4798
0.465
0.4788
0.3469
0.3185
0.38
0.3179
0.3827
0.3154
0.5546
0.5004
0.8577
0.7596
0.4667
0.4125
0.4358
0.5196
0.4577
0.5131
0.5779
0.539
0.4652
0.5469
0.5938
0.4846
0.4488
0.4375
0.36
0.2802
0.3327
0.4417
0.5573
0.556
0.7048
0.5602
0.5923
0.6919
0.6608
0.7744
0.7596
0.6642
0.5454
0.546
0.545
0.4731
0.4852
0.6663
0.7052
0.586
0.5375
0.479
0.489
0.4398
0.3977
0.3702
0.3677
0.3921
0.3319
0.3267
0.3227
0.3071
0.4617
0.514
0.4215
0.554
0.624
0.5363
0.4669
0.4429
0.394
0.4069
0.5248
0.5154
0.5658
0.555
0.6383
0.67
0.5394
0.5625
0.46
0.4885
0.5908
0.6094
0.8531
0.8585
0.8008
0.6621
0.5635
0.5319
0.5288
0.4577
0.4738
0.8358
0.7248
0.6144
0.5592
0.6133
0.5417
0.506
0.6696
0.6367
0.6079
0.8898
0.6885
0.6206
0.661
0.6523
0.5821
0.4781
0.4744
0.5935
0.6225
0.546
0.4425
0.5131
0.5433
0.7767
0.8315
0.8754
0.961
0.8346
0.6681
0.6542
0.6663
0.6277
0.859
0.7915
0.6854
0.5438
0.5558
0.6085
0.5623
0.5767
0.6306
0.5779
0.6321
0.5058
0.5002
0.5879
0.5888
0.4842
0.7148
0.7156
0.6335
0.8233
0.7873
0.7604
0.6956
0.7077
0.5748
0.6963
0.5646
0.6571
0.7096
0.705
0.6708
0.559
0.6573
0.9454
0.8313
0.7377
0.6404
0.6833
0.8025
0.8115
0.8635
0.7396
0.6694
0.731
0.6648
0.645
0.7967
0.8904
0.7192
0.7473
0.7183
0.645
0.5556
0.7731
0.8056
0.7767
0.7985
0.7765
0.7027
0.7313
0.9275
0.9667
0.9446
0.8963
0.9398
0.9196
0.959
0.9694
0.9658
0.9067
0.8644
0.9717
0.5415
0.7354
0.4471
0.6367
0.6394
0.4504
0.6356
0.7388
0.7735
0.7371
0.6373
0.6231
0.6396
0.7017
0.6998
0.7379
0.7935
0.7902
0.8873
0.8567
0.8329
0.9083
0.9704
0.9175
0.8573
0.7627
0.6473
0.7667
0.7292
0.8146
0.8265
0.8563
0.8117
0.7623
0.7079
0.6094
0.5077
0.7165
0.7981
0.9208
0.8842
0.8569
0.7683
0.8029
0.9842
0.8021
0.6958
0.7123
0.7269
0.7027
0.684
0.6567
0.5348
0.7681
0.8515
0.6654
0.3477
0.584
0.6975
0.8685
0.7902
0.7956
0.8035
0.7379
0.7215
0.8975
0.9383
0.8725
0.8765
0.9029
0.8879
0.8994
0.8919
0.9065
0.8277
0.5667
0.4996
0.64
0.6731
0.695
0.6804
0.7369
0.9588
0.9617
0.8279
0.711
0.4875
0.381
0.7073
0.745
0.8194
0.6879
0.5444
0.6377
0.7215
0.7473
0.7317
0.7867
0.8929
0.8219
0.5023
0.7338
0.6254
0.4733
0.7492
0.6213
0.6533
0.7185
0.4865
0.6675
0.5213
0.6523
0.6594
0.7033
0.7698
0.8506
0.901
0.8113
0.6883
0.916
0.7721
0.7733
0.6996
0.5825
0.5096
0.7035
0.7575
0.5723
0.574
0.6829
0.4996
0.5213
0.6854
0.6654
0.6421
0.9052
0.8348
0.8167
0.7631
0.4654
0.5773
0.5888
0.5535
0.6379
0.6098
0.4985
0.5683
0.6513
0.6121
0.6173
0.636
0.4519
0.8596
0.7963
0.8238
0.649
0.6331
0.5871
0.7229
0.9531
0.7588
0.5515
0.3604
0.4777
0.5498
0.5775
0.5025
0.5348
0.5779
0.8567
0.9235
0.8781
0.8644
0.7265
0.7679
0.7258
0.6719
0.6783
0.6779
0.6621
0.6479
0.6515
0.5985
0.4981
0.5398
0.6
0.5867
0.5948
0.581
0.6683
0.615
0.6231
0.6694
0.6063
0.6083
0.5696
0.7038
0.6448
0.5973
0.539
0.5515
0.5267
0.4602
0.6808
0.5721
0.4746
0.4529
0.6092
0.5171
0.5531
0.7565
0.5502
0.5091
0.4615
0.4308
0.3625
0.3838
0.536
0.5815
0.599
0.4998
0.539
0.5644
0.5185
0.5565
0.5444
0.5163
0.4875
0.5244
0.5023
0.4898
0.4935
0.426
0.4196
0.5092
0.4888
0.4429
0.3698
0.4615
0.4071
0.3067
0.3456
0.3602
0.439
0.6302
0.6008
0.4996
0.4677
0.4748
0.5469
0.5498
0.4967
0.4408
0.4829
0.545
0.5431
0.5167
0.4535
0.5379
0.5394
0.5079
0.4463
0.5092
0.5385
0.5031
0.529
0.4542
0.3729
0.3917
0.4938
0.4965
0.5519
0.5996
0.5929
0.5429
0.5129
0.4446
0.3788
0.3558
0.4425
0.4254
0.5502
0.7067
0.6329
0.611
0.5396
0.5073
0.446
0.3983
0.3752
0.4483
0.5446
0.6617
0.6525
0.6354
0.5177
0.5667
0.6346
0.715
0.6285
0.585
0.6906
0.5608
0.58
0.6385
0.6121
0.5721
0.704
0.6273
0.6665
0.674
0.6738
0.5723
0.5956
0.5913
0.6108
0.6638
0.7227
0.6931
0.7031
0.8746
0.7269
0.7002
0.7108
0.6827
0.6583
0.82
0.9131
0.9146
0.6963
0.6285
0.7869
0.8194
0.8279
0.7623
0.7531
0.8556
0.8321
0.7852
0.706
0.7813
0.8227
0.7702
0.7863
0.74
0.76
0.7458
0.9304
0.9027
0.8694
0.9556
0.859
0.8681
0.8327
0.7196
0.849
0.8944
0.8821
0.8246
0.7361
0.7719
0.7752
0.7763
0.7738
0.8929
0.7831
0.9504
0.874
0.8221
0.9146
0.9154
0.6844
0.6908
0.7702
0.7435
0.7669
0.7644
0.7833
0.73
0.7165
0.6598
0.7881
0.7502
0.7002
0.891
0.9019
0.9952
0.9896
0.6294
0.7354
0.7248
0.795
0.7238
0.6667
0.6592
0.8983
0.954
0.8879
0.9904
0.99
0.9952
0.9375
0.9513
0.9188
0.8863
0.7727
0.9221
0.986
0.9229
0.9581
0.9573
0.9642
0.7283
0.6654
0.7894
0.8731
0.6835
0.611
0.8752
0.5025
0.5267
0.5073
0.564
0.2167
0.4938
0.5317
0.5825
0.5756
0.5771
0.7671
0.8402
0.7896
0.7771
0.7823
0.9002
0.846
0.771
0.7142
0.7569
0.8242
0.8731
0.8233
0.6915
0.6065
0.8206
0.5092
0.5563
0.6698
0.6852
0.6319
0.7046
0.88
0.7185
0.774
0.7944
0.7565
0.791
0.9085
0.8913
0.7473
0.5917
0.7919
0.7446
0.6702
0.7044
0.74
-99
0.5863
0.7489
0.7221
0.7052
0.5667
0.4669
0.7058
0.629
0.5279
0.4883
0.7529
0.7685
0.7281
0.7294
0.5494
0.4658
0.5792
0.5927
0.5402
0.6846
0.6744
0.6019
0.659
0.8981
0.6483
0.7725
0.7271
0.6388
0.5771
0.6596
0.8454
0.5621
0.6246
0.5819
0.6727
0.6225
0.5644
0.5173
0.4927
0.571
0.5215
0.5544
0.5444
0.5217
0.7248
0.7171
0.5785
0.6879
0.661
0.5692
0.461
0.4617
0.4298
0.4204
0.5992
0.9227
0.7881
0.5621
0.666
0.7633
0.65
0.729
0.79
0.6956
0.6613
0.5723
0.5704
0.6392
0.5665
0.6117
0.7833
0.6373
0.6313
0.6046
0.5729
0.4923
0.4694
0.7294
0.6825
0.5944
0.6171
0.56
0.5517
0.4979
0.4438
0.3952
0.4696
0.444
0.4625
0.5771
0.6098
0.5542
0.6279
0.8313
0.9706
0.849
0.5569
0.6079
0.621
0.5677
0.451
0.3665
0.3717
0.4019
0.3527
0.3746
0.4777
0.5183
0.4244
0.4608
0.5123
0.5938
0.4735
0.4725
0.5115
0.7108
0.6379
0.5898
0.5473
0.5006
0.4973
0.5617
0.571
0.4688
0.425
0.4025
0.3577
0.3794
0.441
0.7627
0.6083
0.5596
0.5096
0.5833
0.6013
0.5506
0.4927
0.4502
0.4323
0.4256
0.5313
0.7119
0.6252
0.6952
0.5515
0.5479
0.5479
0.4785
0.5706
0.5329
0.441
0.3706
0.5304
0.4215
0.344
0.3871
0.4598
0.6004
0.68
0.5338
0.8065
0.7056
0.6283
0.605
0.5008
0.4604
0.4517
0.5248
0.5304
0.49
0.6067
0.5269
0.4883
0.5106
0.479
0.4317
0.3363
0.3898
0.4852
0.4521
0.6217
0.6358
0.7285
0.5725
0.5273
0.514
0.6458
0.5927
0.6438
0.5777
0.5252
0.6594
0.4663
0.4588
0.5548
0.4869
0.5421
0.9765
0.8085
0.6346
0.5958
0.5492
0.4423
0.5123
0.7956
0.6515
0.6652
0.7127
0.7388
0.7419
0.7229
0.696
0.8229
0.8879
0.7692
0.774
0.7338
0.7263
0.6319
0.6144
0.6417
0.526
0.534
0.4831
0.5529
0.5642
0.705
0.7363
0.6869
0.676
0.8913
0.9213
0.831
0.8208
0.7842
0.826
0.7567
0.6533
0.66
0.775
0.8338
0.8429
0.8096
0.7769
0.7485
0.8008
0.7596
0.9052
0.7467
0.3181
0.554
0.695
0.7767
0.7698
0.8183
0.8927
0.4096
0.5567
0.6148
0.475
0.6308
0.7094
0.7717
0.7065
0.6658
0.5125
0.5265
0.571
0.7465
0.7004
0.6856
0.7379
0.7696
0.7581
0.5808
0.3027
0.5015
0.5665
0.7025
0.6556
0.6331
0.8398
0.8765
0.9292
0.8438
0.9335
0.8798
0.8785
0.6983
0.6863
0.5988
0.8281
0.776
0.9767
0.8713
0.946
0.9992
1
0.8596
0.9954
0.7327
0.8083
0.9352
0.8888
0.8329
0.6406
0.789
0.8369
0.7644
0.7244
0.7219
0.8681
0.9569
0.8702
0.9604
0.814
0.8975
0.7017
0.991
0.965
0.92
0.775
0.9021
0.8527
0.8944
0.7367
0.8919
0.9304
0.646
0.8083
0.7323
0.7944
0.6535
0.8756
0.836
0.725
0.9744
0.541
0.5254
0.9223
0.9029
0.9233
0.7392
0.6715
0.701
0.306
0.539
0.8585
0.6702
0.8281
0.7869
0.8956
0.9117
0.7948
0.7948
0.6919
0.525
0.5775
0.6265
0.5652
0.5856
0.6694
0.716
0.9923
0.9485
0.6075
0.6881
0.7154
0.8508
0.795
0.7324
0.5888
0.696
0.8519
0.7233
0.5631
0.7146
0.7667
0.7135
0.6981
0.8252
0.6935
0.8156
0.364
0.2494
0.3768
0.659
0.8827
0.899
0.8325
0.7119
0.6225
0.6208
0.5727
0.5619
0.5831
0.4983
0.5352
0.6356
0.6288
0.6185
0.536
0.9679
0.8302
0.8979
0.8465
0.8469
0.8733
0.7913
0.709
0.8383
0.8427
0.5715
0.6325
0.6183
0.5671
0.5563
0.6223
0.5467
0.5515
0.7275
0.695
0.761
0.8188
0.6417
0.8015
0.5777
0.6575
0.7046
0.7852
0.741
0.7742
0.7235
0.8692
0.8265
0.685
0.8448
0.6563
0.6006
0.64
0.7452
0.7094
0.7225
0.7348
0.805
0.7348
0.8239
0.7267
0.629
0.5135
0.641
0.6825
0.835
0.8292
0.8767
0.8148
0.6885
0.7158
0.7915
0.7185
0.7275
0.866
0.8052
0.7246
0.6319
0.7671
0.6867
0.7648
0.5954
0.6423
0.6683
0.68
0.6573
0.5823
0.6342
0.5238
0.5125
0.5113
0.6123
0.6238
0.6038
0.546
0.5521
0.6983
0.6898
0.5598
0.5325
0.5838
0.471
0.4042
0.6536
0.5478
0.5373
0.4648
0.5081
0.5285
0.5781
0.5935
0.5263
0.4708
0.3985
0.5963
0.5433
0.5044
0.521
0.5808
0.7425
0.651
0.5919
0.574
0.5604
0.4756
0.4133
0.4442
0.5629
0.57
0.4792
0.4681
0.4456
0.4306
0.3985
0.4479
0.5038
0.5335
0.636
0.7483
0.7356
0.73
0.7438
0.6206
0.6656
0.6454
0.6508
0.8515
0.7898
0.63
0.5683
0.4929
0.5888
0.6818
0.6779
0.6913
0.6413
0.6142
0.6542
0.591
0.7269
0.7554
0.7369
0.6917
0.7175
0.6717
0.676
0.7275
0.7038
0.6988
0.7265
0.7692
0.6825
0.6571
0.6638
0.6725
0.7627
0.7135
0.6819
0.6927
0.681
0.6463
0.5508
0.6506
0.5629
0.5956
0.6063
0.5798
0.7104
0.6463
0.5769
0.5746
0.5277
0.5115
0.5483
0.5267
0.6392
0.7552
0.6723
0.7198
0.7575
0.8215
0.745
0.7163
0.7648
0.8156
0.9706
0.7831
0.7902
0.8117
0.722
0.7808
0.8883
0.8658
0.8998
0.9308
0.7833
0.7833
0.9725
0.9338
0.7952
0.7644
0.8594
0.7992
0.8454
0.8652
0.801
0.8371
0.8875
0.79
0.8244
0.9348
0.876
0.7894
0.7454
0.7513
0.81
0.8207
0.7991
0.9356
0.7713
0.8179
0.9513
0.9117
0.8206
0.8756
0.9308
0.9223
0.7348
0.6958
0.7927
0.6583
0.954
0.9498
0.8881
0.956
0.926
0.88
0.9573
0.9683
0.971
0.9131
0.9319
0.86
0.9367
0.975
0.9792
0.9421
0.9275
0.8406
0.725
0.741
0.8431
0.8777
0.8719
0.8804
0.9883
0.825
0.8763
0.9685
0.9831
0.9842
0.9921
0.9563
0.8694
0.9848
0.9781
0.8863
0.974
0.8944
0.8508
0.9548
0.9358
0.3458
0.6992
0.7721
0.8127
0.8698
0.8779
0.7865
0.9319
0.9423
0.9588
0.9283
0.8042
0.8946
0.861
0.3652
0.4658
0.8196
0.721
0.7892
0.8404
0.7133
0.881
0.834
0.6565
0.6417
0.5256
0.68
0.8723
0.865
0.8565
0.7254
0.6738
0.7083
0.7665
0.576
0.396
0.3194
0.3288
0.3738
0.4767
0.611
0.7567
0.6831
0.6979
0.5477
0.5567
0.559
0.5335
0.586
0.5423
0.7179
0.6354
0.5731
0.4404
0.6563
0.7494
0.5652
0.56
0.6842
0.6596
0.6098
0.5875
0.5435
0.6135
0.6723
0.5738
0.439
0.4783
0.5446
0.5144
0.4713
0.4588
0.4481
0.4273
0.4631
0.5127
0.4848
0.514
0.5385
0.6292
0.7073
0.591
0.6254
0.7871
0.566
0.6608
0.826
0.7869
0.67
0.7442
0.7027
0.5446
0.4917
0.3977
0.4804
0.6396
0.7152
0.6698
0.5865
0.4265
0.4996
0.6121
0.6735
0.8265
0.705
0.7294
0.5333
0.629
0.6758
0.719
0.6765
0.6373
0.7033
0.8485
0.6656
0.2302
0.4277
0.575
0.6817
0.4002
0.6448
0.5202
0.3706
0.4185
0.4848
0.5677
0.5706
0.8602
0.8108
0.7627
0.6977
0.5631
0.5104
0.481
0.8903
-99
0.45
0.6826
0.6396
0.4765
0.5844
0.521
0.4821
0.4725
0.4508
0.3917
0.579
0.585
0.4808
0.4225
0.4077
0.5154
0.8469
0.6467
0.5042
0.5367
0.5388
0.5581
0.4465
0.3738
0.3831
0.651
0.6998
0.5831
0.449
0.3252
0.4283
0.2498
0.2875
0.2635
0.2181
0.2802
0.3475
0.4246
0.4485
0.4302
0.3933
0.3702
0.4469
0.5752
0.7117
0.654
0.4783
0.491
0.5708
0.7002
0.5838
0.5813
0.709
0.599
0.5827
0.5283
0.4158
0.3442
0.2938
0.3381
0.3825
0.4504
0.6754
0.5644
0.4546
0.5463
0.5767
0.4983
0.5085
0.4785
0.4879
0.441
0.4654
0.6185
0.5119
0.399
0.501
0.5825
0.4946
0.505
0.4606
0.5685
0.5369
0.5492
0.5465
0.6475
0.88
0.7894
0.6873
0.5438
0.544
0.5119
0.4596
0.621
0.6419
0.5535
0.5192
0.5313
0.5483
0.7144
0.619
0.5165
0.5602
0.4923
0.5123
0.5665
0.5908
0.6967
0.4998
0.5456
0.4446
0.4742
0.519
0.5369
0.5163
0.5202
0.5863
0.6296
0.7588
0.6906
0.5181
0.4838
0.5623
0.5754
0.5298
0.6842
0.5417
0.4725
0.4902
0.4596
0.6192
0.5567
0.6535
0.6871
0.6
0.5167
0.7217
0.6623
0.6398
0.7154
0.6796
0.8394
0.6619
0.6731
0.6356
0.7283
0.669
0.9015
0.8494
0.8919
0.8406
0.876
0.7748
0.5921
0.6933
0.7969
0.8598
0.8848
0.9227
0.8617
0.8927
0.6358
0.7444
0.6723
0.7692
0.83
0.6535
0.7792
0.714
0.8588
0.6671
0.8519
0.8994
0.8985
0.8623
0.879
0.8827
0.8723
0.7075
0.7935
0.8563
0.8085
0.6583
0.8713
0.8677
0.7194
0.7331
0.7471
0.7721
0.806
0.8338
0.8663
0.7294
0.9302
0.946
0.984
0.9885
0.7198
0.7379
0.7771
0.8123
0.7365
0.8163
0.8415
0.7679
0.6979
0.8581
0.8346
0.8756
0.7988
0.6438
0.6604
0.8554
0.9154
0.9773
0.9869
0.8994
0.9175
0.876
0.9744
0.9746
0.9854
0.9873
0.9915
0.945
0.7706
0.9883
0.8146
0.7854
0.9729
0.9413
0.7675
0.8123
0.8504
0.8231
0.7883
0.6792
0.689
0.4627
0.3554
0.5854
0.8204
0.9352
0.7767
0.7669
0.8723
0.9002
0.7485
0.7825
0.844
0.8538
0.8854
0.8638
0.8706
0.771
0.7879
0.5944
0.7713
0.8115
0.7979
0.7856
0.8963
0.8531
0.8356
0.8777
0.8106
0.8083
0.9469
0.8035
0.8713
0.7489
0.769
0.7198
0.7263
0.7333
0.7931
0.4873
0.6002
0.7773
0.7183
0.6485
0.6542
0.6371
0.6721
0.7133
0.5956
0.5115
0.7306
0.589
0.7469
0.6581
0.5581
0.7798
0.8988
0.7558
0.8498
0.7363
0.8069
0.7192
0.6473
0.641
0.7256
0.8225
0.7708
0.7671
0.794
0.7229
0.6844
0.6902
0.846
0.8646
0.8935
0.885
0.824
0.6825
0.5894
0.5531
0.7681
0.6335
0.5892
0.5619
0.6513
0.5056
0.7617
0.7656
0.679
0.704
0.7402
0.7106
0.8356
0.9213
0.9648
0.9038
0.8598
0.7231
0.7121
0.8115
0.8596
0.7083
0.6538
0.6033
0.6483
0.6771
0.6388
0.6283
0.6377
0.5738
0.6163
0.5392
0.6869
0.8956
0.6933
0.7775
0.794
0.8819
0.845
0.8888
0.7438
0.6246
0.5354
0.5456
0.5929
0.5525
0.569
0.7229
0.7279
0.6863
0.5883
0.5781
0.6065
0.6265
0.7215
0.8502
0.7954
0.8379
0.7242
0.666
0.6606
0.834
0.8423
0.8048
0.7177
0.8104
0.6448
0.5994
0.5335
0.5427
0.8988
0.7035
0.7523
0.724
0.701
0.5973
0.6235
0.6113
0.5996
0.5475
0.4938
0.5098
0.615
0.6438
0.7035
0.4763
0.6815
0.719
0.6129
0.5071
0.5498
0.6283
0.5933
0.5723
0.5277
0.5917
0.6721
0.7815
0.6998
0.6794
0.6429
0.65
0.6504
0.5938
0.5952
0.4881
0.4229
0.4185
0.6225
0.5863
0.5633
0.5573
0.4427
0.4567
0.3877
0.3388
0.3765
0.606
0.586
0.5733
0.565
0.5173
0.3933
0.4292
0.4175
0.4423
0.4054
0.5277
0.5531
0.6546
0.666
0.5548
0.405
0.5371
0.5235
0.4117
0.3927
0.5302
0.5346
0.5925
0.4794
0.5442
0.6356
0.7394
0.69
0.5883
0.5321
0.446
0.6017
0.581
0.56
0.584
0.6615
0.529
0.5375
0.8688
0.7775
0.6231
0.574
0.4929
0.4792
0.4856
0.5369
0.5148
0.7669
0.7325
0.6846
0.7373
0.716
0.6458
0.6271
0.4615
0.6096
0.4298
0.6177
0.555
0.5148
0.5521
0.8125
0.6871
0.6638
0.6908
0.6804
0.7448
0.7568
0.749
0.8648
0.6002
0.5054
0.6054
0.7054
0.545
0.5817
0.6115
0.5727
0.6227
0.7319
0.6873
0.8767
0.7725
0.7327
0.7183
0.7331
0.7569
0.7371
0.7542
0.6933
0.634
0.6681
0.6423
0.9273
0.9648
0.7819
0.7708
0.8494
0.8515
0.83
0.8819
0.8344
0.7938
0.7667
0.7771
0.8844
0.9231
0.7979
0.7367
0.9046
0.7685
0.6808
0.6615
0.7302
0.6802
0.8
0.7631
0.694
0.7644
0.8631
0.9542
0.9842
0.6683
0.8058
0.7377
0.7842
0.8165
0.9238
0.7475
0.7985
0.8435
0.9623
0.7263
0.7538
0.8069
0.8635
0.774
0.7856
0.8869
0.8898
0.9704
0.9702
0.8654
0.8856
0.9654
0.569
0.4998
0.7815
0.7133
0.6856
0.7921
0.8733
0.9206
0.8098
0.7475
0.8242
0.9221
0.8638
0.8121
0.8948
0.9492
0.9898
0.9802
0.95
0.9752
0.9827
0.9552
0.8748
0.8408
0.8396
0.7235
0.8148
0.8596
0.7394
0.7169
0.6696
0.8604
0.8648
0.8158
0.8954
0.7025
0.7629
0.696
0.5873
0.7304
0.7146
0.6756
0.5079
0.6219
0.8738
0.8452
0.8923
0.7948
0.7858
0.9058
0.9494
0.9513
0.93
0.829
0.8006
0.6035
0.62
0.5548
0.4569
0.8344
0.8571
0.7848
0.7194
0.8365
0.8938
0.7842
0.7144
0.7048
0.7819
0.8117
0.815
0.8113
0.796
0.8231
0.8831
0.8049
0.6785
0.709
0.6067
0.5979
