20000101
0.00
0.00
0.00
0.00
0.00
0.00
0.00
0.00
0.70
0.10
0.00
0.00
0.00
0.60
0.10
0.00
0.00
0.00
0.00
0.00
0.00
0.00
0.00
0.00
0.00
0.10
0.40
0.00
0.00
0.00
0.00
0.00
0.00
0.00
0.00
0.00
0.00
0.00
0.00
0.00
0.00
0.00
1.20
0.00
0.00
0.00
0.00
0.00
0.00
0.00
0.00
0.10
0.00
0.00
0.00
0.00
0.00
0.00
0.00
0.00
0.00
0.00
0.00
0.00
0.00
0.00
0.00
0.00
0.00
0.00
0.00
0.00
0.00
0.00
0.00
0.00
0.00
0.00
0.00
0.00
0.00
0.00
0.90
0.00
2.60
0.40
2.50
20.49
0.10
0.57
13.52
0.00
0.20
0.00
0.00
0.00
0.00
0.00
0.00
0.00
9.16
15.13
0.00
0.00
0.00
0.00
0.01
0.09
0.00
0.00
0.00
0.00
0.00
0.00
0.00
0.00
0.00
0.20
7.30
0.00
0.00
0.00
0.00
0.00
0.00
0.00
0.00
0.00
0.00
0.00
29.00
0.00
0.00
0.00
0.00
0.00
0.00
3.10
0.00
2.40
0.20
2.60
11.10
0.00
1.20
0.00
2.20
5.30
0.00
0.00
0.00
0.00
0.00
0.00
0.00
0.10
6.30
0.10
0.00
0.00
0.20
64.99
1.30
0.00
1.10
0.70
0.00
0.00
0.00
0.00
0.00
0.00
0.00
0.00
0.00
0.00
0.00
0.00
0.00
0.00
0.00
0.00
0.00
0.00
0.00
0.00
0.00
0.00
0.00
0.00
0.00
0.60
0.00
0.00
0.00
0.00
0.00
0.00
0.00
0.00
0.00
0.00
0.00
0.00
0.40
0.00
0.00
0.00
0.00
0.00
0.00
0.00
0.00
0.00
0.00
0.00
0.50
0.60
0.00
0.00
0.00
0.00
0.00
0.20
0.40
0.00
0.00
0.00
0.00
0.00
0.00
0.00
0.00
0.20
0.00
0.00
0.00
0.00
0.00
0.00
0.00
0.00
3.80
0.00
0.00
0.00
0.60
0.00
0.00
0.00
0.00
0.00
0.00
0.00
0.00
0.00
0.00
0.00
0.00
0.00
0.00
0.80
7.70
0.10
0.00
0.00
0.00
0.00
0.00
0.00
1.90
11.39
5.40
0.00
4.90
0.10
0.00
0.00
0.00
0.00
0.00
0.00
0.00
1.40
0.00
0.00
0.00
0.00
0.00
0.00
0.00
0.00
0.00
0.00
3.30
7.67
6.12
0.00
0.00
2.80
0.00
0.00
0.00
0.00
4.90
0.00
0.20
0.00
0.00
1.25
3.25
0.00
0.00
0.00
0.00
0.00
0.00
0.80
0.10
0.00
0.00
0.00
0.00
0.00
0.00
0.00
0.00
12.40
0.00
0.00
0.00
0.80
0.00
15.30
0.10
0.00
0.00
0.00
0.00
0.00
0.70
2.30
0.10
0.00
0.00
0.00
0.00
0.00
0.00
0.00
0.00
0.00
0.00
0.00
0.00
7.29
20.50
34.87
22.29
0.10
0.20
0.10
0.20
0.00
0.20
0.00
0.00
0.00
0.00
0.20
0.00
0.00
0.00
0.00
0.00
0.00
1.40
0.20
1.60
7.00
20.58
0.00
0.00
0.00
0.00
0.00
0.00
0.00
0.00
0.00
0.00
0.00
0.00
0.50
0.00
0.00
0.00
0.00
0.00
0.00
0.00
0.00
0.00
0.00
0.00
0.00
0.00
0.00
0.00
0.36
18.43
0.10
0.00
0.00
0.00
0.00
0.00
0.00
0.00
0.00
0.60
3.50
0.00
0.00
0.00
0.20
4.60
0.40
0.00
2.40
0.00
8.30
6.00
0.00
0.00
0.00
0.00
0.00
0.00
0.00
0.00
0.00
0.00
0.00
0.00
0.00
0.00
0.00
0.00
0.00
0.00
0.00
0.00
0.00
0.00
0.00
0.00
0.00
0.00
0.00
0.00
0.00
0.00
0.00
0.00
0.00
0.00
0.00
0.00
0.00
0.00
0.00
0.00
0.00
0.00
15.39
0.10
0.00
0.00
0.00
0.00
0.00
0.10
0.00
0.00
14.89
2.80
4.70
4.20
5.60
5.20
0.00
0.00
0.00
1.10
2.00
0.00
0.00
0.00
0.00
0.00
0.00
5.10
6.20
0.00
0.00
0.00
0.00
0.00
4.30
0.00
0.00
0.00
0.00
0.00
0.00
0.00
0.00
0.00
0.00
0.00
0.00
0.00
0.00
0.00
0.00
1.50
0.00
0.00
0.60
0.00
0.00
0.00
0.00
3.50
0.00
0.00
0.00
0.00
0.00
0.00
0.00
0.00
0.00
0.00
0.00
0.00
0.00
0.00
0.00
0.00
0.00
0.00
0.00
0.00
0.50
0.00
0.00
0.00
0.00
0.00
17.39
0.30
0.00
0.00
36.08
0.00
0.00
0.00
0.00
0.00
0.00
0.00
0.00
0.00
0.00
0.00
0.00
0.00
0.00
0.00
0.00
0.00
0.00
0.00
0.00
0.00
0.00
0.00
0.00
0.00
0.00
0.00
0.00
0.00
0.00
0.00
0.00
0.00
0.00
0.00
0.00
0.00
0.00
0.00
0.00
0.00
0.90
0.00
0.00
0.00
0.00
0.00
0.00
0.00
0.00
0.00
0.00
0.10
0.10
0.00
0.00
0.00
0.00
0.09
16.80
0.10
0.07
0.73
0.00
17.89
0.10
0.00
0.00
0.00
0.00
7.30
12.30
0.10
0.00
0.00
0.00
3.70
0.00
0.00
0.00
0.00
11.60
0.00
0.00
0.00
1.90
0.00
0.00
0.00
0.10
19.70
8.30
15.40
0.00
0.00
0.00
0.00
0.00
0.00
0.00
0.00
0.00
0.00
0.00
0.00
0.00
0.00
0.00
0.00
0.00
0.10
0.00
0.00
0.00
12.19
0.60
0.00
0.00
25.38
16.79
7.19
0.00
0.00
0.00
0.00
0.00
0.00
0.00
0.00
0.00
0.00
0.00
0.00
0.00
0.00
0.00
0.00
0.00
0.00
0.00
0.00
0.00
0.00
0.00
0.00
0.00
0.00
4.50
20.88
0.00
0.00
1.00
0.00
0.00
0.00
0.00
0.00
0.00
0.00
0.00
0.00
0.00
0.00
0.00
0.90
0.00
4.50
4.20
0.80
0.00
0.00
0.10
3.00
0.00
0.00
0.00
0.00
0.00
0.00
0.00
0.00
0.00
0.00
0.00
0.00
0.00
0.20
5.40
0.00
0.00
0.00
0.00
0.00
0.00
0.00
0.00
0.00
0.00
0.00
0.00
0.50
0.00
0.00
0.00
0.00
0.00
0.00
0.00
0.00
0.00
0.00
3.40
0.00
0.10
0.00
0.00
0.00
0.00
0.00
0.00
0.00
0.00
0.00
0.00
0.00
14.30
0.00
0.17
34.11
0.00
0.10
0.00
0.00
0.00
0.00
0.00
3.13
1.07
0.00
0.00
2.40
0.00
0.00
0.00
0.00
0.00
0.00
0.00
0.00
0.00
0.00
0.00
9.30
0.00
0.00
0.00
1.00
35.07
5.10
0.00
0.36
10.94
0.90
0.00
29.98
0.90
5.20
2.65
1.15
0.20
0.00
0.00
0.00
0.30
0.00
0.00
0.00
0.00
0.00
0.00
0.00
0.00
0.00
0.00
0.00
0.07
5.53
2.70
0.00
0.00
2.97
18.34
16.58
13.10
1.45
12.74
0.00
0.00
0.00
0.00
0.00
0.00
0.00
0.00
0.00
0.00
0.00
0.20
0.00
0.00
3.30
0.20
0.00
0.00
0.00
0.00
0.00
0.00
0.00
4.10
3.40
0.00
0.17
11.93
0.00
0.00
0.00
0.00
0.00
0.00
0.00
0.00
0.00
0.00
0.00
0.00
0.00
0.00
0.00
0.00
0.00
0.00
0.00
0.00
0.20
0.00
0.90
0.00
0.00
0.00
0.00
0.00
0.00
0.00
0.10
0.00
0.00
0.80
0.10
0.00
0.00
0.00
0.00
0.00
0.00
0.00
0.00
0.00
0.00
0.00
0.00
0.00
0.00
0.00
0.00
0.80
0.00
8.70
0.00
0.00
0.00
0.00
0.00
0.00
1.80
1.00
3.80
0.00
0.00
0.00
0.00
1.10
0.00
0.00
0.00
0.00
0.00
0.00
33.59
1.50
14.50
0.00
5.10
11.70
0.00
0.00
0.00
3.60
0.00
1.40
1.10
1.20
0.10
3.00
0.80
0.60
0.00
0.00
0.00
0.10
0.00
0.00
0.00
0.60
4.00
0.00
0.00
0.60
4.50
0.00
0.10
0.00
0.00
0.00
0.00
0.00
0.00
0.00
0.00
4.90
0.30
0.00
0.00
0.00
0.00
2.32
126.53
17.49
0.00
0.00
0.00
0.00
0.00
0.00
0.00
0.00
0.00
0.00
2.70
0.00
0.00
0.00
0.00
0.00
0.00
0.00
0.00
0.00
0.00
0.00
0.00
0.10
0.00
0.00
0.04
4.25
0.00
0.00
0.00
0.00
0.00
0.00
8.20
1.90
0.10
0.00
0.00
0.02
21.97
0.40
0.00
1.10
30.09
0.20
0.00
0.00
0.00
0.00
0.00
0.50
0.00
0.00
0.00
0.00
0.00
0.00
0.00
0.21
83.95
1.50
0.00
0.00
0.40
0.00
0.00
0.10
0.00
0.30
1.30
0.00
0.00
0.00
0.00
0.00
0.00
0.60
0.00
0.00
2.80
0.00
0.00
0.00
0.00
0.00
7.19
9.19
0.00
1.20
0.10
0.00
0.00
0.00
0.00
0.00
0.00
0.00
0.00
0.00
1.60
1.10
1.30
0.00
0.00
0.00
0.00
0.00
0.00
0.00
0.00
0.00
0.00
0.00
0.00
0.00
0.00
0.00
0.00
0.00
0.00
0.00
1.10
0.00
0.00
18.09
6.59
0.30
0.10
0.25
2.65
14.20
23.73
0.35
1.60
0.30
0.00
16.74
23.44
0.70
0.10
0.00
0.00
0.00
0.00
0.00
1.10
0.00
0.00
0.00
0.00
0.00
0.00
0.00
0.00
3.00
0.00
0.00
0.00
0.00
0.00
0.00
0.00
0.00
0.00
0.00
0.00
0.00
19.29
0.60
2.60
0.00
0.00
0.40
0.00
0.00
0.00
0.00
0.00
0.00
9.90
0.10
0.00
0.00
0.00
1.00
1.30
0.00
0.00
0.00
1.20
1.00
0.00
0.00
0.00
0.00
0.00
0.00
0.00
0.00
0.00
0.60
0.00
2.50
0.00
0.00
0.10
10.20
21.99
15.70
0.00
0.00
0.20
0.00
0.00
0.00
0.10
0.23
0.67
0.00
5.20
0.00
0.00
0.00
0.00
0.98
16.91
0.00
0.00
0.00
0.00
0.00
0.00
0.00
0.00
0.00
0.10
0.40
0.00
0.00
0.00
0.00
0.00
0.00
0.00
0.00
0.00
0.00
0.00
0.00
0.00
0.00
0.00
0.00
0.00
0.00
0.00
0.00
0.00
0.00
0.50
0.00
0.00
0.00
0.00
0.20
0.00
0.00
0.00
0.00
0.00
0.90
0.00
0.00
0.00
0.00
0.00
0.00
0.00
0.00
0.00
0.00
0.00
0.00
0.00
0.00
0.00
0.00
0.00
0.00
0.00
0.00
0.00
0.00
0.00
0.00
0.00
0.00
0.00
0.00
0.00
0.00
0.00
0.00
0.00
0.00
0.00
0.00
0.00
0.00
6.39
0.00
0.00
0.00
0.00
0.00
0.10
0.00
0.00
0.00
0.00
0.00
0.00
0.00
0.10
0.60
1.00
0.50
0.00
0.00
0.00
21.40
2.00
0.00
0.00
0.00
0.00
0.00
0.00
0.00
0.00
0.00
0.00
0.00
0.00
0.00
16.40
0.50
0.00
0.00
0.00
13.80
10.30
0.00
6.08
15.62
0.00
0.00
0.00
0.00
0.00
0.00
0.00
0.00
0.00
0.00
0.40
0.20
0.00
5.90
17.90
42.90
6.20
6.60
0.00
0.00
5.40
0.00
0.00
0.00
18.70
2.70
1.00
0.00
0.00
2.10
0.10
0.00
0.00
0.00
0.00
0.00
0.00
0.33
4.17
0.00
0.50
0.00
0.00
0.00
1.16
2.84
0.30
0.00
0.00
0.00
0.00
0.00
4.18
4.12
0.00
0.90
2.30
0.00
0.00
0.00
11.10
0.00
7.55
14.75
4.50
0.00
0.40
0.10
0.00
0.00
0.00
0.00
0.00
0.00
0.00
0.00
0.00
0.90
0.00
0.00
0.00
0.00
0.00
0.00
0.00
0.00
0.00
0.00
0.10
0.00
0.00
0.00
0.00
0.00
0.00
0.00
0.00
0.00
0.00
0.00
0.00
0.00
0.00
0.00
0.00
0.00
0.00
0.00
0.00
0.00
0.00
0.00
0.00
0.00
0.40
0.00
0.10
0.00
0.00
0.00
0.00
0.00
0.00
0.00
0.00
0.00
0.00
0.00
0.00
0.00
0.00
0.00
0.00
0.00
0.00
0.00
0.00
16.40
20.70
0.00
4.60
16.80
0.10
0.00
0.00
0.10
12.00
27.80
0.00
0.00
3.90
0.50
0.00
0.00
0.00
0.00
11.90
0.00
0.00
0.00
0.10
0.00
0.00
0.30
0.10
0.00
0.00
0.00
0.00
0.00
0.00
0.00
0.00
0.00
0.00
0.90
0.00
14.80
1.00
30.00
13.60
5.90
0.00
10.90
0.00
0.00
0.00
0.00
0.00
17.10
2.00
0.10
0.70
0.20
0.00
17.61
0.19
36.20
0.10
0.00
0.00
0.00
0.00
21.70
4.90
0.00
0.00
0.00
0.00
3.30
40.70
0.00
0.00
1.70
8.30
2.40
0.50
0.00
0.00
0.00
0.00
2.10
13.30
4.20
0.00
0.00
0.00
0.00
0.00
0.00
0.00
0.00
0.00
0.00
0.00
0.00
0.00
0.00
0.70
0.00
0.00
0.00
0.00
0.00
0.00
0.00
0.00
0.00
0.00
0.00
0.00
0.00
0.00
0.10
0.40
2.20
0.00
3.60
0.00
0.00
0.00
20.40
0.10
0.00
0.00
0.00
0.00
0.00
0.00
0.00
0.00
0.00
0.00
0.00
0.00
0.00
0.00
7.90
1.40
0.00
0.00
0.00
0.00
17.00
0.00
0.00
0.00
0.00
0.00
0.00
0.00
0.00
0.00
0.00
0.00
0.00
0.00
0.00
0.00
0.00
0.00
0.00
0.00
0.00
0.00
0.00
0.00
63.10
0.10
0.00
0.00
0.00
0.00
0.00
0.00
0.00
0.00
0.00
0.00
0.00
0.00
0.00
0.00
0.00
0.00
0.00
0.60
0.50
0.00
0.00
0.00
0.00
6.90
0.00
0.10
0.00
4.70
30.20
0.00
0.00
0.60
4.50
0.00
0.00
0.05
1.95
1.30
0.00
0.00
7.00
0.10
0.00
0.00
0.00
0.00
0.00
0.00
0.00
1.55
0.05
0.00
0.00
0.00
0.00
0.00
0.00
0.00
0.00
0.00
0.00
0.00
0.00
0.00
0.00
0.00
0.00
0.00
0.00
0.00
0.00
0.00
0.00
0.00
0.30
0.00
0.40
0.10
0.00
0.00
2.65
8.55
4.90
0.10
0.00
0.00
0.00
3.80
0.00
0.00
0.00
0.10
0.00
0.00
0.00
0.00
0.00
0.00
0.00
0.00
0.00
0.00
0.00
0.00
0.00
0.00
0.00
0.00
0.00
0.00
0.00
0.00
0.00
0.00
0.00
6.90
0.10
18.80
0.00
0.00
5.62
5.98
0.00
3.20
11.54
6.66
0.10
0.00
0.00
0.00
0.00
0.00
0.00
0.00
0.00
0.00
0.00
0.00
0.00
0.00
0.00
1.88
0.22
0.00
0.00
0.00
0.00
0.00
0.00
0.00
0.00
0.00
0.00
0.00
0.00
0.00
0.00
0.00
0.00
0.00
0.00
0.00
0.00
0.00
0.00
0.00
0.00
0.00
0.00
0.00
0.00
0.00
0.00
0.00
0.00
0.00
0.00
0.00
0.00
0.00
0.00
0.00
0.00
0.00
8.20
4.50
4.40
3.40
0.00
0.00
0.00
0.00
0.00
0.00
0.00
0.00
0.00
0.00
0.30
0.00
0.60
0.00
0.00
0.00
0.00
1.20
0.30
0.10
0.10
0.00
0.00
0.00
0.00
0.00
0.00
0.00
0.00
2.60
0.10
0.00
0.00
0.00
0.00
0.00
0.00
0.00
0.00
0.00
0.50
4.60
0.20
0.00
0.10
0.00
0.00
9.40
0.00
0.00
0.00
0.00
0.00
0.00
0.00
0.00
0.00
1.10
0.00
0.00
0.00
0.00
0.00
0.00
0.00
0.00
0.00
0.00
0.02
0.08
0.00
0.00
0.00
0.80
0.00
0.00
0.00
0.00
0.00
0.00
0.00
1.30
4.40
0.00
0.40
0.00
0.00
0.00
0.10
0.00
0.00
0.40
2.80
0.30
0.00
13.80
13.80
0.00
0.00
0.00
0.00
1.40
0.00
0.00
0.00
0.00
0.00
0.00
0.00
0.00
0.00
0.00
0.00
0.00
0.00
0.00
0.00
0.00
0.00
0.00
0.00
0.10
0.00
1.70
14.80
0.00
0.00
0.00
0.00
0.00
3.00
0.40
0.00
0.00
0.00
0.00
0.00
0.00
0.50
0.00
0.00
0.00
0.00
0.00
0.00
0.00
0.00
0.00
0.90
8.80
0.40
0.00
0.00
0.00
0.00
0.00
0.00
0.00
0.00
0.00
0.00
0.00
0.00
0.00
0.00
0.00
0.00
0.00
0.00
0.00
0.40
0.00
6.50
10.30
0.00
0.00
0.00
0.00
0.00
0.00
1.40
0.10
37.00
0.10
0.00
0.00
0.00
0.00
0.30
2.90
0.00
0.40
0.00
0.00
0.00
0.00
0.00
0.00
9.80
0.20
0.00
0.00
0.00
0.00
0.00
0.00
0.00
0.00
8.50
37.50
17.30
0.00
0.00
0.00
0.00
46.40
0.20
0.00
0.00
19.40
0.00
0.00
0.00
0.00
0.00
0.00
0.00
8.32
0.58
0.00
0.00
1.80
0.10
0.00
0.00
0.00
0.00
0.00
0.20
0.00
0.00
0.00
0.30
2.50
18.60
24.60
15.20
26.40
0.10
0.00
5.70
0.10
0.00
0.00
0.00
11.00
0.20
0.00
0.00
0.00
0.00
0.00
0.00
0.20
0.00
0.00
0.00
0.00
0.00
0.00
0.00
0.00
22.50
2.30
4.20
0.40
31.30
20.20
6.10
0.00
0.00
0.10
0.00
0.00
0.00
0.00
0.00
0.00
0.00
0.00
0.00
0.00
0.00
0.10
0.00
7.00
0.00
0.00
0.20
0.00
0.00
0.00
0.00
0.00
0.00
0.00
0.00
0.00
0.00
0.00
0.00
0.00
0.00
0.00
0.00
0.00
0.00
0.00
0.00
0.00
0.00
0.00
0.00
0.00
0.00
0.00
0.00
0.00
0.00
2.90
1.80
45.30
30.10
0.54
3.66
0.00
0.00
0.00
0.00
1.10
0.80
0.00
0.00
0.00
0.00
0.00
0.00
0.00
0.00
0.00
0.30
14.90
21.10
26.20
10.70
0.00
0.00
0.00
0.00
0.00
0.00
0.00
0.00
0.00
0.00
0.00
0.00
0.00
0.00
0.00
0.00
0.00
0.00
0.00
1.00
0.00
2.40
0.10
0.00
0.00
0.00
2.90
0.00
0.00
0.00
0.00
0.00
0.20
0.00
0.00
0.00
0.00
0.00
0.00
0.00
0.00
0.00
0.00
0.00
0.00
0.00
1.70
0.00
0.65
0.85
0.00
0.00
0.00
0.00
0.00
0.00
0.00
0.00
0.00
0.00
0.00
0.00
0.00
0.00
0.00
0.00
0.20
0.00
0.00
0.00
0.00
0.00
0.00
0.00
1.10
0.00
1.70
0.10
0.00
0.00
0.00
0.00
0.00
0.00
0.00
0.00
10.40
0.10
0.00
0.00
0.00
0.00
0.00
0.00
0.00
0.00
0.00
0.00
0.00
0.00
0.00
0.50
0.00
0.00
0.00
0.00
0.00
0.00
0.00
0.00
0.00
0.00
0.70
0.00
0.00
0.00
0.00
0.00
0.00
0.00
14.90
0.00
0.00
0.00
0.00
0.00
0.00
0.00
0.00
0.00
0.00
0.00
0.00
0.00
0.00
1.00
0.40
0.00
0.00
0.00
0.00
0.00
0.00
0.00
0.00
0.20
0.00
0.00
0.00
0.00
0.00
0.00
0.00
0.00
0.00
8.00
1.60
0.80
0.00
0.00
0.00
0.00
0.00
0.50
0.00
0.00
0.00
0.30
0.00
0.00
0.00
0.00
0.00
0.00
0.00
0.00
0.00
0.00
0.00
0.00
0.00
0.00
0.00
0.00
6.70
0.00
0.00
0.00
0.00
9.20
0.00
0.00
0.00
6.10
0.00
0.00
20.70
0.10
0.40
0.00
0.00
0.00
0.00
0.00
1.00
0.10
0.00
0.00
0.00
0.00
0.00
0.00
0.00
0.00
0.00
0.00
0.00
0.00
0.00
0.00
0.00
0.00
0.00
0.00
41.30
83.90
40.70
2.10
0.00
0.00
0.00
0.00
0.00
0.00
0.00
15.70
1.40
0.00
0.00
0.00
0.00
0.00
0.00
0.00
0.00
0.00
0.60
0.00
0.00
0.00
0.40
0.10
0.00
24.10
8.10
0.20
0.00
0.00
0.00
0.10
8.00
3.50
0.30
0.00
0.00
0.90
0.10
0.00
0.00
0.00
0.00
0.00
0.00
0.00
0.00
0.00
0.00
0.00
0.00
0.00
0.00
0.00
0.00
0.00
0.00
0.00
0.00
0.00
0.00
3.90
1.90
0.00
0.00
0.00
0.00
0.00
0.00
0.00
0.00
0.00
0.00
0.00
0.10
0.00
0.00
0.10
0.00
0.00
0.00
15.70
0.00
1.70
0.00
0.00
0.00
0.00
0.00
0.00
6.60
0.10
0.00
0.00
0.00
0.00
0.00
3.85
0.25
0.00
0.00
0.00
0.00
0.00
0.00
0.00
0.00
0.00
0.00
0.00
0.00
0.00
0.00
0.00
0.00
0.00
0.00
0.00
0.00
0.00
0.00
0.00
0.50
0.00
0.00
0.00
0.00
0.00
2.10
0.00
0.00
0.00
0.00
0.00
0.00
0.00
0.00
0.00
0.00
0.00
0.00
0.00
0.20
0.00
0.00
6.40
0.70
0.00
0.00
0.00
0.00
0.00
0.00
0.00
26.20
0.30
0.00
0.00
0.00
0.00
0.00
0.00
0.00
0.00
0.00
0.00
0.00
0.00
0.00
0.00
0.00
0.00
12.90
0.00
0.00
0.00
0.00
0.00
0.00
0.00
0.00
2.50
0.00
0.00
0.30
0.00
0.00
0.00
0.00
0.00
0.00
0.00
0.00
1.20
0.30
0.00
12.00
1.80
39.60
13.50
15.00
3.40
0.20
0.00
0.00
0.00
0.40
0.00
3.70
7.27
8.93
0.00
0.00
1.20
0.00
0.00
0.00
0.00
0.00
0.00
0.00
0.00
0.00
0.00
0.00
2.60
0.00
17.20
0.00
13.00
0.40
13.20
0.00
0.00
0.00
0.00
0.00
0.00
0.00
0.00
2.20
0.00
0.00
0.00
0.00
0.90
0.00
2.30
0.00
0.20
0.00
0.00
0.00
0.30
0.00
0.00
0.00
0.00
10.60
0.00
0.00
0.00
4.20
0.00
0.00
0.00
0.00
0.00
0.00
0.00
0.00
0.00
2.40
0.00
0.00
0.40
0.00
0.00
0.00
0.00
0.00
0.00
0.00
0.00
0.00
0.00
0.00
0.00
0.30
0.00
0.00
0.00
0.00
0.00
0.00
0.00
0.00
0.00
0.00
0.00
0.00
0.00
0.00
0.00
0.00
0.00
0.00
0.00
0.00
0.00
0.00
0.00
0.00
0.00
0.00
0.00
0.00
0.00
0.00
0.00
0.00
0.00
0.00
0.00
2.50
1.40
2.40
0.00
0.00
0.00
59.52
0.18
0.00
0.00
1.50
0.00
0.40
15.70
0.00
29.60
5.20
0.00
0.20
0.00
0.00
0.00
0.00
0.00
0.00
0.00
0.00
0.00
0.00
0.00
0.00
0.00
0.00
0.00
0.00
0.00
0.00
0.00
11.00
0.00
0.00
0.00
0.00
0.00
0.00
0.00
0.00
6.10
0.00
0.00
10.50
0.00
0.00
0.00
1.40
0.00
0.00
0.00
4.00
20.23
0.47
0.00
0.00
10.80
0.00
19.10
0.20
0.00
0.00
0.00
0.00
14.70
28.90
0.00
0.00
0.00
0.00
0.00
0.00
0.00
0.80
0.00
7.20
0.00
0.00
0.00
0.00
0.00
0.00
0.00
0.00
0.00
0.00
0.00
0.00
0.00
0.00
0.00
0.00
0.00
0.00
0.00
0.00
0.00
0.00
0.00
1.10
0.60
0.00
0.00
0.00
0.00
0.00
0.00
0.00
0.00
0.00
0.00
0.00
0.00
0.00
0.00
0.00
0.00
0.00
0.00
0.00
0.00
0.00
0.00
0.00
0.50
0.10
3.46
0.54
0.00
0.50
2.00
0.10
0.00
0.00
0.00
0.00
0.00
0.00
0.00
0.00
0.00
0.00
4.40
17.40
0.10
0.00
0.00
0.00
0.00
0.00
0.30
1.50
0.00
0.00
0.00
0.00
0.00
0.00
0.00
0.00
0.00
0.00
0.00
0.00
0.00
0.00
0.00
0.00
0.00
0.00
0.00
0.00
0.00
0.00
1.94
3.46
0.00
0.00
0.00
0.00
0.00
0.00
0.00
0.00
0.00
0.80
0.00
0.00
0.00
8.04
1.66
0.60
0.00
0.00
0.00
3.00
1.90
0.00
0.10
0.00
0.00
0.00
0.00
0.00
0.10
0.00
0.00
0.00
0.00
0.00
0.00
0.00
0.00
0.00
0.00
0.00
0.00
0.00
0.00
2.60
0.00
0.00
2.28
2.03
0.00
0.00
0.00
0.00
0.00
0.00
4.40
1.10
0.00
0.00
0.00
0.00
0.00
0.00
0.00
0.40
2.60
0.80
11.60
0.00
0.00
0.00
0.00
0.00
7.10
0.00
0.00
0.00
0.00
0.00
0.00
0.00
0.00
0.00
0.00
1.40
0.10
0.00
0.00
0.00
0.00
0.00
0.00
0.00
0.00
0.00
21.10
0.00
0.00
0.00
0.00
0.00
0.00
0.00
0.00
0.00
0.00
0.00
0.00
0.00
0.00
0.00
0.00
0.00
0.20
0.30
0.00
0.00
0.60
9.10
8.20
2.70
0.10
31.58
0.42
0.00
0.00
0.20
2.10
0.50
0.00
0.00
0.00
0.00
0.10
0.00
0.00
0.00
0.00
0.00
0.00
0.00
0.00
0.00
0.00
9.20
0.00
0.00
0.00
10.00
0.00
0.00
0.00
0.00
0.00
0.00
0.00
0.00
0.00
0.00
28.90
0.00
0.00
0.00
0.00
0.00
0.00
0.00
0.00
0.00
0.00
0.00
0.30
0.00
0.00
0.00
0.00
0.00
0.00
0.00
0.00
0.00
0.00
0.00
0.00
0.00
0.00
0.00
0.00
0.00
0.00
0.00
0.10
0.00
0.00
0.00
0.00
0.00
0.00
0.00
0.00
12.80
0.00
0.00
0.00
0.00
0.00
0.00
0.00
0.00
0.20
0.00
0.00
0.00
0.00
0.00
0.90
0.00
0.00
0.00
0.00
0.10
0.00
0.00
0.00
0.00
0.00
0.00
0.00
10.20
0.10
0.00
19.20
1.50
0.00
0.00
4.93
0.07
0.00
0.00
0.00
0.00
0.00
0.00
0.00
0.00
0.00
0.20
0.40
0.10
0.00
0.00
0.00
0.00
0.00
0.00
0.00
9.40
0.30
0.00
0.00
0.00
0.00
4.20
0.00
0.00
0.00
0.00
28.00
27.90
0.10
12.40
8.40
21.90
0.00
0.00
0.00
0.00
0.00
0.00
0.00
0.00
0.00
0.90
0.00
0.00
0.00
0.00
0.00
0.00
0.00
0.00
0.00
0.00
0.00
0.00
0.00
0.00
0.77
6.53
1.80
0.00
0.00
0.00
0.00
0.00
0.00
0.00
0.00
0.00
10.70
5.10
0.10
0.00
6.10
0.20
2.70
0.40
0.00
0.00
0.00
0.00
0.00
0.00
0.00
0.00
0.00
28.90
33.00
3.30
1.80
0.30
0.90
0.00
0.40
0.00
0.00
0.00
5.80
2.80
0.20
12.00
16.10
0.00
0.00
0.00
0.00
0.00
0.00
0.00
0.00
2.30
0.00
0.00
0.28
0.02
0.00
0.00
0.00
0.00
0.00
0.00
0.00
25.94
10.59
5.17
5.00
0.00
0.00
2.10
0.00
0.00
0.00
0.00
0.00
0.00
0.00
0.00
0.00
0.00
0.00
0.00
0.00
0.00
0.00
0.00
0.00
0.00
0.00
0.00
0.00
0.27
1.53
5.40
0.00
1.70
0.00
0.00
0.00
0.00
0.00
0.00
0.00
0.00
0.00
0.00
0.00
0.00
0.00
0.00
0.00
0.00
0.00
0.00
0.00
0.00
0.00
0.00
0.00
12.93
8.97
7.20
24.60
8.70
6.50
2.90
0.10
0.00
0.00
20.90
0.80
0.00
2.70
3.50
4.20
0.00
0.00
0.20
0.30
0.00
1.30
0.00
1.40
0.00
0.00
0.00
0.00
0.00
17.80
1.30
0.00
0.00
8.40
9.50
0.10
0.00
0.00
0.00
0.00
0.00
0.00
0.20
0.20
0.00
0.00
0.00
14.10
0.00
0.00
0.00
0.00
0.00
0.00
0.00
0.00
0.10
0.00
0.00
0.00
0.00
0.00
0.00
0.00
0.00
0.00
0.00
0.00
0.00
19.00
0.30
0.00
0.00
0.00
0.00
0.00
0.00
0.00
0.00
0.00
0.00
0.00
0.00
0.00
0.80
0.00
0.00
0.00
0.00
4.80
0.00
0.00
0.00
0.00
0.00
0.00
0.00
0.00
0.00
0.00
0.00
2.90
0.00
29.90
0.00
0.00
0.00
0.00
0.20
0.00
0.00
0.00
0.00
0.00
0.00
0.00
2.40
0.00
0.00
0.00
0.00
0.00
0.00
0.00
0.00
0.00
0.00
0.00
0.00
0.00
0.00
0.00
0.00
0.00
5.00
0.00
0.00
0.00
0.00
0.00
0.00
0.00
0.00
0.00
0.00
0.00
0.00
0.00
0.00
0.00
0.60
0.00
0.00
0.00
0.00
0.00
0.00
1.40
0.00
0.00
0.00
0.00
0.00
0.00
0.00
0.00
0.00
0.00
0.00
0.00
12.70
1.10
0.00
11.70
0.20
0.00
1.80
0.00
0.00
0.00
0.00
0.00
0.00
0.00
0.00
0.00
0.90
2.00
0.10
0.00
0.00
0.00
0.00
0.00
0.20
0.00
0.00
0.00
0.00
0.00
0.00
0.00
0.00
0.00
0.00
0.00
29.60
32.50
31.90
0.00
0.00
0.00
0.00
0.00
0.00
0.00
0.00
0.00
0.00
0.10
0.00
0.00
0.00
0.00
0.00
0.00
0.00
0.00
0.00
0.00
0.00
0.00
0.00
0.00
0.00
0.00
0.00
0.00
0.00
0.10
0.00
0.00
0.00
0.62
0.47
0.00
1.50
0.00
0.00
0.00
0.00
0.00
0.00
0.00
0.00
0.00
0.00
0.00
0.00
0.00
0.00
0.00
0.00
0.00
0.00
0.00
0.00
0.00
12.90
10.00
8.90
13.80
0.40
5.50
0.10
1.60
0.30
0.10
0.40
0.00
0.00
0.00
6.60
14.00
0.00
14.90
0.70
0.00
0.00
0.00
6.70
0.10
5.00
0.00
0.00
0.00
1.45
0.25
0.00
0.00
0.00
0.00
1.29
8.31
0.00
0.00
0.00
0.00
0.00
0.00
0.00
0.00
0.00
10.00
0.10
0.00
0.00
20.05
12.45
0.00
0.00
0.00
0.00
0.00
5.83
6.07
0.60
9.10
22.60
0.00
4.20
0.10
0.00
0.00
0.00
0.00
0.80
0.00
0.00
0.90
11.80
0.00
8.10
0.00
11.90
22.70
6.60
0.00
0.00
0.00
0.00
0.00
0.00
0.00
0.00
0.00
0.00
0.00
4.60
10.90
0.10
0.00
0.00
0.00
0.00
0.00
0.00
1.10
0.00
0.00
0.00
0.00
7.70
0.00
0.00
1.60
0.00
0.00
0.00
0.00
4.10
0.00
0.50
0.00
0.00
0.00
0.00
5.60
0.00
0.00
0.20
0.10
0.00
0.00
0.00
0.00
0.00
0.00
0.00
8.10
3.90
59.00
9.30
0.00
0.00
2.50
7.60
3.80
2.90
0.40
11.10
4.10
1.50
0.00
0.00
0.00
0.00
0.00
0.00
0.00
0.00
0.00
0.00
0.00
0.00
0.00
4.00
0.00
0.00
0.00
0.00
0.00
0.00
0.00
0.00
1.40
0.00
0.00
21.40
1.80
4.00
0.00
0.00
22.40
0.80
8.50
0.00
0.00
1.40
0.00
0.00
0.00
0.00
0.00
0.00
0.00
0.00
1.80
0.00
0.00
0.00
0.00
0.00
0.00
0.00
0.00
0.00
0.00
0.00
0.00
0.00
0.00
0.00
0.00
0.00
0.00
0.00
0.00
0.00
0.00
0.00
0.00
0.00
0.00
0.00
0.00
0.00
0.00
12.10
0.00
0.00
0.00
6.00
0.00
0.00
0.00
2.50
0.00
0.00
0.00
0.00
0.00
36.60
0.00
1.60
0.00
0.00
0.00
0.00
29.40
0.10
0.00
0.00
0.00
0.00
0.00
0.00
0.00
0.00
0.00
0.00
0.00
0.00
0.00
0.00
0.00
0.00
0.00
0.00
2.10
0.00
0.00
0.00
0.00
0.00
0.00
0.00
0.00
45.00
0.40
0.00
0.90
16.10
0.00
0.00
0.00
0.00
0.40
0.00
0.00
0.00
0.00
0.00
0.00
0.00
0.20
0.00
0.00
0.00
0.00
3.90
100.70
7.80
7.90
1.90
0.00
0.00
0.00
0.00
0.00
0.00
0.00
0.00
0.00
0.00
0.00
0.00
0.00
0.00
0.00
0.00
0.10
10.10
0.00
0.00
0.00
0.00
0.00
0.00
0.00
0.40
0.00
0.00
0.00
0.00
0.00
0.00
0.40
0.00
0.20
0.00
0.00
1.90
0.00
0.00
0.00
0.00
0.00
0.00
0.00
0.00
0.20
9.20
0.00
0.00
0.00
0.00
0.00
0.00
0.00
1.80
0.20
0.00
0.00
0.00
0.00
0.00
0.00
0.00
0.00
0.00
0.00
0.00
6.60
3.20
16.80
0.00
0.00
0.00
0.00
0.00
0.00
0.00
0.10
0.00
0.00
0.00
0.00
0.40
0.10
0.00
0.00
0.00
10.10
0.00
0.00
0.00
0.00
0.00
0.00
0.00
0.00
0.00
0.00
0.00
0.00
0.00
0.00
0.00
0.00
0.20
32.30
0.10
0.00
0.90
0.00
0.00
0.00
0.00
0.00
0.00
0.00
0.00
0.00
0.00
0.00
0.00
0.00
0.00
0.00
0.00
14.70
0.00
2.30
0.20
0.00
0.00
0.00
0.00
0.00
0.00
0.00
0.00
0.00
0.00
17.50
0.90
0.00
0.00
0.00
0.00
0.00
0.00
0.00
69.60
0.10
5.50
21.70
0.00
0.00
0.00
0.00
0.00
0.10
0.30
0.00
0.00
0.00
0.10
2.40
0.00
1.40
0.20
0.00
0.00
0.00
0.00
0.00
0.00
0.00
0.00
0.00
0.00
0.00
0.00
0.00
0.00
0.00
0.00
0.00
0.00
0.00
0.00
0.00
0.70
0.80
3.00
3.30
0.00
13.40
0.00
11.20
2.90
0.00
0.00
0.00
7.10
0.10
0.00
0.00
19.70
0.10
0.00
0.00
0.00
0.00
0.00
6.20
0.40
0.00
0.00
0.00
0.00
0.00
0.00
0.00
0.00
0.00
0.00
0.00
0.00
0.00
0.00
0.30
38.30
0.00
0.60
0.60
3.90
9.10
0.00
23.10
6.20
0.00
11.50
0.00
0.00
0.00
0.00
0.00
0.00
0.00
0.00
0.00
0.00
0.00
0.00
0.00
0.00
0.00
0.00
0.00
0.00
0.00
0.00
0.00
0.00
0.00
0.40
0.00
0.00
0.00
0.00
0.00
0.00
0.00
10.00
3.10
0.30
0.00
0.00
3.00
0.00
0.00
0.00
0.00
0.10
0.00
0.00
0.00
0.00
0.00
0.00
0.00
20.80
0.00
0.00
0.00
0.00
0.00
0.00
0.00
0.00
0.00
0.00
0.00
0.00
0.00
0.00
0.10
0.00
0.00
0.00
0.00
0.00
0.00
0.00
0.00
0.00
0.00
0.00
0.20
0.00
0.00
0.00
0.00
0.00
0.00
0.00
0.00
0.00
9.90
0.00
0.00
0.00
0.00
0.00
0.00
0.00
0.00
0.00
0.00
0.00
0.00
0.10
0.00
0.00
0.00
0.00
0.00
1.90
0.00
0.00
0.00
0.00
0.00
0.00
0.00
0.00
0.00
0.00
0.00
0.00
0.00
0.00
0.00
0.00
0.00
0.00
0.00
0.00
0.00
0.00
0.00
0.00
0.00
0.00
0.00
0.00
0.70
29.40
0.10
0.00
23.70
16.40
0.00
0.00
0.00
0.00
1.60
15.10
51.80
5.30
5.70
0.00
0.00
0.00
0.00
0.00
0.00
3.90
5.00
8.90
0.00
0.00
0.00
0.00
0.00
4.50
0.00
0.00
0.00
0.10
0.00
0.10
0.00
0.00
0.00
0.00
0.00
0.10
0.20
0.00
0.00
0.00
0.00
0.00
0.00
0.00
0.00
0.00
0.00
0.00
0.00
0.00
0.00
0.00
0.00
0.00
0.00
0.00
0.00
0.00
0.00
0.00
0.00
0.00
0.00
0.00
0.00
0.00
0.00
0.00
0.00
0.00
0.00
0.00
0.00
0.00
0.00
0.00
0.00
0.00
0.00
0.90
0.20
0.00
0.00
0.00
0.00
0.00
0.00
0.00
0.00
0.00
0.10
2.00
0.00
0.00
0.00
5.30
1.90
0.00
0.00
0.10
0.10
0.00
0.00
0.00
0.00
0.00
0.00
0.00
0.00
0.00
0.00
0.00
0.00
0.00
0.00
0.00
0.00
0.00
0.00
0.00
0.00
0.00
0.00
0.00
0.00
0.00
0.00
0.00
0.00
0.00
0.00
0.00
0.00
0.00
0.00
0.00
0.00
0.00
0.00
0.00
0.00
0.00
0.20
3.60
19.60
0.00
0.00
0.00
0.00
0.00
0.00
0.00
0.00
0.00
0.00
0.00
0.00
1.90
0.20
0.00
0.00
0.00
0.00
0.00
0.10
0.10
2.90
0.10
0.10
3.10
0.00
0.00
0.10
0.00
0.00
1.60
0.00
0.00
0.00
0.00
0.00
0.00
16.50
0.10
9.30
0.10
0.00
0.00
4.50
0.00
0.00
1.80
0.00
0.00
0.00
0.00
1.00
0.10
0.00
0.00
0.00
0.00
0.00
0.00
24.10
0.00
0.10
0.00
0.00
0.00
0.00
0.00
0.00
0.00
0.00
0.00
0.00
0.00
19.20
0.00
0.00
0.00
0.00
0.00
0.00
0.00
0.00
0.00
0.00
0.00
0.00
0.00
0.00
0.00
0.10
0.00
0.00
0.00
0.00
0.00
0.00
0.00
0.00
0.00
0.00
0.00
9.20
0.10
0.00
0.10
0.60
0.00
0.00
0.00
0.00
0.00
0.00
0.00
0.00
0.00
0.00
0.00
0.00
0.00
0.00
0.00
0.00
0.00
0.00
0.00
0.00
0.00
0.50
0.00
0.00
0.00
0.00
0.00
0.00
0.00
0.00
0.00
22.40
0.00
0.00
0.00
0.10
0.00
0.00
0.00
0.00
0.00
0.00
0.00
0.00
0.00
0.00
0.00
0.00
0.00
0.00
0.00
0.00
0.00
0.00
0.00
16.40
0.00
0.00
0.00
0.00
0.00
0.00
0.00
0.00
0.00
0.00
0.00
0.00
0.00
0.00
0.00
0.00
0.00
0.00
0.00
0.50
0.00
0.00
0.00
0.00
0.00
0.00
0.80
0.00
1.30
5.70
0.00
0.00
0.00
0.00
0.00
0.00
0.00
0.00
0.00
0.00
0.00
0.10
0.00
0.00
0.00
0.10
0.00
0.00
0.00
0.10
0.00
0.00
0.00
0.00
0.00
0.00
0.00
0.00
0.10
0.00
0.00
0.00
0.00
0.00
0.00
0.00
0.00
0.00
0.00
0.00
0.00
0.00
0.00
0.00
0.00
0.00
0.00
0.00
0.00
0.00
0.00
0.00
0.00
0.00
0.00
0.00
0.00
0.00
0.00
0.00
0.00
5.10
3.80
7.50
0.30
0.10
0.00
0.00
0.00
0.00
0.00
0.00
0.00
0.00
0.10
0.20
0.00
0.00
0.00
0.00
0.00
0.00
0.00
0.00
0.00
0.00
0.00
0.00
0.00
0.00
0.00
0.00
0.00
0.00
0.00
0.00
0.00
0.00
0.00
0.00
0.00
0.00
0.00
0.00
0.40
1.30
0.30
0.00
0.00
0.00
0.20
2.30
1.80
0.40
0.20
0.20
0.10
0.90
0.60
0.30
0.20
0.00
0.00
0.00
0.00
0.00
0.00
0.00
0.00
0.00
0.00
0.00
0.00
0.00
0.00
0.00
0.00
0.00
0.00
0.30
0.00
0.00
0.00
0.00
0.00
0.80
11.80
0.00
0.00
0.00
0.00
5.30
11.50
0.00
0.00
2.90
24.30
16.00
3.20
0.40
0.30
0.10
0.00
0.00
9.60
4.20
0.00
1.40
2.20
0.50
0.00
2.30
0.00
0.00
0.30
5.60
0.20
0.10
0.20
0.00
2.00
0.00
0.00
1.50
0.00
0.00
2.50
0.70
0.00
0.00
0.00
0.00
0.00
0.00
0.00
0.00
0.00
0.00
0.00
0.00
0.00
0.20
0.00
0.00
0.00
0.00
0.00
14.10
3.80
32.10
13.50
15.30
3.00
1.30
0.80
0.60
1.80
0.90
0.00
0.00
0.00
0.00
0.00
0.00
0.00
0.00
2.10
19.60
7.30
0.00
17.80
14.10
6.00
0.00
0.00
0.00
0.00
0.00
0.00
0.30
0.00
0.00
0.00
0.20
0.00
0.00
0.00
0.00
0.00
0.00
0.00
15.60
0.00
0.00
0.00
0.00
0.00
0.00
0.00
0.10
0.00
0.30
0.00
0.00
2.10
0.00
0.00
0.00
0.00
0.10
0.00
0.00
0.00
0.00
0.00
0.00
0.00
0.00
0.00
0.00
0.00
0.00
0.00
0.50
2.80
0.00
0.00
2.60
0.00
0.00
0.00
3.90
0.00
0.10
0.00
0.00
0.00
0.00
0.00
0.00
0.00
0.90
3.80
0.00
0.00
0.00
0.00
0.00
0.00
0.00
0.00
0.90
0.70
0.00
0.00
0.00
0.00
0.00
0.00
0.00
2.40
0.00
0.00
0.00
0.10
0.00
0.00
0.00
0.40
0.00
1.50
0.00
3.60
0.00
4.90
0.00
0.00
0.00
0.00
0.00
0.00
0.00
19.00
0.00
0.00
0.10
4.00
0.00
0.00
0.10
0.00
0.00
0.00
0.00
0.00
0.00
0.00
0.00
0.00
0.00
0.00
0.00
0.00
0.00
0.00
0.00
0.00
0.00
0.00
15.10
4.10
0.00
0.00
0.20
0.00
0.00
0.00
0.00
0.00
0.00
0.00
0.00
0.00
0.00
0.00
0.00
0.00
0.00
0.30
0.00
0.00
0.00
0.00
0.00
0.80
0.00
0.00
0.00
0.00
0.00
0.00
0.00
0.00
0.00
0.00
0.00
0.00
0.00
0.00
0.00
0.00
0.00
10.20
8.00
4.60
3.30
3.00
0.00
0.00
18.80
5.50
2.80
1.90
34.80
0.00
0.00
0.00
0.00
0.00
0.00
0.00
0.00
0.00
0.00
0.00
0.00
0.00
0.00
0.00
0.00
0.00
0.00
0.00
0.00
0.00
5.60
2.50
0.00
0.00
0.00
1.10
1.90
0.00
0.00
0.00
0.00
0.00
0.00
0.00
0.00
0.00
2.00
0.00
0.00
0.00
0.00
0.00
0.00
0.00
1.90
2.10
0.00
0.00
1.20
0.00
5.10
8.10
0.00
0.00
4.40
0.00
0.00
0.00
0.00
0.00
0.00
4.10
4.20
0.00
1.50
0.00
0.00
0.20
1.60
0.00
0.00
0.20
4.80
7.40
0.00
0.00
0.00
0.00
0.00
4.00
0.20
0.00
0.00
0.00
0.00
0.00
0.00
0.00
0.00
0.00
0.00
1.80
0.00
0.00
0.00
0.00
0.00
0.00
0.00
0.00
0.00
0.00
0.00
0.00
0.00
0.00
0.00
0.00
0.00
0.00
0.00
0.00
0.00
5.10
0.00
0.10
0.00
0.20
0.10
0.00
0.00
11.30
0.10
0.00
0.00
11.30
21.00
4.90
1.90
0.00
0.00
0.00
0.00
3.30
0.20
0.00
0.00
0.00
0.00
0.00
0.00
0.10
7.10
1.90
6.60
0.30
0.10
0.00
0.00
0.00
0.00
0.00
0.00
0.00
0.00
0.00
0.00
0.00
0.00
0.00
0.00
0.00
0.00
0.40
0.00
1.20
0.00
0.00
0.00
0.00
0.00
0.00
1.00
3.60
0.00
0.00
0.00
0.00
16.80
0.00
7.60
1.30
14.80
5.10
0.00
0.00
0.00
0.00
0.00
0.00
0.00
0.00
0.00
0.00
0.00
0.00
0.00
0.00
1.70
9.90
9.00
8.80
0.00
0.00
0.00
0.00
0.00
2.90
0.30
0.00
0.00
0.00
0.00
0.00
0.00
0.30
0.40
0.70
0.00
0.00
20.10
6.20
0.00
0.00
0.00
0.00
0.00
0.00
0.00
0.00
0.00
0.00
0.00
0.00
0.00
0.00
0.00
0.00
0.70
0.00
0.00
23.00
0.00
0.00
0.10
0.40
7.00
0.00
0.00
0.00
0.10
0.00
0.00
0.00
0.00
0.00
0.00
0.00
0.20
0.00
0.00
0.00
0.00
0.00
0.00
0.00
12.80
5.60
0.00
0.00
0.00
0.00
0.10
0.00
0.00
0.00
0.00
0.00
0.00
1.50
8.10
0.00
0.00
0.10
0.00
0.00
0.00
0.00
0.00
0.00
0.00
0.00
0.00
0.00
0.00
0.10
0.00
1.90
3.10
0.00
0.00
0.00
0.00
0.00
0.00
0.00
0.00
0.10
0.00
0.00
0.00
0.00
0.00
0.00
0.00
0.00
0.00
0.00
0.00
0.00
0.00
0.00
0.00
0.00
0.00
0.00
0.00
0.00
0.00
0.00
0.00
0.00
0.00
0.00
0.00
0.00
0.00
0.00
0.00
3.50
20.30
0.00
0.00
0.00
0.10
0.10
0.00
3.50
0.10
0.00
4.10
0.10
0.00
0.00
0.00
0.00
0.00
0.00
0.00
0.00
0.00
0.60
27.40
5.00
5.00
42.80
30.40
0.00
0.00
1.60
6.40
0.00
0.00
0.00
0.00
0.00
0.00
0.00
0.00
0.00
1.70
11.00
0.10
0.00
0.00
0.00
0.00
0.00
0.00
0.00
0.00
0.00
0.00
0.00
0.00
0.00
0.00
0.00
0.00
0.00
0.00
0.00
0.00
0.00
0.00
0.00
0.00
0.00
0.00
0.00
0.00
0.00
0.00
1.50
0.00
1.80
9.20
0.40
0.00
0.00
0.10
0.00
0.00
0.00
0.00
0.00
0.00
0.00
0.00
0.00
0.00
3.10
13.90
0.00
0.00
0.00
0.00
0.00
0.00
0.00
0.00
0.00
0.00
0.00
0.00
0.00
0.00
0.00
0.00
0.00
0.00
0.10
0.00
0.00
0.00
-99.00
-99.00
-99.00
-99.00
-99.00
-99.00
-99.00
-99.00
-99.00
-99.00
-99.00
-99.00
-99.00
-99.00
-99.00
-99.00
-99.00
1.10
0.00
0.00
0.00
0.20
25.80
1.50
0.00
4.00
0.30
0.00
0.00
0.00
0.00
0.00
0.00
0.00
0.00
0.00
0.00
0.00
0.00
0.00
0.00
0.00
0.00
0.00
0.00
0.00
0.00
0.00
0.30
0.00
0.00
1.90
0.00
0.00
0.00
0.00
0.00
0.00
10.30
0.10
0.00
0.00
0.00
0.00
0.00
0.00
0.00
0.00
0.00
0.00
0.00
0.00
0.00
0.00
0.00
0.00
0.00
0.00
0.00
0.00
0.00
8.90
0.00
0.00
0.00
0.00
0.00
0.00
0.00
0.00
0.00
0.00
0.00
0.00
0.00
0.00
0.00
0.00
0.00
0.00
0.00
0.00
0.00
0.00
9.60
0.10
0.00
0.20
12.10
6.50
0.00
0.00
0.00
0.00
0.00
0.00
0.30
0.00
0.00
0.00
0.00
0.00
0.00
0.00
0.00
0.00
0.00
0.00
0.00
0.00
0.00
0.00
0.00
0.00
0.00
0.00
0.00
0.00
0.00
0.00
0.00
0.00
0.00
0.00
0.00
7.00
0.00
3.60
0.00
0.00
0.00
0.00
0.00
0.00
10.70
7.00
0.00
0.00
0.00
0.00
0.00
0.00
1.80
0.30
0.00
0.00
0.00
0.80
0.00
5.10
0.00
0.00
10.50
0.00
0.00
0.00
2.50
0.00
0.00
0.00
0.00
0.00
0.00
0.00
0.00
0.10
0.00
9.60
1.20
0.30
0.00
0.00
0.00
0.00
0.00
12.30
0.00
0.80
0.00
0.00
0.00
0.00
0.00
0.00
0.00
0.00
0.00
0.00
0.00
0.00
0.00
3.30
0.10
0.00
0.00
7.50
6.30
0.10
1.50
0.00
0.10
0.00
0.00
0.00
0.00
0.00
0.00
0.00
0.20
0.10
0.00
0.00
0.00
0.00
0.00
0.30
0.00
0.00
0.00
0.00
0.00
2.30
0.00
1.00
0.00
0.00
0.00
0.00
48.40
1.00
0.00
0.00
0.00
0.00
0.00
0.00
0.00
0.00
0.00
0.00
0.00
0.00
0.00
0.00
0.00
0.00
0.00
0.00
0.00
0.00
0.00
0.00
0.00
0.00
0.00
0.00
0.00
0.00
0.00
0.00
0.00
0.00
0.00
0.60
0.20
0.00
0.00
0.00
0.00
0.00
0.00
0.00
0.00
0.00
0.00
0.00
0.00
0.00
0.00
0.00
0.00
0.00
0.00
0.00
0.00
0.00
0.00
0.00
0.00
0.90
0.00
0.40
0.00
0.00
0.00
0.00
0.00
0.00
0.00
0.00
0.00
0.00
0.00
0.00
0.00
0.00
0.00
0.00
0.00
0.00
0.00
0.00
0.00
0.00
0.00
0.00
0.00
0.00
0.00
0.00
0.00
0.00
0.00
0.00
0.00
1.70
0.00
0.00
0.30
1.60
0.00
5.50
0.10
0.00
0.00
0.00
0.00
0.00
0.00
0.00
0.40
0.00
0.00
0.00
0.00
25.70
3.70
0.00
0.00
0.00
0.00
0.00
0.00
0.00
0.00
0.00
1.00
0.10
0.00
0.00
0.00
0.00
2.50
5.20
0.00
0.00
1.10
15.70
0.00
0.00
0.00
0.00
0.20
0.00
0.00
0.00
0.00
0.00
0.00
17.70
0.00
0.00
10.20
19.40
0.00
0.00
0.40
0.00
0.00
1.00
0.00
0.00
0.00
0.00
0.00
0.00
0.00
0.00
0.70
21.90
1.00
0.00
0.00
0.00
0.00
5.70
4.10
0.00
2.70
0.00
0.00
0.00
0.00
0.00
1.30
1.40
2.30
7.60
6.70
0.10
0.00
0.00
6.70
0.00
0.00
0.00
0.60
0.10
0.00
0.00
4.90
0.00
0.00
0.00
0.00
0.00
8.20
0.00
0.00
4.20
0.00
0.00
0.00
0.00
0.00
0.00
0.00
0.00
0.00
0.00
0.00
0.00
0.00
0.00
36.40
1.70
0.60
1.50
2.20
0.00
0.00
0.00
0.00
0.00
3.80
8.80
0.00
0.00
0.00
0.00
0.00
0.00
0.00
0.00
0.00
0.00
0.00
0.00
0.00
0.00
0.00
0.00
0.00
0.00
0.00
0.00
0.00
0.00
0.00
0.00
0.00
0.00
0.00
0.00
0.00
0.00
0.00
0.00
0.00
0.00
0.00
0.00
0.00
0.00
0.00
0.00
0.00
0.00
0.00
0.00
0.00
0.00
0.00
0.00
0.00
0.00
0.00
0.00
0.00
0.00
0.00
0.00
0.00
0.00
0.00
0.00
0.00
0.00
0.00
0.00
0.00
0.00
0.00
0.00
0.00
0.00
0.00
0.00
0.00
0.00
0.00
0.00
0.00
0.00
0.00
0.00
0.00
0.00
0.00
0.00
0.00
0.00
0.00
0.00
0.00
0.00
0.00
0.00
0.00
0.00
0.00
0.00
0.00
0.00
0.00
0.00
0.00
0.00
0.00
0.00
0.00
0.00
0.00
-99.00
-99.00
-99.00
0.00
0.00
0.00
0.00
0.00
-99.00
0.00
-99.00
0.00
-99.00
-99.00
0.00
0.00
0.00
0.00
0.00
0.00
0.00
0.00
0.00
0.00
-99.00
-99.00
0.00
0.00
0.00
0.00
0.00
0.00
0.00
0.00
0.00
0.00
0.00
0.00
0.00
0.00
-99.00
-99.00
-99.00
0.00
0.00
-99.00
-99.00
0.00
0.00
0.00
0.00
0.00
0.00
-99.00
0.00
0.00
0.00
0.00
0.00
0.00
0.00
0.00
0.00
0.00
0.00
-99.00
-99.00
0.00
-99.00
-99.00
-99.00
0.00
0.00
0.00
0.00
0.00
0.00
0.00
0.00
0.00
0.00
0.00
0.00
0.00
0.00
0.00
0.00
0.00
0.00
0.00
0.00
0.00
0.00
0.00
0.00
0.00
0.00
0.00
0.00
0.00
-99.00
-99.00
-99.00
-99.00
0.00
-99.00
-99.00
-99.00
-99.00
0.00
0.00
0.00
0.00
-99.00
-99.00
0.00
0.00
0.00
-99.00
-99.00
0.00
0.00
-99.00
0.00
-99.00
-99.00
0.00
0.00
0.00
0.00
0.00
0.00
0.00
0.00
0.00
-99.00
0.00
0.00
0.00
0.00
0.00
0.00
-99.00
-99.00
0.00
0.00
0.00
-99.00
0.00
0.00
0.00
0.00
0.00
0.00
0.00
0.00
0.00
0.00
0.00
0.00
0.00
0.00
0.00
-99.00
-99.00
0.00
-99.00
0.00
0.00
0.00
-99.00
-99.00
1.10
0.00
0.00
13.40
0.10
0.00
0.00
0.00
0.00
0.00
0.00
0.00
0.00
0.40
0.00
0.00
0.00
0.20
0.00
0.00
0.00
0.00
0.00
0.20
6.40
14.50
0.00
0.00
1.70
0.00
0.00
3.80
0.00
0.00
0.00
0.00
0.00
0.00
0.00
13.60
0.00
0.00
0.00
0.00
0.00
0.00
0.70
0.00
0.00
0.00
0.00
0.00
0.00
0.00
0.00
0.00
0.00
0.00
1.70
0.00
0.00
0.00
0.10
2.30
4.00
0.00
0.00
0.00
2.70
0.00
0.00
0.00
0.00
0.00
0.00
0.00
0.00
0.00
0.00
0.00
0.00
0.00
0.00
0.00
0.00
0.20
0.00
1.20
0.00
0.00
0.00
0.00
0.00
0.00
0.00
0.00
0.00
0.70
0.00
0.00
0.00
0.00
0.00
0.00
0.00
0.00
0.00
0.00
0.00
0.00
0.80
0.00
12.50
0.00
0.00
0.00
0.00
0.00
0.00
0.00
0.00
0.00
0.00
0.00
0.00
0.00
0.00
0.00
0.00
9.30
0.10
0.00
0.00
0.00
0.00
0.00
0.00
0.00
0.00
0.00
0.00
0.00
0.00
0.00
0.20
0.00
0.00
0.00
0.00
0.00
1.00
2.50
0.00
0.00
0.00
1.10
0.00
0.00
0.00
0.00
6.60
0.00
0.00
0.00
0.00
9.60
7.70
0.10
0.00
3.70
0.00
0.00
0.00
4.80
0.50
0.00
0.00
0.00
0.00
0.00
0.00
0.60
0.10
0.20
0.00
0.00
0.00
0.00
0.00
0.00
0.00
0.00
0.00
0.00
0.00
0.00
0.00
0.00
0.00
12.80
58.30
0.00
0.00
0.00
0.00
0.00
0.00
0.00
0.00
0.00
0.00
0.00
0.00
0.00
0.00
0.00
8.70
0.10
0.00
0.00
0.00
0.00
0.00
0.00
0.00
0.00
0.00
0.00
0.00
0.00
0.00
0.00
0.00
0.00
0.00
0.00
0.00
0.00
0.00
0.00
0.00
0.00
0.00
0.00
0.00
0.00
0.00
0.00
0.00
0.00
0.00
0.00
0.00
1.50
0.00
0.00
0.00
0.20
0.00
0.00
0.00
0.00
0.00
0.00
0.00
0.00
0.00
0.00
0.00
1.90
0.00
0.30
0.00
0.00
0.00
0.00
0.00
0.00
0.00
0.50
7.90
0.00
0.00
0.00
0.00
0.00
0.90
0.10
0.00
0.00
0.00
0.00
0.00
0.00
0.00
0.00
0.00
0.00
0.20
41.80
0.00
0.00
0.00
0.00
0.00
2.30
0.10
0.10
22.70
36.30
0.80
0.00
0.00
0.00
0.00
0.00
7.60
0.10
0.00
0.00
0.00
1.20
0.00
0.00
0.00
0.10
0.00
0.00
0.00
0.00
0.00
1.90
9.80
3.80
1.80
0.80
1.60
5.40
0.00
0.00
0.00
0.00
0.40
0.00
0.00
0.00
0.10
1.40
0.00
1.80
0.10
2.40
14.00
0.00
0.00
0.00
23.70
1.30
0.00
0.00
0.00
0.00
0.00
0.00
0.00
0.00
0.00
0.00
0.00
0.40
0.00
7.10
3.20
4.30
22.40
0.10
10.80
7.80
0.10
0.00
0.00
0.00
0.00
0.00
0.00
0.00
0.00
0.00
0.00
0.00
1.60
0.10
5.40
0.00
0.30
0.00
0.00
0.00
0.10
0.10
0.00
0.00
0.10
0.00
0.00
0.00
0.00
0.00
0.00
0.00
0.00
0.00
6.30
8.30
0.00
2.00
0.00
0.00
0.00
0.70
0.00
0.90
6.40
0.20
0.00
0.00
0.00
13.20
0.00
24.10
22.50
4.00
0.00
0.00
0.00
0.00
0.60
0.00
0.00
0.00
0.00
0.00
0.00
0.00
0.00
0.00
0.00
0.00
0.00
0.00
0.00
0.00
12.40
0.00
0.00
0.00
0.00
0.00
0.00
0.00
1.20
0.00
0.00
0.10
7.10
0.00
0.00
0.10
0.00
0.00
5.90
0.00
0.00
0.00
0.00
0.00
1.40
0.00
0.00
0.00
0.00
0.00
0.00
0.00
0.00
0.00
0.00
0.00
0.00
0.00
0.00
0.00
0.00
0.00
3.10
0.00
0.00
0.30
0.00
10.60
0.00
0.00
1.80
0.00
0.00
0.00
0.00
0.00
0.50
0.00
0.00
0.00
0.00
0.00
0.00
1.90
4.90
0.00
0.00
0.00
0.00
0.00
19.50
0.10
0.00
0.00
0.00
0.00
10.10
0.10
0.00
6.00
0.50
0.00
34.20
0.00
0.00
0.00
0.00
0.00
0.00
0.10
0.00
0.00
0.00
0.00
0.00
0.00
0.00
0.00
0.00
0.00
0.00
0.00
0.00
5.90
0.10
0.00
0.00
0.00
29.90
0.30
0.00
0.90
1.90
6.00
3.80
0.00
0.00
0.00
0.00
0.00
1.70
9.70
16.90
0.00
2.80
33.90
2.70
0.00
0.00
0.00
16.50
0.00
0.00
0.10
15.30
0.00
0.00
0.00
0.00
0.00
84.40
0.00
0.30
3.60
3.20
8.10
0.10
0.00
5.30
0.00
0.00
2.40
0.00
0.00
0.00
1.20
0.00
0.00
0.00
0.00
0.00
0.00
0.00
0.00
0.00
0.00
0.00
0.00
1.40
2.00
0.00
0.00
0.00
0.00
0.00
0.00
0.00
0.00
0.00
0.00
0.00
0.00
0.00
0.00
0.00
0.00
0.00
0.00
0.00
0.00
0.00
0.00
0.00
0.00
0.00
0.00
0.00
0.00
0.00
0.00
0.00
0.00
0.00
4.40
0.20
0.00
9.90
0.10
0.00
0.20
0.00
0.00
0.00
0.00
0.00
0.00
0.00
0.00
2.00
0.00
0.00
0.00
0.00
0.00
0.00
0.00
0.00
0.00
0.00
0.00
0.00
0.00
0.00
0.00
0.00
0.00
0.00
0.00
0.00
0.00
0.00
0.00
0.00
0.00
0.00
0.00
0.00
0.00
0.00
0.00
0.00
1.30
0.00
0.00
0.00
0.00
0.00
0.00
0.00
0.00
0.00
0.00
0.00
0.00
0.00
0.00
0.00
0.00
0.00
0.00
0.00
0.00
0.00
0.00
0.00
0.00
0.00
0.00
0.00
4.80
0.00
15.10
2.60
2.60
0.00
9.20
0.80
0.00
0.00
0.00
0.00
0.10
0.00
0.00
0.00
0.00
3.90
0.00
1.40
0.10
0.00
1.20
0.00
0.00
0.00
0.00
0.30
0.00
0.00
18.20
0.10
0.00
0.00
0.00
0.00
0.00
3.40
0.00
0.00
0.00
0.00
0.00
0.60
21.60
1.10
4.80
0.00
0.00
0.90
0.00
16.50
1.00
2.10
0.70
0.00
0.00
0.00
0.00
0.00
0.00
0.00
0.00
0.00
0.00
0.00
0.00
0.00
0.00
21.50
0.00
0.00
0.00
0.00
0.00
0.00
0.00
0.00
0.00
0.00
0.00
0.00
0.00
0.00
0.00
0.00
0.00
0.00
0.00
0.00
0.00
0.00
0.00
0.00
0.00
0.60
8.10
38.90
0.00
0.00
0.00
0.00
3.10
0.00
0.00
7.30
0.00
0.00
0.00
0.00
0.00
0.00
0.00
0.00
0.00
2.40
0.00
0.00
0.00
0.00
0.00
0.00
0.00
0.00
0.00
0.00
0.00
0.00
0.00
0.00
0.00
1.00
0.00
0.00
0.00
0.00
0.00
0.00
0.00
0.00
0.00
0.00
0.00
0.00
0.00
0.00
15.40
0.00
0.00
0.00
0.00
0.00
0.00
0.00
0.00
0.00
0.00
0.00
0.00
0.00
11.20
6.40
0.00
0.20
0.00
0.00
0.00
0.00
0.00
0.00
0.00
0.70
0.00
0.00
0.00
0.00
0.00
0.00
0.00
0.00
0.00
0.00
0.00
0.00
0.00
0.00
0.00
0.00
0.00
0.10
0.00
0.00
0.00
0.00
10.90
0.10
0.00
0.00
0.00
0.00
0.90
0.10
75.60
5.60
0.10
0.00
0.00
0.00
0.00
0.00
0.00
3.10
0.00
0.00
1.80
0.00
0.00
0.00
0.00
0.00
0.00
3.20
0.00
0.00
0.10
4.00
0.00
0.00
0.00
0.00
0.00
0.00
0.00
15.20
1.10
0.00
0.00
0.00
0.00
0.00
0.00
0.00
0.20
0.00
0.00
83.50
13.90
0.30
0.00
0.00
0.00
0.00
0.00
0.00
0.00
0.00
0.00
0.00
0.00
0.00
0.40
12.40
1.50
0.40
0.00
0.00
0.00
0.00
0.00
0.00
0.00
0.00
0.00
0.00
0.00
0.00
0.00
0.00
0.00
0.00
0.00
0.00
13.00
0.00
0.00
0.00
0.10
0.00
0.00
0.00
0.00
2.70
1.50
77.40
17.50
30.30
0.00
0.90
0.00
0.00
0.00
0.00
0.00
0.00
0.00
0.00
0.00
0.00
0.00
0.00
0.00
0.00
0.00
0.00
0.00
0.00
0.00
0.00
0.00
0.00
0.90
0.00
0.00
0.00
0.00
0.00
0.00
0.00
0.10
0.00
0.00
0.00
0.00
0.00
1.70
0.00
0.00
0.00
0.00
0.00
0.00
0.00
0.00
0.00
0.00
0.00
0.00
0.00
33.70
0.10
0.00
0.00
0.00
0.00
0.50
14.60
0.00
0.00
0.10
0.00
0.00
0.00
2.90
2.80
5.20
0.00
0.00
0.00
0.00
0.00
0.00
0.00
0.00
0.00
0.00
0.00
26.00
0.10
0.10
0.00
0.00
8.60
59.20
21.40
48.00
0.50
0.30
0.00
0.00
0.00
0.30
1.50
0.00
0.00
0.00
0.00
0.00
0.00
0.00
0.00
0.00
0.00
0.00
14.90
0.00
0.20
0.00
10.40
0.10
16.00
0.00
0.00
0.00
0.00
0.00
0.00
0.00
0.00
0.00
0.00
0.00
0.00
15.10
0.00
0.00
2.40
0.10
34.50
2.10
0.00
0.50
22.60
3.40
20.90
0.00
0.80
0.00
0.00
0.00
0.00
6.40
0.00
12.80
0.00
0.00
0.00
0.00
0.00
0.00
0.00
0.00
0.00
0.00
0.00
0.00
0.00
0.00
0.50
0.00
0.00
0.00
0.00
0.00
0.00
0.00
0.00
0.00
0.30
0.00
0.00
0.00
0.00
0.00
0.00
0.00
0.00
0.00
0.00
0.50
0.00
0.00
0.00
0.00
0.00
0.00
0.00
0.00
0.00
3.70
2.40
0.00
0.00
0.00
0.00
0.00
0.00
0.00
0.00
0.00
0.00
0.00
0.00
0.40
0.00
0.00
0.00
0.00
0.00
0.00
0.00
0.00
0.00
0.00
2.60
11.40
0.00
0.00
21.20
0.10
0.00
0.00
0.00
0.40
3.20
0.10
3.40
14.90
0.00
0.00
0.00
0.00
0.00
0.00
0.00
7.90
4.70
0.10
2.00
0.00
0.00
0.00
0.00
0.00
0.00
0.00
0.00
0.00
0.00
6.10
0.00
0.00
0.00
0.00
0.00
0.00
0.00
2.20
0.00
0.00
0.00
1.90
0.00
0.00
0.00
0.00
0.00
0.00
0.00
2.00
1.00
0.00
0.00
0.00
0.00
0.00
0.00
0.00
0.00
0.00
0.00
5.60
9.60
0.00
0.90
9.50
0.00
0.00
0.00
0.00
0.00
0.00
0.00
0.00
0.00
0.00
0.00
0.00
0.00
0.00
0.00
0.00
0.00
1.30
0.20
8.70
14.00
0.00
0.00
0.00
0.00
0.00
0.00
0.00
0.00
0.60
0.00
0.00
0.00
3.20
0.00
0.00
0.00
0.00
0.00
7.80
8.60
0.00
0.30
0.00
0.00
0.00
0.00
0.00
0.00
0.00
0.00
0.00
0.00
0.00
0.00
0.00
0.00
0.00
0.00
0.00
0.10
0.00
20.30
6.90
0.70
0.00
0.00
0.00
0.00
0.00
0.00
0.00
0.00
0.00
0.00
7.00
0.00
0.00
0.00
0.00
0.00
0.00
0.00
0.00
0.00
0.20
0.00
0.00
0.00
0.00
0.00
0.00
2.40
0.20
0.20
0.00
0.10
0.50
0.70
0.00
0.00
0.00
0.00
0.00
0.00
0.00
14.60
2.30
0.00
0.00
0.00
0.00
0.00
0.00
0.00
0.00
0.00
0.00
0.00
0.50
0.90
0.10
0.00
0.00
0.60
0.00
0.00
