20000101
0.00
0.00
0.20
0.20
0.40
0.20
0.00
0.00
0.20
0.00
0.00
0.00
0.20
0.00
0.00
0.20
0.20
0.20
0.20
0.00
0.20
0.00
0.20
0.00
0.00
0.00
0.00
0.00
0.20
0.20
0.00
0.00
0.20
0.00
0.00
0.00
0.00
0.00
0.00
0.20
0.00
0.00
0.00
0.00
0.00
0.00
0.00
0.00
0.00
0.00
0.00
0.00
0.00
0.00
0.00
0.00
0.00
0.00
0.00
0.00
0.40
0.00
0.00
0.00
0.00
0.00
0.00
0.00
0.00
0.00
0.00
0.00
0.00
0.00
0.00
0.00
0.00
0.00
0.00
2.00
0.00
0.00
8.40
0.20
0.00
0.00
0.40
0.00
0.00
11.20
4.40
0.00
5.00
6.80
0.00
0.00
0.00
0.00
0.00
2.40
15.60
1.40
0.00
0.00
0.40
4.20
3.40
0.20
0.60
0.00
0.00
0.00
12.80
0.60
0.00
0.00
0.00
6.80
5.40
0.00
0.00
0.00
0.00
0.00
0.00
5.00
0.00
0.20
0.60
11.00
25.00
4.40
0.00
0.00
0.00
0.00
0.00
1.00
0.00
0.00
0.00
2.40
0.60
0.00
0.00
0.00
1.80
0.40
0.00
0.00
0.00
0.00
0.00
0.00
0.00
0.00
8.20
0.00
0.00
0.00
16.80
23.80
1.00
0.00
0.00
0.40
0.00
0.00
0.00
0.00
0.00
0.00
0.00
0.00
0.00
0.00
0.00
0.40
0.00
0.00
0.00
0.00
0.00
0.00
0.00
0.00
0.00
0.00
0.00
0.00
0.00
0.00
0.00
0.00
0.00
0.00
0.00
0.00
0.00
0.00
0.00
0.00
0.00
0.00
1.20
0.00
0.00
0.00
0.00
0.00
0.00
0.00
0.00
0.00
0.00
0.00
0.00
0.00
0.00
0.00
0.00
0.00
0.00
0.00
0.20
0.00
0.00
0.00
0.00
0.00
0.00
0.00
0.00
0.00
0.00
0.00
0.00
0.00
0.00
0.00
0.00
0.00
4.00
0.00
0.00
0.00
0.00
0.00
0.00
0.00
0.00
0.00
0.00
0.00
0.00
0.80
0.00
0.00
0.00
0.00
8.20
4.00
10.00
2.60
0.00
0.00
0.00
0.00
0.00
0.00
0.00
22.40
0.00
0.00
0.00
0.00
0.00
0.00
0.00
0.00
0.00
0.00
0.00
0.00
3.40
1.40
0.20
0.00
0.40
0.00
0.20
0.00
0.00
0.00
45.60
31.80
0.00
0.00
0.00
0.20
0.00
0.20
0.20
2.00
6.00
0.00
7.60
0.60
0.00
7.40
7.60
0.20
0.00
0.00
0.00
0.00
0.00
6.00
0.00
0.00
0.20
0.20
0.00
0.00
0.20
0.00
6.20
10.20
0.00
0.20
2.80
1.60
0.40
20.80
0.00
0.20
0.20
0.20
0.00
0.20
6.00
4.00
0.00
0.00
0.00
0.20
0.60
0.20
0.20
0.20
0.00
0.20
0.20
0.00
0.20
1.20
8.20
8.20
16.40
1.20
0.40
0.00
2.20
0.40
3.80
0.00
0.00
0.00
0.20
3.40
0.00
0.00
0.20
0.00
0.00
0.00
10.20
0.40
0.20
0.20
1.20
1.00
0.20
0.20
0.00
0.20
0.20
1.00
0.00
0.40
0.80
5.00
0.00
5.60
0.00
0.00
0.00
0.00
0.00
0.00
0.20
0.00
0.00
0.00
0.00
0.00
0.00
0.00
0.20
0.20
2.40
0.00
0.20
0.20
0.20
0.00
0.20
0.00
0.00
0.00
0.20
0.00
0.00
2.00
3.80
1.60
7.60
2.80
0.60
0.40
0.00
4.60
1.40
0.00
0.00
0.20
5.40
0.00
0.00
0.00
1.40
1.00
0.00
0.00
0.00
0.00
0.00
0.00
0.00
0.00
0.00
0.00
0.60
10.80
0.00
0.00
0.00
0.00
0.00
0.00
0.00
0.00
0.00
0.00
0.00
0.00
0.00
0.00
0.00
0.00
0.00
0.00
0.00
0.00
0.00
0.00
0.00
0.00
0.20
0.00
0.00
0.00
0.00
0.00
12.20
71.00
9.40
0.00
0.00
0.00
0.00
0.00
0.00
0.00
4.00
11.80
0.00
0.00
0.00
0.20
0.00
0.00
7.00
0.40
0.00
0.40
0.00
0.20
4.00
0.00
0.00
0.00
0.00
0.00
0.00
0.00
0.00
0.00
0.00
0.00
0.00
0.00
0.00
0.00
0.00
3.20
6.80
0.00
0.00
0.00
0.00
2.60
0.00
0.00
0.00
0.00
0.00
0.00
0.00
0.00
0.00
0.00
0.00
0.00
0.00
0.00
0.00
0.00
0.00
8.80
3.60
0.00
0.20
0.00
0.40
16.00
0.20
0.00
0.00
0.00
22.40
1.80
1.20
0.00
0.00
4.00
0.00
0.00
0.00
0.00
0.00
0.00
0.00
0.00
6.00
0.00
0.00
0.00
0.00
0.00
0.00
0.00
0.00
0.00
0.00
0.00
0.00
0.00
0.00
0.00
0.00
7.60
1.20
5.60
0.00
0.00
6.80
0.00
0.00
0.00
0.00
0.00
0.00
0.00
0.00
0.00
0.00
0.00
0.00
0.00
0.00
0.00
0.00
0.00
0.00
0.00
0.00
0.00
0.00
0.00
0.00
0.00
0.00
0.00
0.00
0.00
0.00
0.60
8.80
0.00
16.00
0.00
0.20
0.00
0.00
0.00
5.00
0.00
0.20
0.00
0.00
0.00
0.00
0.00
0.00
0.00
0.00
2.00
0.60
0.00
0.20
0.60
0.00
0.00
0.00
0.60
20.80
6.00
2.80
0.00
0.00
0.00
0.00
0.00
0.00
0.20
0.00
0.00
0.20
0.00
0.00
0.00
0.00
0.00
0.20
0.00
0.20
0.00
0.00
0.00
0.00
0.00
0.00
0.20
10.40
31.40
9.00
0.20
0.20
0.00
0.20
0.20
0.00
0.20
0.00
0.20
0.20
0.20
0.20
0.20
0.40
0.40
0.00
0.20
0.40
0.60
0.40
0.00
0.20
0.00
0.00
0.00
0.00
0.00
0.00
0.00
0.00
0.00
0.00
0.00
0.00
0.00
0.00
0.20
0.00
0.00
0.00
0.00
0.00
0.00
2.80
1.80
3.80
1.20
2.40
0.20
-99.00
-99.00
-99.00
0.00
0.00
0.00
0.00
1.00
0.20
0.00
0.00
0.00
0.00
0.00
0.20
1.00
1.80
2.60
0.20
0.00
0.00
0.20
0.20
0.00
0.00
0.00
0.20
0.00
0.00
0.20
6.20
0.00
0.00
0.00
0.00
0.00
0.20
0.00
0.20
1.00
0.00
0.00
0.00
0.00
0.00
0.00
0.00
0.00
0.00
0.00
0.00
0.00
0.00
0.00
0.00
0.00
0.00
0.20
5.40
0.00
0.00
0.00
0.00
0.00
0.00
0.00
9.60
1.00
0.00
0.00
0.00
0.00
0.00
0.00
0.00
0.00
0.00
0.00
0.00
0.00
0.00
0.00
1.40
0.00
0.00
0.00
2.60
20.00
0.20
0.00
5.40
4.80
13.80
0.20
4.60
17.20
0.60
0.00
0.00
0.00
0.00
0.00
0.00
0.00
0.00
0.00
0.00
0.00
0.00
0.00
0.00
0.00
0.00
0.00
0.00
0.00
0.00
0.00
0.00
0.00
2.40
18.20
17.00
6.40
0.80
0.40
0.00
0.00
0.00
0.00
0.00
4.00
0.00
0.00
0.00
0.00
2.60
0.20
0.00
0.00
0.00
0.00
0.00
0.00
0.20
0.00
0.00
0.00
0.00
37.00
7.60
0.40
1.00
5.80
0.00
0.00
0.00
0.00
0.00
0.00
0.00
0.00
0.00
0.00
0.00
0.00
0.00
0.00
0.00
0.00
0.00
0.00
0.00
0.00
0.20
0.00
2.80
0.20
0.00
0.00
0.00
0.00
0.00
8.00
0.00
0.00
0.00
0.40
0.00
0.00
0.00
0.00
0.00
0.00
0.00
0.00
0.00
0.00
0.00
0.00
0.00
0.00
0.00
0.00
0.40
0.20
0.60
4.80
0.20
0.00
0.00
0.00
0.00
0.00
0.00
0.60
0.20
0.00
0.00
0.00
0.00
0.00
0.00
0.00
0.00
0.00
0.00
0.00
1.00
3.40
7.60
0.00
0.00
0.00
0.20
0.00
0.00
0.00
0.00
0.00
15.40
0.60
0.00
0.00
0.20
5.40
0.00
0.00
0.00
0.00
0.00
0.00
0.00
3.60
1.80
4.40
0.00
15.80
0.00
0.00
0.00
0.00
0.00
0.00
0.00
0.00
0.00
0.00
0.00
8.80
0.00
0.00
0.00
0.20
0.00
0.40
11.20
4.60
0.00
0.00
0.00
0.00
0.00
0.00
0.20
0.00
0.00
0.20
7.40
0.00
1.60
0.00
0.00
0.00
0.00
0.00
0.20
12.80
0.00
0.20
0.20
0.20
0.00
0.00
0.40
0.00
0.00
0.00
0.00
0.00
0.40
5.00
3.20
0.00
0.20
0.00
0.00
0.20
10.60
0.60
0.00
0.00
6.00
0.20
0.00
0.20
1.00
1.80
0.00
0.40
2.00
0.00
0.00
0.00
0.00
0.00
0.00
1.00
8.40
6.80
0.20
0.20
2.40
0.20
0.00
1.00
0.00
0.60
0.80
0.00
0.20
0.20
0.20
0.00
0.00
2.80
1.40
0.00
5.60
0.00
0.00
0.00
0.60
0.00
8.20
8.40
0.00
0.80
1.00
0.00
0.20
0.00
0.00
0.20
0.00
0.00
0.00
0.20
2.60
1.60
0.40
0.00
0.20
0.00
0.00
0.00
0.00
0.00
0.00
4.00
0.00
0.00
0.00
0.00
0.00
0.00
0.00
0.00
0.00
0.00
0.00
0.00
0.00
3.00
2.00
0.00
0.00
0.00
0.00
10.80
38.20
0.20
0.20
0.00
0.20
1.00
14.40
0.00
0.00
0.00
0.00
0.00
0.00
1.40
1.00
0.00
0.00
0.00
0.00
0.00
0.00
0.00
0.00
1.80
0.00
0.00
0.00
0.00
0.00
0.00
0.00
0.00
0.00
0.00
0.00
2.20
23.20
0.20
0.00
7.20
0.00
0.00
0.40
0.00
0.00
0.00
0.00
0.00
12.60
0.00
0.00
0.00
0.20
1.60
6.40
0.00
0.00
0.00
1.80
8.20
0.00
0.00
0.00
0.00
0.00
0.00
0.00
0.00
0.00
0.00
0.00
0.00
0.00
0.00
1.20
36.40
19.40
0.80
0.00
0.00
0.00
0.00
0.00
0.00
0.00
7.20
0.00
0.20
0.00
0.00
0.00
0.00
0.00
0.60
0.20
0.20
0.00
0.00
0.00
0.00
0.00
0.00
0.00
0.00
0.00
4.80
0.00
0.00
0.00
0.00
0.00
0.00
0.00
0.00
0.60
0.00
0.00
0.00
0.00
0.00
0.00
0.00
0.00
0.00
0.00
0.20
0.00
0.00
0.00
0.00
0.00
0.00
0.00
0.00
0.00
0.00
4.20
0.00
0.20
0.20
0.00
0.00
0.00
0.00
0.00
0.00
0.00
0.00
0.00
0.00
1.20
0.00
0.00
0.60
0.00
0.00
0.00
0.00
0.00
0.00
0.00
0.00
0.00
0.00
0.00
0.00
0.00
0.00
0.00
0.00
0.00
0.00
0.00
0.00
0.00
0.00
0.00
7.20
5.60
0.00
0.00
0.00
0.00
0.00
0.00
0.00
0.00
0.00
0.00
0.00
0.00
1.40
35.00
1.00
0.20
3.20
34.40
0.00
0.00
8.40
4.80
0.00
0.00
0.00
0.00
0.00
0.00
0.00
0.00
0.00
0.00
0.00
0.00
0.00
1.60
0.00
0.00
0.00
0.00
2.20
1.00
0.00
15.40
6.20
0.80
0.00
0.20
0.00
0.00
0.00
0.00
0.00
0.00
0.00
0.00
3.00
0.20
4.80
2.20
38.80
3.80
9.00
0.20
0.00
0.00
0.00
0.00
0.00
15.40
4.40
5.40
0.00
1.20
6.80
0.60
0.00
0.00
0.20
0.00
0.00
0.20
3.80
0.00
15.40
0.00
0.20
0.00
0.00
4.80
8.40
0.00
0.20
0.20
0.20
0.20
0.80
1.00
0.00
0.20
2.40
1.00
0.00
0.00
0.60
11.00
0.00
1.00
14.20
2.20
2.80
1.00
0.20
0.00
0.00
0.20
0.20
0.20
0.40
0.40
0.00
0.00
1.80
0.00
0.20
0.20
0.00
0.00
0.00
0.00
0.20
0.20
1.60
0.00
0.00
0.00
0.00
0.20
0.00
0.00
0.00
0.20
0.40
0.00
0.20
0.00
0.00
0.40
0.00
0.00
0.00
0.00
1.00
0.00
0.00
0.00
0.00
0.00
0.00
0.00
0.40
0.80
0.00
0.00
0.00
1.80
0.40
0.20
0.20
0.40
0.40
0.20
0.40
0.40
0.00
0.20
0.00
0.40
0.00
0.20
0.00
0.20
0.00
0.00
0.20
0.00
16.40
5.40
0.00
0.00
3.60
8.20
14.80
0.00
0.00
0.80
0.00
0.00
0.00
0.00
0.00
0.00
0.00
0.00
0.00
0.60
0.00
0.20
0.40
0.00
0.20
0.00
0.20
0.00
0.00
0.00
0.00
0.00
0.00
0.00
0.00
0.00
13.40
8.20
8.00
17.00
1.80
4.80
0.40
0.00
0.00
0.00
0.00
0.00
11.20
1.40
0.00
0.00
0.00
0.20
0.00
0.00
25.00
0.00
0.40
0.00
0.00
4.40
10.20
0.00
0.00
0.00
0.00
3.00
15.00
0.40
0.20
0.00
1.00
16.40
1.80
0.20
0.00
0.20
0.00
0.00
0.20
7.20
2.00
0.20
0.00
0.20
0.00
0.00
0.00
0.00
0.00
0.00
0.00
0.00
0.00
0.00
0.00
0.00
0.00
0.00
0.20
0.20
0.00
0.00
0.00
0.00
0.00
0.00
0.00
0.00
0.00
0.00
0.00
6.40
0.00
9.40
0.00
0.00
0.00
0.00
0.20
0.00
0.00
0.00
0.00
0.00
0.00
0.00
0.00
0.00
0.00
0.00
0.00
0.00
0.00
0.00
0.00
4.60
10.20
0.00
0.00
8.20
0.60
0.00
0.00
0.00
0.00
0.00
0.40
0.00
0.00
0.00
0.00
0.00
0.00
0.00
0.00
0.00
0.00
0.00
1.20
0.00
0.00
0.00
0.00
0.00
0.40
0.00
0.00
0.00
0.00
0.00
0.00
0.00
0.00
0.00
0.00
0.00
0.00
0.00
0.20
0.00
0.00
0.00
0.00
4.40
0.00
0.00
0.00
0.00
0.00
0.00
0.00
0.00
0.00
0.00
0.60
0.40
0.00
0.00
0.20
0.00
0.00
0.00
4.40
0.00
0.00
0.00
0.00
0.00
0.00
0.00
0.00
0.00
0.00
0.00
0.00
0.00
0.00
0.00
0.00
0.00
0.00
0.00
0.00
0.00
0.00
0.00
0.00
0.00
0.00
0.00
0.20
0.00
0.00
0.00
0.00
0.00
0.00
0.00
0.00
0.20
0.80
0.60
0.00
0.00
0.00
0.00
7.00
0.20
12.80
0.00
1.60
0.40
0.40
0.00
0.20
0.20
0.20
0.00
0.20
0.00
0.00
0.00
0.00
0.00
0.00
0.20
0.00
0.00
0.00
0.00
0.00
0.20
0.00
0.20
0.00
0.00
0.00
0.00
0.00
0.00
1.60
2.40
0.20
9.20
0.00
0.00
6.20
2.20
0.20
2.80
8.00
2.20
0.00
0.20
0.20
0.20
0.20
0.00
0.20
0.00
0.00
0.40
0.00
0.00
0.00
0.20
0.00
2.80
0.00
0.00
0.00
0.00
0.00
0.00
0.40
0.00
0.20
0.40
0.20
0.20
0.20
0.20
0.00
0.40
0.20
0.00
0.00
0.00
0.00
0.20
0.00
0.80
0.00
0.00
0.00
0.00
0.00
0.20
0.00
0.00
0.00
0.00
0.00
0.00
0.00
0.00
0.00
0.00
0.00
0.00
0.00
0.00
1.60
3.80
0.00
0.20
0.00
0.00
0.00
0.00
0.00
0.00
0.00
0.00
0.00
0.00
0.40
0.80
0.00
0.00
0.20
0.00
0.00
0.20
1.40
0.00
0.00
0.00
0.00
0.00
0.00
0.00
0.00
0.00
0.00
0.00
0.00
0.00
0.00
0.00
0.00
0.00
0.00
0.00
0.00
8.40
0.00
0.00
0.00
0.00
0.00
0.00
0.00
0.00
0.00
2.00
0.80
0.40
0.00
0.00
0.00
0.20
0.00
0.00
0.00
0.00
0.00
4.20
0.00
1.00
0.00
0.00
0.00
0.00
0.00
1.60
0.00
0.40
0.00
0.00
0.00
0.00
0.00
0.00
0.00
0.00
0.00
0.00
0.00
0.00
0.00
0.00
2.40
0.40
6.40
0.40
16.60
0.00
0.80
16.60
13.20
0.00
0.00
0.00
0.00
1.20
0.00
0.00
0.00
0.00
0.00
0.00
0.00
0.00
0.20
0.20
0.00
0.00
0.00
0.00
0.00
0.00
0.00
0.00
0.00
0.00
0.00
0.20
0.00
0.00
0.00
0.00
0.00
0.00
0.20
0.40
0.00
0.00
0.00
0.00
0.00
0.40
0.00
0.00
0.00
0.00
0.00
0.00
0.00
0.00
0.00
0.00
0.00
0.00
0.00
0.00
0.00
0.00
0.00
0.00
0.00
0.00
0.00
0.00
0.00
0.00
0.00
0.00
0.00
0.00
0.00
0.00
4.40
0.00
0.00
0.00
17.20
0.00
0.00
0.00
0.00
0.00
0.00
0.00
3.60
3.20
0.20
0.00
0.00
0.00
0.00
1.20
2.80
0.00
0.00
0.00
0.00
0.00
0.00
0.00
0.00
0.00
0.00
0.00
0.00
0.00
0.00
0.00
0.00
0.00
0.00
0.20
1.20
7.00
4.00
0.00
0.00
0.00
0.00
0.00
0.00
0.00
1.60
1.40
0.00
0.00
0.00
0.00
0.00
0.00
0.00
0.20
0.00
0.00
0.00
0.00
0.00
0.00
0.00
0.00
0.00
0.00
0.00
0.00
0.00
0.00
1.00
0.20
0.80
16.00
10.80
15.00
0.40
0.00
3.60
0.40
0.20
0.80
1.60
16.00
0.20
0.00
0.20
0.00
1.60
0.20
0.00
0.80
0.00
0.00
0.20
0.00
0.00
0.00
0.00
0.20
9.20
2.20
1.60
0.40
23.40
14.20
0.80
0.20
0.20
0.20
0.20
0.00
0.00
0.20
0.00
0.00
0.00
0.00
0.00
0.20
0.00
0.00
0.00
6.00
0.20
0.00
0.60
0.00
0.00
0.00
0.20
0.00
0.00
0.20
0.00
0.00
0.20
0.20
0.20
0.00
0.20
0.00
0.00
0.00
0.00
0.00
0.00
0.00
0.00
0.60
0.20
0.00
0.80
0.00
0.00
0.00
0.00
0.00
1.40
9.60
8.40
3.60
1.80
0.00
0.00
0.20
0.20
0.00
0.00
0.00
0.00
0.20
0.20
0.00
0.20
0.20
0.00
0.00
0.00
0.20
0.20
4.40
6.80
1.60
0.40
0.20
0.20
0.20
0.00
0.00
0.20
0.00
0.20
0.00
0.20
0.00
0.00
0.00
0.00
0.00
0.00
0.00
1.40
0.00
0.00
0.20
0.00
0.00
0.20
2.20
0.00
0.00
0.00
0.00
0.00
0.40
1.00
0.00
0.00
0.00
0.00
0.00
0.00
0.00
0.00
0.00
0.00
0.20
0.00
0.20
1.20
7.20
0.20
0.00
1.00
0.20
0.00
0.00
1.00
0.00
0.00
0.00
0.00
0.00
0.00
0.00
0.00
0.00
0.00
5.40
0.00
0.00
0.00
0.00
0.00
0.00
0.00
1.00
0.00
0.20
0.00
0.00
0.00
0.00
0.00
0.00
0.00
0.00
0.00
2.20
0.00
0.00
0.00
0.00
0.00
0.00
0.00
0.00
0.00
1.40
0.00
0.00
0.00
0.00
0.20
10.60
0.00
0.00
0.00
0.00
0.00
0.00
0.00
0.00
0.00
0.00
0.00
0.00
0.00
0.00
0.00
0.00
0.00
0.00
0.00
0.00
0.00
0.00
0.00
0.00
0.00
0.00
0.20
0.20
0.00
0.00
0.00
0.00
0.00
22.80
0.00
0.00
0.00
0.00
0.00
0.00
0.00
2.40
0.00
0.00
0.60
0.00
0.00
0.00
0.00
0.00
0.00
0.00
3.00
0.00
0.00
0.00
0.00
0.00
0.00
0.00
0.00
0.00
1.20
0.20
0.00
0.00
2.00
0.00
0.00
0.00
0.00
0.00
0.00
0.00
1.40
0.00
0.00
0.00
0.00
0.00
0.00
0.00
0.00
0.00
0.00
0.00
0.00
0.00
0.00
0.00
0.00
0.00
0.00
2.20
0.00
0.80
0.20
0.00
0.00
0.00
0.00
0.00
0.00
0.20
0.00
0.00
0.00
0.00
0.00
0.00
0.00
0.00
0.00
0.00
0.00
0.00
0.00
0.00
0.00
0.00
0.00
8.00
42.80
14.00
0.20
1.00
0.00
0.00
0.00
0.00
0.00
0.40
6.60
0.20
0.20
0.00
0.00
0.00
0.00
0.00
0.00
0.00
0.00
0.00
0.00
0.00
0.00
0.00
0.00
0.00
5.20
0.60
0.00
0.00
0.00
0.40
0.00
13.60
4.00
2.40
0.20
0.00
7.20
0.20
0.00
0.00
0.00
0.20
0.20
0.00
0.20
0.00
0.00
0.00
0.00
0.00
0.00
0.00
0.00
0.20
0.20
0.20
0.20
0.00
0.20
0.00
8.00
0.40
0.00
0.00
0.20
0.00
0.00
0.00
0.00
0.00
0.00
0.00
0.20
0.00
0.20
0.20
0.00
0.00
0.00
0.20
10.00
0.20
5.00
0.00
0.00
0.00
0.00
0.00
0.00
0.20
0.20
0.20
0.00
0.20
0.00
0.20
0.00
0.80
0.20
0.00
0.00
0.00
0.00
0.20
0.00
0.20
0.00
0.20
0.00
0.00
0.20
0.00
0.20
0.20
0.20
0.40
0.00
0.00
0.20
0.20
0.20
0.00
0.00
0.20
0.20
0.40
0.00
1.40
2.00
0.00
1.40
0.00
0.00
0.00
0.00
8.40
0.20
0.00
0.20
0.20
0.00
0.00
0.40
0.40
2.20
4.00
2.00
0.00
2.80
0.00
0.20
0.00
0.00
2.00
0.00
0.00
0.20
0.00
0.00
0.20
0.00
0.00
0.00
0.00
0.00
0.00
0.00
0.00
0.00
0.20
0.00
7.40
0.00
0.00
0.00
0.00
0.00
0.00
0.00
0.00
0.00
0.00
0.00
1.20
0.00
0.00
0.00
0.00
0.00
0.00
0.00
0.00
0.00
0.20
1.00
10.20
24.60
23.00
7.80
2.20
7.20
0.60
0.00
0.00
0.20
0.00
0.00
4.60
12.40
7.20
1.60
0.60
0.40
0.00
0.00
0.00
0.00
0.00
0.00
0.00
0.00
0.00
0.20
1.20
0.00
1.40
6.80
0.00
0.80
0.20
0.00
0.00
0.00
0.00
0.00
0.00
0.00
0.00
0.00
5.00
0.00
0.00
0.00
0.00
6.00
0.60
0.00
0.00
0.00
0.00
10.20
0.80
1.40
2.20
0.00
0.60
0.20
0.00
0.00
0.00
3.60
0.00
0.00
0.00
0.00
0.00
0.00
0.00
0.00
0.00
1.40
3.20
0.00
0.00
0.40
0.00
0.00
0.00
0.00
0.00
0.00
0.00
0.00
0.00
0.00
0.00
0.00
1.20
0.00
0.00
0.00
0.00
0.00
0.00
0.00
0.00
0.00
0.00
0.00
0.00
0.00
0.00
0.00
0.00
0.00
0.00
0.00
0.00
0.00
0.00
0.00
0.00
0.00
0.00
0.00
0.00
0.00
0.00
0.00
0.00
0.00
0.00
1.40
0.20
1.20
0.00
0.00
0.00
0.00
0.00
0.00
0.00
0.00
0.00
0.00
0.00
0.00
0.00
0.00
0.00
0.40
0.20
0.00
0.00
0.00
0.80
0.20
0.00
0.00
0.00
0.00
0.00
0.00
0.00
0.00
0.00
0.00
0.00
0.00
0.00
0.00
0.00
0.00
0.00
0.00
10.00
0.20
0.00
0.00
1.60
2.60
0.00
0.00
0.00
0.00
0.00
0.00
5.60
0.00
0.00
0.00
6.80
10.20
0.80
0.00
0.20
0.00
0.00
0.00
0.20
0.00
0.00
0.00
0.00
0.00
0.60
0.00
0.00
0.00
0.00
0.00
0.00
0.00
0.00
0.00
0.00
0.00
0.00
0.00
0.00
0.00
0.00
0.00
0.00
0.00
0.00
0.20
0.00
0.00
0.00
0.00
0.00
0.00
0.00
0.00
0.00
0.00
0.00
0.00
8.20
0.20
0.00
0.00
0.00
0.00
0.20
0.20
0.00
0.20
0.20
0.00
0.20
0.40
0.00
0.00
0.00
0.40
0.00
2.60
0.00
0.00
0.00
0.00
0.00
0.00
0.00
0.40
1.20
0.00
0.20
1.20
0.00
0.00
0.00
0.00
0.20
0.20
0.00
0.00
0.00
0.00
0.00
6.60
4.80
0.00
0.20
0.20
0.40
0.00
0.00
0.00
4.00
0.00
0.00
0.40
0.00
5.00
0.20
0.00
0.20
0.40
0.20
0.00
0.20
0.00
0.00
0.20
0.20
0.40
0.40
0.40
0.00
0.00
0.20
0.40
1.00
0.00
0.00
0.00
0.00
0.00
0.00
0.00
0.00
0.00
0.00
0.00
0.00
0.00
2.00
0.80
4.80
1.40
0.00
0.20
0.80
2.80
0.00
0.00
0.00
0.20
0.00
0.00
0.00
2.40
0.00
0.00
0.00
0.00
0.60
0.00
0.00
0.00
0.00
0.00
0.00
0.00
0.00
0.00
0.00
0.00
0.00
0.00
0.00
0.40
0.00
0.00
0.40
0.20
0.00
1.20
0.00
0.00
0.00
0.00
0.00
0.00
0.00
3.20
4.20
8.60
3.80
5.20
0.00
2.20
0.00
0.00
0.20
4.80
10.00
2.80
21.00
0.20
0.00
0.00
0.00
0.00
0.00
0.00
0.20
0.00
0.00
0.00
0.00
0.00
0.00
0.00
0.00
0.00
0.00
6.00
24.20
4.20
0.20
0.00
13.00
0.20
1.00
0.60
0.00
6.40
0.00
0.20
0.80
16.00
7.00
13.40
3.20
3.60
0.20
0.20
0.00
4.60
0.60
0.00
0.60
0.00
0.00
0.00
0.00
0.00
0.80
0.40
5.40
0.00
0.00
0.00
0.00
8.60
0.40
0.00
0.00
0.00
0.00
0.00
0.00
0.00
0.00
7.20
11.60
0.00
0.00
0.20
0.00
0.00
0.00
0.00
0.00
0.00
0.00
0.00
0.00
0.00
31.40
13.60
0.00
0.00
0.00
0.00
0.00
0.00
0.00
0.00
0.00
0.00
0.00
0.00
0.00
0.00
0.00
0.00
0.00
0.00
0.00
0.00
0.00
0.00
0.00
1.40
0.20
0.00
0.00
0.00
0.00
0.00
0.00
0.00
4.20
0.00
0.00
0.00
0.00
0.00
0.00
0.00
0.20
0.00
0.00
0.00
0.00
8.60
0.00
0.00
0.00
0.00
0.00
0.00
0.00
0.00
0.00
0.60
0.00
0.00
0.00
0.00
5.80
0.00
0.00
0.00
0.00
0.00
0.00
0.00
0.00
0.00
0.00
0.40
12.40
1.60
0.00
0.00
0.00
0.00
0.00
0.00
0.00
0.00
0.00
0.00
0.00
0.00
0.00
0.20
0.20
0.00
0.00
1.20
0.00
0.20
0.00
0.00
0.00
14.60
0.00
0.00
0.00
46.00
0.20
0.00
0.00
0.20
0.00
19.60
7.80
0.60
9.60
5.80
28.00
0.00
0.00
0.00
0.00
0.40
1.20
0.00
0.20
0.20
2.40
0.00
0.00
0.20
0.20
0.00
0.20
0.00
0.20
0.20
0.20
0.00
0.00
0.00
0.00
0.00
0.20
0.80
0.00
0.00
0.00
0.00
0.00
0.40
0.00
0.00
2.80
2.40
0.00
0.00
0.20
10.20
0.00
0.00
0.00
0.20
0.20
0.00
0.20
0.20
0.20
0.20
0.00
0.00
2.60
3.80
0.80
4.60
0.00
0.00
2.20
4.00
0.20
0.00
0.00
0.00
0.20
0.00
3.60
0.20
0.20
0.00
0.00
0.40
0.40
0.20
0.20
0.20
0.40
0.00
0.00
2.00
1.40
0.00
0.00
0.00
0.00
0.00
0.00
0.00
4.40
14.00
2.00
0.00
0.00
0.80
0.00
0.00
0.00
0.00
0.00
0.00
0.00
0.00
0.00
0.00
0.00
0.00
0.00
0.00
0.20
0.00
0.00
0.20
0.00
0.00
0.00
0.20
0.40
2.20
0.40
0.00
7.00
0.00
0.00
0.00
0.00
0.00
0.00
0.00
0.00
0.00
0.00
0.00
0.00
0.00
0.00
0.00
0.00
0.00
0.00
0.00
0.00
0.00
0.00
0.00
15.40
4.00
0.00
7.40
0.00
2.20
0.00
0.00
0.00
1.20
41.00
2.40
0.00
18.40
21.00
0.00
0.00
0.00
7.20
0.20
0.00
0.00
0.80
0.00
0.00
0.00
0.00
0.00
0.00
24.00
0.00
0.00
0.00
0.00
0.00
0.00
0.00
0.00
0.00
0.00
0.00
0.00
0.00
0.80
0.00
0.00
0.40
0.20
0.00
0.00
0.00
0.00
0.00
0.00
0.00
0.00
0.00
0.20
0.00
0.00
0.00
0.00
0.00
1.60
1.60
0.00
0.00
0.00
0.20
4.40
0.00
0.00
3.60
0.00
0.00
0.00
0.00
0.00
0.00
0.00
0.60
0.00
0.00
0.40
0.40
0.00
0.00
0.00
0.00
2.00
0.00
0.00
0.00
0.00
0.00
0.00
0.00
0.60
0.00
0.00
6.40
0.00
0.00
0.00
0.00
0.00
0.00
0.00
0.00
0.00
0.00
0.00
0.00
0.00
0.00
0.60
0.00
0.00
0.00
0.00
0.00
0.00
0.00
0.00
0.00
0.00
16.40
0.00
0.00
0.00
0.00
0.00
0.00
18.60
5.80
0.00
0.00
0.00
0.00
0.00
0.00
0.00
0.00
0.00
0.00
0.00
0.00
0.00
0.00
0.20
4.60
0.00
0.00
0.00
0.00
0.00
0.00
0.00
0.00
0.00
0.00
0.00
0.00
0.00
0.00
0.00
0.00
0.00
5.80
7.20
0.00
0.00
0.20
10.80
1.80
0.00
0.00
0.00
0.40
0.00
0.00
0.00
0.00
0.00
0.00
0.00
1.60
4.20
0.00
0.00
0.00
0.00
0.00
0.40
7.60
0.00
0.00
0.00
0.00
0.00
0.00
0.00
0.00
0.00
0.00
0.00
4.60
7.20
8.40
0.00
0.00
0.00
0.20
0.20
0.20
0.20
0.00
0.20
0.00
0.20
0.00
0.00
0.00
0.00
0.40
0.00
0.00
0.00
0.00
0.00
0.00
0.00
0.00
0.00
0.00
0.00
0.00
0.00
0.20
0.40
0.00
0.00
0.00
0.40
0.00
0.00
3.00
0.20
0.00
0.00
0.20
0.00
0.00
0.00
0.20
0.00
0.20
0.20
0.40
0.20
0.00
2.20
0.00
0.00
0.20
0.20
0.00
0.00
6.40
12.60
7.80
5.40
1.20
6.80
0.00
0.80
4.20
0.20
3.80
0.00
0.00
0.00
7.00
2.20
0.00
14.20
8.60
0.00
0.00
0.00
8.20
7.00
4.20
0.00
0.00
0.00
0.00
0.40
0.00
0.00
0.00
0.00
0.00
12.20
5.40
0.20
0.00
0.20
0.00
0.00
0.00
0.00
0.00
4.60
0.20
0.00
0.00
5.40
0.20
0.00
0.00
0.00
0.00
0.00
0.20
3.40
0.60
0.00
1.40
0.00
0.00
0.00
2.40
0.40
0.20
0.00
2.40
0.00
0.00
5.40
2.60
0.20
0.00
0.00
8.80
5.40
0.00
0.00
0.00
0.00
0.00
0.00
0.00
0.00
0.00
0.00
0.20
0.20
5.40
2.60
0.20
2.20
5.60
0.40
0.20
0.00
0.00
3.00
0.20
0.00
0.00
1.80
0.00
0.00
0.00
4.60
0.00
0.00
0.00
0.00
1.20
0.00
1.60
0.00
0.20
0.00
0.20
0.20
0.00
0.00
0.00
7.60
0.00
0.20
0.00
0.00
0.00
0.00
0.00
0.00
4.80
21.00
0.00
0.20
0.00
0.00
0.00
1.40
0.40
0.00
1.60
0.00
0.60
0.20
0.00
0.00
0.00
0.00
0.00
0.00
0.00
0.00
0.00
0.00
0.00
0.00
0.00
0.00
0.00
0.00
0.00
0.00
0.00
0.00
0.00
4.00
0.00
1.30
22.80
1.20
7.00
2.50
0.00
1.70
0.00
0.00
0.00
0.00
0.00
0.00
0.00
0.00
0.00
0.00
0.00
0.00
0.00
0.20
0.00
0.00
0.00
0.00
0.00
4.50
0.00
0.00
0.00
0.00
0.00
0.00
0.00
0.00
0.00
0.00
0.00
0.00
0.00
0.00
0.00
0.00
0.00
0.00
0.00
0.00
0.00
0.00
0.00
0.00
0.00
0.00
0.00
0.40
10.10
0.10
0.00
0.00
0.00
0.00
0.00
0.00
0.00
0.00
0.00
0.00
0.00
0.00
0.00
0.00
0.00
8.00
0.10
0.00
0.00
0.00
0.00
0.00
0.00
0.00
0.00
0.00
0.00
0.00
0.00
0.00
0.00
0.00
0.00
0.80
0.00
0.00
0.00
0.00
0.00
0.00
0.00
0.00
0.00
0.10
23.50
0.50
0.00
3.10
0.00
0.00
4.90
0.30
0.00
0.00
0.00
0.00
0.00
0.00
0.00
0.00
1.40
0.10
0.00
0.00
0.00
0.00
26.60
0.50
1.40
5.40
0.10
0.00
0.00
0.00
0.00
0.00
0.00
0.00
0.00
0.00
0.00
0.00
0.00
0.00
0.00
0.00
0.20
0.20
1.10
0.00
0.00
0.00
0.00
0.00
0.00
0.00
9.00
0.20
0.00
0.00
0.00
0.00
0.90
0.30
0.00
0.00
0.00
0.00
5.10
0.00
0.00
0.00
0.00
0.10
0.00
0.00
0.00
0.00
2.90
0.30
0.00
0.00
0.00
1.10
0.20
0.40
0.30
0.00
0.00
0.20
0.00
0.20
0.10
0.20
0.00
0.00
0.00
0.00
0.00
6.20
1.30
2.40
0.00
0.00
0.00
0.00
0.00
0.00
0.00
0.00
0.00
0.00
0.10
0.10
1.10
0.00
0.00
1.00
0.70
0.00
0.00
0.00
0.00
0.20
0.40
0.30
0.30
0.10
0.10
0.00
0.00
0.00
0.00
0.00
0.00
0.00
0.40
6.40
0.00
0.00
0.00
0.00
0.00
0.00
0.00
0.00
0.00
0.00
0.00
0.00
0.00
0.00
0.00
0.00
0.60
0.50
0.00
4.30
0.00
3.80
0.00
0.00
0.00
0.00
0.00
0.00
0.00
0.00
0.00
0.00
0.00
2.80
4.90
0.00
0.00
0.00
0.00
0.00
0.00
2.60
30.20
0.00
2.10
9.80
0.90
0.10
0.00
0.00
0.00
0.00
1.60
0.00
0.00
0.00
0.00
0.40
0.10
0.00
3.00
0.00
0.00
0.00
0.40
0.00
0.00
0.00
0.00
0.00
0.00
0.00
0.00
0.00
0.00
0.00
1.90
0.00
0.00
0.00
0.00
0.00
0.50
7.80
6.90
5.30
3.30
2.40
0.00
0.00
0.00
0.00
0.00
0.00
0.00
0.00
0.10
0.00
28.10
0.10
0.00
0.00
0.00
0.00
0.00
0.00
0.00
0.00
0.00
0.00
0.00
0.00
0.00
0.00
0.00
0.00
0.00
2.70
0.00
0.00
0.00
14.50
1.00
0.00
0.00
3.40
6.50
0.00
0.00
9.60
0.10
0.00
9.60
0.00
0.00
0.00
0.00
0.00
0.00
0.00
0.00
0.00
0.00
0.00
0.00
0.00
0.00
0.00
0.00
0.00
0.00
0.00
0.00
0.00
0.00
3.00
1.30
0.00
0.00
0.00
0.00
0.00
0.00
0.00
9.60
0.90
0.00
0.00
0.00
0.00
0.00
0.30
0.00
0.00
0.00
0.00
0.00
0.00
0.00
0.00
0.00
0.00
0.00
0.00
0.00
0.00
0.00
0.00
0.00
0.00
0.00
0.00
0.00
0.00
0.00
0.00
0.40
0.00
0.00
0.00
0.00
0.00
0.00
0.00
0.00
0.00
0.00
0.00
0.00
0.00
0.00
0.00
0.00
0.00
0.40
0.10
6.60
0.00
0.00
1.20
0.00
0.00
0.00
0.00
0.00
0.00
0.00
0.00
0.00
0.00
0.00
0.20
0.00
0.00
0.00
0.00
0.00
0.00
0.00
0.00
0.00
0.00
0.00
0.00
0.00
0.00
0.00
0.00
0.00
0.00
0.00
0.00
0.00
0.00
0.00
0.00
0.00
0.00
0.00
0.00
0.00
0.00
0.00
0.00
0.00
0.00
0.00
0.00
3.70
0.00
0.60
11.00
4.80
0.10
0.10
0.00
0.00
0.00
7.40
23.20
0.20
0.00
0.60
0.00
0.00
0.00
0.00
0.00
0.00
0.00
31.40
0.20
0.00
0.00
1.60
0.30
1.70
5.20
0.20
0.00
0.20
0.20
0.00
0.10
0.00
0.20
0.10
0.00
0.00
0.00
0.00
0.00
0.00
0.00
0.20
0.20
0.10
0.00
0.00
0.00
0.00
0.00
0.00
0.00
0.00
0.00
0.00
0.00
0.10
0.00
0.10
0.00
0.00
0.00
0.10
0.00
0.00
0.00
0.20
0.00
0.00
0.00
0.00
0.00
0.00
0.00
0.30
0.30
0.30
0.20
0.00
0.00
0.10
0.00
0.10
0.10
0.00
0.10
0.00
0.00
0.10
0.00
0.10
0.00
0.40
0.00
0.00
0.00
0.30
0.00
0.00
0.00
0.00
0.00
0.00
0.00
0.00
0.00
0.00
0.00
0.00
0.00
0.00
0.00
0.00
0.00
0.00
0.10
0.00
0.00
0.00
0.00
0.00
0.00
0.00
0.00
0.00
0.00
0.00
0.60
0.00
0.00
0.00
0.00
0.00
0.00
0.00
0.00
0.00
0.00
0.00
0.00
0.00
0.00
0.00
0.00
6.10
34.10
1.50
0.00
0.00
0.00
0.00
0.00
0.00
0.00
0.00
0.00
0.00
0.00
12.10
1.40
2.30
5.80
0.00
0.00
0.00
2.10
0.00
0.00
0.00
0.30
0.00
0.00
0.00
0.50
0.00
0.00
1.10
0.10
0.00
0.00
0.00
0.00
0.00
8.80
0.00
18.70
0.00
0.00
0.00
0.10
4.80
0.00
0.00
1.20
0.10
0.00
0.00
0.10
0.00
0.00
0.00
0.00
0.00
0.00
10.20
2.70
0.10
0.00
0.00
0.00
0.00
0.00
0.00
0.00
0.00
0.00
0.00
0.00
0.00
7.00
0.00
0.00
0.00
0.00
0.00
0.00
0.00
0.00
0.00
0.00
0.00
0.00
0.00
0.00
0.40
13.00
0.10
0.00
0.00
0.00
0.00
0.00
0.00
0.00
0.00
0.00
0.00
0.00
0.00
0.00
0.00
2.40
0.10
0.00
0.00
0.00
0.00
0.00
0.00
0.00
0.00
0.00
0.00
0.00
0.00
0.00
0.00
0.00
0.00
0.00
0.00
0.00
0.00
14.10
0.00
0.00
0.00
0.00
0.00
0.00
0.00
0.00
19.30
0.00
0.00
0.00
0.00
0.00
0.00
0.00
0.00
0.00
0.00
0.00
0.00
0.00
0.00
0.00
0.00
0.30
0.00
0.00
0.00
0.00
0.00
0.00
0.00
1.70
0.00
0.00
0.00
0.00
0.00
0.00
0.00
0.00
6.90
0.00
0.00
0.00
0.00
0.00
0.00
0.00
0.00
0.00
0.00
0.00
0.00
0.00
0.00
0.80
0.10
0.00
0.10
0.00
0.40
33.60
0.10
0.00
0.00
0.00
0.00
0.00
0.00
0.00
0.00
0.00
5.10
6.60
0.00
0.00
4.30
0.00
0.00
0.00
0.00
12.30
8.10
9.70
0.00
0.00
0.00
16.30
5.90
0.10
0.00
0.00
4.00
7.20
0.00
0.00
0.00
4.00
0.00
0.00
0.00
0.10
8.80
0.20
0.30
0.00
0.10
0.00
0.00
0.30
7.80
0.20
0.10
0.10
0.10
0.00
0.10
0.00
0.10
1.70
0.20
0.00
0.00
0.00
0.00
0.00
0.00
0.00
0.00
0.00
0.00
0.00
0.00
0.00
0.00
0.00
0.70
5.10
0.20
0.90
0.00
0.00
0.00
0.00
0.00
0.00
0.10
0.10
0.00
0.00
0.10
0.00
0.10
0.10
0.10
0.20
0.10
0.10
0.00
0.10
0.10
0.10
0.30
0.30
0.10
0.20
1.80
2.70
0.00
0.00
0.00
0.00
1.80
17.40
2.20
0.00
0.00
0.00
1.40
0.30
0.40
3.40
0.00
0.00
0.00
0.00
0.40
0.20
0.00
0.00
0.20
0.00
0.00
0.00
0.00
0.70
0.00
0.00
0.00
0.00
0.00
0.00
0.00
0.00
0.00
0.00
0.00
3.40
4.60
0.00
0.00
0.00
0.00
0.30
0.00
0.00
0.00
0.00
14.90
22.50
1.80
0.20
0.00
0.00
1.00
0.10
0.00
0.00
0.00
0.20
5.90
0.10
1.50
0.50
0.00
1.10
0.00
0.00
7.00
0.00
0.60
0.00
8.20
0.00
0.00
0.40
0.00
2.30
3.40
0.10
0.00
0.00
0.00
0.00
0.00
0.00
0.00
0.00
0.00
0.00
0.00
0.00
0.00
0.10
0.00
0.00
0.00
0.00
0.00
9.10
11.00
12.50
9.70
30.10
7.20
0.00
0.00
0.00
2.90
0.00
0.00
0.00
0.00
0.40
0.00
0.00
0.00
0.00
4.30
8.70
0.10
2.80
0.30
0.00
0.00
0.00
0.00
0.00
0.00
0.00
1.00
4.50
0.00
0.00
0.00
0.40
0.00
0.20
0.00
0.00
0.00
0.00
0.00
6.00
0.40
0.00
0.00
0.00
1.10
0.00
0.00
0.00
6.90
13.30
0.30
0.10
0.00
0.00
0.00
0.00
0.00
0.00
0.00
0.00
0.00
0.00
1.10
0.10
0.00
0.00
0.00
0.00
0.00
0.00
0.00
1.80
2.50
0.00
6.30
8.70
0.00
0.10
0.30
5.90
0.00
1.30
0.00
0.00
0.30
0.00
0.00
0.00
0.00
0.30
0.00
0.00
0.00
0.00
0.00
0.10
0.00
0.00
0.00
7.30
0.10
0.00
0.00
0.00
0.20
0.00
0.00
0.00
44.60
0.00
0.00
0.00
0.00
0.00
0.00
0.00
0.00
0.00
0.00
0.00
0.00
0.00
0.00
0.00
0.00
0.00
0.00
0.00
0.00
0.00
17.20
0.00
0.00
0.00
0.00
0.00
0.00
0.00
0.00
0.00
0.00
0.00
0.00
0.00
0.00
0.00
0.00
0.00
0.00
0.00
0.00
0.00
0.00
0.00
0.00
0.00
1.80
7.10
0.10
0.00
0.00
0.00
0.00
0.00
0.00
0.00
0.00
0.00
0.00
0.00
0.00
0.00
0.00
0.00
0.00
2.30
0.00
0.00
0.00
0.00
0.00
0.00
0.00
0.00
0.00
0.00
0.00
0.00
0.80
0.10
0.00
0.00
0.00
0.00
0.00
0.00
0.00
0.00
0.00
0.00
19.10
19.00
17.10
0.00
0.00
0.00
0.00
0.00
0.00
0.00
0.00
0.00
0.00
0.00
0.00
0.00
0.00
0.00
0.00
0.00
0.20
0.20
0.40
0.30
0.20
0.30
0.40
0.40
0.00
0.10
0.10
0.00
0.20
2.40
0.00
0.00
0.00
0.00
3.90
1.60
0.00
0.00
1.20
0.00
0.00
0.00
1.10
0.00
0.00
4.60
0.00
0.00
0.00
0.00
0.00
0.20
0.00
0.00
3.10
0.00
0.30
0.20
0.30
19.10
0.10
0.00
0.00
0.10
0.10
0.00
0.00
0.00
0.00
4.90
2.50
0.10
0.00
1.30
0.00
0.00
2.60
1.40
0.00
0.30
0.50
3.40
0.70
0.80
0.10
0.00
0.00
0.40
1.40
0.00
0.00
0.00
0.00
0.00
0.00
0.00
0.00
0.70
0.00
0.20
0.50
0.00
0.00
1.00
0.10
0.00
0.00
0.00
0.00
0.00
0.00
0.00
0.00
0.00
0.00
0.00
0.00
0.00
0.00
0.00
0.00
0.00
1.60
0.00
1.10
0.40
0.00
0.00
0.00
0.00
31.80
0.00
0.00
0.50
41.80
0.00
0.00
0.00
0.00
0.00
0.00
0.00
0.10
0.00
0.00
0.00
0.00
0.00
0.00
0.00
0.50
2.20
5.10
0.70
0.00
4.80
0.20
0.30
0.00
0.00
0.00
0.00
0.00
0.00
0.00
0.00
0.00
0.00
0.00
0.00
0.00
0.00
0.00
0.20
0.00
0.00
0.00
0.00
0.00
0.00
0.00
0.00
0.90
0.00
0.00
0.00
0.00
7.90
0.00
9.90
0.00
8.50
0.00
0.00
0.00
0.00
0.50
0.00
0.00
0.00
0.00
0.00
0.00
0.00
0.00
0.00
0.00
0.00
0.00
8.00
0.00
0.00
0.00
0.00
0.00
0.00
15.50
0.00
0.00
0.00
0.00
0.00
0.00
0.60
0.60
3.40
0.00
0.00
0.00
2.70
0.00
0.00
0.00
0.00
0.00
0.00
0.00
0.00
0.00
0.00
0.00
0.20
0.00
0.00
0.00
0.00
0.60
2.70
0.00
0.00
0.00
0.00
0.00
0.00
2.60
16.70
0.00
0.00
0.00
0.00
0.00
0.00
0.00
0.00
0.00
0.00
0.00
0.00
0.00
0.00
0.00
0.90
0.00
1.40
0.50
48.30
0.10
0.00
0.00
0.00
0.00
0.00
0.00
0.00
0.00
0.00
0.00
0.00
20.90
0.30
0.00
13.10
21.50
0.00
0.00
0.00
0.00
0.00
2.10
0.10
2.60
1.70
0.20
32.40
0.00
0.00
8.30
0.30
0.20
0.00
0.00
0.00
3.90
0.10
27.90
0.10
0.10
0.00
0.00
7.90
0.00
0.00
0.00
4.40
0.00
0.20
6.40
0.00
0.20
0.00
0.00
0.00
0.00
0.00
0.00
0.00
0.00
0.00
0.00
0.00
0.00
0.00
0.00
0.00
0.00
0.00
0.00
0.00
2.60
8.20
0.10
0.00
0.00
0.00
3.20
0.00
4.00
0.10
0.00
3.50
0.40
0.10
0.00
0.00
0.00
0.00
0.00
0.00
0.00
0.70
0.00
33.70
5.40
19.30
40.60
7.20
0.40
0.00
1.00
6.00
0.10
0.10
0.00
0.00
0.00
0.00
0.00
0.00
0.00
0.00
1.90
0.10
0.10
0.00
0.10
0.00
0.10
0.10
0.10
0.00
0.00
0.10
0.10
0.00
0.00
0.00
0.00
0.00
0.00
0.00
0.00
0.20
0.30
0.00
0.00
0.00
0.10
0.20
0.20
0.10
0.30
0.20
3.10
0.00
0.10
0.00
0.00
0.00
0.00
0.10
0.00
0.00
0.00
0.00
0.00
0.00
4.40
0.20
0.00
0.00
2.10
12.70
0.00
0.00
0.00
0.00
0.00
0.00
0.10
0.00
0.00
0.00
0.00
0.00
0.00
0.00
0.00
0.00
0.90
0.00
5.20
0.00
0.00
0.00
0.00
0.00
0.10
0.00
0.00
0.00
0.00
0.00
0.00
0.00
0.00
0.00
0.00
0.00
0.00
1.30
0.00
0.00
0.00
0.00
0.00
4.00
2.00
13.30
1.30
4.10
6.10
0.00
0.00
0.00
0.00
0.00
0.00
0.00
0.00
0.00
0.00
0.00
0.00
0.00
0.00
0.00
0.00
0.00
0.00
0.00
0.00
0.00
0.00
0.10
0.90
0.10
0.00
0.00
1.60
0.00
0.30
0.00
1.40
0.00
0.00
0.70
0.00
0.00
0.00
0.00
0.00
0.00
0.00
0.00
0.00
0.00
0.00
0.00
0.00
0.00
0.00
0.00
0.00
0.00
0.00
2.40
0.10
0.00
0.00
0.00
0.00
0.00
0.00
0.00
0.00
0.00
0.00
0.00
0.00
0.00
0.00
0.00
0.00
0.00
0.00
2.50
19.10
0.30
11.80
1.30
7.20
0.00
55.90
0.30
0.00
0.00
0.00
0.00
0.00
0.00
5.90
0.00
0.00
0.00
0.00
0.00
0.00
0.00
0.00
0.00
0.00
0.00
0.00
0.00
0.00
0.00
0.00
0.00
0.00
0.00
0.00
0.00
0.00
0.00
0.00
10.90
0.00
0.00
12.20
0.40
0.00
0.00
0.00
0.00
0.00
0.00
0.00
0.10
14.20
0.10
0.00
0.40
0.00
0.00
0.00
0.00
4.60
0.00
0.00
0.00
0.00
0.00
0.00
0.00
0.00
0.50
21.90
0.00
0.00
0.00
0.00
1.50
0.00
0.00
0.00
0.00
0.00
0.00
0.00
4.30
0.10
3.40
1.60
7.80
0.00
0.00
0.00
0.00
0.00
1.80
0.00
0.00
0.00
0.00
0.00
0.00
0.00
0.00
0.00
0.00
0.00
0.00
0.00
0.00
0.00
0.00
0.00
0.00
0.00
0.00
1.80
0.00
0.00
0.00
0.10
0.30
0.00
0.00
0.00
0.00
0.00
3.60
0.10
0.00
0.00
0.00
0.30
0.40
0.00
0.00
0.00
0.00
0.00
0.00
0.00
0.00
2.60
0.00
0.00
0.00
0.00
0.00
66.20
0.00
0.20
0.10
0.00
0.00
0.00
0.20
0.00
0.30
0.00
0.00
0.00
0.00
0.20
0.10
0.10
0.20
0.20
0.20
0.00
0.00
0.00
0.00
0.00
0.00
0.00
0.00
0.00
0.00
0.10
0.20
0.00
0.00
0.00
0.00
0.00
0.00
0.20
0.10
0.00
0.10
0.10
0.00
0.10
0.00
0.10
0.00
0.00
0.00
0.40
0.20
0.10
0.20
0.30
0.10
0.00
0.40
0.10
0.10
0.10
0.10
2.40
7.60
0.00
0.00
0.00
0.00
0.00
0.00
0.00
0.00
0.00
0.20
0.00
0.00
0.00
0.00
0.00
0.00
0.00
0.00
0.00
0.00
0.00
0.00
0.00
0.00
0.00
0.00
0.00
0.00
0.10
0.00
0.00
0.00
0.30
1.90
0.00
0.10
2.20
0.90
7.60
9.30
0.30
0.00
0.00
0.00
0.00
0.00
0.00
0.00
3.00
0.00
0.00
0.00
2.10
43.10
0.00
0.00
0.00
0.00
0.00
1.60
0.00
0.00
0.00
0.00
1.70
0.00
0.00
0.00
0.00
2.60
2.80
0.00
0.00
0.00
5.50
1.40
0.00
0.00
0.00
0.00
0.00
0.00
0.00
0.00
0.00
0.00
0.00
0.00
0.00
0.30
17.10
19.90
0.00
0.00
0.00
0.00
2.10
0.00
1.80
0.10
0.00
0.00
0.80
0.00
0.00
0.00
0.80
0.30
0.00
1.00
0.00
0.00
0.00
5.80
8.30
0.10
1.70
0.00
0.00
0.00
0.00
0.00
0.00
0.00
5.50
25.10
3.40
2.80
0.00
0.00
0.00
0.00
0.00
0.00
0.00
0.00
0.00
0.00
0.50
0.00
0.00
0.00
0.00
0.00
6.30
0.00
0.00
0.00
0.00
0.00
0.00
0.20
0.00
0.20
0.00
0.00
0.00
0.20
0.00
0.00
0.00
0.00
0.00
0.00
1.20
3.30
0.00
0.00
0.00
0.00
0.00
0.00
0.00
0.00
0.00
0.00
0.50
0.00
0.00
0.00
0.00
0.00
0.00
0.00
0.00
0.20
0.00
0.00
1.20
0.00
0.00
0.00
0.00
0.00
0.00
0.00
0.00
0.50
0.00
4.20
0.00
0.00
0.00
0.00
0.00
0.00
0.00
0.00
0.00
0.00
0.00
0.00
0.00
0.00
0.00
0.00
0.00
0.10
0.00
0.00
0.00
0.00
0.00
0.00
5.80
0.10
0.00
0.00
0.00
0.00
0.00
0.00
0.00
0.00
0.00
0.00
0.00
0.00
0.00
0.00
0.00
0.00
0.00
0.00
0.00
0.00
0.00
0.00
21.00
4.90
0.00
0.00
6.90
0.10
0.00
0.00
0.00
0.00
0.00
0.00
0.00
0.00
0.10
0.00
0.00
0.00
0.00
0.00
0.00
0.00
0.00
0.00
0.00
0.00
0.00
16.20
0.00
0.00
0.00
0.00
0.00
2.20
22.60
0.70
0.00
0.00
0.20
0.00
0.00
0.00
0.00
1.40
0.00
9.40
0.00
0.00
0.10
0.00
0.20
0.20
0.20
0.00
0.10
0.10
6.20
3.20
0.10
0.00
0.00
0.10
0.00
0.00
0.00
0.00
0.00
0.00
0.00
0.00
0.00
0.10
0.20
6.20
6.00
17.70
0.10
0.10
1.40
1.80
0.10
0.00
0.00
0.00
0.20
0.10
0.10
0.00
0.00
0.20
0.30
0.20
0.30
0.40
0.20
0.20
0.20
0.10
3.80
0.00
0.00
0.20
0.00
0.00
0.10
0.00
0.30
0.10
0.10
0.10
0.30
0.10
0.00
0.10
0.40
0.00
0.00
0.20
0.10
0.10
0.00
0.20
0.20
0.10
0.00
0.00
0.00
0.00
0.00
0.00
0.00
0.00
0.00
0.00
0.00
0.10
0.10
0.00
0.00
0.00
7.70
3.60
0.00
0.00
0.00
0.10
3.20
2.40
0.70
2.50
0.00
0.00
0.00
0.00
0.00
0.00
0.00
4.60
0.00
0.00
0.00
0.00
0.20
0.10
0.20
0.00
0.20
0.00
0.00
0.00
0.00
0.00
0.00
0.00
0.00
11.30
7.10
0.00
0.00
0.00
0.00
0.00
0.00
0.00
0.40
1.70
0.00
0.00
0.00
0.00
0.00
0.00
0.00
0.00
0.00
0.30
34.70
34.90
0.00
4.00
0.00
0.00
0.00
5.30
0.10
0.00
0.00
0.00
16.60
0.00
0.00
0.00
0.00
0.00
0.00
0.00
0.00
0.00
0.00
0.00
0.00
0.00
0.00
0.00
0.00
0.00
0.00
0.00
9.10
1.00
9.50
0.00
0.00
0.40
0.00
0.00
0.30
0.00
0.00
1.10
0.00
0.00
0.00
2.20
20.10
0.80
0.10
0.00
0.00
0.00
0.00
7.70
0.00
0.00
0.00
0.10
0.00
0.00
0.00
0.00
0.00
0.00
0.00
0.00
0.00
0.00
5.10
2.00
16.60
0.30
0.00
0.00
0.00
5.80
0.00
0.00
0.00
0.00
0.00
0.00
0.00
0.00
0.00
0.00
0.00
0.00
0.00
0.00
0.00
1.30
2.10
2.80
3.00
0.00
0.00
0.00
0.00
0.00
0.00
0.00
0.10
0.00
2.00
0.00
0.00
0.00
0.00
0.00
0.00
0.00
0.00
0.00
0.00
0.30
0.00
5.80
0.00
0.00
0.00
0.00
0.00
0.00
0.00
0.00
0.00
0.00
0.00
0.00
0.00
0.00
0.00
0.00
0.00
0.00
6.50
0.00
0.00
0.00
0.00
0.00
0.00
0.00
0.00
0.00
2.90
0.00
0.00
0.00
0.30
2.40
0.00
0.50
0.10
0.00
0.30
1.00
0.00
0.20
0.00
1.40
0.00
0.00
0.00
0.00
0.00
0.80
0.00
0.00
0.00
0.00
7.30
13.10
0.00
0.00
0.00
0.00
0.00
0.00
28.70
0.00
0.00
0.00
0.00
0.00
0.00
0.00
0.60
0.00
0.00
0.00
0.00
0.10
0.00
0.00
0.00
0.00
0.00
0.00
0.00
0.00
0.00
0.00
0.00
0.00
16.90
1.60
0.10
0.00
0.00
0.00
0.00
0.00
0.00
0.10
0.00
0.00
0.00
0.00
0.00
0.00
0.00
1.10
0.10
0.00
0.00
0.00
0.00
0.00
0.00
0.00
0.00
0.00
0.00
0.00
0.00
0.00
0.00
0.00
0.00
0.00
0.00
0.00
0.00
0.00
0.00
0.00
0.00
0.00
0.00
0.00
0.00
0.00
0.00
0.00
0.00
0.00
0.30
2.60
1.80
0.00
0.10
0.90
0.10
0.00
0.00
0.00
0.00
0.10
0.10
0.10
0.30
0.20
0.20
1.10
4.00
0.80
0.50
0.10
0.00
0.00
0.00
0.00
0.00
0.00
11.40
3.10
0.00
0.00
0.10
0.00
0.00
0.00
0.80
0.00
0.00
0.00
0.00
0.00
0.00
0.00
0.00
0.00
0.00
6.60
5.40
0.10
0.00
0.00
0.00
0.30
0.20
0.00
0.00
8.00
11.70
2.00
0.00
0.00
0.00
0.00
0.00
0.00
0.00
0.00
0.00
1.00
0.00
0.00
0.00
0.00
0.00
0.00
0.00
0.00
0.00
0.00
0.00
12.40
4.20
1.50
0.00
0.00
3.60
0.00
0.00
0.00
1.50
6.00
0.00
0.00
0.20
0.20
2.20
0.00
3.90
0.00
1.90
0.00
0.00
0.00
0.10
22.20
0.10
0.00
0.00
0.00
0.00
0.00
0.80
0.00
0.00
0.00
0.00
0.00
1.60
0.20
8.80
4.80
13.70
30.10
0.10
12.30
0.30
0.00
2.30
0.10
0.00
0.00
0.00
0.00
0.00
0.20
0.00
0.00
0.00
0.00
0.40
7.60
0.00
0.50
0.00
0.00
0.00
0.00
3.10
0.40
0.10
0.00
0.00
0.00
22.50
0.00
0.00
0.00
0.00
0.00
0.00
0.30
0.40
3.10
0.00
0.00
0.00
0.50
0.00
1.90
18.80
6.10
14.40
0.00
0.00
0.00
0.40
0.00
0.90
3.50
0.00
0.00
0.20
3.20
0.10
0.30
0.00
0.00
0.00
0.00
0.00
0.00
0.00
0.00
0.00
0.00
0.00
0.00
0.00
0.00
0.00
0.00
0.00
0.00
0.00
0.00
0.00
0.00
0.00
0.00
0.00
0.00
0.00
0.00
0.00
1.30
0.00
0.00
0.00
0.00
0.00
1.00
0.00
5.40
0.10
0.70
0.00
0.00
0.00
0.00
0.00
0.00
0.00
0.00
0.00
0.00
0.00
0.00
0.00
0.00
0.00
0.00
1.10
0.50
0.00
0.00
2.40
0.00
0.00
0.00
6.10
0.40
0.10
0.00
0.00
0.00
11.10
0.00
0.00
0.00
0.00
0.00
1.00
0.00
0.00
0.00
0.00
0.00
0.00
0.00
0.90
0.00
0.00
0.00
0.00
0.00
0.00
0.30
0.00
0.00
0.00
0.00
0.00
0.00
0.00
0.00
0.00
0.00
0.00
0.00
0.00
0.00
0.00
0.00
0.00
0.00
0.00
0.00
0.00
0.00
0.00
0.10
0.00
0.00
22.80
4.30
0.00
0.00
0.00
61.80
2.20
0.00
0.10
0.60
6.50
0.50
0.00
0.20
0.00
0.10
0.00
1.30
10.80
2.50
0.00
0.70
20.60
0.00
0.00
0.10
0.00
26.70
0.10
0.00
5.20
8.60
0.10
0.00
0.00
0.00
0.00
10.60
0.00
2.20
5.10
0.00
6.20
0.20
0.00
1.60
0.20
1.30
2.80
0.00
0.00
0.00
3.50
0.10
0.00
0.20
0.00
0.50
0.20
0.00
0.10
0.00
0.00
0.20
0.10
9.60
0.10
0.10
1.60
0.00
0.00
0.20
0.00
0.00
0.00
0.10
0.40
0.20
0.30
0.20
0.10
0.00
0.00
0.10
0.10
0.00
0.00
0.00
0.00
0.10
0.00
0.10
0.10
0.00
0.00
0.00
0.00
0.00
0.00
0.10
0.20
0.00
0.20
1.20
0.00
0.20
0.90
0.00
0.00
0.00
0.00
0.00
1.10
0.00
1.60
10.20
0.00
0.00
0.00
0.00
0.00
0.00
0.20
0.00
0.00
0.00
0.00
0.00
0.00
0.00
0.00
0.00
0.00
0.00
0.00
0.00
0.00
0.00
0.00
0.00
0.00
0.00
0.00
0.00
0.00
0.00
0.00
0.00
1.70
0.00
0.00
0.00
0.00
0.00
0.00
0.00
0.00
0.00
0.00
0.00
0.00
0.00
0.00
0.00
0.00
0.00
0.00
0.00
0.00
0.00
0.00
0.00
0.00
0.00
0.10
0.00
0.10
0.00
12.90
5.00
0.00
0.40
1.00
0.30
0.00
0.00
0.00
0.00
1.20
0.00
0.00
0.00
0.00
3.60
0.70
0.80
1.90
0.10
1.70
0.00
0.00
0.00
0.00
0.00
0.00
0.00
2.40
0.10
0.00
0.00
0.00
0.00
0.00
0.00
0.00
0.00
0.00
0.00
0.00
3.80
1.40
0.00
0.00
0.00
0.00
0.00
2.10
27.50
1.10
0.00
0.20
0.00
0.00
0.00
0.00
0.00
0.00
0.00
0.00
0.20
0.00
0.00
0.00
0.00
0.00
7.30
0.00
0.00
0.00
0.00
0.00
0.00
0.00
0.00
0.50
0.70
0.00
0.00
0.00
0.00
0.00
0.00
0.00
0.00
0.00
0.00
0.00
0.00
0.00
0.00
0.60
0.00
9.20
24.20
0.00
0.00
0.00
0.00
0.00
0.00
0.00
0.70
0.00
0.00
0.00
0.00
0.00
0.00
0.00
0.00
0.00
2.30
0.00
0.00
0.00
0.00
0.00
0.00
0.00
0.00
0.00
0.00
0.00
0.00
0.00
0.00
0.00
0.00
0.00
0.00
0.00
0.00
0.00
0.00
0.00
20.30
0.00
0.00
0.00
0.00
0.00
0.00
2.40
0.00
0.00
0.00
0.00
0.00
0.00
0.00
0.00
0.00
0.00
0.00
0.00
0.00
0.70
0.10
0.00
1.00
2.90
0.00
0.00
0.00
0.10
0.00
0.00
3.70
0.00
0.00
0.00
0.00
0.00
0.00
0.00
0.00
0.00
0.00
0.00
0.00
0.00
0.00
0.00
0.00
0.00
0.00
0.00
0.00
0.00
0.00
16.00
0.00
0.00
0.00
0.10
0.00
2.70
0.10
90.80
3.60
0.10
0.00
0.00
0.00
0.00
0.00
0.20
0.00
0.70
5.40
0.70
1.70
0.00
0.00
0.30
0.00
0.30
0.10
0.00
0.00
0.10
3.60
0.10
0.00
0.00
0.00
0.10
0.00
0.00
7.40
1.30
0.00
0.00
0.20
0.10
0.00
0.00
0.00
0.10
0.10
0.00
8.30
8.30
0.20
0.20
0.20
0.10
0.00
0.10
2.80
0.70
0.00
0.00
0.00
0.00
0.00
2.30
10.90
6.10
2.40
0.00
0.00
0.10
0.20
0.00
0.10
0.10
0.00
0.00
0.00
0.00
0.00
0.00
0.00
0.00
0.00
0.00
0.30
1.50
0.10
0.10
0.20
0.20
0.20
0.10
0.00
0.00
16.60
0.40
21.50
19.20
10.10
0.10
0.00
1.20
0.20
0.00
0.00
0.00
0.00
0.20
0.00
0.10
0.30
0.00
0.00
0.00
0.00
0.00
0.00
0.00
0.00
0.00
0.00
0.00
0.20
0.20
0.00
0.00
0.00
0.00
0.00
0.00
0.00
0.00
0.00
0.00
0.00
0.00
1.80
7.70
0.70
0.00
0.00
0.00
0.00
0.00
0.00
0.00
0.00
0.00
0.00
0.00
6.70
12.70
2.30
0.00
0.00
0.00
0.00
0.00
0.40
2.80
2.50
4.50
0.10
0.00
0.00
0.00
12.10
10.60
2.60
0.10
0.00
0.00
0.00
0.80
0.00
0.00
0.00
0.90
0.00
4.10
0.00
0.60
0.00
0.00
0.00
1.70
7.80
24.00
3.90
0.00
5.90
0.00
0.00
20.20
0.10
0.00
0.00
0.40
0.00
0.00
0.00
0.00
0.00
0.00
0.00
0.00
28.90
0.00
2.60
9.10
8.30
0.40
19.80
0.00
0.00
0.00
0.00
0.00
0.00
0.00
0.00
1.00
0.00
0.00
0.00
1.30
0.00
6.60
0.10
0.00
8.50
2.90
0.00
6.50
0.30
0.10
0.00
0.00
2.10
2.00
0.00
0.00
0.30
8.50
0.00
8.00
0.00
0.00
0.00
0.00
0.00
0.00
0.40
0.00
0.00
0.00
0.00
0.50
0.10
1.30
4.30
0.00
0.00
0.00
0.00
0.00
0.00
0.00
0.00
0.00
0.20
0.10
0.10
0.00
0.00
0.00
0.00
0.00
0.00
0.00
0.30
0.30
0.00
0.00
0.00
0.00
0.00
0.00
0.00
0.00
0.00
0.00
0.00
0.00
0.00
0.00
0.00
0.00
0.00
0.50
5.30
0.00
0.00
0.00
0.00
0.00
0.00
0.00
0.00
0.00
0.00
0.00
0.00
0.00
0.00
0.00
7.20
0.00
0.00
0.00
0.00
0.00
0.00
0.00
0.00
0.10
0.00
0.00
3.40
0.10
0.00
0.00
0.00
0.00
0.00
0.00
0.00
2.40
1.20
0.00
0.00
0.00
0.00
0.00
0.00
0.20
0.10
0.00
0.00
0.00
0.00
13.50
0.00
0.00
0.00
0.00
0.00
0.00
0.00
0.00
0.00
0.00
0.00
0.00
0.00
0.00
0.00
0.00
0.00
0.00
0.00
2.90
0.00
0.00
1.10
0.00
0.00
0.00
0.00
0.00
0.00
0.00
0.00
15.00
18.60
3.70
5.10
16.10
0.10
0.10
0.10
0.20
0.20
0.20
0.30
0.20
0.00
0.00
0.00
0.00
0.00
0.00
0.00
0.00
0.00
0.00
0.00
1.30
0.60
0.30
0.40
0.50
0.00
0.00
0.00
0.10
0.00
8.10
0.10
0.00
1.10
14.70
0.00
0.00
0.00
0.30
0.10
0.00
0.30
2.80
0.80
0.10
0.40
0.40
0.30
0.00
0.00
0.00
0.60
0.00
0.00
0.20
0.00
0.00
0.00
0.00
0.00
0.00
0.00
0.00
34.80
6.70
0.00
0.00
0.10
0.10
0.10
0.20
0.00
0.00
0.00
0.30
0.10
4.20
2.90
0.20
0.40
0.00
0.00
0.00
0.00
0.70
0.10
0.10
0.00
0.00
0.00
0.00
0.00
0.00
1.70
2.20
5.00
0.00
5.00
0.00
0.30
0.00
0.00
0.00
0.00
0.00
0.00
0.00
11.50
0.10
0.00
0.00
0.00
0.40
0.20
0.00
0.00
0.00
0.00
0.00
0.00
0.00
0.20
0.00
0.00
0.00
0.00
0.00
0.00
