20000101
0.00
0.00
0.00
0.00
0.20
0.20
0.20
0.00
0.00
0.20
0.00
0.00
0.20
12.40
28.10
0.20
0.00
0.20
0.00
0.00
0.20
0.20
0.00
0.00
1.00
1.60
0.20
0.20
0.20
0.00
0.00
0.20
0.40
0.00
0.00
0.00
0.00
0.20
0.00
0.00
0.00
0.00
0.40
0.00
0.00
0.00
0.00
0.00
0.00
0.00
0.00
0.00
0.00
0.00
0.00
0.00
0.20
0.00
0.00
0.00
0.00
0.00
0.00
0.00
0.00
0.00
0.00
0.00
0.00
0.00
0.00
0.00
0.00
0.00
0.00
0.00
0.00
0.00
0.00
0.20
1.60
0.80
12.60
0.40
0.00
0.00
0.00
0.20
0.00
2.40
8.80
0.00
0.80
7.20
0.00
0.00
0.00
0.00
1.40
23.80
5.20
1.60
0.00
0.00
0.00
0.00
4.20
0.00
0.00
0.00
0.00
0.00
1.60
0.20
0.00
0.00
0.00
6.80
0.00
0.00
0.00
0.00
0.00
0.00
0.00
0.00
0.00
0.00
0.00
0.80
23.30
0.20
0.00
0.00
0.20
0.00
0.00
1.20
0.00
0.00
0.00
4.50
0.00
0.00
0.00
0.20
8.10
1.40
0.00
0.00
0.00
0.00
0.00
0.00
0.00
0.00
0.40
0.00
0.00
0.00
55.20
20.00
0.00
0.00
0.00
0.00
0.00
0.00
0.00
0.00
0.00
0.00
0.00
0.00
0.00
0.00
0.00
0.00
0.00
0.00
0.00
0.00
0.00
0.00
0.00
0.00
0.00
0.00
0.00
0.00
0.00
7.90
0.00
0.00
0.00
0.00
0.80
0.00
3.20
0.00
0.00
0.00
-99.00
-99.00
-99.00
-99.00
-99.00
-99.00
-99.00
-99.00
-99.00
-99.00
-99.00
0.00
0.00
0.00
0.00
0.00
0.00
0.00
0.00
0.00
0.00
0.00
0.00
0.00
0.00
0.00
0.00
0.00
0.00
0.00
0.00
0.20
0.00
0.00
0.00
0.00
0.00
0.00
0.00
0.00
2.00
0.00
0.00
0.00
0.00
1.20
0.00
0.00
0.00
0.00
0.00
0.00
0.00
0.00
0.00
0.00
0.00
0.00
23.30
0.00
0.20
0.00
0.00
0.00
0.00
0.00
0.00
1.80
6.90
15.90
0.20
0.00
0.00
0.40
0.00
0.00
0.00
0.00
0.00
0.00
0.00
0.60
0.20
0.20
0.20
0.00
0.00
0.00
0.00
0.00
0.00
0.00
0.00
33.80
38.10
41.70
31.30
0.20
0.00
0.20
18.80
0.00
6.00
0.00
3.80
2.20
0.00
0.00
1.80
0.00
0.00
0.00
0.00
0.00
0.00
5.80
0.20
0.00
0.00
0.00
0.00
0.00
3.20
0.00
0.40
5.40
0.00
0.00
0.00
0.00
0.00
1.20
0.00
0.00
0.20
0.00
0.00
0.00
1.40
1.00
0.00
0.00
0.00
0.00
0.00
0.00
0.00
0.00
0.00
0.00
0.00
0.00
0.00
1.00
11.60
4.60
7.80
0.20
0.00
1.00
0.40
0.40
5.10
0.00
0.00
0.00
0.00
0.40
0.40
0.00
0.00
0.00
0.00
0.00
1.40
0.20
0.80
12.40
1.00
0.00
0.20
0.00
0.20
0.00
0.00
0.00
0.00
0.60
0.00
1.40
0.00
1.20
0.00
0.60
0.00
0.00
0.00
0.00
0.00
0.00
0.00
0.00
0.60
0.00
0.00
0.00
0.20
0.20
3.60
17.20
0.00
0.00
0.00
0.00
0.00
0.00
0.00
0.00
0.00
0.00
0.00
0.20
0.00
0.60
0.00
0.00
0.00
1.00
0.20
7.60
0.00
0.00
0.00
0.00
0.20
0.00
0.00
0.00
0.00
0.00
0.00
0.00
0.00
0.00
0.00
0.00
0.00
0.00
0.00
0.00
0.00
0.00
0.20
0.00
0.00
0.00
0.00
0.00
0.00
0.00
0.00
12.50
0.00
0.00
0.00
0.00
0.00
0.00
0.00
0.00
0.00
0.00
0.00
0.20
0.00
0.00
0.00
0.00
0.00
0.00
0.00
0.00
1.40
22.10
-99.00
-99.00
-99.00
-99.00
-99.00
-99.00
-99.00
0.00
2.00
26.50
0.00
0.00
0.00
0.00
0.00
0.00
5.70
2.40
0.00
0.00
0.00
0.00
0.00
0.00
0.00
0.00
0.00
0.00
0.00
0.00
0.00
0.00
0.00
0.00
0.00
0.00
0.00
0.00
0.00
0.00
12.60
0.00
0.00
0.00
0.00
0.00
0.00
0.00
0.00
0.00
0.00
0.00
0.00
0.00
0.00
0.00
0.00
0.00
0.00
0.00
0.00
0.00
0.00
0.00
0.00
0.00
0.00
0.00
0.00
1.40
0.00
0.00
0.00
0.00
0.00
0.00
9.70
0.00
0.40
12.30
0.00
0.00
0.00
0.00
0.00
0.00
0.00
0.00
0.00
0.00
0.00
0.00
0.00
0.00
0.00
0.00
0.00
0.00
0.00
0.00
0.00
0.00
0.00
0.00
0.00
0.00
0.20
0.60
0.00
0.00
0.00
0.00
0.00
0.00
0.00
0.00
0.00
0.00
0.00
0.00
0.00
0.00
0.00
0.00
0.00
18.60
0.00
0.00
0.00
0.00
0.00
0.00
0.00
0.00
0.00
0.00
0.00
0.00
0.00
0.00
0.00
7.30
5.10
0.00
75.60
4.50
4.10
0.00
0.00
0.00
3.00
2.40
0.20
0.20
0.80
0.20
0.20
0.00
0.20
0.00
0.00
1.00
10.30
0.00
0.00
4.00
0.20
0.00
0.00
0.00
7.20
4.30
1.00
0.00
0.00
0.00
0.00
0.00
0.00
0.00
0.20
0.20
0.20
0.20
0.00
3.00
2.20
0.00
0.00
0.00
0.00
0.00
0.00
0.00
0.40
0.00
0.00
31.10
31.40
15.70
2.00
4.50
0.00
0.00
0.00
0.00
0.00
0.00
0.00
0.00
0.00
0.00
0.00
3.30
0.00
0.00
0.20
0.00
0.20
0.00
0.00
5.30
0.20
11.50
0.00
0.00
0.00
0.20
2.60
0.40
0.00
5.20
1.40
0.00
0.00
0.00
6.80
0.00
0.00
0.00
0.00
0.00
0.00
0.20
1.80
0.20
2.20
13.50
29.30
0.40
0.00
0.20
2.00
0.00
0.00
0.00
0.20
0.40
0.20
0.60
0.00
0.00
0.00
0.00
0.20
0.40
0.20
0.00
0.00
0.00
0.00
0.00
0.00
0.00
0.00
0.00
0.00
0.00
0.20
0.20
3.00
0.00
0.00
0.00
0.00
0.00
0.00
0.20
0.00
0.20
0.00
0.00
0.00
0.00
0.00
0.00
0.60
0.00
0.00
0.00
0.00
0.00
0.00
0.00
0.00
5.00
0.00
1.80
12.70
0.00
0.00
0.00
0.00
0.00
0.00
0.00
0.00
0.00
0.00
0.40
7.60
0.00
0.00
0.00
0.60
0.00
0.00
0.00
0.80
5.90
0.00
6.50
9.40
0.00
0.00
0.20
16.00
2.60
1.60
0.00
1.80
2.20
5.20
0.20
14.00
0.80
49.00
0.20
0.00
0.00
0.00
0.00
0.00
0.00
0.20
0.00
0.00
0.00
0.00
0.00
0.00
0.00
0.00
0.00
0.00
0.00
2.40
0.40
0.00
23.10
12.90
120.40
83.00
0.40
0.00
0.00
0.00
0.00
0.00
0.00
0.00
0.00
0.00
0.00
0.00
0.00
0.00
0.00
0.00
0.00
0.60
0.00
0.00
0.00
0.00
0.00
0.00
0.00
0.00
0.00
1.80
0.00
2.00
8.00
1.40
0.00
0.00
0.00
0.00
0.00
0.00
0.00
0.00
0.00
0.00
0.00
0.00
0.00
0.00
0.00
0.00
0.00
0.00
0.00
0.20
0.00
0.00
0.00
0.00
0.00
0.80
0.00
0.00
0.00
0.00
0.00
0.00
0.80
0.00
0.00
0.00
0.00
0.00
0.00
0.20
0.00
0.00
0.00
0.80
0.00
0.00
0.00
0.00
0.20
0.00
0.00
0.00
0.00
1.40
0.00
0.00
0.00
0.00
0.00
17.20
2.40
2.00
0.00
0.00
0.00
2.20
0.40
0.00
0.00
0.00
0.00
0.00
0.60
11.00
1.00
22.20
0.00
0.00
0.00
-99.00
-99.00
-99.00
-99.00
-99.00
-99.00
1.60
1.00
0.20
0.00
8.80
0.00
0.20
0.00
0.00
0.00
11.70
0.00
0.00
3.60
6.30
13.90
0.20
1.00
4.80
0.00
0.00
0.00
0.00
0.00
0.00
0.00
0.20
0.00
0.00
7.80
0.00
0.00
0.00
0.20
0.20
0.00
31.30
0.60
0.00
0.00
0.00
0.00
0.40
0.00
0.00
0.00
0.00
0.00
0.00
0.00
0.00
0.00
0.00
0.00
0.00
0.00
0.00
0.80
0.00
0.00
0.00
0.00
0.00
0.00
0.20
0.20
0.00
0.00
0.00
0.00
0.00
0.00
0.00
0.60
0.00
0.00
0.00
0.00
2.20
0.00
0.00
0.40
1.60
0.20
0.00
0.00
0.00
0.00
0.00
0.00
0.00
0.00
0.00
0.00
0.00
0.00
0.00
5.40
1.20
0.00
0.00
0.00
1.20
0.20
0.00
3.00
0.20
13.60
0.80
0.00
0.20
0.20
0.00
0.00
0.00
0.80
0.00
0.00
2.60
0.00
0.00
0.00
0.00
0.00
4.30
0.40
0.00
0.00
0.40
0.20
0.00
0.00
0.00
0.00
0.00
0.00
0.00
0.00
0.60
0.20
0.00
0.20
0.00
0.00
0.00
0.00
0.00
0.00
0.00
4.00
0.00
0.00
0.00
0.00
1.00
0.00
0.00
0.00
0.00
0.00
0.00
0.00
0.00
3.00
0.80
0.40
0.00
0.00
0.00
5.80
25.50
0.00
1.20
0.00
0.00
7.50
7.10
1.60
0.00
0.00
0.00
0.00
0.00
3.30
0.80
0.00
0.00
0.00
0.00
0.20
0.00
0.20
0.00
2.40
0.00
0.00
0.00
0.00
0.00
0.00
6.60
0.20
0.00
0.00
0.00
5.60
15.00
0.00
12.40
0.00
0.00
0.40
0.00
0.00
0.00
0.00
0.00
0.00
0.00
0.00
1.20
0.00
0.00
8.00
62.30
0.00
0.00
0.00
2.80
0.20
0.40
0.00
0.00
0.00
0.00
0.00
0.00
0.20
0.00
0.00
0.00
0.00
0.00
0.00
0.20
56.70
27.80
0.80
0.00
0.00
0.20
0.00
0.00
0.00
0.20
2.60
0.00
0.00
0.00
0.00
0.00
0.00
0.00
1.40
0.60
0.00
0.00
0.00
0.00
0.00
0.00
0.00
0.00
0.00
0.00
1.60
0.00
0.00
2.20
0.00
0.00
0.00
0.00
0.00
0.00
0.00
0.00
0.00
0.00
0.00
0.00
0.00
0.00
0.00
0.00
0.00
0.00
0.00
0.00
0.00
0.00
0.00
0.00
0.00
0.00
6.20
0.20
0.00
0.00
0.00
0.00
0.00
0.00
0.00
0.00
0.00
0.00
0.00
0.00
0.00
0.00
0.00
0.00
0.00
0.00
0.00
0.00
0.00
0.60
0.00
0.00
0.00
0.00
0.00
0.00
0.00
0.00
0.00
0.00
0.00
0.00
0.00
0.00
0.00
0.00
0.00
0.00
0.00
0.00
-99.00
-99.00
-99.00
-99.00
-99.00
-99.00
-99.00
0.60
0.00
0.00
0.00
0.00
0.00
14.50
17.60
2.40
0.00
5.60
0.20
3.60
0.20
0.60
0.00
0.00
0.00
0.00
0.00
0.00
0.00
0.00
0.00
0.00
0.00
0.00
2.00
2.80
0.00
0.00
7.10
0.00
1.20
0.00
12.70
3.20
0.00
0.00
0.00
0.00
0.00
0.00
0.00
0.00
0.00
0.00
0.00
4.80
2.80
1.20
10.50
44.70
4.40
6.30
3.60
0.00
0.00
0.40
0.00
0.00
0.00
2.40
3.90
0.40
0.20
0.00
0.00
0.00
0.00
0.00
0.00
0.00
0.00
0.20
0.20
0.00
43.30
0.00
0.20
0.00
0.20
6.30
9.70
2.60
0.00
0.00
0.00
0.00
0.00
0.20
0.20
0.00
0.00
0.60
0.00
0.00
0.00
4.80
0.00
0.00
18.80
0.20
0.20
4.10
3.20
0.00
0.00
0.00
0.00
0.20
0.20
0.00
0.00
0.00
0.80
0.20
0.00
0.20
0.00
0.00
0.00
0.00
0.20
0.00
0.80
0.00
0.00
0.00
0.00
0.00
0.00
0.00
0.00
0.20
0.00
0.20
0.00
0.00
-99.00
-99.00
0.00
0.00
0.00
0.00
0.00
0.00
0.00
0.00
0.00
0.00
0.00
0.00
0.00
0.00
0.00
0.00
0.00
0.60
0.00
0.00
0.20
0.20
0.00
0.00
0.00
0.20
0.00
0.00
0.00
0.00
0.00
0.00
0.00
0.20
0.00
0.00
0.60
0.00
33.80
0.00
0.00
0.00
21.10
29.60
3.80
1.00
0.00
0.80
0.00
0.00
0.00
0.00
0.00
0.00
0.00
0.00
0.00
1.80
0.00
0.00
0.40
0.00
0.00
0.00
0.00
0.00
0.00
0.00
0.00
0.00
0.00
0.00
0.00
0.00
9.40
14.70
70.70
0.20
0.60
0.40
5.30
0.00
0.00
0.00
0.00
0.00
11.40
0.00
0.00
0.00
0.00
0.00
0.00
0.80
51.80
0.00
0.40
0.00
0.00
0.00
19.40
0.00
0.00
0.00
0.00
0.00
6.20
3.20
0.20
0.00
10.30
34.30
0.80
0.00
0.00
0.00
0.00
0.00
0.40
28.10
2.80
0.00
0.00
0.00
0.00
0.00
0.00
0.00
0.00
0.00
0.20
0.00
0.20
0.00
0.00
0.00
0.00
0.00
1.80
0.00
0.00
0.00
0.00
0.00
0.00
0.00
0.00
0.00
0.00
0.00
0.00
1.20
2.00
1.20
4.50
0.00
0.00
0.00
11.60
0.00
0.00
0.00
0.00
0.00
0.00
0.00
0.00
0.00
0.00
0.00
0.00
1.80
15.80
0.00
0.20
3.70
0.00
0.00
0.00
0.80
1.20
0.00
0.00
0.00
0.00
0.80
3.00
0.00
0.00
0.00
0.00
0.00
0.00
0.00
0.00
0.00
0.00
0.00
2.20
0.00
0.00
0.00
0.60
0.00
0.00
0.00
0.00
0.00
0.00
0.00
0.00
0.00
0.00
0.00
0.00
0.00
0.00
0.00
0.00
0.00
0.00
0.00
0.00
0.00
0.20
0.00
0.00
0.00
0.00
0.60
0.20
0.00
1.20
7.50
5.20
0.40
0.00
0.20
2.00
0.00
0.00
0.20
1.80
0.00
0.00
5.30
0.00
0.00
0.00
0.00
0.00
0.00
0.00
0.00
0.00
0.00
0.00
0.00
0.00
0.00
0.00
0.00
0.00
0.20
0.20
0.20
0.00
0.00
0.00
0.00
0.00
0.00
0.00
0.80
0.20
0.00
0.00
0.00
0.00
0.00
0.40
0.00
4.50
0.20
0.20
0.00
3.20
0.00
12.50
0.20
0.00
0.00
0.20
0.00
0.00
0.00
0.00
0.00
0.00
0.00
0.00
0.00
0.00
0.00
0.00
0.00
0.00
0.00
0.00
0.00
0.00
0.00
0.00
0.40
0.00
0.20
0.00
0.00
0.00
0.00
0.00
2.80
0.00
12.30
0.00
0.80
0.40
3.00
0.00
4.20
0.20
1.80
0.00
0.00
22.20
9.80
0.00
0.00
0.00
0.00
0.00
0.00
3.00
0.00
0.00
0.00
0.00
0.00
0.00
0.00
0.00
0.00
0.00
0.00
0.00
0.00
0.00
0.00
0.20
0.20
0.20
0.20
0.40
0.20
0.20
0.00
0.20
0.20
0.20
0.00
0.00
0.00
0.00
0.00
0.00
0.00
0.00
0.00
0.00
0.00
0.00
0.00
0.00
0.00
0.00
0.00
0.00
0.00
0.00
0.00
5.70
4.90
11.40
2.60
0.20
0.00
0.00
0.00
0.00
0.20
0.00
0.00
0.00
0.00
0.00
0.00
0.20
0.60
4.20
0.20
0.00
0.00
0.00
0.40
0.80
0.00
0.00
0.00
0.00
0.00
0.00
0.00
0.00
0.00
0.00
0.00
0.00
0.00
0.20
0.00
0.40
0.00
0.00
0.80
0.20
5.90
1.20
0.00
0.20
0.00
0.00
0.00
0.00
0.00
0.00
17.40
7.30
0.00
0.00
0.00
0.00
0.20
0.00
0.40
0.00
0.00
0.00
0.00
0.00
0.00
0.00
0.00
0.00
0.00
0.00
0.00
0.00
0.20
0.00
0.00
0.00
0.00
0.00
0.00
0.00
2.00
0.00
0.00
0.00
0.00
0.00
0.00
1.00
0.00
0.00
0.00
1.40
0.20
0.00
23.80
0.20
0.00
0.00
0.00
0.00
1.00
0.00
0.00
0.00
0.00
0.00
0.00
0.00
0.00
0.00
0.40
0.00
0.00
0.00
0.00
0.00
0.00
0.00
0.00
0.00
2.00
1.80
6.80
0.00
0.00
0.00
0.00
0.00
0.00
0.00
4.50
0.00
1.00
0.00
0.00
0.00
0.00
0.60
0.00
0.20
0.00
0.00
0.00
1.40
0.00
0.00
0.00
0.00
0.00
0.00
0.00
0.00
0.00
0.00
0.00
0.00
0.00
0.00
0.00
0.00
0.00
0.00
0.00
0.00
1.60
0.00
0.00
0.00
0.00
0.00
3.70
20.60
1.20
0.00
0.00
0.00
0.00
0.00
2.50
0.00
0.00
0.20
0.00
0.00
0.00
0.00
1.20
0.00
0.00
0.00
4.10
0.00
0.00
0.00
0.00
0.00
0.00
0.00
0.00
0.00
0.00
0.00
0.00
0.00
0.00
0.00
0.00
1.80
28.00
-99.00
-99.00
-99.00
-99.00
0.00
0.00
0.00
0.00
1.40
1.20
0.00
0.00
0.00
0.00
0.00
0.00
0.00
3.00
0.00
0.00
0.00
0.20
0.00
0.00
0.20
0.00
0.00
0.00
0.00
0.00
0.00
0.00
1.20
4.90
48.90
8.90
17.40
11.80
0.00
0.00
0.40
0.00
0.00
0.00
0.00
4.50
0.20
0.00
0.00
0.00
0.00
0.00
0.00
14.80
0.00
0.00
0.00
0.00
0.00
0.00
0.00
0.00
15.00
25.30
7.90
33.40
15.40
26.40
5.70
0.00
0.00
0.40
1.20
1.20
0.20
0.00
0.00
0.00
0.00
0.00
0.00
0.00
0.00
0.00
0.00
1.80
0.00
0.00
0.00
0.00
0.00
0.00
0.00
0.00
0.00
0.00
0.00
0.00
0.00
0.00
0.00
1.20
0.00
0.00
0.20
0.20
0.00
0.00
0.20
0.20
6.50
0.00
0.20
0.00
0.00
0.00
0.00
0.00
0.00
0.60
5.70
32.70
38.10
6.10
26.60
0.00
0.00
0.20
0.00
0.00
7.40
1.60
0.20
0.00
0.00
0.00
0.00
0.00
0.00
0.00
0.00
2.60
2.60
0.00
12.60
0.60
0.00
0.20
0.20
0.00
0.00
0.00
0.00
0.00
0.20
0.00
0.20
1.40
0.20
0.20
0.20
0.00
0.00
0.00
0.00
0.00
0.00
1.00
0.80
3.00
0.00
39.90
6.70
0.00
0.00
0.00
0.00
0.00
0.00
0.00
0.00
0.00
0.00
0.00
0.00
0.00
0.80
0.00
0.20
0.20
0.40
9.20
3.40
0.20
0.80
0.00
0.00
0.00
0.00
0.00
0.00
0.00
0.00
0.00
0.00
0.00
0.00
0.00
0.20
0.00
0.00
0.00
0.00
0.00
0.00
0.00
0.00
0.00
0.00
2.60
0.20
0.40
0.00
0.00
0.00
0.00
0.20
0.00
0.00
0.00
0.00
0.00
0.00
0.00
0.00
0.00
0.00
2.00
2.00
0.40
0.00
0.40
0.00
0.00
0.00
0.20
0.80
1.60
0.00
0.00
0.40
0.40
0.00
0.00
0.00
0.00
0.00
0.20
0.00
0.00
0.00
0.00
0.00
0.00
21.90
17.50
0.00
2.30
2.30
0.00
0.00
0.00
0.00
1.60
0.20
0.60
0.00
0.20
0.00
0.00
0.00
0.00
0.00
0.00
0.00
0.00
0.00
0.00
0.00
0.00
0.00
0.00
0.00
0.00
0.00
0.00
0.00
0.00
0.00
0.00
0.00
0.00
0.00
0.00
0.00
0.00
0.00
0.00
0.00
0.00
0.00
0.00
0.00
0.00
0.80
0.00
0.00
0.00
0.00
0.00
0.00
0.00
0.00
0.00
0.00
0.00
0.00
0.00
0.00
0.00
0.00
0.00
0.00
0.00
0.00
0.00
0.00
0.00
0.00
0.00
1.00
3.60
0.00
0.00
0.00
0.00
0.00
0.00
0.00
0.00
0.40
0.00
0.00
0.00
0.00
0.00
0.00
0.00
0.00
0.00
0.00
0.00
0.00
0.00
0.00
0.00
0.00
0.00
0.00
37.70
9.60
21.00
0.00
0.00
0.00
0.00
0.00
0.00
0.00
0.20
14.90
0.00
0.00
0.00
0.40
0.00
0.20
0.00
0.20
0.00
0.00
0.00
0.00
0.00
0.00
0.00
0.00
0.00
1.00
0.00
0.00
0.00
66.20
31.30
0.00
5.70
0.20
1.80
0.00
0.20
1.20
0.00
0.00
0.00
0.00
0.00
0.20
0.00
0.20
0.00
0.00
9.20
17.20
0.00
0.20
78.90
0.20
0.20
0.40
0.20
0.20
0.00
0.20
3.20
0.00
0.20
0.20
0.00
0.00
0.00
0.00
0.00
0.00
0.00
0.00
0.00
0.20
0.00
0.00
0.00
0.20
0.00
0.00
0.00
1.40
0.00
1.40
0.00
0.00
0.00
0.00
1.00
0.00
0.00
0.00
0.00
0.00
0.60
1.20
0.00
0.00
0.80
0.00
0.00
0.00
0.00
0.00
0.20
0.20
0.00
0.00
0.00
0.00
0.00
0.00
0.20
0.20
0.20
0.00
0.20
0.00
0.00
0.20
0.00
0.00
0.00
0.20
0.00
0.00
0.00
0.20
2.30
0.00
0.00
24.30
10.10
0.00
0.00
0.00
3.20
0.00
0.20
0.00
0.00
0.00
0.00
0.00
0.00
4.60
4.00
0.00
0.00
0.00
0.00
0.00
0.00
0.00
12.70
0.60
0.00
0.00
5.50
0.00
0.00
0.00
0.00
0.00
0.00
0.00
0.00
0.00
0.00
0.00
0.00
0.00
8.00
0.00
0.00
0.00
0.00
0.00
0.00
0.00
0.00
0.00
0.00
0.00
0.00
0.00
0.00
0.00
0.00
0.00
0.00
1.80
12.40
8.20
6.30
0.00
7.90
7.90
0.80
0.00
0.00
8.70
3.40
0.00
0.00
2.20
0.60
0.00
5.60
7.60
10.40
0.00
0.00
1.00
0.00
0.00
0.00
0.20
0.00
0.60
1.40
0.00
0.00
0.00
2.90
9.70
0.20
2.00
0.00
11.70
0.00
0.00
0.00
0.00
0.00
0.00
0.00
0.00
0.00
0.00
0.00
0.00
0.00
0.00
0.00
0.00
0.00
0.40
0.00
0.00
2.40
0.00
0.00
0.20
0.00
0.00
0.00
0.00
0.00
0.00
0.00
2.00
2.60
0.00
0.00
0.00
0.00
0.00
0.00
0.00
0.00
0.00
0.20
0.20
0.00
0.80
0.00
0.00
0.00
0.00
0.00
0.00
0.00
0.00
0.00
0.00
0.00
0.00
0.00
0.00
0.00
0.00
0.00
0.00
0.00
0.00
0.00
0.00
0.00
0.00
0.00
0.00
0.00
0.00
0.00
0.00
0.00
0.00
3.40
3.00
0.20
0.00
0.00
0.00
0.00
0.00
0.00
0.00
0.00
0.00
0.00
0.00
0.00
0.00
0.20
0.00
0.00
0.00
0.00
0.00
6.10
0.00
0.00
0.00
0.00
0.00
0.00
0.00
0.00
0.00
0.00
0.00
1.00
1.00
0.00
0.00
0.00
0.00
0.00
0.00
0.00
0.00
0.00
0.00
0.00
0.00
0.00
0.00
0.00
0.00
0.00
0.00
0.00
1.00
0.00
0.00
0.00
0.00
0.00
0.00
1.40
32.10
14.00
0.00
0.00
0.00
0.00
0.00
0.60
0.00
0.20
0.00
4.00
41.20
0.00
0.00
0.00
0.00
0.00
0.60
39.40
0.00
0.00
0.00
1.40
10.00
19.90
0.00
0.00
0.00
0.00
0.20
0.00
1.80
0.00
0.00
1.00
0.00
0.00
0.00
0.00
0.00
0.00
0.00
0.00
0.20
0.00
0.00
0.20
0.00
0.00
0.20
0.00
0.00
0.00
0.00
0.00
0.00
0.00
0.00
0.00
0.00
0.00
0.00
0.00
0.00
0.00
0.00
0.00
0.00
0.00
0.00
0.00
0.00
0.00
0.00
0.00
0.00
0.00
0.00
0.00
0.00
0.00
0.00
0.00
0.40
0.00
27.50
23.00
9.10
37.50
33.50
5.20
0.80
0.20
0.00
0.00
0.20
0.20
0.00
0.20
0.00
0.00
3.80
0.80
0.00
0.00
0.00
0.00
0.00
0.20
0.00
2.00
0.00
0.00
3.00
0.00
0.00
0.00
0.00
0.00
0.00
0.40
0.00
0.00
0.40
0.00
0.00
0.00
0.00
0.00
0.20
0.00
0.00
0.00
0.00
0.40
0.00
0.00
0.00
0.00
0.00
0.00
0.00
3.60
4.60
3.00
0.00
0.00
1.40
2.80
12.20
1.80
0.00
0.00
0.00
8.40
18.30
0.20
0.00
0.00
0.00
0.00
0.00
0.20
0.00
0.00
0.00
0.00
0.00
2.40
0.00
0.00
0.00
0.00
0.00
0.00
0.00
0.00
0.20
0.00
0.00
0.00
0.00
0.00
0.00
6.10
0.20
0.00
0.00
0.00
1.40
0.00
0.00
0.00
0.00
0.00
0.00
0.00
0.40
0.00
0.60
0.00
0.00
0.00
0.00
0.00
0.00
0.00
0.60
2.60
0.00
11.60
1.80
0.00
0.00
0.00
0.00
0.00
0.00
0.00
0.00
0.00
0.00
0.00
0.00
0.00
0.00
0.00
0.00
5.80
32.00
78.00
4.90
0.20
0.00
0.20
0.00
0.40
4.80
1.00
11.40
-99.00
-99.00
1.40
0.40
1.00
17.20
3.80
11.00
0.00
0.00
0.00
6.80
0.20
0.20
0.00
0.00
1.60
0.00
0.00
0.00
1.20
0.40
0.00
0.00
2.60
0.00
0.00
0.40
0.00
0.00
0.00
0.00
0.00
0.00
0.00
0.00
0.00
17.10
0.00
0.00
0.00
0.00
0.00
0.00
0.00
0.20
0.00
17.40
2.40
1.40
0.60
0.20
0.00
26.50
0.00
0.00
0.00
0.60
0.00
0.00
0.00
0.00
0.00
0.00
0.00
0.00
-99.00
0.00
0.00
0.00
0.00
0.00
0.00
0.00
0.00
0.00
0.20
0.00
0.00
0.20
0.00
0.00
0.00
0.00
0.00
0.00
0.00
0.00
-99.00
-99.00
0.00
-99.00
-99.00
-99.00
-99.00
-99.00
0.60
0.00
0.00
0.00
0.00
0.00
0.00
0.40
0.00
0.00
0.00
0.00
0.00
1.60
0.00
0.00
0.00
0.00
0.00
0.00
0.00
0.00
0.00
0.00
0.00
0.00
0.00
0.00
0.00
23.40
9.20
0.20
0.00
32.60
18.30
0.00
0.00
0.00
0.00
0.00
0.00
0.00
0.00
0.00
0.20
0.80
1.40
0.20
1.00
1.80
0.00
0.20
0.20
0.00
0.60
34.90
8.60
0.60
0.20
0.80
11.60
0.20
0.80
0.00
0.00
12.10
18.40
0.20
6.40
11.50
8.90
0.40
0.00
0.00
0.00
0.20
1.00
0.00
0.20
0.00
0.00
0.00
0.00
0.00
0.00
0.00
0.00
0.00
0.00
0.00
0.20
0.00
0.00
0.00
0.00
0.00
0.00
0.00
0.00
0.00
0.00
0.00
0.00
0.00
0.20
0.20
1.20
4.40
0.00
0.00
0.00
5.10
0.00
0.00
0.20
0.00
0.00
0.00
0.00
0.00
0.20
0.20
0.20
0.20
3.00
5.40
18.80
0.80
0.20
0.20
0.20
3.40
10.70
0.80
0.20
0.00
0.00
0.60
3.20
0.60
0.00
0.00
0.20
0.00
0.00
0.00
0.00
0.00
0.00
0.00
0.00
0.00
0.00
0.00
0.80
0.00
0.00
0.00
0.20
0.20
11.60
3.20
1.60
0.00
0.20
0.60
2.40
0.00
0.00
0.00
0.00
0.00
0.00
0.00
0.00
0.00
0.00
0.20
0.00
0.00
5.20
0.20
0.00
0.00
0.00
0.00
0.20
0.00
2.20
0.40
0.00
3.40
0.60
0.00
0.00
0.00
0.00
0.00
0.00
0.00
0.20
0.00
0.00
0.20
0.00
0.00
0.00
0.00
0.00
0.00
0.00
0.00
0.00
0.00
0.00
0.00
1.20
2.00
19.40
9.00
3.20
6.00
0.20
0.00
3.50
0.20
26.60
1.00
0.00
4.00
5.20
0.00
0.00
0.00
0.00
0.00
0.00
0.00
0.00
0.00
0.00
0.00
0.00
0.00
0.00
10.10
0.00
0.00
0.00
5.10
0.20
0.00
0.00
0.00
0.00
0.00
0.00
0.00
0.00
0.00
0.00
0.20
0.00
4.50
0.00
0.00
0.00
0.00
0.00
0.00
0.00
0.00
0.00
0.00
0.00
0.00
0.00
0.00
0.00
0.00
0.00
0.00
0.00
0.00
0.00
1.20
3.00
0.00
0.00
0.00
0.00
0.00
0.00
0.00
0.00
0.00
0.00
0.00
0.00
0.00
1.00
0.00
0.00
0.00
0.00
0.20
0.00
0.00
0.00
0.00
0.00
0.00
0.00
0.00
0.00
0.00
6.70
0.00
1.00
0.60
0.00
0.00
0.00
0.00
0.00
0.00
0.00
0.00
0.00
0.00
0.00
0.00
0.00
0.00
0.00
0.00
0.00
0.00
0.00
0.00
0.00
0.00
0.00
0.00
0.00
0.00
0.00
0.00
0.00
0.00
0.00
0.00
0.00
0.00
0.00
0.00
0.00
0.00
0.00
0.00
0.00
0.00
0.00
0.00
0.00
0.00
0.00
0.00
0.00
0.00
0.00
0.00
0.00
0.00
0.00
0.00
0.00
0.00
0.80
4.60
0.00
0.00
0.00
0.00
0.00
1.20
0.00
2.00
6.30
15.20
4.60
0.20
0.00
0.20
0.00
0.00
0.00
0.00
0.00
0.80
41.20
93.40
1.20
0.20
0.00
0.00
0.00
0.20
0.20
0.00
0.00
0.00
0.00
0.00
0.00
0.00
0.00
1.20
0.20
0.00
0.00
0.00
0.00
0.60
11.30
0.00
0.00
0.00
0.00
0.00
0.20
0.00
0.20
0.00
0.20
0.00
0.00
0.00
0.00
0.00
0.00
0.00
0.00
0.00
0.00
0.00
0.00
0.20
0.00
0.20
0.00
0.00
0.00
0.20
0.00
0.40
0.00
0.00
0.20
0.00
0.00
0.00
0.40
0.00
0.40
0.40
0.20
0.00
0.00
0.00
0.00
0.00
0.20
0.20
0.00
0.00
8.20
23.90
0.00
0.00
0.00
0.00
0.00
0.00
0.00
2.00
1.40
0.20
1.60
15.20
0.00
0.20
6.90
0.00
0.00
0.00
0.00
0.60
5.80
0.00
0.40
36.30
13.50
0.00
0.00
1.20
7.30
2.60
0.60
0.00
0.00
0.20
2.40
0.40
0.20
0.00
0.00
0.00
0.80
3.40
0.00
0.00
0.00
0.00
0.00
4.30
0.00
0.00
0.20
6.40
0.00
0.00
0.00
2.00
0.00
0.00
0.00
0.00
0.00
0.00
0.60
0.40
0.00
13.10
0.20
0.00
0.00
0.00
0.00
0.00
0.00
0.00
1.60
0.20
0.00
6.80
2.00
0.20
0.00
0.00
8.20
0.40
0.00
0.00
0.00
0.00
0.00
0.00
0.00
0.00
0.20
0.20
0.80
0.80
4.80
3.20
0.00
0.20
0.00
0.00
0.00
0.00
0.00
0.40
0.00
0.00
0.00
0.00
0.20
0.00
0.00
0.20
0.00
0.00
0.00
0.00
9.80
1.80
0.60
0.00
0.20
3.20
0.20
0.00
0.00
0.00
0.20
1.40
0.00
0.20
0.00
0.00
0.00
0.00
0.20
5.60
7.00
32.80
0.00
0.00
0.00
2.60
0.20
1.40
2.00
3.00
4.00
3.20
0.00
0.00
0.00
0.00
0.00
0.00
0.00
0.00
0.00
0.00
0.00
0.00
0.00
0.00
0.00
0.00
0.00
0.00
0.00
0.00
0.00
0.00
0.00
1.60
0.20
0.00
13.50
0.60
0.00
0.00
0.00
17.20
2.00
0.60
0.00
2.00
0.00
0.00
0.00
0.00
0.00
0.00
0.00
0.00
0.00
0.00
0.00
0.00
0.00
0.00
0.00
0.00
0.00
0.00
0.00
0.00
0.00
0.00
0.00
0.00
0.00
0.00
0.00
0.00
0.00
0.00
0.00
0.00
0.00
43.20
1.00
0.00
0.00
0.00
0.00
0.00
0.00
0.00
0.00
0.00
0.00
0.00
0.00
0.00
0.00
0.00
0.80
3.00
0.00
0.00
0.00
29.60
0.00
0.00
0.00
0.00
0.00
35.20
0.00
0.00
0.00
0.00
0.00
0.00
0.00
0.00
0.00
0.00
0.00
0.00
0.00
3.00
0.00
0.00
0.00
0.00
0.00
0.00
0.00
0.00
0.00
0.00
0.00
0.00
0.00
0.00
21.10
0.00
0.00
1.00
0.00
0.00
4.80
1.40
0.00
0.00
0.00
0.00
0.00
0.00
0.00
0.00
0.20
0.00
0.00
0.00
0.40
0.00
23.80
0.00
3.20
99.40
2.40
0.00
0.00
0.00
0.00
0.00
0.00
0.00
0.00
0.00
0.00
0.00
0.00
0.00
0.00
0.00
0.20
0.00
0.40
0.00
0.00
0.00
0.00
0.00
0.00
0.40
0.80
0.00
0.00
0.00
0.00
0.00
0.40
0.20
0.00
0.20
0.00
0.00
0.00
0.00
0.00
0.00
0.00
0.00
0.00
0.00
0.00
1.20
2.20
0.00
0.00
0.00
0.00
0.60
0.40
0.20
0.00
0.00
0.00
0.00
0.20
0.40
1.60
0.00
0.00
0.00
1.60
2.00
0.20
0.40
0.60
0.20
0.00
0.00
0.00
0.00
0.00
0.00
0.20
0.00
0.20
0.00
0.00
0.00
0.00
0.20
0.00
0.00
0.40
0.00
0.00
0.00
0.00
0.20
0.20
0.00
0.00
0.20
0.00
0.00
0.00
0.00
0.00
0.00
0.00
0.40
12.80
6.00
0.00
0.20
0.60
0.00
0.00
0.00
0.00
0.00
0.00
0.00
0.00
0.20
0.20
0.00
0.20
0.00
1.80
2.60
0.00
0.00
0.00
0.00
0.20
0.00
0.00
0.00
0.00
0.00
0.00
0.00
0.00
0.00
0.00
2.40
28.60
0.20
0.00
0.00
0.20
0.20
0.00
18.60
54.20
0.20
4.00
5.80
2.60
0.00
0.00
0.00
0.00
0.00
0.00
1.80
0.00
0.00
0.00
0.20
0.00
0.00
0.00
0.00
0.00
0.00
0.00
0.00
0.00
0.00
0.00
0.00
0.00
0.00
0.00
0.00
0.00
0.00
0.00
0.00
0.00
0.00
0.00
0.00
12.50
15.70
0.00
1.60
0.20
0.00
0.00
0.40
0.00
0.00
0.00
2.60
0.00
0.00
0.20
0.00
27.40
0.00
0.20
0.00
0.00
0.00
0.00
4.20
0.00
0.00
0.20
0.00
0.20
0.00
0.00
0.00
0.00
0.00
0.00
0.00
9.20
4.80
0.00
0.00
0.00
0.00
1.60
2.60
0.00
0.00
0.00
3.20
0.00
0.00
5.50
0.00
0.00
0.20
0.00
0.00
0.00
0.00
0.00
0.20
0.00
0.00
0.00
0.00
0.00
0.00
0.00
0.00
0.00
0.20
0.00
0.00
0.00
0.00
0.00
0.00
0.00
0.00
0.00
0.00
0.00
0.00
1.80
0.00
0.00
0.00
0.00
0.00
0.00
0.00
0.00
0.00
0.00
0.00
0.00
0.00
0.50
0.00
0.00
0.00
0.10
0.00
1.30
0.00
0.00
0.00
0.00
0.00
0.00
0.00
0.00
0.00
0.00
0.40
0.40
0.00
0.00
0.00
0.00
0.00
0.00
0.00
0.00
0.00
0.00
0.00
0.00
0.40
0.00
0.00
0.80
0.00
0.00
0.00
0.00
0.00
0.00
0.00
0.00
0.00
0.00
0.00
0.00
0.00
0.00
0.00
0.00
0.00
0.00
0.00
0.00
0.00
0.00
0.00
0.00
0.00
5.40
0.00
0.00
0.00
0.00
1.80
0.00
0.30
0.00
0.00
0.00
0.00
0.00
0.00
0.00
0.00
0.00
0.00
0.00
0.00
0.00
2.60
0.00
0.00
0.00
0.00
0.00
0.00
0.00
7.20
9.30
0.00
0.00
5.20
0.00
1.20
0.00
0.00
0.00
0.00
2.50
14.40
0.20
1.30
2.50
0.00
0.00
0.00
0.10
0.10
5.10
1.60
35.20
0.00
0.20
0.00
36.50
16.70
5.20
6.80
0.00
0.00
0.00
0.00
0.10
0.00
0.00
0.10
0.00
0.10
0.00
0.00
0.00
0.00
0.00
0.00
0.00
0.00
0.10
0.00
0.00
0.00
0.00
0.00
0.00
0.00
0.00
0.00
0.00
0.00
0.00
0.10
0.00
0.00
0.00
0.00
0.00
0.00
0.00
0.00
0.00
0.00
0.00
0.00
0.00
0.00
0.00
0.00
0.10
0.10
0.00
0.10
0.00
0.00
46.20
0.00
0.00
0.00
0.00
0.00
0.00
0.00
0.00
0.20
0.20
3.00
0.00
0.00
0.00
0.00
0.10
0.00
0.00
0.00
0.50
0.00
0.00
0.00
0.00
0.00
0.00
0.00
0.00
0.00
0.00
0.00
0.00
0.00
0.00
0.00
0.00
0.00
0.00
0.00
0.00
0.00
0.00
0.00
0.10
0.00
0.10
0.00
0.20
0.00
0.00
0.00
0.00
0.00
0.00
0.00
0.00
0.00
0.00
0.00
0.00
0.00
0.00
12.30
35.70
16.40
0.00
0.00
0.00
0.00
0.00
0.00
0.00
0.00
0.00
0.00
0.00
0.00
0.70
1.20
7.00
3.80
0.00
0.00
0.00
0.10
0.00
0.00
0.00
1.90
0.00
0.00
0.00
0.00
0.00
0.00
0.00
2.50
0.00
0.00
0.00
0.00
0.00
2.40
7.80
0.90
0.00
0.00
0.10
0.20
1.40
0.00
0.00
0.00
0.00
0.00
0.00
0.00
0.00
0.00
0.00
0.00
0.00
0.00
6.50
23.50
0.00
0.00
0.00
0.00
0.00
0.00
0.00
0.00
0.00
0.00
0.00
0.00
0.10
1.50
0.00
0.00
0.00
0.00
2.50
0.00
0.00
5.00
0.00
0.00
0.00
0.00
0.00
0.00
0.00
0.30
0.00
0.00
0.00
0.00
0.00
0.00
0.00
0.00
0.00
0.00
0.00
8.60
0.00
0.00
0.00
1.50
0.00
0.00
0.00
0.00
0.00
7.70
0.10
0.00
0.00
0.00
0.00
0.00
0.00
0.00
0.00
0.00
0.00
0.00
0.00
0.00
0.40
0.00
0.00
0.00
0.10
0.00
0.00
0.00
0.00
0.00
0.00
0.00
0.00
0.00
0.10
0.00
0.10
0.00
0.00
0.00
0.00
0.00
0.00
0.00
0.00
0.00
0.00
0.00
0.00
0.00
0.00
0.00
1.70
0.00
0.00
0.20
0.00
0.00
0.00
0.00
0.00
0.00
0.00
0.00
0.00
0.00
0.00
0.00
0.00
0.00
0.00
0.00
0.00
0.00
0.00
2.20
0.10
0.00
0.00
0.00
0.00
0.00
0.00
13.60
36.00
8.90
0.00
0.00
0.00
0.00
0.10
0.10
0.00
0.00
0.00
0.00
0.10
8.90
0.00
0.00
0.00
0.00
0.00
0.00
0.10
4.50
15.20
15.60
0.00
0.00
0.00
31.60
0.50
0.00
0.00
0.00
1.70
9.80
0.00
0.00
0.60
3.10
0.00
0.00
0.40
0.00
6.10
0.20
1.40
0.00
0.40
2.50
0.00
23.20
72.90
3.00
0.00
0.10
0.10
0.80
0.00
0.00
0.00
0.70
0.30
0.00
0.00
0.00
0.00
0.00
0.00
0.00
0.00
0.00
0.00
0.00
0.00
0.00
0.00
0.00
0.00
3.30
0.00
0.00
0.00
0.00
0.00
0.00
0.00
0.00
0.20
0.10
0.00
0.00
0.00
0.00
0.20
0.00
0.00
0.00
0.00
0.00
0.00
0.00
0.00
0.00
0.00
0.00
0.00
0.00
0.00
0.30
0.00
0.00
0.00
0.00
0.20
1.10
0.00
0.00
0.70
0.00
6.60
0.00
0.00
0.30
0.00
0.00
0.00
0.00
0.00
0.00
0.00
0.00
0.00
0.00
0.00
0.00
0.00
0.00
0.00
0.00
0.00
0.00
0.00
0.00
0.00
1.90
0.40
0.00
0.00
4.00
0.70
0.00
0.00
0.00
0.50
101.00
35.20
0.00
0.10
15.20
37.80
6.40
0.10
0.70
0.40
0.10
0.60
0.00
0.00
0.00
0.00
0.00
0.10
0.00
1.30
0.50
0.00
0.00
0.00
0.20
0.00
1.40
0.80
0.00
0.70
0.00
0.60
0.70
0.00
0.30
3.30
3.10
0.00
0.00
0.00
0.00
0.00
0.00
0.00
0.00
0.00
0.00
0.00
0.00
0.00
0.00
0.00
0.00
0.00
0.00
0.00
10.50
0.10
3.30
16.60
54.90
7.70
3.50
0.00
0.00
0.00
0.00
0.00
0.00
0.00
0.00
0.00
0.00
0.00
0.00
0.50
9.20
2.10
1.40
1.40
0.00
0.40
0.00
0.00
0.00
0.00
0.00
0.00
0.10
0.00
0.00
0.00
0.00
0.00
0.00
0.00
0.00
1.80
3.10
0.00
2.90
0.30
0.00
0.00
0.00
0.00
0.00
0.00
0.00
5.90
23.50
4.50
0.20
1.00
0.00
0.00
0.00
0.00
0.00
0.00
0.00
0.00
0.00
0.00
0.00
0.00
0.00
0.00
0.00
0.00
0.00
0.00
0.10
0.00
0.00
0.00
0.00
0.00
0.10
0.00
0.30
0.00
0.00
0.00
0.00
0.00
0.00
0.00
0.00
0.00
1.50
0.00
0.00
0.00
0.00
0.00
0.20
0.00
0.00
0.00
0.00
0.00
0.00
0.00
0.00
0.00
0.00
0.00
0.00
0.20
0.00
0.00
0.00
0.00
0.00
0.00
0.00
0.00
0.00
0.80
1.00
8.60
0.00
0.00
0.00
0.00
0.00
0.00
0.00
0.00
0.00
17.20
2.10
0.00
0.00
0.00
0.00
0.00
0.00
0.00
0.00
0.00
0.00
0.00
0.00
0.00
0.00
0.00
0.00
0.00
0.00
0.00
0.00
0.00
0.00
0.00
0.00
3.10
26.40
0.00
0.00
0.00
0.00
0.00
0.00
0.00
0.00
0.00
0.00
0.00
0.00
0.00
0.00
0.00
0.00
0.10
1.10
0.00
0.00
0.00
0.00
0.00
0.00
0.00
0.00
0.00
0.00
0.00
0.00
0.10
0.00
0.00
0.00
0.00
0.00
0.00
0.00
0.00
0.00
0.00
0.00
49.70
3.30
6.60
0.00
0.00
0.00
0.00
0.00
0.00
0.00
0.00
1.40
0.00
0.00
0.00
0.00
0.00
0.00
0.00
0.00
0.00
0.00
0.10
0.00
0.20
0.00
0.00
0.00
0.00
0.00
0.00
0.00
0.00
12.60
1.50
0.00
0.00
0.00
0.10
1.60
0.00
0.00
0.00
0.00
0.00
0.00
0.10
0.10
0.00
0.00
0.00
0.00
0.00
0.00
0.00
0.00
0.50
0.10
1.80
0.00
0.30
0.30
0.00
6.30
0.00
0.00
0.00
0.00
0.00
0.00
0.00
0.00
0.00
0.00
1.30
0.00
0.00
0.00
0.00
0.00
0.90
0.00
0.00
0.00
0.00
4.40
0.10
0.10
0.00
0.00
0.00
0.00
3.10
0.10
0.00
0.00
0.00
0.00
0.00
0.00
0.00
0.00
0.00
0.00
0.00
0.00
0.00
0.00
0.00
0.00
0.00
0.00
0.00
0.00
0.00
0.00
0.40
3.20
0.00
0.00
0.00
0.00
0.00
0.00
0.00
0.00
3.80
0.00
0.00
0.00
0.00
0.00
0.00
0.00
0.50
0.00
0.00
0.00
10.40
0.00
0.00
0.00
0.00
0.00
0.00
0.00
0.50
0.00
0.00
0.00
0.00
0.00
0.00
0.00
8.30
1.80
1.50
0.00
0.00
1.10
0.00
0.00
0.00
0.00
0.00
0.00
0.00
0.00
0.00
0.00
0.00
0.00
0.00
0.00
0.00
0.00
0.00
1.30
0.50
0.00
0.00
0.00
0.00
0.00
0.00
0.00
0.00
0.00
0.00
29.90
8.50
0.00
5.00
4.10
0.00
0.00
0.00
0.00
0.00
0.00
0.00
0.00
0.00
0.00
0.00
0.00
0.00
0.00
0.10
0.00
0.00
0.00
0.00
0.20
0.00
0.00
0.00
0.00
0.00
0.00
4.20
0.00
0.00
0.00
0.00
0.00
0.00
0.00
0.70
33.70
0.00
0.00
0.00
0.30
0.00
0.00
0.00
0.00
0.00
0.00
0.00
0.00
0.00
0.00
0.00
0.00
0.00
0.00
0.00
0.00
0.00
0.00
0.00
0.00
0.00
0.00
0.00
0.00
0.00
4.80
0.00
0.00
0.00
0.00
0.00
0.00
0.00
0.00
0.00
0.10
0.00
0.00
0.00
0.00
0.00
0.00
0.00
13.50
0.20
26.40
0.00
0.00
0.00
0.00
0.00
0.00
1.50
0.00
0.00
0.00
0.00
0.00
0.00
0.00
0.00
0.00
0.00
0.10
0.00
0.00
0.00
0.30
0.30
0.00
0.00
0.00
0.00
0.00
0.00
0.10
43.10
11.60
0.00
0.00
0.00
0.40
17.00
0.00
3.10
0.00
0.00
0.00
0.00
0.00
0.00
0.00
0.00
0.00
0.00
0.00
3.60
0.10
0.30
0.00
0.00
0.00
0.00
0.00
0.10
0.00
0.00
0.00
0.00
0.00
0.00
6.90
0.20
0.10
0.00
0.00
0.00
0.00
0.80
2.20
0.00
0.00
0.00
0.00
0.00
0.00
2.20
0.30
0.00
0.60
0.10
0.00
0.00
0.00
0.00
0.00
0.00
0.00
0.00
0.00
0.00
2.40
9.10
5.90
10.50
25.70
0.40
0.00
0.90
1.40
0.00
0.00
0.00
0.00
0.00
0.00
0.00
0.00
0.00
3.90
10.30
0.00
0.00
0.00
0.00
0.10
0.20
0.10
0.10
0.10
0.00
0.00
0.00
0.30
0.00
0.00
0.00
0.00
0.00
0.00
0.00
0.00
0.10
0.10
0.00
0.20
0.00
0.10
0.00
0.00
0.00
0.10
0.70
0.00
1.00
1.40
0.20
0.10
0.00
0.00
0.00
0.00
0.00
0.00
0.00
0.00
2.30
2.40
0.00
0.00
3.20
1.70
0.00
0.00
0.00
0.00
0.00
0.00
0.00
0.00
0.00
0.00
0.00
0.00
0.00
0.00
0.00
0.00
0.00
0.00
0.00
0.00
0.00
0.00
0.00
0.00
0.00
0.00
0.10
0.10
0.00
0.00
0.00
0.00
0.00
0.00
0.00
0.00
0.00
0.00
0.00
0.00
0.00
0.20
0.00
26.40
36.90
47.00
2.10
11.40
0.00
0.00
0.00
0.00
0.00
0.00
0.00
0.00
0.00
0.10
0.00
0.00
0.00
0.00
0.00
0.00
0.00
0.00
0.00
0.00
0.00
0.10
0.60
0.20
0.00
0.00
0.00
0.10
0.30
0.00
0.00
0.00
1.20
0.00
0.00
0.10
0.00
0.00
0.00
0.00
0.00
0.00
0.00
0.00
0.00
0.00
0.00
0.00
0.00
0.00
0.00
0.00
0.00
0.00
0.00
6.60
0.00
0.00
0.00
0.00
0.00
0.00
0.00
0.00
0.00
0.00
0.00
0.00
0.00
0.00
0.00
0.00
0.00
0.00
0.00
0.00
0.00
0.00
0.00
0.00
32.30
0.00
36.90
3.00
0.00
0.00
0.00
0.00
0.00
0.30
0.20
0.00
0.00
0.00
0.00
0.00
0.00
0.00
0.00
0.00
0.00
0.00
0.00
0.00
0.00
0.00
0.00
0.00
0.00
0.00
0.00
0.00
0.00
0.00
0.00
0.00
0.00
0.00
1.50
0.00
0.00
0.00
0.00
0.00
2.20
0.00
0.00
17.40
30.70
0.40
0.00
0.00
0.00
0.00
15.10
0.00
4.20
0.00
0.00
0.00
0.00
0.00
0.00
0.60
0.00
0.10
6.50
0.00
0.00
0.10
0.00
0.00
0.00
0.00
0.00
0.00
0.00
0.00
0.00
7.00
33.60
3.80
0.00
14.10
0.00
0.00
0.00
2.20
0.00
15.60
0.00
0.80
0.00
0.00
0.00
0.00
0.00
0.00
0.00
0.00
0.00
0.00
0.00
0.00
0.00
0.00
0.00
0.00
35.90
1.70
0.00
0.00
1.00
0.00
0.00
0.00
0.00
0.00
0.00
0.00
0.00
0.00
7.20
4.70
0.00
0.00
0.00
0.00
1.00
0.70
0.00
0.00
0.00
0.00
0.00
4.30
1.90
0.00
0.00
0.00
0.00
2.60
48.30
0.00
0.00
0.00
0.00
0.10
0.10
0.30
0.20
0.30
0.10
0.00
0.20
0.10
0.10
0.00
0.20
0.10
0.00
0.00
0.00
0.00
0.00
0.00
0.00
0.00
0.00
0.00
0.00
0.00
0.00
0.00
0.20
0.10
0.00
0.00
0.00
0.00
0.20
0.00
0.00
0.10
0.10
0.10
0.00
0.00
0.00
0.00
0.00
0.00
0.00
0.00
0.00
0.10
0.10
0.20
0.00
0.10
0.00
0.00
0.00
0.00
0.00
5.20
0.00
0.00
0.00
0.40
0.50
0.00
0.90
0.00
0.00
0.00
0.00
0.00
0.00
0.00
0.00
0.00
0.00
0.00
0.00
0.20
0.00
0.00
0.00
0.10
0.00
0.00
0.00
0.00
0.00
0.00
0.00
0.00
0.00
0.50
0.00
0.00
0.00
7.30
0.40
0.10
4.50
0.00
0.00
0.00
0.00
0.00
0.00
0.00
0.00
0.00
0.00
0.00
3.60
1.30
1.00
0.00
0.00
0.00
0.00
0.00
0.00
0.00
0.00
0.00
0.40
0.00
0.00
0.00
0.00
23.60
11.90
0.00
0.00
0.00
27.20
0.00
0.00
0.00
0.00
0.00
0.20
0.00
0.00
0.00
0.00
0.00
0.00
0.10
0.00
0.00
8.50
15.80
0.00
0.00
0.00
0.00
0.00
0.00
0.00
0.00
0.00
0.00
0.20
0.00
0.00
0.00
0.00
0.10
1.40
0.00
0.00
0.00
0.00
3.20
1.20
0.00
0.90
0.00
0.00
0.00
0.00
1.20
0.10
5.10
1.40
12.70
8.40
0.80
0.00
0.00
0.00
0.00
0.00
0.00
3.00
0.00
0.00
0.00
2.00
0.00
0.00
0.00
0.00
0.00
0.00
0.00
0.00
0.00
0.00
0.00
0.70
0.50
0.00
0.80
0.00
0.00
0.00
0.00
0.00
0.00
0.00
0.00
0.00
0.00
0.30
0.00
0.00
0.00
0.00
0.00
0.00
0.00
0.00
0.00
0.00
0.00
1.90
0.00
0.00
0.00
0.00
0.00
0.00
0.00
0.00
0.00
0.00
0.00
0.00
0.00
0.00
0.00
0.00
0.00
0.00
0.00
0.00
0.00
0.00
0.00
0.00
0.00
0.00
0.00
0.00
0.00
0.00
0.00
0.00
0.00
0.00
0.00
0.00
0.00
0.00
0.00
0.00
0.60
0.30
0.00
0.00
0.00
0.00
0.00
0.00
0.00
0.00
0.00
0.00
0.00
0.00
0.00
0.00
0.00
0.00
0.00
0.00
0.00
0.00
1.70
0.00
0.00
0.00
0.00
0.00
0.00
0.00
0.00
0.00
0.00
0.00
0.00
0.80
0.80
0.00
0.00
0.00
0.00
0.00
0.00
0.00
0.00
3.50
0.00
0.80
0.00
0.00
16.60
0.00
0.10
0.70
0.00
0.00
0.00
0.50
3.80
0.00
0.00
3.80
0.00
0.40
27.40
2.20
1.10
0.00
0.00
0.00
0.50
0.00
0.00
0.90
6.70
0.00
0.40
1.70
0.00
0.20
0.00
0.20
0.20
0.10
0.00
0.00
0.10
0.20
0.70
0.10
0.00
0.00
0.00
0.00
0.00
0.00
0.50
0.00
0.00
0.00
0.00
0.00
0.00
4.10
0.00
5.90
15.50
0.00
0.00
5.20
4.40
20.80
2.90
0.00
0.00
0.10
0.80
17.10
7.00
0.00
0.10
0.00
0.00
0.00
0.40
0.20
0.10
0.10
1.40
18.60
12.60
1.60
4.60
0.00
0.00
0.00
0.00
0.20
0.20
0.00
0.00
0.00
0.10
0.00
0.00
0.00
0.00
0.10
0.10
0.10
0.00
0.00
0.00
0.00
0.00
0.00
0.00
0.00
0.00
0.00
0.00
0.00
0.00
11.60
48.50
1.50
3.30
0.70
0.00
0.00
0.00
10.30
2.20
0.00
0.00
0.00
0.00
1.60
0.10
0.00
0.10
0.00
0.20
0.00
0.00
0.00
0.00
0.00
7.30
0.20
0.00
0.00
0.20
0.10
0.10
0.00
0.00
0.00
0.00
6.20
0.00
0.00
0.00
0.00
0.00
0.00
31.40
0.40
0.00
0.00
0.00
0.00
0.00
0.00
0.00
0.00
5.30
0.00
0.00
0.00
0.00
0.00
0.00
0.00
0.00
0.00
0.00
0.00
0.00
0.00
9.20
0.10
0.00
0.00
0.00
0.00
0.00
0.00
0.00
0.00
0.00
0.00
0.10
0.00
0.00
0.00
0.00
0.10
0.00
0.00
0.00
0.00
0.00
0.00
0.00
0.00
0.00
0.00
0.00
1.20
4.10
11.30
0.00
0.00
0.00
0.00
0.00
0.00
0.00
0.00
0.00
0.00
0.00
1.10
0.00
0.40
0.00
0.50
0.00
0.00
0.00
0.00
3.80
0.00
0.00
0.00
0.00
0.00
0.00
0.00
0.00
0.00
0.00
0.00
0.00
0.00
0.00
0.00
1.30
6.60
0.00
0.00
0.00
0.00
0.00
0.00
0.00
0.00
0.00
0.00
0.00
0.00
0.00
0.00
0.00
0.00
0.00
0.00
0.00
0.00
0.00
0.00
0.00
0.00
0.00
0.00
0.00
0.00
0.00
0.00
0.00
0.00
0.00
2.80
0.00
0.00
0.00
0.00
0.00
0.00
0.00
0.00
0.00
0.00
0.00
0.00
0.00
0.00
5.60
0.00
0.00
0.00
0.00
0.00
0.00
0.00
0.00
0.50
0.60
0.00
0.00
0.30
0.80
0.10
0.00
3.00
1.70
0.00
0.00
0.00
0.00
0.00
0.00
0.00
0.00
0.00
0.00
0.00
0.00
0.00
0.00
0.10
0.00
0.00
0.00
4.40
4.30
0.00
0.00
0.00
0.00
0.10
0.00
0.00
0.00
0.00
0.70
0.00
0.00
0.00
0.00
0.00
3.60
0.20
0.00
0.00
0.00
0.00
0.00
1.00
0.00
0.00
0.00
0.00
0.00
0.00
0.00
0.00
0.00
0.00
0.00
0.00
0.00
0.00
0.00
0.00
0.10
0.00
0.00
0.10
0.00
0.00
0.00
0.00
0.00
5.40
1.50
0.00
0.00
0.00
0.00
0.00
0.00
0.00
0.10
0.00
0.00
0.00
0.00
0.00
0.00
0.00
0.00
0.00
0.00
0.00
0.00
0.00
0.00
0.00
0.00
0.00
0.00
0.00
0.00
0.10
0.00
0.00
0.10
0.20
0.10
0.20
0.10
0.00
0.00
0.00
0.00
0.00
0.00
0.00
0.00
0.00
0.00
0.00
0.00
0.10
0.00
0.00
2.50
0.60
0.00
0.00
0.00
0.00
0.00
0.00
0.00
0.00
0.00
0.00
0.00
0.00
0.10
0.30
0.00
0.00
0.00
0.00
0.00
0.00
0.00
0.00
0.00
0.00
0.00
2.70
0.00
0.00
0.00
0.00
0.00
0.00
0.00
0.00
0.00
0.00
0.00
0.00
0.00
0.00
0.00
0.00
0.00
0.00
0.20
11.50
0.00
0.10
0.00
0.00
0.00
1.30
0.00
0.00
5.10
6.20
10.80
0.00
0.40
0.00
0.00
0.00
0.00
0.00
0.00
0.00
0.00
0.00
0.00
0.00
0.00
0.00
0.00
0.00
0.00
0.00
0.50
12.70
14.20
0.00
0.90
0.10
1.30
0.40
0.40
0.00
0.00
0.00
1.70
0.00
0.00
0.00
0.00
0.40
0.10
6.30
0.00
0.50
0.00
0.00
0.00
0.40
5.20
0.00
0.00
0.00
0.00
0.00
0.30
0.10
0.00
0.00
0.00
0.00
0.00
0.00
4.60
17.10
0.00
3.70
1.90
0.00
1.30
0.10
0.00
3.00
0.00
0.00
0.00
0.00
0.00
0.00
0.00
0.00
0.00
0.00
5.00
0.00
1.60
0.00
0.00
0.00
0.00
0.00
0.00
0.30
0.00
0.10
0.00
0.00
0.00
2.10
0.00
0.00
0.00
0.00
0.00
0.00
0.00
0.00
0.00
1.20
0.00
0.00
0.70
0.00
0.00
4.00
0.10
19.70
0.00
0.00
0.00
65.40
0.00
0.00
0.40
0.00
0.00
0.10
0.00
0.00
0.00
0.00
0.00
0.00
0.00
0.00
0.00
0.00
0.00
0.00
0.00
0.00
0.90
0.00
0.00
0.00
0.00
0.00
0.00
0.00
0.00
0.00
0.00
0.00
0.00
0.00
0.00
0.20
0.00
0.30
0.00
0.00
0.00
0.00
0.00
0.00
0.00
0.00
0.40
0.00
8.90
0.00
0.00
0.00
0.00
0.00
0.00
0.00
0.00
0.00
0.00
0.00
0.00
0.00
0.00
0.00
0.00
0.10
0.00
0.00
0.00
3.30
0.00
0.00
0.00
0.00
15.50
0.00
0.00
0.00
0.00
0.00
0.00
0.00
0.00
0.00
0.00
2.70
1.30
0.00
0.00
0.00
0.00
3.10
0.00
20.70
0.00
0.00
0.00
0.00
0.00
0.10
22.60
0.00
0.00
5.90
0.00
2.40
11.80
0.00
0.00
0.00
0.00
0.00
0.00
0.00
5.60
0.00
0.00
0.00
0.00
0.00
0.00
0.00
0.00
0.00
0.00
0.00
0.00
0.00
0.00
0.00
0.00
0.10
30.30
0.20
0.00
6.70
75.50
190.00
3.30
0.00
0.00
0.00
0.00
0.00
0.80
9.40
0.00
0.00
9.30
14.50
0.00
0.80
0.00
0.00
1.40
0.00
0.00
7.00
3.40
0.00
0.00
0.00
0.00
0.10
6.30
0.30
1.60
44.10
19.40
0.10
0.00
0.00
1.70
0.00
1.30
7.20
0.00
0.00
0.10
0.10
0.00
0.00
0.00
0.00
0.20
0.20
0.10
0.00
0.00
0.00
0.00
0.10
9.00
0.00
0.00
0.00
0.00
0.00
0.00
0.00
0.00
0.00
0.00
0.20
0.10
0.00
0.00
0.00
0.10
0.30
0.00
0.00
0.00
0.00
0.10
0.00
0.00
0.00
0.00
0.00
0.00
0.00
0.00
0.00
0.00
0.00
0.10
0.10
0.00
0.30
0.90
0.00
0.00
0.00
0.00
0.00
0.00
0.00
0.00
0.20
0.00
0.00
0.00
0.00
0.00
0.00
0.00
0.00
0.00
0.00
0.20
0.00
0.00
0.00
0.00
0.10
0.00
0.10
0.00
0.00
0.10
0.10
0.00
0.10
0.00
0.00
0.00
0.00
0.00
0.00
0.00
0.00
0.00
0.00
0.00
0.00
0.00
0.00
0.00
0.00
0.00
0.00
0.00
0.00
0.00
0.00
0.00
0.00
0.20
0.00
0.00
0.00
0.00
0.00
0.00
0.00
0.00
0.00
0.00
0.00
4.30
0.00
0.00
5.60
0.00
0.00
0.00
0.00
0.20
0.00
0.00
0.00
0.00
0.00
0.00
0.00
0.00
0.00
1.10
0.00
1.60
0.00
1.70
0.00
0.00
0.30
0.00
0.00
0.00
0.00
0.00
0.00
0.00
0.90
0.00
0.00
0.00
0.00
0.00
0.00
0.00
0.00
0.00
0.00
0.00
0.00
0.00
5.30
0.00
0.00
0.00
0.00
0.00
0.00
10.60
0.30
0.00
0.00
0.00
0.00
0.00
0.00
0.00
0.00
0.00
0.00
3.50
0.00
0.00
0.00
0.00
0.00
0.00
0.00
0.00
0.00
0.00
0.00
0.00
0.00
0.00
0.00
0.00
0.00
0.00
0.00
0.00
0.00
0.00
0.00
0.00
0.00
0.00
0.00
0.00
0.00
0.00
0.00
1.10
2.20
0.00
0.00
0.00
0.00
0.00
3.90
0.00
0.40
0.10
0.00
0.00
0.00
0.00
0.00
0.00
0.00
0.00
0.50
0.70
0.00
0.00
0.00
0.00
0.00
0.00
0.00
0.00
0.00
0.00
0.00
0.00
0.00
0.00
0.00
0.00
0.00
0.00
0.00
0.00
0.00
0.00
0.00
2.40
1.20
0.00
0.00
0.00
0.00
0.80
10.70
0.00
0.00
0.00
0.00
1.10
1.40
0.00
0.00
0.00
0.00
0.00
0.00
0.00
1.80
12.30
0.00
18.10
0.00
0.00
0.00
0.00
0.00
0.00
0.10
24.40
0.10
0.00
0.00
0.00
0.00
0.00
0.00
0.10
0.00
0.00
0.00
0.00
0.00
0.00
0.00
0.00
0.00
0.00
0.00
0.00
0.00
0.20
2.10
0.00
0.00
0.00
0.00
0.00
0.70
0.00
85.70
12.00
0.00
0.00
0.00
0.20
0.20
0.10
0.00
0.00
0.00
0.00
0.00
0.00
0.20
0.00
0.00
0.00
0.00
0.00
0.00
0.00
2.10
0.00
0.00
0.00
0.00
0.00
0.00
0.00
0.00
1.60
0.00
0.00
0.00
0.10
0.00
0.00
0.00
0.00
0.00
0.00
2.30
117.10
8.50
0.00
0.20
0.60
0.00
0.00
0.00
0.00
0.00
0.00
0.00
2.10
0.00
0.00
0.00
0.80
0.10
0.00
0.00
0.00
0.00
0.00
0.00
0.00
0.00
0.00
0.00
0.00
0.00
0.00
0.20
0.00
0.00
0.20
0.10
0.10
1.30
0.00
0.10
0.00
0.00
0.20
0.00
0.10
0.00
30.30
76.40
65.50
0.90
2.80
0.10
1.80
1.50
0.00
0.00
0.00
0.00
0.00
0.00
0.00
0.00
0.00
0.00
0.00
0.00
0.00
0.20
0.00
0.00
0.00
0.00
0.00
0.10
0.00
0.00
0.00
0.00
0.00
0.20
0.00
0.10
0.00
0.00
0.00
0.00
0.00
0.00
0.00
0.00
0.00
0.00
0.00
0.50
0.00
0.00
0.00
0.00
0.00
0.00
0.00
0.00
0.10
4.30
9.60
0.00
0.00
0.00
0.00
7.00
34.00
3.00
1.70
6.00
0.10
0.00
0.00
0.80
32.80
87.50
2.20
0.00
0.00
0.00
0.00
0.30
0.00
0.10
0.00
0.00
0.00
3.10
0.20
0.00
0.10
0.10
6.60
36.90
18.50
5.40
1.60
0.10
0.00
0.00
0.10
5.40
0.00
0.00
0.00
0.00
0.00
0.00
0.00
0.00
0.00
0.00
0.00
0.00
10.40
0.10
0.20
15.00
7.50
0.10
2.40
0.00
0.00
0.00
0.00
0.00
0.00
0.00
0.00
8.50
0.00
0.00
0.00
0.00
0.00
0.00
0.00
0.40
7.60
5.00
0.00
0.00
13.10
0.00
0.00
0.00
0.00
0.00
0.00
0.00
0.00
3.90
0.10
0.00
0.30
0.00
0.00
0.00
0.00
0.00
0.00
0.00
0.00
0.00
0.00
0.00
0.00
0.00
0.00
0.00
0.00
0.00
0.00
0.00
0.80
0.00
0.00
0.50
0.00
0.00
0.00
0.00
0.00
0.00
0.00
0.00
0.00
0.00
0.00
0.20
0.00
0.00
0.00
0.00
0.00
0.00
0.00
0.00
0.00
0.00
0.00
0.00
0.00
0.00
0.00
0.00
0.00
0.00
16.70
0.80
0.10
0.00
0.00
0.00
0.00
0.00
0.00
0.00
0.00
0.30
0.00
0.00
0.00
0.00
6.10
1.20
0.00
0.00
0.00
0.00
0.00
0.00
0.00
3.60
11.50
2.50
0.00
0.00
0.00
0.00
0.00
0.00
0.00
0.00
0.00
15.80
0.00
0.00
0.00
0.70
0.00
0.00
0.00
0.00
0.00
0.00
0.00
0.00
0.00
3.80
0.00
0.00
0.00
0.00
0.00
0.00
0.00
0.00
0.00
0.00
0.00
0.00
0.00
0.00
0.00
0.00
0.00
0.00
0.00
0.90
0.00
0.00
0.00
0.00
0.00
0.00
0.00
0.00
0.00
0.00
0.20
0.30
12.80
19.30
0.10
4.90
0.10
0.20
0.00
0.00
0.00
0.10
0.20
0.00
0.00
0.00
0.00
0.10
0.00
0.00
0.00
0.00
0.00
0.00
0.00
35.20
0.50
0.00
0.00
0.20
0.00
0.00
0.00
0.00
0.00
0.20
0.00
0.00
0.00
1.60
0.00
0.00
0.00
0.00
0.10
0.00
0.00
0.10
0.00
0.10
0.00
0.10
0.00
0.00
0.00
0.00
0.50
0.00
0.00
0.00
0.10
0.00
0.00
0.00
0.00
0.00
5.30
4.20
15.80
0.80
0.00
0.00
0.00
0.00
0.00
0.00
0.00
0.00
0.10
0.30
0.00
0.90
0.00
0.00
0.00
0.00
0.10
0.00
0.00
0.00
0.00
0.00
0.00
0.00
0.00
0.00
0.00
0.00
0.90
0.00
0.20
0.00
0.40
0.00
8.70
5.40
0.00
0.00
0.00
0.10
0.00
0.10
0.10
0.00
0.00
0.00
0.00
0.30
4.40
0.00
0.10
0.00
0.10
0.10
0.00
2.00
12.00
0.00
0.00
0.00
0.00
0.00
0.00
