20000101
-99.00
-99.00
-99.00
-99.00
-99.00
-99.00
-99.00
-99.00
-99.00
-99.00
-99.00
-99.00
-99.00
-99.00
-99.00
-99.00
-99.00
-99.00
-99.00
-99.00
-99.00
-99.00
-99.00
-99.00
-99.00
-99.00
-99.00
-99.00
-99.00
-99.00
-99.00
-99.00
-99.00
-99.00
-99.00
-99.00
-99.00
-99.00
-99.00
-99.00
-99.00
-99.00
-99.00
-99.00
-99.00
-99.00
-99.00
-99.00
-99.00
-99.00
-99.00
-99.00
-99.00
-99.00
-99.00
-99.00
-99.00
-99.00
-99.00
-99.00
-99.00
-99.00
-99.00
-99.00
-99.00
-99.00
-99.00
-99.00
-99.00
-99.00
-99.00
-99.00
-99.00
-99.00
-99.00
-99.00
-99.00
-99.00
-99.00
-99.00
-99.00
-99.00
-99.00
-99.00
-99.00
-99.00
-99.00
-99.00
-99.00
-99.00
-99.00
-99.00
-99.00
-99.00
-99.00
-99.00
-99.00
-99.00
-99.00
-99.00
-99.00
-99.00
-99.00
-99.00
-99.00
-99.00
-99.00
-99.00
-99.00
-99.00
-99.00
-99.00
-99.00
-99.00
-99.00
-99.00
-99.00
-99.00
-99.00
-99.00
-99.00
-99.00
-99.00
-99.00
-99.00
-99.00
-99.00
-99.00
-99.00
-99.00
-99.00
-99.00
-99.00
-99.00
-99.00
-99.00
-99.00
-99.00
-99.00
-99.00
-99.00
-99.00
-99.00
-99.00
-99.00
-99.00
-99.00
-99.00
-99.00
-99.00
-99.00
-99.00
-99.00
-99.00
-99.00
-99.00
-99.00
-99.00
-99.00
-99.00
-99.00
-99.00
-99.00
-99.00
-99.00
-99.00
-99.00
-99.00
-99.00
-99.00
-99.00
-99.00
-99.00
-99.00
-99.00
-99.00
-99.00
-99.00
-99.00
-99.00
-99.00
-99.00
-99.00
-99.00
-99.00
-99.00
-99.00
-99.00
-99.00
-99.00
-99.00
-99.00
-99.00
-99.00
-99.00
-99.00
-99.00
-99.00
-99.00
-99.00
-99.00
-99.00
-99.00
-99.00
-99.00
-99.00
-99.00
-99.00
-99.00
-99.00
-99.00
-99.00
-99.00
-99.00
-99.00
-99.00
-99.00
-99.00
-99.00
-99.00
-99.00
-99.00
-99.00
-99.00
-99.00
-99.00
-99.00
-99.00
-99.00
-99.00
-99.00
-99.00
-99.00
-99.00
-99.00
-99.00
-99.00
-99.00
-99.00
-99.00
-99.00
-99.00
-99.00
-99.00
-99.00
-99.00
-99.00
-99.00
-99.00
-99.00
-99.00
-99.00
-99.00
-99.00
-99.00
-99.00
-99.00
-99.00
-99.00
-99.00
-99.00
-99.00
-99.00
-99.00
-99.00
-99.00
-99.00
-99.00
-99.00
-99.00
-99.00
-99.00
-99.00
-99.00
-99.00
-99.00
-99.00
-99.00
-99.00
-99.00
-99.00
-99.00
-99.00
-99.00
-99.00
-99.00
-99.00
-99.00
-99.00
-99.00
-99.00
-99.00
-99.00
-99.00
-99.00
-99.00
-99.00
-99.00
-99.00
-99.00
-99.00
-99.00
-99.00
-99.00
-99.00
-99.00
-99.00
-99.00
-99.00
-99.00
-99.00
-99.00
-99.00
-99.00
-99.00
-99.00
-99.00
-99.00
-99.00
-99.00
-99.00
-99.00
-99.00
-99.00
-99.00
-99.00
-99.00
-99.00
-99.00
-99.00
-99.00
-99.00
-99.00
-99.00
-99.00
-99.00
-99.00
-99.00
-99.00
-99.00
-99.00
-99.00
-99.00
-99.00
-99.00
-99.00
-99.00
-99.00
-99.00
-99.00
-99.00
-99.00
-99.00
-99.00
-99.00
-99.00
-99.00
-99.00
-99.00
-99.00
-99.00
-99.00
-99.00
-99.00
-99.00
-99.00
-99.00
-99.00
-99.00
-99.00
-99.00
-99.00
-99.00
-99.00
-99.00
-99.00
-99.00
-99.00
-99.00
-99.00
-99.00
-99.00
-99.00
-99.00
-99.00
-99.00
-99.00
-99.00
-99.00
-99.00
-99.00
-99.00
-99.00
-99.00
-99.00
-99.00
-99.00
-99.00
-99.00
-99.00
-99.00
-99.00
-99.00
-99.00
-99.00
-99.00
-99.00
-99.00
-99.00
-99.00
-99.00
-99.00
-99.00
-99.00
-99.00
-99.00
-99.00
-99.00
-99.00
-99.00
-99.00
-99.00
-99.00
-99.00
-99.00
-99.00
-99.00
-99.00
-99.00
-99.00
-99.00
-99.00
-99.00
-99.00
-99.00
-99.00
-99.00
-99.00
-99.00
-99.00
-99.00
-99.00
-99.00
-99.00
-99.00
-99.00
-99.00
-99.00
-99.00
-99.00
-99.00
-99.00
-99.00
-99.00
-99.00
-99.00
-99.00
-99.00
-99.00
-99.00
-99.00
-99.00
-99.00
-99.00
-99.00
-99.00
-99.00
-99.00
-99.00
-99.00
-99.00
-99.00
-99.00
-99.00
-99.00
-99.00
-99.00
-99.00
0.00
-99.00
-99.00
-99.00
-99.00
-99.00
-99.00
-99.00
-99.00
-99.00
-99.00
-99.00
-99.00
-99.00
-99.00
-99.00
-99.00
0.00
2.00
0.00
0.00
0.00
-99.00
-99.00
0.00
2.20
0.00
0.00
0.00
3.20
1.20
9.40
0.00
0.00
0.00
0.00
0.00
0.00
1.60
0.00
0.00
0.00
0.00
0.00
0.00
0.00
0.00
0.00
11.20
1.00
0.00
0.00
0.00
0.00
0.00
0.80
0.00
0.00
0.00
0.00
0.00
0.00
0.00
0.00
0.00
0.00
0.00
0.00
0.00
0.00
0.00
5.40
0.00
0.00
0.00
0.00
0.00
1.00
0.00
0.00
0.00
0.00
0.40
25.20
3.60
0.00
0.20
20.20
0.00
0.00
0.00
0.00
0.00
0.00
0.00
0.00
0.00
0.00
0.00
0.00
0.00
0.00
0.00
0.00
0.00
0.00
0.00
0.00
0.00
0.00
0.00
0.00
0.00
0.00
0.00
0.00
0.00
0.00
0.00
0.00
0.00
-99.00
-99.00
-99.00
-99.00
-99.00
-99.00
-99.00
-99.00
-99.00
-99.00
0.20
0.00
8.60
0.00
0.00
0.00
0.00
0.00
0.00
0.00
0.00
0.00
0.00
0.00
0.00
0.00
6.20
0.00
0.00
0.00
0.00
25.60
0.00
9.80
0.40
0.00
0.00
6.80
2.20
0.00
0.00
0.00
0.00
0.40
0.00
0.00
0.00
0.00
3.60
3.40
0.00
0.00
0.00
0.00
0.00
0.00
0.00
0.00
0.00
0.00
0.00
0.00
0.00
0.00
0.00
0.00
0.00
0.00
0.00
0.00
0.00
0.00
0.00
0.00
0.00
0.00
0.00
0.00
0.00
0.00
0.00
0.00
0.20
0.00
0.20
22.40
12.00
2.20
0.00
0.00
0.00
0.00
0.00
0.00
0.00
0.00
0.00
0.00
0.00
0.00
0.00
0.00
0.00
0.00
0.00
0.00
0.00
0.00
0.00
0.00
0.00
0.00
0.00
0.00
0.00
5.20
0.00
0.00
0.00
0.00
0.00
0.00
0.00
0.00
0.00
0.00
0.00
0.00
0.00
0.00
0.00
0.00
0.00
0.40
9.40
9.20
0.20
0.00
0.00
0.20
0.00
0.00
0.00
0.00
1.60
0.00
0.00
0.00
0.00
0.00
0.00
0.00
0.00
0.00
0.40
0.00
0.00
0.00
0.00
0.00
0.00
0.00
0.00
0.00
0.00
0.00
0.00
0.80
3.40
0.00
0.00
0.00
0.00
0.00
0.00
0.00
13.00
0.40
6.60
3.80
0.00
0.00
0.00
0.00
0.00
0.00
0.00
0.00
0.00
0.00
0.00
0.00
5.40
0.00
1.80
12.00
0.20
0.00
0.00
0.00
0.00
0.00
0.00
2.00
1.60
0.00
0.00
0.00
0.00
0.00
0.00
0.00
0.00
0.00
0.00
0.00
0.00
0.00
1.00
10.00
0.00
0.00
0.00
3.80
44.30
1.10
0.00
0.00
21.60
0.20
10.20
12.00
50.50
1.30
7.40
2.80
1.60
0.60
0.00
0.00
0.60
0.00
0.00
0.00
0.00
0.00
0.00
0.00
0.00
0.00
0.00
0.00
5.00
12.80
1.80
2.20
0.40
2.00
22.40
32.00
15.80
17.80
13.60
0.20
0.00
0.00
0.00
0.00
0.00
7.00
0.00
0.00
0.00
0.00
10.40
0.00
0.00
4.40
2.40
0.00
0.00
0.00
0.00
0.00
0.00
0.00
1.60
33.60
5.80
0.00
20.00
0.00
0.00
0.00
0.00
0.00
0.00
0.00
0.00
0.00
0.00
0.00
0.00
0.00
0.00
0.00
0.00
0.00
0.00
0.00
-99.00
-99.00
-99.00
0.00
0.00
0.00
0.00
0.00
0.00
0.00
0.00
0.00
0.00
0.00
9.60
9.60
0.00
0.20
0.20
0.00
0.00
0.00
0.00
0.00
0.00
0.00
0.00
0.00
0.00
0.00
0.00
0.00
4.00
2.00
8.40
0.00
0.00
0.00
0.00
0.00
0.00
1.00
5.20
4.00
0.00
0.00
0.00
0.00
0.40
0.00
0.00
0.00
0.00
0.00
0.00
2.00
0.00
7.40
5.40
13.00
2.80
0.00
0.00
2.80
0.20
6.00
0.40
0.00
0.00
16.20
1.40
0.00
0.00
0.00
0.00
0.00
4.30
2.30
0.00
0.00
0.00
0.00
0.00
0.00
0.00
0.60
5.40
0.20
0.00
0.00
0.00
0.00
0.00
0.00
0.00
0.00
0.00
0.00
0.00
0.00
0.00
0.00
0.00
77.20
4.00
0.60
0.00
0.00
0.00
0.00
0.00
0.00
0.00
0.00
0.00
0.40
0.00
0.20
0.00
0.00
0.00
0.00
0.00
0.00
0.00
0.60
0.00
0.00
0.00
0.00
0.00
1.20
3.80
0.00
0.00
0.00
0.00
0.00
0.00
6.00
0.00
0.20
0.00
0.00
0.00
6.20
0.20
0.00
0.20
19.00
0.20
0.00
0.00
0.00
0.00
0.00
0.00
0.00
0.00
0.00
0.20
0.00
0.00
0.00
1.00
65.20
0.20
0.00
0.00
0.00
0.00
0.00
0.00
0.20
0.40
0.00
0.00
0.00
0.00
0.00
0.00
0.00
0.00
0.00
0.00
5.00
4.80
0.00
0.00
0.00
0.00
2.00
36.40
0.00
2.80
0.00
0.00
0.00
0.00
0.00
0.00
0.00
0.00
0.00
0.00
6.80
0.20
0.20
0.00
0.00
0.00
0.00
0.00
0.00
0.00
0.00
0.20
0.00
0.00
0.00
0.00
2.40
0.00
0.00
0.00
0.00
0.00
0.80
0.00
0.00
0.00
0.00
0.00
0.00
0.60
0.20
13.40
44.00
4.00
1.40
0.00
2.20
31.20
70.80
2.00
0.00
0.00
0.00
0.00
0.00
0.00
12.80
0.00
0.00
0.00
0.00
0.00
0.00
0.00
0.00
5.80
0.00
0.00
0.00
0.00
0.00
0.00
0.00
0.00
0.00
0.00
0.00
0.00
16.60
2.60
5.40
6.80
2.80
7.80
0.00
0.00
0.00
0.00
0.00
0.00
16.40
5.00
0.00
0.00
0.00
6.80
0.20
0.00
0.00
0.00
0.00
0.00
0.00
0.00
0.00
0.00
0.00
0.80
0.00
0.00
0.00
0.00
0.00
0.20
0.00
0.00
0.00
2.40
15.20
0.00
0.00
0.00
2.60
0.00
0.00
0.00
0.00
1.40
3.60
0.00
3.60
0.00
0.00
0.00
0.00
2.80
14.40
5.20
0.00
0.00
0.00
0.00
0.00
0.00
0.00
0.00
0.00
0.20
6.00
0.00
0.00
0.00
0.00
0.00
0.00
0.00
0.00
4.40
0.00
4.00
0.00
0.00
0.00
0.00
0.00
0.00
0.00
0.00
0.00
4.00
0.40
0.00
0.00
0.00
0.00
1.20
0.20
0.00
23.60
0.00
0.00
0.20
0.00
0.00
0.00
0.00
0.00
0.00
0.00
0.00
0.00
0.00
0.00
0.00
0.00
0.00
0.00
0.00
0.00
0.00
0.00
0.00
17.00
0.00
0.00
0.00
0.00
0.00
0.00
0.00
0.00
0.00
0.00
0.00
0.00
0.00
0.00
0.00
0.00
0.00
16.60
0.00
0.00
0.00
0.00
0.00
0.00
0.00
0.00
0.00
0.00
0.00
0.00
0.00
10.60
2.80
6.60
0.00
0.00
2.00
8.60
6.80
0.20
1.00
0.00
0.00
0.00
0.00
0.00
0.00
0.00
0.00
0.00
0.00
0.00
0.00
9.40
4.20
0.20
0.00
0.00
7.00
16.20
7.40
3.40
4.40
0.00
0.00
0.00
2.60
-99.00
-99.00
-99.00
-99.00
-99.00
-99.00
-99.00
-99.00
0.00
20.00
12.80
105.20
17.80
11.20
0.20
0.00
3.80
0.20
0.00
0.00
24.40
1.60
2.00
0.20
0.00
5.80
0.00
0.00
0.00
0.00
0.00
0.00
0.00
0.00
3.00
0.00
0.00
0.40
0.00
0.00
0.60
14.40
0.00
0.00
0.00
0.00
1.00
3.60
11.40
9.20
0.00
0.10
1.30
0.00
0.00
0.00
7.40
4.70
39.10
28.20
3.60
0.00
11.00
8.00
0.20
2.60
0.00
0.00
0.00
0.00
0.00
0.00
0.00
0.60
0.60
0.20
0.00
0.00
0.00
0.00
0.00
0.00
0.00
3.40
0.20
0.00
0.00
0.00
0.00
0.00
0.00
0.00
0.00
0.00
0.00
0.00
0.00
0.00
0.00
0.00
0.00
0.00
0.00
0.40
0.00
0.00
0.00
0.00
0.00
0.00
0.20
0.00
0.00
6.20
0.80
0.00
0.00
0.00
0.00
0.00
0.00
0.00
0.00
0.00
0.00
0.00
0.00
0.00
0.00
0.00
0.00
0.00
0.00
23.20
0.00
1.80
0.20
79.00
14.80
0.20
3.60
0.00
1.00
33.20
0.20
0.40
0.00
0.00
0.00
0.00
0.00
0.00
12.20
0.00
0.00
0.00
0.60
0.20
0.00
2.80
0.00
0.00
0.00
0.00
0.00
0.00
0.00
0.00
4.40
0.00
0.00
1.60
0.20
5.80
0.00
43.60
25.80
1.80
0.00
1.80
0.00
0.00
0.00
0.00
5.00
7.40
0.00
0.40
0.00
0.20
0.20
5.40
0.40
68.00
0.00
10.60
1.20
0.00
0.00
3.20
0.00
0.00
0.00
0.00
0.00
6.50
32.30
3.40
0.00
0.60
15.60
0.40
34.60
0.80
4.40
0.80
0.00
0.80
17.80
3.60
1.60
0.20
0.00
0.00
0.00
0.00
0.00
0.00
0.00
16.80
0.00
0.00
0.00
0.00
3.20
0.00
0.00
2.80
1.00
0.00
0.00
0.00
0.00
0.00
0.00
0.00
0.00
0.00
0.00
0.80
12.80
0.00
0.80
0.60
0.00
0.00
0.00
14.80
0.20
0.20
0.00
0.00
0.00
0.00
0.00
0.00
0.00
0.00
0.00
0.00
0.00
0.00
0.00
0.20
0.60
0.00
0.00
0.00
9.80
7.20
4.40
2.00
0.00
0.00
0.00
0.00
0.00
0.00
0.00
0.00
0.00
0.00
0.00
0.20
0.00
0.00
0.00
0.00
0.00
0.00
0.00
0.00
0.00
1.40
0.00
0.00
0.00
0.00
0.00
0.00
0.00
0.00
0.00
0.00
0.00
0.00
2.20
0.00
0.00
0.00
0.00
0.00
0.00
0.00
0.00
0.00
0.00
0.00
22.80
0.00
1.20
0.00
7.40
11.20
0.00
0.00
0.00
0.00
0.00
0.00
0.00
0.20
0.00
0.00
3.80
13.00
0.00
0.00
0.00
0.00
0.00
0.00
0.00
0.00
1.20
0.00
0.00
0.00
0.00
0.00
0.00
0.00
0.00
0.00
0.00
0.00
0.00
0.00
0.00
0.00
0.00
0.00
12.40
0.00
0.00
0.00
0.00
0.00
0.00
0.00
0.00
0.00
0.00
0.00
0.00
1.80
13.80
0.00
0.00
0.00
7.60
3.20
1.60
0.00
0.00
0.00
0.00
0.00
0.00
0.00
0.00
0.00
0.00
0.00
0.00
0.00
0.00
0.00
0.00
0.00
0.00
0.00
0.00
0.00
0.00
0.00
0.00
0.00
0.00
0.00
3.60
0.20
34.60
0.20
0.00
19.20
1.40
0.00
31.40
31.80
10.00
0.00
0.00
0.00
0.00
0.00
0.00
0.00
0.00
0.00
0.00
0.00
0.00
0.00
0.00
0.00
4.40
0.20
0.00
0.00
0.00
0.00
0.00
0.00
0.00
0.00
0.00
0.00
0.00
0.00
0.00
0.00
0.20
0.00
0.00
0.00
0.00
0.00
0.00
0.00
0.40
0.00
0.00
0.00
0.00
0.00
0.00
0.00
0.00
0.00
0.00
0.00
0.00
0.00
0.00
0.00
0.00
0.00
0.00
13.80
46.80
23.40
2.60
0.00
0.00
0.00
0.80
0.60
0.00
0.00
0.00
0.00
0.00
3.40
0.00
0.00
0.00
0.20
0.00
0.40
0.00
1.20
0.00
0.00
6.00
0.20
0.00
0.00
0.00
0.00
0.00
0.00
1.80
0.00
0.00
0.00
0.00
0.00
0.00
0.00
0.00
0.00
0.00
0.00
0.80
0.40
0.20
0.00
4.10
0.10
20.00
2.80
0.00
0.00
0.60
9.20
0.00
0.00
0.00
0.00
5.40
0.20
0.00
0.00
0.00
0.00
0.00
2.00
2.00
0.20
1.00
0.20
0.60
0.00
0.00
0.00
1.00
0.00
0.00
0.20
0.00
0.00
0.00
0.00
1.00
0.00
6.40
3.60
0.00
0.00
0.00
0.00
0.80
0.40
0.00
0.40
0.60
0.00
4.40
35.80
0.00
0.00
0.00
0.00
0.20
0.20
0.00
0.00
0.00
0.00
0.00
0.00
0.00
0.00
0.00
0.00
0.00
0.00
0.00
1.20
0.00
0.00
0.00
0.00
2.40
0.00
0.00
20.00
0.00
0.00
0.00
0.00
0.20
0.00
1.00
0.00
0.00
0.00
0.00
0.00
0.00
0.60
0.00
0.00
0.00
-99.00
-99.00
-99.00
-99.00
-99.00
-99.00
-99.00
-99.00
-99.00
-99.00
0.00
0.00
0.00
0.00
0.00
0.00
0.00
0.00
0.00
0.00
0.40
0.00
0.00
0.00
0.00
0.00
0.00
0.00
0.20
0.00
10.60
9.40
0.00
0.00
0.00
0.00
0.00
0.00
0.00
1.00
6.40
0.00
0.00
0.00
0.00
0.00
0.00
5.20
14.60
28.40
0.20
0.00
0.00
0.00
0.00
0.00
12.20
0.00
0.00
0.00
0.00
0.00
0.00
0.00
0.00
0.20
44.80
31.60
15.80
0.00
0.00
0.00
0.40
5.40
0.00
0.00
0.00
3.40
0.00
0.00
0.00
0.00
0.00
0.00
0.00
27.40
0.40
0.00
0.00
1.80
0.20
0.00
0.80
0.20
0.00
0.00
0.00
0.00
0.00
0.00
0.40
1.20
20.40
63.60
28.60
6.20
0.00
0.20
83.80
0.00
0.20
0.00
0.00
0.00
0.00
0.00
0.00
0.00
0.00
0.00
0.00
0.00
0.00
0.00
0.00
0.40
0.00
0.00
0.00
0.00
14.20
1.00
0.00
10.80
29.80
67.80
2.80
1.60
0.00
0.00
0.00
0.00
0.00
0.00
0.00
0.00
0.10
1.30
0.00
0.00
0.00
0.00
0.00
1.80
0.00
0.00
0.00
0.00
0.00
0.00
0.00
0.00
0.00
0.00
0.00
0.00
0.00
0.00
0.00
0.00
0.00
0.00
0.00
0.00
0.00
0.00
0.00
0.00
0.00
0.00
0.00
0.00
0.00
0.00
0.00
0.00
0.00
0.80
3.20
42.20
5.40
0.00
0.80
0.00
0.00
0.00
0.20
0.00
0.00
0.40
0.00
0.00
0.00
0.00
0.00
0.00
0.00
0.00
3.40
16.20
48.20
42.20
26.20
1.40
0.00
0.00
0.00
0.00
0.00
0.00
0.00
0.00
0.40
0.00
0.00
0.00
0.00
0.00
0.00
0.00
0.00
0.00
2.00
0.00
0.00
0.00
0.00
0.00
0.00
7.60
4.00
0.00
3.40
0.40
0.00
0.00
4.00
0.40
0.00
0.00
1.60
0.20
1.00
0.00
0.00
0.00
0.00
0.00
0.00
5.00
12.60
0.00
0.00
5.20
0.00
0.00
0.00
0.00
0.00
0.00
0.00
0.00
0.00
0.00
0.00
0.00
0.00
0.00
4.60
0.00
0.00
0.00
0.00
0.00
0.00
0.00
0.00
0.00
0.00
0.00
0.00
0.00
5.20
0.00
0.00
0.00
0.00
0.00
0.00
0.00
0.00
0.00
0.00
0.00
0.00
0.00
0.00
0.00
0.00
0.00
1.00
0.00
0.00
0.00
1.40
0.40
0.00
0.00
0.00
0.00
0.00
0.00
0.00
0.00
0.00
1.00
0.40
0.00
0.00
0.00
0.00
0.00
11.40
5.40
0.00
0.00
0.00
0.00
0.00
0.00
0.00
0.00
0.00
0.00
0.00
0.00
0.00
0.00
0.40
0.40
0.00
0.00
0.00
0.00
0.00
0.00
0.00
0.00
0.00
0.00
0.00
0.00
0.00
0.00
0.00
0.00
0.00
0.00
0.00
0.80
0.80
0.20
0.40
0.00
0.00
0.00
0.00
0.00
0.00
0.40
0.40
0.00
0.00
0.00
0.00
0.00
0.00
0.00
0.60
0.00
0.00
2.60
0.00
0.00
0.00
0.00
0.00
38.40
0.00
0.00
0.00
0.00
0.80
0.00
14.20
0.00
15.80
0.20
0.00
46.00
0.00
0.00
0.00
0.00
0.00
0.00
0.00
1.80
0.80
2.80
0.40
0.00
0.00
0.00
0.00
0.00
0.00
0.00
0.00
0.00
0.00
0.00
0.00
13.00
0.00
0.00
0.00
0.00
78.40
10.40
3.00
0.00
0.00
0.00
0.00
0.00
0.00
4.20
7.20
3.20
0.00
0.00
0.00
0.00
0.00
0.00
0.00
0.00
0.00
5.60
0.00
0.40
0.00
0.00
0.00
0.00
7.60
15.60
0.60
0.00
0.00
0.00
0.00
33.40
0.40
0.00
0.00
0.00
0.00
0.00
0.00
0.00
0.00
0.00
0.00
0.00
0.00
0.00
0.00
0.00
0.00
0.00
0.00
0.00
0.00
0.00
0.00
0.00
0.00
0.00
0.00
0.00
0.00
0.40
0.00
0.00
0.00
0.00
0.00
0.00
0.00
0.00
0.00
0.00
0.00
0.00
0.00
0.00
0.00
0.00
0.00
0.00
10.60
0.40
0.40
0.00
0.00
0.00
0.00
0.00
0.40
18.20
1.00
0.40
0.00
0.00
0.00
0.00
0.40
0.00
0.00
0.00
0.00
0.00
0.00
0.00
0.00
0.00
0.00
0.00
0.00
0.00
0.00
0.00
0.00
0.00
0.00
0.00
0.00
0.00
0.00
0.00
0.00
0.00
0.00
0.00
0.00
0.00
0.00
0.30
0.00
0.00
0.00
0.00
0.00
0.00
0.00
0.00
0.50
0.10
0.00
0.00
0.00
0.10
0.00
0.00
3.90
0.10
0.00
0.00
2.60
0.20
0.00
0.00
0.00
12.10
1.00
0.10
0.00
0.00
0.00
0.00
0.00
4.90
0.00
0.00
0.00
0.00
0.00
0.00
0.00
0.00
0.00
5.00
0.00
0.00
0.00
0.00
-99.00
0.00
0.00
0.00
0.00
0.00
0.00
5.00
0.00
0.00
0.00
0.00
0.60
0.00
0.20
0.00
3.80
0.80
2.40
0.60
0.80
0.40
21.00
7.60
1.60
0.00
-99.00
-99.00
0.60
6.80
2.60
2.00
0.60
1.00
0.20
0.00
0.00
0.00
0.00
0.00
0.00
0.00
0.00
0.00
0.00
0.00
0.00
0.00
0.00
0.00
0.20
0.20
6.80
1.50
0.90
0.20
0.00
6.40
0.00
0.00
0.00
0.00
0.00
17.40
0.00
0.00
0.00
0.00
0.00
0.00
0.60
0.00
0.00
0.00
0.00
10.60
8.20
0.00
0.00
0.00
0.00
1.20
0.20
0.00
31.60
0.00
8.80
0.00
0.00
0.00
0.00
0.00
0.00
0.00
0.00
0.00
0.00
0.00
0.00
0.00
0.00
0.00
0.00
0.00
0.00
0.00
8.40
0.00
0.00
0.00
0.00
0.20
0.00
0.00
0.00
0.00
0.00
0.00
0.00
0.00
0.00
0.00
0.00
19.40
0.00
0.00
0.00
0.00
0.00
0.00
0.00
0.00
0.00
0.00
0.00
0.00
0.00
0.00
0.00
15.00
0.00
0.00
0.00
0.00
0.00
0.00
0.00
49.00
1.00
9.80
0.00
0.00
0.00
1.50
0.10
0.00
0.00
0.00
0.00
0.00
8.80
0.00
6.60
5.60
0.00
0.00
0.00
0.00
0.00
5.80
0.00
9.20
0.20
0.00
0.00
2.20
0.60
0.00
0.00
0.00
0.00
0.00
0.00
0.00
0.00
0.00
0.00
0.00
0.00
0.00
0.00
0.00
0.00
0.00
0.00
0.00
1.00
0.20
0.20
0.00
0.00
0.00
0.00
0.00
0.00
0.00
3.60
0.20
0.00
7.60
5.80
0.40
19.40
0.20
0.00
0.00
0.00
0.00
6.00
5.60
0.00
0.00
0.00
0.00
0.00
0.00
0.00
0.40
0.00
0.20
0.00
0.00
0.00
0.00
0.00
0.00
0.00
0.00
0.00
0.00
0.00
0.00
0.00
0.00
0.00
0.00
0.00
0.00
0.00
0.00
0.00
0.00
0.00
0.20
0.20
1.80
0.20
0.00
0.00
0.00
0.00
0.00
0.00
0.00
0.00
0.00
0.00
0.00
0.00
0.00
0.00
0.00
0.00
0.00
0.00
0.00
0.00
0.00
0.80
0.20
0.00
0.00
0.00
1.20
4.00
36.40
6.40
0.40
0.00
0.00
0.00
0.00
0.00
0.00
0.00
0.00
0.00
37.20
0.30
0.00
0.00
0.00
0.00
0.00
0.00
0.00
2.20
0.00
0.00
0.00
0.00
0.00
0.00
0.00
0.00
0.00
0.00
0.00
0.00
0.00
0.00
0.00
0.00
0.00
0.00
0.00
0.00
0.00
2.40
4.60
0.00
0.00
0.00
0.00
0.00
0.00
0.00
0.40
0.00
0.00
0.00
0.00
0.00
0.20
3.00
2.70
0.40
0.00
0.00
0.00
0.40
0.00
0.00
0.00
3.60
0.20
0.00
0.00
0.00
17.20
0.00
0.40
0.00
13.20
0.20
0.00
0.00
0.00
0.00
0.00
0.00
0.00
0.20
6.60
0.40
0.00
25.60
0.40
0.00
0.00
2.60
0.00
0.00
0.00
19.60
8.70
0.00
0.00
0.00
0.00
0.00
0.00
0.00
0.00
0.00
9.00
4.20
0.20
0.00
2.60
0.00
0.00
7.00
1.00
0.00
0.00
18.20
2.20
3.60
0.20
0.00
0.00
0.00
9.20
0.00
0.00
0.00
0.00
0.00
0.00
0.00
0.00
0.00
0.00
24.00
29.50
3.40
1.20
1.40
0.00
0.00
1.80
4.60
0.00
0.00
0.00
1.80
4.00
0.00
1.80
25.60
0.20
3.60
0.00
0.00
24.40
0.00
19.00
0.20
4.80
0.00
32.20
1.50
12.60
0.00
0.00
1.60
0.00
0.80
25.60
0.20
0.00
1.00
4.20
0.00
0.00
0.00
0.00
0.00
0.00
0.00
0.00
1.00
7.90
0.00
0.00
0.20
3.40
0.00
0.00
0.00
0.00
0.00
0.00
0.00
0.00
0.00
4.00
21.70
3.20
0.20
0.00
0.00
0.00
0.00
0.00
0.60
0.00
0.00
0.00
0.00
0.00
0.00
0.00
0.00
0.00
0.00
0.00
0.00
0.00
0.00
0.00
0.00
0.00
0.00
0.00
0.00
0.00
0.00
0.00
0.00
0.00
0.00
0.00
0.00
0.00
0.00
0.00
0.00
1.40
0.00
0.00
0.20
0.00
0.00
0.00
0.00
0.00
0.00
7.40
0.20
0.00
0.00
0.00
1.80
0.00
0.00
0.00
0.00
0.20
0.60
5.60
0.00
0.00
0.00
0.00
5.60
0.20
0.00
0.00
0.00
2.00
0.20
0.00
0.00
0.00
0.00
0.00
0.00
0.00
0.00
0.00
0.00
0.00
0.00
0.00
8.00
0.00
0.00
0.00
1.00
0.00
0.00
0.20
6.20
0.20
5.80
0.00
0.00
0.00
0.00
1.60
1.60
0.20
0.00
0.00
21.20
1.00
0.00
0.00
2.20
35.00
0.00
0.80
0.00
0.00
0.00
0.00
0.00
0.00
0.00
8.60
0.00
0.00
0.00
0.00
0.00
0.00
0.00
0.00
0.00
0.00
0.00
0.80
0.00
0.00
0.00
0.00
0.40
0.00
0.80
0.00
0.00
0.00
0.00
0.00
0.00
0.00
8.20
5.00
0.00
0.00
0.80
7.40
0.20
4.20
0.00
0.00
0.00
0.00
0.00
0.00
0.20
0.00
0.20
69.60
41.20
23.40
2.80
0.40
0.00
0.10
0.10
0.00
0.00
0.00
6.30
4.40
0.00
3.80
13.50
0.00
0.00
0.00
0.00
0.00
0.00
0.00
0.00
0.20
0.00
0.00
0.00
0.50
0.40
3.10
2.60
0.00
0.00
0.00
0.00
28.10
11.50
3.30
21.20
0.00
0.00
0.00
0.30
0.10
0.00
4.80
0.00
0.00
0.00
0.00
0.00
0.00
0.00
0.00
0.00
0.00
0.00
0.00
0.00
0.00
0.00
0.00
0.00
0.10
0.30
14.30
0.00
3.60
0.10
0.00
0.00
0.00
0.00
0.00
0.00
0.00
0.00
0.00
0.00
0.00
0.00
0.00
0.00
0.00
0.00
0.00
0.00
0.00
0.00
0.00
0.00
18.90
4.80
2.10
22.80
3.80
6.60
0.00
0.00
0.00
0.00
22.80
1.20
0.00
8.60
7.10
6.90
0.00
0.00
1.20
0.80
7.70
0.20
1.10
1.40
0.10
0.00
0.00
0.00
0.20
46.30
1.00
4.70
0.70
31.50
5.70
0.00
0.00
0.00
0.00
0.00
0.00
0.00
0.00
0.20
0.00
0.00
0.00
30.60
0.10
0.00
0.00
0.00
0.00
0.00
0.00
0.00
0.00
0.00
0.00
0.00
0.00
0.00
0.00
0.00
4.30
0.10
0.00
0.00
0.00
4.40
0.00
0.10
0.00
0.00
0.00
0.00
0.00
0.00
0.00
0.00
0.00
0.00
0.00
19.20
0.00
0.00
0.00
0.00
0.60
0.70
10.00
0.00
0.00
0.00
1.00
0.60
0.00
0.00
0.10
5.00
5.60
6.00
0.30
0.00
0.00
0.00
0.00
0.00
0.30
0.00
0.00
0.00
0.00
0.00
0.00
0.50
0.10
0.00
0.00
0.00
0.00
0.70
0.00
0.00
0.00
0.00
0.00
4.00
0.00
0.60
0.00
0.00
32.00
0.40
2.90
3.30
0.10
0.00
0.00
0.00
0.00
0.00
0.00
0.00
0.00
0.00
0.00
0.10
0.00
0.00
0.00
0.00
0.00
0.00
0.00
0.00
0.00
0.00
0.00
0.00
6.30
0.00
0.00
0.00
0.00
0.00
0.00
0.00
4.90
0.30
22.50
0.50
0.00
15.20
0.60
0.00
0.70
0.20
0.00
0.00
0.00
0.00
0.00
0.00
0.00
0.00
0.00
0.00
0.00
0.00
0.00
0.00
0.00
0.00
0.00
0.10
1.20
0.10
0.00
0.00
0.00
0.00
0.00
0.00
0.00
0.00
16.70
26.80
13.10
0.20
0.00
0.00
0.00
0.00
0.10
0.00
0.00
0.00
0.00
1.10
0.00
0.00
0.90
0.00
4.30
0.10
0.00
0.00
0.00
0.00
0.00
0.00
0.00
0.00
0.00
0.00
0.00
0.00
0.00
0.00
0.00
0.00
0.00
0.00
0.00
0.00
2.60
0.30
0.10
0.00
0.00
0.00
0.00
0.00
0.00
0.00
0.00
0.00
0.00
0.10
0.00
0.00
0.00
0.00
0.00
0.00
0.00
0.00
0.60
9.80
2.10
7.10
0.00
2.80
0.10
0.10
0.00
0.10
0.00
0.00
0.00
0.00
2.60
7.10
0.00
18.10
0.00
0.00
0.00
0.00
1.20
0.10
1.10
0.00
0.30
0.00
0.10
0.20
3.30
0.20
0.00
0.00
0.30
0.00
0.00
0.00
0.00
0.00
0.00
2.70
1.00
0.10
0.00
6.30
0.00
0.00
0.00
21.90
16.30
0.10
0.00
0.00
0.00
0.00
5.60
13.60
0.10
9.00
8.60
0.00
0.00
0.00
0.00
0.00
0.00
0.00
0.00
0.00
0.00
3.00
20.00
2.00
0.20
0.00
5.40
40.20
5.20
0.00
0.00
0.00
0.00
0.00
0.00
0.00
0.00
0.00
0.00
0.00
3.80
11.70
0.00
0.00
0.10
0.00
0.00
0.00
0.00
2.50
0.00
5.70
0.00
0.00
19.30
0.10
0.00
1.60
0.00
0.00
0.00
0.00
15.50
0.20
0.00
1.10
0.40
0.00
0.00
0.20
0.00
0.00
0.00
0.20
0.30
0.10
3.00
0.00
0.00
0.00
0.00
11.30
9.60
44.40
30.10
16.10
1.90
0.00
0.20
2.50
0.00
0.00
9.90
17.90
0.70
0.00
0.00
0.00
0.00
0.00
0.00
0.00
0.00
0.00
0.00
0.00
0.00
0.10
12.90
-99.00
-99.00
-99.00
-99.00
-99.00
0.00
0.00
0.00
2.00
0.00
0.00
2.80
1.00
2.10
0.00
10.60
8.60
1.80
0.00
0.20
7.60
9.30
2.00
0.00
0.00
0.00
0.00
0.00
0.00
0.00
0.00
0.50
0.00
0.00
0.00
0.00
2.10
0.00
0.00
0.00
0.00
0.00
0.00
0.00
0.00
0.00
0.00
0.00
0.00
0.00
0.00
0.00
0.00
0.00
0.00
1.40
0.00
0.00
0.00
0.00
0.10
0.00
0.70
0.00
0.00
22.30
0.00
0.00
2.40
0.70
0.00
0.00
37.90
0.00
0.00
10.60
0.00
4.00
0.00
0.00
0.00
0.00
6.40
0.00
0.00
0.00
0.00
0.00
0.00
0.00
0.00
0.00
0.00
0.00
0.00
0.00
0.00
0.00
0.00
0.00
0.20
7.60
0.00
2.50
0.00
0.00
1.40
0.00
0.00
0.00
0.00
33.80
0.60
0.00
0.10
4.60
0.00
0.00
20.70
0.00
0.00
0.00
0.00
0.00
0.00
0.00
0.00
0.00
0.80
0.00
0.00
0.00
0.20
0.90
21.50
24.70
30.30
1.20
0.00
0.00
0.00
0.00
0.00
0.00
0.00
0.00
0.00
0.00
0.00
0.00
0.00
0.00
0.00
0.00
0.00
1.80
0.10
0.00
0.00
0.00
0.00
0.00
5.00
0.00
0.00
0.10
0.00
0.00
0.00
0.00
1.60
0.00
0.20
0.30
0.00
0.30
0.00
0.00
0.00
0.00
0.00
0.00
0.30
0.00
0.30
17.50
0.10
0.00
0.00
0.10
0.00
0.00
0.00
0.00
0.00
0.00
0.00
0.00
0.00
0.00
0.00
0.00
0.00
0.00
0.00
0.00
0.80
16.20
10.90
0.20
0.10
0.00
0.00
0.00
0.00
0.90
0.40
0.10
0.00
0.00
0.00
0.00
0.00
0.00
0.00
2.70
0.10
0.00
0.00
0.00
0.00
0.00
0.00
0.00
0.00
0.00
0.00
0.00
0.00
0.00
0.00
0.00
0.00
2.60
18.70
8.80
5.40
1.40
0.00
0.00
0.00
0.00
0.00
0.00
0.00
0.00
0.10
0.00
0.00
0.00
0.00
1.00
0.10
0.00
7.00
0.00
0.10
0.40
0.00
0.00
0.00
0.00
0.00
0.00
0.50
0.00
0.00
2.40
5.70
2.50
0.10
0.00
0.00
2.10
0.00
0.00
0.10
113.30
0.20
44.70
40.60
5.60
0.10
0.00
0.00
0.00
0.00
0.40
0.10
0.00
0.00
0.00
2.10
1.30
9.80
0.00
0.00
0.00
0.00
0.00
0.00
0.00
0.00
0.00
0.00
0.00
0.50
0.00
0.00
0.00
0.00
0.00
0.00
0.00
0.00
0.00
0.00
0.00
2.80
8.90
0.10
0.30
0.30
2.40
22.60
25.00
0.00
0.00
0.00
1.20
0.00
3.80
0.10
0.70
0.20
0.00
0.00
0.00
8.60
0.10
42.70
2.20
0.00
0.00
0.00
0.00
0.00
0.00
0.00
0.00
0.00
0.00
0.00
0.00
0.00
0.00
0.10
21.30
0.00
0.80
0.00
32.40
6.40
0.10
1.60
14.60
0.00
10.40
1.00
0.00
6.50
0.00
0.00
0.00
0.00
0.00
0.00
0.00
0.00
0.00
0.00
0.00
0.00
0.00
0.00
0.00
0.00
0.00
0.00
0.00
0.00
0.30
0.00
0.00
0.00
0.00
0.00
0.00
0.00
2.50
7.40
1.50
0.20
0.00
0.10
0.00
1.70
0.00
0.50
0.10
0.00
0.00
0.20
104.20
6.00
1.20
0.00
1.30
0.00
0.00
0.00
2.60
0.00
0.00
0.00
0.00
0.00
0.00
0.00
0.00
0.00
0.00
1.30
0.00
0.00
0.00
0.00
0.00
0.00
0.00
0.00
0.00
0.00
0.00
16.70
0.00
0.00
0.00
0.00
0.00
0.00
0.00
0.00
5.60
0.90
0.00
0.00
0.00
0.00
0.00
0.00
0.00
0.00
0.00
0.00
0.00
0.00
18.00
0.10
0.00
0.00
0.00
0.00
1.60
0.00
0.00
0.00
0.00
0.00
0.00
0.00
0.00
0.00
0.00
0.00
0.00
0.00
0.00
0.00
0.00
0.00
0.00
0.00
0.00
0.00
0.00
0.00
0.00
7.50
0.00
0.00
0.00
0.00
19.60
0.10
0.00
52.70
24.70
0.40
0.00
0.00
0.00
1.90
25.80
44.50
15.60
20.70
0.10
0.00
0.00
0.00
0.00
0.00
11.00
1.20
69.40
11.00
0.10
0.00
10.60
15.80
44.20
9.70
0.10
0.00
0.10
0.00
0.10
0.10
0.00
0.00
0.00
0.00
0.00
0.00
0.00
0.00
0.00
0.00
0.10
0.00
0.00
0.00
0.00
0.00
0.00
0.00
0.00
0.00
0.00
0.00
0.00
0.00
0.00
0.00
0.00
0.00
0.00
0.00
0.00
0.00
0.00
0.00
0.00
0.00
0.00
0.00
0.00
0.00
0.00
0.00
0.00
0.00
0.10
0.10
0.00
0.00
6.50
4.70
0.00
0.10
0.00
0.00
0.00
0.00
0.00
0.10
0.00
0.00
13.70
0.10
0.10
0.00
0.70
2.20
0.00
0.00
0.00
0.00
0.00
0.00
0.00
0.00
0.00
0.00
0.00
0.00
0.00
0.00
0.00
0.00
0.00
0.00
0.00
0.00
0.00
0.00
0.00
0.00
0.00
0.00
0.00
0.00
0.00
1.80
0.00
0.00
0.00
0.00
0.00
0.00
0.00
0.00
0.00
0.00
0.00
0.00
0.00
0.00
0.00
0.00
4.90
15.70
16.70
0.00
0.00
0.00
0.00
0.00
0.00
0.00
0.00
0.00
0.00
0.00
9.10
8.20
1.60
0.10
0.60
0.00
0.00
1.00
0.00
11.50
2.50
0.30
2.40
0.00
0.00
1.50
3.30
0.50
0.20
0.00
0.00
0.00
0.00
0.00
0.00
5.40
0.10
4.10
0.00
0.00
0.00
4.20
0.00
16.50
0.00
0.00
0.00
0.00
0.00
0.00
7.90
1.10
0.00
0.00
0.00
0.40
0.00
45.90
24.40
0.20
0.00
0.00
0.00
0.00
0.00
18.10
0.00
15.30
0.00
0.00
0.00
19.10
1.00
0.00
0.00
0.00
0.00
0.00
0.20
0.10
1.10
0.00
0.00
0.00
0.00
0.00
0.00
0.00
0.00
0.00
0.00
0.00
0.00
0.00
0.00
0.00
0.00
0.00
0.00
3.50
0.00
0.00
0.10
15.30
0.10
0.00
0.00
0.00
0.00
0.00
0.30
0.00
0.10
0.00
0.00
0.00
0.00
0.00
0.00
0.00
0.00
0.00
0.00
0.00
0.00
0.50
0.00
0.10
0.00
0.00
0.00
0.00
0.00
0.00
0.00
9.20
0.00
0.00
0.00
0.00
0.00
0.00
0.00
0.00
0.00
0.00
0.00
0.00
0.00
0.00
0.00
0.00
0.00
0.00
2.80
0.10
0.00
0.20
0.00
19.80
0.10
0.00
0.00
0.00
0.00
0.00
0.00
0.00
0.00
2.60
0.00
0.00
9.60
0.00
0.00
0.00
0.00
0.00
14.60
9.40
0.00
0.00
0.00
0.00
0.00
0.00
0.10
0.00
0.20
59.80
0.20
0.00
0.00
0.00
0.00
0.00
0.00
0.00
0.00
0.00
1.70
0.50
6.70
0.10
8.00
0.00
0.10
0.00
1.70
2.70
9.30
28.50
0.00
0.00
0.00
6.90
20.50
6.90
0.00
0.00
16.80
48.60
0.10
0.00
0.00
0.00
0.00
5.80
0.20
0.00
0.50
0.10
0.00
0.10
0.10
0.00
0.00
0.00
0.90
18.60
0.00
0.20
0.10
0.00
0.10
0.10
0.00
8.50
10.60
0.80
0.00
0.00
0.10
0.10
0.00
0.00
0.00
0.00
0.10
0.10
0.20
0.00
0.10
0.10
0.00
0.00
0.00
0.00
0.00
0.00
0.00
0.00
0.00
0.00
0.00
0.30
0.00
0.20
0.10
0.00
0.00
0.00
0.10
0.60
0.20
0.10
0.00
0.00
0.00
0.00
0.00
0.20
0.00
0.00
1.80
0.30
0.00
0.30
0.00
0.00
0.00
6.60
0.10
3.00
0.00
0.00
0.00
0.00
0.00
3.50
0.50
0.00
0.00
0.00
0.00
4.10
0.00
0.00
0.00
1.20
0.00
0.00
0.00
0.00
0.00
0.00
0.00
0.00
0.00
0.00
0.00
0.00
0.00
0.10
1.80
11.40
0.60
0.20
0.00
0.00
3.20
12.20
11.30
0.00
0.00
8.30
102.90
71.30
0.00
0.00
0.00
0.00
0.00
5.30
10.90
0.10
0.00
1.00
2.60
0.80
0.00
7.30
0.00
0.00
0.00
3.40
0.10
7.90
0.40
0.70
0.00
1.20
0.10
19.70
7.80
0.10
8.50
9.00
0.90
0.10
0.10
0.00
0.00
0.00
0.00
0.00
0.00
0.00
0.00
0.00
0.00
4.50
0.00
0.00
0.00
0.00
0.00
19.90
0.10
21.90
3.30
20.10
4.20
0.00
0.00
0.00
0.00
0.00
0.00
0.00
0.80
0.00
0.00
0.00
0.00
0.00
0.50
24.00
9.30
0.90
22.10
15.70
0.00
0.00
0.00
2.00
0.00
9.20
0.10
0.00
4.10
9.80
0.20
0.00
0.00
0.00
0.00
0.30
0.00
0.00
0.00
38.30
0.30
0.10
0.00
0.00
0.00
0.00
0.00
0.00
0.00
1.30
0.40
0.00
8.90
0.00
1.60
0.00
0.00
0.00
0.00
0.00
0.00
0.00
0.00
0.00
0.00
0.00
0.00
0.00
0.00
0.00
0.00
0.60
0.90
0.00
0.00
0.80
0.00
0.00
19.40
9.80
9.70
1.80
0.00
0.00
19.00
0.10
0.00
0.00
0.00
0.00
4.10
0.00
0.00
0.00
0.00
0.00
0.00
0.00
0.00
1.60
13.10
0.00
0.00
0.00
0.00
37.20
0.00
0.00
0.00
9.30
0.00
1.90
0.00
0.00
0.00
0.00
13.80
0.00
1.40
6.20
6.00
0.00
0.00
0.00
0.00
0.00
0.00
0.00
0.00
0.00
12.50
4.10
0.00
1.30
3.20
0.00
0.00
0.00
1.10
0.00
0.00
0.00
0.00
0.00
0.00
0.00
0.00
0.00
0.00
0.00
0.10
0.00
0.40
0.00
0.00
0.00
3.10
25.60
7.90
2.80
0.00
0.20
0.00
0.20
1.00
0.00
0.00
0.00
0.00
0.00
0.00
0.00
0.00
0.00
0.00
0.10
0.00
0.00
0.00
0.00
0.00
0.00
0.00
0.00
0.00
0.00
0.00
0.00
0.20
0.10
0.00
0.00
0.10
0.00
0.00
0.00
0.00
0.00
0.00
0.00
7.00
53.40
56.80
6.60
0.10
0.00
0.00
0.00
0.00
0.10
0.10
0.50
0.00
0.10
0.20
0.00
0.00
0.00
0.00
0.00
0.00
0.00
0.00
0.20
0.10
0.10
0.20
0.10
0.00
0.00
0.10
0.00
0.00
11.40
3.10
0.00
0.10
0.00
0.00
0.00
0.00
0.00
0.00
0.00
0.00
0.00
0.00
0.00
0.00
4.90
0.10
0.00
0.00
0.00
0.00
0.00
0.00
0.00
0.20
0.10
0.00
0.00
0.00
5.80
1.40
0.00
0.20
4.20
0.00
0.00
0.00
0.00
2.80
0.10
0.00
1.50
0.10
9.20
0.20
0.10
0.00
0.10
0.00
6.00
0.00
5.30
1.30
0.10
0.00
0.00
0.00
0.00
7.60
0.10
0.00
0.00
0.00
0.00
0.00
0.00
0.10
0.00
1.00
0.10
0.00
0.00
0.00
8.00
0.30
1.50
0.00
0.00
0.00
0.00
0.00
0.00
0.00
0.00
0.00
0.00
0.00
0.00
0.00
0.00
0.00
0.00
2.70
1.30
0.10
18.70
0.00
0.00
0.00
0.00
11.40
0.10
0.00
0.60
44.80
2.50
0.00
0.00
0.00
0.00
0.00
0.00
2.50
0.00
0.00
0.00
0.00
0.00
0.00
0.00
0.00
3.20
1.00
8.80
0.00
0.00
3.50
5.50
1.10
0.10
0.00
0.00
4.90
0.00
0.00
0.00
0.00
0.00
0.00
0.00
0.00
0.00
0.20
0.30
8.50
0.00
0.00
0.00
0.00
0.00
0.00
4.30
2.10
0.10
0.00
0.00
0.50
35.50
20.10
6.70
1.80
4.70
0.70
0.00
0.10
0.00
0.00
0.00
0.00
0.00
0.00
0.00
0.00
0.00
0.00
0.00
22.20
0.30
0.00
9.10
15.20
0.00
0.00
0.00
0.00
0.00
0.00
0.00
5.80
0.00
0.00
7.20
0.00
0.00
0.30
0.00
0.00
0.00
0.00
30.00
0.20
9.20
0.00
0.00
1.60
2.10
0.00
0.00
0.00
0.00
0.80
0.00
26.30
0.10
0.00
0.00
0.00
19.30
0.00
0.00
21.40
8.00
0.00
0.00
3.30
5.40
0.00
0.10
0.00
0.40
10.80
1.60
0.20
0.00
0.00
0.00
0.00
0.50
1.70
0.00
0.00
0.10
0.00
5.00
7.50
51.10
0.80
0.00
0.00
0.00
0.00
0.00
0.10
7.70
0.00
0.00
0.00
0.00
0.10
28.00
0.90
0.00
0.00
5.90
0.00
5.30
0.20
0.00
12.60
0.00
1.40
0.10
0.10
0.00
0.00
0.00
0.00
0.40
1.70
0.10
0.00
0.00
87.00
4.50
0.60
0.00
0.00
0.00
6.70
13.00
0.00
0.00
0.10
0.00
0.00
0.10
4.30
0.00
0.00
0.10
0.00
0.00
0.10
0.00
0.00
0.10
0.00
0.00
0.00
0.00
0.00
0.00
0.10
0.00
0.00
0.00
0.00
0.10
3.20
6.20
0.10
0.10
0.10
0.00
1.20
0.60
0.60
0.10
0.00
0.40
0.10
0.00
0.00
0.00
0.00
0.00
0.00
0.00
0.00
6.10
0.20
2.20
0.60
0.30
65.40
64.00
2.40
0.00
0.50
7.70
0.10
0.10
0.20
0.00
0.00
0.00
0.00
0.10
0.00
9.60
25.90
0.00
0.30
0.00
0.00
0.00
0.10
0.10
0.40
0.10
0.10
0.00
0.00
0.10
0.00
0.00
0.00
0.10
0.10
0.00
0.00
0.00
0.10
0.20
0.00
0.00
0.00
0.00
0.00
0.00
0.00
0.00
0.00
0.10
0.10
11.10
0.10
0.00
0.00
0.00
0.00
0.00
0.00
0.00
0.00
0.00
0.00
0.20
0.00
0.00
4.50
0.00
6.40
0.00
0.10
0.00
0.00
0.00
0.10
0.00
0.00
0.00
0.20
0.10
0.00
0.00
0.00
0.00
0.90
0.00
12.70
0.20
0.00
0.60
0.10
0.00
0.00
0.00
0.00
28.80
0.00
0.00
0.00
0.00
0.00
0.00
0.00
0.00
15.60
12.60
1.00
5.10
2.20
0.10
0.00
0.00
49.50
0.30
3.40
13.80
4.40
0.00
0.00
0.00
0.00
0.00
0.10
0.00
0.00
0.00
0.00
0.00
0.00
0.00
0.00
0.00
0.00
0.00
0.00
0.00
0.00
0.00
1.50
3.70
0.10
8.30
0.00
0.00
0.00
0.00
0.00
0.10
3.20
0.00
0.10
2.40
0.00
0.00
0.00
0.00
0.00
0.00
0.00
0.00
0.00
0.00
0.00
0.00
0.00
0.00
0.00
0.00
0.00
0.00
0.00
17.60
11.20
0.10
0.00
0.00
0.00
0.00
0.00
0.00
0.00
0.00
0.40
0.00
3.60
0.00
0.00
0.00
0.00
0.00
0.00
0.90
2.50
0.00
0.40
0.00
0.00
8.50
0.30
16.10
0.00
0.00
0.00
0.00
0.00
18.60
3.40
0.00
0.00
0.00
0.00
0.00
0.00
0.00
0.00
0.00
0.00
0.00
0.00
0.00
0.00
0.00
0.00
0.00
0.00
0.00
0.00
0.00
0.00
0.00
0.00
0.00
0.00
0.00
0.00
3.00
0.00
12.40
0.10
0.00
0.00
0.00
0.00
5.40
8.70
14.80
0.00
0.00
0.00
0.00
0.00
0.00
73.70
0.60
0.10
0.00
0.00
0.80
1.60
9.50
0.20
0.90
8.90
0.00
0.00
0.00
0.00
0.00
0.00
0.00
0.00
0.00
0.00
0.00
0.00
0.00
3.60
4.10
14.10
7.70
0.00
0.00
0.00
0.00
0.00
3.30
0.00
0.10
0.20
0.00
0.00
0.00
0.00
0.00
0.00
0.00
0.00
0.00
1.30
0.00
0.10
0.00
0.00
0.00
20.40
51.80
3.00
0.70
1.10
0.00
0.00
0.00
0.00
0.00
0.00
0.00
0.00
0.10
4.00
0.40
0.00
0.20
0.00
0.00
0.00
0.00
0.00
0.00
0.00
0.00
0.10
5.50
0.40
0.20
0.00
0.00
0.00
0.00
60.30
12.10
0.00
0.00
0.00
0.00
0.10
0.00
0.10
0.10
0.10
0.00
0.00
0.00
0.00
0.10
0.00
0.00
0.10
0.30
0.00
0.10
0.00
0.00
0.00
0.00
0.00
0.10
0.00
0.10
0.10
0.10
0.00
0.20
0.10
0.10
0.00
0.20
0.20
0.10
0.10
0.10
0.10
0.00
0.10
0.00
0.00
0.00
0.00
0.00
0.00
0.20
0.10
0.10
0.20
0.10
0.10
0.00
0.00
0.00
0.00
0.00
0.00
0.40
3.70
0.00
0.00
0.00
0.00
0.00
0.00
0.00
0.00
0.00
0.00
0.00
0.00
0.00
0.00
0.00
0.00
0.10
0.00
0.00
0.00
0.00
0.00
0.00
0.00
0.10
0.00
0.00
0.00
0.00
0.10
0.00
0.00
2.80
0.00
0.00
0.00
0.90
0.00
2.00
16.70
0.00
0.10
0.00
0.00
0.00
0.00
0.00
0.10
0.00
0.00
0.20
0.00
35.00
5.20
0.00
0.10
0.00
0.00
0.00
0.20
0.00
6.10
0.00
0.00
0.00
0.00
0.00
0.00
0.30
0.70
10.30
7.10
0.10
0.00
1.50
0.10
0.00
0.00
0.00
0.00
0.00
0.00
0.00
0.00
0.00
0.00
7.10
0.10
0.00
0.50
49.10
0.10
0.60
10.90
0.00
0.00
0.00
0.00
0.00
0.00
0.00
0.00
0.00
0.00
0.00
2.40
18.80
2.60
13.40
0.10
0.00
0.00
0.80
2.30
0.00
4.90
0.10
0.00
0.00
0.00
0.00
0.00
0.40
8.50
21.00
5.80
0.30
5.20
19.60
1.40
1.80
0.00
0.00
27.40
0.10
0.00
0.00
6.00
0.10
0.00
0.00
0.00
0.00
1.30
0.30
2.10
1.90
3.20
0.00
0.00
8.60
0.00
0.00
0.00
1.20
0.00
0.00
2.10
0.20
0.00
0.70
0.00
0.00
0.00
9.40
0.00
0.00
0.00
0.00
0.00
0.00
0.00
0.00
0.00
0.00
0.00
0.00
0.00
0.00
0.00
0.00
0.00
0.00
0.00
1.60
0.00
0.00
0.00
0.00
0.00
0.20
0.00
0.00
0.00
0.00
0.00
0.00
0.00
1.50
0.00
0.00
0.00
0.00
0.00
0.00
0.00
0.00
0.00
0.00
0.00
0.00
0.00
1.60
0.00
0.00
0.00
73.40
0.00
0.00
0.00
0.00
0.00
0.00
2.40
8.00
0.00
0.00
0.00
0.00
0.00
0.00
0.00
0.00
0.00
0.00
0.00
4.40
1.30
0.00
0.00
0.00
0.10
0.00
0.00
0.00
0.00
0.00
0.00
7.10
0.00
0.00
0.80
3.50
0.00
0.00
10.40
0.10
0.00
0.00
0.00
0.00
0.90
0.00
6.40
0.00
0.00
0.00
0.00
0.00
8.70
0.60
0.00
0.00
0.00
9.60
0.00
0.00
1.30
0.20
0.00
43.20
33.20
7.30
0.10
0.10
0.40
0.20
0.00
0.00
0.00
3.50
0.10
0.10
2.10
0.00
0.10
0.10
0.20
0.10
0.00
0.00
0.10
0.10
0.00
1.60
0.30
0.40
0.10
0.00
0.00
0.00
0.00
0.00
0.00
0.00
0.00
0.00
0.10
0.10
0.00
9.30
7.70
12.60
0.00
0.00
6.10
0.30
0.10
6.70
0.10
0.10
0.00
0.00
5.90
0.30
0.00
0.20
0.00
0.10
0.10
0.10
0.00
0.00
0.10
0.10
23.30
2.70
0.00
2.90
0.00
0.10
0.00
0.00
0.10
0.00
0.00
0.00
0.00
0.00
0.00
0.10
0.10
0.20
0.10
0.10
0.20
0.10
0.10
0.00
0.10
0.00
0.00
0.00
0.00
0.00
0.00
0.00
0.00
0.00
0.00
22.00
6.40
14.70
3.10
0.10
1.80
1.40
19.20
9.30
0.10
0.10
0.10
0.00
0.50
0.00
0.30
0.00
0.00
2.50
5.60
0.10
0.00
3.40
1.40
34.30
1.80
2.30
0.20
0.00
0.00
0.00
0.00
0.00
0.00
0.00
4.60
0.10
0.00
0.10
0.00
0.00
0.00
8.30
8.40
0.00
0.00
0.00
0.00
0.00
0.00
0.00
0.00
0.00
0.00
0.00
0.00
0.00
0.10
0.00
0.00
0.00
0.00
0.00
25.00
22.50
0.00
0.00
0.10
0.00
0.00
0.00
4.20
0.00
0.00
0.00
0.00
0.00
0.00
0.00
0.00
0.00
0.00
0.00
0.00
0.50
6.20
0.10
0.00
0.00
0.00
0.00
0.00
0.00
0.00
0.00
0.20
11.10
15.10
0.00
0.00
1.00
0.00
3.90
0.80
0.00
0.00
0.00
0.00
0.00
0.00
0.00
3.70
0.10
0.00
0.20
0.00
0.00
0.00
2.80
0.20
0.00
0.00
0.10
0.00
0.00
0.00
0.00
0.00
0.00
0.00
0.30
0.00
0.10
2.30
1.80
12.30
0.10
0.00
0.00
0.00
0.10
0.00
0.00
0.00
0.00
0.00
0.00
0.00
0.00
0.00
0.00
0.00
0.00
0.00
0.00
0.00
1.80
0.00
0.00
2.10
0.00
3.10
0.10
0.00
0.00
0.00
0.00
0.00
0.00
1.00
21.80
0.00
0.00
0.00
0.00
0.00
0.00
0.00
0.00
0.00
0.00
1.90
3.00
0.00
2.30
8.40
4.00
0.00
0.00
0.00
0.00
0.00
0.00
0.00
0.00
0.00
0.00
0.00
0.50
0.00
3.40
4.40
27.20
0.00
0.00
0.00
0.00
0.60
0.00
0.00
0.00
0.50
0.00
0.00
0.00
0.10
0.00
0.00
0.00
0.00
0.00
0.00
0.00
8.80
0.00
0.40
0.00
0.10
0.00
11.90
0.10
0.00
14.40
0.10
0.00
0.00
0.00
1.90
20.50
0.10
0.00
8.60
0.10
0.00
0.00
0.20
0.00
0.00
13.40
0.10
0.00
0.00
0.00
2.10
0.30
0.40
0.00
0.00
0.00
0.00
0.00
0.00
0.00
0.00
0.00
0.00
0.00
0.00
0.00
0.00
0.00
8.00
33.40
0.00
0.00
0.60
0.00
0.00
0.00
0.10
0.00
0.00
0.00
0.00
0.00
0.00
0.00
0.10
2.90
0.20
0.00
0.00
0.00
0.00
0.10
0.00
0.00
0.00
0.00
0.00
0.00
0.00
0.00
0.10
0.00
0.00
0.00
0.10
0.00
0.00
0.00
0.00
0.00
3.90
0.10
5.90
0.10
0.00
0.00
0.00
0.10
0.10
0.00
0.00
0.00
0.00
1.60
0.10
0.00
0.00
0.00
0.00
1.70
0.20
0.20
0.00
0.00
0.00
0.10
0.00
0.00
0.20
0.00
0.10
0.00
0.00
0.00
0.00
0.00
0.00
0.00
0.90
13.00
0.10
0.00
0.00
1.80
0.00
3.20
2.20
0.00
0.00
0.00
0.10
0.00
0.00
0.00
0.00
0.00
0.00
0.00
11.00
0.00
0.00
0.00
0.10
0.00
13.50
0.00
0.00
19.10
53.50
5.40
0.00
0.00
0.10
0.00
0.00
5.30
0.00
0.00
0.00
0.10
11.70
0.10
0.00
0.40
0.20
0.50
0.00
0.10
0.00
8.70
0.00
15.10
9.10
1.00
0.00
2.30
1.80
0.00
0.00
0.00
0.00
0.30
0.00
3.00
0.00
0.10
0.00
0.50
0.20
2.70
5.60
0.20
0.00
0.00
0.00
21.80
0.60
1.40
0.10
0.00
0.00
0.00
0.00
0.00
0.00
0.00
0.00
0.00
0.60
0.00
34.90
1.70
13.70
46.70
3.40
13.90
11.00
0.00
0.00
0.00
0.00
0.00
0.00
0.00
0.00
0.00
0.00
0.00
0.00
0.00
0.00
17.00
0.00
3.00
0.00
0.00
0.00
0.20
6.60
1.20
7.40
12.10
7.20
0.00
29.90
32.20
1.60
0.00
0.00
0.00
0.00
8.50
0.00
0.00
9.80
0.00
0.00
0.00
5.70
0.00
0.10
14.00
23.70
0.00
3.70
0.10
32.30
10.10
4.00
3.40
5.00
0.00
0.00
0.50
11.50
0.30
0.00
0.00
0.00
0.00
0.00
0.00
0.00
0.00
0.00
0.00
0.00
0.00
0.00
0.00
0.00
5.10
0.00
0.00
0.00
0.00
0.00
0.00
5.80
0.00
27.70
0.00
0.30
0.00
12.10
0.00
0.00
0.00
0.00
18.90
0.00
0.00
0.00
0.00
0.30
7.90
0.00
7.20
0.00
0.00
0.00
0.00
0.00
0.00
0.00
0.00
0.00
0.00
0.00
0.00
0.00
0.00
2.50
23.60
0.00
0.00
7.30
5.10
0.10
0.00
0.00
17.30
0.00
0.00
0.00
0.00
0.00
0.80
0.00
0.40
0.10
0.00
0.00
3.70
0.80
8.30
0.80
0.00
0.50
0.20
0.00
27.40
0.00
0.00
0.20
0.00
0.00
4.00
0.00
0.00
0.00
0.00
0.00
0.00
0.00
0.00
0.10
0.00
0.10
0.00
0.00
0.00
0.00
0.10
0.00
0.00
0.00
0.00
0.00
0.00
0.00
0.20
7.10
3.40
22.90
4.90
0.00
0.00
0.00
70.30
87.80
2.60
2.90
41.00
0.00
0.10
0.00
0.10
0.10
0.00
0.00
2.00
19.00
6.20
0.00
0.60
38.00
3.80
0.00
0.10
0.00
13.60
0.60
0.00
0.00
34.00
0.00
0.00
0.00
0.00
0.00
79.70
4.50
15.20
28.10
1.70
0.90
0.20
0.20
2.20
0.00
0.00
1.80
0.10
0.10
0.00
1.10
0.10
0.00
0.00
0.00
0.00
0.10
0.10
0.00
0.00
0.00
0.10
0.00
4.50
0.40
0.10
2.60
0.00
0.10
0.00
0.00
0.00
0.00
0.00
0.00
0.00
0.10
0.00
0.10
0.00
0.00
0.00
0.00
0.00
0.10
0.00
0.00
0.00
0.00
0.10
0.10
0.00
0.00
0.00
0.00
0.00
0.10
0.10
1.60
0.10
0.00
5.50
0.00
0.10
0.00
0.00
0.00
0.00
0.70
1.30
0.00
0.00
0.00
0.40
0.40
0.00
0.00
0.00
0.00
0.00
0.00
0.00
0.00
0.20
0.00
0.00
0.10
0.00
0.10
0.00
0.00
0.00
0.00
0.10
0.00
0.00
0.00
0.00
0.00
0.00
0.00
0.00
0.00
0.00
0.00
0.00
1.60
0.00
0.00
0.00
0.00
0.90
0.00
4.70
0.00
0.00
0.10
0.00
0.00
0.00
0.00
0.00
0.00
0.00
0.00
0.00
0.00
0.00
0.00
0.00
0.00
0.00
0.00
18.50
10.50
0.00
8.60
0.10
1.10
1.60
8.60
0.40
0.00
0.00
0.00
0.00
1.50
0.10
0.00
0.00
0.00
5.30
0.20
1.10
1.90
0.00
0.30
0.70
0.10
0.00
0.70
0.00
0.00
3.80
19.50
0.00
0.00
0.00
0.00
2.80
0.00
0.00
0.90
0.00
0.00
0.00
0.00
0.30
20.30
1.20
13.50
0.30
0.90
0.00
0.00
6.20
0.40
0.00
0.10
1.30
0.00
0.10
0.00
0.00
0.00
0.00
0.00
0.00
0.00
0.00
0.00
0.00
0.00
22.30
0.10
0.00
0.60
0.00
0.00
0.00
0.00
0.00
0.00
0.00
0.00
0.00
0.00
0.00
0.00
0.00
0.00
0.00
0.00
0.00
0.00
0.00
0.00
0.00
0.00
0.00
0.50
3.90
0.00
0.00
0.00
0.00
0.90
0.00
0.00
2.60
3.00
0.00
0.00
0.10
0.00
0.00
0.00
0.00
0.00
10.70
0.10
0.00
0.00
0.10
0.00
0.00
0.00
0.00
0.00
0.00
5.50
0.00
0.00
0.00
0.00
1.80
0.00
0.00
1.30
0.00
0.00
0.00
0.00
0.00
0.00
0.00
0.00
0.30
0.00
0.00
1.50
0.00
0.00
0.00
0.00
10.00
0.00
0.00
0.00
4.80
0.00
7.80
0.10
1.10
29.10
3.50
0.00
0.00
2.60
0.10
0.00
0.00
2.50
2.40
0.00
24.80
0.00
0.00
0.00
0.00
0.00
0.10
0.00
0.00
0.00
0.00
0.00
0.00
0.20
0.00
0.00
0.00
0.00
0.10
0.00
0.00
0.00
0.00
0.60
0.80
0.00
0.00
0.00
0.00
32.80
1.10
56.10
17.10
0.10
0.00
0.00
0.00
0.00
0.00
0.10
0.70
2.90
1.90
1.80
0.20
2.50
0.00
0.00
0.00
0.00
4.30
0.10
0.00
0.00
2.90
0.00
0.00
0.00
2.70
0.20
0.00
0.00
13.70
0.30
0.00
0.00
0.00
0.00
0.00
0.00
0.00
0.30
0.00
0.20
57.70
9.90
0.00
0.00
0.20
0.00
0.10
0.20
0.00
0.00
0.00
0.00
0.10
0.00
0.00
0.00
2.40
0.80
0.00
0.00
0.00
0.00
0.00
0.00
0.00
0.00
0.00
0.00
0.00
0.10
0.00
0.10
0.00
0.00
0.10
0.00
0.00
10.90
0.10
0.00
0.00
0.10
0.00
0.00
0.00
0.00
0.60
34.40
73.90
107.40
52.20
0.10
0.00
0.00
0.10
0.00
0.10
0.00
0.00
0.00
0.00
0.00
0.00
0.10
0.00
0.00
0.00
0.00
0.00
1.10
3.20
0.10
0.00
0.00
0.00
0.20
0.00
0.00
0.10
0.00
0.00
0.00
0.00
0.00
0.10
0.00
0.00
0.00
0.00
0.50
0.00
0.00
0.00
3.90
0.10
0.00
0.00
0.00
0.00
0.00
0.00
0.00
0.00
42.60
0.00
0.00
0.00
0.10
0.00
1.80
7.20
0.00
0.00
12.00
0.00
0.00
1.70
1.30
5.70
17.20
1.10
0.00
0.10
0.00
0.00
0.00
0.00
0.00
0.00
0.00
0.00
27.20
0.10
0.70
0.00
0.00
10.40
17.20
5.00
96.00
23.10
0.00
0.10
0.00
1.80
0.10
0.10
0.00
0.00
0.00
0.00
0.00
0.00
0.00
0.00
0.10
0.00
3.20
13.40
0.00
0.10
1.40
35.40
0.20
0.30
0.00
0.00
0.00
0.00
0.00
0.00
0.00
0.00
0.00
0.00
0.00
0.00
27.80
0.00
0.00
9.50
0.20
27.60
10.80
0.00
0.10
31.60
11.20
2.00
4.10
0.00
0.20
0.20
4.50
0.70
7.20
3.30
5.00
0.00
5.50
0.10
0.00
0.00
0.00
0.00
0.00
0.00
0.00
0.10
0.00
0.00
6.70
7.80
0.00
0.00
0.00
0.00
0.00
0.00
0.00
0.00
0.10
1.30
6.90
0.00
0.00
0.00
0.00
0.00
0.10
0.00
0.00
2.70
20.00
0.10
0.00
0.10
0.00
0.00
0.00
0.00
0.00
0.00
0.00
0.00
0.00
0.00
0.00
0.00
5.10
0.00
0.00
0.00
25.20
0.50
0.00
0.00
0.00
0.00
0.00
0.00
0.00
0.00
0.00
0.00
0.00
0.00
0.00
1.40
20.60
1.60
0.00
14.80
0.10
0.00
0.00
0.00
0.90
1.60
3.60
1.80
7.50
0.00
0.00
0.00
0.00
0.00
0.00
0.00
1.10
0.00
0.00
4.40
0.40
0.00
0.00
0.00
1.20
0.50
0.00
0.00
0.00
0.00
7.60
0.10
0.00
0.00
0.00
0.00
0.00
0.50
19.70
0.10
0.00
2.10
20.20
0.20
0.00
0.00
0.00
0.00
0.10
0.00
1.40
0.00
0.00
0.00
1.10
0.00
0.00
0.00
0.00
0.00
0.10
0.00
3.80
2.00
0.00
0.30
14.70
0.10
0.10
0.10
0.10
0.00
0.00
0.10
0.00
0.00
0.00
0.00
0.10
0.00
0.00
0.00
0.00
0.10
1.80
36.10
54.40
49.00
0.00
0.10
0.20
0.00
0.10
0.00
0.00
0.00
0.90
0.00
0.00
0.10
0.20
0.00
0.00
0.00
0.00
0.10
11.90
6.90
0.20
0.20
0.00
0.00
0.10
0.00
0.00
0.00
0.00
0.00
0.00
0.00
0.00
0.10
0.10
0.00
0.00
0.00
0.00
0.00
0.00
17.70
0.40
0.00
0.00
0.00
0.00
0.00
0.00
0.00
0.00
0.10
0.10
0.00
2.90
0.00
0.00
0.00
0.00
0.00
0.00
0.00
2.40
0.10
0.00
0.00
0.00
0.00
0.00
0.10
8.50
3.00
0.00
0.00
0.10
3.70
0.90
5.90
0.00
0.10
0.00
0.10
0.00
0.00
2.80
11.50
0.10
0.00
0.00
0.00
0.00
0.00
0.10
0.00
0.00
0.00
5.00
2.70
0.10
0.40
0.80
0.10
0.00
6.80
0.10
0.00
