20000101
0.00
0.00
0.00
0.00
0.00
0.00
0.00
0.00
14.00
0.00
0.00
0.00
0.00
1.00
0.00
0.00
0.00
0.00
0.00
0.00
0.00
0.00
0.00
0.70
8.60
2.30
0.00
0.00
0.00
0.00
0.00
0.00
0.00
0.00
0.00
0.00
0.00
0.00
0.00
0.00
0.00
0.90
0.20
0.00
0.00
0.00
0.00
0.00
0.00
0.00
0.00
0.00
0.00
0.00
0.00
0.00
0.00
0.00
0.00
0.00
0.00
0.00
0.00
0.00
0.00
0.00
0.00
0.00
0.00
0.00
0.00
0.00
0.00
0.00
0.00
0.00
0.00
0.00
0.00
0.00
0.70
0.70
1.50
0.00
0.40
0.70
6.50
14.40
0.00
4.50
18.10
0.00
1.40
0.00
0.00
0.00
0.00
0.00
2.40
3.30
19.80
14.60
0.00
0.00
0.20
0.00
9.00
0.00
0.00
0.00
0.00
0.00
0.00
0.00
0.00
0.00
0.50
25.20
4.00
0.00
0.00
0.00
0.00
0.00
0.00
0.00
0.00
0.00
0.00
0.00
36.30
0.00
0.00
0.00
0.00
0.00
0.00
0.50
2.40
3.10
1.70
30.80
4.40
0.00
0.00
0.00
5.60
0.60
0.00
0.00
0.00
0.00
0.00
0.00
0.00
0.20
3.30
0.00
0.00
0.00
4.70
0.20
0.80
0.00
6.70
0.30
0.00
0.00
0.00
0.00
0.00
0.00
0.00
0.00
1.00
0.00
0.00
0.00
0.00
0.00
0.00
0.00
0.00
0.00
0.00
0.00
0.00
0.00
0.00
0.00
0.00
1.40
0.00
0.00
0.00
0.00
0.00
0.00
0.00
0.00
0.00
0.00
0.00
0.20
0.30
0.00
0.00
0.00
0.00
0.00
0.00
0.00
0.00
0.00
0.00
1.50
2.10
0.00
0.00
0.00
0.00
0.00
0.00
1.00
0.00
0.00
0.00
0.00
0.00
0.00
0.00
0.00
1.80
0.00
0.00
0.00
0.00
0.00
0.00
0.00
0.00
1.50
5.80
0.00
0.00
4.40
0.00
0.00
0.00
0.00
0.00
0.00
0.00
0.00
0.00
0.00
0.00
0.00
0.00
0.00
0.40
1.30
18.60
0.00
0.00
0.00
0.00
0.00
0.00
0.00
12.00
19.70
0.00
0.00
8.70
0.00
0.00
0.00
0.00
0.00
0.00
0.00
2.00
2.30
2.70
3.50
19.60
0.00
1.50
0.00
0.00
0.00
0.00
0.20
6.90
10.70
0.00
0.00
0.00
0.00
0.00
0.00
0.00
2.60
0.40
0.00
0.00
0.00
0.00
2.20
0.00
0.00
0.00
0.00
0.00
0.10
0.00
0.80
0.00
0.00
0.00
0.00
0.00
0.00
0.00
0.00
0.60
4.20
0.00
0.00
0.40
0.00
0.00
5.60
0.00
0.00
0.00
0.00
0.00
0.00
1.90
0.20
0.00
0.00
0.00
0.00
0.00
0.00
0.00
0.00
0.00
0.00
0.00
0.00
0.40
5.70
9.40
36.20
9.60
0.00
0.00
0.20
0.20
0.00
0.10
0.00
0.00
0.00
0.00
0.00
0.00
0.00
0.00
0.00
0.00
0.00
0.10
0.50
3.80
17.60
61.10
0.40
0.00
0.70
0.00
0.00
0.00
0.00
0.00
0.00
0.00
0.00
0.00
0.00
0.00
0.00
0.00
0.00
0.00
0.00
0.00
0.00
0.00
0.00
0.00
0.00
0.00
0.00
0.00
10.30
3.00
0.00
0.00
0.00
0.00
0.00
0.00
0.00
0.00
0.00
6.90
0.80
0.00
0.00
0.00
4.10
0.30
0.00
1.20
1.60
0.00
7.70
0.00
0.00
0.20
0.00
1.40
0.00
0.00
0.00
0.00
0.00
0.00
0.00
0.00
0.00
0.00
0.00
0.00
0.00
0.00
0.00
0.60
0.00
0.00
0.00
0.00
0.00
0.00
0.00
0.00
0.00
0.00
0.00
0.00
0.00
0.00
0.00
0.00
0.00
0.00
0.00
0.00
0.00
1.30
23.00
0.00
0.00
0.00
0.00
0.00
0.00
0.10
0.00
0.00
9.60
6.40
0.00
4.90
3.40
6.00
0.00
0.00
0.00
0.90
1.10
1.30
0.00
0.00
0.00
0.00
0.00
7.60
0.10
0.00
0.00
0.00
0.00
0.00
0.20
0.00
0.00
0.00
0.00
0.00
0.00
0.00
0.00
0.00
0.00
0.00
0.00
0.00
0.00
0.00
0.00
2.80
0.00
0.00
0.00
0.00
0.00
0.00
0.20
0.00
0.00
0.00
0.00
0.00
0.00
0.00
0.00
0.00
0.00
0.00
0.00
0.00
0.00
0.00
0.00
0.00
0.00
0.00
0.00
0.00
0.00
0.00
0.00
0.00
0.00
34.80
4.30
3.80
0.00
0.00
37.50
0.00
0.00
0.00
0.00
0.00
0.00
0.00
0.00
0.00
0.00
0.00
0.00
0.00
0.00
0.00
0.00
0.00
0.00
0.00
0.00
0.00
0.00
0.00
0.00
0.00
0.00
0.00
0.00
0.00
0.00
0.00
0.00
0.00
0.00
0.00
0.00
0.00
0.00
0.00
0.00
0.00
15.00
1.40
0.00
0.00
0.00
0.00
0.00
0.00
0.00
0.00
0.00
0.00
0.00
0.00
0.00
0.00
0.00
4.40
15.60
0.00
0.00
0.00
0.00
15.60
0.00
0.00
0.00
0.00
0.00
9.50
3.60
0.00
0.00
0.00
8.70
0.00
0.00
0.00
0.00
0.80
5.40
0.10
0.00
0.00
1.00
0.00
0.00
0.00
18.30
0.00
0.00
1.00
0.00
0.00
0.00
0.00
0.00
0.00
0.00
0.00
0.00
0.00
1.50
0.00
0.10
0.00
0.00
0.20
0.00
0.00
0.00
0.00
0.00
30.30
0.00
0.00
0.40
13.10
17.80
4.60
0.00
1.30
0.00
0.00
0.00
0.00
0.00
0.00
0.00
0.00
0.00
0.00
0.00
0.00
0.00
0.00
0.00
0.00
0.00
0.00
0.20
0.00
0.00
0.00
0.00
0.00
16.30
11.90
0.00
0.00
2.60
0.00
0.00
0.00
0.00
0.00
0.00
0.00
0.00
0.00
0.00
0.00
0.00
0.00
0.00
6.50
24.10
3.90
0.00
0.00
0.30
2.50
4.40
0.20
0.00
0.00
0.00
0.00
0.00
0.00
0.00
0.00
0.00
0.00
0.00
0.00
4.40
0.00
0.00
0.00
0.00
0.00
0.00
0.00
0.00
0.00
0.00
0.00
0.00
1.60
0.00
0.00
0.00
0.00
0.00
0.00
0.00
0.00
3.20
0.00
15.50
0.00
0.00
0.00
0.00
0.00
0.00
0.00
0.00
0.00
0.00
0.00
0.00
0.00
7.70
0.00
21.40
26.40
0.10
0.00
0.00
0.00
0.00
0.00
0.00
0.90
0.00
0.00
0.00
7.70
0.00
0.00
0.00
0.00
0.00
0.00
0.00
0.00
0.00
0.00
9.30
12.20
0.00
0.00
0.00
1.60
48.90
0.00
0.00
23.60
2.70
1.20
0.00
15.40
8.50
10.60
0.00
0.00
0.10
0.00
0.00
0.00
1.00
0.00
0.00
0.00
0.00
0.00
0.00
0.00
0.00
0.00
0.00
0.00
3.00
6.90
8.60
0.00
0.00
3.70
22.80
10.30
24.80
16.60
11.40
0.00
0.00
0.00
0.00
0.00
0.00
0.00
0.00
0.00
0.00
0.00
0.70
0.00
0.80
8.50
4.80
0.00
0.00
0.00
0.00
0.00
0.00
0.00
2.20
0.90
0.00
17.00
12.30
0.00
0.00
0.00
0.00
0.00
0.00
0.00
0.00
0.00
0.00
0.00
0.00
0.00
0.00
0.00
0.00
0.00
0.00
0.00
0.00
5.00
0.00
0.30
0.00
0.00
0.00
0.00
0.50
0.00
0.00
0.00
0.00
0.00
0.30
5.30
0.00
0.00
0.00
0.00
0.00
0.00
0.00
0.00
0.00
0.00
0.00
0.00
0.00
0.00
0.00
0.00
0.00
119.50
4.80
0.00
0.00
0.00
0.00
0.00
0.00
5.40
1.90
16.60
0.00
0.00
0.00
0.00
11.10
0.00
0.00
0.10
0.00
0.00
11.20
0.80
0.00
28.80
0.00
15.10
0.50
0.00
0.00
0.50
0.90
0.40
1.10
1.00
0.00
10.00
0.00
0.00
1.50
0.00
0.00
1.40
0.00
0.00
0.00
0.00
15.70
0.00
0.00
0.00
2.40
0.00
0.00
0.10
0.00
0.00
0.00
0.00
0.00
0.00
0.00
0.00
3.60
0.00
0.00
0.00
0.00
0.00
86.60
47.40
22.60
0.00
0.00
0.00
0.00
0.00
0.00
0.00
0.00
0.00
0.00
0.00
0.00
1.70
0.00
0.00
0.00
0.00
0.00
0.00
0.00
0.00
0.00
0.00
0.00
0.00
0.00
13.30
0.00
0.00
0.00
0.00
0.00
0.00
3.20
6.30
2.60
0.00
0.60
0.00
0.30
2.50
0.00
0.00
8.90
27.90
0.10
0.00
0.00
0.00
0.00
0.00
0.00
0.00
0.00
0.00
0.00
0.00
0.00
1.30
19.30
26.90
0.00
0.00
0.00
0.00
1.00
0.00
0.00
0.70
2.40
0.30
0.00
0.00
0.00
0.00
0.00
0.00
0.20
0.00
0.00
0.40
0.00
0.00
0.00
0.00
0.00
18.10
1.00
0.40
1.70
0.00
0.00
0.00
0.00
0.00
0.00
0.00
0.00
0.00
0.00
2.20
1.20
0.00
0.00
0.00
0.00
0.00
0.00
0.00
0.00
0.00
0.00
0.00
0.00
0.00
0.00
0.00
0.00
0.00
0.00
0.00
0.00
0.00
0.00
0.60
27.00
4.20
0.20
0.00
0.70
1.40
23.30
15.70
0.00
2.20
0.00
2.20
34.70
29.00
13.30
0.00
0.00
0.00
0.00
0.00
0.30
0.00
0.00
0.00
0.00
0.00
0.00
0.00
0.00
0.00
2.70
0.00
0.00
0.00
0.00
0.00
0.00
0.00
0.00
0.00
0.00
0.00
1.90
8.20
0.00
2.30
0.40
0.00
0.70
0.00
0.00
0.00
0.00
0.00
0.00
7.80
0.00
0.00
0.00
0.00
3.10
0.00
0.00
0.00
0.00
3.60
1.30
0.00
0.00
0.00
0.00
0.00
0.00
0.00
0.00
0.00
0.00
0.00
0.00
0.00
0.00
2.10
18.40
1.10
0.00
0.00
0.00
0.00
0.00
0.00
0.00
0.00
0.40
0.00
0.00
3.50
0.00
0.00
0.00
0.00
20.00
7.20
0.20
0.00
0.00
0.00
0.00
0.00
0.00
0.00
0.00
0.00
0.00
0.00
0.00
0.00
0.00
0.00
0.00
0.00
0.00
0.00
0.00
0.00
0.00
0.00
0.00
0.00
0.00
0.00
0.00
0.00
0.00
0.00
0.00
0.00
0.00
0.00
0.00
0.00
1.50
2.10
0.00
0.00
0.00
0.50
0.20
0.00
0.00
0.00
0.00
0.00
0.00
0.00
0.00
0.00
0.00
0.00
0.00
0.00
0.00
0.00
0.00
0.00
0.00
0.00
0.00
0.00
0.00
0.00
0.00
0.00
0.00
0.00
0.00
0.00
0.00
0.00
0.00
0.00
0.00
0.00
0.00
0.00
0.00
16.30
0.00
0.00
0.00
0.00
0.00
0.00
0.00
0.00
0.00
0.00
0.00
0.00
0.00
15.10
0.00
0.40
0.00
0.90
15.60
0.00
23.60
0.80
0.00
0.00
0.00
0.00
0.00
0.00
0.00
0.00
0.00
0.00
0.00
0.00
0.00
1.50
4.10
0.40
0.00
0.20
27.50
2.50
0.00
20.40
0.00
0.00
0.00
0.00
0.00
0.00
0.00
0.00
0.00
0.00
0.00
0.00
0.00
5.60
4.60
46.90
26.30
0.00
19.40
0.00
4.60
10.20
0.00
0.00
0.00
9.90
10.70
1.20
0.00
0.00
11.40
0.00
0.00
0.00
0.00
0.00
0.00
0.00
2.00
0.10
0.50
0.00
0.00
0.00
0.00
1.00
4.30
0.00
0.00
0.00
0.00
0.00
0.00
5.40
0.00
0.00
0.70
0.00
0.00
0.00
2.60
4.60
0.00
19.70
4.60
1.30
0.00
4.60
0.00
0.00
0.00
0.00
0.00
0.00
0.00
0.00
0.00
0.00
0.50
0.00
0.00
0.00
0.00
0.00
0.00
0.00
0.00
0.00
0.70
0.00
0.00
0.00
0.00
0.00
0.00
0.00
0.00
0.00
0.00
0.00
0.00
0.00
0.00
0.00
0.00
0.00
0.00
0.00
0.00
0.00
0.00
0.00
0.00
0.00
0.30
0.70
0.00
0.00
0.30
0.00
0.00
1.30
0.00
0.00
0.00
0.00
0.00
0.00
0.00
0.00
0.00
0.00
0.00
0.00
0.00
0.00
0.00
0.00
24.80
0.00
0.00
11.20
19.10
3.00
0.00
0.00
4.50
26.30
15.20
0.00
0.00
3.00
0.00
0.00
0.00
0.00
0.00
8.30
0.00
0.80
0.00
0.00
0.00
0.00
1.00
0.30
0.00
0.00
0.00
0.00
0.00
0.00
0.00
0.00
0.00
0.00
1.10
0.00
16.40
0.00
31.20
9.00
0.10
0.60
2.40
0.00
0.00
0.00
0.00
7.50
14.80
0.00
0.10
0.00
2.10
0.00
17.00
11.70
30.50
0.00
0.00
0.00
0.00
0.00
9.20
5.30
0.00
0.00
0.00
0.00
12.50
15.10
0.10
0.00
0.60
11.80
2.00
0.20
0.00
0.00
0.00
0.00
3.90
16.20
0.10
0.00
0.00
0.00
0.00
0.00
0.00
0.00
0.00
0.00
1.80
0.00
0.00
0.00
0.00
0.00
0.00
0.00
0.00
0.00
0.00
0.00
0.00
0.00
0.00
0.00
0.00
0.00
0.00
0.00
0.00
0.50
0.80
0.90
5.80
0.00
0.00
0.00
6.50
0.00
0.00
0.00
0.00
0.00
0.00
0.00
0.00
0.00
0.00
0.00
0.00
0.00
0.00
0.00
1.70
0.10
0.00
0.00
0.00
11.00
15.70
3.60
0.00
0.00
0.00
0.00
0.00
0.00
0.00
0.00
0.00
0.00
0.00
0.00
0.00
0.00
0.00
0.00
0.00
0.00
0.00
0.00
1.00
0.00
1.60
0.00
0.00
0.00
0.00
0.00
0.00
0.00
0.00
0.00
0.00
0.00
0.00
0.00
0.00
0.00
0.00
0.00
0.00
0.00
0.00
0.00
0.00
0.00
0.00
8.80
0.60
0.00
7.10
16.00
12.30
0.00
0.00
7.80
0.00
0.00
0.00
0.10
3.40
0.00
15.10
0.00
7.10
0.00
0.00
0.00
0.00
0.00
0.00
0.00
0.00
2.20
0.00
0.00
0.00
0.00
0.00
0.00
0.00
0.00
0.00
0.00
0.00
0.00
0.00
0.00
0.00
0.00
0.00
0.10
0.00
0.00
0.00
0.00
0.00
0.00
0.00
0.00
0.10
0.00
0.00
0.00
2.60
3.00
3.80
0.00
0.00
8.60
9.70
6.40
0.00
0.00
0.30
0.30
0.00
0.00
0.00
0.00
0.00
0.00
0.00
0.00
0.00
0.00
0.00
0.00
0.00
0.00
0.00
0.00
0.00
0.00
0.00
0.00
0.00
0.00
2.80
0.00
0.00
10.90
0.00
2.50
6.70
0.00
1.20
1.30
20.30
0.60
0.00
0.00
0.00
0.00
0.00
0.00
0.00
0.00
0.00
0.00
12.40
0.00
0.00
0.00
0.00
21.70
0.00
0.00
0.00
0.00
0.00
0.00
0.00
0.00
0.00
0.00
0.00
0.00
0.00
0.00
0.00
0.00
0.00
0.00
0.00
0.00
0.00
0.00
0.00
0.00
0.00
0.00
0.00
0.00
0.00
0.00
0.00
0.00
0.00
0.00
0.00
0.00
0.00
0.00
0.00
0.00
0.00
0.80
17.40
9.50
9.30
0.40
0.00
0.00
0.00
0.00
0.00
0.00
0.00
0.00
0.00
0.00
5.00
0.00
0.20
0.00
0.00
0.00
0.00
13.00
0.00
0.00
0.00
0.00
0.00
0.00
0.00
0.00
0.00
0.00
0.00
6.90
0.00
0.00
0.00
0.00
0.00
0.00
0.00
0.00
0.00
0.90
0.00
1.80
0.40
0.00
0.00
0.00
0.00
8.30
0.00
0.00
0.00
0.00
0.00
0.00
0.00
0.00
0.00
13.70
0.00
0.00
0.00
0.00
0.00
0.00
0.30
0.00
0.00
0.00
0.00
0.00
0.10
0.00
0.00
0.00
0.00
0.00
0.00
0.00
0.00
0.00
0.00
3.30
0.00
0.00
0.00
0.00
0.00
0.00
0.10
0.00
0.00
0.00
1.30
0.00
4.30
11.40
11.70
0.00
0.00
0.00
0.00
1.20
0.00
0.00
0.00
0.00
0.00
0.00
0.00
0.00
0.00
0.00
0.00
0.00
0.00
0.00
0.00
0.00
0.00
0.00
0.00
0.00
0.00
1.80
9.40
0.00
0.00
0.00
0.00
0.00
0.10
0.00
0.00
0.00
0.00
0.00
0.00
0.00
0.20
0.00
0.00
0.40
0.00
0.00
0.00
0.00
0.00
0.60
3.70
0.20
2.20
0.00
0.00
0.00
0.00
0.00
0.00
0.00
0.00
0.00
0.00
0.00
0.00
0.00
0.00
0.00
0.00
0.00
0.00
0.00
0.70
0.00
6.80
20.20
0.00
0.00
0.00
0.00
0.00
0.00
0.70
0.60
0.60
0.00
0.00
0.00
0.00
0.20
2.00
0.00
0.10
0.00
0.00
0.00
0.00
0.00
0.00
0.00
10.50
0.00
0.00
0.00
0.00
0.00
0.00
0.00
0.00
39.10
0.00
18.90
15.30
0.00
2.50
0.00
0.00
1.80
0.00
0.00
5.50
11.00
0.00
0.00
0.00
0.00
0.00
0.00
0.00
11.50
0.00
0.00
0.00
0.00
0.00
0.00
0.00
0.00
0.00
0.20
0.00
0.00
0.00
0.00
2.10
1.50
68.80
16.00
16.70
4.20
0.00
16.00
1.20
0.00
0.00
0.00
0.00
0.00
0.00
0.00
0.00
0.00
0.10
0.30
0.00
0.00
0.00
0.00
0.00
0.00
0.00
0.00
0.00
12.10
32.50
0.40
2.80
2.30
39.50
17.10
15.30
0.00
0.30
0.00
0.00
0.00
0.00
0.00
0.00
0.00
0.00
0.00
0.00
0.00
0.00
0.00
0.00
3.10
0.00
0.00
0.00
0.00
0.00
0.00
0.00
0.00
0.00
0.00
0.00
0.00
0.00
0.00
0.00
0.00
0.00
0.00
0.00
0.00
0.00
0.00
0.00
0.00
0.00
0.00
0.00
0.00
0.00
0.00
0.00
0.00
0.60
4.10
5.10
31.90
1.30
12.20
2.00
0.00
0.00
0.00
0.00
5.40
1.00
0.00
0.00
0.00
0.00
0.00
0.00
0.00
0.00
0.00
2.90
36.60
31.30
4.60
2.40
0.00
0.00
0.00
0.00
0.00
0.00
0.00
0.00
0.00
0.10
0.10
0.00
0.00
0.00
0.00
0.00
0.00
0.00
0.00
0.40
0.00
13.10
0.00
0.00
0.00
0.00
5.40
0.00
0.00
0.00
0.00
0.00
0.10
13.50
0.00
0.00
0.00
0.00
0.00
0.00
0.00
0.10
0.00
0.00
0.00
0.00
2.20
0.30
1.70
0.30
0.00
0.00
0.00
0.00
0.00
0.00
0.00
0.00
0.00
0.00
0.00
0.00
0.00
0.00
0.00
0.00
0.00
0.00
0.00
0.00
0.00
0.00
0.00
0.00
1.70
0.00
4.40
0.00
0.00
0.00
0.00
0.00
0.00
0.00
0.00
0.00
0.30
0.80
0.00
0.00
0.00
0.00
0.00
0.20
0.00
0.00
0.00
0.00
0.00
0.00
0.00
0.00
0.00
0.00
0.00
0.00
0.00
0.00
0.00
0.00
0.00
0.00
0.00
0.00
0.00
0.00
0.00
0.00
0.00
2.20
0.60
0.00
0.00
0.00
0.00
0.00
0.00
0.00
0.00
0.00
0.00
0.00
0.00
0.00
0.00
0.50
1.00
0.00
0.00
0.00
0.00
0.00
0.00
0.00
0.00
0.00
0.00
0.00
0.00
0.00
0.00
0.00
0.00
0.00
0.00
0.00
0.00
0.00
0.00
0.00
0.00
0.00
0.00
0.00
0.10
0.00
0.00
0.00
0.00
0.00
0.00
0.00
0.00
0.00
0.00
0.00
0.00
0.00
0.00
0.00
0.00
0.00
0.00
0.00
1.00
0.00
0.00
0.00
0.00
3.00
0.00
0.00
0.00
3.90
0.00
3.60
27.30
0.00
0.40
0.00
0.00
0.00
0.00
0.00
1.00
3.50
0.00
0.00
0.00
0.00
0.00
0.00
0.00
0.00
0.00
0.00
0.00
0.00
0.00
0.00
0.00
0.00
0.00
0.30
95.40
28.20
18.50
0.00
0.00
0.00
0.00
0.00
0.00
0.00
0.90
10.80
0.00
0.00
0.00
0.00
0.00
0.00
0.00
0.00
0.00
0.00
0.40
0.00
0.00
0.00
0.00
0.20
0.00
14.50
11.50
0.00
0.00
0.00
0.50
0.00
10.60
0.00
0.10
0.00
0.00
0.10
0.00
0.00
0.00
0.00
0.00
0.00
0.00
0.00
0.00
0.00
0.00
0.00
0.00
0.00
0.10
0.00
0.00
0.00
0.00
0.00
0.00
0.00
0.00
0.30
1.10
0.00
0.00
0.00
0.00
0.00
0.00
0.00
0.00
0.00
0.00
0.00
0.00
0.00
0.70
0.00
0.00
0.00
4.40
18.00
0.10
0.70
0.00
0.00
0.00
0.00
0.00
0.40
6.70
0.00
0.00
0.00
0.00
0.00
0.00
6.90
0.00
0.00
0.00
0.00
0.00
0.00
0.00
0.00
0.00
0.00
0.00
0.00
0.00
0.00
0.00
0.00
0.00
0.00
0.00
0.00
0.00
0.00
0.00
0.00
0.00
0.00
0.00
0.00
0.00
0.00
5.40
0.00
0.00
0.00
0.00
0.00
0.00
0.00
0.00
0.80
0.00
0.00
0.00
0.00
0.20
0.00
0.00
6.70
0.20
0.00
0.00
0.00
0.00
0.00
0.00
0.00
28.00
0.20
0.00
0.00
0.00
0.00
0.00
0.00
0.00
0.00
0.00
0.00
0.00
0.00
0.00
0.00
0.00
0.00
8.40
0.00
0.00
0.00
0.00
0.00
0.00
0.00
0.00
0.70
0.00
0.00
0.00
0.00
0.00
0.00
0.10
0.30
0.00
0.10
0.20
4.80
0.80
2.00
1.90
0.90
74.00
9.20
3.10
5.80
0.00
0.00
0.00
3.00
1.00
0.00
5.10
12.00
1.50
0.00
0.00
0.00
0.00
0.00
0.00
0.00
0.00
0.00
0.00
0.00
0.00
0.00
0.20
1.10
2.70
12.90
0.00
4.60
0.10
2.90
0.90
0.00
0.00
0.00
0.00
0.00
0.00
5.50
2.00
0.00
0.00
0.00
0.00
0.70
4.80
0.00
0.20
0.10
0.00
0.00
0.20
1.30
0.00
0.00
0.10
0.00
0.00
0.00
0.00
0.00
0.00
0.00
0.00
0.00
0.00
0.00
0.00
0.00
0.00
0.00
0.00
0.00
0.00
0.00
0.00
0.00
0.00
0.00
0.00
0.00
0.00
0.00
0.00
0.00
0.00
0.00
0.30
0.00
0.00
0.40
0.00
0.00
0.00
0.00
0.00
0.00
0.00
0.00
0.00
0.00
0.00
0.00
0.00
0.00
0.00
0.00
0.00
0.00
0.00
0.00
0.00
0.00
0.00
0.00
0.00
0.00
0.00
0.00
0.00
0.00
0.00
0.00
2.30
3.10
1.00
0.00
0.00
0.00
16.80
0.00
0.00
0.00
9.90
0.20
9.50
7.50
0.00
8.90
4.00
0.00
0.00
0.00
0.00
0.00
0.00
0.00
1.50
0.00
0.00
0.00
0.00
0.00
0.00
0.00
0.00
0.00
0.00
0.00
0.00
0.00
0.00
0.00
0.00
0.00
0.00
0.00
0.00
0.00
0.00
3.50
0.00
0.00
0.10
0.00
0.00
0.00
6.30
0.00
0.00
0.00
2.30
14.90
0.00
0.00
0.00
23.10
0.20
21.50
0.00
0.00
0.00
0.00
0.00
38.80
0.00
0.00
0.00
0.00
0.00
0.00
0.00
0.00
2.50
54.60
0.00
0.00
0.00
0.00
0.00
0.00
0.00
0.00
0.00
0.00
0.00
0.00
0.00
0.00
0.00
0.00
0.00
0.00
0.00
0.00
0.00
0.00
0.00
0.00
1.00
0.00
0.00
0.00
0.00
0.00
0.00
0.00
0.00
0.00
0.00
0.00
0.00
0.00
0.00
0.00
0.00
0.00
0.00
0.00
0.00
0.00
0.00
0.00
0.00
0.40
0.00
3.00
0.00
0.00
4.70
4.10
3.50
0.00
0.00
0.00
0.00
0.00
0.00
0.00
0.00
0.00
0.00
4.90
19.70
0.00
0.00
0.00
0.00
0.00
0.70
0.30
1.20
0.00
0.00
0.00
0.00
0.00
0.00
0.00
0.00
0.00
0.00
0.00
0.00
0.00
0.00
0.00
0.00
0.00
0.00
3.00
0.00
0.00
3.30
1.10
0.00
0.00
0.00
0.00
0.00
0.00
0.00
0.00
0.00
0.60
0.70
0.00
0.00
4.20
2.80
5.50
2.60
0.00
0.00
0.00
6.70
0.00
0.00
0.00
0.00
0.00
0.00
0.00
0.10
0.10
0.00
0.00
0.00
0.00
2.40
0.00
0.00
0.00
0.00
0.00
0.00
0.00
0.00
0.00
3.70
0.00
0.00
2.20
0.00
0.00
0.00
0.50
0.00
0.00
0.00
16.50
0.10
0.00
0.00
0.00
0.00
0.00
0.00
0.20
1.50
0.00
0.00
8.10
0.00
0.00
0.00
0.00
0.20
9.50
2.30
0.00
0.60
0.00
0.00
0.00
0.00
0.00
0.00
0.00
1.20
0.70
0.00
0.00
0.00
0.00
0.00
0.00
0.00
0.00
2.60
39.10
37.30
1.10
0.00
0.00
0.70
0.00
0.00
2.20
0.20
1.10
0.00
0.20
0.80
1.80
13.60
9.00
3.80
0.50
0.00
0.00
0.00
6.90
0.60
0.00
4.00
0.00
19.60
0.30
0.30
0.00
1.10
1.80
0.00
0.00
0.00
0.00
0.00
1.00
0.20
0.00
0.00
0.00
0.00
0.00
0.00
0.00
0.00
8.00
0.00
0.00
0.00
0.00
0.00
0.00
0.20
0.00
0.00
0.00
0.00
0.00
0.00
0.00
0.00
55.60
0.00
0.00
0.00
0.10
0.00
0.00
0.00
0.00
0.00
0.00
0.00
0.00
0.00
0.00
0.00
0.00
0.00
0.00
0.00
0.00
0.00
0.00
0.00
0.00
0.00
0.00
0.00
0.00
0.00
0.00
0.00
0.00
0.60
0.00
0.00
0.00
0.00
0.00
0.00
0.00
11.20
0.00
0.00
0.00
0.00
0.00
0.00
0.00
0.00
0.00
0.00
0.00
0.00
0.00
0.00
0.10
0.00
0.00
0.00
0.00
2.20
0.00
0.10
0.00
0.00
0.00
0.00
0.00
1.90
0.00
0.00
16.40
2.40
0.00
0.40
2.30
0.00
0.00
0.00
0.00
0.00
0.40
0.00
0.00
0.00
0.00
0.20
1.60
0.10
0.00
0.00
0.20
0.00
0.00
0.00
0.00
4.60
2.20
0.00
0.00
0.00
0.80
2.50
0.00
0.00
0.00
1.20
37.20
12.60
3.40
16.20
5.20
27.60
0.00
0.00
0.00
0.00
0.00
0.00
0.00
0.00
1.20
3.20
0.00
0.00
0.00
0.00
0.00
0.00
0.00
0.00
0.00
0.00
0.00
0.00
0.20
0.00
12.50
0.00
1.70
0.00
0.00
0.00
0.00
0.00
0.00
0.00
0.00
11.30
13.40
0.60
0.00
0.00
6.90
0.10
4.70
2.90
0.00
0.00
0.00
0.00
0.00
0.00
0.00
0.00
0.00
34.50
17.60
1.40
2.00
1.40
0.00
0.00
0.40
0.50
0.00
0.00
14.30
0.00
0.30
20.70
1.80
0.00
0.00
0.00
0.00
0.00
0.00
0.00
0.00
0.30
0.00
0.00
0.30
0.00
0.00
0.10
0.00
0.00
0.00
0.00
2.10
28.10
15.20
19.90
3.00
0.00
1.20
1.80
0.00
0.00
0.00
0.00
0.30
0.00
0.00
0.00
0.00
0.00
0.00
0.00
0.00
0.00
0.00
0.00
0.00
0.00
0.00
0.00
0.00
0.10
0.80
9.00
0.80
3.40
0.00
0.00
0.00
0.00
1.70
0.00
0.00
0.00
0.00
0.00
0.00
0.00
0.00
0.00
0.00
0.00
0.00
0.00
0.00
0.00
0.00
0.00
0.40
20.90
1.10
2.60
33.40
1.50
7.00
0.00
0.00
0.00
0.50
27.30
0.00
0.20
12.30
0.30
5.70
0.00
0.30
0.00
4.10
4.00
0.00
0.00
0.00
1.50
0.00
0.00
0.00
0.40
15.30
0.00
0.00
0.00
8.40
5.70
0.00
0.00
0.00
0.00
0.00
0.00
0.00
0.20
0.00
0.00
0.00
0.30
8.70
0.00
0.00
0.00
0.00
0.00
0.00
0.00
0.00
0.00
0.00
0.00
0.00
0.00
0.00
0.00
0.00
0.10
0.00
0.00
0.00
0.00
2.40
2.90
0.00
0.00
0.00
0.00
0.00
0.00
0.00
0.00
0.00
0.00
0.00
0.00
0.40
0.60
0.00
0.00
0.00
0.00
0.50
0.00
0.00
0.00
0.00
0.00
0.00
0.00
0.00
0.00
0.00
0.00
0.80
0.20
42.30
0.00
0.00
0.00
0.00
0.00
0.00
0.00
0.10
0.00
0.00
0.00
1.60
0.00
0.00
0.00
0.00
0.00
0.00
0.00
0.00
0.00
0.00
0.00
0.00
0.00
0.00
0.00
0.00
0.00
0.00
0.00
0.00
0.00
0.00
0.00
0.00
0.00
0.00
0.00
0.00
0.00
0.00
0.00
0.00
0.00
0.00
0.40
0.00
0.00
0.00
0.00
0.00
0.00
0.30
0.00
0.00
0.00
0.00
0.00
0.00
0.00
0.00
0.00
0.00
0.00
2.50
3.60
0.30
0.00
11.90
0.90
0.00
7.70
2.00
0.00
0.00
0.00
0.00
0.00
0.00
0.00
0.10
0.00
2.90
0.00
0.00
0.00
0.00
0.00
0.00
0.00
0.00
0.00
0.00
0.00
0.00
0.00
1.80
0.00
0.00
0.00
6.00
12.80
7.30
73.00
0.00
0.00
0.00
0.00
0.00
0.00
0.00
0.00
0.00
0.00
0.00
0.00
0.00
0.00
0.00
0.00
0.00
0.00
0.00
0.00
0.00
0.00
0.00
0.00
0.00
0.00
0.00
0.00
0.00
0.00
0.30
0.00
0.00
0.00
0.10
0.00
0.00
4.40
0.00
0.00
0.00
0.00
0.00
0.00
0.00
0.00
0.00
0.00
0.00
0.00
0.00
0.00
0.00
16.20
0.00
0.00
0.00
0.00
0.00
0.00
5.00
5.10
6.90
6.60
0.80
3.60
1.40
0.20
0.10
0.00
0.00
2.40
0.20
14.50
3.90
0.00
12.40
0.10
0.00
0.00
0.00
4.00
2.30
0.00
0.00
2.10
2.90
5.90
1.40
0.00
0.00
0.00
0.00
2.50
7.30
0.00
0.00
0.00
0.00
0.00
0.50
0.00
0.00
0.00
7.80
0.00
0.00
0.00
28.00
10.10
0.00
0.00
0.00
0.30
0.00
13.30
2.20
0.50
17.00
13.80
0.00
2.80
0.00
0.00
0.00
0.00
0.00
0.10
0.00
0.00
1.00
14.20
0.00
0.00
0.00
19.90
28.20
0.00
0.00
0.00
0.30
0.00
0.00
0.00
0.00
0.00
0.00
0.00
0.00
11.30
1.50
0.00
0.00
0.00
0.00
0.00
0.00
0.50
0.00
0.00
0.00
0.00
7.20
4.30
0.00
0.00
0.00
0.00
0.00
0.00
0.00
3.00
0.10
0.00
0.30
0.10
0.00
0.00
7.20
0.00
0.00
0.50
0.00
0.00
0.00
0.00
0.00
0.00
0.00
1.40
3.90
29.10
52.10
10.90
1.10
0.00
11.90
0.00
0.60
0.00
2.20
5.60
27.40
8.90
0.30
0.00
0.00
0.00
0.00
0.00
0.00
0.00
0.00
0.00
0.00
0.00
0.10
0.00
0.00
0.00
0.00
0.00
0.00
0.00
0.00
0.70
5.40
0.00
0.00
18.50
1.00
3.60
0.00
0.00
5.90
0.00
0.00
0.00
0.00
0.60
0.00
0.00
0.00
0.00
0.00
0.00
0.00
0.00
0.00
0.00
0.00
0.00
0.00
0.00
0.50
0.00
0.00
0.00
0.00
0.10
0.00
0.00
0.00
0.00
0.00
0.00
0.00
0.00
0.00
0.00
0.00
0.00
0.00
0.00
0.00
0.00
0.00
0.00
0.00
12.20
0.20
0.00
0.20
1.00
0.00
0.00
0.40
0.00
0.00
0.00
0.00
0.00
0.00
8.50
5.60
0.20
0.00
0.00
0.00
0.00
8.60
0.00
0.00
0.00
0.00
0.00
0.00
0.00
0.00
0.00
0.00
0.00
0.00
0.00
0.00
0.00
0.00
0.00
0.10
1.90
0.00
0.00
0.00
0.00
0.00
0.00
0.00
0.00
41.80
33.80
0.10
0.00
9.90
5.20
0.00
1.80
0.00
0.90
0.00
0.00
0.00
0.00
0.00
0.00
0.00
0.10
0.00
0.00
0.00
0.00
0.00
57.00
2.90
25.50
3.70
0.50
0.00
0.00
0.00
0.00
0.00
0.00
0.00
0.00
0.00
0.00
0.00
0.00
0.00
0.00
0.00
0.00
1.70
0.10
0.00
0.00
0.00
0.00
0.00
0.00
0.00
0.00
0.00
0.00
0.00
0.00
0.00
0.00
0.00
0.00
0.10
0.00
0.80
1.40
0.00
0.00
0.00
0.00
0.00
1.10
0.00
0.00
7.00
3.80
0.00
0.00
0.00
0.00
0.00
0.00
0.40
0.60
0.80
0.00
0.00
0.00
0.00
0.00
0.00
0.00
0.00
0.00
0.00
0.00
8.20
11.00
0.80
0.20
0.00
0.00
0.00
0.00
0.00
8.90
1.90
5.10
0.00
0.00
0.50
0.00
0.00
0.00
0.00
0.00
0.00
0.00
0.00
0.00
0.00
0.00
0.00
0.00
0.00
0.00
0.00
0.00
0.00
0.00
0.00
0.00
0.00
2.10
29.90
0.80
0.90
2.30
0.00
0.00
0.00
0.00
0.00
0.00
0.00
0.00
0.00
0.00
0.00
0.00
0.00
0.90
1.00
0.00
21.00
0.00
0.80
0.70
0.00
0.00
0.00
0.00
0.00
0.00
0.00
0.00
0.00
11.80
5.80
0.00
0.00
0.00
0.30
0.00
0.00
0.00
12.00
79.80
0.00
35.00
32.30
0.80
0.00
0.00
0.00
0.00
1.50
0.00
0.00
0.00
0.00
2.30
3.50
0.00
0.10
0.00
0.00
0.00
0.00
0.00
0.00
0.00
0.00
0.00
0.00
0.00
0.10
0.00
0.00
0.00
0.00
0.00
0.00
0.00
0.00
0.00
0.00
0.00
5.90
1.70
0.00
0.30
0.00
0.00
10.20
0.20
0.00
0.00
0.80
14.10
0.00
0.00
0.00
19.10
0.00
0.00
0.00
0.00
0.00
0.00
9.00
0.00
0.00
0.00
0.00
0.00
0.00
0.00
0.00
0.00
0.00
0.00
0.00
0.00
0.00
0.00
0.40
45.70
0.00
0.50
3.60
4.40
0.80
0.00
82.40
0.00
2.40
15.30
0.00
0.00
0.00
0.00
0.00
0.00
0.00
0.00
0.00
0.00
0.00
0.00
0.00
0.00
0.00
0.00
0.00
0.00
0.00
0.00
0.00
0.00
0.00
3.80
0.00
0.00
0.00
0.00
0.00
0.00
0.00
5.00
9.20
7.10
0.00
0.00
0.30
51.60
0.00
0.00
0.00
0.10
0.00
0.00
0.00
0.70
0.00
0.00
0.00
27.00
0.00
0.00
0.00
0.00
0.00
0.00
0.00
0.00
0.00
0.00
0.00
0.00
0.00
0.10
0.00
0.00
0.00
0.00
0.00
0.00
0.00
0.00
0.00
0.00
0.00
0.00
0.70
0.00
0.00
0.00
0.00
0.00
0.00
0.00
0.00
1.20
0.00
0.00
0.00
0.00
0.00
0.00
0.00
0.00
0.00
0.00
0.00
0.00
0.00
0.50
0.00
0.00
0.00
0.00
1.10
4.50
0.00
0.00
0.00
0.00
0.00
0.00
0.00
0.00
0.00
0.00
0.00
0.00
0.00
0.00
0.00
0.00
0.00
0.00
0.00
0.00
0.00
0.00
0.00
0.00
0.00
0.00
0.10
2.30
6.70
33.30
0.00
0.00
35.50
3.50
0.00
0.00
0.00
43.60
0.10
4.10
26.40
38.70
12.20
0.00
0.00
0.00
0.00
0.00
0.00
14.60
8.20
36.90
1.80
3.30
0.00
2.70
0.00
10.50
0.00
0.00
0.00
0.00
0.00
0.00
0.00
0.00
0.00
0.00
0.00
0.00
0.00
0.00
0.00
0.00
0.00
0.00
0.00
0.00
0.00
0.00
0.00
0.00
0.00
0.00
0.00
0.00
0.00
0.00
0.00
0.00
0.00
0.00
0.00
0.00
0.00
0.00
0.00
0.00
0.00
0.10
0.00
0.00
0.00
0.00
0.00
0.00
0.00
0.00
0.00
0.00
0.00
0.00
0.00
1.40
0.00
0.00
0.00
0.00
0.00
0.00
0.00
0.00
0.00
0.00
0.00
3.30
0.00
0.00
0.00
9.70
1.20
0.00
0.00
0.20
0.00
0.00
0.00
0.00
0.00
0.00
0.00
0.00
0.00
0.00
0.00
0.00
0.00
0.00
0.00
0.00
0.00
0.00
0.00
0.00
0.00
0.00
0.00
0.00
0.00
0.00
0.00
0.00
0.00
0.00
0.00
0.00
0.00
0.00
0.00
0.00
0.00
0.00
0.00
0.00
0.00
0.00
0.00
0.20
30.40
2.40
0.00
0.00
0.00
0.00
0.00
0.00
0.00
0.00
0.00
0.00
0.20
36.50
8.00
3.20
2.70
0.00
0.00
0.00
0.00
0.00
0.60
0.10
4.20
2.80
0.00
0.30
0.00
0.00
0.00
1.40
0.10
0.00
0.00
0.10
0.00
0.00
11.20
11.60
0.20
0.00
0.00
0.00
0.00
0.10
0.00
0.00
0.00
0.00
0.00
0.00
0.30
0.00
0.00
1.70
0.00
0.30
0.00
15.80
14.80
0.00
0.40
0.00
0.00
0.00
0.00
0.00
0.00
0.00
0.00
0.00
0.00
0.00
2.50
0.00
0.00
0.00
0.00
0.20
0.00
0.00
0.00
0.00
0.00
0.00
0.00
0.00
0.00
0.20
0.00
0.00
0.00
0.00
0.00
0.00
0.00
0.00
0.00
0.00
0.00
0.00
21.80
0.00
0.00
0.00
0.00
0.00
0.00
0.00
0.00
0.00
0.00
0.00
0.00
0.00
0.10
0.00
0.00
0.00
0.00
0.00
0.00
0.00
0.00
0.00
0.00
0.00
0.00
0.00
0.00
0.00
0.00
0.00
0.00
0.00
0.00
3.80
0.00
0.00
0.00
0.00
0.00
0.00
0.00
0.00
0.00
0.00
0.00
0.00
0.00
0.00
0.00
0.00
0.00
0.00
0.00
0.00
0.00
0.00
0.00
0.00
13.60
0.00
0.30
0.00
0.00
0.00
0.00
0.00
0.00
0.00
0.00
0.00
0.00
0.00
0.00
0.00
0.00
0.00
0.00
0.60
10.10
0.00
0.00
0.00
0.00
0.00
0.00
0.50
0.00
4.40
65.70
0.00
0.00
0.00
0.00
0.00
0.10
0.00
0.00
0.00
0.00
4.90
4.20
19.90
0.00
2.00
0.00
0.00
0.00
4.90
4.30
14.00
11.40
0.70
0.00
0.00
12.40
0.10
0.00
0.00
0.00
56.30
10.70
0.00
0.00
0.00
0.50
0.00
0.00
0.00
0.00
2.00
0.10
14.50
0.00
0.00
0.00
0.00
1.70
0.90
0.60
0.00
0.00
0.00
0.00
0.00
0.00
0.00
1.20
17.30
0.00
0.00
0.00
0.00
0.00
0.00
0.00
0.00
0.00
0.00
0.00
0.00
0.00
5.50
0.00
0.20
0.00
0.00
0.00
0.00
0.00
0.00
0.00
0.00
0.00
0.00
0.00
0.00
0.00
0.00
0.00
0.00
0.00
0.00
0.00
0.00
0.00
0.00
0.00
0.00
0.00
0.00
0.00
0.00
0.00
0.80
2.40
0.00
0.00
0.00
0.30
0.20
9.60
0.00
0.00
13.30
0.00
0.10
1.60
0.00
4.20
0.00
0.00
0.00
0.00
0.00
0.00
0.00
0.00
0.00
0.00
0.00
0.00
0.00
0.00
0.00
0.00
0.00
0.00
0.20
0.50
0.30
0.00
0.00
0.00
0.40
13.40
0.00
0.00
0.00
0.00
1.40
19.50
1.00
0.00
0.00
33.90
37.90
16.50
0.00
0.00
0.00
0.00
0.00
0.00
32.40
0.00
0.00
0.50
2.20
0.00
2.90
0.00
0.00
0.00
0.00
6.80
0.10
0.10
0.00
0.00
2.40
0.00
0.30
0.60
0.00
0.00
0.40
7.60
2.10
0.00
0.00
0.00
0.00
0.00
0.00
0.00
0.00
0.00
0.00
0.00
0.00
0.00
0.00
0.00
0.00
0.00
0.20
15.60
8.20
25.70
12.10
17.90
0.00
0.00
0.00
0.00
3.50
0.00
0.00
0.00
0.00
0.00
0.00
0.50
0.00
0.00
1.60
32.40
0.60
7.30
0.20
21.30
0.00
0.00
0.00
0.00
0.00
0.00
0.00
0.00
0.00
0.00
0.00
0.00
0.00
0.00
0.00
0.00
0.00
0.00
0.60
16.30
1.50
0.00
0.00
0.00
0.00
0.00
0.00
0.00
0.00
0.50
0.00
0.00
0.00
0.00
0.00
0.00
0.00
0.10
0.00
0.00
0.00
0.00
0.00
0.00
0.00
0.00
0.00
0.00
0.00
0.00
0.00
0.00
1.80
0.00
0.00
0.00
0.00
0.00
11.10
0.00
0.20
0.00
0.00
0.00
0.00
0.00
0.00
0.00
0.00
1.80
0.00
0.00
0.00
0.00
0.00
0.00
0.00
0.00
0.00
0.50
0.20
0.00
0.00
0.00
0.00
0.00
0.00
0.00
0.00
0.00
0.00
0.00
0.00
0.00
0.00
0.00
2.30
0.00
1.70
0.00
0.30
0.00
0.00
0.00
0.00
0.00
0.00
0.00
0.00
0.00
17.60
1.30
0.00
0.90
2.30
0.00
0.00
0.00
0.50
0.00
0.00
0.00
0.00
0.00
0.00
0.00
0.00
0.00
0.00
0.00
0.00
0.00
0.00
0.00
0.00
0.00
2.80
6.10
1.10
0.30
0.00
0.00
0.10
0.50
11.40
0.00
0.00
0.00
0.00
0.00
0.00
0.00
0.00
0.00
0.00
3.90
0.00
0.00
0.00
0.00
0.00
0.20
2.40
0.00
0.00
0.00
0.00
0.00
0.00
0.00
0.00
0.00
0.00
0.00
0.00
0.00
0.00
0.00
0.00
3.60
28.40
40.20
38.20
0.00
0.00
0.00
0.00
0.00
0.00
0.00
0.00
0.00
0.00
0.00
0.10
0.00
0.00
0.00
0.00
0.00
0.00
0.00
0.00
0.00
0.00
0.00
0.00
0.00
0.00
0.00
0.00
0.00
0.00
14.10
0.00
0.00
0.00
0.00
0.00
2.10
0.00
0.00
0.00
0.00
0.00
0.00
0.00
0.00
0.00
1.30
0.00
0.00
0.00
0.00
0.00
0.00
5.10
0.50
2.40
0.00
0.30
0.00
0.00
7.70
7.80
0.00
0.00
3.80
0.00
0.00
0.00
0.00
0.00
0.00
14.10
0.00
0.00
1.40
0.00
0.00
0.20
0.00
0.00
0.00
0.40
13.50
0.00
0.00
0.00
0.00
0.00
0.00
7.30
0.00
0.00
0.00
0.00
0.00
0.00
0.00
0.00
0.00
0.00
0.00
0.00
0.00
0.00
0.00
0.00
0.00
0.00
0.00
0.00
0.00
0.00
0.00
0.00
0.00
0.00
0.00
0.00
0.00
0.00
0.00
0.00
0.00
1.40
0.00
0.20
0.00
2.40
0.00
0.00
1.50
18.20
6.30
0.00
3.30
55.10
0.00
0.00
0.00
0.00
0.00
0.00
0.00
1.40
0.00
0.00
0.00
0.00
0.00
0.00
0.00
3.90
2.90
9.20
0.40
0.00
0.00
0.20
0.10
0.00
0.00
0.00
0.00
0.00
0.00
0.00
0.00
0.00
0.00
0.00
0.00
0.00
0.20
0.00
1.10
0.10
0.00
0.00
0.00
0.00
0.00
0.00
5.50
0.00
0.00
0.00
0.00
8.80
11.40
0.00
4.10
0.70
15.80
3.10
0.00
0.00
0.00
0.00
0.00
0.00
0.00
0.00
0.00
0.00
0.00
0.00
0.00
9.60
0.30
9.50
6.30
0.00
0.00
0.00
0.00
0.00
0.00
0.70
0.00
1.40
0.00
0.00
0.00
0.00
0.00
0.10
9.90
0.00
0.00
3.50
37.70
0.00
0.00
0.00
0.00
0.00
0.10
0.00
0.00
0.00
0.00
0.10
0.00
0.00
0.00
0.00
0.00
2.20
2.20
0.00
0.00
29.20
0.00
0.00
0.00
0.00
3.90
0.00
0.00
0.00
0.00
0.00
0.00
0.00
0.00
0.00
0.00
0.00
0.00
8.00
0.00
0.00
0.00
0.10
0.00
0.20
12.90
0.00
0.00
0.00
0.00
0.00
0.00
0.00
0.00
0.00
0.00
0.00
0.00
0.20
2.00
0.00
0.70
0.00
0.10
0.00
0.00
0.00
0.00
9.00
0.00
2.00
0.00
0.00
0.00
0.00
0.30
13.00
0.30
0.10
0.00
0.00
0.10
100.40
17.20
10.20
0.00
0.00
0.00
8.80
0.00
0.00
0.00
0.00
0.00
0.10
1.30
0.00
0.00
0.00
0.00
0.00
0.00
0.00
0.00
0.00
0.00
0.00
0.00
0.00
0.00
0.00
0.00
0.00
0.00
0.00
0.00
0.00
10.80
20.60
8.90
0.00
0.00
0.00
0.10
0.80
0.00
6.10
0.00
0.00
1.10
0.00
0.00
0.00
0.00
0.00
0.00
0.00
0.00
0.00
1.20
0.70
19.20
10.80
1.30
35.30
26.10
0.00
0.00
4.00
3.00
0.00
0.40
0.00
0.00
0.00
0.00
0.00
0.00
0.00
2.70
12.50
0.00
0.00
0.00
0.00
0.00
0.00
0.00
0.00
0.00
0.00
0.00
0.00
0.00
0.00
0.00
0.00
0.00
0.00
0.00
0.00
0.00
0.00
0.00
0.00
0.00
0.00
0.00
0.00
0.00
0.00
0.00
0.50
0.00
5.30
7.60
0.00
0.00
0.00
0.00
0.00
0.00
0.00
0.00
0.00
0.00
0.10
0.00
0.00
0.40
9.60
0.80
0.00
0.00
0.00
0.00
0.00
0.00
0.00
0.00
0.00
0.00
0.00
0.00
0.00
0.00
0.00
0.00
0.50
0.00
0.00
0.00
0.00
0.00
0.00
0.00
0.00
0.00
0.00
9.10
0.00
0.00
0.00
0.00
0.00
0.00
0.00
0.00
0.00
8.50
0.00
0.00
0.00
0.00
0.00
13.80
4.50
0.00
3.90
4.50
3.70
0.00
0.00
0.00
0.00
0.00
0.00
0.10
0.00
0.00
0.00
0.00
0.00
0.00
0.00
0.00
0.00
0.00
0.00
0.00
0.00
0.40
1.60
0.00
4.50
0.00
0.00
0.00
0.30
0.00
0.10
0.00
5.40
0.10
0.00
0.00
0.00
0.00
0.00
0.00
0.00
0.00
0.00
0.00
0.00
0.00
0.00
0.00
0.00
0.00
0.00
0.00
0.00
0.00
0.00
47.00
6.20
0.00
0.00
0.00
0.00
0.00
0.00
0.00
0.00
0.00
0.00
0.00
0.00
0.00
0.00
0.00
0.00
0.00
0.00
0.00
0.00
0.00
4.70
0.00
0.10
0.00
4.20
1.10
0.00
0.00
0.00
0.00
0.00
0.00
0.70
0.00
0.00
0.00
0.00
0.00
0.00
0.00
0.00
0.00
0.00
0.00
0.00
0.00
0.00
0.00
0.00
0.00
0.00
0.00
0.00
0.00
0.00
0.00
0.00
0.00
0.00
0.00
1.70
0.00
0.00
5.20
0.00
0.00
0.00
0.10
0.00
0.00
19.20
0.00
0.00
2.50
0.00
0.00
0.00
0.00
4.80
0.00
0.00
0.00
0.00
13.60
0.00
6.20
0.10
8.00
4.40
0.00
0.00
0.50
0.90
0.00
0.00
0.00
0.00
0.00
0.00
0.00
0.00
0.00
0.30
7.90
0.50
2.10
0.00
0.00
0.00
0.00
0.00
19.70
2.40
1.30
0.00
0.00
0.00
0.00
0.00
0.00
0.00
0.00
0.00
0.00
1.70
0.00
0.00
0.80
0.00
0.30
0.20
23.50
6.40
11.30
0.00
0.00
0.00
0.00
1.10
0.00
0.00
0.00
0.00
0.00
4.20
0.10
0.00
0.00
0.00
0.00
0.20
0.00
0.00
0.00
0.00
0.00
0.10
3.10
3.00
0.00
0.00
0.10
0.00
1.50
35.30
1.90
0.00
0.00
0.00
0.00
0.00
0.00
0.00
0.00
0.00
0.00
0.00
0.00
0.00
0.00
0.00
0.00
0.00
0.00
0.00
0.00
0.00
0.00
0.00
0.00
0.00
0.00
0.00
0.00
0.00
0.00
0.00
0.20
0.10
0.00
0.00
0.00
0.00
0.00
0.00
0.00
0.00
0.00
0.00
0.00
0.00
0.00
0.00
0.00
0.00
0.00
0.00
0.00
0.00
0.00
0.00
0.00
0.00
0.00
0.30
0.00
0.00
0.70
0.00
0.00
0.00
0.00
0.00
0.00
0.00
0.00
0.00
0.00
0.10
0.00
0.00
0.00
0.00
0.00
0.00
0.00
0.00
0.00
0.00
0.00
0.00
0.00
0.00
0.00
0.00
0.00
0.00
0.00
0.00
0.00
1.30
0.00
0.00
0.00
0.80
1.40
0.00
6.90
5.50
0.30
0.00
0.00
0.00
0.00
0.00
0.00
0.00
0.00
0.00
0.00
15.00
8.70
0.00
0.00
0.00
0.00
0.00
0.00
0.00
0.00
0.00
0.00
1.00
0.00
0.00
0.00
0.00
0.00
0.90
12.80
0.20
0.00
19.20
0.50
0.00
0.00
0.00
0.00
0.40
0.00
0.00
0.00
0.00
0.00
9.20
10.00
0.00
0.00
19.20
2.40
0.00
2.90
1.20
0.00
0.10
0.00
0.00
0.00
0.00
0.00
0.00
0.00
0.00
0.00
9.50
12.20
0.00
1.10
0.00
0.00
0.00
4.70
3.00
1.70
0.10
0.00
0.00
0.00
0.00
0.30
1.20
3.70
1.90
3.40
8.60
0.00
0.00
0.00
1.20
0.00
0.00
0.00
0.00
0.00
0.00
0.00
5.30
0.00
0.00
0.00
0.00
0.00
1.90
0.00
0.00
1.20
0.00
0.00
0.00
0.00
0.00
0.00
0.00
0.00
0.00
0.00
0.00
0.00
0.00
0.00
0.00
0.00
3.10
16.30
0.00
0.00
0.00
0.00
0.00
0.00
0.00
0.00
0.00
0.00
0.00
0.00
0.00
0.00
0.00
0.00
0.00
0.00
0.10
0.00
0.00
0.00
0.00
4.50
0.20
0.00
0.00
0.00
0.00
0.00
0.00
0.00
0.00
12.10
0.00
0.00
0.00
0.00
0.00
0.00
0.00
0.00
0.00
0.00
0.00
0.00
0.00
0.00
0.00
0.00
0.00
3.70
0.00
0.00
0.00
0.00
0.00
0.00
0.00
0.00
0.00
0.00
0.00
0.00
0.00
0.00
0.00
0.00
0.00
0.00
0.00
11.90
2.00
0.00
0.00
0.00
0.00
0.00
0.00
0.00
0.00
0.00
0.60
0.10
0.00
0.00
26.70
0.40
0.10
0.00
0.00
0.00
0.00
0.00
0.00
0.00
66.00
0.00
1.00
0.00
0.80
0.00
0.00
0.00
0.00
0.00
0.00
0.00
12.50
2.80
0.00
0.00
0.00
0.00
0.00
31.70
16.70
0.00
0.00
0.00
0.00
0.00
0.00
0.30
6.60
1.00
0.00
2.50
1.70
0.00
0.00
0.00
0.00
0.00
0.00
0.00
0.00
0.00
0.90
0.20
0.00
0.00
0.00
0.00
0.00
0.30
0.00
0.00
0.00
0.00
0.00
0.00
0.20
0.10
2.10
7.90
4.10
21.90
0.00
0.00
0.70
0.10
0.00
0.00
0.00
0.00
0.00
0.00
2.00
0.00
0.00
0.10
0.00
0.00
0.00
0.00
0.00
0.00
0.00
0.00
12.60
0.20
0.00
12.00
7.40
0.00
0.00
0.00
0.00
0.00
0.00
0.00
0.00
0.00
0.00
0.00
0.00
0.00
0.00
0.00
0.00
0.00
0.00
0.00
0.00
0.00
0.00
0.00
0.00
0.00
0.00
0.00
0.00
0.00
0.00
4.40
0.20
2.50
2.50
0.00
1.90
0.10
20.20
0.20
0.00
0.00
0.00
0.00
0.00
0.00
0.00
0.10
0.00
2.10
0.00
0.00
0.00
0.10
0.00
16.10
0.20
0.00
0.00
0.00
0.00
0.00
0.00
0.00
0.00
2.30
10.30
0.00
0.00
0.00
0.00
0.00
0.00
19.30
0.00
0.00
0.00
0.00
0.00
0.00
0.00
0.00
0.00
0.00
0.00
0.00
0.00
0.00
0.00
0.00
0.00
0.00
0.00
0.00
115.10
0.00
0.00
0.50
0.00
0.00
0.00
1.50
7.00
2.50
0.00
0.00
4.10
0.00
0.00
0.00
0.00
0.00
0.00
0.00
0.00
0.00
0.10
0.00
0.00
0.20
0.00
0.00
0.00
0.00
0.00
0.00
0.60
22.40
7.70
0.00
1.10
2.40
0.00
0.00
1.10
0.00
0.00
0.00
0.00
0.00
0.00
0.20
15.10
0.00
0.00
0.00
0.00
0.00
0.00
0.90
0.00
0.00
0.00
0.00
0.00
0.00
0.00
0.00
0.00
0.00
2.40
0.70
0.00
0.00
0.00
0.20
19.60
0.20
0.00
0.00
0.40
0.10
0.00
0.00
0.00
0.00
0.00
0.00
0.00
0.00
0.00
0.00
0.00
0.00
0.00
0.00
0.30
1.30
0.00
0.00
0.30
3.50
0.00
0.00
0.00
0.00
0.00
0.00
0.00
0.00
0.30
0.00
0.00
0.00
0.00
0.00
0.00
0.00
0.00
0.00
0.00
0.00
0.60
0.00
0.00
5.50
0.00
0.90
0.10
0.00
0.00
0.00
0.00
0.00
0.20
0.00
0.00
0.00
0.00
0.10
0.00
6.10
3.80
0.20
1.40
0.00
0.00
0.00
0.00
0.00
0.00
0.00
2.30
0.00
0.00
0.00
0.10
0.00
0.00
0.00
0.00
0.00
0.00
0.20
4.00
0.00
0.00
0.20
1.20
0.00
2.60
0.00
0.00
15.20
0.00
0.00
0.70
0.00
13.30
7.30
0.00
0.00
0.70
0.00
0.00
0.00
12.60
0.00
0.00
0.00
0.00
0.00
0.00
0.00
0.90
0.60
0.00
0.00
0.00
0.00
0.00
0.00
0.00
0.00
0.00
0.00
0.00
0.20
0.00
0.00
0.00
0.00
26.30
91.80
2.40
0.90
0.10
0.00
0.00
0.00
0.00
0.00
0.00
0.00
0.10
1.00
0.00
0.00
0.00
7.30
0.00
0.00
0.00
0.00
0.00
0.00
0.00
0.00
0.00
0.00
0.00
0.00
0.00
0.00
0.00
0.00
0.00
0.00
0.00
0.00
7.80
0.00
0.00
0.00
0.00
0.00
0.00
0.00
0.00
0.00
0.00
0.00
0.00
0.00
0.00
0.20
1.90
0.00
0.00
0.00
0.20
0.00
0.00
0.00
0.00
0.00
0.00
0.00
0.00
0.00
0.00
0.00
1.20
0.00
0.20
0.00
0.00
0.00
0.00
0.00
0.00
0.00
0.00
7.90
0.00
0.00
0.00
0.00
0.00
6.90
0.30
0.00
0.00
1.70
0.30
0.00
0.00
0.00
0.00
0.00
0.00
0.10
45.30
0.00
0.00
0.00
0.00
0.00
9.10
0.00
0.00
22.20
36.30
2.00
0.00
2.10
0.00
0.00
0.10
17.00
0.00
0.00
0.00
0.00
0.40
0.00
0.00
0.00
0.70
0.00
0.10
0.00
0.00
0.70
2.40
11.10
2.00
3.20
0.30
6.60
2.20
0.00
0.00
0.10
0.00
0.70
0.00
0.00
0.00
0.10
0.10
0.00
1.60
0.00
13.60
26.70
0.00
0.00
0.00
48.30
0.50
7.30
0.00
0.00
0.00
0.00
0.00
0.00
0.00
0.00
0.00
0.00
0.10
0.10
6.40
0.00
11.70
23.00
0.00
4.20
6.50
0.00
0.20
0.00
0.00
0.00
0.00
0.00
0.00
0.00
0.00
0.00
0.00
0.00
0.00
2.10
0.00
30.10
0.00
1.00
0.20
1.20
2.70
0.00
0.00
0.00
0.00
0.00
5.20
4.50
0.00
0.00
0.00
0.00
0.00
0.00
0.00
0.00
0.00
0.00
0.00
1.10
0.60
0.00
0.00
1.40
3.10
0.00
0.00
0.00
15.20
0.10
0.70
20.30
12.80
0.00
0.00
0.00
0.00
0.00
0.00
0.00
0.00
0.00
0.00
0.00
0.00
0.00
0.00
0.00
0.00
0.00
0.00
0.00
0.00
1.40
0.00
0.00
0.00
0.00
0.00
0.00
0.00
0.00
0.00
0.00
0.00
0.00
0.00
0.00
0.00
0.00
0.00
35.10
0.00
0.00
0.00
0.00
3.50
8.90
0.00
0.00
0.00
0.00
0.00
0.00
0.00
0.00
0.00
0.00
0.00
0.00
0.00
0.00
0.00
0.00
0.00
3.60
0.00
0.00
0.00
0.00
1.70
0.00
0.00
13.60
0.00
0.00
0.00
0.00
0.00
0.20
0.00
0.00
0.00
0.00
0.00
0.00
0.00
15.60
0.00
0.00
0.00
0.00
0.00
7.20
1.20
0.00
0.00
0.00
0.00
12.60
0.00
0.00
0.70
0.00
0.00
20.50
0.00
0.00
0.00
0.00
0.00
0.00
0.00
0.00
0.00
0.00
0.00
0.00
0.00
0.00
0.00
0.00
0.00
0.00
0.80
0.00
52.60
3.90
0.00
0.00
3.70
31.60
1.20
0.00
0.00
4.10
13.60
2.80
0.00
0.00
0.00
0.00
0.00
0.20
20.90
5.70
0.00
4.70
40.40
5.20
0.00
0.00
0.00
5.90
0.00
0.00
0.00
22.80
0.00
0.00
0.00
0.00
0.30
128.40
0.30
0.30
9.20
4.60
5.70
0.00
0.00
4.30
0.00
0.00
4.50
0.00
0.00
0.00
0.80
0.00
0.00
0.00
0.00
0.00
0.00
0.00
0.00
0.00
0.00
0.00
0.00
1.70
3.20
0.00
0.00
0.00
0.00
0.00
0.00
0.00
0.00
0.00
0.00
0.00
0.00
0.00
0.00
0.00
0.00
0.00
0.00
0.00
0.00
0.00
0.00
0.00
0.00
0.00
0.00
0.00
0.00
0.00
0.00
0.00
0.00
0.00
1.00
2.20
0.00
16.30
0.00
0.00
0.00
0.00
0.00
0.00
0.00
0.00
0.00
0.00
0.00
4.50
0.00
0.00
0.00
0.00
0.00
0.00
0.00
0.00
0.00
0.00
0.00
0.00
0.00
0.00
0.00
0.00
0.00
0.00
0.00
0.00
0.00
0.00
0.00
0.00
0.00
0.00
0.00
0.00
0.00
0.00
0.00
0.00
0.30
0.00
0.00
0.00
0.00
0.00
0.00
0.00
0.00
0.00
0.00
0.00
0.00
0.20
0.00
0.00
0.00
0.00
0.00
0.00
0.00
0.00
0.00
0.00
0.00
0.00
0.00
0.20
9.20
0.00
3.30
2.30
1.90
0.00
6.40
2.60
0.00
0.00
0.00
0.00
0.00
0.00
0.00
0.00
0.00
0.40
0.00
2.40
7.60
0.50
0.70
0.00
0.00
0.10
0.10
0.00
0.00
0.00
30.10
0.00
0.00
0.00
0.00
0.10
0.00
0.60
0.00
0.00
0.00
0.00
0.00
0.00
36.50
1.00
6.30
0.00
0.00
0.00
0.00
28.20
3.40
3.50
0.00
0.00
0.00
0.00
0.00
0.00
0.00
0.00
0.00
0.00
0.00
0.00
0.00
0.00
0.00
20.20
0.10
0.00
0.00
0.00
0.00
0.00
0.00
0.00
0.00
0.00
0.00
0.00
0.00
0.00
0.00
0.00
0.00
0.00
0.00
0.00
0.00
0.00
0.00
0.00
0.30
1.50
7.50
3.60
0.00
0.00
0.00
0.00
5.10
0.00
0.00
6.40
0.00
0.00
0.00
0.00
0.00
0.00
0.00
0.00
0.00
53.80
0.00
0.00
0.10
0.00
0.00
0.00
0.00
0.00
0.00
0.00
0.00
0.00
0.00
0.00
0.00
13.40
0.00
0.00
0.00
2.50
0.00
0.00
0.00
0.00
0.00
0.00
0.00
0.00
0.00
0.40
7.70
0.00
0.00
0.00
0.00
0.00
0.00
0.00
0.00
7.20
0.20
0.00
5.70
0.00
46.40
4.80
0.00
0.80
0.00
0.00
0.00
0.00
0.00
0.00
0.00
6.60
0.10
0.00
0.00
0.00
0.00
0.00
0.00
0.00
0.00
0.00
0.00
0.00
0.00
0.00
0.00
0.00
0.00
1.80
0.10
0.00
0.20
0.00
5.40
0.10
0.00
0.00
0.00
0.00
3.20
0.50
69.70
1.90
0.00
0.00
0.00
0.00
0.00
0.00
0.00
0.10
0.00
0.10
0.20
0.00
0.00
0.00
0.00
0.00
0.00
4.80
0.00
0.00
0.20
10.60
0.00
0.00
0.00
0.00
0.00
0.00
0.00
19.50
5.60
0.00
0.00
0.00
0.00
0.00
0.00
0.00
0.00
0.00
0.00
88.80
14.60
0.70
0.00
0.00
0.00
0.00
0.60
0.00
0.00
0.00
0.00
0.00
0.00
0.00
0.60
9.50
1.00
0.00
0.00
0.00
0.00
0.00
0.00
0.00
0.00
0.00
0.00
0.00
0.00
0.00
0.00
0.00
0.00
0.00
0.00
0.00
17.00
0.00
0.00
0.00
0.00
0.00
0.00
0.00
0.00
1.30
3.30
44.40
6.90
14.00
0.00
0.00
0.20
0.00
0.00
0.00
0.00
0.00
0.00
0.00
0.00
0.00
0.00
0.00
0.00
0.00
0.00
0.00
0.00
0.80
0.00
0.00
0.00
0.00
1.10
1.10
0.00
0.00
0.00
0.00
0.00
0.00
0.00
0.00
0.20
0.00
0.00
0.00
1.10
0.00
0.00
1.00
0.00
0.00
0.00
0.00
0.00
0.00
0.00
0.00
0.00
0.00
27.00
0.20
0.00
0.00
0.00
0.00
0.40
16.00
0.00
4.40
0.00
0.00
0.00
0.50
6.10
3.90
14.00
0.00
0.00
0.00
0.00
0.00
0.00
0.00
0.00
0.00
0.00
0.00
25.20
0.00
2.40
0.00
0.00
7.30
74.30
42.70
84.30
2.40
0.00
0.00
0.00
0.00
0.70
1.30
0.00
0.00
0.00
0.00
0.00
0.00
0.00
0.00
0.00
0.00
1.10
8.70
0.00
0.10
1.60
10.00
0.30
4.30
0.00
0.00
0.00
0.00
0.00
0.00
0.00
0.00
0.00
0.00
0.00
0.00
4.90
0.00
0.00
3.40
0.00
13.60
1.10
0.00
0.00
9.00
0.60
26.90
0.00
0.00
0.00
0.00
0.00
0.00
5.50
0.00
12.30
0.00
0.00
0.00
0.00
0.00
0.00
0.00
0.00
0.00
0.00
0.00
0.00
0.00
0.00
7.80
0.00
0.00
0.00
0.00
0.00
0.00
0.10
0.00
0.00
0.70
0.00
6.40
8.70
0.10
0.00
0.00
0.00
0.00
0.00
0.00
0.10
0.00
0.00
0.00
0.00
0.00
0.00
0.00
0.00
0.00
1.90
0.00
0.00
0.00
0.00
0.00
0.00
0.00
0.00
0.00
0.00
0.00
0.00
0.00
0.00
0.10
0.00
0.00
0.00
0.00
0.40
0.00
0.00
0.00
0.00
2.00
8.30
0.30
0.00
0.00
0.00
0.00
0.00
0.00
2.00
14.60
0.00
34.80
1.60
0.00
0.00
0.00
0.00
0.00
0.00
0.00
4.60
0.00
0.00
1.90
2.50
0.00
0.00
0.00
0.30
0.00
0.00
0.00
0.00
0.00
2.00
0.00
0.00
0.00
0.00
0.00
0.10
0.00
16.40
0.00
0.00
0.00
3.90
0.00
0.00
0.00
0.00
0.00
0.00
0.00
2.80
0.00
0.00
0.20
0.00
0.00
0.00
0.00
0.00
0.00
0.00
0.00
8.60
5.60
0.00
1.20
3.60
0.00
0.00
0.00
0.00
0.00
0.00
0.00
0.00
0.00
0.00
0.00
0.00
0.00
0.00
0.00
0.00
0.00
0.60
0.20
10.50
21.90
0.00
0.00
0.00
0.00
0.00
0.00
0.00
0.00
0.20
0.00
0.00
0.10
1.60
0.00
0.00
0.00
0.00
0.00
2.50
38.00
0.20
0.00
0.00
0.00
0.00
0.00
0.00
0.00
0.00
0.00
0.00
0.00
0.00
1.20
0.00
0.00
0.00
0.00
0.00
0.30
0.00
13.40
4.90
0.00
0.00
0.00
0.00
0.00
0.00
0.00
0.00
0.00
0.00
0.00
5.50
0.10
0.00
0.00
0.20
0.00
0.00
0.00
0.10
0.00
0.10
0.00
0.00
0.00
0.00
0.00
0.70
4.20
0.00
0.50
0.00
0.40
6.50
3.00
0.60
0.00
0.00
0.00
0.00
0.00
0.00
11.70
0.20
0.00
0.00
0.00
0.00
0.00
0.00
0.00
0.00
0.00
0.00
0.00
0.80
2.00
0.00
0.00
0.00
0.10
0.00
0.00
