20000101
0.00
0.00
0.00
0.20
0.20
0.20
0.20
0.20
0.00
0.00
0.00
0.00
0.00
5.60
37.20
0.40
0.00
0.00
0.00
0.00
0.00
0.00
0.00
0.00
0.00
0.00
0.00
0.00
0.00
0.00
0.00
0.20
0.00
0.00
0.00
0.00
0.00
0.00
0.00
0.00
0.00
0.00
0.20
0.00
0.00
0.00
0.00
0.00
0.00
0.00
0.00
0.00
0.00
0.00
0.00
0.00
0.00
0.00
0.00
0.00
0.00
0.00
0.00
0.00
0.00
0.00
0.00
0.00
0.00
0.00
0.00
0.00
0.00
0.00
0.00
0.00
0.00
0.00
0.00
3.80
0.00
0.00
5.00
0.00
0.20
0.00
0.00
0.00
0.00
6.00
3.60
0.00
1.40
1.60
0.20
0.00
0.00
0.00
1.20
3.00
8.50
0.00
0.00
0.00
1.00
0.00
2.20
0.00
0.80
0.40
0.00
0.00
5.60
0.00
0.00
0.00
0.00
2.20
1.20
0.00
0.00
0.00
0.00
0.00
0.00
0.20
0.00
0.00
0.20
2.20
17.20
0.20
0.00
0.00
0.00
0.00
0.00
0.60
0.00
0.00
0.00
23.30
0.00
0.00
0.00
0.00
8.30
1.20
0.00
0.00
0.00
0.00
0.00
0.00
0.00
0.20
9.00
0.20
0.00
0.00
50.50
62.30
0.00
0.00
0.00
0.00
0.00
0.00
0.00
0.00
0.00
0.00
0.00
0.00
0.00
0.00
0.00
0.20
0.00
0.00
0.00
0.00
0.00
0.00
0.00
0.00
0.00
0.00
0.00
0.00
0.00
0.00
0.00
0.00
0.00
0.00
0.00
0.00
1.80
0.20
0.00
0.00
0.00
0.00
2.40
0.00
0.00
0.00
0.00
0.00
0.00
0.00
0.00
0.20
0.00
0.00
0.00
0.00
0.00
0.00
0.00
0.00
0.00
0.20
2.40
0.00
0.00
0.00
0.00
0.00
0.00
0.00
0.00
0.00
0.00
0.00
0.00
0.00
0.00
0.00
0.00
0.00
48.50
0.00
0.00
0.00
0.00
0.20
0.00
0.00
0.00
0.00
0.00
0.00
0.00
0.00
0.00
0.00
0.00
0.00
11.10
0.00
0.00
0.20
0.00
0.00
0.00
0.00
0.00
0.00
1.80
1.80
0.00
0.00
0.00
0.00
0.00
0.00
0.00
0.00
0.00
0.00
0.00
0.20
5.20
0.00
0.40
0.20
2.00
1.00
0.00
0.00
0.00
0.00
2.60
46.80
162.00
7.90
12.90
0.20
0.00
0.00
0.00
0.20
4.80
0.00
8.20
1.60
0.00
0.40
3.00
0.00
0.00
0.00
0.00
0.00
0.00
9.40
0.00
0.00
0.00
0.00
0.00
0.00
0.20
0.00
1.80
7.60
1.20
0.00
0.20
0.00
0.00
12.40
0.20
0.00
0.00
0.00
0.00
0.20
4.60
1.80
0.00
0.00
0.00
0.00
0.20
0.00
0.00
0.00
0.00
0.00
0.00
0.00
0.20
6.20
24.40
8.90
8.20
0.40
0.40
3.80
0.20
0.80
3.80
0.00
0.00
0.00
0.00
1.00
0.00
0.00
0.00
0.00
0.00
0.00
0.20
0.20
0.00
0.00
6.70
1.00
0.00
12.80
0.40
0.00
0.00
0.20
0.00
0.80
0.00
6.40
0.80
2.80
0.00
0.00
0.00
0.00
0.00
0.00
0.00
0.00
0.00
0.00
0.00
0.00
0.00
0.00
0.00
0.00
5.20
4.40
0.20
0.00
0.00
0.00
0.00
0.00
0.00
0.00
0.00
0.00
0.00
1.40
0.00
0.80
0.20
0.00
0.00
0.80
0.00
17.90
0.00
0.00
0.20
0.00
2.00
0.00
0.00
0.00
0.00
0.00
0.00
0.00
0.00
0.00
0.00
0.00
0.00
0.00
2.20
0.00
0.00
3.40
0.00
0.00
0.00
0.00
0.00
0.00
0.00
0.00
0.00
0.00
0.00
0.00
0.00
0.00
0.00
0.00
0.00
0.00
0.00
1.00
0.00
0.00
0.00
0.00
0.00
0.00
0.00
0.00
2.20
0.00
3.00
32.40
18.90
2.20
0.60
0.20
0.00
0.00
0.00
0.00
2.20
44.10
0.00
0.00
0.00
0.00
0.00
0.00
6.60
0.00
0.00
0.00
0.40
7.90
0.00
0.00
0.00
0.00
0.00
0.00
0.00
0.00
0.00
0.00
0.00
0.00
0.00
0.00
0.00
0.00
0.00
0.00
5.40
0.00
0.00
0.00
0.00
3.00
0.00
0.00
0.00
0.00
0.00
0.00
0.00
0.00
0.00
0.00
0.00
0.00
0.00
0.00
0.00
0.00
0.00
0.40
0.00
1.60
0.00
0.00
2.00
6.20
0.00
0.00
0.00
0.00
0.00
0.00
0.60
0.00
0.00
4.50
0.00
0.00
0.00
0.00
0.00
0.00
0.00
0.80
4.60
0.00
0.00
0.00
1.00
0.00
0.00
0.00
0.00
0.00
0.00
0.00
0.00
0.00
0.00
0.00
0.00
0.00
0.80
0.20
2.40
0.00
0.00
0.00
0.00
0.00
0.00
0.00
0.00
0.00
0.00
0.00
0.00
0.00
0.00
0.00
0.00
4.20
0.00
0.00
0.00
0.00
0.00
0.00
0.00
0.00
0.00
0.00
0.00
0.00
0.00
0.00
0.00
0.00
0.00
0.00
13.50
0.80
0.00
0.00
0.00
0.00
3.80
0.00
0.00
0.20
0.00
0.00
0.00
0.00
0.00
0.00
0.20
6.70
2.80
0.00
0.00
3.80
0.00
0.00
0.00
0.80
3.40
0.00
0.00
0.00
0.00
0.00
0.00
0.00
0.00
0.20
0.20
0.20
0.00
0.20
0.00
1.20
0.00
0.20
0.00
0.00
0.00
0.00
0.00
0.00
0.00
0.00
0.00
2.40
20.20
27.70
13.20
0.00
0.00
0.00
0.00
0.20
0.00
0.00
0.00
0.00
0.00
0.00
0.00
0.00
0.00
0.00
0.00
0.00
0.00
0.00
0.20
0.40
0.00
0.00
0.00
0.20
0.20
0.00
0.00
0.00
0.00
0.00
0.00
0.00
0.00
0.00
0.00
0.00
0.00
0.00
0.00
0.00
0.00
0.00
0.00
0.00
5.40
4.60
4.20
0.20
0.20
0.00
7.20
1.60
0.20
0.40
0.40
1.00
0.00
0.60
0.00
0.00
0.00
0.00
0.00
0.80
0.80
0.60
0.00
0.00
0.00
0.00
0.00
0.00
0.00
0.00
0.00
0.00
0.40
0.20
5.30
0.00
0.00
0.00
0.00
0.00
0.00
0.00
0.00
0.00
0.00
0.00
0.00
0.00
0.00
0.00
0.00
0.00
0.00
0.00
0.00
0.00
0.00
0.00
0.00
0.40
0.00
1.20
16.60
0.00
0.00
0.00
0.00
0.00
0.00
0.00
6.00
0.20
0.00
3.60
22.30
0.20
0.00
0.00
0.00
0.00
0.00
0.00
0.00
0.00
0.00
1.80
7.00
0.20
0.00
0.00
6.00
11.20
0.60
0.00
6.80
2.60
11.60
0.00
13.80
12.90
7.20
0.00
0.00
0.00
0.00
0.00
0.00
0.00
0.00
0.00
0.00
0.00
0.00
0.00
0.00
0.00
0.00
0.00
0.00
0.00
0.00
0.00
0.00
0.00
4.00
73.10
81.80
14.90
1.20
0.00
0.00
0.00
0.00
0.00
0.00
0.20
0.00
0.00
0.00
0.00
0.00
0.00
0.00
0.00
0.80
0.00
0.00
0.00
0.00
0.00
0.00
0.00
0.00
14.20
7.60
0.00
3.00
7.60
0.00
0.00
0.00
0.00
0.00
0.00
0.00
0.00
0.00
0.00
0.00
0.00
0.00
0.00
0.00
0.00
0.00
0.00
0.00
0.00
0.00
0.00
2.00
0.00
0.00
0.00
0.00
0.00
0.00
0.60
0.20
0.00
0.00
0.20
0.20
0.00
0.00
0.00
0.00
0.00
0.00
0.00
0.00
0.00
0.00
0.00
0.00
0.00
0.00
0.00
0.00
0.00
0.00
0.00
0.00
0.00
0.00
0.00
0.00
0.00
7.10
2.80
1.60
0.00
0.00
0.00
0.00
6.00
0.00
0.00
0.20
0.20
0.00
0.60
0.60
17.50
0.20
1.00
0.00
8.60
0.00
0.00
0.00
0.00
0.00
0.00
0.20
2.40
0.00
0.00
0.00
7.30
0.00
0.00
0.20
0.00
0.00
0.00
0.00
0.00
7.30
0.20
0.20
2.00
1.40
0.00
0.00
0.00
0.00
0.00
0.00
0.00
0.00
0.00
0.00
12.60
0.00
0.00
0.00
0.00
0.00
0.60
10.40
0.40
0.00
0.00
0.00
0.00
0.00
0.00
0.00
0.00
0.00
0.20
1.00
0.00
0.00
0.00
0.00
0.00
0.00
0.00
0.20
0.80
0.20
0.00
0.00
0.00
0.00
0.00
1.20
0.20
0.00
0.00
0.00
0.00
0.00
0.20
0.40
0.00
0.00
0.00
0.00
0.00
34.30
0.00
0.00
0.00
0.00
0.00
0.00
0.00
1.00
0.20
0.00
3.00
0.00
0.00
0.00
0.00
0.00
0.00
0.00
1.20
0.40
0.60
0.20
0.00
3.80
0.00
0.00
1.20
0.40
6.20
1.80
0.20
0.20
0.40
0.00
0.00
0.00
0.80
1.00
0.00
2.60
0.00
0.00
0.00
0.00
0.00
2.40
0.20
1.00
2.60
4.60
0.60
0.00
0.00
0.00
0.00
0.00
0.00
0.00
0.00
2.00
0.40
0.00
0.40
0.00
0.00
0.00
0.00
0.00
0.00
0.00
0.80
0.20
0.00
0.00
0.00
0.40
0.00
0.00
0.00
0.00
0.00
0.00
0.00
0.00
0.00
0.00
0.20
0.00
0.00
0.00
5.40
43.20
0.20
1.20
0.40
0.40
10.60
31.10
0.20
0.00
0.00
0.00
0.00
0.00
2.20
0.80
0.00
0.00
0.00
0.00
0.00
0.20
0.00
0.00
0.00
0.00
0.20
0.00
0.00
0.00
0.00
8.00
0.00
0.00
0.00
0.00
1.20
29.30
0.00
2.00
2.00
0.00
0.00
0.00
0.00
0.00
0.00
0.00
0.00
2.60
0.00
0.60
0.00
0.00
4.00
37.50
0.20
0.00
0.00
4.40
0.20
0.00
0.00
0.00
0.00
0.00
0.20
0.00
0.00
0.00
0.00
0.00
0.00
0.00
0.00
2.40
53.00
25.90
2.20
0.00
0.00
0.00
0.00
0.00
0.00
0.00
6.10
0.00
0.00
0.00
0.00
0.00
0.00
0.00
0.80
0.00
0.00
0.00
0.00
0.00
0.00
0.00
0.00
0.40
0.00
0.00
4.60
0.00
0.00
1.40
0.00
0.00
0.00
0.00
0.00
0.00
0.00
3.90
0.00
0.00
0.00
0.00
0.00
0.00
0.00
0.00
0.00
0.00
0.00
0.00
0.00
0.00
0.00
0.00
0.00
0.00
0.00
0.00
0.00
0.00
0.00
0.00
0.00
0.00
0.00
0.00
0.00
0.00
0.00
0.00
0.00
1.20
0.00
0.00
12.60
0.00
0.00
0.00
0.00
0.00
0.00
0.00
0.00
0.00
0.00
0.00
0.00
0.00
0.00
0.00
0.00
0.00
0.00
0.00
0.00
0.00
0.00
0.00
1.00
19.20
0.20
0.00
0.00
0.20
0.00
0.20
0.00
0.00
0.00
0.00
0.00
0.00
0.00
6.60
1.00
0.00
31.20
0.00
0.00
0.00
0.40
6.20
1.00
0.00
0.00
0.00
0.00
0.00
0.00
0.00
0.00
0.00
0.00
0.00
40.40
1.60
0.00
0.00
0.00
0.00
2.80
12.10
3.60
6.60
2.20
0.20
0.00
0.00
0.00
0.00
0.00
0.00
0.00
0.00
0.00
0.20
0.00
0.00
8.60
4.20
9.00
8.60
5.60
0.20
0.00
2.40
0.00
0.00
0.00
9.80
0.80
5.70
0.00
0.00
1.20
0.60
0.00
0.00
0.00
0.00
0.20
0.40
0.40
0.40
43.40
0.00
0.00
0.00
0.20
76.30
37.90
5.00
0.00
0.00
0.00
0.00
0.40
0.20
0.00
0.00
0.80
0.80
0.00
0.00
0.00
5.20
0.00
0.00
9.00
4.00
2.20
5.40
0.60
0.00
0.00
0.00
0.00
0.40
0.00
0.00
0.00
0.00
0.80
0.00
0.00
0.20
0.00
0.00
0.00
0.00
0.60
0.00
0.60
0.00
0.00
0.00
0.20
0.00
0.00
0.00
0.00
0.00
0.20
0.20
0.00
0.00
0.00
0.00
0.00
0.00
0.00
0.00
0.00
0.00
0.00
0.00
0.00
0.00
0.00
1.60
0.60
1.60
0.80
0.00
0.00
2.40
0.20
0.20
0.40
0.20
0.60
0.40
0.60
0.20
0.00
0.20
0.20
0.40
0.00
0.00
0.00
0.20
0.00
0.00
0.00
0.00
11.50
0.40
0.00
0.00
9.00
15.00
11.00
0.60
0.00
0.00
0.00
0.00
0.00
0.00
0.00
0.00
0.00
0.00
0.00
0.20
0.00
0.00
0.20
0.00
0.00
0.00
0.00
0.00
0.00
0.00
0.00
0.00
0.00
0.00
0.00
0.00
8.00
19.10
36.60
1.20
0.80
0.20
0.00
0.00
0.00
0.00
0.00
0.00
8.00
0.00
0.00
0.00
0.60
0.00
0.00
0.00
60.40
0.40
0.60
0.00
0.00
0.00
22.00
0.00
0.00
0.00
0.00
0.40
8.00
1.00
1.80
0.00
3.60
38.10
0.80
7.20
0.80
0.60
0.00
0.00
0.00
12.40
8.60
0.00
0.00
0.00
0.00
0.00
0.00
0.00
0.00
0.00
0.00
0.00
0.00
0.20
0.00
5.00
0.00
0.00
2.60
0.00
0.00
0.00
0.00
0.00
0.00
0.00
0.00
0.00
0.00
0.00
0.00
13.80
0.00
0.00
0.00
0.00
0.00
0.00
0.40
0.00
5.50
0.00
0.00
0.00
0.00
0.00
0.00
0.00
0.00
0.00
0.00
0.00
0.00
0.00
18.80
5.00
2.60
0.00
0.00
0.80
0.00
0.00
0.00
0.00
0.00
17.70
1.80
0.00
0.00
0.00
0.00
0.00
2.60
0.00
0.00
0.00
0.00
7.30
7.90
0.00
0.00
0.00
9.50
0.20
0.00
0.00
0.00
0.00
0.00
3.00
0.00
0.00
0.00
0.00
0.00
0.00
0.00
0.00
0.00
0.00
0.00
0.00
0.00
0.20
0.00
0.00
0.00
0.00
0.00
0.00
0.00
0.00
0.00
0.00
3.60
0.00
0.40
0.00
2.80
0.00
0.00
2.80
2.00
1.60
0.00
0.00
0.00
0.00
0.00
0.00
0.00
0.00
0.00
0.00
0.00
0.00
0.00
0.00
0.00
0.00
0.00
0.20
0.00
0.00
0.00
0.00
0.00
0.00
0.00
0.00
0.00
0.00
0.00
0.20
0.00
0.00
0.00
0.00
0.00
0.20
0.00
0.00
27.20
0.00
0.00
0.00
7.80
0.20
11.60
0.20
1.40
0.00
0.00
0.00
0.00
0.00
0.00
1.00
0.00
0.00
0.00
0.00
0.00
0.00
0.00
0.00
0.00
0.00
0.00
0.00
0.00
0.00
0.00
0.20
0.00
0.00
0.20
0.20
0.20
0.00
0.60
3.40
0.00
16.20
0.00
2.00
8.60
6.20
0.00
3.60
10.60
6.80
0.00
0.60
2.80
0.00
0.40
0.20
0.00
0.00
0.20
0.20
0.00
0.00
0.00
0.00
0.00
0.20
0.20
0.00
0.00
0.00
0.00
0.00
0.00
0.00
0.00
0.00
0.20
0.40
0.40
0.20
0.40
0.40
0.00
0.20
0.20
0.40
0.40
0.20
0.20
0.20
0.00
0.00
0.00
0.00
0.00
0.00
0.00
0.00
0.00
0.00
0.00
0.00
0.00
0.00
0.00
0.00
0.00
0.00
0.00
0.00
5.20
5.40
0.00
0.00
0.00
0.00
0.00
0.00
0.00
0.00
0.00
0.00
0.00
0.00
1.40
5.40
0.20
0.00
0.00
0.00
0.00
0.40
1.60
0.00
0.00
0.00
0.00
0.00
0.00
0.00
0.00
0.00
0.00
0.00
0.00
0.00
0.00
0.00
0.00
0.00
0.00
0.00
0.00
12.70
0.00
0.00
2.00
0.00
0.00
0.00
0.00
0.60
0.00
6.20
0.40
0.00
0.00
0.00
0.00
0.00
0.00
0.00
0.00
0.00
0.00
1.60
0.00
0.00
0.00
0.00
0.00
0.20
0.00
0.00
0.20
0.00
0.00
0.00
0.00
0.00
0.00
0.00
0.00
0.20
0.60
0.00
0.00
0.00
0.00
0.00
0.60
0.00
2.40
3.40
12.70
0.00
2.20
12.40
7.80
0.00
0.00
0.00
0.00
1.40
0.00
0.00
0.00
0.00
0.00
0.00
0.00
0.00
0.00
2.20
0.00
0.00
0.00
0.00
0.00
0.00
0.00
0.00
0.00
1.00
0.00
4.20
0.00
0.00
0.00
0.00
0.00
0.00
0.00
7.10
0.00
3.40
1.60
0.00
0.00
0.00
2.40
0.00
0.00
0.00
0.00
0.00
0.20
0.00
0.00
0.00
0.00
0.00
0.00
0.00
0.00
0.00
0.00
0.00
0.00
0.00
0.00
0.00
0.00
0.00
0.00
0.00
0.00
0.00
0.00
0.00
5.10
0.00
0.00
0.00
2.40
0.00
0.00
0.00
0.00
0.00
0.00
0.00
5.20
22.00
0.00
0.00
0.00
0.00
0.00
1.00
7.30
0.00
0.00
0.00
0.00
0.00
0.00
0.00
0.00
0.00
0.00
0.00
0.00
0.00
0.00
0.00
0.00
0.00
0.00
0.00
0.20
33.60
9.20
0.20
0.00
0.00
0.00
0.00
0.00
0.00
0.00
6.00
0.00
0.00
0.00
0.00
0.20
0.00
0.00
25.20
0.00
0.20
0.20
0.20
0.00
0.00
0.00
0.00
0.00
0.00
0.00
0.00
0.00
0.20
0.40
0.00
4.60
5.40
19.20
15.80
0.00
0.00
2.80
0.20
0.00
0.20
0.00
4.80
0.00
0.20
0.00
0.00
0.20
0.00
0.00
3.60
0.00
0.00
0.00
0.00
0.00
0.00
0.00
0.20
14.00
14.60
5.20
0.20
22.30
26.50
7.20
0.80
0.00
0.00
0.00
0.00
0.00
0.60
0.80
0.00
0.40
0.00
0.00
0.00
0.00
0.20
0.00
5.80
1.00
0.00
0.60
0.00
0.00
0.00
0.00
0.00
0.00
0.00
0.00
0.00
0.00
0.00
0.00
0.00
0.00
0.00
0.20
0.00
0.00
0.00
0.00
0.00
1.80
0.00
1.20
0.00
0.00
0.40
0.00
0.00
0.00
0.20
3.20
12.90
1.80
6.00
2.80
0.00
0.20
0.20
0.40
0.20
0.40
0.20
0.00
0.00
0.20
0.00
0.00
0.00
0.00
0.00
0.20
0.00
1.40
0.00
11.80
0.40
0.00
0.40
0.40
0.00
0.00
0.00
0.00
0.00
0.00
0.00
0.00
0.00
0.00
0.00
0.00
0.00
0.00
0.00
0.40
0.00
0.00
0.00
0.00
0.00
0.00
11.40
0.20
0.00
0.00
0.00
0.00
0.00
0.80
0.00
0.00
0.00
0.00
0.00
0.00
0.00
0.00
0.20
0.20
0.20
0.00
0.40
0.60
0.00
1.40
0.00
0.40
0.20
0.00
0.00
0.00
0.00
0.00
0.00
0.00
0.00
0.00
0.00
0.00
0.00
1.20
0.40
0.20
0.00
0.00
0.00
0.00
0.00
0.00
3.40
3.20
9.90
0.00
0.00
0.00
0.00
0.80
0.00
0.00
0.00
0.00
0.00
0.00
0.00
0.00
0.00
0.00
0.00
0.00
0.00
0.00
0.40
0.20
0.00
0.00
0.60
0.60
0.80
0.00
0.00
0.20
0.00
0.00
0.00
0.00
0.00
0.00
1.40
0.00
0.00
0.00
0.00
0.00
0.00
0.00
0.00
0.00
0.00
0.00
0.00
0.00
0.00
0.00
0.00
5.20
0.20
0.00
0.00
0.00
0.00
0.00
0.00
0.00
0.00
0.00
0.00
0.00
0.00
1.40
0.00
0.00
0.00
0.00
0.00
0.00
0.00
0.00
0.00
0.00
0.00
0.00
0.00
0.00
0.00
0.00
0.00
0.00
0.00
0.00
0.00
1.00
0.00
0.20
0.00
0.00
0.00
0.00
0.00
0.00
0.00
0.00
0.00
0.20
0.00
0.00
0.00
0.00
0.00
0.00
0.00
0.00
0.00
0.00
0.00
1.20
0.00
0.00
0.00
0.00
0.00
0.00
29.60
0.00
0.00
0.00
0.00
0.00
0.00
0.00
0.00
0.00
0.00
0.00
0.00
0.00
0.00
0.00
0.00
0.00
0.00
0.00
0.00
0.00
0.00
0.00
0.00
0.00
0.00
0.00
119.80
6.90
15.70
0.00
0.80
0.00
0.00
0.00
0.20
0.00
0.00
8.40
0.20
0.00
0.00
0.00
0.20
0.00
0.00
0.20
0.00
0.00
0.00
0.00
0.00
0.00
0.00
0.00
0.00
6.90
0.00
0.00
0.00
0.20
5.40
0.00
1.20
2.00
6.40
0.20
0.20
5.20
0.00
0.00
0.00
0.20
0.20
0.00
0.00
0.00
0.00
0.00
0.00
0.60
0.00
0.20
0.60
0.40
0.20
0.40
0.40
0.00
0.00
0.00
0.20
2.60
0.60
0.00
0.00
0.00
1.00
0.00
0.00
0.00
0.00
0.00
0.00
0.40
0.20
0.00
0.00
0.00
0.20
0.00
0.20
16.00
0.80
3.20
0.00
0.00
0.00
1.40
0.60
0.20
0.40
0.00
0.00
0.00
0.00
0.00
0.00
2.80
7.00
3.80
0.00
0.20
0.00
0.20
0.20
0.20
0.20
0.00
0.00
0.00
0.20
0.00
0.00
0.20
0.20
0.00
0.00
0.00
0.20
0.20
0.20
0.40
0.20
0.20
0.00
0.00
0.00
0.00
1.40
0.20
0.00
5.00
4.80
0.00
0.00
0.00
3.40
0.00
0.00
0.20
0.00
0.20
0.20
0.20
0.00
6.40
4.60
0.00
0.00
0.20
0.00
0.20
0.00
0.00
0.40
1.20
0.00
0.00
0.00
1.60
0.00
0.00
0.40
0.00
0.00
0.00
0.00
0.00
0.00
0.00
0.00
0.00
3.00
0.00
0.00
0.00
0.00
0.00
0.00
0.00
0.00
6.90
0.00
0.00
0.00
0.00
0.00
0.00
0.00
0.00
0.00
0.00
0.60
7.60
1.80
0.00
13.00
13.60
5.20
0.40
2.60
7.00
10.60
0.00
0.00
0.00
0.00
0.00
12.20
7.90
21.70
2.80
0.00
0.00
0.00
0.00
0.00
0.00
0.20
0.00
0.00
0.00
0.00
0.00
26.70
11.80
4.60
6.80
0.00
18.20
0.40
0.00
0.00
0.00
0.00
0.00
0.00
0.00
0.00
0.00
1.80
0.00
0.00
0.00
0.00
5.20
0.20
0.00
0.00
2.00
0.40
4.00
0.40
0.00
0.00
0.00
0.00
0.00
0.00
0.00
0.00
1.80
0.40
0.40
0.00
0.00
0.00
0.00
0.00
1.60
0.00
0.00
1.60
0.40
0.00
1.40
0.00
0.00
0.00
0.00
0.00
0.00
0.00
0.00
0.00
0.00
0.00
0.00
5.20
0.00
0.00
0.00
0.00
0.00
0.00
0.00
0.00
0.00
0.00
0.00
0.00
0.00
0.00
0.00
0.00
0.00
0.00
0.00
0.00
0.00
0.00
0.00
0.00
0.00
0.00
0.00
0.00
0.00
0.00
0.00
0.00
0.00
0.00
0.00
0.80
0.00
0.80
0.00
0.00
0.00
2.60
0.00
0.00
0.00
0.00
0.00
0.00
0.00
0.00
0.00
0.00
1.00
2.60
0.00
0.40
0.00
0.00
0.00
0.00
0.00
0.00
0.00
0.00
0.00
0.00
0.00
0.00
0.00
0.00
0.00
0.00
0.00
0.00
0.00
0.00
0.00
3.20
0.00
0.00
0.00
2.60
7.00
0.20
0.00
0.00
0.00
0.00
0.00
1.20
0.20
0.00
0.00
31.50
5.60
1.60
0.00
0.00
0.00
0.00
1.40
1.80
0.00
0.00
0.20
0.00
0.20
11.30
0.00
0.20
0.20
0.00
0.00
0.00
0.00
0.00
0.00
0.00
0.00
0.00
0.00
0.00
0.00
0.00
0.00
0.00
0.00
0.00
0.00
0.00
0.00
0.00
0.00
0.00
0.00
0.00
0.00
0.00
0.00
0.00
0.00
6.00
0.00
0.00
0.20
0.00
0.00
0.00
0.00
0.00
0.00
0.00
0.00
0.00
0.00
0.00
0.00
0.00
0.00
0.00
0.00
0.00
0.00
0.00
0.00
0.00
0.00
0.00
3.60
8.60
0.20
37.70
15.80
2.40
1.00
0.00
0.20
0.20
0.20
0.60
0.00
0.20
0.00
0.00
6.00
2.00
0.00
0.00
0.00
0.00
0.00
0.20
1.60
2.80
0.00
0.00
4.00
0.00
2.80
0.00
0.00
0.00
0.60
0.40
0.20
0.00
0.00
0.00
0.20
0.20
0.00
0.00
0.00
0.00
0.00
0.00
0.00
1.40
0.00
0.00
0.00
0.20
0.00
0.00
0.00
0.00
0.40
1.20
0.00
0.20
1.00
2.80
0.60
1.60
0.00
0.20
0.00
5.60
3.60
0.00
0.00
0.00
0.00
0.00
0.00
0.00
0.00
0.00
0.00
0.00
0.00
1.60
0.00
0.00
1.20
0.00
0.00
0.00
0.00
0.00
0.00
0.00
0.00
0.00
0.20
0.00
0.00
0.00
0.40
0.80
0.00
0.00
4.60
0.00
0.00
0.00
0.00
0.00
0.00
0.00
0.20
0.20
2.00
1.00
0.80
0.00
2.00
0.00
0.00
0.00
3.00
2.00
0.00
15.80
0.00
0.00
0.00
0.00
0.00
0.00
0.00
0.00
0.00
0.00
0.00
0.00
0.00
0.00
0.00
0.00
0.00
2.00
18.70
71.80
10.80
5.90
0.00
20.60
0.00
22.20
3.00
2.00
14.40
0.00
0.00
0.00
3.80
1.40
9.00
1.80
8.20
17.30
0.40
0.00
3.40
0.00
0.00
0.00
0.00
1.40
0.00
0.00
0.00
2.60
0.00
34.10
0.00
0.00
0.00
0.00
13.20
0.00
0.00
0.00
0.00
0.00
0.00
0.00
0.00
0.00
0.00
1.20
0.00
0.00
0.00
0.00
0.00
0.00
0.00
3.70
0.00
0.00
0.00
0.00
0.00
0.00
14.50
0.00
0.00
0.00
0.00
0.60
0.00
0.00
1.60
0.00
0.00
0.00
1.20
0.00
0.00
0.00
0.00
0.00
0.00
0.00
0.00
0.00
0.00
0.00
9.30
0.00
0.00
0.00
0.00
0.00
0.00
0.00
0.00
0.00
0.00
0.00
0.00
0.40
0.00
0.00
0.00
7.50
0.00
0.00
0.00
0.00
0.00
0.00
0.00
0.00
0.20
4.10
0.00
0.00
0.00
0.00
1.20
0.00
0.00
0.60
0.00
14.80
0.00
0.00
0.00
0.00
0.00
0.00
0.00
0.00
0.00
0.00
4.60
16.30
0.00
0.00
0.00
0.00
0.20
0.00
0.00
0.00
0.00
0.00
0.00
0.00
0.00
0.00
0.20
0.20
0.00
0.80
1.40
0.20
0.00
0.20
0.20
0.00
8.90
0.00
0.00
0.20
3.20
13.20
0.00
0.20
0.00
0.00
19.00
8.40
0.20
3.00
6.90
44.80
0.00
0.00
0.00
0.00
0.00
1.60
0.00
0.20
0.20
0.40
0.00
0.00
0.00
0.00
0.00
0.00
0.00
0.00
0.00
0.00
0.00
1.20
0.00
0.00
0.00
0.00
0.00
0.00
0.00
0.20
1.00
0.00
2.40
1.20
0.00
0.20
13.00
0.20
0.00
0.00
7.40
0.00
0.00
0.00
0.00
0.00
0.00
0.00
0.00
0.20
0.20
0.00
0.20
3.00
12.60
6.80
1.60
0.20
0.00
1.60
2.00
0.20
2.80
0.00
0.00
0.00
0.00
8.20
7.60
0.00
0.00
1.00
0.00
0.00
0.20
0.00
0.20
3.60
0.00
0.00
2.00
0.00
0.00
3.40
0.20
0.00
0.00
0.00
0.00
10.40
6.00
2.40
0.00
0.20
0.00
0.60
0.00
0.00
0.00
0.00
0.00
0.00
0.00
0.00
0.00
0.00
0.00
0.00
0.00
0.00
0.00
0.00
0.00
0.00
0.00
0.20
0.00
2.60
1.60
0.00
0.40
3.60
0.20
0.00
0.00
0.00
0.00
0.00
0.00
0.00
0.00
0.00
0.00
0.00
0.00
0.00
0.00
0.00
0.00
0.00
0.00
0.00
0.00
0.00
0.00
15.20
2.00
1.40
5.40
1.20
1.80
0.00
0.00
0.00
1.60
28.00
5.60
0.00
27.10
15.60
0.00
0.00
0.00
1.60
2.00
0.00
0.00
6.50
0.00
0.00
0.00
0.00
0.00
0.00
3.00
0.00
0.00
0.00
0.00
0.00
0.00
0.00
0.00
0.00
0.00
3.80
0.00
0.00
0.40
0.00
0.00
1.20
1.40
0.00
0.00
0.10
0.00
0.00
0.00
0.00
0.00
0.00
0.00
0.00
0.00
0.00
0.00
0.00
0.00
0.00
0.00
0.00
0.00
0.00
16.80
0.90
0.00
0.00
0.00
0.00
0.00
0.00
0.00
0.00
0.00
0.00
0.00
0.00
0.30
0.00
0.00
0.00
0.00
0.00
4.10
0.00
0.00
0.00
0.00
0.10
0.00
0.00
0.00
0.00
0.00
1.10
0.00
0.00
0.00
0.00
0.00
0.00
0.00
3.30
0.00
0.00
0.00
0.00
0.00
0.00
0.00
4.70
0.00
0.00
0.00
0.00
0.00
0.00
0.00
0.00
0.00
15.20
0.00
0.00
0.00
0.00
0.00
0.00
1.00
0.00
0.00
0.00
0.00
0.00
0.00
0.00
0.00
0.00
0.00
0.00
0.00
0.00
0.00
0.00
0.00
0.00
0.00
0.00
0.00
0.00
0.00
0.00
0.00
0.00
0.00
0.00
0.00
0.00
0.00
0.00
0.00
0.00
0.00
0.00
0.00
0.00
0.00
0.00
39.40
0.10
0.00
0.00
0.00
0.20
0.10
0.00
0.00
0.00
0.00
0.00
10.20
4.00
5.60
0.00
0.00
0.00
0.00
0.00
0.10
2.70
0.00
0.00
0.00
0.00
0.00
0.00
0.00
0.00
0.00
0.00
0.00
0.40
0.00
7.30
0.00
0.00
0.00
0.10
0.10
0.20
0.10
0.30
0.00
0.00
1.00
0.00
0.00
0.00
0.10
0.60
0.80
0.00
0.00
0.00
0.00
0.00
0.00
0.00
0.00
0.00
0.00
0.00
0.00
0.20
0.80
0.00
0.00
0.20
0.80
0.30
0.00
1.80
0.70
0.00
0.00
11.10
0.00
0.00
0.00
0.00
0.00
0.00
0.00
0.20
0.20
2.30
0.00
13.30
0.80
1.20
0.00
0.00
0.00
1.00
3.70
2.30
1.40
3.60
9.60
0.00
0.00
4.20
0.00
0.00
0.00
0.00
0.00
4.30
0.80
0.00
0.00
-99.00
0.00
14.20
3.40
5.10
4.50
7.60
0.00
0.00
0.00
0.00
0.00
0.00
0.00
0.00
0.10
0.10
3.20
0.00
0.00
0.00
0.00
0.00
1.90
0.00
0.00
0.10
7.90
0.20
0.00
0.00
10.30
0.00
0.00
0.00
0.00
0.00
0.00
4.10
1.90
0.30
10.70
0.80
0.00
0.00
0.30
0.00
0.20
0.00
0.00
1.20
0.00
0.00
2.20
3.90
0.00
0.00
0.00
10.30
3.40
0.00
0.00
0.00
0.00
0.00
0.00
0.00
0.00
0.00
0.00
0.50
0.00
3.30
1.90
0.10
0.10
0.60
0.00
0.00
0.00
0.00
2.10
0.20
0.00
0.00
1.00
0.00
0.00
0.00
8.20
0.00
0.00
0.00
0.00
13.00
0.00
4.00
0.00
0.00
4.60
0.10
0.00
0.00
0.00
0.50
0.00
0.00
0.00
0.00
0.00
0.00
0.00
0.00
0.00
1.00
34.20
0.00
0.00
0.00
4.80
0.00
0.00
0.20
3.80
3.20
3.30
0.00
0.00
0.00
0.00
0.00
0.00
0.00
0.00
0.00
0.10
0.00
0.00
0.00
3.10
1.00
0.00
0.00
0.00
0.00
0.00
0.00
0.00
1.00
15.60
0.00
0.60
17.50
1.00
9.80
7.40
0.00
0.00
0.00
0.80
0.00
0.00
0.00
0.00
0.00
0.00
0.00
0.00
0.00
0.50
0.00
0.00
2.10
0.00
0.00
0.00
0.00
0.00
0.00
0.00
0.00
0.00
0.00
0.00
0.00
0.00
0.00
0.00
0.00
0.00
0.00
0.00
0.00
0.00
0.10
0.30
0.00
0.00
0.00
0.00
0.00
0.00
0.00
0.00
0.00
25.20
0.00
0.00
0.00
0.00
0.00
0.00
0.00
0.00
0.00
0.00
0.00
1.80
0.00
0.00
0.00
0.00
0.00
1.90
0.00
0.00
0.00
0.00
0.00
0.00
0.00
0.00
0.00
0.00
0.00
0.00
0.10
3.80
0.00
0.00
0.00
0.90
0.00
0.00
0.00
0.00
0.00
0.00
0.00
0.00
0.00
0.00
17.20
0.00
0.00
10.70
0.00
0.00
5.90
1.80
0.00
0.00
0.00
0.00
0.00
0.00
0.00
0.00
0.80
0.00
0.00
0.00
0.00
0.00
13.60
0.00
4.80
40.80
0.30
0.00
0.00
0.00
0.00
0.00
0.00
0.00
0.00
0.10
0.00
0.30
0.00
0.00
0.00
0.00
0.00
0.00
0.60
0.00
0.00
0.00
0.00
0.00
0.00
0.00
8.90
0.00
0.00
0.00
0.00
0.00
1.40
1.50
0.00
0.00
0.00
0.00
2.00
1.40
0.00
0.00
0.00
0.00
0.00
0.00
0.00
0.60
1.90
0.20
0.00
0.00
0.00
0.40
0.00
0.10
0.00
0.30
0.00
0.00
0.20
0.60
0.10
0.00
0.00
0.00
0.00
0.30
0.10
3.80
3.20
2.70
0.00
0.00
0.00
0.00
0.00
0.00
0.00
0.10
0.60
0.00
0.00
0.00
0.70
0.10
0.00
0.00
0.40
0.00
0.00
0.00
0.00
0.00
0.10
0.30
0.30
0.20
0.10
0.00
0.00
0.00
0.00
0.00
0.00
0.00
3.30
0.40
0.20
0.00
0.00
0.00
0.00
0.00
0.00
0.00
0.00
0.00
0.10
0.10
0.40
0.10
0.00
0.00
0.50
0.70
0.10
0.10
0.00
0.60
0.00
1.80
0.00
0.00
0.00
0.00
0.00
0.00
0.00
0.00
0.00
15.20
16.50
0.10
0.00
0.00
0.00
0.00
0.00
1.30
27.10
0.10
3.70
36.80
11.20
0.00
0.00
0.00
0.00
0.00
2.70
0.00
0.40
0.00
1.80
2.00
0.00
0.00
1.00
0.00
0.00
0.00
0.00
0.00
0.00
0.00
0.00
0.00
0.00
0.00
0.00
0.00
0.00
0.00
0.00
0.00
0.00
0.00
0.00
0.00
0.70
38.10
1.20
0.60
1.30
0.00
0.00
0.10
0.00
0.00
0.00
0.00
0.00
0.00
0.00
0.00
21.90
0.00
0.00
0.00
0.00
0.00
0.00
12.90
0.00
0.00
0.00
0.00
0.00
0.00
0.00
0.00
0.00
0.00
0.00
0.20
0.00
0.30
2.50
8.00
0.10
0.00
5.90
3.40
1.40
0.00
0.00
0.00
0.00
0.10
1.30
0.00
0.00
0.00
0.00
0.00
0.00
0.00
0.00
0.00
0.00
0.10
0.00
0.00
0.00
0.00
0.00
0.00
0.10
0.10
0.00
0.00
0.10
4.70
0.30
0.00
0.00
0.00
0.00
0.00
0.00
0.00
10.50
0.10
0.00
0.00
0.00
0.00
0.00
0.00
0.00
0.00
0.00
0.00
0.00
0.00
0.00
0.40
0.00
0.00
0.00
0.00
0.00
0.00
0.00
0.00
0.00
0.00
0.00
0.00
0.00
0.00
0.00
0.00
2.30
0.00
0.00
0.00
0.00
0.00
0.00
0.00
0.00
0.00
0.00
0.00
0.00
0.00
0.00
0.00
0.00
0.00
0.00
0.00
0.20
7.40
0.00
0.00
0.00
0.00
0.00
0.00
0.00
0.00
0.00
0.00
0.00
0.00
0.00
0.00
0.00
0.00
0.00
0.00
0.00
0.00
0.00
0.00
0.00
0.00
0.00
0.00
0.00
0.00
0.10
0.00
0.00
0.00
0.00
0.00
0.00
0.00
0.00
0.00
0.00
0.00
0.00
0.00
0.00
0.00
0.00
0.00
0.00
0.00
0.00
0.00
5.00
0.00
0.10
8.90
5.50
0.30
0.00
0.00
0.00
0.00
3.60
7.20
1.10
0.00
1.00
0.00
0.00
0.00
0.20
0.00
0.00
0.00
24.90
0.10
0.00
0.00
14.30
22.90
0.10
14.60
0.10
0.10
0.30
0.30
0.30
0.20
0.40
0.10
0.60
0.50
0.10
0.00
0.00
0.00
0.00
0.00
0.30
0.10
0.00
0.00
0.00
0.00
0.00
0.10
0.00
0.00
0.00
0.00
0.00
0.00
0.00
0.00
0.00
0.00
0.00
0.00
0.00
0.00
0.00
0.00
0.00
0.00
0.00
0.00
0.00
0.00
0.00
0.00
0.00
0.20
0.40
0.10
0.00
0.10
3.70
0.20
0.00
0.00
0.00
0.00
0.00
0.00
0.00
0.00
0.00
3.90
0.00
0.00
0.00
0.00
1.10
0.00
0.00
0.00
1.70
0.00
0.00
0.00
0.00
0.00
0.00
0.00
0.00
0.00
0.00
0.00
0.00
0.00
0.00
0.00
0.00
0.00
0.00
0.00
0.00
0.00
0.00
0.00
0.10
0.00
0.00
0.00
0.40
0.00
0.00
0.00
0.00
0.00
0.00
0.00
0.00
0.00
0.00
0.00
0.00
0.00
0.00
0.00
11.40
28.40
0.00
0.00
0.00
0.00
0.00
0.00
0.00
0.00
0.00
0.00
0.00
0.00
7.80
0.20
1.30
9.50
0.00
0.00
0.00
4.00
0.00
5.60
0.00
0.80
0.00
0.00
0.20
0.00
0.70
0.30
0.30
0.50
0.00
0.00
0.00
0.00
0.00
6.70
5.10
17.70
0.00
0.00
0.00
0.00
0.00
0.00
0.00
0.00
0.00
0.00
0.00
0.00
0.00
0.00
0.00
0.00
0.00
0.00
3.10
0.20
0.00
0.00
0.00
0.00
0.00
0.00
0.00
0.00
1.40
0.00
0.00
0.00
0.10
7.00
0.00
0.00
0.00
0.00
0.00
0.00
0.00
0.00
0.00
0.00
0.00
0.00
0.00
0.10
0.80
6.20
0.00
0.00
0.00
0.00
0.00
0.00
0.00
0.10
0.00
0.00
0.00
0.00
0.00
0.00
0.00
7.00
0.00
0.00
0.00
0.00
0.00
0.00
0.00
0.00
0.00
0.00
0.00
0.00
0.00
0.00
0.00
0.00
0.00
0.00
0.00
0.00
0.00
0.00
0.30
0.00
0.00
0.00
0.00
0.00
0.00
0.00
4.90
0.00
0.00
0.00
0.00
0.00
0.00
0.00
0.00
0.00
0.00
0.00
0.00
0.00
1.20
0.00
0.00
0.00
0.00
0.00
0.00
0.00
0.00
0.00
0.00
0.90
0.00
0.00
0.00
0.00
0.00
0.00
0.00
0.00
0.00
0.00
0.00
0.00
0.00
0.00
0.00
0.00
0.00
0.00
0.00
0.00
0.00
0.00
0.00
0.00
0.00
0.00
0.10
0.60
8.80
20.90
0.00
0.00
0.00
0.00
0.00
0.00
0.00
0.00
0.00
0.00
7.20
5.70
0.00
0.00
2.40
0.00
0.00
0.00
0.00
48.30
53.60
18.90
0.10
0.10
0.00
3.30
1.90
0.00
0.00
0.00
9.00
14.70
0.00
0.00
0.50
6.70
0.00
0.00
0.00
0.60
8.40
0.10
0.10
0.00
0.00
0.10
0.00
0.40
20.20
1.10
0.00
0.00
0.10
0.00
0.00
0.00
0.00
0.40
0.60
0.00
0.00
0.00
0.00
0.00
0.00
0.00
0.00
0.00
0.00
0.00
0.00
0.00
0.00
0.00
0.10
2.20
0.90
0.00
0.00
0.00
0.00
0.00
0.00
0.00
0.00
0.30
0.00
0.00
0.00
0.00
0.10
0.00
0.00
0.00
0.00
0.00
0.00
0.00
0.00
0.00
0.00
0.00
0.00
0.00
6.00
2.50
0.00
0.00
0.00
0.00
1.60
13.30
2.90
0.00
0.50
0.90
7.20
0.50
1.40
5.30
0.00
0.00
0.00
0.00
0.00
2.60
0.00
0.00
2.30
0.00
0.00
0.30
0.00
0.20
0.00
0.00
0.00
0.00
0.00
0.00
0.10
0.00
0.00
0.00
0.00
12.50
6.20
0.00
0.00
0.00
0.00
40.50
26.10
0.00
0.00
21.90
22.60
8.20
0.00
0.80
0.30
0.10
1.20
0.00
0.80
0.00
0.00
0.00
1.40
0.10
0.50
0.60
0.00
0.00
0.10
0.00
2.40
7.60
0.00
0.00
5.90
0.10
0.40
0.90
0.00
4.70
4.90
1.10
0.00
0.00
0.00
0.00
0.00
0.00
0.00
0.00
0.00
0.00
0.00
0.00
0.00
0.00
0.00
0.00
0.00
0.00
0.00
7.10
2.00
5.20
25.90
40.70
1.20
0.00
0.00
0.00
0.00
0.00
0.00
0.00
0.00
6.70
0.10
0.00
0.00
0.00
7.20
7.30
0.00
1.50
1.20
1.20
0.00
0.00
0.00
0.00
0.00
0.00
0.80
0.80
0.10
0.00
0.00
0.00
0.00
0.00
0.00
0.00
0.00
0.30
0.00
11.50
2.60
0.00
0.00
0.00
0.00
0.00
0.00
0.00
13.10
36.80
0.00
0.00
0.00
0.00
0.00
0.00
0.00
0.00
0.00
0.00
0.00
0.00
0.00
0.00
0.00
0.00
0.00
0.00
0.00
0.00
0.00
1.10
0.20
0.00
1.50
0.00
0.00
0.00
0.60
1.90
0.00
0.00
0.00
0.00
0.00
0.00
0.00
0.00
0.00
0.50
0.00
0.00
0.00
0.00
0.00
0.00
0.00
0.00
0.00
0.60
0.00
0.00
0.00
0.00
0.20
0.20
0.00
0.00
0.20
0.00
0.00
0.00
0.00
0.00
0.00
0.00
0.00
0.00
0.00
0.00
0.40
0.20
0.00
0.00
0.00
0.00
0.00
0.00
0.00
0.80
4.10
0.10
0.00
0.00
0.00
0.00
0.00
0.00
0.00
0.00
0.00
0.00
0.00
0.00
0.00
0.00
0.00
0.00
0.00
0.00
0.00
0.10
0.00
0.00
0.00
0.00
1.90
1.80
0.10
0.00
0.00
0.00
0.00
0.00
0.00
0.00
0.00
0.00
0.00
0.00
0.00
0.00
0.00
0.00
0.00
1.40
0.00
0.00
0.00
0.00
0.00
0.00
0.00
0.00
0.00
0.00
0.00
0.00
0.60
0.00
0.00
0.00
0.00
0.00
0.00
0.00
0.00
0.00
0.00
0.00
71.90
47.30
18.90
0.00
0.00
0.00
0.00
0.00
0.00
0.00
0.00
0.00
0.00
0.00
1.10
0.00
0.00
0.00
0.00
0.00
0.00
0.00
0.10
0.10
0.40
0.40
0.20
0.00
0.10
0.30
0.40
0.10
0.10
11.20
0.00
0.00
0.00
0.00
0.10
3.10
0.00
0.00
0.00
0.00
0.00
0.00
0.60
0.00
0.00
1.40
0.00
0.00
0.00
0.10
0.20
0.00
0.40
0.20
3.40
1.00
0.40
0.90
0.00
13.30
0.10
0.00
0.00
0.00
0.00
0.00
0.00
0.00
0.10
2.80
7.80
0.00
0.00
0.00
0.00
0.00
1.30
0.40
0.00
0.00
0.40
4.70
0.30
1.00
0.00
0.00
0.00
1.10
3.60
0.00
0.00
0.00
0.00
0.00
0.00
0.00
0.00
1.90
0.00
0.20
1.90
2.80
0.10
0.60
0.00
0.00
0.00
0.00
0.00
0.00
0.00
0.00
0.00
0.50
0.00
0.00
0.00
0.00
0.00
0.00
0.00
0.00
6.90
0.00
2.60
4.50
0.10
0.00
0.00
0.00
9.20
0.00
0.00
0.20
56.50
0.00
0.00
0.00
0.00
0.00
0.00
0.00
8.40
0.20
0.00
0.00
0.00
0.00
0.00
0.00
1.80
3.00
20.50
0.00
0.00
5.40
0.00
1.70
0.00
0.00
0.00
0.00
0.00
0.00
0.00
0.00
0.00
0.00
0.00
0.00
0.00
0.00
0.00
0.00
0.00
0.00
0.00
0.00
0.00
0.00
0.00
0.00
1.00
4.30
0.00
0.00
0.80
2.10
0.20
5.60
0.00
0.50
0.00
0.00
0.00
0.00
0.00
0.00
0.00
0.00
0.00
0.00
0.00
0.00
7.40
0.00
0.00
0.00
0.00
0.00
0.00
0.00
0.00
0.00
0.00
0.20
5.90
0.00
0.00
0.00
0.70
0.00
0.00
0.10
0.00
6.70
0.00
0.00
0.40
0.00
0.00
0.00
0.00
0.00
0.00
0.00
0.00
0.00
0.00
0.00
0.10
0.10
0.00
0.00
0.00
0.00
0.00
0.10
0.00
0.00
0.00
0.00
0.00
0.00
1.20
0.90
0.00
0.10
0.00
0.00
0.00
0.00
0.30
0.00
0.00
0.00
0.00
0.00
0.00
0.00
0.00
0.00
0.00
0.00
0.00
3.30
0.00
0.00
0.00
0.00
0.00
0.00
0.00
0.00
0.00
0.00
0.00
0.00
0.00
0.00
0.00
4.10
0.90
0.80
0.00
0.00
0.00
0.00
0.10
0.00
2.10
1.50
0.00
7.80
0.00
1.50
36.40
1.60
0.00
0.00
0.00
0.10
18.50
0.00
10.90
0.10
0.10
0.00
0.00
0.00
0.00
0.00
0.00
0.00
0.60
0.00
3.80
0.10
0.30
0.00
0.00
0.00
0.00
0.00
0.10
0.00
0.00
0.00
0.00
0.00
0.00
0.00
0.00
0.10
0.00
0.00
0.10
0.10
1.90
7.80
0.00
0.00
0.00
0.00
3.60
0.00
3.20
0.10
0.00
11.80
0.10
0.00
2.10
0.00
0.00
0.00
0.20
0.10
0.00
0.00
0.00
7.20
32.80
13.10
41.50
22.90
4.90
0.00
3.10
10.30
0.00
0.00
0.00
0.00
0.00
0.00
0.00
0.00
0.20
0.70
14.60
0.00
0.00
0.00
0.00
0.00
0.10
0.60
0.20
0.20
0.00
0.00
0.00
0.00
0.00
0.00
0.00
0.00
0.00
0.00
0.00
0.00
0.20
0.10
0.00
0.20
0.10
0.00
0.00
0.00
0.00
0.00
1.80
0.00
0.90
0.30
0.00
0.00
0.00
0.00
0.00
0.00
0.00
0.00
0.00
0.00
11.80
5.40
0.00
0.00
4.40
7.50
0.00
0.00
0.00
0.00
0.00
0.00
0.00
0.10
0.00
1.30
0.00
0.00
0.00
0.00
0.00
0.00
1.90
0.00
3.90
0.00
0.00
0.20
0.00
0.00
0.00
0.00
0.00
0.00
0.00
0.00
0.00
0.00
0.00
0.00
0.00
0.00
0.00
0.00
0.00
0.00
0.00
0.80
0.00
11.10
43.10
31.60
32.50
12.50
3.80
0.00
0.00
0.00
0.00
0.00
0.00
0.00
0.00
0.00
0.00
0.00
0.00
0.00
0.00
0.50
0.00
0.10
0.00
0.00
0.00
0.00
2.10
0.00
1.50
0.10
0.00
0.00
0.00
0.00
0.10
0.00
2.10
0.00
0.00
0.00
0.00
0.00
0.00
0.00
0.00
0.00
0.00
0.00
0.00
0.00
0.00
0.00
0.00
0.00
0.00
0.00
0.00
0.00
0.00
4.20
0.00
0.00
0.00
0.00
0.00
0.00
0.00
0.00
0.00
0.00
0.00
0.00
0.00
0.00
0.00
0.00
0.00
0.00
0.00
0.00
1.30
0.60
1.70
2.30
4.30
3.50
1.90
0.70
0.00
0.00
0.00
0.00
0.00
0.40
29.10
0.00
0.00
0.00
0.00
0.00
0.00
0.00
0.00
0.00
0.00
0.00
0.00
0.00
0.00
0.00
0.00
0.00
0.00
0.00
0.00
0.00
0.00
0.00
0.00
0.90
0.00
0.00
2.70
4.00
0.00
0.00
0.00
0.00
0.00
0.00
0.00
0.20
4.70
0.00
0.00
0.00
0.00
0.00
0.00
0.00
4.20
0.00
0.00
0.00
0.00
0.00
0.00
0.00
0.00
0.10
0.00
0.00
0.00
0.00
5.00
0.00
0.00
0.00
0.00
0.00
0.00
0.00
0.00
6.50
0.00
8.20
0.00
6.10
0.00
0.00
0.00
0.00
0.00
0.50
0.00
0.80
0.00
0.00
0.00
0.00
0.00
0.00
0.00
0.00
0.00
0.00
0.00
0.00
0.00
0.00
0.00
0.00
0.00
3.40
0.00
0.00
0.00
0.00
0.00
1.00
0.00
0.00
0.00
0.20
0.00
0.50
0.00
0.00
0.00
0.00
0.20
0.00
0.20
0.00
0.00
0.00
0.00
0.00
0.00
0.20
0.70
0.80
0.00
0.00
0.00
0.00
38.20
0.10
0.90
0.00
0.00
0.00
0.00
0.30
0.00
0.10
0.10
0.20
0.00
0.60
0.20
0.10
0.20
0.10
0.00
0.30
0.00
0.00
0.00
0.50
0.00
0.00
0.00
0.00
0.00
0.00
0.00
0.00
0.00
0.00
0.00
0.10
0.00
0.00
0.50
0.60
0.50
0.30
0.20
0.10
0.00
0.00
0.00
0.00
0.10
0.00
0.10
0.40
0.30
0.30
0.60
0.30
0.00
0.40
0.00
0.00
0.10
0.00
2.30
5.00
0.10
0.00
0.00
0.00
0.00
0.00
0.00
0.00
0.00
1.10
0.00
0.00
0.00
0.00
0.00
0.00
0.00
0.00
0.00
0.00
0.00
0.10
0.00
0.00
0.00
0.00
0.00
0.00
0.00
0.00
0.00
0.00
0.00
0.40
0.00
0.00
0.00
4.30
0.90
4.90
3.60
0.00
0.00
0.00
0.00
0.00
0.00
0.00
2.00
0.00
0.00
0.00
0.00
17.40
0.00
0.00
0.00
0.00
0.00
1.40
0.00
0.00
0.10
0.00
2.80
0.00
0.00
0.00
0.00
11.50
9.60
0.00
0.00
0.00
1.90
0.00
0.00
0.00
0.00
0.00
0.20
0.00
0.00
0.00
0.00
0.00
0.00
0.00
0.00
0.00
12.90
24.90
0.10
0.00
0.00
0.00
0.00
0.70
0.00
0.00
0.00
0.00
0.50
0.10
0.00
0.00
1.10
0.00
1.30
0.00
0.00
0.00
0.00
5.50
2.60
0.00
3.70
0.00
0.00
0.00
0.00
0.00
0.00
0.00
2.40
19.10
2.20
1.30
0.00
0.00
0.00
0.00
0.00
0.00
0.40
0.00
0.00
0.00
1.00
0.00
0.00
0.00
0.00
0.00
25.40
0.00
0.00
0.00
0.00
0.00
0.00
3.00
0.00
0.40
0.00
0.00
0.00
0.00
0.00
0.00
0.00
0.00
3.30
0.00
1.00
0.10
0.00
0.00
0.00
0.00
0.00
0.00
0.00
0.00
0.00
0.00
0.00
0.00
0.00
0.00
0.00
0.00
0.00
0.00
0.00
0.10
0.00
0.00
1.00
0.00
0.00
0.00
0.00
0.00
0.00
0.00
0.00
0.00
0.00
0.00
0.00
0.00
0.00
0.00
0.00
0.00
0.00
0.00
0.00
0.00
0.00
0.00
0.00
0.00
0.00
0.00
0.00
0.90
0.00
0.00
0.00
0.00
0.00
2.70
0.00
0.00
0.00
0.00
0.00
0.00
0.00
0.00
0.00
0.00
0.00
0.00
0.00
0.00
0.00
0.00
0.00
0.00
0.00
0.00
0.00
0.00
0.00
0.00
0.00
27.10
0.00
0.00
0.00
0.20
0.00
0.00
0.00
0.00
0.00
0.00
0.00
0.00
0.30
0.00
0.00
0.00
0.00
0.00
0.00
0.00
0.00
0.00
0.00
0.00
0.00
0.10
0.00
0.00
0.00
0.00
0.00
0.00
8.70
5.60
0.00
0.00
0.10
0.20
0.00
0.00
0.40
2.80
0.00
0.00
1.10
0.00
0.10
0.20
0.20
0.40
0.20
0.30
0.40
0.20
1.40
4.30
0.00
0.00
0.00
0.00
0.00
0.00
0.00
0.00
0.00
0.00
0.00
0.00
0.00
0.00
2.30
0.70
25.40
35.40
0.10
0.10
26.40
15.10
0.20
0.00
0.00
0.20
0.30
0.60
5.30
0.00
0.20
0.30
0.20
0.20
0.40
0.20
0.00
0.50
0.30
0.20
12.30
0.00
0.30
1.90
0.00
0.00
0.00
0.00
0.00
0.30
0.20
0.30
0.30
0.10
0.10
0.30
0.30
0.30
0.00
0.10
0.00
0.00
0.00
0.00
0.00
0.00
0.00
0.00
0.00
0.00
0.00
0.00
0.00
0.00
0.10
6.80
0.20
2.00
0.80
0.00
0.00
0.00
8.00
9.00
0.00
0.00
0.00
0.10
1.80
0.00
0.00
6.20
0.00
0.70
0.00
0.00
0.00
0.60
0.00
13.40
0.00
0.10
0.00
0.10
0.10
0.10
0.00
0.00
0.00
0.00
0.50
0.00
0.00
0.10
0.00
0.00
0.00
19.90
3.40
0.00
0.00
0.00
0.00
0.00
0.00
0.00
0.00
7.90
0.10
0.00
0.00
0.00
0.00
0.00
0.00
0.00
0.00
0.00
2.40
0.20
0.00
2.10
0.10
0.00
0.00
6.90
0.00
0.00
0.00
0.00
0.00
0.00
0.00
0.00
0.00
0.00
0.00
0.00
0.00
0.00
0.00
0.00
0.00
0.00
0.00
0.00
0.00
0.00
0.00
0.00
2.80
0.70
1.40
0.00
1.00
0.70
0.00
0.00
0.00
0.00
0.00
0.00
0.00
0.00
4.30
2.90
3.30
0.60
0.00
0.00
0.00
0.00
0.00
6.50
0.00
0.00
0.00
0.00
0.00
0.00
0.00
0.00
0.00
0.00
0.00
0.00
0.00
0.00
1.70
6.20
55.20
0.00
0.00
0.00
0.00
0.00
0.00
0.00
0.00
0.00
0.00
0.00
0.00
0.00
0.00
0.00
0.00
0.00
0.00
0.00
0.00
0.00
0.80
1.50
0.00
0.00
0.00
0.00
0.00
0.00
0.00
0.00
0.00
0.00
7.80
0.00
0.70
0.00
0.00
0.00
0.00
0.00
0.00
0.00
0.00
0.00
0.00
8.50
0.40
6.10
0.00
0.00
0.00
0.00
0.00
0.00
0.00
0.00
0.30
0.00
0.00
0.00
0.00
0.00
0.00
0.00
0.00
0.00
0.00
0.00
0.00
0.00
0.30
0.00
0.00
0.00
0.00
0.00
0.00
0.20
2.00
0.80
0.00
0.20
0.60
0.00
1.40
2.50
0.00
0.00
0.00
0.30
0.00
0.00
0.00
0.00
0.00
0.50
0.00
0.00
0.00
0.00
0.00
6.30
0.00
0.00
0.00
0.00
0.00
0.00
2.70
0.00
0.10
0.00
0.00
0.00
0.00
0.00
0.10
0.00
0.00
0.00
0.00
0.00
0.00
0.00
0.00
0.00
0.00
0.00
0.20
0.10
0.00
0.00
0.00
0.10
26.70
0.00
0.00
0.00
0.00
0.00
0.00
0.00
0.20
0.00
0.00
0.00
0.00
0.00
0.00
0.10
0.00
34.70
0.00
0.00
0.00
0.00
0.00
0.00
0.00
0.00
0.00
0.00
0.00
0.00
0.00
0.00
0.00
0.00
0.00
0.00
0.20
0.00
0.00
0.00
0.00
0.00
0.00
0.00
0.10
0.00
0.00
0.00
0.00
0.00
0.40
0.00
0.10
0.00
1.00
0.00
0.00
0.00
0.50
0.00
0.00
0.00
0.00
0.00
0.00
0.00
0.00
0.10
0.30
0.40
2.40
0.00
0.70
0.00
0.00
0.00
0.00
0.00
0.00
0.00
18.20
3.00
0.10
0.00
0.10
0.00
0.00
0.50
0.10
0.00
0.00
0.00
0.00
0.00
0.00
0.00
0.00
0.00
0.00
5.00
12.00
0.00
0.10
0.10
0.00
0.20
0.10
0.00
0.00
7.10
7.90
13.20
0.00
0.20
0.00
0.00
0.00
0.00
0.00
0.00
0.00
0.00
0.00
0.00
0.00
0.00
0.00
0.00
0.00
0.00
0.00
0.00
1.10
6.80
0.00
0.90
0.00
0.00
9.60
0.00
0.00
0.00
0.80
3.70
0.00
0.00
0.70
0.40
1.30
0.00
7.10
0.00
1.40
0.00
0.00
0.00
0.40
5.50
0.00
0.00
0.00
0.00
0.00
0.00
0.20
0.00
0.00
0.00
0.00
0.00
0.00
17.70
6.10
5.30
7.80
5.50
0.00
4.20
0.10
0.00
11.90
0.00
0.00
0.00
0.00
0.00
0.00
0.00
0.00
0.00
0.00
3.00
0.00
5.50
0.40
0.20
0.00
0.00
0.00
0.10
0.10
0.20
2.80
0.00
0.00
0.00
11.80
0.00
0.00
0.00
0.00
0.00
0.10
0.00
0.40
0.00
0.00
1.90
0.00
0.00
0.00
0.00
14.60
0.00
27.80
0.30
0.10
0.00
1.40
0.00
2.40
4.00
0.00
0.40
0.00
2.20
0.40
0.00
0.00
0.00
0.00
0.00
0.00
0.00
0.00
0.00
0.00
0.00
0.00
0.00
0.00
0.00
0.00
0.00
0.00
0.00
0.00
0.00
8.00
0.00
0.00
0.00
0.00
0.00
0.00
0.00
1.80
0.10
0.00
2.90
0.00
2.70
0.00
0.10
0.10
7.80
0.00
2.90
0.00
0.00
0.00
0.00
0.00
0.00
0.00
0.00
0.00
0.00
0.00
0.00
0.00
0.00
0.00
0.00
0.00
0.00
0.00
0.00
0.00
0.00
0.00
0.00
0.00
0.40
0.00
0.00
0.00
0.00
0.00
0.00
0.00
0.00
0.00
0.00
1.10
0.00
0.00
0.00
0.00
0.00
0.60
0.00
19.70
0.00
0.00
0.00
0.00
0.00
0.00
0.00
0.00
0.00
0.00
0.00
0.00
0.00
0.00
0.00
0.00
0.00
0.00
0.00
0.00
0.00
0.00
0.00
0.00
0.00
0.00
0.00
0.00
0.00
0.00
0.00
0.00
0.00
0.80
0.10
0.10
0.00
0.00
56.40
5.20
0.00
0.30
30.20
52.30
0.20
0.10
0.00
0.00
0.00
0.00
2.60
5.90
0.00
0.00
0.10
12.60
0.00
1.20
0.00
0.00
3.50
0.40
0.00
12.00
2.40
0.00
0.00
0.00
0.00
0.00
24.80
0.10
0.00
1.80
0.50
5.20
0.00
0.00
0.90
0.00
2.30
6.80
0.00
0.00
0.00
1.60
0.00
0.00
0.00
0.00
0.30
0.10
0.00
0.00
0.00
0.00
0.00
0.00
9.30
0.00
0.00
0.30
0.00
0.10
0.60
0.00
0.00
0.00
0.00
0.30
0.50
0.50
0.10
0.00
0.00
0.10
0.10
0.10
0.10
0.00
0.40
0.10
0.00
0.00
0.00
0.00
0.00
0.00
0.00
0.00
0.00
0.00
0.40
0.00
0.00
0.70
1.50
0.00
1.00
0.20
0.00
0.00
0.00
0.00
0.00
4.60
1.40
1.00
2.60
0.00
0.00
0.00
0.00
0.00
0.00
0.00
0.00
0.00
0.00
0.00
0.00
0.00
0.00
0.10
0.00
0.00
0.00
0.00
0.10
0.00
0.00
0.00
0.00
0.00
0.00
0.00
0.00
0.00
0.00
0.00
0.00
0.00
0.00
0.00
0.00
0.00
0.00
0.00
0.00
0.00
0.00
0.00
0.00
0.00
0.10
0.00
0.00
0.00
0.00
0.00
0.00
0.00
0.00
0.00
0.00
0.00
2.30
0.90
0.00
0.90
0.00
6.40
1.00
0.00
0.60
0.00
0.00
0.00
0.00
0.00
0.00
0.00
0.00
0.00
0.10
0.00
25.20
2.10
7.60
0.80
0.00
1.70
0.00
0.00
0.00
0.00
0.00
0.00
4.10
1.10
0.00
0.00
0.00
0.00
0.20
0.00
0.30
0.00
0.00
0.00
0.00
0.00
0.00
4.50
0.00
0.00
0.00
0.00
0.00
0.20
26.40
0.80
0.00
0.00
0.00
0.00
0.00
0.00
0.00
0.00
0.00
0.00
0.00
0.00
0.00
0.00
0.00
1.10
0.00
0.00
0.00
0.00
0.00
0.00
0.00
0.00
0.00
0.00
0.00
0.00
0.00
0.00
0.00
0.00
0.00
0.00
0.00
0.00
0.00
0.00
0.00
0.00
0.00
1.80
4.20
0.70
11.60
0.00
0.00
0.00
0.00
11.30
0.00
0.00
0.30
0.00
0.00
0.00
0.00
0.00
0.00
0.00
0.00
0.10
0.00
0.00
0.00
0.00
0.00
0.00
0.00
0.00
0.00
0.00
0.00
0.00
0.00
0.00
0.00
0.00
0.00
0.00
0.00
0.00
0.00
0.00
0.00
0.70
6.90
0.00
0.00
0.00
0.00
0.00
0.20
7.40
0.10
0.00
0.00
0.00
1.20
0.10
0.00
0.00
0.00
0.00
0.00
0.00
0.00
5.00
8.90
0.00
5.80
0.10
0.00
0.00
0.00
0.30
0.00
0.00
10.90
0.10
0.00
0.00
0.00
0.00
0.00
0.00
0.20
0.00
0.10
0.00
0.00
0.00
0.00
0.00
0.00
0.00
0.00
0.00
0.00
0.00
0.00
0.70
0.00
0.00
0.00
0.00
0.00
3.40
0.10
82.80
5.80
0.00
0.00
0.00
0.10
0.20
0.10
0.00
0.00
0.20
0.00
1.90
3.10
0.20
0.00
0.00
0.00
2.80
0.20
0.00
0.00
9.30
2.10
0.50
0.00
1.40
0.10
0.00
0.00
0.00
4.70
2.20
0.00
0.00
0.00
0.00
0.00
0.00
0.00
0.00
0.00
0.40
24.10
8.40
0.10
0.40
0.30
0.10
0.00
0.10
0.70
0.00
0.00
0.00
0.00
0.10
0.00
0.10
9.60
1.20
0.00
0.00
0.00
0.10
0.10
0.00
0.30
0.50
0.20
0.10
0.00
0.50
0.20
0.00
0.10
0.30
0.00
0.40
0.30
0.50
0.00
0.00
0.00
0.10
0.10
0.00
0.20
0.00
16.20
26.50
125.80
23.20
8.20
0.10
0.50
1.80
0.00
0.00
0.00
0.00
0.00
0.00
0.00
0.00
0.00
0.00
0.00
0.00
0.10
0.20
0.00
0.00
0.00
0.00
0.00
0.10
0.10
0.10
0.00
0.00
0.00
0.00
0.00
0.00
0.00
0.00
0.00
0.00
0.00
0.00
0.00
1.10
0.10
0.00
0.00
0.10
0.00
0.00
0.00
0.00
0.00
0.00
0.00
0.00
0.10
16.90
0.50
0.00
0.00
0.00
0.00
0.40
0.60
0.40
0.90
7.80
0.00
0.00
0.00
0.60
7.80
32.00
1.50
0.10
0.00
0.00
0.00
2.20
0.00
0.00
0.00
0.10
0.00
0.30
0.00
0.70
0.00
0.00
1.10
39.10
5.30
15.10
1.20
0.00
0.00
0.00
0.00
8.20
0.00
0.00
0.00
0.00
0.00
0.00
0.00
0.00
0.00
0.00
0.00
0.00
58.20
0.40
1.10
4.00
29.10
9.30
10.50
0.00
0.00
0.00
0.00
0.00
0.00
0.00
0.00
10.00
0.00
0.00
0.00
0.00
0.00
2.30
0.10
0.00
15.20
4.80
0.00
0.30
3.40
0.00
0.00
0.00
0.00
0.00
0.00
0.00
0.00
5.70
0.00
4.50
0.00
0.00
0.00
0.00
0.00
0.00
0.00
0.00
0.00
0.00
0.00
0.00
0.70
0.00
0.00
0.00
0.00
0.00
0.00
0.00
0.00
0.00
0.00
0.60
0.00
0.00
0.00
0.00
0.00
0.00
0.00
0.00
0.00
0.10
0.00
0.00
0.00
0.00
0.00
0.00
0.00
0.00
0.00
0.00
0.00
0.00
0.00
0.00
0.00
0.00
0.00
0.00
3.20
0.00
0.00
0.00
0.00
0.00
0.00
0.00
0.00
0.00
0.00
0.00
0.00
0.00
0.00
0.00
0.00
0.00
0.20
0.00
0.00
0.00
0.00
0.00
0.00
0.00
0.00
0.00
0.00
0.00
1.00
0.00
0.00
0.00
0.00
0.00
0.00
0.00
0.00
1.60
3.30
0.00
0.00
0.00
0.00
1.00
0.00
0.00
0.00
0.00
0.00
0.00
0.00
4.30
0.00
0.00
0.20
0.00
0.00
0.00
0.00
0.00
0.00
0.00
0.30
0.00
0.00
0.00
0.00
0.00
0.10
0.00
0.00
3.10
0.00
0.00
2.10
0.10
0.00
0.00
0.00
0.00
0.00
0.00
0.00
2.40
15.30
40.20
0.90
11.10
0.00
0.10
0.00
0.30
0.20
0.20
0.20
0.00
0.00
0.10
0.30
0.20
0.00
0.00
0.00
0.00
0.10
0.20
0.30
17.40
3.20
0.10
0.20
0.10
0.00
0.00
0.00
0.40
0.00
4.40
0.00
0.00
1.50
10.20
0.00
0.00
0.20
0.10
0.00
0.30
0.20
2.00
0.70
0.00
0.10
0.20
0.00
0.00
0.00
0.00
2.20
0.20
0.00
0.30
0.30
0.00
0.00
0.00
0.00
0.00
0.80
7.50
20.20
3.90
0.00
0.00
0.00
0.00
0.00
0.00
0.00
0.00
0.20
0.30
0.10
2.40
0.20
1.20
0.70
0.00
0.00
0.00
0.00
0.40
0.00
0.00
0.00
0.00
0.00
0.00
0.20
0.00
4.10
1.80
6.20
0.00
1.10
0.00
0.00
0.00
0.10
0.00
0.10
0.00
0.20
0.00
1.50
0.00
0.00
0.00
0.10
0.10
0.00
0.30
0.00
0.00
0.00
0.00
0.00
0.00
4.40
0.00
0.00
0.00
0.00
0.00
0.00
