20000101
0.00
0.00
0.00
0.20
0.00
0.00
0.00
0.00
0.00
0.00
0.00
0.00
0.00
0.60
43.90
0.20
0.20
0.00
0.00
0.00
0.00
0.00
0.00
0.00
0.00
0.00
0.20
0.00
0.20
-99.00
-99.00
-99.00
-99.00
-99.00
0.00
0.00
0.20
0.00
0.00
0.00
0.00
0.00
0.20
0.00
0.00
0.00
0.00
0.00
0.00
0.00
0.00
0.00
0.00
0.20
0.00
0.00
0.20
0.20
0.00
0.00
0.20
0.00
0.00
0.00
0.00
0.00
0.00
0.20
0.00
0.00
0.00
0.00
0.00
0.00
0.00
0.00
0.00
0.00
0.00
2.40
0.00
0.00
5.30
0.00
0.20
0.20
0.00
0.00
0.00
8.70
4.90
0.00
0.00
12.00
0.00
0.00
0.00
0.00
1.00
5.70
15.00
1.00
0.00
0.00
0.80
0.00
7.70
0.00
0.20
0.00
0.00
0.00
1.60
0.20
0.00
0.00
0.00
4.00
0.00
0.00
0.00
0.00
0.00
0.00
0.00
0.00
0.00
0.00
0.20
2.60
16.90
0.00
0.00
0.00
0.20
0.00
0.00
0.40
0.00
0.00
0.00
5.90
0.00
0.00
0.20
0.00
17.30
1.00
0.00
0.00
0.00
0.00
0.00
0.00
0.00
1.00
5.10
0.00
0.00
0.00
7.90
19.10
0.00
0.00
0.00
0.20
0.00
0.00
0.00
0.00
0.00
0.00
0.00
0.00
0.00
0.00
0.00
0.00
0.00
0.00
0.00
0.00
0.00
0.00
0.00
0.00
0.00
0.00
0.00
0.00
0.00
0.00
0.00
0.00
0.00
0.00
0.00
0.00
0.60
1.00
0.00
0.00
0.00
0.00
0.20
0.20
0.20
0.00
0.00
0.00
0.00
0.00
0.00
0.00
0.00
0.00
0.00
0.00
0.00
0.00
0.00
0.00
0.00
0.00
0.40
0.20
0.00
0.00
0.00
0.00
0.00
0.00
0.00
0.00
0.80
0.00
0.00
0.00
0.00
0.00
0.00
0.00
12.40
0.20
0.00
0.00
0.00
0.00
0.00
0.00
0.00
0.00
0.00
0.00
0.00
0.00
0.00
0.00
0.00
0.00
2.00
0.00
0.00
0.00
0.00
0.00
0.00
0.00
0.20
0.00
0.40
2.40
0.20
0.00
0.00
0.00
0.00
0.00
0.00
0.00
0.00
0.00
0.00
0.00
0.80
1.40
0.20
0.00
0.00
0.00
0.00
0.00
0.00
0.00
0.80
141.20
91.80
0.00
7.00
0.00
0.20
0.20
0.40
0.20
3.40
0.00
6.40
0.00
0.00
0.20
2.40
0.00
0.00
0.00
0.20
0.00
0.00
4.00
0.00
0.20
0.20
0.00
0.00
0.00
0.00
0.00
5.80
7.00
0.40
0.00
0.00
0.20
0.00
15.80
1.00
0.00
0.20
0.00
0.00
0.20
3.60
1.80
0.00
0.20
0.20
0.20
0.20
0.00
0.20
0.00
0.00
0.20
0.00
0.20
0.00
9.50
17.70
9.10
7.30
0.40
0.80
0.80
0.80
0.20
2.00
0.00
0.00
0.00
0.00
3.40
0.20
0.00
0.00
0.00
0.00
0.00
1.80
0.00
0.20
0.20
4.00
0.00
0.00
1.00
1.20
0.00
0.20
0.00
0.00
0.20
0.00
4.40
0.20
3.00
0.20
0.00
0.00
0.00
0.00
0.00
0.20
0.00
0.00
0.20
0.20
0.00
0.00
0.00
0.20
0.20
3.20
3.40
0.20
0.00
0.00
0.00
0.20
0.00
0.00
0.00
0.00
0.00
0.00
0.20
0.00
0.40
0.60
0.00
0.00
1.40
0.00
17.40
0.00
0.00
8.10
0.00
3.00
0.00
0.00
0.00
0.20
0.20
0.00
0.00
0.00
0.00
0.20
0.00
0.00
0.00
0.00
0.00
0.00
0.20
0.00
0.00
0.00
0.00
0.20
0.00
0.00
0.00
0.00
0.00
0.00
0.00
0.00
0.00
0.00
0.00
0.00
0.00
0.00
1.20
0.00
0.00
0.00
0.00
0.00
0.00
0.00
0.00
0.00
0.00
1.00
38.70
11.80
1.80
1.40
0.00
0.00
0.00
0.00
0.00
3.00
24.20
0.00
0.00
0.00
0.00
0.00
0.00
0.40
1.60
0.00
0.60
0.00
1.00
0.20
0.00
0.00
0.00
0.00
0.00
0.00
0.00
0.00
0.00
0.00
0.00
0.00
0.00
0.00
0.00
0.00
0.00
2.80
0.00
0.00
0.00
0.00
0.00
0.00
0.00
0.00
0.00
0.00
0.00
0.00
0.00
0.00
0.00
0.00
0.00
0.00
0.00
0.00
0.00
0.00
0.00
0.00
0.20
1.00
0.00
0.00
41.80
0.00
0.00
0.00
0.00
0.20
0.40
4.30
0.00
0.00
21.20
0.00
0.00
0.00
0.00
0.00
0.00
0.00
0.00
0.20
0.00
0.00
0.80
0.00
0.00
0.00
0.00
0.00
0.00
0.00
0.00
0.00
0.00
0.00
0.00
0.00
0.00
0.20
0.40
0.00
0.00
0.00
0.00
0.00
0.00
0.00
0.00
0.00
0.00
0.00
0.00
0.00
0.00
0.00
0.00
0.00
3.80
0.00
0.00
0.00
0.00
0.00
0.00
0.00
0.00
0.00
0.00
0.00
0.00
0.00
0.00
0.00
0.00
0.00
0.00
14.60
2.60
0.40
0.00
0.00
0.00
4.00
0.00
0.20
0.00
0.00
0.00
0.00
0.00
0.20
0.00
0.00
3.20
2.60
0.00
0.00
2.40
0.20
0.00
0.20
0.00
17.00
0.00
0.80
0.00
0.20
0.20
0.00
0.20
0.20
0.20
0.20
0.00
0.40
0.20
0.00
3.20
0.20
0.20
0.20
0.00
0.00
0.00
0.00
0.00
0.00
0.20
0.00
1.60
20.00
24.30
22.30
0.20
0.20
0.00
0.20
0.00
0.00
0.00
0.00
0.20
0.00
0.00
0.00
0.00
0.00
0.20
0.00
0.00
0.20
0.00
0.20
0.20
0.20
0.00
0.20
0.20
0.20
0.00
0.00
0.00
0.00
0.00
0.00
0.00
0.00
0.00
0.00
0.00
0.00
0.00
0.00
0.00
0.00
0.00
0.20
0.20
4.60
1.80
4.40
0.00
0.00
0.00
2.20
0.60
0.20
0.20
0.00
1.80
0.20
0.20
0.00
0.00
0.00
0.20
0.20
0.60
0.60
0.60
0.20
0.00
0.00
0.00
0.00
0.20
0.20
0.00
0.00
0.20
0.00
0.00
4.00
0.20
0.00
0.00
0.00
0.00
0.20
0.20
0.00
0.20
0.00
0.00
0.00
0.00
0.00
0.00
0.00
0.00
0.00
0.00
0.00
0.20
0.00
0.00
0.00
0.60
0.00
12.20
19.80
0.00
0.00
0.00
0.00
0.00
0.20
0.00
7.50
0.20
0.20
0.60
18.80
0.00
0.00
0.00
0.00
0.00
0.00
0.00
0.00
0.00
0.20
1.00
4.80
0.00
0.20
0.00
14.20
8.40
2.00
0.00
8.20
0.80
10.30
0.20
12.20
3.80
7.20
0.20
0.00
0.00
0.00
0.00
0.00
0.00
0.20
0.00
0.00
0.20
0.00
0.00
0.00
0.00
0.00
0.00
0.00
0.00
0.00
1.00
0.00
0.00
7.40
46.90
48.10
3.80
0.00
0.00
0.00
0.00
0.00
0.00
0.00
0.00
0.00
0.00
0.00
0.00
0.00
0.00
0.00
0.00
0.00
0.00
0.00
0.00
0.00
0.00
0.00
0.00
0.00
22.00
5.20
0.00
1.60
7.00
0.00
0.00
0.00
0.00
0.00
0.00
0.00
0.00
0.00
0.00
0.00
0.00
0.00
0.00
0.00
0.00
0.00
0.00
0.00
0.00
0.40
0.00
0.40
0.00
0.00
0.00
0.00
0.00
0.20
0.60
0.60
0.00
0.00
0.00
0.00
0.00
0.00
0.00
0.00
0.00
0.00
0.00
0.00
0.00
0.00
0.00
0.00
0.00
0.00
0.00
0.00
0.00
0.00
0.00
0.00
0.00
0.00
0.00
0.00
0.00
6.70
1.20
0.20
0.00
0.00
0.00
0.00
1.40
0.00
0.00
0.40
0.20
0.00
0.20
16.20
13.20
15.10
0.20
0.00
0.00
0.20
0.00
0.00
0.00
0.00
23.90
0.20
4.10
0.00
0.00
0.00
6.90
0.00
0.20
0.00
0.20
0.00
0.00
0.20
0.20
6.20
1.00
0.20
22.40
6.00
0.20
0.00
0.00
0.00
0.00
0.00
0.20
0.00
0.20
0.20
9.40
0.20
0.00
0.20
0.20
0.00
0.20
26.60
5.00
0.00
0.00
0.00
0.20
0.20
0.00
0.20
0.00
0.00
0.20
2.20
0.00
0.00
0.00
0.00
0.00
0.00
0.20
0.20
0.20
0.20
0.00
0.20
0.00
0.00
0.00
0.60
0.20
0.00
0.00
0.00
0.00
0.20
0.40
0.20
0.20
0.20
1.20
0.20
0.20
18.10
0.00
0.00
0.20
0.80
0.20
0.00
0.00
0.00
0.00
0.20
1.80
0.00
0.00
0.00
0.00
0.00
0.00
0.00
1.60
1.00
0.40
0.20
0.20
6.20
0.20
0.20
0.40
0.20
4.20
1.00
0.00
0.20
0.20
0.00
0.00
0.00
3.40
0.20
0.00
1.20
0.20
0.00
0.00
0.00
0.00
5.00
0.80
0.40
1.80
1.40
0.20
0.00
0.00
0.00
0.00
0.00
0.20
0.00
0.00
1.40
1.40
0.40
0.00
0.00
0.00
0.00
0.00
0.00
0.00
0.00
0.40
0.00
0.00
0.00
0.00
1.40
0.00
0.00
0.00
0.00
0.00
0.00
0.00
0.00
0.00
0.00
0.40
0.00
0.00
0.00
7.40
34.80
0.20
0.20
0.00
0.00
3.20
12.60
0.20
0.00
0.00
0.00
0.00
0.00
2.00
1.00
0.00
0.00
0.00
0.20
0.00
0.00
0.20
0.00
0.00
0.00
0.00
0.00
0.00
0.00
0.00
1.40
0.20
0.00
0.20
0.00
0.60
20.60
0.20
3.80
0.80
0.20
0.00
0.00
0.00
0.00
0.00
0.00
0.00
3.20
0.00
0.00
0.00
0.00
4.00
10.40
0.00
0.20
0.00
3.00
0.00
0.00
0.20
0.00
0.00
0.00
0.00
0.00
0.00
0.00
0.00
0.00
0.20
0.00
0.00
1.60
80.30
23.60
4.20
0.00
0.00
0.00
0.20
0.00
0.00
0.00
1.00
0.40
0.00
15.30
0.00
0.00
0.00
0.00
5.60
0.00
0.00
0.00
0.00
0.00
0.00
0.00
0.00
0.00
0.00
0.00
3.40
0.00
0.00
0.60
0.00
0.00
0.00
0.00
0.00
0.00
0.00
0.00
0.00
0.00
0.00
0.00
0.00
0.00
0.00
0.00
0.00
0.00
1.60
0.00
0.00
0.00
0.00
0.00
0.00
0.00
0.20
0.00
0.00
0.00
0.00
0.00
0.00
0.00
0.00
0.00
0.00
0.00
0.00
0.00
0.00
0.20
0.00
0.00
10.70
0.00
0.00
0.00
0.00
0.00
0.00
0.00
0.00
0.00
0.00
0.00
0.00
0.00
0.00
0.00
0.00
0.00
0.00
0.00
0.00
0.00
0.00
0.00
2.60
26.10
0.40
0.00
0.00
0.20
0.00
0.20
0.00
0.00
0.00
0.00
0.00
0.00
0.00
3.00
0.60
0.00
14.60
8.00
0.00
0.00
0.60
3.60
0.20
0.00
0.00
0.00
0.00
0.00
0.00
0.00
0.00
0.00
0.20
0.00
2.80
0.40
0.00
0.00
0.00
0.00
1.80
8.40
0.80
26.10
11.80
0.00
0.20
0.00
0.00
0.00
0.00
0.00
0.00
0.00
0.00
0.80
0.00
0.20
2.20
1.40
15.60
9.20
4.00
0.00
0.00
0.80
0.00
0.00
0.00
6.60
0.60
1.80
0.20
0.00
1.40
0.40
0.00
0.20
0.00
0.20
0.20
0.00
0.60
5.20
23.00
0.00
0.00
0.00
0.20
1.20
20.30
3.00
0.00
0.00
0.00
0.00
0.20
0.40
0.00
0.00
0.40
0.40
0.00
0.00
0.00
3.60
0.20
0.00
6.20
1.00
1.40
4.40
0.60
0.00
0.00
0.20
0.00
0.00
0.00
0.00
0.00
0.00
1.80
0.20
0.00
0.00
0.00
0.00
0.00
0.00
0.00
0.00
0.20
0.00
0.00
0.00
0.00
0.00
0.00
0.00
0.00
0.00
0.20
0.20
0.20
0.00
0.00
0.00
0.00
0.00
0.00
0.00
0.00
0.00
0.00
0.00
0.00
0.00
0.00
1.20
0.00
0.40
0.00
0.00
0.00
1.00
0.00
0.20
0.00
0.00
0.00
0.00
0.00
0.00
0.00
0.20
0.00
0.20
0.00
0.00
0.00
0.20
0.00
0.00
0.00
0.00
9.80
0.00
0.00
0.00
4.60
23.00
7.00
0.20
0.00
1.00
0.00
0.00
0.00
0.00
0.00
0.00
0.00
0.00
0.00
0.00
0.00
0.00
0.20
0.00
0.00
0.00
0.00
0.00
0.00
0.00
0.00
0.00
0.00
0.00
0.00
0.00
18.80
5.20
27.60
0.40
0.60
0.20
0.60
0.00
0.00
0.00
0.00
0.00
9.80
0.60
0.20
0.00
11.40
0.00
0.00
0.00
28.40
0.20
0.00
0.00
0.00
0.00
36.20
0.00
0.00
0.20
0.00
0.00
5.40
1.40
0.60
0.00
2.60
35.60
1.60
1.60
0.40
0.20
0.00
0.00
0.20
7.80
3.40
0.00
0.00
0.00
0.00
0.00
0.00
0.00
0.00
0.00
0.00
0.00
0.00
0.00
0.00
0.00
0.00
0.00
13.30
0.20
0.00
0.00
0.00
0.00
0.00
0.00
0.00
0.00
0.00
0.00
0.00
2.80
0.00
0.00
1.80
0.00
0.00
0.00
1.00
0.00
0.00
0.00
0.00
0.00
0.00
0.00
0.00
0.00
0.00
0.00
0.00
0.00
0.00
0.00
7.80
4.20
1.20
0.00
0.00
0.00
0.00
0.00
0.00
0.00
0.00
0.40
0.40
0.00
0.00
0.00
0.00
0.00
0.00
0.00
0.00
0.00
0.00
2.60
3.20
0.00
0.00
0.00
0.00
0.00
0.00
0.00
0.00
0.00
0.00
0.00
0.00
0.00
0.00
0.00
0.00
0.00
0.00
1.20
0.00
0.00
0.00
0.00
0.00
0.40
0.00
0.00
0.00
0.00
0.00
0.00
0.00
0.00
0.00
0.00
3.80
0.00
0.60
0.00
0.20
0.00
0.00
8.40
4.40
1.00
0.00
0.00
0.20
0.00
0.00
0.00
0.00
0.00
0.00
0.00
0.00
0.00
0.00
0.00
0.00
0.00
0.00
0.00
0.00
0.00
0.00
0.00
0.00
0.20
0.00
0.00
0.00
0.00
0.00
0.00
0.00
0.00
0.00
0.00
0.00
0.60
0.40
0.00
4.70
0.20
0.20
0.00
9.30
0.00
9.20
0.20
0.20
0.60
0.20
0.00
0.20
0.20
0.00
1.80
0.20
0.00
0.00
0.00
0.00
0.00
0.00
0.00
0.00
0.00
0.00
0.00
0.00
0.00
0.00
0.20
0.00
0.00
0.20
0.00
0.00
0.00
0.00
1.80
0.00
6.70
0.00
1.60
10.20
4.20
0.00
6.80
9.20
11.40
0.00
0.20
4.60
0.40
0.20
0.00
0.00
0.00
0.00
0.00
0.00
0.00
0.00
0.00
0.20
0.00
0.00
0.00
0.00
0.00
0.00
0.00
0.00
0.00
0.00
0.20
0.00
0.20
0.00
0.00
0.00
0.00
0.00
0.00
0.00
0.00
0.00
0.00
0.00
0.00
0.00
0.00
0.00
0.00
0.00
0.00
0.00
0.00
0.00
0.00
0.00
0.00
0.00
0.00
0.00
0.00
0.00
0.00
1.40
0.20
2.40
2.40
0.20
0.20
0.20
0.00
0.00
0.00
0.00
0.00
0.00
0.00
0.00
0.00
4.80
0.20
0.00
0.00
0.00
0.00
0.00
1.40
0.00
0.20
0.00
0.00
0.00
0.00
0.00
0.00
0.00
0.00
0.00
0.20
0.00
0.00
0.00
0.00
0.00
0.20
0.00
0.00
0.20
9.80
0.00
0.00
0.40
0.00
0.00
0.00
0.00
0.00
0.00
6.20
0.00
0.20
0.00
0.20
0.00
0.00
0.00
0.00
0.00
0.00
0.00
0.00
0.20
0.00
0.00
0.00
0.00
0.00
0.00
0.80
0.00
1.40
0.00
0.00
0.00
0.00
0.00
0.00
0.00
0.00
3.00
0.00
0.00
0.00
0.00
0.00
0.00
0.20
0.00
0.80
6.00
0.20
1.80
27.80
0.80
0.00
0.00
0.00
0.00
0.20
0.00
0.00
0.00
0.00
0.00
0.00
0.00
0.00
0.00
1.60
0.00
0.00
0.00
0.00
0.00
0.00
0.00
0.00
0.00
0.80
0.20
5.00
0.00
0.00
0.00
0.00
0.00
0.00
1.00
6.50
0.20
0.00
2.60
0.00
0.00
0.00
0.00
0.00
0.00
0.00
0.00
0.00
1.20
0.00
0.00
0.00
0.00
0.00
0.00
0.00
0.00
0.00
0.00
0.00
0.00
0.00
0.00
0.00
0.00
0.00
0.00
0.00
0.00
0.00
0.00
0.00
0.20
0.00
0.00
0.00
11.40
0.00
0.00
0.00
0.00
0.00
0.00
0.00
7.50
15.50
0.00
0.20
0.00
0.00
0.00
0.00
1.20
0.00
0.00
0.00
0.00
0.00
0.00
0.00
0.00
0.00
0.00
0.00
0.00
0.00
0.00
0.00
0.00
0.00
0.00
0.00
0.00
39.60
12.80
0.20
0.20
0.00
0.00
0.00
0.00
0.20
0.00
0.20
0.00
0.00
0.00
0.00
0.00
0.20
0.00
14.90
0.20
0.00
0.20
0.00
0.00
0.20
0.00
0.00
0.00
0.00
2.60
0.20
0.20
0.20
0.60
0.20
10.10
11.30
41.30
12.10
0.20
0.20
2.40
0.00
0.40
0.20
0.20
1.20
0.20
0.20
0.20
0.20
0.60
0.00
0.00
3.20
0.20
0.20
0.20
0.00
0.00
0.20
0.20
0.20
8.90
18.30
3.00
2.00
3.80
12.20
36.30
0.60
0.00
0.20
0.20
0.00
0.00
0.20
0.20
0.00
0.60
0.00
0.00
0.00
0.20
0.00
0.00
6.40
0.60
0.00
0.40
0.00
0.20
0.00
0.00
0.00
0.20
0.00
0.00
0.20
0.00
0.00
0.00
0.00
0.00
0.00
0.20
0.00
0.00
0.00
0.00
0.00
1.40
0.00
0.20
0.00
0.00
0.20
0.00
0.00
0.00
0.00
5.60
18.80
5.60
16.10
5.20
0.00
0.20
0.00
0.20
0.00
1.20
1.40
0.00
0.00
0.20
0.00
0.20
0.00
0.00
0.20
0.20
0.20
1.40
0.00
4.60
4.20
0.20
0.20
0.00
0.00
0.00
0.00
0.00
0.20
0.00
0.00
0.20
0.20
0.20
0.00
0.20
0.00
0.00
0.00
0.80
0.00
0.80
0.60
0.20
0.00
0.00
8.20
0.00
0.00
0.00
0.00
0.00
0.00
0.40
0.00
0.00
0.00
0.00
0.00
0.00
0.00
0.00
0.00
0.00
0.00
0.00
4.40
0.40
4.00
0.20
0.00
0.20
0.00
0.00
0.00
0.00
0.00
0.00
0.00
0.00
0.00
0.00
0.00
0.00
0.00
0.00
0.00
0.00
0.00
0.00
0.00
0.00
0.00
0.00
1.20
3.80
6.20
0.20
0.00
0.20
0.00
0.00
0.00
0.00
0.00
0.00
0.40
0.00
0.00
0.00
0.00
0.00
0.80
0.00
0.00
0.00
0.20
0.00
0.00
0.00
0.00
2.20
0.00
0.00
0.00
0.00
0.20
0.00
0.00
0.00
0.00
0.00
0.20
0.20
0.00
0.00
0.00
0.00
0.00
0.00
1.80
0.00
0.00
0.00
0.00
0.00
0.00
0.00
0.00
1.00
0.40
0.00
0.00
0.00
0.00
0.20
0.00
0.00
0.00
0.00
0.00
0.00
0.00
0.20
0.00
0.00
0.00
0.00
0.00
0.00
0.00
0.00
0.00
0.00
0.00
0.00
0.00
0.00
0.00
0.00
0.00
0.00
0.00
0.00
0.00
0.00
0.00
0.00
0.00
0.00
0.00
0.00
-99.00
0.00
0.00
0.00
0.00
0.20
0.00
0.00
0.00
0.00
0.00
0.00
0.00
0.00
0.00
0.00
0.00
0.00
2.20
0.00
0.00
0.00
0.00
0.00
37.80
1.80
0.40
0.20
0.00
0.00
0.00
0.00
1.00
0.00
0.00
0.00
0.00
0.00
0.00
0.00
0.00
0.00
0.00
0.00
0.00
0.00
0.00
0.00
0.00
0.00
0.00
3.20
61.10
34.10
11.40
0.00
1.60
0.00
0.00
0.00
0.00
0.00
1.60
9.00
0.00
0.20
0.00
0.00
0.00
0.00
0.20
0.00
0.00
0.00
0.00
0.00
0.00
0.00
0.00
0.00
0.00
10.80
0.00
0.00
0.00
10.40
5.00
0.00
3.60
1.00
4.20
0.00
0.20
3.60
0.00
0.20
0.00
0.00
0.20
0.20
0.00
0.20
0.00
0.00
0.00
0.00
0.00
0.20
0.00
0.20
0.20
0.20
0.00
0.00
0.00
0.20
0.00
3.00
0.40
0.00
0.20
0.00
0.00
0.00
0.00
0.00
0.00
0.20
0.00
0.00
0.20
0.00
0.00
0.20
0.00
0.00
0.20
6.60
0.00
3.00
0.00
0.00
0.20
0.00
0.00
0.00
2.20
0.00
0.20
0.00
0.00
0.00
0.00
5.00
4.20
0.00
0.00
0.00
0.00
0.00
0.00
0.20
0.00
0.20
0.00
0.00
0.00
0.00
0.00
0.00
0.00
0.20
0.00
0.20
0.20
0.00
0.00
0.00
0.00
0.20
0.00
0.00
0.00
0.20
0.00
0.00
0.00
1.60
0.20
0.00
0.00
0.00
3.00
0.00
0.00
0.00
0.00
0.20
0.00
0.00
0.00
6.00
2.80
0.20
0.00
0.00
0.00
0.20
0.00
0.00
1.40
0.20
0.00
0.20
0.00
0.20
0.00
0.00
0.00
0.00
0.00
0.00
0.00
0.00
0.00
0.00
0.00
0.00
5.40
0.00
0.00
0.00
0.00
0.00
0.00
0.00
0.00
5.40
0.00
0.00
0.20
0.00
0.00
0.00
0.00
0.00
0.00
0.00
1.00
6.20
6.20
0.00
14.60
79.80
3.60
0.20
4.60
5.60
8.00
0.00
0.00
0.20
0.00
0.00
9.60
10.60
17.40
0.20
0.00
0.20
0.00
0.20
0.00
0.00
0.20
0.00
0.00
0.00
0.20
0.00
5.80
8.00
2.60
8.60
0.00
4.20
2.80
0.00
0.00
0.00
0.00
0.00
0.00
0.00
0.00
0.00
1.00
0.00
0.00
0.00
0.00
0.20
0.00
0.20
0.00
0.60
0.20
0.00
0.00
0.00
0.00
0.00
0.00
0.00
0.00
0.00
0.00
3.40
0.00
0.00
0.00
0.00
0.00
0.00
0.00
0.00
0.00
0.20
2.20
0.00
0.20
1.20
0.00
0.00
0.00
0.00
0.00
0.00
0.00
0.00
0.00
0.00
0.00
0.00
1.60
0.00
0.00
0.00
0.00
0.00
0.00
0.00
0.00
0.00
0.00
0.00
0.00
0.00
0.00
0.00
0.00
0.00
0.00
0.00
4.60
0.00
0.00
0.00
0.00
0.00
0.00
0.00
0.00
0.00
0.00
0.00
0.00
0.00
0.00
0.00
0.20
0.60
1.20
0.00
0.00
0.00
0.00
0.00
0.00
0.00
0.00
0.00
0.00
0.00
0.00
0.00
0.00
0.00
0.60
1.40
0.00
0.00
0.00
0.00
0.00
0.00
0.00
0.00
0.00
0.00
0.00
0.00
0.00
0.00
0.00
0.00
0.00
0.00
0.00
0.80
0.00
0.00
3.60
0.00
0.00
0.00
0.40
13.00
0.00
0.20
0.00
0.00
0.00
0.00
1.00
0.00
0.20
0.00
16.40
4.80
0.60
0.20
0.00
0.00
0.00
0.00
1.80
0.00
0.20
0.00
0.20
1.00
10.00
0.20
0.20
0.20
0.00
0.00
0.00
0.00
0.00
0.00
0.20
0.00
0.00
0.00
0.00
0.00
0.00
0.00
0.20
0.00
0.20
0.00
0.00
0.00
0.00
0.00
0.00
0.00
0.00
0.00
0.00
0.00
0.00
0.00
4.60
0.20
0.20
0.00
0.00
0.00
0.00
0.00
0.00
0.00
0.00
0.00
0.00
0.00
0.00
0.00
0.00
0.00
0.00
0.00
0.00
0.00
0.00
0.00
0.00
0.00
0.00
6.60
16.80
0.20
12.80
11.60
1.20
3.60
0.20
0.20
0.00
0.20
0.00
0.00
0.00
0.20
0.00
6.60
2.40
0.20
0.00
0.20
0.00
0.20
0.00
0.20
3.00
0.00
0.00
3.80
0.00
3.20
0.00
0.00
0.00
0.20
0.00
0.20
0.00
0.00
0.00
0.00
0.20
0.20
0.20
0.80
0.00
0.00
0.00
0.00
0.40
0.00
0.00
0.20
0.00
0.20
0.20
0.00
0.00
2.40
0.20
0.00
0.20
0.00
0.60
0.00
0.40
0.00
0.20
0.20
5.00
3.40
0.20
0.00
0.40
0.00
0.00
0.00
0.20
0.00
0.00
0.00
0.00
0.00
0.60
0.00
0.00
0.00
0.00
0.00
0.00
0.00
0.00
0.20
0.00
0.00
0.00
0.00
0.00
0.00
0.00
0.40
0.00
0.00
0.20
0.80
0.00
0.00
1.80
0.00
0.00
0.00
0.00
0.20
0.00
2.40
3.20
1.40
0.00
0.40
0.00
0.00
0.00
1.00
3.00
0.40
15.00
0.20
0.00
0.00
0.00
0.00
0.20
0.00
0.20
0.00
0.00
0.00
0.00
0.00
0.00
0.00
0.00
0.00
0.20
8.80
48.20
5.60
6.60
0.20
11.20
0.00
9.60
2.00
3.00
29.00
0.00
0.00
0.00
4.00
2.60
19.20
1.60
7.60
0.80
0.00
0.00
11.00
0.00
0.00
0.00
0.00
0.20
0.20
0.00
0.00
4.00
1.00
1.60
0.00
0.00
0.00
0.00
5.80
0.00
0.00
0.00
0.00
0.00
0.00
0.00
0.00
0.00
0.00
4.60
0.00
0.00
0.00
3.20
0.00
0.00
0.00
0.00
0.00
0.00
0.40
0.20
0.00
0.00
28.70
0.00
0.00
0.00
0.00
0.00
0.00
0.00
3.00
0.00
0.00
0.00
1.00
0.00
0.00
0.00
0.00
0.00
0.00
0.00
0.00
0.00
0.00
0.00
0.00
0.00
0.00
0.00
0.00
0.00
0.00
0.00
0.00
0.00
0.00
0.00
0.00
0.00
0.00
0.00
0.00
9.80
0.00
0.20
0.00
0.00
0.00
0.00
0.00
0.00
0.00
0.00
0.00
0.00
0.00
0.00
2.00
0.00
0.20
0.00
0.00
5.40
0.00
0.00
0.00
0.00
0.00
0.00
0.00
0.00
0.00
0.00
11.40
28.80
0.00
0.20
0.00
0.00
0.20
0.20
0.00
0.20
0.00
0.00
0.00
0.00
0.00
1.40
0.00
0.40
0.00
0.00
0.20
0.00
0.20
0.00
0.00
0.00
15.00
0.20
0.00
0.20
5.20
10.60
0.00
0.20
0.00
0.20
26.60
11.20
0.40
7.00
8.60
28.60
0.00
0.20
0.00
0.00
0.20
0.80
0.20
0.00
0.20
0.00
0.00
0.00
0.00
0.20
0.00
0.00
0.00
0.20
0.20
0.00
0.00
1.60
0.00
0.00
0.00
0.00
0.00
0.00
0.00
0.00
0.00
0.00
1.00
0.00
0.00
0.20
9.40
0.00
0.00
0.00
8.60
0.00
0.00
0.00
0.00
0.00
0.00
0.00
0.20
0.20
0.00
0.00
0.00
15.20
17.40
8.20
3.20
0.20
0.20
0.80
2.20
0.00
1.00
0.00
0.20
0.00
0.00
12.20
2.00
0.00
0.00
0.20
0.00
0.20
0.00
0.00
0.20
0.60
0.00
0.00
0.00
0.20
0.00
2.00
0.00
0.00
0.00
0.00
0.20
8.60
6.80
2.40
0.00
0.20
1.00
0.20
0.00
0.00
0.00
0.00
0.00
0.00
0.00
0.00
0.00
0.00
0.00
0.00
0.00
0.20
0.00
0.20
0.00
0.00
0.00
0.00
0.20
2.20
1.20
0.00
1.00
2.20
0.00
0.00
0.00
0.00
0.00
0.00
0.00
0.00
0.00
0.20
0.00
0.00
0.20
0.00
0.00
0.20
0.00
0.00
0.00
0.00
0.00
0.00
0.00
11.40
2.60
2.20
9.00
2.60
2.20
0.20
0.00
0.20
4.40
39.80
6.60
0.00
19.00
16.80
0.20
0.00
0.20
8.20
3.60
0.20
0.00
0.20
0.20
0.00
0.00
0.00
0.00
0.00
5.60
0.00
0.00
0.00
0.20
0.40
0.00
0.00
0.00
0.00
0.00
0.40
0.00
0.00
0.00
0.20
0.00
0.80
0.40
0.00
0.00
0.00
0.00
0.00
0.00
0.00
0.00
0.00
0.00
0.00
0.00
0.00
0.00
0.00
0.00
0.00
0.00
0.00
0.00
0.00
21.20
2.80
0.00
0.00
0.00
0.00
0.00
0.00
0.00
0.20
0.00
0.00
0.00
0.00
0.00
0.00
0.00
0.00
0.00
0.00
0.40
0.20
0.00
0.00
0.00
0.00
0.00
0.00
0.00
0.00
0.00
0.00
0.00
0.00
0.40
0.00
0.00
0.00
0.00
2.60
0.00
0.40
0.00
0.00
0.00
0.00
0.00
0.60
0.00
0.00
0.00
0.00
0.00
0.00
0.20
0.00
0.00
0.00
0.00
0.00
0.00
0.00
0.00
0.00
3.80
0.00
1.60
0.00
0.00
0.00
0.00
0.00
0.00
0.00
0.00
0.00
0.00
0.00
0.00
0.00
0.00
0.40
0.20
0.00
0.00
0.00
0.00
0.00
0.00
0.00
0.00
0.00
0.00
0.00
0.40
0.00
0.00
0.00
0.00
0.00
4.60
0.00
0.00
0.00
16.10
0.60
0.20
0.00
0.00
0.00
0.20
0.00
0.00
0.00
0.00
0.20
10.40
10.00
0.20
0.00
0.00
0.00
0.00
0.20
1.60
1.20
0.00
0.00
0.00
0.00
0.00
0.00
0.00
0.00
0.00
0.00
0.00
1.80
11.70
7.20
0.00
0.00
0.00
0.00
0.00
0.00
0.20
0.00
0.00
0.00
0.20
0.00
0.00
0.00
0.20
0.20
0.20
0.00
0.00
0.00
0.00
0.00
0.20
0.20
0.20
0.20
0.20
0.00
0.20
0.00
1.40
0.00
0.20
0.20
0.40
0.00
0.00
2.00
0.40
0.00
0.00
3.40
0.20
0.00
0.00
0.20
0.00
0.00
0.20
0.00
0.00
1.60
17.80
0.00
0.00
0.20
0.00
0.00
0.00
1.40
4.80
1.80
2.40
2.80
7.60
0.00
0.00
3.20
0.40
0.00
0.00
0.00
0.00
6.60
0.40
0.00
25.40
12.60
0.20
0.00
0.40
7.20
3.00
5.20
0.00
0.00
0.00
0.60
0.00
0.00
0.00
0.20
0.00
0.20
6.00
0.00
0.00
0.00
0.00
0.00
0.20
0.00
0.00
0.00
10.20
0.40
0.00
0.00
8.00
0.00
0.00
0.00
0.00
0.00
0.00
1.80
2.00
0.40
10.00
0.40
0.00
0.40
1.20
0.20
0.00
0.00
0.20
2.00
0.00
0.20
0.60
2.00
0.20
0.00
0.00
12.20
2.40
0.00
0.00
0.00
0.00
0.00
0.00
0.00
0.00
0.10
0.00
0.30
0.10
3.40
3.80
-99.00
0.00
0.40
0.00
0.00
0.00
0.00
1.60
0.00
0.00
0.00
0.00
0.00
0.00
0.00
3.20
0.00
0.00
0.00
0.00
15.70
0.40
2.40
0.00
0.10
5.10
0.20
0.00
0.00
0.00
0.00
0.90
0.00
0.00
0.00
0.00
0.00
0.00
0.00
0.00
1.20
34.80
0.00
0.00
0.00
0.60
0.10
0.30
0.30
0.40
0.00
3.80
0.10
0.00
0.00
0.00
0.00
0.00
0.00
0.00
0.00
0.00
0.00
0.00
0.00
0.70
1.60
0.00
0.00
0.00
0.00
0.00
0.00
0.00
0.90
5.90
0.00
0.00
15.40
1.00
0.40
0.00
0.00
5.90
0.70
0.00
0.00
0.00
0.00
0.00
0.00
0.00
0.00
0.00
0.00
0.00
0.00
0.00
0.00
0.00
0.00
0.00
0.00
0.00
0.00
0.00
0.00
0.00
0.00
0.00
0.00
0.00
0.00
0.00
0.00
0.00
0.00
0.00
0.00
0.00
0.00
2.10
0.10
0.00
0.00
0.00
0.00
0.00
0.00
0.00
0.00
1.50
25.30
0.00
0.00
0.00
0.00
0.00
0.00
0.00
0.00
0.00
0.00
7.70
0.00
0.00
0.00
0.00
0.00
3.00
0.00
0.00
0.00
0.00
0.00
0.00
0.00
0.00
0.00
0.00
0.00
0.00
0.00
0.10
0.00
0.00
0.00
0.80
0.00
0.00
0.00
0.00
0.00
0.00
0.00
0.00
0.00
0.00
42.60
0.00
0.00
11.50
0.10
0.00
2.20
0.60
0.00
0.00
0.00
0.00
0.00
0.00
0.00
0.00
0.10
0.10
0.00
0.00
0.00
0.00
53.30
0.30
9.70
46.40
1.60
0.00
0.00
0.00
0.00
0.00
0.00
0.00
0.00
0.00
0.00
0.00
0.00
0.00
0.00
0.00
0.00
0.00
0.20
0.00
0.00
0.00
0.00
0.10
0.20
0.00
3.90
0.10
0.00
0.00
0.00
0.00
1.30
1.30
0.00
0.00
0.00
0.00
1.90
0.20
0.00
0.00
0.00
0.00
0.00
0.00
0.00
0.20
0.40
0.00
0.00
0.00
0.00
0.70
0.20
1.00
0.60
0.50
0.00
0.00
0.00
0.70
0.20
0.00
0.00
0.00
0.00
0.60
0.00
4.30
0.20
1.00
0.00
0.00
0.00
0.00
0.00
0.00
0.00
0.00
0.10
0.00
0.00
0.00
0.30
0.10
0.20
0.20
0.00
0.00
0.00
0.00
0.00
0.00
0.00
0.00
0.00
0.00
0.00
0.10
0.00
0.00
0.00
0.00
0.00
0.00
2.40
8.50
0.10
0.00
0.00
0.00
0.00
0.00
0.00
0.00
0.00
0.00
0.00
0.00
0.00
0.00
0.00
0.30
0.60
1.40
0.00
1.60
0.00
0.60
0.10
0.00
0.00
0.00
0.00
0.00
0.00
0.00
0.20
0.00
0.00
12.30
3.50
0.00
0.10
0.00
0.00
0.00
0.00
0.40
31.60
0.10
2.00
24.00
19.30
0.00
0.00
0.00
0.00
0.00
3.20
0.10
0.00
0.00
0.00
0.50
0.00
0.00
0.70
0.00
0.00
0.00
0.00
0.00
0.00
0.00
0.00
0.00
0.00
0.00
0.80
0.00
0.00
0.00
0.00
0.00
0.00
0.00
0.00
0.00
6.10
22.50
0.00
0.10
1.50
1.50
0.00
0.00
0.00
0.00
0.00
0.60
0.00
0.00
0.00
0.00
28.80
0.00
0.00
0.00
0.00
0.00
0.00
2.70
0.00
0.00
0.00
0.00
0.00
0.00
0.00
0.00
0.00
0.00
0.00
0.30
0.30
0.50
0.60
2.90
0.00
0.00
0.60
4.20
10.00
0.00
0.00
0.00
0.00
0.00
1.50
0.00
0.00
0.00
0.00
0.00
0.00
0.00
0.00
0.00
0.00
0.40
0.10
0.00
0.00
0.00
0.00
0.00
1.40
1.00
0.00
0.00
0.00
23.40
0.50
0.00
0.00
0.00
0.00
0.00
0.00
0.00
1.00
0.20
0.00
0.00
0.00
0.00
0.00
0.00
0.00
0.00
0.00
0.00
0.00
0.00
0.00
1.40
0.00
0.10
0.00
0.00
0.00
0.00
0.00
0.00
1.00
0.00
0.00
0.00
0.00
0.00
0.00
0.00
0.30
0.00
0.00
0.00
0.00
0.00
0.00
0.00
0.00
0.00
0.00
0.00
0.00
0.00
0.00
0.00
0.00
0.00
0.00
0.00
0.00
0.00
0.00
0.00
0.00
0.00
0.00
0.00
0.00
0.00
0.00
0.00
0.00
0.00
0.00
0.00
0.00
0.00
0.00
0.00
0.00
0.00
0.10
0.00
0.00
0.00
0.00
0.00
0.00
0.00
0.00
0.00
0.00
0.00
0.00
0.00
0.00
0.00
0.00
0.00
0.00
0.00
0.00
0.00
0.00
0.00
0.00
0.00
0.00
0.00
0.00
0.20
6.00
0.20
0.00
5.80
8.00
1.70
0.00
0.10
0.00
0.10
8.40
21.70
0.20
0.70
4.00
0.00
0.10
0.00
0.20
0.00
0.10
0.00
30.80
0.10
0.00
0.10
7.40
8.00
0.40
7.20
0.10
0.10
0.00
0.00
0.00
0.00
0.00
0.00
0.00
0.00
0.10
0.00
0.00
0.00
0.00
0.00
0.10
0.00
0.00
0.00
0.00
0.00
0.00
0.00
0.00
0.00
0.00
0.00
0.00
0.00
0.00
0.00
0.00
0.00
0.10
0.00
0.00
0.00
0.00
0.00
0.00
0.00
0.00
0.00
0.00
0.00
0.00
0.00
0.10
0.00
0.00
0.00
0.00
0.00
0.30
0.00
0.30
0.10
0.00
0.00
0.00
0.00
0.00
0.00
0.00
1.60
0.00
0.00
0.00
0.00
0.10
0.00
0.00
0.00
0.90
0.10
0.00
0.00
0.00
0.00
0.00
0.00
0.00
0.00
0.00
0.00
0.00
0.00
0.00
0.00
0.00
0.00
0.00
0.00
0.00
0.00
0.00
0.00
0.00
0.00
0.00
0.00
0.00
0.00
0.00
0.00
0.00
0.00
0.00
0.00
0.00
0.00
0.00
0.00
0.00
0.00
0.00
0.50
10.80
10.40
0.00
0.00
0.00
0.00
0.00
0.00
0.00
0.00
0.00
0.00
0.00
0.00
20.40
5.60
2.30
11.10
0.00
0.00
0.00
1.40
0.00
2.10
0.00
0.90
0.00
0.00
0.20
0.10
0.20
0.00
0.50
0.80
0.60
0.00
0.00
0.00
0.00
12.80
2.90
8.40
0.00
0.00
0.00
9.10
0.00
0.00
0.00
0.00
0.00
0.00
0.00
0.00
0.00
0.00
0.00
0.00
0.00
0.00
2.20
0.20
0.00
0.00
0.00
0.00
0.00
0.00
0.00
0.00
0.00
0.00
0.00
0.00
0.20
1.90
0.00
0.00
0.00
0.00
0.00
0.00
0.00
0.00
0.00
0.00
0.00
0.00
0.00
0.00
1.70
4.00
0.00
0.00
0.00
0.00
0.00
0.00
0.00
0.00
0.00
0.00
0.00
21.50
0.00
0.00
0.00
0.20
0.00
0.00
0.00
0.00
0.00
0.70
0.00
0.00
0.00
0.00
0.00
0.00
0.00
0.00
0.00
0.00
0.00
0.00
0.00
0.00
0.00
0.00
0.20
0.00
0.00
0.00
0.00
0.00
0.00
0.00
0.10
0.00
0.00
0.00
0.00
0.00
0.00
0.00
0.00
0.00
0.00
0.00
0.00
0.00
0.00
0.00
0.00
0.30
0.00
0.00
0.00
0.00
0.00
0.20
0.00
1.40
0.00
0.00
0.00
0.00
0.00
0.00
0.00
0.00
0.00
0.00
0.00
0.00
0.00
0.00
0.00
0.00
0.00
0.00
0.00
0.00
0.00
0.00
0.00
0.00
0.00
0.00
0.20
0.30
10.80
42.60
0.00
0.00
0.00
0.00
0.10
0.00
0.00
0.00
0.00
0.00
5.20
3.00
0.00
0.00
0.30
0.00
0.00
0.00
0.00
1.90
24.00
9.70
0.10
0.10
0.20
30.70
1.90
0.00
0.00
0.00
21.60
9.10
0.00
0.00
0.50
3.30
0.00
0.00
0.00
0.00
9.10
0.20
0.00
0.00
0.10
1.30
0.00
0.60
43.00
4.40
0.00
0.20
0.00
0.00
0.10
0.10
0.00
0.20
0.10
0.10
0.00
0.00
0.00
0.00
0.00
0.00
0.00
0.00
0.10
0.00
0.00
0.00
0.00
0.10
0.10
1.30
1.10
0.00
0.00
0.00
0.00
0.00
0.00
0.00
0.20
0.10
0.00
0.00
0.00
0.00
0.10
0.00
0.00
0.00
0.00
0.00
0.00
0.00
0.00
0.00
0.00
0.00
0.00
0.00
1.50
2.80
0.00
0.00
0.00
0.00
0.70
4.40
0.90
0.20
0.50
0.10
5.50
0.00
1.50
1.20
0.00
0.00
0.00
0.00
0.00
0.80
0.00
0.00
0.80
0.00
0.00
0.00
0.00
0.20
0.00
0.00
0.00
0.00
0.00
0.00
0.20
0.40
0.00
0.10
0.00
10.10
5.40
0.00
0.00
0.00
0.00
36.90
8.90
0.00
0.00
9.50
25.30
8.90
0.00
1.00
0.50
0.20
0.00
0.00
0.40
0.00
0.00
0.00
1.60
0.00
0.20
0.60
0.00
0.00
0.00
0.00
0.80
3.20
0.10
0.00
2.60
0.10
0.20
1.60
0.00
4.90
2.70
1.20
0.00
0.00
0.00
0.00
0.00
0.00
0.00
0.00
0.00
0.00
0.00
0.00
0.00
0.00
0.00
0.00
0.00
0.00
0.00
4.50
8.30
6.60
22.60
42.90
1.70
0.60
0.00
0.00
0.00
0.00
0.00
0.00
0.00
2.30
0.10
0.10
0.00
0.00
10.60
12.00
0.00
1.70
1.80
9.30
0.80
0.00
0.00
0.00
0.00
0.00
0.00
0.00
0.00
0.00
0.00
0.00
0.00
0.00
0.00
0.00
0.00
0.10
0.00
13.90
0.00
0.00
0.00
0.00
0.00
0.00
0.00
0.00
6.30
24.30
0.00
0.00
0.00
0.00
0.00
0.00
0.00
0.00
0.00
0.00
0.00
0.00
0.00
0.00
0.00
0.00
0.00
0.00
0.00
0.00
0.00
0.00
0.00
0.00
0.00
0.00
0.00
0.00
2.50
0.10
0.00
0.00
0.00
0.00
0.00
0.00
0.00
0.00
0.00
0.20
0.00
0.00
0.00
0.00
0.00
0.00
0.00
0.00
0.00
0.00
0.00
0.00
0.00
0.00
0.00
0.00
0.00
0.00
0.00
0.00
0.00
0.00
0.00
0.00
0.00
0.00
0.00
0.00
0.00
0.00
1.60
0.00
1.30
0.00
0.00
0.00
0.00
0.00
0.00
0.00
6.60
0.00
0.00
0.00
0.00
0.00
0.00
0.00
0.00
0.00
0.00
0.00
0.00
0.00
0.00
0.00
0.00
0.00
0.00
0.00
0.00
0.00
0.00
0.00
0.00
0.00
1.80
1.80
0.00
0.00
0.00
0.00
0.00
0.00
0.00
0.00
0.00
0.00
0.00
0.00
0.00
0.00
0.00
0.00
0.00
1.20
0.20
0.00
0.00
0.00
0.00
0.00
0.00
0.00
0.00
0.00
0.00
0.00
1.10
0.00
0.00
0.00
0.00
0.00
0.00
0.00
0.00
0.00
0.00
0.00
82.80
43.60
11.90
0.00
0.00
0.00
0.00
0.00
0.00
0.00
0.00
0.00
0.00
0.00
0.00
0.00
0.00
0.00
0.00
0.00
0.00
0.00
0.00
0.00
0.00
0.00
0.00
0.00
0.00
0.00
0.00
0.00
0.10
10.80
0.10
0.00
0.00
0.00
0.40
1.60
0.00
0.00
0.10
0.00
0.00
0.00
0.80
0.10
0.00
1.40
0.00
0.00
0.00
0.20
0.00
0.00
1.40
0.10
3.60
0.00
0.10
1.20
0.20
37.90
0.30
0.00
0.00
0.30
0.00
0.00
0.00
0.00
0.20
1.50
4.40
0.00
0.00
0.00
0.00
0.00
2.00
0.00
0.00
0.00
0.00
8.50
0.20
0.50
0.00
0.00
0.00
2.30
4.60
0.10
0.00
0.00
0.00
0.00
0.00
0.00
0.00
0.90
0.00
0.00
1.00
0.10
0.00
1.70
0.00
0.00
0.00
0.00
0.00
0.10
0.00
0.00
0.00
0.10
0.10
0.00
0.00
0.00
0.00
0.00
0.00
0.20
8.70
0.00
0.70
4.60
0.00
0.00
0.00
0.00
5.80
0.00
0.00
0.20
57.80
0.00
0.00
0.00
0.00
0.00
0.00
0.20
7.00
0.70
0.00
0.00
0.00
0.00
0.00
0.00
1.70
0.90
20.40
0.10
0.00
9.40
0.10
1.80
0.00
0.00
0.00
0.00
0.00
0.00
0.00
0.00
0.00
0.00
0.00
0.20
0.00
0.00
0.00
0.50
0.00
0.00
0.00
0.00
0.00
0.00
0.00
0.00
0.00
0.50
1.80
0.00
0.00
2.50
0.00
24.40
0.00
0.10
0.00
0.00
0.00
0.00
0.00
0.00
0.70
0.00
0.00
0.00
0.00
0.00
0.00
0.00
0.00
0.00
0.00
13.40
0.00
0.00
0.00
0.00
0.00
0.00
5.20
0.00
0.00
0.00
0.00
0.00
0.00
0.00
0.00
3.00
0.10
0.00
0.00
0.00
0.00
0.00
0.00
0.00
0.00
0.00
0.00
0.00
0.00
0.00
0.00
0.00
0.00
0.00
0.00
0.00
0.00
0.10
0.00
0.00
1.20
0.00
0.00
0.00
0.00
7.40
0.00
0.00
0.00
0.00
0.00
0.00
0.00
0.00
0.00
0.90
0.00
0.00
0.00
0.00
0.00
0.00
0.00
0.40
0.00
1.30
0.10
0.00
0.00
0.00
0.00
0.10
0.00
0.00
0.00
0.00
0.00
0.00
0.00
0.00
0.00
0.00
0.00
0.30
0.00
0.00
0.00
0.00
0.70
0.00
0.10
0.00
0.00
13.00
0.30
1.10
18.80
0.10
0.00
0.00
0.00
0.00
14.60
0.00
25.20
0.10
0.10
0.10
0.00
0.40
0.00
0.00
0.10
0.00
6.70
0.10
0.10
0.10
0.30
0.00
0.00
0.00
0.10
0.10
0.00
0.00
0.00
0.00
0.00
0.00
0.00
0.00
0.00
0.00
0.00
0.00
0.00
0.00
3.90
3.70
0.00
0.00
0.00
0.00
0.50
0.10
2.60
0.10
0.10
10.70
0.10
0.00
0.30
0.00
0.00
0.00
0.00
0.00
0.00
0.00
0.00
15.40
20.00
9.60
40.40
17.40
6.90
0.00
5.30
12.30
0.10
0.00
0.00
0.00
0.00
0.00
0.00
0.10
0.10
1.70
13.70
0.00
0.00
0.00
0.00
0.00
0.00
0.00
0.00
0.00
0.00
0.00
0.00
0.00
0.00
0.00
0.00
0.00
0.00
0.00
0.00
0.10
0.00
0.00
0.00
0.00
0.00
0.00
0.00
0.00
0.00
0.10
3.40
0.00
0.40
0.50
0.00
0.00
0.00
0.00
0.00
0.00
0.00
0.00
0.00
0.00
15.80
3.30
0.00
0.00
2.50
12.90
0.00
0.00
0.00
0.00
0.00
0.00
0.00
0.10
0.00
0.00
0.00
0.00
0.00
0.00
0.00
0.00
0.90
0.00
4.20
0.00
0.00
0.00
0.00
0.00
0.00
0.00
0.00
0.00
0.00
0.00
0.00
0.00
0.00
0.00
0.00
0.00
0.00
0.00
0.00
0.00
0.00
0.30
0.00
8.00
44.00
44.60
3.80
17.50
1.00
0.00
0.00
0.00
0.00
0.00
0.00
0.00
0.00
0.00
0.00
0.00
0.00
0.00
0.00
0.00
0.00
0.00
0.00
0.00
0.00
0.00
12.90
0.00
1.30
0.00
0.00
0.00
0.30
0.00
0.00
0.00
22.00
0.00
0.00
0.00
0.00
0.00
0.00
0.00
0.00
0.00
0.00
0.00
0.00
0.00
0.00
0.00
0.00
0.00
0.00
0.00
0.00
0.00
0.00
4.40
0.00
0.00
0.00
0.00
0.00
0.00
0.00
0.00
0.00
0.00
0.00
0.00
0.00
0.00
0.00
0.00
0.00
0.00
0.00
0.00
0.20
2.00
3.60
0.10
8.00
0.00
25.80
13.70
0.00
0.00
0.00
0.00
0.00
0.00
16.50
0.00
0.00
0.00
0.00
0.00
0.00
0.00
0.00
0.00
0.00
0.00
0.00
0.00
0.00
0.00
0.00
0.00
0.00
0.00
0.00
0.00
0.00
0.00
0.00
0.20
0.00
0.00
0.30
0.10
0.00
0.00
0.00
0.00
0.00
0.00
0.00
1.20
24.60
0.00
0.00
0.00
0.00
0.00
0.10
0.00
3.40
0.00
0.00
0.00
0.00
0.00
0.00
0.00
0.00
0.00
1.30
0.00
0.00
0.00
1.40
0.00
0.00
0.00
0.00
0.00
0.00
0.00
0.00
12.90
0.10
4.50
0.10
7.20
0.00
0.00
0.00
0.00
0.00
0.30
0.40
0.60
0.10
0.00
0.00
0.00
0.00
0.00
0.00
0.00
0.00
0.00
0.00
0.00
0.00
0.00
0.00
0.30
0.20
21.10
0.10
0.20
0.00
0.00
0.00
0.30
0.00
0.00
0.00
0.00
0.00
0.00
0.00
0.30
0.00
0.00
0.00
0.00
0.00
0.60
0.00
0.00
0.00
0.00
0.00
0.00
1.40
0.00
0.00
0.00
0.00
0.00
87.20
0.10
0.60
0.10
0.00
0.10
0.00
0.00
0.00
0.00
0.00
0.00
0.00
0.00
0.00
0.00
0.00
0.00
0.00
0.00
0.00
0.00
0.00
0.00
0.00
0.00
0.00
0.00
0.00
0.00
0.10
0.10
0.10
0.00
0.00
0.00
0.00
0.00
0.00
0.00
0.00
0.00
0.00
0.10
0.00
0.00
0.10
0.10
0.00
0.00
0.30
0.00
0.00
0.00
0.00
0.10
0.10
0.90
0.20
0.00
0.00
0.00
0.30
2.00
0.10
0.00
0.00
0.00
0.00
0.00
0.10
0.00
0.00
0.00
0.00
0.00
0.00
0.80
0.00
0.00
0.00
0.00
0.00
0.10
0.00
0.00
0.00
0.00
0.00
0.00
0.00
0.00
0.00
0.00
0.00
0.00
0.00
0.70
0.00
0.00
0.00
5.40
1.00
3.00
1.60
0.00
0.00
0.00
0.00
0.00
0.00
0.00
0.70
0.00
0.00
0.00
2.00
13.40
0.50
0.00
0.00
0.00
0.00
0.30
0.00
0.00
0.00
0.00
1.50
0.00
0.00
0.00
0.00
21.70
13.00
0.10
0.00
0.00
11.70
3.30
0.10
0.00
0.00
0.00
0.00
0.00
0.00
0.00
0.00
0.00
0.00
0.00
0.00
0.00
15.70
35.10
0.00
0.00
0.00
0.00
0.00
0.50
0.00
0.00
0.00
0.00
0.90
0.80
0.00
0.00
0.50
0.00
0.40
0.00
0.00
0.00
0.00
9.10
1.30
0.10
4.80
0.00
0.00
0.00
0.00
0.20
0.00
0.00
0.60
19.50
4.20
1.90
0.00
0.00
0.00
0.00
0.00
0.00
3.50
0.00
0.00
0.00
1.50
0.00
0.00
0.00
0.00
0.00
4.30
0.00
0.00
0.00
0.00
0.00
0.00
2.30
0.00
1.50
0.00
0.00
0.00
0.00
0.00
0.00
0.00
0.00
2.10
0.00
0.00
0.30
0.00
0.00
0.00
0.00
0.00
0.50
0.00
0.00
0.00
0.00
0.10
0.00
0.00
0.00
0.00
0.00
0.00
0.00
0.00
0.10
0.00
0.00
0.90
0.00
0.00
0.00
0.00
0.00
0.00
0.00
0.00
0.00
0.20
2.00
0.00
0.00
0.00
0.00
0.00
0.00
0.00
0.00
0.00
0.00
0.00
0.30
0.10
0.00
0.00
0.00
0.00
1.00
0.00
0.00
0.00
0.00
0.00
0.50
0.00
0.00
0.00
0.00
0.00
0.00
0.00
0.00
0.00
0.00
0.00
0.00
0.00
0.00
0.00
0.00
0.00
0.00
0.00
0.00
0.00
0.00
0.00
0.00
0.00
0.00
0.00
0.00
1.50
1.20
0.00
0.00
0.00
0.00
0.00
0.00
0.00
0.00
4.00
0.00
0.30
0.00
0.00
1.10
0.00
0.00
0.00
0.00
0.00
0.00
0.00
0.10
0.00
0.00
0.00
0.00
0.00
1.60
7.40
2.50
0.00
0.10
0.10
0.40
0.00
0.00
0.20
1.00
0.10
0.00
0.40
0.00
0.00
0.00
0.10
0.00
0.00
0.00
0.00
0.00
0.50
5.30
0.00
0.00
0.00
0.00
0.00
0.00
0.00
0.20
0.00
0.00
0.00
0.00
0.10
0.00
4.00
9.40
6.50
24.90
0.00
0.10
6.50
15.50
0.60
0.10
0.00
0.20
0.10
0.00
7.70
0.00
0.00
0.10
0.00
0.00
0.00
0.00
0.00
0.00
0.00
0.30
24.70
0.10
0.20
3.90
0.00
0.10
0.00
0.00
0.00
0.00
0.00
0.00
0.00
0.00
0.00
0.00
0.00
0.00
0.00
0.00
0.00
0.00
0.00
0.00
0.00
0.00
0.00
0.00
0.00
0.00
0.00
0.00
0.00
0.00
0.40
6.70
0.60
5.70
2.60
0.00
0.00
0.00
9.30
4.40
0.00
0.00
0.10
0.00
1.20
0.00
0.00
5.40
0.00
0.00
0.00
0.00
0.00
0.30
0.10
6.00
0.10
0.10
0.00
0.00
0.00
0.00
0.10
0.00
0.00
0.00
0.00
0.00
0.00
0.00
0.00
0.00
0.00
9.10
10.00
0.00
0.00
0.00
0.00
0.00
0.00
0.00
0.00
2.90
0.00
0.00
0.00
0.00
0.00
0.00
0.00
0.00
0.00
0.00
4.70
2.40
0.00
12.80
0.10
0.00
0.00
9.90
0.00
0.00
0.00
0.00
0.00
0.00
0.00
0.10
0.00
0.00
0.00
0.00
0.00
0.00
0.00
0.00
0.00
0.00
0.20
0.00
0.00
0.00
0.00
0.00
1.40
0.50
4.50
0.00
1.10
0.20
0.00
0.00
0.00
0.00
0.00
0.00
0.00
0.00
2.80
0.20
4.90
0.00
0.00
0.00
0.00
0.00
0.00
8.40
0.00
0.00
0.00
0.00
0.00
0.00
0.00
0.00
0.00
0.00
0.00
0.00
0.00
0.00
0.00
4.80
21.90
0.00
0.00
0.00
0.00
0.00
0.00
0.00
0.00
0.00
0.00
0.00
0.00
0.00
0.00
0.00
0.00
0.00
0.00
0.00
0.00
0.10
0.20
3.90
0.00
0.00
0.00
0.00
0.00
0.00
0.00
0.00
0.00
0.00
0.50
0.00
0.00
0.00
0.00
0.00
0.00
0.00
0.00
0.00
0.20
0.00
0.00
2.40
0.00
17.70
0.00
0.00
0.00
0.00
0.00
0.00
0.00
0.00
0.90
0.00
0.00
0.00
0.00
0.00
0.00
0.00
0.40
0.00
0.00
0.00
0.00
0.00
0.30
0.00
0.00
0.00
0.00
0.00
0.00
0.00
0.00
0.10
0.00
0.00
0.00
0.00
2.30
1.80
0.50
0.00
0.00
0.50
0.00
0.00
0.00
0.00
0.00
0.90
0.00
0.00
0.00
0.00
0.00
3.90
0.00
0.00
0.00
0.00
0.00
0.00
3.80
0.10
0.10
0.00
0.00
0.00
0.00
0.00
0.10
0.00
0.00
0.00
0.00
0.00
0.00
0.00
0.00
0.00
0.00
0.00
0.00
0.00
0.00
0.00
0.00
0.00
41.40
2.30
0.00
0.00
0.00
0.00
0.00
0.00
0.00
0.10
0.00
0.00
0.00
0.00
0.00
0.10
0.00
8.50
0.00
0.00
0.00
0.00
0.00
0.00
0.00
0.00
0.00
0.00
0.00
0.00
0.00
0.00
0.00
0.00
0.00
0.00
0.00
0.10
0.00
0.00
0.00
0.00
0.00
0.00
0.50
0.00
0.00
0.00
0.00
0.00
0.10
0.00
0.20
0.00
0.30
0.00
0.00
0.00
0.00
0.00
0.00
0.00
0.00
0.00
0.00
0.00
0.00
0.00
0.00
0.70
2.90
0.00
0.10
0.00
0.00
0.00
0.00
0.00
0.00
0.00
0.10
4.20
0.00
0.10
0.10
0.00
0.00
0.10
0.00
0.00
0.00
0.00
0.00
0.00
0.00
0.00
0.00
0.00
0.00
1.70
8.60
0.00
0.00
0.00
0.10
0.10
0.00
0.00
0.00
11.60
8.30
5.10
0.00
0.00
0.00
0.00
0.00
0.00
0.00
0.00
0.00
0.00
0.00
0.00
0.00
0.00
0.00
0.00
0.00
0.00
0.00
0.00
1.90
11.20
0.10
1.10
0.10
0.00
8.90
0.00
0.00
0.00
1.10
2.50
0.10
0.10
0.20
0.10
0.90
0.00
6.50
0.00
0.70
0.00
0.00
0.00
0.00
7.30
0.20
0.00
0.00
0.00
0.00
0.10
0.10
0.00
0.00
0.00
0.00
0.00
0.00
1.70
7.10
2.00
8.10
16.90
0.00
6.50
0.00
0.00
1.80
0.10
0.00
0.00
0.00
0.00
0.00
0.00
0.00
0.00
0.00
2.00
0.00
3.60
0.20
0.60
0.20
0.00
0.00
0.00
0.00
0.20
0.50
0.00
0.00
0.00
22.90
0.00
0.00
0.00
0.00
0.00
0.20
0.00
12.10
0.00
0.00
0.10
0.10
0.40
0.00
0.00
24.60
0.00
25.10
0.30
0.10
0.00
0.80
0.00
0.20
1.20
0.00
0.00
0.00
0.00
0.90
0.00
0.00
0.00
0.00
0.00
0.00
0.00
0.00
0.00
0.00
0.00
0.00
0.00
0.00
0.00
0.00
0.00
0.00
0.00
0.00
0.00
0.00
0.00
0.00
0.00
0.00
0.00
1.80
0.00
3.90
0.00
0.00
0.00
0.00
0.00
0.00
0.00
0.00
0.10
0.00
1.60
0.00
0.00
0.00
0.00
0.00
0.00
0.00
0.00
0.00
0.00
0.00
0.00
0.00
0.00
0.00
0.00
0.00
0.10
0.00
0.00
0.00
0.00
0.00
0.00
0.00
0.90
0.00
0.00
0.00
0.00
0.00
0.10
0.00
0.00
0.00
0.00
4.40
0.00
0.00
0.00
0.00
0.00
0.60
0.00
2.40
0.20
0.00
0.00
0.00
0.00
0.00
0.00
0.00
0.00
6.70
0.10
0.00
0.20
0.00
0.00
0.00
0.00
0.00
0.00
0.00
0.00
0.00
0.10
0.00
0.00
0.00
0.00
0.00
0.00
0.00
0.00
0.00
1.70
6.40
0.10
0.10
0.10
0.00
75.00
0.50
0.10
0.10
22.60
57.80
0.40
0.10
0.10
0.00
0.00
0.00
1.10
6.40
0.00
0.00
2.90
25.60
0.00
0.40
0.00
0.00
14.80
0.10
0.20
3.20
9.50
0.00
0.10
0.00
0.30
0.00
22.00
0.30
0.00
1.60
0.00
2.90
0.10
0.20
2.50
0.00
0.90
8.20
0.00
0.00
0.10
2.40
0.00
0.00
0.00
0.00
0.00
0.00
0.00
0.00
0.00
0.00
0.00
0.10
10.30
0.00
0.00
0.00
0.00
0.20
0.40
0.00
0.20
0.00
0.10
0.00
0.10
0.00
0.00
0.00
0.00
0.10
0.10
0.20
0.10
0.10
0.20
0.00
0.00
0.00
0.00
0.00
0.00
0.00
0.00
0.00
0.00
0.00
0.00
0.00
0.00
0.70
0.40
0.00
0.10
0.90
0.00
0.00
0.00
0.00
0.00
3.70
0.10
0.50
2.60
0.00
0.00
0.00
0.00
0.00
0.00
0.00
0.00
0.10
0.00
0.00
0.00
0.10
0.10
0.20
0.00
0.00
0.10
0.10
0.00
0.20
0.00
0.00
0.00
0.00
0.10
0.00
0.00
0.00
0.00
0.00
0.00
0.90
0.00
0.00
0.00
0.00
0.00
0.00
0.00
0.00
0.00
0.00
0.00
0.00
0.00
0.00
0.00
0.00
0.00
0.00
0.00
0.00
0.00
0.00
0.00
0.00
1.70
0.50
0.00
0.00
0.00
2.40
3.70
0.10
1.40
0.00
4.40
0.00
0.00
0.00
0.00
0.50
0.00
0.00
0.00
0.00
7.10
0.50
8.50
0.00
0.00
2.60
0.00
0.00
0.00
0.00
0.00
0.00
5.40
0.40
0.00
0.00
0.00
0.00
0.10
0.00
1.90
0.10
0.00
0.00
0.00
0.00
0.00
5.20
0.00
0.00
0.00
0.00
0.00
0.00
26.50
0.80
0.00
0.00
0.00
0.00
0.00
0.00
0.00
0.00
0.00
0.00
0.00
0.00
0.00
0.00
0.00
0.00
0.00
0.00
0.00
0.00
0.00
0.00
0.00
0.00
0.00
0.00
0.10
0.00
0.00
0.00
0.00
0.00
0.00
0.00
0.00
0.00
0.00
0.00
0.00
0.00
0.00
0.10
1.20
2.50
9.30
0.00
0.00
0.00
0.00
0.60
0.00
0.00
0.10
0.00
0.00
0.00
0.00
0.00
0.00
0.00
0.00
0.10
0.00
0.00
0.00
0.00
0.00
0.00
0.00
0.00
0.00
0.00
0.00
0.00
0.00
0.00
0.00
0.00
0.00
0.00
0.00
0.00
0.00
0.00
0.00
0.00
7.50
0.00
0.00
0.00
0.00
0.00
0.00
7.00
0.00
0.00
0.00
0.00
0.00
0.00
0.00
0.00
0.00
0.00
0.00
0.00
0.00
1.70
20.90
0.00
4.10
0.10
0.00
0.00
0.00
0.00
0.00
0.00
9.20
0.00
0.00
0.00
0.00
0.00
0.00
0.00
0.00
0.00
0.00
0.00
0.00
0.00
0.00
0.00
0.00
0.00
0.00
0.00
0.00
0.00
0.00
1.50
0.00
0.00
0.00
0.00
0.00
2.60
0.00
128.80
0.10
0.20
0.00
0.10
0.20
0.20
0.00
0.10
0.00
0.50
0.10
0.80
0.40
0.20
0.00
0.00
0.00
0.80
0.50
0.00
0.00
9.70
0.40
0.30
0.00
0.10
0.00
0.00
0.10
0.10
8.60
0.20
0.00
0.00
0.10
0.10
0.00
0.00
0.00
0.00
0.10
0.90
38.70
7.60
0.70
0.10
0.10
0.00
0.00
0.00
0.90
0.00
0.00
0.00
0.00
0.00
0.00
1.00
8.60
0.90
0.30
0.00
0.00
0.10
0.10
0.10
0.10
0.00
0.00
0.00
0.00
0.00
0.00
0.00
0.30
0.00
0.00
0.00
0.10
0.00
0.10
0.10
0.10
0.00
0.00
0.10
0.10
0.00
17.10
22.10
73.60
43.60
16.70
0.10
0.10
0.10
0.10
0.10
0.00
0.00
0.00
0.10
0.00
0.00
0.10
0.00
0.10
0.00
0.10
0.10
0.00
0.00
0.00
0.00
0.00
0.00
0.00
0.00
0.00
0.00
0.00
0.10
0.20
0.10
0.00
0.00
0.00
0.00
0.00
0.00
0.00
0.30
0.10
0.00
0.00
0.00
0.00
0.00
0.00
0.00
0.00
0.00
0.00
0.00
0.00
3.10
0.00
0.00
0.10
0.00
0.20
1.50
6.00
0.00
1.00
1.80
0.30
0.00
0.00
0.10
3.40
32.70
3.80
0.00
0.10
0.00
0.00
2.00
0.00
0.00
0.00
0.10
0.00
3.80
0.00
0.00
0.00
0.00
3.90
13.50
19.60
19.30
3.40
0.20
0.00
0.00
0.00
7.90
0.00
0.00
0.00
0.00
0.00
0.00
0.00
0.00
0.00
0.00
0.00
0.00
32.50
0.00
1.10
2.20
54.70
2.50
0.50
0.00
0.00
0.00
0.00
0.00
0.00
0.00
0.00
3.40
0.00
0.00
0.00
0.00
0.00
0.80
0.10
0.00
25.70
1.30
0.00
0.00
0.70
0.00
0.00
0.00
0.00
0.00
0.00
0.00
0.00
5.70
0.00
7.30
0.00
0.00
0.00
0.00
0.00
0.00
0.00
0.00
0.00
0.00
0.00
0.00
0.00
0.00
0.00
0.00
0.00
0.00
0.00
0.00
0.00
0.00
0.00
0.90
0.00
0.00
0.00
0.00
0.00
0.00
0.00
0.00
0.00
0.00
0.00
0.00
0.00
0.00
0.00
0.00
0.00
0.00
0.00
0.00
0.00
0.00
0.00
0.00
0.00
0.00
0.00
0.00
0.70
0.00
0.10
0.00
0.00
0.00
0.00
0.00
0.00
0.00
0.00
0.00
0.00
0.00
0.00
0.00
0.00
0.00
1.10
0.20
0.00
0.00
0.00
0.00
0.00
0.00
0.00
0.00
0.00
0.00
0.70
0.00
0.00
0.00
0.00
0.00
0.00
0.00
0.00
5.50
0.00
0.00
0.00
0.00
0.00
0.00
0.00
0.00
0.00
0.00
0.00
0.00
0.10
6.10
0.00
2.40
0.10
0.00
0.00
0.00
0.00
0.00
0.00
0.00
0.00
0.00
0.00
0.00
0.00
0.00
0.00
0.00
0.00
1.30
0.00
0.00
0.00
0.00
0.00
0.00
0.00
0.00
0.10
0.00
0.10
0.10
12.30
11.10
55.80
17.40
0.10
0.30
0.10
0.20
0.00
0.10
0.10
0.00
0.00
0.10
0.00
0.00
0.00
0.00
0.10
0.00
0.20
0.00
0.20
11.90
6.60
0.30
0.10
0.00
0.00
0.00
0.00
0.00
0.00
2.30
0.20
0.00
1.70
8.30
0.00
0.00
0.00
0.40
0.40
0.00
0.00
1.00
0.70
0.10
0.10
0.10
0.00
0.00
0.00
0.00
1.10
0.00
0.00
0.00
0.00
0.00
0.00
0.00
0.00
0.00
0.20
3.50
47.90
5.20
0.00
0.00
0.00
0.00
0.00
0.00
0.00
0.00
0.10
0.40
0.10
4.70
0.50
0.30
0.30
0.00
0.00
0.00
0.00
0.00
0.00
0.00
0.00
0.00
0.00
0.00
1.20
0.00
2.90
1.50
3.80
0.00
0.50
0.00
0.60
0.00
0.00
0.00
0.00
0.10
0.00
0.00
0.70
0.20
0.00
0.00
0.00
0.10
2.00
0.00
0.00
0.00
0.00
0.00
0.00
0.00
1.00
0.00
0.00
0.00
0.00
0.00
0.00
