20000101
0.00
0.00
0.00
0.00
0.00
0.00
0.00
0.00
1.80
0.20
0.00
0.00
0.00
0.40
0.00
0.00
0.00
0.00
0.00
0.00
0.00
0.00
0.00
0.00
8.60
0.40
0.00
0.20
0.20
0.00
0.00
0.00
0.20
0.00
0.00
0.00
0.00
0.20
0.00
0.00
0.00
0.00
1.00
0.00
0.00
0.00
0.20
0.00
0.00
0.00
0.00
0.00
0.00
0.00
0.00
0.00
0.00
0.00
0.00
0.00
0.00
0.00
0.00
0.00
0.00
0.00
0.00
0.20
0.00
0.00
0.00
0.00
0.00
0.00
0.00
0.00
0.00
0.00
0.00
0.00
0.00
0.00
0.80
0.00
0.40
3.40
2.80
7.80
0.00
0.20
16.90
0.00
0.00
1.60
0.20
0.80
0.20
0.00
0.00
0.00
12.10
19.50
0.00
0.00
0.00
0.00
6.40
0.40
0.00
0.00
0.00
0.00
0.00
0.20
0.00
0.00
0.00
0.00
24.80
0.00
0.00
0.00
0.00
0.00
0.00
0.20
0.00
0.00
0.00
0.00
9.70
0.20
0.20
0.00
0.00
0.20
0.00
0.40
0.00
2.40
0.20
6.10
21.80
0.00
0.00
0.00
2.60
4.20
0.00
0.00
0.00
0.00
0.00
0.00
0.00
0.00
5.00
0.20
0.00
0.00
0.60
73.30
2.20
0.60
2.00
3.20
0.00
0.00
0.00
0.00
0.00
0.00
0.00
0.00
0.00
0.20
0.20
0.00
0.00
0.00
0.00
0.60
0.00
0.00
0.00
0.00
0.00
0.00
0.00
0.00
0.00
8.50
5.10
0.00
0.00
0.00
0.00
0.00
0.00
0.00
0.00
0.00
0.00
0.00
0.60
0.00
0.00
0.00
0.00
0.40
0.20
0.00
0.00
0.00
0.00
0.80
28.40
3.00
0.00
0.00
0.00
0.20
0.00
0.40
0.60
0.00
0.00
0.00
0.00
0.00
0.00
0.00
0.00
0.60
0.00
0.20
0.00
0.00
0.00
0.00
0.00
0.00
4.60
0.20
0.20
0.40
3.60
1.40
0.00
0.00
0.60
0.00
0.00
0.00
0.00
0.00
0.00
0.00
0.00
0.00
0.00
0.80
49.20
7.30
0.00
0.00
0.00
0.00
0.00
0.20
3.70
19.40
1.60
0.00
7.10
0.00
0.00
0.20
0.20
0.00
0.00
0.00
0.00
4.20
0.40
2.40
21.90
0.20
2.00
0.00
0.00
0.00
0.00
0.20
2.20
8.10
0.20
0.00
0.00
0.20
0.20
0.20
0.00
0.00
2.20
0.00
0.20
0.00
0.00
0.00
5.30
0.00
0.00
0.00
0.00
0.00
0.00
1.00
1.80
0.00
0.20
0.00
0.00
0.00
0.00
0.00
0.00
6.90
0.00
0.00
0.00
0.00
0.00
1.20
0.60
2.40
0.40
0.00
0.00
0.00
0.00
0.00
0.00
0.00
0.00
0.00
0.00
0.00
0.00
0.00
0.00
0.00
0.00
0.20
0.00
0.00
0.00
0.00
0.00
0.20
0.60
1.40
0.00
0.20
0.00
0.20
0.00
0.00
0.00
0.20
0.00
0.00
0.00
0.00
0.00
0.00
0.00
0.40
3.60
11.80
70.90
1.40
0.00
0.20
0.00
0.00
0.00
0.00
0.00
0.00
0.00
0.00
0.00
3.60
0.40
0.00
0.00
0.00
0.00
0.00
0.00
0.00
0.00
0.00
0.00
0.00
0.00
0.00
0.20
6.20
9.80
0.20
0.00
0.00
0.40
0.00
0.00
0.00
0.00
0.20
6.80
5.50
0.00
0.00
0.00
0.00
4.00
0.00
0.00
1.60
0.00
1.00
4.80
0.00
0.00
0.00
3.60
0.00
0.00
0.00
0.00
0.00
0.00
0.00
0.00
0.00
0.00
0.20
0.00
0.00
1.00
0.00
0.00
8.90
0.00
0.00
0.00
0.00
0.00
0.00
0.00
0.00
0.00
0.00
0.00
0.00
0.00
0.00
0.00
0.00
0.00
0.00
0.00
0.00
0.00
9.50
0.00
0.00
0.00
0.00
0.00
0.00
0.00
0.00
0.00
8.00
6.70
0.00
3.00
3.50
8.70
0.00
0.00
0.00
0.40
3.20
2.00
0.00
0.00
0.00
0.00
0.00
3.00
4.30
0.00
0.00
0.00
0.00
0.00
0.00
0.00
0.00
0.00
0.00
0.00
0.00
0.00
0.00
0.00
0.00
0.00
0.00
0.00
0.00
0.00
0.00
1.60
0.00
0.00
0.00
0.00
0.00
0.00
0.00
0.00
0.00
0.00
0.00
0.00
0.00
0.00
0.00
0.00
0.00
0.00
0.00
0.00
0.00
0.00
0.00
0.00
0.20
0.00
0.00
0.00
0.00
0.00
0.00
0.00
0.00
0.20
36.10
0.20
0.00
0.00
26.80
0.00
0.00
0.00
0.00
0.00
0.00
0.00
0.00
0.00
0.00
0.00
0.00
0.00
0.20
0.00
0.00
0.00
0.00
0.00
0.20
0.60
0.00
0.00
0.40
0.00
0.00
0.00
0.00
0.00
0.00
0.00
0.00
0.00
0.00
0.00
0.00
0.00
0.00
0.00
0.00
0.00
4.70
7.10
0.60
0.00
0.20
0.00
0.00
0.00
0.00
0.00
8.60
8.40
0.00
0.00
0.00
0.00
1.20
1.20
12.80
0.20
0.00
0.00
0.00
48.50
0.00
0.00
0.00
0.00
0.20
16.00
0.60
0.80
0.20
0.00
0.00
4.40
0.00
0.00
0.00
0.00
15.60
3.40
0.00
0.00
1.00
0.00
0.00
0.00
0.00
8.70
0.20
1.60
0.00
0.00
0.00
0.00
0.00
0.00
0.00
0.00
0.00
0.20
0.80
2.80
0.20
0.00
0.00
12.40
0.20
0.00
0.00
0.80
0.20
31.60
0.40
0.00
2.60
83.30
23.60
1.40
0.20
1.20
0.40
0.00
0.00
0.00
0.00
0.00
0.20
0.20
0.00
0.00
0.00
0.00
0.00
0.00
0.00
0.00
0.00
0.00
0.00
0.00
0.00
0.00
0.00
0.00
7.60
2.00
0.00
0.00
0.40
0.20
0.00
0.00
0.00
0.00
0.00
0.00
0.00
0.00
0.00
0.00
0.00
0.00
0.00
6.40
7.80
3.40
0.00
0.20
0.20
2.40
5.80
2.40
0.00
0.00
0.00
0.00
0.00
0.00
0.00
0.00
0.00
0.00
0.00
0.00
4.90
0.40
0.00
0.00
0.00
0.00
0.00
0.00
0.00
0.00
0.00
0.00
0.00
3.20
18.20
0.00
0.00
0.00
0.00
0.00
0.20
0.00
25.20
0.20
9.60
0.20
0.00
0.00
0.00
0.00
0.00
0.00
0.00
0.00
0.00
0.00
0.00
0.00
13.90
0.20
8.10
43.10
0.00
0.00
0.00
0.00
0.00
0.20
0.00
2.40
0.20
0.00
0.00
0.00
0.00
0.00
0.00
0.00
0.00
0.00
0.00
0.00
0.00
0.00
0.20
12.90
0.00
0.00
0.00
3.00
45.20
2.40
0.00
1.00
19.80
0.00
1.00
13.20
4.00
8.00
1.40
6.60
4.70
3.30
0.00
0.00
0.40
0.20
0.00
0.00
0.00
0.00
0.00
0.00
0.00
0.00
0.00
0.00
0.60
5.00
3.00
0.20
0.40
3.20
34.80
18.60
0.60
0.80
30.20
0.00
0.00
0.20
0.00
0.00
0.00
0.00
0.00
0.00
0.00
0.00
18.90
0.20
0.00
19.30
5.60
0.00
0.00
0.00
0.00
0.00
0.00
0.00
1.20
14.80
1.00
0.00
37.40
0.00
0.20
0.20
0.00
0.00
0.00
0.00
0.00
0.00
0.00
0.00
0.00
0.00
0.00
0.00
0.00
0.00
0.00
0.00
0.00
0.40
0.20
0.00
0.00
0.00
1.80
0.20
1.60
0.00
0.00
0.00
0.00
0.00
0.40
5.70
0.00
0.00
0.00
0.00
0.00
0.00
0.00
0.00
0.00
0.00
0.00
0.00
0.00
0.00
0.00
0.00
3.20
111.40
16.20
0.00
0.00
0.00
0.00
0.00
0.40
9.20
1.00
14.20
0.00
0.00
0.00
0.00
0.80
0.00
0.00
0.00
0.60
0.00
0.00
4.60
0.00
31.00
12.60
33.00
0.20
0.00
0.00
0.00
3.60
0.60
3.60
3.00
1.20
0.00
0.40
0.00
0.00
0.60
0.00
0.00
0.00
0.00
0.00
0.00
0.00
5.80
0.20
0.00
1.60
3.60
0.40
35.30
44.90
0.40
0.00
0.00
0.00
0.00
0.00
0.00
1.60
0.20
0.60
0.00
0.00
0.20
43.60
96.40
17.10
0.00
0.00
0.00
0.00
0.20
0.20
0.00
0.00
0.00
0.00
0.40
0.00
0.00
2.20
0.00
0.00
0.00
0.00
0.00
0.00
0.80
0.00
0.00
0.00
0.00
0.00
4.50
6.10
0.00
0.00
0.00
0.00
0.00
1.20
16.20
0.80
0.00
0.00
0.00
0.00
7.50
0.20
0.00
5.20
24.50
0.20
0.00
0.00
0.00
0.00
0.00
0.00
0.00
0.00
0.00
0.00
0.00
0.00
0.00
4.00
66.50
0.00
0.20
0.00
0.40
0.00
0.00
0.00
0.00
0.00
0.00
0.00
0.00
0.20
0.00
0.00
0.00
0.20
0.00
0.00
0.40
0.00
0.00
0.00
0.00
0.00
6.00
16.90
0.00
0.80
0.00
0.00
0.00
0.00
0.00
0.00
0.00
0.00
0.00
0.00
4.00
0.20
1.20
0.00
0.00
0.00
0.00
0.00
0.00
0.00
0.00
0.00
0.00
0.00
0.00
0.00
0.00
0.00
0.00
0.00
0.00
0.00
0.00
0.20
0.00
0.80
9.60
0.20
0.40
1.20
0.60
15.40
32.10
0.40
0.00
0.00
0.00
31.60
15.30
9.90
0.00
0.00
0.00
0.00
0.00
0.00
0.60
0.00
0.00
0.00
0.20
0.00
0.00
0.20
0.00
0.00
0.00
0.00
0.00
0.00
0.00
0.00
0.00
0.00
0.00
0.00
0.00
0.00
17.10
0.00
1.00
5.50
0.00
2.00
0.60
0.00
0.00
0.00
0.00
0.60
12.30
2.20
0.00
0.00
0.00
3.40
0.20
0.00
0.00
0.00
0.80
1.40
0.00
0.00
0.00
0.00
0.00
0.20
0.00
0.00
0.00
0.20
0.00
0.00
0.00
0.00
0.20
3.80
5.70
0.40
0.00
0.00
0.00
0.00
0.00
0.00
0.00
3.20
0.40
0.00
4.80
0.00
4.70
0.00
0.00
6.80
18.20
1.40
0.00
0.00
0.00
0.00
0.00
0.00
0.00
0.20
0.00
0.00
0.00
0.00
0.00
0.00
0.00
0.00
0.00
0.00
0.00
0.00
0.00
0.20
0.00
0.00
0.00
0.00
0.00
0.00
0.00
0.00
0.00
0.00
0.00
0.00
0.00
0.00
0.00
0.80
0.00
0.00
0.00
0.00
0.00
1.20
0.00
0.00
0.00
0.00
0.00
0.00
0.00
0.00
0.00
0.00
0.00
0.00
0.00
0.00
0.00
0.00
0.00
0.00
0.00
0.00
0.00
0.20
0.00
0.00
0.00
0.00
0.00
0.00
0.00
0.00
0.00
0.00
0.00
0.00
0.00
0.00
0.00
0.00
26.40
0.00
0.00
0.00
0.00
0.00
0.00
0.00
0.00
0.00
0.00
0.00
0.00
0.00
20.30
1.00
0.80
0.00
0.20
8.70
0.20
55.10
0.20
0.20
0.00
0.00
0.00
0.00
0.00
0.00
0.00
0.00
0.00
0.00
0.00
0.00
24.40
0.20
9.80
0.00
0.00
37.00
1.00
0.20
15.30
0.00
0.00
0.00
0.80
0.00
0.00
0.00
0.00
0.60
0.00
0.00
0.00
0.00
0.00
16.90
27.70
62.20
11.20
6.90
0.00
1.60
11.40
0.00
0.60
0.00
11.90
3.00
1.00
0.00
0.00
13.20
5.90
0.00
0.00
0.00
0.00
0.00
0.00
0.00
1.80
0.00
0.00
0.00
0.00
0.00
0.20
5.40
0.60
0.00
0.00
0.00
0.00
0.00
4.20
9.90
0.00
0.00
2.80
0.00
0.00
0.00
6.30
4.50
31.10
11.90
0.00
0.00
1.40
0.40
0.00
0.00
0.40
0.00
0.00
0.00
0.00
0.40
0.00
2.20
0.40
0.20
0.80
3.40
0.00
0.40
0.00
0.00
0.00
3.20
0.00
0.00
0.00
0.00
0.00
0.00
0.00
0.00
0.00
0.00
0.00
0.00
0.00
0.00
0.00
0.00
0.00
0.00
0.00
0.00
0.00
0.00
0.00
0.00
0.00
0.00
0.00
0.00
0.00
3.00
0.00
0.00
0.40
1.20
0.00
0.00
0.00
0.00
0.20
0.40
0.00
0.00
0.00
0.00
0.00
0.00
0.00
0.00
0.00
8.90
3.80
0.40
22.00
33.00
5.40
0.20
0.00
0.00
9.40
38.00
0.20
0.00
0.60
0.00
0.00
0.00
0.00
0.00
3.40
0.00
2.40
0.00
0.40
0.00
0.00
0.20
0.00
0.00
0.00
0.00
0.00
0.00
0.00
0.00
4.50
0.00
0.00
3.70
2.00
11.40
0.00
53.80
14.50
0.20
0.00
2.40
0.00
0.00
0.00
0.00
2.40
22.20
6.90
4.60
0.00
1.00
0.00
0.00
0.00
52.20
3.20
1.00
0.00
0.00
0.00
3.80
0.60
0.00
0.00
0.00
0.00
3.60
9.30
0.20
0.00
0.00
15.00
0.00
1.60
0.00
0.60
0.00
0.00
4.20
15.10
0.40
2.60
0.20
0.00
0.00
0.00
0.00
0.00
0.00
0.00
0.00
0.40
0.00
0.00
0.00
0.00
0.00
0.00
1.20
0.00
0.00
0.00
0.00
0.00
0.00
0.00
0.00
0.00
0.00
0.00
0.00
1.20
19.70
4.20
1.80
0.00
0.00
0.00
11.00
0.00
0.00
0.00
0.00
0.00
0.00
0.00
0.00
0.00
0.00
0.00
0.00
0.00
0.00
0.00
1.60
0.20
0.00
0.00
0.00
0.00
20.10
1.00
0.20
0.00
0.00
0.00
0.00
0.00
0.00
0.00
0.00
0.00
0.00
0.00
0.00
0.00
0.00
0.00
0.00
0.00
0.00
0.00
0.00
0.00
3.00
0.60
0.00
0.00
0.00
0.00
0.00
0.00
0.00
0.00
0.00
0.00
0.00
0.00
0.00
0.00
0.00
0.00
1.60
0.00
0.40
0.00
0.00
0.00
0.00
7.90
1.60
0.00
0.20
1.00
21.90
0.00
0.00
1.00
6.50
0.00
0.00
0.00
5.50
0.80
0.00
7.50
11.20
0.80
0.00
0.00
0.00
0.00
0.40
0.00
0.00
0.00
0.00
0.00
0.00
0.00
0.00
0.00
0.00
0.00
0.00
0.00
0.00
0.00
0.20
0.00
0.00
0.00
0.00
0.00
0.00
0.00
0.00
0.00
0.00
0.20
0.20
0.00
1.00
0.00
0.00
0.00
4.50
15.60
2.40
0.60
0.00
2.60
41.80
4.40
0.20
0.00
0.00
1.20
0.00
0.00
0.00
0.00
0.00
0.00
0.00
0.00
0.00
0.00
0.00
0.00
0.00
0.00
0.00
0.00
0.00
0.00
0.00
0.00
0.00
0.00
0.00
3.00
0.20
6.20
0.20
0.20
0.20
0.00
0.00
1.00
1.00
3.00
0.00
0.00
0.00
0.00
0.00
0.00
0.00
0.00
0.00
0.00
15.80
0.00
0.00
0.00
0.00
10.80
0.40
0.00
0.20
0.80
0.00
0.00
0.00
0.00
0.00
0.00
0.00
0.00
0.00
0.00
0.00
0.00
0.20
0.00
0.00
0.00
0.00
0.00
0.00
0.00
0.00
0.00
0.00
0.00
0.00
0.00
0.00
0.00
0.00
0.00
0.00
0.00
0.00
0.00
0.00
0.00
0.00
0.60
7.80
15.80
27.00
1.60
0.00
0.00
0.00
0.20
0.00
0.00
0.00
0.00
0.00
0.00
5.70
0.20
0.00
0.00
0.80
0.00
0.00
10.00
6.00
0.00
0.00
0.00
0.00
0.20
0.00
0.00
0.00
0.00
0.00
9.40
0.20
0.00
0.00
0.00
0.00
0.00
0.00
0.00
0.00
3.00
0.20
0.00
3.00
0.20
0.00
0.00
0.00
8.20
0.00
0.00
0.00
0.00
0.00
0.00
0.00
0.00
0.00
12.40
0.00
0.00
0.00
0.00
0.00
0.00
3.40
0.20
0.00
0.60
0.20
0.00
0.20
0.00
0.00
0.20
0.00
0.00
0.00
0.00
0.00
0.00
0.00
2.80
2.80
0.00
0.00
0.00
0.00
0.00
0.00
0.80
0.00
0.00
0.20
0.40
0.00
13.20
54.00
0.40
0.20
0.00
0.00
1.60
0.20
0.00
0.00
0.00
0.00
0.00
0.00
0.20
0.00
0.00
0.00
0.00
0.00
0.00
0.00
0.00
0.00
0.00
0.00
0.20
0.00
1.80
6.70
0.00
0.00
0.00
0.00
0.00
0.00
0.00
0.00
0.00
0.00
0.00
0.00
0.00
0.00
0.00
0.00
0.00
0.00
0.00
0.00
0.00
0.00
2.40
0.00
1.00
0.20
0.00
0.00
0.00
0.00
2.80
0.00
0.00
0.00
0.00
0.00
0.00
0.00
0.00
0.00
0.00
0.00
0.00
0.00
0.00
0.00
0.00
11.90
12.00
0.00
0.00
0.00
0.00
0.00
0.00
1.00
0.00
0.20
0.00
0.00
0.00
0.00
0.00
0.00
0.00
0.00
14.40
0.20
0.00
0.00
0.00
0.00
0.00
3.90
0.00
0.00
0.00
0.00
0.00
0.00
0.00
0.00
0.00
11.30
18.30
18.30
0.20
0.00
0.00
0.00
1.20
0.00
0.00
1.20
18.90
0.00
0.00
0.00
0.00
0.00
0.60
0.00
17.70
0.80
0.00
0.00
0.60
0.00
0.00
0.80
0.00
0.00
0.00
0.20
0.00
0.00
0.00
0.40
1.80
74.00
30.30
22.50
2.20
0.00
0.20
1.20
0.00
0.40
0.00
0.00
0.20
0.00
0.00
0.00
0.00
0.00
0.00
0.00
0.00
0.00
0.00
0.00
0.20
0.00
0.00
0.00
0.00
48.10
7.00
0.80
2.80
14.10
7.80
0.00
5.90
0.00
0.00
0.20
0.00
0.00
0.00
0.00
0.00
0.00
0.00
0.00
0.00
0.00
0.00
0.00
10.10
0.00
0.00
0.00
0.00
0.00
0.00
0.00
0.00
0.00
0.00
0.00
0.00
0.00
0.00
0.00
0.00
0.00
0.00
0.00
0.00
0.00
0.00
0.00
0.00
0.00
0.00
0.00
0.00
0.00
0.00
0.00
0.00
0.00
6.40
1.00
17.90
18.30
22.70
10.20
0.20
0.00
0.00
1.80
4.30
0.60
0.00
0.00
0.00
0.00
0.00
0.00
0.00
0.00
0.00
0.00
25.50
28.30
16.10
10.40
0.00
0.00
0.00
0.00
0.00
0.00
0.00
0.00
0.00
0.00
0.20
0.00
0.00
0.00
0.00
0.00
0.00
0.00
0.00
0.20
0.00
4.70
0.00
0.00
0.00
0.00
9.60
0.20
0.00
1.60
0.20
0.00
0.00
6.10
0.00
0.00
0.00
0.00
0.00
0.00
0.00
0.20
0.00
0.00
0.00
0.00
3.00
0.20
1.60
1.60
0.00
0.00
0.00
0.00
0.00
0.00
0.00
0.00
0.00
0.00
0.00
0.00
0.00
0.20
0.00
0.00
0.00
0.00
0.00
0.00
0.00
0.00
0.00
0.00
0.80
0.00
0.20
0.00
0.00
0.20
0.00
0.00
0.00
0.00
0.00
0.00
0.40
0.80
0.00
0.00
0.00
0.00
0.00
0.00
0.00
0.00
0.00
0.00
0.00
0.00
0.00
0.00
0.00
0.00
0.00
0.00
0.00
0.00
0.00
0.00
0.00
0.00
3.20
0.00
0.00
0.00
0.00
0.00
0.00
0.00
3.80
0.00
0.00
1.80
0.00
0.00
0.00
1.40
0.00
0.00
0.00
0.00
0.00
0.00
0.40
0.60
0.20
0.00
0.00
0.40
0.00
0.00
0.00
0.00
0.00
0.00
0.00
0.00
0.80
0.00
0.00
0.00
0.00
0.00
0.00
3.70
0.60
0.00
0.00
0.00
0.00
0.00
0.00
0.00
0.80
0.00
0.00
0.20
0.00
0.00
0.00
0.60
0.00
0.00
0.00
0.00
0.00
0.00
0.00
0.00
0.00
0.00
0.00
3.10
5.10
0.20
2.80
0.00
0.00
0.60
0.00
0.00
0.00
2.40
0.00
0.00
40.10
0.00
0.00
0.00
0.00
0.00
0.00
0.00
0.40
7.20
1.40
0.00
0.00
0.00
0.00
0.00
0.00
0.00
0.00
0.00
0.00
0.00
0.00
0.00
0.00
0.00
0.00
0.00
18.40
43.10
24.50
6.20
0.00
0.00
0.00
0.00
0.00
1.80
0.00
7.80
0.40
0.00
0.00
0.00
0.00
0.00
0.00
0.00
0.00
0.20
7.90
0.00
0.80
0.00
0.00
0.00
0.00
7.30
12.40
0.80
0.00
0.00
0.00
0.00
7.00
1.40
0.00
0.00
0.00
0.80
0.00
0.00
0.00
0.00
0.00
0.00
0.00
0.00
0.00
0.40
0.40
0.00
0.00
0.00
0.00
0.00
0.00
0.00
0.00
0.00
0.00
0.00
0.00
0.20
0.80
0.00
0.00
0.00
0.00
0.00
0.00
0.00
0.00
0.00
0.00
0.00
0.00
0.00
0.00
0.00
0.00
0.00
0.00
11.40
0.00
0.80
0.00
0.00
0.00
0.00
0.00
0.00
7.70
0.00
0.00
0.00
0.60
0.00
0.00
8.50
0.20
0.00
0.00
0.00
0.00
0.00
0.00
0.00
0.00
0.00
0.00
0.00
0.00
0.00
0.00
0.00
0.00
0.00
0.00
0.00
0.00
0.00
0.00
0.00
0.00
0.00
0.20
0.00
0.00
0.00
2.80
0.00
0.00
0.00
0.00
0.00
0.00
0.00
0.00
1.80
1.40
0.00
0.00
0.00
0.40
0.00
0.00
32.80
0.00
0.20
0.00
0.20
0.00
0.00
0.00
0.00
8.10
0.40
0.00
0.00
0.80
0.00
0.00
0.00
0.40
0.00
0.00
0.00
0.00
0.00
0.00
0.00
0.00
0.00
15.20
0.20
0.00
15.20
0.00
0.00
0.00
0.00
0.00
0.00
0.00
0.00
0.20
0.00
0.00
0.00
0.00
0.00
0.00
0.00
3.60
1.00
0.00
0.00
2.70
0.70
10.70
31.00
0.00
0.90
0.00
0.00
0.00
0.90
1.20
0.20
1.10
4.30
0.60
0.00
0.00
0.00
0.00
0.00
0.00
0.00
0.00
0.00
0.00
0.00
0.00
0.00
0.00
0.00
0.00
13.30
0.00
2.30
0.10
0.00
0.00
0.00
0.00
0.00
0.00
0.00
0.00
0.00
5.00
0.00
0.00
0.00
0.00
0.30
0.00
0.20
0.00
0.40
0.00
0.00
7.20
0.90
0.10
0.00
0.00
0.30
0.00
0.00
0.00
0.00
0.00
0.00
0.00
0.00
0.00
0.00
0.00
0.00
0.00
0.00
0.00
0.00
0.00
0.10
0.00
0.00
0.00
0.00
0.00
0.00
0.00
0.00
0.30
0.10
0.00
0.00
0.60
0.00
0.00
0.00
0.00
0.00
0.00
0.00
0.00
0.00
0.00
0.00
0.00
0.00
0.00
0.00
0.00
0.00
0.00
0.00
0.00
0.00
0.00
0.00
0.00
0.00
0.00
0.00
0.00
0.00
0.00
0.00
0.00
0.00
0.00
0.00
16.60
0.30
16.30
0.00
0.00
0.00
56.90
1.50
0.00
0.00
2.50
0.00
0.00
20.70
0.10
0.90
3.80
0.00
0.10
0.10
0.00
0.00
0.00
0.00
0.20
3.40
0.00
0.00
0.00
0.00
0.10
0.00
0.00
0.00
0.00
0.00
0.00
0.00
0.00
0.00
0.00
0.00
0.00
0.00
0.00
0.00
0.00
0.00
0.00
0.00
7.00
0.20
5.00
0.00
0.80
0.00
0.00
1.30
0.20
12.00
0.00
0.00
0.00
11.30
0.10
28.80
0.00
0.00
0.00
0.00
0.00
0.50
12.00
0.20
0.00
0.00
0.00
0.00
0.00
0.00
0.30
0.30
9.40
0.00
0.00
0.20
0.00
0.00
0.00
0.00
0.00
0.00
0.00
0.00
0.00
0.00
0.00
0.00
0.00
0.00
0.00
0.00
0.00
0.00
0.00
0.00
0.50
0.20
0.00
0.00
0.00
0.00
0.00
0.00
0.00
0.00
0.00
0.00
0.00
0.00
0.00
0.00
0.00
0.00
0.00
0.00
0.00
0.00
0.00
0.00
0.00
0.60
0.00
0.10
0.00
0.00
0.40
1.70
6.70
0.00
0.00
0.00
0.00
0.00
0.00
0.00
0.00
0.00
0.00
3.30
12.50
0.00
0.00
0.00
0.00
0.00
0.00
0.00
0.50
0.00
0.00
0.00
0.00
0.00
0.00
0.00
0.00
0.00
0.00
0.00
0.00
0.10
0.00
0.00
0.00
0.00
0.00
0.00
1.20
0.00
0.10
15.00
5.00
0.00
0.00
0.00
0.00
0.00
0.00
0.00
0.00
0.00
4.00
0.00
0.00
0.60
4.50
0.80
1.90
0.00
0.00
0.00
0.10
0.50
0.00
0.10
0.00
0.00
0.00
0.00
0.00
0.00
0.00
0.00
0.00
0.00
3.60
0.00
0.00
0.00
0.00
0.00
0.10
0.00
0.00
0.00
2.20
0.00
0.00
13.50
0.10
0.00
0.00
1.90
0.00
0.80
0.10
19.20
2.50
0.00
0.00
0.00
0.90
0.50
0.00
0.00
0.00
0.90
0.00
5.00
0.10
0.00
0.00
0.00
0.00
18.90
1.10
0.00
0.90
0.00
1.00
2.30
0.10
0.00
0.00
0.00
1.40
0.10
0.00
0.00
0.00
0.00
0.00
0.00
0.00
0.00
0.00
24.70
38.30
15.10
0.50
0.00
0.00
0.70
0.10
1.40
0.10
0.00
0.50
0.00
1.50
0.00
2.00
10.30
2.60
2.70
0.00
0.10
0.00
0.00
9.20
0.00
16.20
0.00
16.90
1.00
19.40
0.30
0.00
4.40
0.00
0.60
0.00
0.00
0.00
0.20
15.30
0.10
0.00
0.00
0.00
0.00
0.00
0.00
0.00
0.00
5.90
0.00
0.00
0.00
0.00
0.00
0.00
0.00
0.00
0.00
0.00
0.00
1.00
0.00
0.00
17.70
1.00
5.00
0.00
0.00
0.00
0.00
0.00
0.00
0.00
0.00
0.00
0.00
0.00
0.00
0.00
0.00
0.00
0.00
0.00
0.00
0.00
0.00
0.00
0.00
0.00
0.00
0.00
0.00
0.00
0.00
0.00
0.00
0.00
0.00
0.00
0.00
0.00
0.00
0.00
0.00
7.90
0.10
0.00
0.30
0.00
0.00
0.00
0.00
0.00
0.00
0.00
0.00
0.00
0.00
0.00
0.10
0.00
0.00
0.00
0.00
7.50
1.80
0.00
0.00
0.00
0.00
0.00
0.00
3.30
0.00
0.00
1.50
4.80
0.00
1.50
2.10
0.00
0.00
0.00
0.00
0.00
0.00
38.00
0.00
0.00
0.00
0.00
3.10
0.00
0.00
0.00
0.00
0.00
0.00
0.00
0.00
3.10
9.30
0.00
0.00
0.00
1.50
2.60
0.00
0.00
0.00
0.00
24.40
14.20
0.00
15.90
8.00
40.10
0.00
0.00
0.00
0.00
0.00
0.00
0.00
0.00
0.00
4.80
0.00
0.00
0.00
0.00
0.00
0.00
0.00
0.00
0.00
0.00
0.10
4.90
2.60
0.00
3.80
4.60
3.80
0.00
0.00
0.00
0.00
0.00
0.00
0.00
0.00
0.00
1.80
20.90
0.10
0.00
9.70
0.30
0.80
4.00
0.10
0.00
0.00
0.00
0.00
0.00
0.00
0.10
0.00
38.60
27.10
6.00
0.80
0.50
0.00
0.00
0.10
0.10
0.00
0.00
22.20
0.10
0.00
2.50
20.60
0.00
0.00
0.00
0.00
0.00
0.00
0.00
0.00
0.30
0.90
0.00
0.50
0.00
0.20
0.00
0.80
0.00
0.00
0.00
0.20
31.70
7.80
10.80
12.70
0.00
2.30
0.10
0.00
0.00
0.00
0.00
0.10
0.00
0.00
0.00
0.00
0.00
0.00
0.00
0.00
0.00
0.00
0.00
0.00
0.00
0.00
0.00
0.00
0.00
0.50
0.00
0.80
1.90
0.10
0.00
0.00
0.00
0.00
1.10
0.10
0.00
0.00
0.00
0.00
0.00
0.00
0.00
0.00
0.00
0.00
0.00
0.00
0.00
0.00
0.00
0.00
11.60
6.20
0.00
23.30
6.40
6.20
0.10
0.00
0.00
0.00
10.10
0.00
0.00
5.90
8.40
4.00
0.90
0.00
0.50
0.40
1.10
0.00
2.30
0.50
0.10
0.00
0.00
0.00
0.00
16.90
0.00
0.00
0.00
3.90
5.10
0.00
0.00
0.00
0.00
0.00
0.00
0.00
0.10
0.00
0.00
0.00
0.00
5.80
0.00
0.00
0.00
0.00
0.00
0.00
0.00
0.00
0.00
0.00
0.00
0.00
0.00
0.00
0.00
0.00
17.40
0.00
0.00
0.00
0.00
0.20
0.80
0.00
0.00
0.00
0.00
0.00
0.00
0.00
0.00
0.00
0.00
0.00
0.00
0.00
1.70
0.00
0.00
0.00
0.00
0.20
0.00
0.00
0.00
0.00
0.10
0.00
0.00
0.00
0.00
2.50
0.00
0.00
0.00
6.90
0.00
0.00
0.00
0.00
0.00
0.00
0.00
0.10
0.00
0.00
0.00
0.00
3.00
0.00
0.00
0.00
0.00
0.00
0.00
0.00
0.00
0.00
0.50
0.70
0.00
0.00
0.00
0.10
0.00
0.00
19.80
0.00
0.00
0.00
0.00
0.00
0.00
0.00
0.00
0.00
0.00
0.00
0.00
0.00
0.00
0.00
0.00
0.00
0.00
0.00
0.00
0.00
0.00
0.10
0.00
0.00
0.00
0.00
0.00
0.00
0.00
0.00
0.00
0.00
0.00
0.50
19.10
0.40
0.00
4.60
1.10
1.00
23.90
0.30
0.00
0.00
0.00
0.00
0.00
0.00
0.00
0.00
0.00
1.00
0.00
0.00
0.00
0.00
0.00
0.00
0.00
4.80
0.00
0.00
0.00
0.00
0.00
0.10
0.00
0.00
0.00
0.00
3.50
18.50
40.00
0.10
0.00
0.00
0.00
0.00
0.00
0.00
0.00
0.00
0.00
0.20
0.00
0.00
0.00
0.00
3.90
0.00
0.00
0.00
0.00
0.00
0.00
0.00
0.00
0.00
0.00
0.00
0.00
0.00
0.00
0.20
0.00
0.00
0.00
0.20
0.10
0.00
7.00
0.00
0.00
0.00
0.00
0.00
0.00
0.00
0.00
0.00
0.00
0.00
0.00
0.00
0.00
0.30
1.50
0.00
0.00
0.00
0.00
0.00
6.10
8.10
7.80
6.60
0.60
1.60
0.00
0.00
0.10
0.00
0.00
0.00
1.20
0.00
8.60
3.80
0.00
10.80
0.00
1.50
0.00
0.00
4.80
0.00
4.20
0.00
1.20
1.70
3.60
3.50
1.40
0.10
0.00
0.00
0.10
1.30
0.00
0.00
0.00
0.00
0.00
0.70
0.20
0.00
0.00
10.30
0.00
0.00
0.00
0.00
0.00
0.00
0.00
0.00
0.00
0.00
4.60
0.70
0.50
11.90
43.60
0.00
1.90
0.10
0.00
0.00
0.00
0.00
0.10
0.00
0.00
0.80
12.00
0.00
0.30
0.00
11.90
37.10
0.00
0.00
0.00
0.60
0.00
0.00
0.00
0.00
0.00
0.00
0.00
0.00
7.80
5.60
0.00
0.00
0.00
0.00
0.00
0.00
0.00
2.50
0.00
0.00
0.00
0.00
21.30
0.00
0.00
0.00
0.00
0.00
0.00
0.00
4.30
0.00
0.00
0.30
0.00
0.00
0.00
0.60
0.00
0.00
0.50
0.10
0.00
0.00
1.70
0.10
0.00
0.00
0.00
2.90
29.00
40.10
42.70
0.40
0.00
0.90
20.40
1.10
0.00
0.00
1.40
40.10
9.50
1.20
0.00
0.00
0.00
0.00
0.00
0.00
0.00
0.00
0.00
0.00
0.00
0.00
0.70
0.00
0.00
0.00
0.00
0.00
0.00
0.00
0.00
4.10
0.00
0.00
1.60
1.80
2.20
0.00
0.00
1.80
1.40
0.00
0.00
0.00
3.80
0.00
0.00
0.00
0.00
0.00
0.00
0.00
0.00
0.00
0.00
0.00
0.00
0.00
0.00
1.20
0.00
0.00
0.00
0.00
0.00
0.00
0.00
0.00
0.00
0.00
0.00
0.00
0.00
0.00
0.00
0.00
0.00
0.00
0.00
0.00
0.00
0.00
0.00
0.00
5.60
6.50
0.00
0.20
8.60
0.00
0.00
0.20
2.20
0.00
0.00
0.00
0.00
0.00
4.40
0.00
32.20
0.00
0.00
0.00
0.00
11.80
0.00
0.00
0.00
0.00
0.00
0.00
0.00
0.00
0.00
0.00
0.00
0.00
0.00
0.00
0.00
0.00
0.00
0.50
10.00
0.00
3.00
0.00
0.00
0.00
0.00
0.00
0.00
0.00
48.50
0.80
0.00
25.30
3.50
0.10
0.00
1.40
0.00
4.80
0.00
0.00
0.00
0.00
0.00
0.00
0.20
0.60
8.20
0.00
0.00
0.00
0.50
39.10
11.40
28.50
7.10
0.00
0.00
0.00
0.00
0.00
0.00
0.00
0.00
0.00
0.00
0.00
0.00
0.00
0.00
0.00
0.00
0.00
2.80
0.00
0.00
0.00
0.00
0.00
0.00
0.00
0.60
0.00
14.20
0.10
0.00
0.00
0.00
0.00
0.00
1.20
0.00
0.00
2.10
0.00
0.00
0.00
0.00
0.00
0.10
2.30
0.00
0.50
6.60
0.00
0.00
0.00
0.00
0.00
0.00
0.00
1.30
1.30
0.00
0.00
0.00
0.00
0.20
0.00
0.00
0.00
2.90
0.10
0.00
7.80
22.10
34.00
0.00
0.00
0.00
0.00
0.00
0.00
1.00
1.70
0.00
1.70
0.10
0.00
0.40
0.00
0.00
0.00
0.00
0.10
0.00
0.00
0.00
0.00
0.10
0.00
0.00
0.00
0.00
0.00
0.00
0.60
0.10
0.00
0.00
0.00
1.10
26.50
6.50
0.00
3.00
0.00
0.00
0.00
0.00
0.00
0.00
0.00
0.00
0.00
0.00
0.00
0.00
0.00
0.30
0.90
0.00
9.00
0.10
0.90
3.60
0.00
0.00
0.00
0.00
0.00
0.00
0.00
0.00
0.00
3.60
9.40
0.00
0.00
0.00
0.00
0.00
0.00
0.00
0.00
77.50
0.10
13.60
41.10
10.20
0.10
0.00
0.00
0.00
0.00
0.00
0.00
0.00
0.00
0.00
2.50
0.00
1.90
0.00
0.00
0.00
0.00
0.00
0.00
0.00
0.00
0.00
0.00
0.00
0.00
0.00
0.00
0.00
0.00
0.00
0.00
0.00
0.00
0.00
0.00
0.00
1.10
1.40
0.00
0.00
0.40
0.00
9.90
1.10
0.00
0.00
2.20
2.90
0.00
0.00
0.00
19.80
3.00
0.00
0.00
0.00
0.00
0.00
10.50
3.60
0.00
0.00
0.00
0.00
0.00
0.00
0.00
0.00
0.00
0.00
0.00
0.00
0.00
0.00
0.00
28.30
2.90
2.10
0.30
6.20
8.40
0.00
5.10
7.50
0.00
11.90
0.00
0.00
0.00
0.00
0.00
0.00
0.00
0.00
0.00
0.00
0.00
0.00
0.00
0.00
0.00
0.00
0.00
0.00
0.00
0.00
0.00
0.00
0.00
11.50
0.00
0.00
0.00
0.00
0.00
0.00
0.00
0.40
1.00
5.60
0.00
0.00
0.80
0.90
11.10
0.00
0.00
1.60
0.00
0.20
0.00
35.80
0.20
0.00
0.00
13.60
0.00
0.00
0.00
0.00
0.00
0.00
0.00
0.00
0.00
0.00
0.10
0.00
0.00
0.00
0.00
0.00
0.00
0.00
0.00
0.00
0.00
0.00
0.00
0.00
0.00
0.00
3.40
0.00
0.00
0.00
0.00
0.00
0.00
0.00
0.00
0.00
1.40
0.00
0.00
0.00
0.00
0.00
0.00
0.00
0.00
0.00
0.00
0.00
0.00
0.80
0.00
0.00
0.00
0.00
0.00
4.30
0.10
0.00
0.00
0.00
0.00
0.00
0.00
0.00
0.00
0.00
0.00
0.00
0.00
0.00
0.00
0.00
0.00
0.00
0.00
0.00
0.00
0.00
0.00
0.00
0.80
0.00
0.00
0.00
1.70
57.10
0.10
0.00
14.50
33.50
0.00
0.00
0.00
0.00
2.80
0.30
44.30
8.50
23.70
1.20
0.00
0.00
0.00
0.00
0.00
0.50
2.20
55.50
4.30
0.00
4.80
11.90
4.10
29.90
0.30
0.00
0.00
0.00
0.00
0.00
0.00
0.00
0.00
0.00
0.00
0.10
0.00
2.80
0.00
0.00
0.00
0.00
0.00
0.00
0.00
0.00
0.00
0.00
0.00
0.00
0.00
0.00
0.00
0.00
0.00
0.00
0.00
0.00
0.00
0.00
0.00
0.00
0.00
0.00
0.00
0.00
0.00
0.00
0.00
0.00
0.00
0.00
0.00
0.00
0.00
0.00
0.00
0.00
0.00
1.20
0.00
0.00
0.00
0.10
0.00
0.00
0.00
0.00
0.00
0.00
0.00
0.90
0.00
0.00
0.00
11.60
3.20
0.00
0.00
0.00
0.00
0.00
0.00
0.00
0.00
0.00
0.00
0.00
0.00
0.00
0.00
0.00
0.00
0.00
0.00
0.00
0.00
0.00
0.00
0.00
0.00
0.00
0.00
0.00
0.00
0.00
0.60
0.00
1.40
0.10
0.00
0.00
0.00
0.00
0.00
0.00
0.00
0.00
0.00
0.00
0.00
0.00
0.00
0.10
9.00
6.60
0.00
0.00
0.00
0.00
0.00
0.00
0.00
0.00
0.00
0.00
0.00
9.40
20.20
7.80
0.00
0.00
0.00
0.00
3.00
0.10
0.40
0.40
4.50
1.80
0.10
0.00
0.80
0.00
0.00
0.30
0.10
0.10
0.00
0.00
0.00
0.00
6.00
0.10
2.60
0.00
0.00
0.00
0.00
0.00
2.10
0.00
0.00
0.00
0.00
0.00
1.00
1.60
0.00
0.00
0.00
0.00
0.00
0.00
31.40
0.80
0.10
0.00
0.00
0.00
0.00
0.00
0.90
0.00
0.00
0.00
0.00
0.00
5.00
0.00
0.00
0.00
0.00
0.00
0.00
0.70
0.00
0.00
0.00
0.00
0.00
0.00
0.00
0.00
0.40
0.00
0.00
0.00
0.00
0.00
0.00
0.00
0.00
0.20
0.00
0.00
24.90
0.00
0.00
0.00
0.60
0.00
0.00
0.00
0.00
0.00
0.00
0.00
0.00
0.00
0.00
0.00
0.00
0.00
0.00
0.00
0.00
0.00
0.00
0.00
0.00
0.00
0.00
0.00
0.00
0.00
0.00
0.00
0.00
0.00
0.00
0.00
1.10
0.00
0.00
0.00
0.00
0.00
0.00
0.00
0.00
0.00
0.00
0.00
0.00
0.00
0.00
0.00
0.00
0.00
0.00
0.00
0.00
0.00
0.00
0.00
11.80
0.00
0.00
0.00
0.00
0.00
0.00
0.00
0.00
0.00
0.00
0.00
0.00
0.00
0.00
0.00
0.00
0.00
0.00
0.10
1.60
0.00
0.00
0.00
0.00
0.00
0.00
0.00
0.00
0.00
59.90
0.10
0.00
0.00
0.00
0.00
0.00
0.00
0.00
0.00
0.00
3.80
3.10
9.30
0.10
1.30
0.00
0.00
0.00
0.80
7.20
4.90
18.00
1.70
0.00
0.00
14.80
2.00
0.00
0.00
0.00
16.90
69.50
0.00
0.00
0.00
0.50
0.00
2.60
0.00
0.00
0.50
0.00
0.00
0.00
0.00
0.00
0.00
3.90
2.50
0.60
0.00
0.00
0.00
0.00
0.00
0.00
0.00
1.60
26.10
0.10
0.00
0.00
0.00
0.00
0.00
0.00
0.00
0.00
0.00
0.00
0.00
0.00
0.00
0.00
2.10
0.00
0.00
0.00
0.00
0.00
0.00
0.00
0.00
0.00
0.00
0.00
0.00
0.10
0.00
0.00
0.00
0.00
0.00
0.60
0.00
0.00
0.00
0.00
0.00
0.00
0.00
0.00
0.00
0.00
0.10
2.40
0.00
0.00
0.00
0.00
0.00
6.60
0.00
0.00
16.60
1.30
0.00
0.00
0.00
0.40
3.90
0.00
0.00
0.00
0.00
0.20
0.00
0.00
0.00
0.00
0.00
0.00
0.00
0.00
0.00
0.00
0.00
0.00
0.00
1.00
0.20
0.00
0.00
0.00
0.00
3.00
7.40
0.00
0.70
0.00
3.50
20.10
13.10
0.00
0.00
4.30
50.20
24.40
0.20
0.00
0.00
0.00
0.00
1.10
21.60
0.10
0.00
0.00
2.10
0.50
0.00
3.10
0.00
0.00
0.00
0.10
1.30
0.00
0.00
0.00
0.50
0.10
0.00
3.30
0.00
0.00
2.40
13.10
2.80
0.00
0.00
0.00
0.00
0.00
0.00
0.00
0.00
0.00
0.00
0.00
0.00
0.00
0.00
0.00
0.00
0.00
0.00
20.80
1.30
17.00
3.40
8.10
5.00
0.00
0.00
0.00
1.40
0.00
0.00
0.00
0.00
0.10
0.40
0.10
0.00
0.00
1.20
11.70
3.20
1.20
3.30
19.70
0.10
0.00
0.00
0.40
0.20
0.00
0.00
0.00
2.50
4.00
0.10
0.00
0.00
0.00
0.00
0.00
0.00
0.00
0.00
16.90
0.30
0.00
0.00
0.00
0.00
0.10
0.00
0.00
0.00
0.50
0.10
0.00
0.00
0.00
0.20
0.00
0.10
0.00
0.30
0.00
0.00
0.00
0.00
0.00
0.00
0.00
0.00
0.00
0.00
0.00
0.00
0.00
2.30
0.00
0.00
0.00
0.00
0.00
0.00
24.60
0.10
0.10
0.00
0.00
0.00
0.00
0.00
0.00
0.00
3.10
4.60
0.00
0.00
0.00
0.00
0.00
0.00
0.00
0.00
0.10
1.50
0.10
0.00
0.00
0.00
0.00
0.00
0.00
0.00
0.00
0.00
0.00
0.00
0.00
0.00
0.00
0.00
0.20
2.00
41.40
0.00
0.00
0.00
0.00
0.00
0.00
0.00
0.00
0.00
0.10
23.40
14.50
0.00
14.20
0.30
0.00
0.00
0.00
0.90
0.00
0.20
0.00
0.00
0.00
0.00
0.00
0.00
0.00
0.00
0.00
0.00
0.00
0.00
0.00
0.00
0.00
1.60
14.90
0.00
14.30
0.10
0.30
0.40
5.40
1.40
0.00
0.00
0.00
0.00
0.00
0.00
0.00
0.00
0.00
0.00
0.30
1.20
0.00
0.00
0.00
0.00
0.00
3.70
0.10
0.00
0.00
0.00
0.00
0.00
0.00
0.00
0.00
0.00
0.00
0.00
0.00
0.00
0.00
0.00
0.00
15.40
67.30
47.70
0.20
0.00
0.00
0.00
0.00
0.00
0.00
0.00
0.00
0.00
0.00
0.70
0.00
0.00
0.00
0.00
0.00
0.00
0.00
0.00
0.00
0.00
0.00
0.00
0.00
0.00
0.00
0.00
0.10
0.00
9.80
5.50
0.10
0.00
0.00
1.20
2.30
0.00
0.00
0.00
0.00
0.00
0.00
0.00
0.00
0.00
5.70
0.00
0.00
0.00
0.00
0.00
0.00
0.20
2.20
2.50
0.00
0.00
0.00
0.00
1.20
17.60
0.00
0.00
3.60
0.00
0.00
0.00
0.00
0.00
0.00
3.00
12.40
0.00
6.20
4.10
0.00
0.00
1.40
0.00
0.00
0.40
10.50
3.20
0.00
0.00
0.00
0.00
0.00
8.20
0.00
0.00
0.00
0.00
4.20
0.00
0.00
0.00
0.00
0.00
0.00
0.00
0.00
0.00
0.00
0.00
0.00
0.00
0.00
0.00
0.00
0.00
0.00
0.00
0.00
0.00
0.00
0.00
0.00
0.00
0.00
0.00
0.00
6.70
0.00
0.60
0.20
2.60
0.10
0.00
0.00
13.40
0.00
0.00
0.10
13.80
0.10
0.00
0.00
0.00
0.00
0.00
0.00
0.90
0.00
0.00
0.00
0.00
0.00
0.00
0.00
0.00
2.90
14.60
5.90
0.00
0.00
0.00
0.40
1.00
0.00
0.00
0.00
0.00
0.10
0.00
0.00
0.00
0.10
0.00
0.00
0.00
0.00
0.00
0.40
1.50
0.00
0.00
0.10
0.00
0.00
0.00
2.90
0.70
0.00
0.00
0.00
0.00
22.20
0.00
21.30
0.00
6.60
0.10
0.00
0.00
0.00
0.00
0.00
0.00
0.00
0.00
0.00
0.00
0.00
0.00
0.00
0.20
19.00
0.00
3.30
0.00
0.00
0.00
0.00
0.00
0.00
0.00
0.20
0.10
0.00
0.00
3.10
0.00
0.00
0.00
0.00
3.30
0.00
0.00
9.50
0.00
5.40
0.00
0.00
0.00
0.00
0.00
0.00
0.00
0.00
0.10
0.00
0.00
0.00
0.00
0.00
0.00
1.50
0.00
0.00
18.70
24.90
0.00
0.00
0.00
0.20
0.00
0.00
0.00
0.00
0.00
0.00
0.00
0.00
0.00
0.00
0.40
0.10
7.50
0.00
0.00
0.00
0.00
0.00
0.00
23.40
0.50
0.00
0.00
0.00
0.00
0.00
0.00
0.00
0.00
0.00
0.00
0.00
0.00
10.30
0.10
0.00
0.00
5.60
0.10
1.90
0.10
0.00
0.60
0.00
37.70
1.20
0.00
0.00
0.00
0.00
10.00
2.50
0.00
0.00
0.00
0.00
24.50
10.90
1.60
0.10
0.00
0.00
0.00
12.10
0.00
0.00
0.00
0.00
0.00
0.00
0.30
0.10
0.00
0.00
0.00
0.00
0.00
0.00
0.10
0.00
0.00
0.00
0.00
0.00
0.00
0.00
0.00
0.00
0.00
0.00
0.00
0.00
36.50
20.20
0.10
0.00
0.00
0.00
0.00
2.30
6.90
0.00
0.00
1.20
0.00
0.00
0.00
0.00
0.00
0.00
0.00
0.00
0.00
1.30
0.00
7.00
4.80
1.00
27.40
31.50
0.10
0.00
1.90
3.80
0.00
0.00
0.20
0.00
0.00
0.00
0.00
0.00
0.00
2.40
19.90
0.10
0.10
0.00
0.00
0.00
0.00
0.00
0.00
0.00
0.00
0.00
0.00
0.10
0.00
0.00
0.00
0.00
0.00
0.00
0.00
0.00
0.00
0.00
0.00
0.00
0.00
0.00
0.00
0.00
0.00
0.00
0.50
0.00
2.70
11.20
0.00
0.00
0.00
0.00
0.00
0.00
0.00
0.00
0.00
0.00
0.00
0.00
0.00
0.00
6.40
2.70
3.10
0.00
0.50
0.00
0.00
0.00
0.00
0.00
0.00
0.00
0.00
0.00
0.00
0.00
0.00
0.00
1.10
0.00
1.00
0.10
0.00
0.30
0.00
0.00
0.00
0.00
0.00
11.90
0.00
0.00
0.00
0.00
0.00
0.00
0.00
0.00
0.00
9.50
0.00
0.70
0.00
0.00
0.00
0.20
23.60
0.00
0.10
7.30
7.80
2.10
0.00
0.00
0.00
0.00
0.00
0.70
0.00
0.00
0.00
0.00
0.00
0.00
0.00
0.00
0.00
0.00
0.00
0.00
0.00
0.00
1.40
0.00
0.00
4.40
0.00
0.00
0.70
0.00
0.00
0.00
3.60
0.00
0.00
1.60
0.10
0.00
0.00
0.00
0.00
0.00
0.00
0.00
0.00
0.00
0.00
0.00
0.00
0.00
0.00
0.00
0.00
0.00
0.00
28.80
3.90
0.00
0.00
0.00
0.00
0.00
0.00
0.00
0.00
0.00
0.00
0.00
0.00
0.00
0.00
0.00
0.00
0.00
0.00
0.00
0.00
0.00
1.00
0.00
0.00
0.00
0.00
3.40
0.00
0.00
0.00
0.00
0.00
0.00
0.00
0.00
0.00
0.00
0.00
0.00
0.00
0.00
0.00
0.00
0.00
0.00
0.00
0.00
0.00
0.00
0.00
0.00
0.00
0.00
0.00
0.00
0.00
0.00
0.00
0.00
0.00
0.00
4.40
9.00
0.00
2.40
1.20
0.00
0.00
0.00
0.10
0.00
7.70
7.40
0.00
0.00
0.20
0.00
0.00
0.00
1.50
2.20
0.00
0.00
0.00
16.60
12.30
20.40
0.10
0.00
7.80
0.10
0.00
0.00
0.90
0.00
0.00
0.00
0.00
0.00
0.00
0.00
0.00
0.00
0.00
7.10
1.80
2.30
0.00
0.00
0.00
0.00
0.00
9.90
0.00
0.50
0.00
0.00
4.20
0.00
0.50
0.00
0.00
0.00
0.00
0.00
0.20
0.30
0.00
0.00
0.00
0.00
1.30
10.60
1.50
0.80
13.40
0.00
0.00
0.00
0.10
0.50
0.10
0.00
0.00
0.40
1.80
0.00
0.00
0.00
0.00
0.00
0.00
0.00
0.00
0.00
0.00
0.00
0.00
25.00
7.10
0.20
0.00
0.00
0.00
0.00
22.50
5.60
0.70
0.00
0.00
0.00
0.00
0.00
0.00
0.00
0.00
0.00
0.00
0.00
0.00
0.00
0.00
0.00
0.00
0.00
0.00
0.00
0.00
0.10
0.00
0.00
0.00
0.00
0.00
0.00
0.00
0.00
0.00
0.00
0.00
0.00
0.00
0.00
0.00
0.00
0.00
0.00
0.00
0.00
0.00
0.00
0.00
0.00
0.00
0.00
0.00
0.00
0.00
0.00
0.00
0.00
0.00
0.00
0.00
0.00
0.00
0.20
0.00
0.70
0.00
0.00
0.00
0.00
0.00
0.00
0.00
0.00
0.00
0.20
0.10
0.00
0.00
0.00
0.00
0.00
0.00
0.00
0.00
0.00
0.00
0.00
0.00
0.00
0.00
0.00
0.00
0.00
0.00
5.50
0.00
0.00
0.00
7.90
0.00
0.00
0.00
5.00
0.00
7.20
31.80
0.30
0.00
0.00
0.00
0.00
0.00
0.00
0.00
0.00
0.00
0.00
11.20
24.90
0.50
0.00
0.00
0.00
0.00
0.00
0.00
0.00
0.00
0.00
1.90
0.00
0.00
0.00
0.00
0.00
2.50
6.40
0.60
0.00
0.40
11.80
0.00
0.00
0.00
0.00
0.00
0.00
0.00
0.00
0.00
0.00
0.00
11.60
0.00
0.00
4.50
15.50
0.00
2.50
6.40
0.00
0.00
0.00
0.00
0.00
0.00
0.00
0.00
0.00
0.00
0.00
5.40
31.70
0.00
9.10
0.10
0.00
0.00
2.90
3.40
0.10
1.60
0.00
0.00
0.00
0.00
0.00
0.10
0.40
1.20
4.30
8.70
0.00
1.90
0.70
1.20
0.00
0.00
0.00
0.00
0.00
0.00
0.00
4.70
0.00
0.00
0.00
0.00
0.00
0.70
0.00
0.00
0.80
0.10
0.00
0.00
0.00
0.00
0.00
0.00
0.00
0.00
0.00
1.00
0.00
0.00
0.00
0.00
0.00
0.30
11.80
0.00
0.00
0.00
0.00
0.00
0.00
0.00
0.00
0.00
0.00
0.00
0.00
0.00
0.00
0.00
0.00
0.00
0.00
0.00
0.20
0.00
0.00
0.10
0.00
0.60
0.00
0.00
0.00
0.00
0.00
0.00
0.00
0.20
4.20
0.00
0.00
0.00
0.00
0.00
0.00
0.00
0.00
0.00
0.00
0.00
0.00
0.00
0.00
0.60
0.00
0.00
6.20
2.70
0.00
0.00
0.00
0.00
0.00
0.00
0.10
0.00
0.00
0.00
0.00
0.00
0.00
0.00
0.00
0.00
0.00
0.00
0.00
0.40
0.00
0.00
0.00
0.00
0.00
0.00
0.00
0.00
0.00
0.00
10.90
0.10
0.00
6.10
7.60
0.00
0.00
1.10
0.00
0.00
0.00
0.00
0.00
4.00
1.70
5.10
0.00
0.30
0.00
0.00
0.00
0.00
0.00
0.00
0.00
0.00
11.30
0.00
0.00
0.00
0.20
0.00
221.80
34.70
0.00
0.00
0.00
0.00
0.00
0.20
0.00
0.00
5.70
0.20
0.50
1.50
0.10
0.00
0.10
0.10
0.10
0.00
0.00
0.00
0.00
0.00
3.80
0.60
0.00
0.00
0.00
0.00
0.10
0.30
0.10
0.00
0.00
0.00
0.00
0.00
0.00
0.00
1.30
10.90
18.20
0.00
0.10
1.70
0.00
0.00
0.30
0.00
0.00
0.00
0.00
0.00
0.00
0.00
0.00
0.00
0.00
0.00
0.00
0.00
0.00
0.00
0.00
4.40
4.60
0.00
6.80
8.60
0.00
0.00
0.00
0.00
0.00
0.00
0.00
0.00
0.00
0.00
0.00
0.00
0.00
0.00
0.00
0.00
0.00
0.00
0.00
0.00
0.00
0.00
0.00
0.00
0.00
0.00
0.00
0.00
0.00
0.60
10.40
0.40
3.30
3.40
0.10
0.00
1.50
9.10
5.70
0.00
0.00
0.00
0.00
0.00
0.00
0.00
0.00
0.00
1.00
2.50
0.00
0.00
0.00
0.00
13.80
3.70
0.00
0.00
0.00
0.00
0.00
0.00
0.00
0.00
0.00
9.20
0.00
0.00
0.00
0.00
0.00
0.00
9.50
6.20
0.00
0.00
0.00
0.00
0.00
0.00
0.00
0.00
0.00
0.00
0.00
0.00
0.00
0.00
0.00
0.00
0.00
0.00
0.00
37.00
22.80
0.00
0.30
0.00
0.00
0.00
0.90
5.00
3.20
0.00
0.00
3.40
0.00
0.00
0.00
0.00
0.30
0.00
0.00
0.00
0.00
0.00
0.00
0.00
0.00
0.00
0.00
0.00
0.00
0.00
0.00
0.20
3.60
16.50
0.00
0.00
1.80
0.00
0.00
1.60
0.00
0.00
0.00
0.00
0.00
0.00
0.00
8.30
0.00
0.00
0.00
0.00
0.00
0.00
1.00
0.00
0.00
0.00
0.00
0.00
0.00
0.00
0.00
0.00
0.00
0.00
2.60
0.00
0.00
0.00
0.00
1.00
0.00
0.00
0.00
0.00
0.30
0.00
0.00
0.00
0.00
0.00
0.00
0.00
0.00
0.00
0.00
0.00
0.00
0.00
0.00
0.00
0.10
0.00
0.00
6.00
0.10
1.10
0.00
0.00
0.00
0.00
0.00
0.00
0.00
0.80
0.00
0.00
0.00
0.00
0.00
0.00
0.00
0.00
0.00
0.00
0.00
0.00
0.00
0.00
3.40
0.00
50.80
0.00
0.00
0.00
0.00
0.00
0.00
0.80
0.00
0.00
0.00
0.00
0.00
0.00
9.20
1.80
0.00
0.80
0.70
0.00
0.00
0.00
0.00
0.00
0.00
0.00
0.00
0.00
0.00
0.60
0.00
0.00
0.00
0.00
0.00
0.00
0.70
3.90
0.00
6.60
0.00
1.20
0.00
19.50
4.00
0.20
3.40
0.00
0.00
9.20
0.00
9.70
3.80
0.00
0.00
2.10
0.00
0.00
0.00
2.30
0.00
0.00
0.30
0.00
0.00
0.00
0.00
1.00
14.10
0.00
0.00
0.00
0.00
2.20
0.00
0.00
0.00
0.00
0.00
0.00
0.00
0.00
0.00
0.00
0.00
19.10
52.40
3.00
0.00
0.10
0.00
0.00
0.00
0.00
0.00
0.00
0.00
0.00
0.50
0.00
0.00
0.00
1.60
0.10
0.00
0.00
0.00
0.00
0.00
0.00
0.00
0.00
0.00
0.00
0.00
0.00
0.00
0.00
0.00
0.00
0.00
0.00
0.00
7.50
0.00
0.00
0.00
0.00
0.00
0.00
0.00
0.00
0.00
0.00
0.00
0.00
0.00
0.00
0.00
4.50
0.10
0.00
0.00
0.40
0.00
0.00
0.00
0.00
0.00
0.00
0.00
0.00
0.00
0.00
0.00
0.90
0.00
0.20
0.00
0.00
0.00
0.00
0.00
0.00
0.00
0.00
21.50
0.00
0.00
0.00
1.70
0.00
3.40
3.60
0.00
0.00
0.00
0.00
0.00
0.00
0.00
0.00
0.00
0.00
0.00
42.70
0.10
0.00
0.00
0.00
0.00
4.60
0.00
0.00
5.90
23.00
5.00
0.00
2.80
0.00
0.00
0.00
20.70
0.00
0.00
0.00
0.00
1.50
0.10
0.00
0.00
0.00
0.00
0.00
0.00
0.00
1.30
0.30
6.20
1.70
2.10
0.10
0.00
2.50
0.00
0.00
0.00
0.00
1.10
0.00
0.00
0.00
0.00
0.40
0.00
0.00
0.00
7.00
21.90
0.00
0.00
0.00
26.50
0.20
0.00
0.00
0.00
0.00
0.00
0.00
0.00
0.00
0.00
0.00
0.00
0.30
0.00
2.80
0.80
21.50
29.60
0.00
8.40
5.80
0.00
0.00
0.00
0.00
0.00
0.00
0.00
0.00
0.00
0.00
0.00
0.00
0.00
0.00
6.50
0.00
0.20
0.00
0.70
0.30
1.20
4.00
0.90
0.10
2.80
0.10
0.00
42.10
17.60
0.10
0.00
0.00
0.00
0.00
0.00
0.00
0.00
0.80
0.00
0.00
0.20
5.80
0.00
0.00
11.60
0.00
0.00
0.00
0.00
7.00
0.00
0.00
15.90
25.70
0.00
0.00
1.20
0.00
0.00
0.10
0.00
0.00
0.00
0.00
0.00
0.00
0.00
0.00
0.00
0.00
0.00
0.00
0.00
0.00
0.30
0.00
0.00
0.00
0.00
0.00
0.00
0.00
0.00
0.00
0.00
0.50
0.10
0.00
0.00
0.00
0.00
0.00
32.00
0.00
0.00
0.00
0.00
1.10
0.10
0.00
0.00
0.00
0.00
0.00
0.00
0.00
0.00
0.00
0.00
0.00
0.00
0.00
0.00
0.00
0.00
0.30
23.50
0.00
0.00
0.00
0.00
2.60
0.00
0.00
45.60
0.00
0.00
0.00
0.00
0.00
0.00
0.00
0.50
0.00
0.00
0.00
0.00
0.00
0.60
0.00
0.00
0.10
0.00
0.00
8.20
68.40
0.00
0.00
0.00
0.00
0.20
0.50
0.00
0.00
0.00
0.00
0.70
0.00
0.00
0.00
0.00
0.00
0.00
0.00
0.00
0.00
0.00
0.00
0.00
0.00
0.00
0.00
0.00
0.00
0.00
17.50
0.10
27.40
4.70
0.00
0.00
6.40
78.10
10.60
0.20
0.30
0.80
0.10
2.70
0.00
0.00
0.00
0.00
0.00
0.10
36.00
5.50
0.00
1.90
24.50
2.60
0.00
0.00
0.00
12.60
0.00
0.00
0.10
12.40
0.00
0.00
0.00
0.00
0.00
24.30
0.80
3.90
24.00
2.80
5.90
0.00
0.00
2.80
0.00
0.00
4.80
0.00
0.00
0.00
0.20
0.00
0.00
0.00
0.00
0.00
0.00
0.00
0.00
0.00
0.00
0.00
0.00
1.90
0.10
0.00
0.10
0.00
0.00
0.00
0.00
0.00
0.00
0.00
0.00
0.00
0.00
0.00
0.00
0.00
0.00
0.00
0.00
0.00
0.00
0.00
0.00
0.00
0.00
0.00
0.00
0.00
0.00
0.00
0.00
0.00
0.00
0.00
1.40
0.20
0.00
12.40
0.00
0.00
0.10
0.00
0.00
0.00
0.00
0.00
0.30
0.00
0.00
3.40
1.80
0.00
0.00
0.00
0.00
0.00
0.00
0.00
0.00
0.00
0.00
0.00
0.00
0.00
0.00
0.00
0.00
0.00
0.00
0.00
0.00
0.00
0.00
0.00
0.00
0.00
0.00
0.00
0.00
0.00
0.00
0.00
0.30
0.00
0.00
0.00
0.00
0.00
0.00
0.60
0.00
0.00
0.00
0.00
0.00
0.00
0.00
0.00
0.00
0.00
0.00
0.00
0.00
0.00
0.00
0.00
0.00
0.00
0.00
2.00
6.30
0.10
1.90
2.40
0.10
0.00
11.30
1.90
0.00
0.00
0.00
0.00
0.00
0.00
0.00
0.00
0.00
0.20
0.00
0.00
0.00
0.00
0.50
0.00
0.00
0.00
0.90
0.70
0.00
0.00
25.10
0.10
0.00
0.00
0.00
0.00
0.00
0.00
0.00
0.00
0.00
0.00
0.00
0.10
4.50
2.10
2.80
0.00
0.00
0.00
0.00
9.30
8.30
2.20
0.00
0.00
0.00
0.00
0.00
0.00
0.00
0.00
0.00
0.00
0.00
0.00
0.00
0.00
0.00
21.90
0.00
0.00
0.00
0.00
0.00
0.00
0.00
0.00
0.00
0.00
0.00
0.00
0.00
0.00
0.00
0.00
0.00
0.00
0.00
0.00
0.00
0.00
0.00
0.00
0.00
1.10
3.40
0.00
0.00
0.00
0.00
0.00
15.80
0.00
0.00
10.00
0.00
0.00
0.00
0.00
0.00
0.00
0.00
0.00
0.00
24.00
0.10
0.00
0.00
0.00
0.00
0.00
0.00
0.00
0.00
0.00
0.00
0.00
0.00
0.00
0.00
6.40
0.00
0.00
0.00
0.90
0.00
0.00
0.00
0.00
0.00
0.00
0.00
0.00
0.00
0.00
34.90
0.00
0.00
0.00
0.00
0.10
1.40
0.00
0.00
0.00
0.00
0.00
2.90
2.40
21.10
4.60
0.00
0.20
0.10
0.00
0.00
0.00
0.00
0.00
0.00
13.60
0.10
0.00
0.00
0.00
0.00
0.00
0.00
0.00
0.00
0.00
0.00
0.00
0.00
0.00
0.00
0.00
0.00
0.10
0.00
0.00
0.00
0.00
4.00
1.20
0.00
0.00
0.00
0.00
1.30
2.70
80.00
4.80
0.00
0.00
0.00
0.00
0.00
0.00
0.00
0.00
0.00
3.10
0.70
0.00
0.00
0.00
0.00
0.00
0.00
7.00
0.00
0.10
0.00
2.90
0.00
0.00
0.00
0.00
0.00
0.00
0.00
19.30
7.10
0.00
0.00
0.00
0.00
0.00
0.00
0.00
0.00
0.00
0.00
82.90
17.50
0.00
0.00
0.00
0.00
0.00
2.70
0.00
0.00
0.00
0.00
0.00
0.00
0.00
0.00
7.80
0.40
0.00
0.00
0.00
0.00
0.00
0.00
0.00
0.00
0.00
0.00
0.00
0.00
0.00
0.00
0.00
0.00
0.00
0.00
0.00
11.20
0.00
0.00
0.00
0.00
0.00
0.00
0.00
0.00
0.40
18.00
110.10
19.20
10.40
0.00
0.00
5.70
0.00
0.00
0.00
0.00
0.00
0.00
0.00
0.00
0.00
0.00
0.00
0.00
0.00
0.00
0.00
0.00
0.00
0.00
0.00
0.00
0.00
0.00
0.50
0.00
0.00
0.00
0.00
0.00
0.00
0.00
0.00
14.20
0.00
0.00
0.00
3.40
0.00
0.00
0.00
0.00
0.00
0.00
0.00
0.00
0.00
0.00
0.10
0.00
0.00
14.00
0.10
0.00
0.00
0.00
0.00
1.00
27.90
0.00
0.00
0.00
0.50
0.00
0.20
5.70
2.60
6.70
0.00
0.00
0.00
0.00
0.00
0.00
0.00
0.00
0.00
0.00
0.00
31.00
0.00
0.50
0.00
0.00
9.00
17.00
9.30
75.30
3.80
0.00
0.00
0.00
0.00
0.60
0.90
0.00
0.00
0.00
0.00
0.00
0.00
0.00
0.00
0.00
0.00
1.60
4.80
0.00
0.10
0.80
12.10
0.10
0.70
0.10
0.00
0.00
0.00
0.00
0.00
0.00
0.00
0.00
0.00
0.00
0.00
4.60
0.00
0.00
2.80
0.10
9.40
0.80
0.00
0.00
4.20
0.60
6.70
0.20
0.00
0.00
0.00
0.00
0.00
4.50
0.10
9.90
0.00
0.20
0.00
0.00
0.00
0.00
0.00
0.00
0.00
0.00
0.00
0.00
0.00
0.00
5.10
6.60
0.00
0.00
0.00
0.00
0.00
0.00
0.00
0.00
1.30
0.00
0.00
0.50
0.00
0.00
0.00
0.00
0.00
0.00
0.00
0.50
0.00
0.00
0.00
0.00
0.00
0.00
0.00
0.00
8.40
7.70
0.30
0.00
0.00
0.00
0.00
0.00
0.00
0.00
0.00
0.00
0.00
0.00
0.70
0.00
0.00
0.00
0.00
0.00
0.00
0.00
0.00
0.00
0.00
0.00
2.70
9.30
15.60
0.10
15.20
0.00
0.00
0.00
0.00
7.40
11.10
0.00
12.50
1.60
0.00
0.00
0.00
0.00
0.00
0.00
0.00
0.90
1.60
0.00
15.20
0.00
0.00
0.00
0.00
0.30
1.50
0.00
0.00
0.00
0.00
2.30
0.00
0.00
0.00
0.00
0.00
0.00
0.00
39.60
0.10
0.00
3.80
14.80
0.20
0.00
0.00
0.00
0.00
0.00
0.00
0.60
0.00
0.00
0.00
4.00
0.00
0.00
0.00
0.00
0.00
0.00
0.00
2.40
1.70
0.00
0.30
7.10
0.00
0.00
0.00
0.00
0.00
0.00
0.00
0.00
0.00
0.00
0.00
0.00
0.00
0.00
0.00
0.00
0.00
2.30
3.40
12.60
19.40
0.00
0.00
0.00
0.00
0.00
0.00
0.00
0.00
0.00
0.00
0.00
0.70
1.50
0.00
0.00
0.00
0.00
0.00
1.00
2.30
0.10
0.00
0.00
0.00
0.00
0.00
0.00
0.00
0.00
0.00
0.00
0.00
0.00
0.20
0.00
0.00
0.00
0.00
1.30
0.30
0.00
5.10
0.10
0.00
0.00
0.00
0.00
0.00
0.00
0.00
0.00
0.00
0.00
0.00
6.50
0.00
0.00
0.00
0.20
0.00
0.00
0.00
0.80
0.00
0.90
0.00
0.00
0.00
0.00
0.00
20.40
4.20
0.10
0.00
0.00
0.10
0.20
1.50
0.10
0.00
0.00
0.00
0.00
0.00
0.00
8.00
0.00
0.00
0.00
0.00
0.00
0.00
0.00
0.00
0.00
0.00
0.00
0.00
0.20
0.10
0.00
0.00
0.00
1.30
0.00
0.00
