20000101
-99.00
-99.00
-99.00
-99.00
-99.00
-99.00
-99.00
-99.00
-99.00
-99.00
-99.00
-99.00
-99.00
-99.00
-99.00
-99.00
-99.00
-99.00
-99.00
-99.00
-99.00
-99.00
-99.00
-99.00
-99.00
-99.00
-99.00
-99.00
-99.00
-99.00
-99.00
-99.00
-99.00
-99.00
-99.00
-99.00
-99.00
-99.00
-99.00
-99.00
-99.00
-99.00
-99.00
-99.00
-99.00
-99.00
-99.00
-99.00
-99.00
-99.00
-99.00
-99.00
-99.00
-99.00
-99.00
-99.00
-99.00
-99.00
-99.00
-99.00
-99.00
-99.00
-99.00
-99.00
-99.00
-99.00
-99.00
-99.00
-99.00
-99.00
-99.00
-99.00
-99.00
-99.00
-99.00
-99.00
-99.00
-99.00
-99.00
-99.00
-99.00
-99.00
-99.00
-99.00
-99.00
-99.00
-99.00
-99.00
-99.00
-99.00
-99.00
-99.00
-99.00
-99.00
-99.00
-99.00
-99.00
-99.00
-99.00
-99.00
-99.00
-99.00
-99.00
-99.00
-99.00
-99.00
-99.00
-99.00
-99.00
-99.00
-99.00
-99.00
-99.00
-99.00
-99.00
-99.00
-99.00
-99.00
-99.00
-99.00
-99.00
-99.00
-99.00
-99.00
-99.00
-99.00
-99.00
-99.00
-99.00
-99.00
-99.00
-99.00
-99.00
-99.00
-99.00
-99.00
-99.00
-99.00
-99.00
-99.00
-99.00
-99.00
-99.00
-99.00
-99.00
-99.00
-99.00
-99.00
-99.00
-99.00
-99.00
-99.00
-99.00
-99.00
-99.00
-99.00
-99.00
-99.00
-99.00
-99.00
-99.00
-99.00
-99.00
-99.00
-99.00
-99.00
-99.00
-99.00
-99.00
-99.00
-99.00
-99.00
-99.00
-99.00
-99.00
-99.00
-99.00
-99.00
-99.00
-99.00
-99.00
-99.00
-99.00
-99.00
-99.00
-99.00
-99.00
-99.00
-99.00
-99.00
-99.00
-99.00
-99.00
-99.00
-99.00
-99.00
-99.00
-99.00
-99.00
-99.00
-99.00
-99.00
-99.00
-99.00
-99.00
-99.00
-99.00
-99.00
-99.00
-99.00
-99.00
-99.00
-99.00
-99.00
-99.00
-99.00
-99.00
-99.00
-99.00
-99.00
-99.00
-99.00
-99.00
-99.00
-99.00
-99.00
-99.00
-99.00
-99.00
-99.00
-99.00
-99.00
-99.00
-99.00
-99.00
-99.00
-99.00
-99.00
-99.00
-99.00
-99.00
-99.00
-99.00
-99.00
-99.00
-99.00
-99.00
-99.00
-99.00
-99.00
-99.00
-99.00
-99.00
-99.00
-99.00
-99.00
-99.00
-99.00
-99.00
-99.00
-99.00
-99.00
-99.00
-99.00
-99.00
-99.00
-99.00
-99.00
-99.00
-99.00
-99.00
-99.00
-99.00
-99.00
-99.00
-99.00
-99.00
-99.00
-99.00
-99.00
-99.00
-99.00
-99.00
-99.00
-99.00
-99.00
-99.00
-99.00
-99.00
-99.00
-99.00
-99.00
-99.00
-99.00
-99.00
-99.00
-99.00
-99.00
-99.00
-99.00
-99.00
-99.00
-99.00
-99.00
-99.00
-99.00
-99.00
-99.00
-99.00
-99.00
-99.00
-99.00
-99.00
-99.00
-99.00
-99.00
-99.00
-99.00
-99.00
-99.00
-99.00
-99.00
-99.00
-99.00
-99.00
-99.00
-99.00
-99.00
-99.00
-99.00
-99.00
-99.00
-99.00
-99.00
-99.00
-99.00
-99.00
-99.00
-99.00
-99.00
-99.00
-99.00
-99.00
-99.00
-99.00
-99.00
-99.00
-99.00
-99.00
-99.00
-99.00
-99.00
-99.00
-99.00
-99.00
-99.00
-99.00
-99.00
-99.00
-99.00
-99.00
-99.00
-99.00
-99.00
-99.00
-99.00
-99.00
-99.00
-99.00
-99.00
-99.00
-99.00
-99.00
-99.00
-99.00
-99.00
-99.00
-99.00
-99.00
-99.00
-99.00
-99.00
-99.00
-99.00
-99.00
-99.00
-99.00
-99.00
-99.00
-99.00
-99.00
-99.00
-99.00
-99.00
-99.00
-99.00
-99.00
-99.00
-99.00
-99.00
-99.00
-99.00
-99.00
-99.00
-99.00
-99.00
-99.00
-99.00
-99.00
-99.00
-99.00
-99.00
-99.00
-99.00
-99.00
-99.00
-99.00
-99.00
-99.00
-99.00
-99.00
-99.00
-99.00
-99.00
-99.00
-99.00
-99.00
-99.00
-99.00
-99.00
-99.00
-99.00
-99.00
-99.00
-99.00
-99.00
-99.00
-99.00
-99.00
-99.00
-99.00
-99.00
-99.00
-99.00
-99.00
-99.00
-99.00
-99.00
-99.00
-99.00
-99.00
-99.00
-99.00
-99.00
-99.00
-99.00
-99.00
-99.00
-99.00
-99.00
-99.00
-99.00
-99.00
-99.00
-99.00
-99.00
-99.00
-99.00
-99.00
-99.00
-99.00
-99.00
-99.00
-99.00
-99.00
-99.00
-99.00
-99.00
-99.00
-99.00
-99.00
-99.00
-99.00
-99.00
-99.00
-99.00
-99.00
-99.00
-99.00
-99.00
-99.00
-99.00
-99.00
-99.00
-99.00
0.00
0.00
0.00
0.00
0.00
-99.00
-99.00
1.20
7.00
0.00
0.00
0.00
0.00
0.00
0.20
0.00
0.00
0.00
0.00
0.00
0.00
0.00
0.00
0.00
0.00
0.00
0.00
0.00
0.00
0.00
0.00
3.20
0.00
0.00
0.00
0.00
0.00
0.00
0.80
0.00
2.60
0.00
0.00
0.00
0.00
0.00
0.00
0.00
0.00
0.00
0.00
0.00
0.00
0.00
0.60
0.00
0.00
0.00
0.00
0.00
0.00
0.00
0.00
0.00
0.00
0.00
22.60
0.00
0.00
0.00
20.20
0.00
0.00
0.00
0.00
0.00
0.00
0.00
0.00
0.00
0.00
0.00
0.00
0.00
0.00
0.00
0.00
0.00
0.00
0.00
0.00
0.00
0.00
0.00
0.00
0.00
0.00
0.00
0.00
0.00
0.00
0.00
0.00
0.00
0.00
0.00
0.00
0.00
0.00
0.00
0.00
0.00
6.60
0.00
0.00
0.00
0.60
0.00
0.00
0.00
0.00
0.00
0.00
0.20
0.00
0.00
0.00
0.00
0.00
0.00
4.40
0.00
1.80
0.00
0.00
70.40
0.00
0.00
1.80
0.20
0.00
5.60
0.20
0.00
0.00
0.00
0.00
10.40
0.00
0.00
0.00
0.00
0.60
0.20
0.00
0.00
0.60
0.20
0.00
0.00
0.00
4.00
0.00
1.20
0.00
0.00
0.00
0.00
0.00
0.00
0.00
0.00
0.00
0.00
0.00
0.00
0.00
0.00
0.00
2.40
0.00
0.00
0.00
0.00
0.00
8.00
0.00
0.00
0.00
49.40
6.80
-99.00
0.00
0.00
0.00
0.00
0.00
0.00
0.00
0.00
0.00
0.00
0.00
0.00
0.00
0.00
0.00
0.00
0.00
0.00
0.00
0.00
0.00
0.00
0.00
0.00
0.00
0.00
4.40
1.80
0.00
0.00
0.00
0.00
0.00
0.00
0.00
0.00
0.00
0.00
0.00
0.00
0.00
0.00
0.00
0.00
0.00
3.40
6.40
6.40
0.00
0.00
0.00
0.00
0.00
0.00
0.00
0.00
1.80
0.00
0.20
0.00
0.00
0.00
0.00
0.00
0.00
0.60
1.00
0.20
0.00
0.00
0.00
0.00
0.00
0.00
0.00
0.00
0.00
0.00
0.00
1.00
3.60
0.00
0.00
0.00
0.00
0.00
0.00
0.00
11.20
1.80
5.60
6.60
0.00
0.00
0.00
0.00
0.00
0.00
0.00
0.00
0.00
0.00
0.00
0.00
7.20
0.00
3.60
2.60
0.00
0.00
0.00
0.00
0.00
0.00
0.00
0.60
1.40
0.00
0.00
0.00
0.00
0.00
0.00
0.00
0.00
0.00
0.00
0.00
0.00
0.00
0.00
6.60
0.20
0.00
0.00
2.60
60.00
0.20
0.00
0.60
20.60
0.20
6.00
13.20
3.00
6.00
0.60
0.00
0.20
3.00
0.00
0.00
0.00
0.00
0.00
0.00
0.00
0.00
0.00
0.00
0.00
0.00
0.00
0.00
0.00
2.40
0.00
2.20
0.40
1.40
34.80
30.20
3.00
2.20
4.80
0.00
0.00
0.00
0.00
0.00
0.00
1.00
0.00
0.00
0.00
0.00
5.00
0.00
0.00
4.00
30.00
0.00
0.00
0.00
0.00
0.00
0.00
0.00
2.20
34.20
10.60
0.00
11.00
0.00
0.00
0.00
0.00
0.00
0.00
0.00
0.00
0.00
0.00
0.00
0.00
0.00
0.00
0.00
0.00
0.00
0.00
0.00
0.00
3.20
0.00
0.00
0.00
0.00
0.00
0.00
0.00
0.00
0.00
0.00
0.00
0.00
2.60
3.60
0.80
0.20
0.00
0.00
0.00
0.00
0.00
0.00
0.00
0.00
0.00
0.00
0.00
0.00
0.00
0.00
2.00
1.20
12.40
0.00
0.00
0.00
0.00
22.00
0.00
10.80
5.20
0.40
0.00
0.00
0.00
0.00
0.00
0.00
0.00
0.00
3.20
0.00
0.00
0.00
0.00
3.40
7.00
9.00
2.20
0.00
0.00
0.00
13.20
0.00
1.60
1.20
0.00
8.00
0.20
0.00
0.00
0.00
0.00
0.00
8.60
2.40
0.00
0.00
0.00
0.40
0.00
0.00
0.00
1.00
0.40
0.00
0.00
0.00
0.00
0.00
0.00
0.00
2.00
0.00
0.00
0.00
0.00
0.00
0.00
0.00
0.60
62.80
15.00
2.20
0.00
0.00
0.00
0.00
0.00
0.40
0.00
0.00
0.00
0.00
0.00
9.80
0.20
0.00
0.00
0.00
0.00
0.00
0.00
0.00
0.00
0.00
0.00
0.00
0.00
0.80
4.80
0.00
0.00
0.00
0.00
0.00
0.00
31.20
1.20
0.00
2.20
0.00
0.00
16.40
0.40
0.00
0.40
28.40
1.20
0.00
0.00
0.00
4.00
0.00
0.00
0.40
0.00
0.00
0.00
0.00
0.00
0.00
0.00
30.40
2.60
0.00
0.00
0.00
0.00
0.00
0.00
0.00
0.00
0.00
0.00
0.00
0.00
0.00
0.20
0.00
0.20
0.00
0.00
4.20
3.40
0.00
0.00
0.00
0.00
6.00
90.40
0.00
6.20
0.20
0.20
0.00
0.00
0.00
0.00
0.00
0.00
0.00
0.00
4.80
0.00
0.20
0.00
0.00
0.00
0.00
0.00
0.00
0.00
0.00
0.00
0.00
0.00
0.00
0.00
0.60
0.00
0.00
0.00
0.00
0.00
1.20
0.00
0.00
0.00
0.00
0.00
0.00
0.00
0.00
13.80
24.60
4.40
0.20
0.60
0.00
5.40
19.00
8.20
0.20
0.00
0.00
0.00
0.00
0.00
6.40
0.00
0.00
0.00
0.00
0.00
0.00
0.00
0.00
0.40
0.00
0.00
0.00
0.00
0.00
0.00
0.00
0.00
0.00
0.00
0.00
0.00
9.60
0.40
42.40
5.80
0.00
12.00
0.00
0.00
0.00
0.00
0.00
7.40
19.80
22.80
0.00
0.00
0.00
0.00
0.00
0.00
0.00
0.00
0.00
0.20
0.00
0.00
0.00
0.00
0.00
0.40
0.00
0.00
0.00
0.00
0.00
0.00
0.00
0.00
0.00
0.50
8.10
0.00
0.00
0.00
0.00
0.00
0.00
0.00
0.00
0.20
2.20
0.00
3.60
0.00
0.00
0.00
0.00
0.00
3.80
13.60
0.00
0.00
0.00
0.00
0.00
0.00
0.00
0.00
0.00
4.00
0.20
0.00
0.00
0.00
0.00
0.00
0.00
0.00
0.00
0.80
0.00
0.00
0.00
0.00
0.00
0.00
0.00
0.00
0.00
0.00
0.00
0.80
0.00
0.00
0.00
0.00
0.00
0.00
0.00
0.00
0.00
0.00
0.00
0.20
0.00
0.00
0.00
0.00
0.00
0.00
0.00
0.00
0.00
0.00
0.00
0.00
0.00
0.00
0.00
0.00
0.00
3.00
0.00
0.00
0.00
0.00
0.00
0.00
0.00
0.00
0.00
0.00
0.00
0.00
0.00
0.00
0.00
0.00
0.00
0.00
0.00
0.00
23.20
0.00
0.00
0.00
0.00
0.00
0.00
0.00
0.60
0.00
0.00
0.00
0.00
0.00
12.00
5.60
2.00
0.00
0.80
4.00
0.00
8.80
0.20
0.00
0.00
0.00
0.00
0.00
0.00
0.00
0.00
0.00
0.00
0.00
0.00
0.00
45.60
2.20
0.00
0.00
0.00
20.20
10.40
3.60
11.60
0.00
0.00
0.00
41.00
4.40
0.00
0.00
0.00
0.00
0.00
0.00
0.00
1.40
0.00
3.00
58.40
77.40
23.60
3.80
0.00
0.00
8.40
0.20
0.80
0.00
8.80
1.70
2.90
0.00
0.00
3.40
0.00
0.00
0.00
0.00
0.00
0.00
0.00
0.00
0.20
0.00
0.00
0.00
0.20
0.00
0.80
1.00
0.00
0.00
0.00
0.80
0.80
0.80
4.40
3.40
0.00
0.00
5.40
0.00
0.00
0.00
11.00
21.00
32.00
17.20
7.20
0.00
6.00
0.60
0.00
0.40
0.00
0.00
0.00
0.00
0.00
0.00
0.00
1.60
0.80
0.00
0.60
18.20
0.00
0.00
0.00
0.00
0.00
4.20
0.00
0.00
0.00
0.00
0.00
0.00
0.00
0.00
0.00
0.00
0.00
0.00
0.00
0.00
0.00
0.00
0.00
0.00
0.00
0.00
0.00
0.00
0.40
0.00
0.00
0.00
1.60
0.00
0.80
10.20
0.00
0.00
0.00
0.00
0.00
0.00
0.00
0.00
0.00
0.00
0.00
0.00
0.00
0.00
0.00
0.00
0.00
0.00
0.00
1.20
0.00
1.40
0.40
29.80
6.20
0.00
0.80
0.00
3.40
27.60
0.00
0.00
0.00
0.00
0.00
0.00
0.00
0.00
6.80
0.00
0.00
0.00
0.00
0.00
0.00
0.80
0.00
0.00
0.00
0.00
0.00
0.00
0.00
0.00
7.20
0.20
0.00
0.00
0.40
1.80
0.00
44.80
8.60
0.60
0.00
3.00
0.00
0.00
0.00
0.00
3.40
4.20
0.00
0.00
0.00
0.00
0.00
5.60
0.20
82.60
1.80
6.00
1.60
0.00
0.00
0.40
0.00
0.00
0.00
0.00
0.00
11.00
49.40
0.00
0.00
0.00
20.60
2.40
15.80
1.40
2.60
0.00
0.00
3.20
13.60
3.20
0.20
0.00
0.00
0.00
0.00
0.00
0.00
0.00
0.00
0.00
0.00
0.00
0.00
0.00
0.00
0.00
0.00
0.40
0.00
0.00
0.00
0.00
0.00
0.00
0.00
0.00
0.00
0.00
0.00
0.00
1.60
0.00
3.60
0.80
1.60
0.00
0.00
7.80
5.00
0.60
0.00
0.00
0.00
0.00
0.00
0.00
0.00
0.00
0.00
0.00
0.00
0.00
0.00
0.00
0.20
3.40
0.00
0.00
10.80
4.80
0.00
6.20
0.00
0.00
0.00
0.00
0.00
0.00
0.00
0.00
0.00
0.00
0.00
0.00
0.00
0.00
0.00
0.00
0.00
0.00
0.00
0.00
0.00
0.80
0.00
0.00
0.00
0.00
0.00
0.00
0.00
0.00
0.00
0.00
0.00
0.00
0.00
0.00
0.00
0.00
0.00
0.00
0.00
0.00
0.00
0.00
0.00
0.00
2.40
0.00
0.00
0.00
7.00
21.80
0.00
0.00
0.00
0.00
0.00
0.00
0.00
1.00
0.20
0.00
17.40
0.20
0.00
0.00
0.00
0.00
0.00
0.00
0.00
0.00
0.00
0.00
0.00
0.00
0.00
0.00
0.00
0.00
0.00
0.00
0.00
0.00
0.00
0.00
0.00
0.00
0.00
0.00
0.00
0.00
0.00
0.00
0.00
0.00
0.00
0.00
0.00
0.00
0.00
0.00
0.00
0.60
45.40
0.70
1.10
0.00
4.60
11.00
2.00
0.20
0.00
0.00
0.00
0.00
0.00
0.00
1.40
0.00
0.00
0.00
0.00
0.00
0.00
0.00
0.00
0.00
0.00
0.00
0.00
0.00
0.00
0.00
0.00
0.00
0.00
0.00
4.60
0.00
2.20
0.00
0.00
26.40
0.00
0.00
15.80
17.60
4.40
0.00
0.00
0.00
0.00
0.00
1.40
0.00
0.00
0.00
0.00
0.00
0.00
0.00
0.00
0.00
7.40
0.00
0.00
0.00
0.00
0.00
0.00
0.00
0.00
0.00
0.00
0.00
0.00
0.00
0.00
0.00
0.00
0.00
0.00
0.00
0.00
0.00
0.00
0.00
0.40
0.00
0.00
0.00
0.00
0.00
0.00
0.00
0.00
0.00
0.00
2.00
0.00
0.00
0.00
0.00
0.00
0.00
0.00
15.00
33.80
46.20
0.20
0.00
0.00
0.00
4.20
0.00
0.00
0.00
0.00
0.00
0.00
5.60
0.00
0.00
0.00
0.00
0.00
0.00
0.00
0.00
0.00
0.00
4.20
0.00
0.20
0.60
0.00
0.00
0.00
0.00
0.00
0.00
0.00
0.00
0.00
0.00
0.00
0.00
0.00
0.00
0.00
0.00
0.00
1.60
0.00
0.00
2.00
0.00
3.00
3.40
0.00
0.00
0.00
0.00
0.00
0.00
0.00
0.00
3.90
2.10
0.00
0.00
0.00
0.00
0.00
5.60
1.60
0.00
0.20
0.00
0.00
0.00
0.00
0.00
1.00
0.00
0.00
0.00
0.00
0.00
0.00
0.00
1.60
0.00
2.20
1.40
0.20
0.00
0.00
0.00
0.60
0.00
0.00
0.00
0.40
0.00
5.40
40.80
0.20
0.00
0.00
0.00
0.60
0.20
0.00
0.00
0.00
0.00
0.00
0.00
0.00
0.00
0.00
0.00
0.00
0.00
0.00
0.20
0.00
0.00
0.00
0.00
0.40
0.00
0.00
5.00
0.20
0.00
0.00
0.00
0.00
0.00
0.00
0.00
0.00
0.00
0.00
0.00
0.00
0.00
0.00
0.00
0.00
0.00
0.00
0.00
0.00
0.00
0.00
0.90
6.50
1.40
0.00
0.00
0.00
0.00
0.00
0.00
0.00
0.00
0.00
0.00
0.00
0.00
0.00
0.00
0.00
0.00
0.00
0.00
0.00
0.00
0.00
2.80
5.00
0.00
0.00
0.00
0.00
0.00
0.00
0.40
1.60
10.80
0.00
0.00
0.00
0.00
0.00
0.00
1.60
0.20
27.60
0.20
0.00
0.00
0.00
0.00
0.00
9.00
0.00
0.00
0.00
0.00
0.00
0.00
0.00
0.00
0.80
24.40
10.20
36.60
0.00
0.00
0.00
0.00
1.20
0.00
0.00
0.00
5.80
0.00
0.00
0.00
0.00
0.00
0.00
0.00
23.00
0.60
0.00
0.00
1.60
0.00
0.00
1.40
0.00
0.00
0.40
0.00
0.00
0.00
0.00
0.00
48.40
45.40
254.40
23.60
21.80
0.40
0.20
8.40
0.00
0.00
0.00
0.00
1.00
0.00
0.00
0.00
0.00
0.00
0.00
0.00
0.00
0.40
0.00
0.00
4.20
0.40
0.00
0.00
0.00
17.20
0.40
0.40
6.00
24.40
21.80
0.00
9.40
0.00
0.00
0.00
0.00
0.00
0.40
0.00
0.00
7.80
1.40
0.00
0.00
0.00
0.00
0.00
6.80
0.00
0.00
0.00
0.00
0.00
0.00
0.00
0.00
0.00
0.00
0.00
0.00
0.00
0.00
0.00
0.00
0.00
0.00
0.00
0.00
0.00
0.00
0.00
0.00
0.40
0.00
0.00
0.00
0.00
0.00
0.00
0.00
0.00
5.00
30.40
15.00
0.80
22.40
1.00
0.00
0.00
1.80
0.60
2.20
1.80
0.00
0.00
0.00
0.00
0.00
0.00
0.00
0.00
0.00
5.60
27.60
25.60
17.00
16.40
0.40
0.00
0.00
0.00
0.00
0.00
0.40
0.00
0.00
0.00
0.00
0.00
0.00
0.00
0.00
0.00
0.00
0.00
0.00
3.00
0.00
4.40
0.40
0.00
0.00
0.00
3.60
0.00
0.00
0.00
0.00
0.00
0.00
6.60
0.00
0.00
0.00
0.00
0.40
0.40
0.00
0.00
0.00
0.00
0.00
0.00
0.40
3.40
0.00
0.00
9.60
0.40
0.00
0.00
0.00
0.00
0.00
0.00
0.00
0.00
0.00
0.00
0.00
0.00
0.00
0.00
0.00
0.00
0.00
0.00
0.00
0.00
0.00
0.00
0.00
0.00
0.00
0.00
0.00
0.00
0.00
0.00
0.00
0.00
0.00
0.00
0.00
0.00
0.00
0.00
0.00
0.00
0.00
0.00
0.00
0.00
0.00
0.60
0.00
6.40
0.00
0.00
0.00
0.00
0.00
0.00
0.00
0.00
0.00
0.00
0.00
0.00
0.00
0.00
0.00
0.00
0.00
0.00
0.00
0.00
0.00
0.00
0.00
0.00
0.00
0.00
0.00
0.00
0.00
0.00
0.00
0.00
0.00
0.00
0.00
0.00
0.00
0.00
0.00
0.00
0.00
0.00
0.00
0.00
0.00
0.00
0.00
0.00
0.00
0.00
0.00
0.00
0.00
0.00
0.00
0.00
0.40
0.00
0.00
0.00
0.00
0.00
0.00
0.00
0.00
0.00
0.00
0.00
0.00
0.00
0.00
0.00
0.00
0.00
0.00
0.00
0.00
0.00
0.00
0.00
0.00
0.00
0.00
0.40
4.00
0.00
0.00
0.00
0.00
1.80
0.00
0.00
1.20
16.00
1.80
0.00
10.80
0.00
0.00
0.00
0.00
0.00
0.00
0.00
0.00
0.40
3.20
0.00
0.00
0.00
0.00
0.00
0.00
0.00
0.00
0.00
0.00
0.00
0.00
0.00
0.00
0.00
0.00
0.00
16.40
43.20
40.80
0.00
1.00
0.00
0.00
0.00
0.00
0.00
0.00
6.00
74.40
0.40
0.00
0.00
0.00
0.00
0.00
0.00
0.00
0.00
0.40
0.40
0.00
0.00
0.00
0.00
0.00
44.00
19.40
0.00
0.00
0.00
0.00
0.60
8.40
0.60
0.00
0.00
0.00
0.00
0.00
0.00
0.00
0.00
0.00
0.00
0.00
0.00
0.00
0.00
0.00
0.00
0.00
0.00
0.00
0.00
0.00
0.00
0.20
0.00
0.00
0.00
0.00
0.00
0.40
0.00
0.00
0.00
0.00
0.00
0.00
0.00
0.00
0.00
0.00
0.00
0.00
0.00
0.00
0.00
0.00
0.00
0.40
11.20
0.00
8.60
0.40
0.00
0.00
0.00
0.00
0.00
15.60
1.40
0.00
0.40
0.00
0.00
0.00
4.40
0.00
0.00
0.00
0.00
0.00
0.00
0.20
0.00
0.00
0.00
0.00
0.00
0.00
0.00
0.00
0.00
0.00
0.00
0.00
0.00
0.00
0.00
0.00
0.00
0.00
0.00
0.00
0.00
0.00
0.00
0.80
0.00
0.00
0.00
0.00
0.00
0.00
0.00
0.00
2.10
0.00
0.00
0.00
0.00
0.20
0.40
0.00
1.70
0.10
0.10
0.00
1.90
0.10
0.30
0.00
0.00
19.90
6.70
0.10
0.10
0.00
0.00
0.00
0.00
5.50
0.10
0.00
0.00
0.00
0.00
0.00
0.00
0.00
0.00
-99.00
-99.00
-99.00
-99.00
-99.00
-99.00
-99.00
0.00
0.10
0.00
0.00
0.00
2.60
0.00
0.00
0.00
0.00
0.00
0.00
0.30
0.00
4.20
1.20
0.00
2.00
0.00
9.70
20.10
6.40
0.20
0.00
-99.00
-99.00
0.90
1.60
1.80
8.20
30.50
2.40
0.00
0.00
0.00
0.00
0.00
0.00
0.00
0.00
0.00
0.00
0.00
0.00
0.00
0.00
0.00
0.00
18.80
0.00
5.20
0.40
0.00
0.00
0.00
0.00
0.00
0.00
0.00
0.00
0.00
15.60
0.00
0.00
0.00
0.00
0.00
0.00
0.00
0.00
0.00
0.00
0.00
24.00
2.20
0.00
0.00
0.00
0.00
0.00
0.00
0.00
0.00
0.00
0.00
0.00
0.00
0.00
0.00
0.00
0.00
0.00
0.00
0.00
0.00
0.00
0.00
0.00
0.00
0.00
0.00
0.00
0.00
0.00
0.00
0.00
0.00
0.00
0.00
0.00
0.00
0.00
0.00
0.00
0.00
0.00
0.00
0.00
0.00
1.00
0.00
0.00
0.00
0.00
0.00
0.00
0.00
1.00
0.00
0.00
0.00
0.00
0.00
0.00
0.00
0.00
0.00
0.00
0.00
0.00
0.00
0.00
0.00
0.00
0.00
0.40
0.40
3.40
0.00
0.00
0.00
5.60
2.10
0.00
0.00
0.00
0.00
0.00
29.80
0.00
17.60
0.00
0.00
0.00
0.00
0.00
0.00
0.00
0.00
1.00
0.00
0.00
0.00
0.00
0.60
0.00
0.00
0.00
0.00
0.00
0.00
0.00
0.00
0.00
3.00
0.20
0.00
0.00
4.80
0.00
0.00
0.00
13.20
0.00
0.00
0.00
14.80
0.80
0.80
0.00
0.00
0.00
0.00
0.40
5.40
57.00
0.00
0.00
1.20
0.20
36.20
0.20
0.00
0.00
0.00
0.00
3.40
0.20
0.00
0.00
0.00
0.00
0.00
0.00
0.00
0.00
13.60
3.20
0.00
0.00
0.00
0.40
0.00
0.00
0.00
0.00
0.00
0.00
0.00
0.00
0.00
0.00
0.00
0.00
0.00
0.00
0.00
0.00
0.00
0.00
0.00
0.00
0.20
15.60
1.20
0.00
0.00
0.00
0.00
0.00
0.00
0.00
0.00
0.00
0.00
0.00
0.00
0.00
0.00
0.00
0.00
0.00
0.00
0.00
0.00
0.00
25.20
0.30
0.00
-99.00
0.00
0.00
0.00
-99.00
6.40
0.00
0.00
0.00
-99.00
0.00
-99.00
0.00
-99.00
0.00
0.40
5.60
1.40
1.60
0.00
0.00
0.00
0.00
0.00
0.20
0.00
0.00
0.00
0.00
16.40
0.00
0.00
0.00
0.00
0.00
0.00
0.00
0.00
0.00
0.00
0.00
0.00
0.00
0.00
0.00
0.00
0.00
0.00
3.00
0.40
0.00
0.00
0.00
0.00
0.00
0.00
0.00
0.00
0.00
0.00
0.00
4.00
12.80
3.60
8.00
0.00
0.00
0.00
0.00
0.60
0.00
0.00
0.00
0.00
0.00
0.00
0.00
10.80
0.00
0.00
0.00
0.00
35.60
0.40
0.00
0.00
0.00
0.00
0.00
0.00
0.00
2.10
2.20
0.80
0.00
45.60
2.40
0.20
0.00
6.00
0.40
0.00
0.00
12.20
6.70
0.00
0.00
0.00
0.00
0.00
0.00
20.60
0.00
0.00
0.00
0.60
0.60
0.00
54.60
0.00
0.00
19.80
7.20
0.00
1.60
21.20
0.40
0.20
0.40
0.00
0.00
0.00
17.00
0.10
0.00
0.00
0.00
0.00
0.00
1.20
0.10
0.00
0.00
27.80
39.20
9.00
11.40
0.00
0.00
0.00
0.20
3.00
0.00
0.00
0.00
0.00
5.40
0.00
0.00
37.00
8.00
7.00
0.00
0.00
0.00
0.00
0.00
0.00
0.00
0.00
4.20
4.70
1.20
0.00
3.20
1.60
0.00
0.00
30.20
0.40
0.00
0.00
22.40
0.00
0.00
0.00
0.00
0.00
0.00
0.00
0.00
0.00
5.40
0.00
0.00
0.00
1.80
0.00
0.00
0.00
0.00
0.00
0.00
10.00
0.00
0.00
0.00
0.00
0.00
0.00
0.00
0.00
0.00
0.00
0.00
0.00
0.00
0.00
0.00
0.00
0.00
0.00
0.00
0.00
0.00
0.00
0.00
0.00
0.00
0.00
0.00
0.00
0.00
0.00
0.00
0.00
0.00
0.00
0.00
0.00
0.00
0.00
0.00
0.00
0.00
0.00
0.00
0.00
0.00
0.00
0.00
6.60
0.00
0.00
0.00
0.00
0.00
0.00
0.00
0.00
0.00
0.00
0.00
0.00
0.00
0.00
0.00
0.00
1.00
2.40
0.00
0.00
0.00
0.40
0.00
0.00
0.00
0.00
0.00
0.00
0.00
0.00
0.00
0.00
0.00
0.00
0.00
0.00
0.00
0.00
0.20
0.00
0.00
0.00
0.00
2.60
0.10
0.00
0.00
0.00
0.00
0.00
0.00
1.00
0.10
4.80
0.80
0.00
0.00
0.30
0.00
0.00
0.00
0.00
0.00
14.40
1.10
0.00
7.20
11.90
40.50
0.00
0.00
0.10
0.60
0.10
0.00
0.00
0.10
0.00
5.10
0.00
0.00
0.00
0.00
0.00
0.00
0.00
0.00
0.00
0.00
1.60
11.90
0.30
0.00
0.00
0.00
3.90
0.00
0.00
0.00
0.00
0.00
0.00
0.00
0.00
0.00
17.60
1.00
0.00
0.00
7.90
8.40
4.10
3.80
0.00
0.00
0.00
0.00
0.00
0.00
0.10
0.10
0.10
28.50
3.70
1.10
11.20
0.10
0.10
0.00
0.00
0.00
0.00
0.00
1.60
0.00
0.00
9.40
16.80
0.10
0.00
0.00
0.00
0.00
0.00
0.00
0.00
0.80
1.20
0.00
0.20
1.00
0.00
0.90
2.40
0.00
0.00
0.00
0.20
26.00
18.90
7.60
31.20
0.00
7.00
0.10
4.00
0.10
0.00
4.80
0.00
0.00
0.00
0.00
0.00
0.00
0.00
0.00
0.00
0.00
0.00
0.00
0.00
0.00
0.00
0.00
0.00
0.40
0.80
0.00
0.00
7.40
0.10
0.00
0.00
0.00
0.00
0.10
0.00
0.00
0.00
0.00
0.00
0.00
0.00
0.00
0.00
0.00
0.00
0.00
0.00
0.00
0.00
0.00
0.00
2.20
3.80
0.10
25.50
1.50
3.30
0.70
0.00
0.00
0.00
9.90
1.00
0.00
0.10
0.60
3.30
0.00
0.00
0.10
0.20
2.00
0.10
0.00
3.70
1.30
0.00
0.00
0.00
0.00
0.00
0.40
0.50
0.10
4.70
2.50
0.00
0.00
2.20
0.00
0.00
0.00
0.00
0.00
0.00
1.90
0.00
0.00
18.80
0.00
0.00
0.00
0.00
0.00
0.00
0.00
0.00
0.00
0.00
0.00
0.70
0.00
0.00
0.00
0.00
1.20
0.10
0.00
0.00
0.00
0.00
0.00
0.00
0.00
0.00
0.00
0.00
0.00
0.00
0.00
0.00
0.00
0.00
0.00
4.20
0.00
0.00
0.00
0.00
0.00
0.20
0.00
0.00
0.00
0.00
0.00
0.40
0.00
0.00
0.00
0.00
0.00
1.00
0.00
0.00
0.00
0.00
0.00
0.00
0.00
0.00
0.00
0.10
0.00
0.00
0.00
0.00
0.70
0.00
0.00
0.00
0.00
0.00
0.00
0.00
0.00
0.00
0.00
0.60
0.00
0.00
0.00
0.00
0.00
0.00
0.00
0.00
0.00
0.00
0.00
0.00
0.00
0.00
0.00
0.00
0.00
0.00
0.00
0.00
0.00
0.00
0.00
0.00
0.00
0.00
0.00
0.00
0.00
0.00
0.00
0.00
1.80
0.00
0.00
0.00
0.00
0.00
0.00
0.00
0.00
0.10
16.40
1.20
0.00
4.90
2.00
0.00
4.90
0.00
0.00
0.00
0.00
0.00
0.00
0.00
0.00
0.00
0.00
0.00
0.00
0.00
0.00
0.00
0.00
0.00
0.00
6.30
1.60
0.10
0.00
0.00
0.00
0.00
0.00
0.00
0.00
0.00
6.70
16.30
38.90
0.00
0.00
0.00
0.00
0.10
0.00
0.00
0.10
0.00
0.00
0.70
0.00
5.40
4.10
0.10
1.30
0.00
0.00
0.00
0.00
0.00
0.00
0.00
0.00
0.00
0.10
0.10
0.00
0.00
0.10
0.00
0.00
0.00
0.00
0.00
0.00
0.00
6.80
0.80
0.00
0.00
0.00
0.00
0.00
0.00
0.00
0.00
0.10
0.00
0.00
0.00
0.00
0.00
0.00
0.00
0.20
0.00
0.00
0.00
1.20
7.50
3.40
2.60
0.10
1.40
0.10
0.00
0.00
0.00
0.00
0.00
0.00
0.00
5.00
10.50
0.00
31.40
2.20
0.30
0.00
0.00
5.20
0.00
14.40
0.00
0.40
0.00
0.00
0.00
1.90
0.60
0.00
0.00
0.50
0.00
0.00
0.00
0.00
0.00
0.00
0.00
0.30
0.00
0.00
10.50
2.90
0.20
0.00
31.70
37.30
0.00
0.00
0.00
0.00
0.00
3.70
24.40
0.10
12.40
16.30
0.00
0.20
0.00
0.00
0.00
0.00
0.00
0.00
0.00
0.00
1.30
26.30
0.20
1.80
0.00
0.30
58.70
12.30
0.00
1.30
0.00
0.00
0.00
0.00
0.00
0.00
0.00
0.00
0.00
5.30
6.30
0.10
0.00
0.00
0.00
0.00
0.00
0.00
1.30
3.10
0.00
0.00
0.00
4.50
0.10
0.00
0.70
0.00
0.00
0.00
0.00
9.70
0.00
0.00
0.00
0.00
0.00
0.00
0.00
0.00
0.00
1.40
0.70
0.00
0.00
0.00
0.00
0.00
0.00
0.00
0.20
3.00
49.50
37.30
5.70
7.80
0.10
1.30
0.40
0.00
0.00
3.80
11.60
2.70
1.60
0.10
0.00
0.00
0.00
0.00
0.00
0.00
0.00
0.00
0.00
0.00
0.00
0.00
0.00
0.00
0.00
0.00
0.00
0.00
0.00
0.00
0.10
0.00
0.00
0.10
0.00
3.50
0.10
0.00
0.20
0.10
0.00
0.00
2.10
11.20
0.50
0.00
0.00
0.00
0.00
0.00
0.00
0.00
0.00
0.00
0.00
0.00
0.00
0.00
2.80
0.00
0.00
0.00
0.00
0.20
0.50
0.00
0.00
0.00
0.00
0.00
0.00
0.00
0.00
0.00
0.10
0.00
0.00
0.00
0.00
0.00
0.00
0.00
0.00
8.80
0.00
0.00
0.00
8.70
0.10
0.00
0.00
0.10
0.00
0.00
16.80
0.00
0.00
2.60
0.00
0.20
0.00
0.00
0.00
0.00
4.20
0.80
0.00
0.00
0.00
0.00
0.00
0.00
0.00
0.00
0.00
0.00
0.00
0.00
0.00
0.00
0.00
0.00
0.00
16.60
0.10
0.50
0.00
0.00
0.90
0.00
0.00
0.00
4.10
81.20
0.10
0.00
2.20
60.00
0.10
5.10
38.80
0.10
0.00
0.00
0.00
0.00
0.00
0.00
0.00
0.00
0.10
0.00
0.00
0.00
0.00
0.00
27.20
1.40
54.40
13.90
0.20
0.00
0.00
0.00
0.00
0.00
0.00
0.00
0.00
0.00
0.00
0.00
0.00
0.00
0.00
0.00
0.00
9.20
2.20
0.00
0.00
0.00
0.00
0.10
3.90
0.10
0.00
4.20
0.00
0.00
0.00
0.00
10.60
0.00
0.30
0.50
0.10
0.80
0.10
0.00
0.00
0.00
0.00
0.00
2.50
0.00
7.80
10.50
0.10
0.00
0.00
0.00
0.00
0.00
0.00
0.00
0.20
0.00
0.00
0.00
0.00
0.00
0.00
0.00
0.20
6.60
1.00
0.00
2.70
6.40
12.30
3.90
0.00
0.00
0.00
0.00
0.00
0.00
1.00
0.10
0.00
0.00
0.00
0.00
0.00
0.00
0.00
0.00
0.00
0.00
0.00
0.00
0.00
0.10
0.10
0.00
0.10
0.00
0.00
0.00
0.00
0.00
0.00
0.00
0.00
3.20
13.90
45.00
2.80
0.90
0.00
0.00
0.00
0.00
0.00
0.00
0.00
0.00
0.10
0.00
0.00
0.00
0.10
1.00
0.30
0.00
0.90
0.10
0.00
1.10
0.20
0.00
0.00
0.00
0.00
0.00
0.70
0.00
0.00
3.10
2.80
10.50
0.30
0.00
0.00
0.00
0.00
0.00
0.00
39.30
1.50
15.20
10.10
7.20
0.10
0.00
0.00
0.00
0.00
0.00
0.00
0.00
0.00
0.00
0.00
0.20
1.60
0.00
0.20
0.00
0.00
0.00
0.00
0.00
0.00
0.00
0.00
0.00
0.00
0.00
0.00
0.00
0.00
0.00
0.00
0.00
0.00
0.00
0.00
0.00
4.70
0.40
0.00
0.00
0.00
0.00
9.20
0.10
0.00
0.00
4.90
7.70
0.00
0.00
0.00
0.40
0.10
0.00
0.00
0.00
0.00
0.00
10.50
0.00
0.00
0.00
0.00
0.00
0.00
0.00
0.00
0.00
0.00
0.00
0.00
0.00
0.50
0.00
0.50
3.30
0.00
0.00
0.50
7.10
0.10
0.00
21.80
0.50
0.00
4.30
0.00
0.00
1.20
0.00
0.00
0.00
0.00
0.00
0.00
0.00
0.00
0.00
0.00
0.00
0.00
0.00
0.00
0.00
0.00
0.00
0.00
0.00
0.00
0.50
0.00
0.00
0.00
0.00
0.00
0.00
0.00
3.50
2.20
0.20
0.00
0.00
12.10
0.00
13.30
0.00
0.00
0.00
0.00
0.00
0.20
44.90
0.50
1.40
0.00
0.00
0.00
0.00
0.00
0.00
0.00
0.00
0.00
0.00
0.00
0.00
0.00
0.00
0.00
0.00
0.10
0.00
0.00
0.00
0.00
0.00
0.00
0.00
0.00
0.00
0.00
0.00
2.90
0.00
0.00
0.00
0.00
0.00
0.00
0.00
0.00
0.00
0.00
0.00
0.00
0.00
0.00
0.00
0.00
0.00
0.00
0.00
0.00
0.00
0.00
19.70
0.00
0.00
0.00
0.00
0.00
4.20
0.00
0.00
0.00
0.00
0.00
0.00
0.00
0.10
0.00
0.00
0.00
0.00
0.00
0.00
0.00
0.00
0.00
0.00
0.00
0.00
0.00
0.00
0.00
0.00
24.10
0.80
0.00
1.30
37.40
63.70
0.20
0.00
13.20
28.60
0.00
0.00
0.00
0.00
0.00
0.10
37.50
20.80
47.60
2.00
0.00
0.00
0.00
0.10
0.00
0.50
2.00
42.10
6.40
0.10
0.10
9.80
0.10
53.00
3.00
0.00
0.00
0.10
0.20
0.00
0.00
0.60
0.10
0.00
0.00
0.00
0.00
0.00
0.00
0.00
0.00
0.10
0.10
0.10
0.00
0.00
0.00
0.00
0.00
0.00
0.00
0.00
0.00
0.00
0.00
0.00
0.10
0.00
0.00
0.00
0.00
0.00
0.00
0.00
0.00
7.30
0.00
0.10
0.00
0.00
0.00
0.00
0.00
0.00
0.00
0.00
0.20
0.00
0.00
5.50
7.80
0.00
0.10
0.00
0.00
0.00
0.00
0.10
0.00
0.00
0.10
3.20
0.30
0.00
0.00
1.10
2.80
0.00
0.00
0.00
0.00
0.00
0.00
0.00
0.00
0.00
0.00
0.00
0.00
0.00
0.00
0.00
0.00
0.80
0.00
0.00
0.00
0.00
0.00
0.00
0.00
0.00
0.00
0.00
0.00
0.00
5.10
0.10
0.00
0.00
0.00
0.00
0.00
0.00
0.00
0.00
0.00
0.00
0.00
0.00
0.00
0.00
0.00
1.00
8.30
30.30
0.10
0.10
0.00
0.00
0.00
0.00
0.00
0.00
0.00
0.00
0.00
9.70
13.60
0.00
0.00
0.00
0.00
0.00
1.80
0.00
0.90
0.10
8.50
0.40
0.00
0.00
5.20
1.40
0.10
0.40
0.00
0.00
2.30
0.00
0.00
0.00
7.50
0.00
0.00
0.00
0.00
0.00
0.00
0.00
1.50
0.00
0.00
0.00
0.00
0.00
0.00
10.00
0.20
0.00
0.00
0.00
0.00
0.00
30.70
4.60
1.00
0.10
0.00
0.00
0.00
0.00
2.40
0.00
0.00
0.00
0.00
0.00
3.40
0.80
0.00
0.00
0.00
0.00
0.00
1.10
0.00
1.90
0.00
0.00
0.00
0.00
0.00
0.00
0.00
0.00
0.00
0.00
0.00
0.00
0.00
0.00
0.00
0.00
0.00
0.00
3.50
0.00
0.00
0.00
11.50
0.10
0.00
0.00
0.00
0.00
0.00
0.00
0.00
0.00
0.00
0.00
0.00
0.00
0.00
0.00
0.00
0.00
0.00
0.00
0.00
0.00
0.00
0.00
0.00
0.00
0.00
0.00
0.00
0.00
0.00
0.10
0.40
0.00
0.00
0.00
0.00
0.00
0.00
0.00
0.00
0.00
0.00
0.00
0.00
0.00
0.00
0.00
0.00
0.00
0.00
0.00
0.00
0.00
0.00
0.00
7.10
0.00
0.00
0.00
0.40
0.00
0.00
0.00
0.00
0.00
0.30
0.10
0.00
24.40
0.10
0.00
0.00
0.00
0.00
6.80
8.60
0.00
0.00
0.00
0.00
0.00
0.00
0.00
0.00
0.00
31.70
0.00
0.00
0.00
0.00
0.00
0.00
0.00
0.00
0.00
0.00
0.00
7.00
0.90
0.00
0.20
0.00
0.00
0.00
0.60
1.40
3.40
15.30
0.00
0.00
0.00
10.00
8.40
4.60
0.00
0.00
25.70
48.40
0.00
0.00
0.00
0.10
0.00
1.40
0.00
0.00
0.80
0.10
0.00
0.00
0.00
0.00
0.00
0.00
1.20
28.20
0.00
0.10
0.10
0.00
0.10
0.00
0.00
9.30
13.60
6.90
0.00
0.00
0.00
0.00
0.00
0.00
0.00
0.00
0.00
0.00
0.00
0.00
0.00
0.00
2.60
0.00
0.00
0.00
0.00
0.00
0.00
0.00
0.00
0.00
0.00
0.10
0.00
0.40
0.10
0.00
0.00
0.00
0.00
1.30
0.10
0.00
0.00
0.00
0.00
0.00
0.10
0.10
0.00
0.00
0.00
0.80
0.00
0.00
0.00
0.00
0.00
1.30
0.00
0.30
0.00
0.10
0.00
0.00
0.00
1.70
1.20
0.00
0.00
0.00
0.00
6.60
0.00
0.00
0.00
0.10
0.00
0.00
0.00
0.00
0.00
0.00
0.00
0.00
0.00
0.00
0.00
0.40
0.00
0.00
3.80
6.10
0.70
0.00
0.00
0.00
0.70
13.80
28.20
0.00
0.00
0.50
39.10
5.40
0.00
0.00
0.00
0.00
0.00
10.20
0.50
0.00
0.00
0.00
0.00
1.30
0.00
5.20
0.00
0.00
0.00
0.00
0.00
1.30
0.50
0.30
0.00
6.00
0.10
21.50
3.00
0.10
0.70
3.10
2.00
0.00
0.00
0.00
0.00
0.00
0.00
0.00
0.00
0.00
0.00
0.00
0.00
3.30
0.00
0.00
0.00
0.00
0.00
18.00
0.20
18.20
3.30
3.80
0.40
0.00
0.00
0.00
0.00
0.00
0.00
0.00
0.30
0.40
0.30
0.00
0.00
0.00
0.00
0.20
1.40
2.70
7.60
0.80
0.10
0.00
0.00
0.40
8.80
11.40
0.10
0.50
6.90
11.10
0.20
0.50
0.00
0.00
0.00
0.00
0.00
0.00
0.00
14.80
5.20
0.00
0.00
0.00
0.00
0.00
0.00
0.00
0.00
0.00
0.30
0.00
0.60
0.10
0.50
0.00
0.00
0.00
0.00
0.00
0.00
0.00
0.00
0.00
0.00
0.00
0.00
0.00
0.00
0.00
0.00
0.00
0.00
0.00
0.00
0.00
0.00
0.00
0.00
0.10
0.00
0.20
0.00
0.00
0.00
0.00
0.00
0.00
0.00
0.00
3.20
0.00
0.00
0.00
0.00
0.00
0.00
0.00
0.00
0.00
6.50
0.00
0.00
0.00
0.00
0.00
0.00
0.00
0.00
0.00
0.00
0.00
0.00
0.00
0.00
0.00
0.20
0.00
0.10
14.70
5.40
0.10
0.00
0.00
0.00
0.00
0.00
0.00
0.00
0.00
2.50
2.30
0.00
10.80
2.40
0.00
0.00
0.00
2.10
0.00
0.00
0.00
0.00
0.00
0.00
0.00
0.00
0.00
0.00
0.00
0.00
0.00
7.70
0.00
0.00
0.00
0.80
12.40
0.50
3.80
0.00
0.00
0.00
3.70
0.20
0.00
0.00
0.00
0.00
0.00
0.00
0.00
0.00
0.00
0.00
0.00
0.00
0.00
0.00
0.00
0.00
0.10
1.00
0.00
0.00
0.00
0.00
0.00
0.00
0.00
0.00
0.10
0.00
0.00
0.00
0.00
0.00
0.00
0.00
0.00
3.50
45.70
39.90
9.30
0.00
0.00
0.00
0.00
0.00
0.00
0.00
0.30
0.00
0.00
0.60
0.00
0.00
0.00
0.00
0.00
0.10
0.00
0.00
0.00
0.00
0.00
0.00
0.10
0.00
0.00
0.00
0.00
0.00
8.30
0.50
0.00
0.00
0.00
0.00
0.20
0.00
0.00
0.00
1.00
0.10
0.10
0.00
0.00
0.00
5.00
0.00
0.00
0.00
0.00
0.00
0.00
0.00
0.10
2.50
0.10
0.00
0.00
0.00
0.40
14.60
17.50
0.10
4.90
0.00
0.00
0.00
0.10
11.30
0.20
0.70
9.70
0.00
5.40
2.00
0.00
0.00
0.00
0.00
0.00
0.00
4.70
12.90
0.10
0.00
0.00
0.00
0.00
4.80
0.20
0.00
0.00
0.00
0.30
0.00
0.00
0.00
0.00
4.70
0.10
0.40
0.00
0.00
8.20
0.00
0.40
0.00
0.00
0.00
0.00
0.00
0.00
0.00
0.00
0.00
0.00
0.00
0.00
0.00
0.00
0.00
0.00
10.00
1.10
0.10
3.00
4.50
0.00
0.00
0.00
2.80
0.00
0.00
0.00
13.20
3.20
0.00
0.00
0.00
0.00
0.00
0.00
0.70
0.00
0.00
0.00
0.00
0.00
0.00
0.00
0.00
1.00
1.80
0.80
0.00
0.10
5.70
4.00
2.90
0.00
0.00
0.00
1.00
1.80
0.10
0.00
0.00
0.00
0.00
0.00
0.00
0.00
0.00
0.10
1.60
0.10
0.00
0.00
0.00
0.00
0.00
2.50
1.40
0.00
0.00
0.00
0.00
29.20
21.80
3.10
0.30
0.50
0.10
0.00
0.10
0.00
0.00
0.00
0.00
0.00
0.00
0.00
0.00
0.00
0.00
0.00
1.80
0.10
0.00
4.00
4.00
0.10
0.00
0.00
0.00
0.00
2.30
0.60
1.40
0.00
0.00
8.00
0.00
0.80
0.00
0.00
0.00
0.00
0.00
16.70
0.00
5.70
0.10
0.00
0.70
0.30
0.00
0.00
0.00
0.00
0.00
0.00
8.90
0.00
0.00
0.00
0.00
1.00
0.00
0.00
36.40
3.00
0.00
0.00
0.00
3.00
0.00
0.10
0.00
0.10
0.00
0.00
0.00
0.00
0.00
0.00
0.40
0.00
0.30
0.10
0.00
0.00
0.00
0.00
3.40
57.80
0.30
0.00
0.00
0.00
0.00
0.00
0.10
0.30
0.00
0.00
0.00
0.00
0.00
0.70
0.00
0.00
0.00
0.20
0.00
0.00
0.00
0.00
1.80
0.10
52.80
6.90
0.10
0.00
0.00
0.00
0.00
0.00
0.00
0.00
0.00
0.00
21.00
6.40
0.10
0.00
0.00
0.00
0.00
10.50
0.00
0.00
0.00
0.00
0.00
0.00
0.00
0.00
0.00
0.00
0.00
0.00
0.00
0.10
0.10
0.10
0.00
0.00
0.00
0.00
0.00
0.00
0.00
0.00
0.10
0.00
0.00
0.00
1.10
16.10
0.30
0.00
0.00
0.00
0.70
0.40
6.60
0.10
0.00
0.60
0.10
0.00
0.00
0.00
0.00
0.00
0.00
0.00
0.00
1.10
0.10
3.80
5.70
0.10
40.80
25.30
0.30
0.20
0.20
10.60
0.00
0.00
0.80
2.10
0.00
0.00
0.00
0.00
0.00
10.10
28.80
0.10
0.30
0.00
0.00
0.00
0.00
0.20
0.20
0.20
0.00
0.00
0.00
0.60
0.00
0.00
0.00
0.00
0.00
0.00
0.00
0.00
0.00
0.10
0.00
0.00
0.00
0.00
0.00
0.00
0.00
0.00
0.30
0.00
1.40
24.80
0.00
0.00
0.00
0.00
0.00
0.00
0.00
0.00
0.00
0.00
0.00
5.80
0.10
0.00
1.20
0.70
0.00
0.00
1.80
0.10
0.00
0.00
0.00
0.00
0.00
0.00
0.90
0.00
0.00
0.00
0.00
0.00
1.10
0.00
13.50
0.10
0.00
1.80
1.50
0.00
0.00
0.00
0.00
2.50
0.00
0.00
0.00
0.00
0.00
0.00
0.00
0.00
0.00
8.10
0.60
14.70
0.60
0.00
0.00
0.00
20.50
0.90
0.70
20.20
0.70
0.00
0.00
0.00
0.00
0.00
0.00
0.00
0.00
0.00
0.00
0.00
0.00
0.00
0.00
0.00
0.00
0.00
0.00
0.00
0.00
0.00
0.20
0.00
0.00
21.40
1.40
0.00
0.00
0.00
0.00
0.00
0.20
8.80
0.00
3.20
0.10
0.00
0.00
0.00
0.00
0.00
0.00
0.00
0.00
0.00
0.00
0.10
0.00
0.00
0.00
0.20
0.00
0.00
0.00
6.40
3.40
0.10
0.00
0.00
0.00
0.00
0.00
0.00
0.00
0.00
0.00
0.00
0.00
0.00
0.00
0.00
0.00
0.00
0.00
0.00
2.50
0.00
0.00
1.10
0.00
0.00
0.00
0.10
0.00
0.00
0.00
0.00
0.00
0.10
0.00
0.00
0.00
0.00
0.00
0.00
0.00
0.00
0.00
0.00
0.00
0.00
0.00
0.00
0.00
0.00
0.00
0.00
0.00
0.00
0.00
0.00
0.00
0.00
0.00
0.00
0.00
0.00
0.00
7.50
0.00
0.00
0.00
0.00
0.00
0.00
0.00
0.00
1.30
14.20
0.00
0.00
0.00
0.00
0.00
0.00
5.90
5.70
0.10
0.00
0.00
0.00
6.30
5.90
0.00
0.00
6.60
0.00
0.00
0.00
0.50
0.00
0.00
0.00
0.00
0.00
0.00
0.00
0.10
0.00
0.00
0.50
21.20
2.10
0.00
0.00
0.00
0.00
0.00
4.20
0.20
0.00
0.00
0.00
0.00
0.00
0.00
0.00
0.00
0.00
0.00
0.00
0.10
0.00
0.00
0.00
0.00
0.00
9.50
20.90
1.20
0.10
8.90
0.00
0.00
0.00
0.20
0.00
0.00
0.00
0.00
0.10
3.50
2.30
0.00
0.00
0.00
0.00
0.00
0.00
0.00
0.00
0.00
0.00
0.00
6.10
0.00
0.00
0.00
0.00
0.20
0.00
20.20
9.40
0.20
0.00
0.10
0.00
0.00
0.10
0.10
0.00
0.20
0.00
0.10
0.00
0.00
0.00
0.00
0.00
0.00
2.00
0.00
0.00
0.00
0.00
0.00
0.00
0.00
0.00
0.00
0.00
0.00
0.20
0.10
0.10
0.10
7.20
0.00
0.20
0.00
0.10
0.10
0.00
0.10
0.00
0.00
0.00
0.20
0.00
0.00
0.00
0.00
0.00
0.00
0.10
0.10
0.10
0.00
0.00
0.00
0.00
0.00
0.00
0.00
2.50
6.90
0.10
0.00
0.00
0.00
0.00
0.00
0.00
0.00
0.00
0.40
0.00
0.00
0.00
0.00
0.00
0.00
0.00
0.00
0.00
0.00
0.00
0.00
0.00
0.00
0.00
0.00
0.00
0.00
0.00
0.00
0.00
0.00
2.60
0.10
0.00
0.00
0.00
0.00
5.00
1.00
0.00
0.00
0.00
0.00
0.00
0.00
0.00
0.50
0.00
0.00
0.00
5.70
12.10
2.80
0.10
0.00
1.60
0.00
0.00
0.30
0.00
0.40
0.10
0.00
0.00
0.00
0.00
0.00
0.00
7.10
1.40
7.00
4.30
0.00
0.00
0.00
0.00
0.00
0.00
0.00
0.00
0.00
0.00
0.00
0.00
0.00
3.10
0.00
0.00
0.10
25.70
0.00
0.00
3.60
0.00
0.00
0.00
0.00
0.00
0.00
0.00
0.00
0.00
0.00
0.00
0.40
25.60
0.90
5.50
0.20
0.00
0.00
1.60
3.00
0.00
5.50
0.00
0.00
0.00
0.00
0.00
0.00
0.00
8.40
7.30
3.60
0.00
0.80
16.10
0.10
0.00
0.00
0.00
1.60
0.10
0.00
0.00
25.00
0.00
0.00
0.00
0.00
0.00
0.10
1.20
8.40
0.70
4.20
0.00
0.00
0.20
0.10
0.00
0.00
0.00
0.00
0.00
0.80
0.00
0.00
0.30
0.10
0.00
0.00
2.40
0.00
0.00
0.00
0.00
0.00
0.00
0.00
0.00
0.00
0.00
0.00
0.00
0.00
0.00
0.00
0.00
0.00
0.00
0.00
0.00
0.00
0.00
0.00
0.00
0.00
0.00
0.00
0.00
0.00
0.00
0.00
0.00
0.20
0.00
0.00
0.00
0.00
0.00
0.00
0.00
0.00
0.00
0.00
0.00
0.00
0.00
0.00
0.90
0.00
0.00
0.00
3.90
0.00
0.00
0.00
0.00
0.00
0.00
0.00
2.90
0.00
0.00
0.00
0.00
0.00
0.00
0.00
0.00
0.00
0.00
0.00
0.00
0.80
0.00
0.00
0.00
0.00
0.00
0.00
0.00
0.00
0.00
0.00
2.00
0.00
0.00
0.00
44.70
0.10
0.00
10.00
0.10
0.00
0.90
0.20
0.00
0.00
2.30
9.00
0.00
0.00
0.00
0.00
0.00
0.00
0.00
0.00
0.00
0.00
17.40
0.10
0.00
0.00
0.00
0.00
37.80
26.90
4.70
0.10
0.10
0.00
0.00
0.00
0.00
0.00
4.00
0.00
0.70
1.50
0.10
0.00
0.00
0.10
0.20
0.00
0.00
0.00
0.00
0.00
0.40
3.00
0.00
0.00
0.00
0.00
0.00
0.00
0.10
0.00
0.00
0.00
0.00
0.00
0.00
0.00
7.70
8.30
10.20
0.00
0.00
0.10
0.00
0.20
1.80
0.00
0.00
0.00
0.20
4.90
0.00
0.00
0.00
0.00
0.10
0.10
0.20
0.00
0.00
0.00
0.00
3.50
0.00
0.00
8.00
3.70
0.00
0.00
0.00
0.00
0.00
0.00
0.10
0.00
0.00
0.00
0.10
0.10
0.00
0.00
0.00
0.00
0.00
0.00
0.00
0.00
0.00
0.00
0.00
0.70
0.00
0.00
0.50
0.00
0.00
0.30
19.00
8.80
56.60
10.10
0.00
0.00
0.30
7.40
5.70
0.00
0.00
0.00
0.00
0.00
0.00
0.00
0.00
0.00
2.60
1.20
0.00
0.00
0.10
0.00
13.20
13.40
1.10
0.00
0.10
0.00
0.00
0.10
0.00
0.00
0.00
7.80
0.00
0.00
0.00
0.00
0.00
0.00
2.50
5.20
0.00
0.00
0.10
0.00
0.00
0.00
0.00
0.00
0.00
0.00
0.00
0.00
0.00
0.00
0.00
0.00
1.60
0.00
0.00
12.00
5.80
0.00
0.00
0.10
0.00
0.00
0.00
0.80
0.00
0.00
0.00
0.40
0.00
0.00
0.00
0.00
0.00
0.00
0.00
0.00
0.00
3.20
0.00
0.00
0.00
0.00
0.00
0.00
0.00
0.00
0.00
0.10
1.30
2.90
0.00
0.00
2.30
0.10
2.30
2.40
0.10
0.00
0.00
0.00
0.00
0.00
0.00
1.10
0.00
0.00
0.00
0.00
0.00
0.00
3.00
1.00
0.00
0.00
0.00
0.00
0.00
0.00
0.00
0.00
0.00
0.00
0.20
0.00
0.00
0.20
0.20
0.00
0.00
0.00
0.00
0.00
0.00
0.00
0.00
0.00
0.00
0.00
0.00
0.00
0.00
0.00
0.00
0.00
0.00
0.00
0.00
0.00
0.60
0.00
0.00
1.10
0.10
31.40
0.40
0.10
0.00
0.00
0.00
0.00
0.00
0.10
0.00
0.00
0.00
0.00
0.00
0.00
0.00
0.00
0.00
0.00
0.00
0.70
0.00
0.00
0.70
0.00
10.10
0.10
0.00
0.00
0.00
0.00
0.00
0.40
0.00
0.00
0.00
0.00
0.00
0.00
0.00
0.00
10.00
0.40
0.00
0.00
0.00
0.00
0.00
0.00
0.00
0.20
0.00
0.00
0.00
0.00
0.30
0.00
0.00
0.00
0.00
0.00
0.00
6.60
0.00
0.50
0.00
0.30
0.00
5.10
7.70
0.00
13.90
0.10
0.00
0.30
0.00
1.80
10.60
1.30
0.00
4.80
0.00
0.00
0.00
0.00
0.00
0.00
1.60
0.00
0.00
0.00
0.00
1.70
1.30
0.20
0.00
0.00
0.00
0.00
0.00
0.00
4.60
0.00
0.00
0.00
0.10
0.10
0.00
0.00
0.00
14.30
41.50
0.20
0.20
1.40
0.10
0.00
0.00
0.10
0.00
0.00
0.00
0.00
0.00
0.00
0.00
0.00
64.20
4.10
0.00
0.00
0.00
0.00
0.00
0.00
0.00
0.00
0.00
0.00
0.00
0.00
0.00
0.00
0.00
0.00
0.00
0.00
0.10
0.70
0.10
0.00
0.00
0.00
0.00
0.30
0.00
0.00
0.00
0.00
0.00
0.00
0.00
4.10
0.10
0.40
0.10
0.00
0.00
0.10
0.00
0.00
4.00
0.10
0.00
0.00
0.00
0.00
0.00
0.00
0.00
0.00
0.00
0.00
0.00
0.00
0.00
0.00
0.00
0.00
0.00
0.00
9.00
0.20
0.10
0.00
0.00
0.00
1.00
6.50
0.10
0.00
0.00
0.00
0.00
0.00
0.10
0.00
0.00
0.10
0.00
7.20
0.20
0.00
0.00
0.10
0.00
1.50
0.00
0.00
23.00
14.90
7.90
0.00
0.20
0.00
0.00
0.00
3.80
0.00
0.00
0.00
0.00
2.30
0.00
0.00
0.70
0.10
0.00
0.00
0.00
0.00
0.30
0.00
9.90
0.70
0.00
0.00
3.10
1.50
0.00
0.00
0.00
0.00
0.00
0.00
0.00
3.30
0.00
0.10
0.00
0.00
0.40
1.80
0.90
0.00
0.00
0.00
24.40
1.50
0.00
0.00
0.00
0.00
0.00
0.70
0.00
0.00
0.00
0.00
0.00
0.00
0.00
22.10
1.60
20.70
29.30
0.00
30.70
5.90
0.00
0.00
0.00
0.00
0.00
0.00
0.00
0.00
0.00
0.00
0.00
0.00
0.00
0.00
7.90
0.00
0.00
0.00
0.00
0.40
0.10
6.00
0.00
0.10
0.90
0.80
0.00
8.30
28.00
1.20
0.00
0.00
0.10
0.00
0.00
0.00
0.00
7.40
0.00
0.00
0.00
1.10
0.00
0.70
0.00
0.00
0.00
0.00
0.00
15.30
0.10
0.00
2.80
13.60
0.10
0.00
6.80
0.10
3.10
0.00
0.00
0.00
0.00
0.00
0.00
0.00
0.00
0.00
0.00
0.00
0.00
0.00
0.00
0.00
5.70
0.10
0.00
0.00
0.00
0.00
0.00
0.30
0.00
1.30
0.00
0.00
0.00
0.00
0.00
0.00
0.00
0.00
19.40
0.00
0.00
0.00
0.00
0.00
1.60
0.00
0.00
0.00
0.00
0.00
0.00
0.00
0.00
0.00
0.00
0.00
0.00
0.00
0.00
0.00
0.50
0.70
2.90
0.00
0.00
0.00
0.00
0.00
0.00
0.00
0.00
0.10
0.00
0.00
0.00
0.00
0.00
1.20
0.00
0.00
0.00
0.00
0.60
0.00
12.50
0.20
0.00
0.00
0.00
0.00
2.20
0.00
0.00
0.00
0.00
0.00
0.00
0.00
0.00
0.00
0.40
0.00
0.60
0.10
0.00
0.00
0.00
0.00
0.00
0.00
0.00
0.00
0.00
0.00
0.00
0.00
0.00
0.00
0.00
0.00
0.20
9.80
3.20
27.00
57.70
0.20
0.00
0.20
11.20
11.70
7.40
0.10
6.00
0.00
3.80
0.20
0.00
0.10
0.00
0.00
0.20
22.30
10.70
0.00
1.80
48.10
1.70
0.00
0.00
0.00
3.80
5.80
0.00
0.00
6.80
0.00
0.00
0.00
0.00
36.60
13.90
20.20
8.20
38.10
0.00
5.60
0.20
0.10
0.60
0.30
0.10
5.60
0.00
0.10
0.00
1.50
0.30
0.10
0.00
0.10
0.20
0.10
0.10
0.10
0.10
0.00
0.10
0.20
7.10
0.80
0.00
1.30
0.10
0.00
0.00
0.00
0.20
0.00
0.00
0.10
0.00
0.00
0.00
0.20
0.10
0.30
0.00
0.00
0.20
0.00
0.00
0.00
0.00
0.00
0.00
0.00
0.00
0.00
0.00
0.00
0.00
0.20
0.10
0.70
1.50
0.10
6.30
0.00
0.00
0.00
0.00
0.00
0.00
1.60
0.30
0.30
0.10
0.00
0.00
0.00
0.00
0.00
0.00
0.00
0.00
0.00
0.10
0.00
0.00
0.00
0.00
0.10
0.10
0.10
0.00
0.10
0.00
0.00
0.00
0.10
0.00
0.00
0.00
0.00
0.00
0.00
0.00
0.00
0.00
0.00
0.00
0.50
0.00
0.00
0.00
0.00
0.10
0.00
4.10
0.10
0.00
0.00
0.00
0.00
0.00
0.00
0.00
0.00
0.00
0.00
0.00
0.00
0.00
0.00
0.00
0.00
0.00
0.00
3.50
8.50
0.00
2.50
0.20
0.00
0.30
3.70
1.10
0.20
0.00
0.00
0.00
0.00
0.30
0.00
0.00
0.00
0.10
0.30
5.00
7.20
0.00
0.00
0.00
0.00
0.00
0.00
0.00
0.00
1.10
6.80
0.50
0.00
0.00
0.00
2.30
0.00
0.00
1.70
0.00
0.00
0.00
0.00
0.00
1.80
10.90
4.30
0.00
0.00
0.00
0.00
6.00
1.40
0.00
0.00
0.20
0.00
0.00
0.00
0.00
0.00
0.00
0.00
0.00
0.00
0.00
0.00
0.00
0.00
17.30
0.10
0.00
0.00
0.00
0.00
0.00
0.00
0.00
0.00
0.00
0.00
0.00
0.00
0.00
0.00
0.00
0.00
0.00
0.00
0.00
0.00
0.00
0.00
0.00
0.00
0.00
0.20
9.20
0.00
0.00
0.00
0.00
1.90
0.00
0.00
0.40
0.00
0.00
0.00
0.00
0.00
0.00
0.00
0.00
0.00
24.50
0.00
0.00
0.00
0.00
0.00
0.00
0.00
0.00
0.00
0.00
0.00
0.00
0.00
0.00
0.00
0.60
0.00
0.00
0.00
0.00
0.00
0.00
0.00
0.00
0.00
0.00
0.00
0.00
0.00
0.00
2.30
0.00
0.00
0.00
0.00
1.20
1.70
0.00
0.00
2.00
0.00
0.00
0.00
3.60
8.40
4.80
0.00
0.70
1.20
0.00
0.00
0.00
0.00
0.00
0.00
93.40
1.40
0.00
0.00
0.00
0.00
0.00
0.00
0.00
0.00
0.00
0.00
0.00
0.00
0.00
0.00
0.00
0.00
0.90
0.00
0.00
0.00
0.00
1.70
18.10
0.00
0.00
0.00
0.00
0.40
6.00
58.20
38.10
0.10
0.10
0.00
0.20
0.30
0.10
0.10
0.40
0.60
0.00
3.80
0.40
2.40
0.00
0.40
0.00
0.00
0.90
0.00
0.00
0.00
10.20
0.10
0.10
0.20
0.00
0.00
0.00
0.10
24.10
3.20
0.00
0.20
0.00
0.00
0.00
0.00
0.00
0.00
0.00
0.00
21.20
39.50
0.00
0.30
0.10
0.10
0.00
1.10
0.10
0.00
0.20
0.00
0.00
0.00
0.10
0.10
3.10
0.00
0.00
0.00
0.00
0.00
0.10
0.00
0.00
0.00
0.10
0.00
0.00
0.10
0.10
0.10
0.10
0.00
0.20
0.00
0.10
6.10
0.00
0.10
0.00
0.10
0.00
0.00
0.00
0.00
0.00
56.30
19.40
15.80
15.20
0.30
0.00
0.10
0.20
0.00
0.20
0.00
0.10
0.00
0.10
0.00
0.00
0.00
0.00
0.00
0.00
0.00
0.00
0.00
1.10
0.00
0.10
0.00
0.00
0.00
0.00
0.00
0.00
0.20
0.10
0.20
0.00
0.10
0.00
0.30
0.00
0.00
0.00
1.70
0.00
0.00
0.00
3.70
0.00
0.00
1.70
0.00
0.00
0.00
0.00
0.00
0.00
11.10
0.00
0.00
0.10
0.10
0.40
4.50
8.50
0.00
0.00
5.30
0.20
0.10
0.00
0.90
7.50
22.20
1.00
0.00
0.10
0.00
0.00
0.10
0.00
0.00
0.00
0.00
0.00
42.30
0.10
0.60
0.00
0.00
9.70
17.90
12.80
88.30
23.60
0.40
0.10
0.00
0.10
0.00
0.40
0.00
0.00
0.00
0.00
0.00
0.00
0.00
0.00
0.00
0.00
1.80
4.30
0.00
0.00
1.20
4.00
0.10
0.00
0.00
0.00
0.00
0.00
0.00
0.00
0.00
0.00
0.00
0.00
0.00
0.00
0.00
0.00
0.00
4.20
0.10
7.90
13.10
0.10
0.00
1.00
4.00
2.80
1.10
3.90
0.00
1.70
2.20
0.10
2.00
0.30
5.40
0.00
0.00
0.00
0.00
0.00
0.00
0.00
0.00
0.00
0.00
0.00
0.00
0.00
1.30
17.40
0.00
0.00
0.00
0.00
0.00
0.00
0.00
0.00
0.10
0.50
1.00
2.20
0.00
0.00
0.00
0.00
0.00
0.00
0.00
0.00
0.70
0.00
0.00
0.00
0.00
0.00
0.00
0.00
0.00
0.00
3.90
3.00
0.00
0.00
0.00
0.00
0.00
0.00
0.00
0.00
0.00
0.00
0.00
0.00
0.00
0.00
0.00
0.00
0.00
0.00
0.00
0.00
0.00
0.00
0.00
0.70
17.90
32.40
0.00
0.00
0.00
0.00
0.00
0.00
1.90
5.20
2.30
0.10
0.20
0.00
0.00
0.00
0.00
0.00
0.00
0.00
0.10
0.00
0.00
0.90
0.10
0.10
0.00
0.00
0.60
0.50
0.00
0.00
0.00
0.10
7.20
0.10
0.00
0.00
0.00
0.00
0.00
0.10
6.90
0.00
0.00
52.90
18.10
0.20
0.00
0.00
0.10
0.20
0.00
0.00
0.60
0.30
0.00
0.00
1.20
0.10
0.00
0.00
0.10
0.20
0.00
0.10
0.00
0.00
0.00
0.00
3.70
0.20
0.20
0.10
0.30
0.00
0.10
0.10
0.00
0.00
0.00
0.00
0.00
0.00
0.00
0.00
0.10
0.10
10.90
13.80
8.90
31.70
0.00
0.10
0.00
0.00
0.00
0.00
0.00
0.00
0.10
0.00
0.10
1.10
2.80
0.00
0.00
0.10
0.00
0.20
0.10
0.00
3.10
0.40
0.10
0.10
0.10
0.00
0.00
0.00
0.00
0.20
0.00
0.00
0.00
0.00
0.00
0.00
0.00
0.00
0.00
0.00
0.00
24.70
0.50
0.00
0.10
0.00
0.00
0.00
0.00
0.00
0.00
0.10
0.00
0.00
1.50
0.00
0.00
0.10
0.00
0.00
0.00
0.00
5.00
0.10
0.00
0.00
0.00
0.10
0.00
0.00
10.90
1.90
0.20
0.00
0.10
0.40
0.30
0.00
0.00
0.00
0.00
0.00
0.00
0.00
0.00
2.40
2.40
0.10
0.10
0.00
0.10
0.00
0.00
0.00
0.00
0.00
0.40
0.10
0.00
0.20
0.00
0.00
0.00
1.20
0.00
0.00
