20000101
0.00
0.00
0.00
0.20
0.00
0.20
0.00
0.00
1.80
0.00
0.00
0.20
0.00
0.40
0.00
0.00
0.00
0.20
0.00
0.00
0.20
0.00
0.00
0.00
0.00
0.00
0.00
0.00
0.20
0.00
0.00
0.00
0.00
0.00
0.00
0.00
0.00
0.00
0.00
0.00
0.00
0.00
0.00
0.00
0.00
0.00
0.00
0.00
0.00
0.00
0.00
0.00
0.00
0.00
0.00
0.00
0.00
0.00
0.00
0.00
0.20
0.00
0.00
0.00
0.00
0.00
0.00
0.00
0.00
0.00
0.00
0.00
0.00
0.20
0.00
0.00
0.00
0.00
0.00
0.40
0.00
0.20
5.40
0.20
0.20
0.80
0.40
4.00
0.00
7.00
11.80
0.00
0.20
7.80
0.00
0.00
0.00
0.00
0.00
0.40
20.30
27.60
0.00
0.00
4.40
0.20
6.40
0.00
0.20
0.00
0.00
0.00
0.00
0.80
0.00
0.00
0.00
1.20
2.00
0.00
0.00
0.00
0.00
0.00
0.40
0.40
0.00
0.00
0.00
0.60
26.50
4.10
0.20
0.00
0.00
0.00
0.00
13.50
0.00
0.00
0.00
9.70
15.40
0.00
0.20
1.40
4.90
1.40
0.20
0.00
0.00
0.00
0.00
0.00
0.00
0.00
17.10
0.00
0.00
0.00
0.00
139.20
0.20
0.00
0.20
1.20
0.20
0.00
0.00
0.00
0.00
0.00
0.00
0.00
0.00
0.00
0.00
0.00
0.00
0.00
0.00
0.00
0.00
0.00
0.00
0.00
0.00
0.00
0.00
0.00
0.00
0.00
0.00
0.00
0.00
0.00
0.00
0.00
0.00
0.00
0.00
0.00
0.00
0.00
3.00
0.00
0.00
0.20
0.00
0.00
0.00
0.00
0.00
0.00
0.00
2.60
3.30
0.00
0.00
0.00
0.00
0.00
0.00
4.10
2.60
0.00
0.00
0.00
0.00
0.00
0.00
0.00
0.00
0.00
0.00
0.00
0.00
0.00
0.00
0.00
0.00
0.00
9.10
0.80
0.00
0.00
0.00
9.00
0.00
0.20
0.00
0.00
0.00
0.00
0.00
0.00
0.00
0.20
0.20
0.00
0.00
0.80
7.90
1.20
0.00
0.00
0.00
0.00
0.00
0.20
1.00
12.20
4.30
0.00
6.70
0.20
0.00
0.00
0.00
0.00
0.00
0.00
0.00
0.20
0.40
0.40
13.10
0.20
3.40
0.00
0.00
0.00
0.00
0.20
3.70
9.50
3.00
0.00
0.00
0.20
0.00
0.20
0.20
0.20
1.40
0.00
2.40
0.40
0.00
1.00
4.50
0.00
0.00
0.00
0.00
0.00
0.00
4.80
0.00
0.00
0.00
0.00
0.00
0.00
0.00
0.00
0.40
10.80
0.00
0.00
0.00
0.20
0.40
8.40
0.20
0.00
0.20
0.00
0.20
0.00
3.40
5.00
0.00
0.00
0.00
0.00
0.00
0.00
0.00
0.00
0.00
0.00
0.00
0.20
0.00
3.60
19.80
22.90
35.90
0.00
0.00
0.00
1.20
0.00
0.20
0.00
0.00
0.00
0.00
0.60
0.00
0.00
0.00
0.00
0.00
0.00
0.80
0.40
0.40
17.20
14.40
0.40
0.20
0.20
0.20
0.00
0.00
0.20
0.00
0.00
0.00
0.00
0.20
5.90
0.00
0.00
0.00
0.00
0.00
0.00
0.00
0.00
0.00
0.00
0.00
0.00
0.00
0.00
0.00
7.20
30.00
0.00
0.00
0.00
0.00
0.00
0.00
0.00
0.00
0.00
0.00
0.00
0.00
0.00
0.00
0.20
8.90
0.40
0.00
3.20
0.00
11.50
7.30
0.00
0.20
0.00
2.90
0.00
0.00
0.00
0.20
0.00
0.00
0.00
0.00
0.00
0.00
0.00
0.00
0.00
0.00
0.00
0.40
4.90
0.00
0.00
0.00
0.00
0.00
0.00
0.00
0.00
0.60
0.00
0.00
0.00
0.00
0.00
0.00
0.00
0.00
0.00
0.20
0.00
0.00
0.60
0.20
0.00
0.00
0.00
0.00
0.00
11.20
0.00
0.00
11.80
9.00
1.00
5.70
8.50
0.40
0.00
0.00
0.00
0.40
0.60
0.00
0.00
0.00
0.00
0.00
0.00
3.00
3.90
0.00
0.00
0.00
0.00
1.20
3.40
0.20
0.00
0.00
0.00
0.00
0.00
0.00
0.00
0.00
0.00
0.00
0.00
0.00
0.00
0.00
0.00
1.80
0.00
0.00
0.00
0.00
0.60
0.00
0.00
0.00
0.00
0.00
0.00
0.00
0.00
0.00
0.00
0.00
0.00
0.00
0.00
0.00
0.00
0.00
1.40
0.40
0.20
2.90
0.00
0.00
7.50
0.00
0.00
0.00
0.00
0.20
1.60
0.00
0.00
0.00
19.60
0.00
0.00
0.00
0.00
0.00
0.00
0.00
0.00
0.00
0.00
0.00
0.00
0.00
0.00
0.00
0.00
0.00
0.00
0.00
0.00
0.00
0.00
0.00
0.00
0.00
0.00
0.00
0.00
0.00
0.00
8.80
0.20
0.00
0.00
0.00
0.00
0.00
0.00
0.00
0.00
0.00
0.00
0.20
0.00
0.00
0.00
0.40
0.00
0.00
0.00
0.00
0.00
0.00
0.00
0.00
0.00
0.00
0.00
0.00
0.00
0.00
0.00
1.00
0.20
22.20
0.20
0.00
0.20
0.00
0.00
4.60
1.00
0.40
0.20
0.20
0.20
1.40
0.00
0.00
0.00
0.00
7.10
1.80
0.00
0.00
0.20
0.00
0.00
0.00
0.40
13.00
8.50
48.50
0.00
0.00
0.00
0.00
0.00
0.00
0.20
0.00
0.20
0.20
0.00
0.00
0.00
0.00
0.20
0.00
0.00
0.00
0.00
0.00
0.00
5.00
0.20
0.00
0.80
4.60
26.10
43.80
0.40
0.00
0.20
0.20
0.00
0.00
0.20
0.00
0.00
0.00
0.20
0.00
0.00
0.00
0.20
0.00
0.00
0.20
0.20
0.00
0.00
0.00
0.00
0.00
0.00
0.00
0.00
0.20
0.00
0.00
0.00
0.00
0.00
0.00
0.00
0.00
0.00
0.00
0.00
0.00
0.00
0.00
0.00
4.40
0.00
3.60
2.20
1.20
0.00
0.20
0.00
0.60
0.00
0.00
0.20
0.00
0.00
0.00
0.20
0.20
0.00
0.00
0.00
0.20
0.00
0.00
2.60
0.00
0.00
0.00
0.00
0.00
0.00
0.00
0.00
0.20
0.00
0.00
0.00
3.40
1.40
0.00
0.00
0.00
0.00
0.00
0.00
0.00
0.20
0.00
5.40
0.40
0.00
0.20
0.00
0.00
0.00
0.00
0.00
0.00
0.00
0.00
0.00
0.00
1.40
0.20
0.00
4.60
0.00
0.00
0.00
0.00
0.00
0.00
0.00
3.70
1.20
0.00
0.00
0.00
0.00
0.00
0.00
0.00
0.00
0.00
0.00
0.00
0.00
7.40
0.20
1.20
0.00
0.00
0.20
1.40
37.70
0.60
0.00
0.20
18.70
0.00
0.00
19.70
30.70
1.20
0.80
1.40
0.00
0.00
0.20
2.20
8.40
0.00
0.00
0.20
0.00
0.00
0.00
0.00
0.00
0.00
0.00
0.00
8.90
23.60
1.20
0.00
0.60
4.60
6.70
7.20
3.90
2.80
13.00
0.20
0.00
0.00
0.00
0.00
0.00
0.00
0.00
0.00
0.00
8.20
8.80
0.00
0.00
1.00
0.00
0.00
0.00
0.00
0.00
0.00
0.00
0.00
11.80
16.60
0.20
1.00
19.30
0.00
0.00
0.00
0.00
0.00
0.00
0.00
0.00
0.00
0.00
0.00
0.00
0.00
0.00
0.00
0.00
0.00
0.00
0.00
0.00
3.50
0.00
0.00
0.00
0.00
0.00
0.00
0.00
0.00
0.00
0.00
0.00
0.00
22.40
2.80
0.00
0.00
0.20
0.00
0.00
0.00
0.00
0.00
0.00
0.00
0.00
0.00
0.00
0.00
0.00
0.00
3.90
0.00
3.10
0.00
0.00
0.00
0.00
0.00
0.00
1.80
0.00
0.20
0.00
0.00
0.00
0.00
1.60
0.60
0.00
0.00
0.20
0.00
0.00
8.90
0.40
6.60
0.20
0.00
7.60
0.20
0.00
0.00
1.20
0.20
0.00
18.90
18.10
1.60
0.00
0.00
1.60
0.20
0.00
0.00
16.10
0.00
0.00
0.00
0.20
3.10
0.20
0.20
4.70
5.10
0.80
0.20
0.00
0.00
0.00
0.00
0.00
0.00
0.00
0.00
3.60
0.20
0.20
0.00
0.00
0.00
9.20
70.40
14.20
0.00
0.00
0.00
0.00
0.00
0.20
0.00
0.00
0.00
0.00
7.10
0.00
0.00
0.00
0.00
0.00
0.20
0.20
0.40
0.20
0.20
0.20
0.20
0.00
0.00
0.00
0.40
0.20
0.00
0.00
0.00
0.00
0.00
0.60
5.00
0.80
0.20
0.00
0.20
0.20
21.00
3.20
0.00
2.00
22.50
0.40
0.00
0.00
0.00
0.20
0.00
0.00
0.00
0.00
0.00
0.20
0.00
0.00
0.00
0.40
27.90
1.40
0.20
0.00
1.00
0.00
0.20
0.00
0.00
0.80
0.00
0.00
0.20
0.20
0.00
0.20
0.00
0.80
0.20
0.00
1.20
0.00
0.00
0.00
0.00
0.00
9.20
9.60
0.00
0.20
0.00
0.00
0.00
0.00
0.00
0.00
0.00
0.00
0.00
0.20
1.20
2.80
2.00
0.00
0.00
0.00
0.00
0.00
0.00
0.00
0.00
0.20
0.00
0.00
0.00
0.00
0.00
0.00
0.00
0.00
0.00
0.00
0.20
0.20
0.00
2.40
0.20
2.20
0.00
0.00
3.40
18.00
12.20
0.00
0.40
0.00
0.20
15.40
18.00
0.80
0.00
0.20
0.00
0.00
0.00
0.60
1.20
0.00
0.00
0.20
0.00
0.00
0.20
0.00
0.00
11.40
0.00
0.00
0.00
0.00
0.00
0.00
0.00
0.00
0.00
0.00
0.20
0.00
16.50
0.60
0.60
0.40
0.00
0.00
0.00
0.00
0.00
0.00
0.00
0.00
9.60
0.20
0.00
0.00
0.00
0.00
0.00
0.00
0.00
0.00
1.80
1.60
0.00
0.00
0.20
0.00
0.00
0.00
0.20
0.00
0.00
0.20
0.00
0.00
0.00
0.00
2.00
1.60
8.70
5.60
0.00
0.00
1.00
0.20
0.00
0.00
0.00
1.60
1.20
0.20
5.90
0.00
0.00
0.20
0.00
1.20
10.50
0.00
0.00
0.00
0.00
0.00
0.00
0.00
1.80
0.20
0.00
2.20
2.20
0.00
0.00
0.00
0.00
0.00
0.00
0.00
0.00
0.00
15.70
6.70
0.00
0.00
0.00
0.00
0.00
0.00
0.00
0.00
0.00
24.30
1.80
0.20
0.00
0.00
0.00
0.00
0.00
0.00
5.50
0.00
0.00
1.80
0.00
0.00
0.00
0.00
0.00
0.00
0.00
0.00
0.00
0.00
1.00
0.00
0.00
0.20
0.00
0.00
0.00
0.00
0.00
0.00
0.00
0.00
0.00
0.00
0.00
0.00
0.00
0.00
0.00
0.00
0.00
0.00
0.00
0.00
0.00
0.00
0.00
0.00
26.70
0.40
0.00
0.00
0.00
0.00
0.00
0.00
0.00
0.00
0.00
0.00
0.00
0.00
16.50
8.70
15.50
0.00
0.20
2.00
0.20
17.00
0.20
0.00
0.00
0.00
0.00
0.00
0.00
0.00
0.00
0.00
0.00
0.00
0.00
0.00
45.60
0.00
0.00
0.00
0.20
7.00
0.60
1.60
15.90
36.70
0.00
0.00
0.00
0.00
0.00
0.00
0.00
0.00
0.00
0.00
0.80
2.40
0.00
1.60
15.30
20.00
1.60
20.70
0.00
0.00
1.20
0.00
0.00
0.00
27.80
3.20
6.30
0.00
0.00
2.00
0.00
0.00
0.20
0.00
0.00
0.20
0.00
1.20
2.40
0.00
0.00
0.20
0.00
0.20
3.90
20.30
0.00
0.00
0.20
0.00
0.00
0.60
5.80
14.70
0.00
0.20
0.40
0.00
0.00
0.00
10.40
0.00
18.90
24.70
4.90
0.00
1.40
1.20
0.20
0.00
0.20
0.00
0.00
0.00
0.00
0.20
0.20
0.60
0.20
0.20
0.00
0.00
0.00
0.00
0.00
0.20
0.20
0.40
0.00
0.00
0.00
0.00
0.00
0.00
0.00
0.00
0.00
0.20
0.00
0.00
0.00
0.20
0.20
0.00
0.00
0.00
0.00
0.00
0.00
0.00
0.00
0.00
0.00
0.20
2.20
0.20
0.40
0.00
0.00
0.00
0.00
0.00
0.00
0.20
0.00
0.20
0.40
0.00
0.00
0.00
0.20
0.20
0.00
0.00
0.00
0.00
0.20
6.40
8.70
0.00
0.00
16.70
1.40
0.00
0.00
0.00
8.80
28.60
0.00
0.00
0.00
0.20
0.00
0.00
0.00
0.00
1.00
0.00
0.00
0.20
0.20
0.00
0.00
2.20
0.00
0.00
0.20
0.00
0.00
0.00
0.00
0.20
0.00
0.00
0.00
0.20
0.00
12.20
2.00
7.80
25.10
10.00
0.40
12.40
0.00
0.00
0.00
0.00
0.00
24.90
2.20
8.70
0.20
0.60
0.20
4.50
0.60
11.00
0.00
1.60
0.00
0.00
0.00
24.90
0.20
0.00
0.00
0.00
0.00
7.50
8.10
1.80
1.60
2.40
5.20
0.20
0.00
0.20
0.40
0.00
0.00
3.70
21.50
6.10
0.20
0.00
5.10
0.20
0.00
0.00
0.00
0.00
0.00
0.00
0.80
0.20
0.00
0.00
4.50
0.20
0.00
10.60
0.00
0.20
0.00
0.00
0.00
0.20
0.00
0.00
0.00
0.00
0.00
1.80
12.40
0.00
2.40
8.60
0.00
0.00
0.00
8.70
0.00
0.20
0.00
0.00
0.00
1.20
0.00
0.00
0.00
0.00
0.20
0.00
0.00
0.00
0.00
1.40
5.30
0.60
0.00
0.00
24.40
10.20
0.20
0.00
0.00
0.00
0.00
0.00
0.00
0.00
0.00
0.00
0.20
0.00
0.00
0.00
0.00
0.00
0.00
7.30
0.00
0.00
0.00
0.00
0.00
4.90
0.00
0.00
0.20
0.00
0.00
0.00
0.00
0.00
0.00
0.00
0.00
0.00
21.40
0.20
0.00
0.00
0.00
0.00
0.80
0.20
0.00
0.00
0.00
0.20
28.90
0.40
1.40
0.00
4.90
8.30
0.00
0.00
0.00
0.00
0.00
0.00
0.00
7.50
0.20
0.00
18.80
3.00
0.00
0.00
0.20
0.20
0.00
0.20
0.00
0.00
0.00
0.00
0.00
0.00
0.00
0.20
0.40
0.20
0.20
0.20
0.20
0.00
0.00
0.00
0.00
0.20
0.00
0.00
0.20
0.00
0.00
0.00
0.00
0.00
0.20
0.60
0.00
2.90
0.20
0.00
0.00
6.00
2.80
4.20
0.40
0.20
0.00
0.00
0.60
0.20
0.20
0.00
0.20
0.00
0.00
0.00
0.00
0.20
0.00
0.00
0.00
0.00
0.00
0.00
0.00
0.60
0.00
0.00
0.00
0.20
0.00
0.20
0.00
0.00
0.20
0.00
3.00
0.00
5.50
0.00
0.20
14.80
2.40
0.00
1.80
6.30
1.40
0.80
0.20
0.00
0.00
0.20
0.00
0.00
0.00
0.20
0.00
0.00
0.00
0.00
0.00
0.00
2.20
0.00
0.00
0.00
0.00
0.00
0.00
0.00
0.20
0.20
0.20
0.20
0.00
0.00
0.20
0.00
0.00
0.20
0.20
0.00
0.00
0.00
0.00
0.00
0.00
0.20
0.00
0.00
0.00
0.00
0.00
0.00
0.00
0.00
0.00
0.00
0.00
0.00
0.00
0.00
0.00
0.00
0.00
0.20
4.00
7.30
1.00
0.20
0.00
0.00
0.00
0.20
0.00
0.00
0.00
0.00
0.00
0.00
0.00
0.00
0.00
0.00
0.00
0.00
0.00
0.00
0.00
0.40
0.20
0.00
0.00
0.00
0.00
0.00
0.00
0.00
4.00
0.00
0.00
0.00
0.00
0.20
0.20
0.00
0.00
0.00
0.00
0.00
3.70
0.20
0.00
0.00
0.00
0.00
6.30
0.20
0.00
0.00
0.40
6.50
0.00
0.00
0.00
0.00
0.60
0.00
0.00
0.00
0.00
0.00
0.40
0.60
0.20
0.00
0.00
0.00
0.00
1.40
0.00
0.00
0.20
0.00
0.00
0.00
0.00
0.00
0.00
0.00
0.00
0.00
0.00
0.00
0.00
0.00
0.00
0.80
6.30
2.00
0.20
9.40
0.00
0.80
11.50
12.80
0.00
0.00
0.00
0.00
1.40
0.00
0.00
0.00
0.00
0.00
0.00
0.00
0.00
0.00
0.00
0.00
0.00
0.00
0.00
0.00
0.00
0.00
0.00
0.00
1.80
0.00
1.60
0.20
0.20
0.00
0.00
0.00
0.00
6.50
1.20
0.00
0.00
0.40
0.00
0.00
0.00
1.00
0.00
0.00
0.00
0.00
0.00
4.50
0.00
0.00
0.00
7.50
14.90
1.00
0.20
0.00
0.00
0.00
0.00
0.00
0.00
0.00
0.00
0.00
0.00
4.30
0.00
0.00
0.00
0.00
0.00
0.00
0.00
0.00
0.00
7.70
0.20
0.00
0.00
0.00
0.00
0.00
0.00
2.60
1.00
1.60
0.20
0.00
0.00
0.00
0.00
0.00
12.80
0.20
2.20
0.00
0.00
0.00
0.00
0.00
0.00
4.50
0.00
0.00
0.00
0.20
0.00
0.00
0.00
0.00
0.00
16.30
16.90
10.80
0.20
0.20
0.00
0.00
1.40
0.00
0.20
5.60
3.60
0.00
0.00
0.00
0.00
0.00
0.00
4.50
7.00
0.80
0.00
0.20
0.00
0.00
0.00
0.00
0.00
0.00
0.00
0.00
0.20
0.20
0.20
1.40
1.60
42.10
40.90
7.30
1.60
0.00
0.00
14.20
5.30
0.20
25.50
-99.00
-99.00
-99.00
-99.00
-99.00
-99.00
-99.00
-99.00
-99.00
1.40
0.20
0.00
0.00
0.00
0.00
0.00
0.20
0.00
7.30
0.20
1.00
3.80
11.90
19.30
6.00
0.20
0.00
0.00
0.00
0.00
0.20
0.20
0.00
0.00
0.00
0.00
0.00
0.00
0.00
0.00
0.00
13.80
-99.00
-99.00
-99.00
-99.00
-99.00
-99.00
0.00
0.00
0.00
0.00
0.00
0.00
0.00
0.00
0.00
0.00
0.20
0.20
0.00
0.00
0.00
0.00
0.00
0.20
0.00
0.00
0.00
0.00
0.00
0.00
0.00
0.00
0.00
1.40
0.60
9.00
2.20
0.80
0.80
0.00
0.00
0.00
0.20
0.60
0.00
0.20
0.00
0.00
0.00
0.20
0.00
0.20
0.00
0.20
0.20
0.80
0.20
22.80
16.40
0.00
0.00
0.20
0.00
0.00
0.00
0.00
0.20
0.00
0.00
0.00
0.00
0.00
0.00
0.00
0.20
0.00
0.00
0.00
0.80
0.00
0.00
0.00
0.00
0.00
0.00
2.60
0.00
0.00
0.00
0.00
0.00
0.00
0.40
0.00
0.00
0.00
0.00
0.00
0.00
0.00
0.00
0.00
0.00
0.20
0.00
11.40
1.20
0.60
0.60
0.20
0.00
0.00
0.00
0.00
0.20
0.00
0.00
0.00
0.00
0.00
0.00
0.00
0.00
0.00
2.80
5.30
0.20
0.20
0.20
0.00
0.00
0.00
0.00
0.80
0.00
13.90
0.20
0.00
12.30
0.20
0.00
0.00
0.00
0.00
0.00
3.80
2.40
0.00
0.00
0.00
0.00
0.00
0.00
0.00
0.00
0.00
0.00
0.00
0.00
0.00
0.20
1.40
0.00
0.00
0.00
0.00
0.00
0.00
0.00
0.00
0.00
0.20
0.00
0.00
0.00
0.00
0.00
0.00
0.00
0.40
0.20
0.00
0.00
0.00
1.80
0.00
0.00
1.20
0.00
0.00
0.00
0.00
0.00
0.00
0.00
0.00
0.00
0.00
0.00
0.00
0.00
0.00
0.00
0.00
1.40
0.00
0.00
0.00
0.00
0.00
0.00
0.00
0.00
0.00
0.40
0.60
0.00
0.00
0.00
0.00
0.00
0.00
24.10
65.90
9.40
0.00
6.20
0.20
0.00
0.00
0.00
0.00
0.00
0.00
0.00
0.00
0.00
0.00
0.00
0.00
0.00
0.00
0.00
18.00
0.00
0.00
0.00
0.00
1.20
0.00
0.00
0.00
0.00
0.00
0.00
60.60
0.20
0.00
0.00
0.00
0.00
0.00
0.00
0.60
0.00
0.00
0.00
0.00
0.00
0.00
0.00
0.00
0.00
0.00
0.20
0.00
0.00
0.00
0.00
0.60
0.00
0.00
0.00
5.80
40.10
10.20
0.00
0.40
0.00
0.00
0.20
0.20
0.20
3.20
24.50
1.60
0.00
0.00
0.00
0.20
0.20
0.20
0.20
1.80
0.00
0.60
0.20
0.00
0.00
0.00
0.00
0.00
4.80
11.80
0.20
0.00
0.00
0.00
0.20
22.00
0.40
0.00
0.00
0.20
0.60
0.00
0.00
0.00
0.00
0.00
0.00
0.00
0.20
0.00
0.00
0.00
0.00
0.00
0.20
0.00
0.00
0.00
0.00
0.00
0.20
0.20
0.00
0.00
4.40
1.60
0.00
0.20
0.00
0.00
0.00
0.00
0.00
0.00
0.00
0.20
0.00
0.00
0.40
0.20
0.40
0.20
0.00
0.00
15.60
0.00
4.20
0.00
0.00
0.00
0.40
0.00
0.00
1.80
0.00
0.20
0.00
0.20
0.00
0.00
0.00
0.00
0.00
0.00
0.00
0.00
0.00
0.00
0.00
0.00
0.00
0.20
0.00
0.00
0.00
0.20
0.20
0.00
0.00
0.00
0.20
0.20
0.00
0.00
0.00
0.00
0.00
0.20
0.00
0.20
0.00
7.30
1.60
0.00
0.00
0.00
0.00
0.00
0.00
0.00
0.00
0.00
0.00
0.00
0.00
0.00
0.00
0.20
5.00
1.00
0.00
0.00
0.00
0.00
0.00
0.00
0.00
6.00
0.00
0.20
0.20
0.00
0.00
0.20
0.00
3.90
0.00
0.00
0.00
0.00
0.00
0.00
0.00
0.00
0.00
10.20
0.00
0.00
0.00
0.00
0.00
0.00
0.00
0.00
4.20
0.20
0.00
1.60
0.00
0.00
0.00
0.00
0.00
0.00
5.10
0.00
0.20
0.60
0.00
19.20
3.50
26.30
40.40
16.00
4.00
4.20
0.00
0.00
0.20
0.60
0.00
4.00
5.60
6.00
0.40
0.00
0.20
1.20
0.00
0.20
0.00
0.00
0.00
0.00
0.00
0.00
0.00
0.60
5.50
0.20
28.30
0.00
7.50
3.80
1.80
0.20
0.00
0.00
0.00
0.00
0.00
0.00
0.00
2.60
0.00
0.00
0.00
0.00
2.40
0.20
2.20
0.00
0.00
0.40
3.00
0.20
0.20
0.00
0.00
0.00
0.40
0.00
0.00
0.00
0.00
0.60
0.80
0.00
0.00
0.20
0.00
0.00
0.00
0.00
0.00
3.50
0.00
0.00
1.60
0.00
0.00
0.00
0.00
0.00
0.00
0.00
0.00
0.00
0.00
0.00
0.00
2.00
0.00
0.00
0.00
0.00
0.00
0.00
0.00
0.00
0.00
0.00
0.00
0.00
0.00
0.00
0.00
0.00
0.00
0.00
0.00
0.20
0.00
0.00
0.00
0.00
0.00
0.00
0.00
0.00
0.00
0.00
0.20
0.00
0.00
0.00
0.00
58.10
4.30
0.80
0.00
0.00
0.00
19.90
0.60
0.00
0.00
0.00
0.00
0.00
6.70
0.00
20.20
1.80
0.20
0.60
0.00
0.00
0.00
0.00
0.60
1.00
0.00
0.00
0.20
0.20
0.00
0.00
0.00
0.00
0.20
0.00
0.20
0.20
0.00
0.00
0.00
0.00
0.00
0.00
0.00
0.00
0.00
0.00
11.90
0.20
0.20
0.00
0.00
0.00
0.00
1.00
0.20
0.20
0.00
0.20
20.70
0.80
0.20
0.00
2.00
0.20
24.20
4.40
14.50
-99.00
-99.00
-99.00
48.80
10.30
-99.00
27.40
-99.00
-99.00
-99.00
-99.00
0.00
2.60
0.00
0.20
0.00
0.00
0.00
0.00
0.00
0.00
0.00
0.00
0.00
0.00
0.00
0.00
0.00
0.00
0.00
0.00
0.00
0.00
0.00
0.00
0.00
0.00
0.00
5.60
1.40
0.00
0.00
0.00
0.00
0.20
0.00
0.00
0.00
0.20
0.00
0.00
0.00
0.00
0.00
0.00
0.00
0.00
0.00
0.00
0.00
0.00
0.00
0.00
0.00
0.00
0.00
0.00
0.00
0.00
0.20
0.00
0.00
0.00
0.20
0.20
0.00
0.00
0.00
0.00
0.00
0.00
3.80
15.80
0.20
0.00
0.00
0.00
0.00
0.20
0.60
1.00
0.00
0.00
0.80
0.20
2.00
0.00
0.00
0.00
0.20
0.20
0.00
0.20
0.00
0.00
0.20
0.00
0.00
0.00
0.00
0.00
0.00
0.00
6.40
2.60
0.00
0.00
0.00
0.00
0.00
0.00
0.00
0.00
0.00
0.40
0.00
0.20
0.00
4.20
2.00
0.20
0.00
0.00
0.00
2.00
2.40
0.20
0.00
0.20
0.00
0.00
0.00
0.00
0.60
0.00
0.00
0.00
0.00
0.20
0.00
0.00
0.00
0.00
0.20
0.00
0.00
0.00
0.00
0.00
0.00
0.00
14.00
0.20
0.00
0.00
0.00
0.00
0.00
0.00
11.80
0.20
0.00
0.00
0.00
0.00
0.00
0.20
0.40
1.60
1.80
4.80
28.60
0.00
0.20
0.00
0.00
0.00
5.80
6.00
0.00
22.00
1.80
0.00
2.60
0.20
0.00
0.00
0.00
7.20
0.00
0.00
0.00
0.00
0.00
0.00
1.00
0.00
0.00
0.00
24.80
25.20
1.60
0.00
1.00
2.80
1.20
6.40
30.40
0.00
0.40
0.00
0.00
10.40
1.80
11.60
29.20
5.80
6.80
0.20
0.00
0.00
1.00
0.20
16.00
20.00
0.20
12.60
1.20
5.20
0.20
7.20
1.20
1.20
0.20
0.00
0.00
0.00
41.80
0.20
0.20
0.00
0.00
0.00
0.00
0.00
0.00
0.00
18.20
12.60
0.00
0.00
0.00
0.00
0.00
0.00
0.00
0.00
1.00
0.00
0.00
0.00
0.00
46.80
14.00
0.20
0.00
0.00
0.00
0.00
0.00
0.00
0.20
0.00
0.00
0.00
0.00
0.00
0.00
0.00
0.00
0.00
0.00
0.00
0.00
0.00
0.00
0.00
0.00
0.00
0.00
0.00
0.00
0.00
0.00
0.00
0.00
14.20
0.00
0.00
0.40
0.00
0.20
0.00
0.00
9.60
0.20
0.00
0.20
0.00
1.80
0.00
0.00
0.00
10.60
0.20
0.00
0.00
0.00
0.00
2.00
0.20
0.00
0.00
0.00
20.00
0.00
0.00
0.00
0.00
0.00
0.00
1.00
31.40
0.20
0.00
0.00
-99.00
-99.00
-99.00
-99.00
-99.00
-99.00
0.00
0.40
0.00
0.00
0.00
0.00
0.00
0.00
0.80
0.60
0.00
0.00
0.00
0.00
0.00
0.00
0.00
0.20
0.00
0.60
0.00
0.20
0.00
1.00
6.40
0.00
0.20
0.00
0.20
18.20
27.40
0.60
25.00
14.60
34.40
0.00
0.40
0.00
0.00
0.00
0.80
0.00
0.20
0.20
3.40
0.00
0.00
0.00
0.00
0.20
0.00
0.20
0.00
0.00
0.00
0.00
0.80
0.00
0.00
0.00
1.20
2.20
0.00
0.00
0.00
0.00
0.20
0.00
0.00
0.40
0.40
4.40
1.00
0.00
0.00
9.20
3.80
0.20
0.00
0.00
0.00
0.00
0.00
0.40
0.00
0.00
0.00
0.20
2.60
1.20
0.00
2.80
0.20
0.40
0.20
0.60
0.00
0.20
0.00
1.00
1.20
0.00
3.40
5.00
0.20
0.00
0.20
0.00
0.00
0.00
0.20
0.00
1.40
0.00
0.00
1.00
0.00
0.40
0.00
0.00
0.00
0.00
0.00
0.00
22.20
13.00
3.00
7.40
0.00
0.00
1.00
0.00
0.00
0.00
0.00
0.60
0.00
0.00
0.20
0.00
0.00
0.00
0.00
0.00
0.00
0.00
0.00
0.00
0.00
0.00
0.00
0.00
0.40
1.20
0.40
0.40
4.60
0.00
0.00
0.00
0.00
0.00
0.00
0.00
0.00
0.00
0.00
0.00
0.00
0.00
0.00
0.00
0.00
0.00
0.00
0.00
0.00
0.00
0.00
0.00
24.40
6.20
4.80
13.60
0.20
4.60
4.20
0.00
0.20
0.20
28.00
0.20
0.00
4.80
5.40
2.80
0.20
0.00
7.80
0.00
0.00
0.90
0.00
3.10
0.10
0.00
0.00
0.00
0.00
8.80
0.00
0.00
0.00
17.80
0.10
0.00
0.00
0.10
0.00
0.00
0.00
0.00
0.40
0.30
0.00
0.00
0.70
12.50
0.00
0.00
1.00
0.00
0.00
0.00
0.00
0.00
0.00
0.00
0.00
0.00
0.00
0.00
0.00
0.00
1.80
0.10
0.00
0.00
0.00
7.70
0.00
0.00
0.60
0.00
0.00
0.00
0.00
0.00
0.00
0.00
0.00
0.00
0.00
0.00
0.00
0.00
0.00
0.00
0.00
0.50
0.00
0.00
0.00
0.00
12.50
1.10
0.00
0.00
0.00
0.00
3.80
11.90
0.00
0.00
0.00
0.00
0.00
0.00
8.80
0.10
0.00
0.00
0.00
0.00
0.00
4.20
1.50
0.00
0.00
0.00
0.00
0.00
0.00
0.00
0.00
0.00
0.00
0.00
3.50
0.00
0.00
0.00
1.60
10.60
7.60
0.10
0.00
0.00
0.00
0.00
0.00
8.50
0.00
0.00
0.00
0.00
0.00
0.00
0.00
0.00
0.70
6.20
0.00
0.00
0.00
0.00
0.00
0.00
0.00
0.00
0.00
0.00
0.00
0.00
0.00
0.00
0.00
0.00
40.70
5.40
3.90
0.00
0.00
9.40
0.20
0.00
1.60
0.00
0.00
0.00
0.00
0.00
0.00
0.00
0.00
0.00
0.70
17.90
0.20
0.00
0.00
0.00
0.00
0.00
1.30
0.00
0.00
0.00
0.00
0.00
0.00
0.00
0.00
0.00
0.00
0.00
20.70
13.50
11.10
0.00
0.00
0.00
0.10
0.00
0.00
0.10
0.00
0.10
0.00
0.80
0.00
0.00
0.00
0.00
0.20
0.00
0.00
0.00
0.00
0.00
0.00
0.00
0.00
0.00
0.00
0.00
0.00
0.00
0.30
0.60
0.10
0.00
0.00
0.00
0.10
0.00
0.50
0.10
0.00
1.10
0.00
0.00
0.10
0.00
0.00
0.00
0.00
0.00
0.00
0.00
0.00
0.00
0.10
0.00
0.00
0.00
0.00
0.00
14.30
17.70
6.00
10.10
0.00
4.90
0.00
0.00
0.30
0.00
0.40
0.00
0.00
0.00
4.40
8.30
0.00
7.30
0.60
0.00
0.00
0.00
3.60
1.20
6.40
0.00
0.00
0.00
1.30
0.20
0.00
0.10
0.00
0.10
0.00
12.90
0.10
0.00
0.00
0.00
0.00
0.00
0.00
0.00
0.00
8.90
0.10
0.00
0.00
8.60
10.40
0.00
0.00
0.00
0.00
0.00
3.30
1.40
0.50
7.70
9.00
0.00
2.30
0.60
0.00
0.00
0.00
0.00
0.40
0.00
0.00
6.60
10.50
0.10
0.00
0.00
4.40
0.00
17.30
0.00
0.00
0.00
0.00
0.00
0.00
0.00
0.00
0.00
0.00
0.00
8.00
6.60
0.00
0.00
1.20
0.20
0.00
0.00
0.00
1.70
0.00
0.00
0.00
0.00
10.30
0.00
0.00
0.00
0.10
0.00
0.00
0.00
6.50
0.00
0.50
1.60
0.00
0.00
0.00
0.00
0.00
0.00
0.70
0.80
0.10
2.70
0.00
0.00
0.00
0.00
0.00
5.20
2.80
54.80
14.20
0.10
0.00
0.70
1.30
0.50
0.30
0.70
7.60
2.90
0.90
0.10
0.00
0.00
0.00
0.00
0.00
0.00
0.00
0.00
0.00
0.00
0.00
0.00
1.90
0.10
0.00
0.00
0.00
0.00
0.00
0.00
0.00
1.20
0.00
0.00
26.30
14.00
8.20
0.10
0.40
19.50
0.00
1.10
0.00
0.60
3.50
0.00
0.00
0.00
0.00
0.00
0.00
0.00
1.90
1.80
7.20
0.00
0.00
0.00
0.00
8.80
0.00
0.00
0.00
0.00
0.00
0.00
0.00
0.00
0.00
0.00
0.00
0.00
0.00
0.00
0.70
0.10
0.00
0.00
0.00
0.00
0.00
0.00
0.00
0.00
6.90
0.30
0.00
0.00
32.40
0.00
0.00
0.00
0.20
0.00
0.00
0.00
0.00
0.00
11.60
0.00
0.50
0.00
0.00
0.00
0.00
5.20
0.00
0.00
0.00
0.00
0.00
0.00
0.00
0.00
0.00
0.00
0.00
0.00
0.00
0.00
0.00
0.00
0.00
0.20
33.10
0.00
0.00
0.00
0.00
0.00
0.00
0.00
0.00
6.00
22.40
1.30
0.00
0.50
1.60
0.00
15.10
0.00
0.00
0.00
0.00
0.00
0.00
0.00
0.00
0.00
0.10
0.70
0.00
0.00
0.00
0.00
13.50
40.40
14.90
3.90
1.10
0.00
0.00
0.00
0.00
0.00
0.00
0.00
0.00
0.00
0.00
0.00
0.00
0.00
0.00
0.00
0.40
0.30
0.40
0.00
0.00
0.00
0.00
0.00
0.00
0.00
1.10
0.00
0.00
0.00
0.00
0.00
0.00
1.10
0.00
1.20
0.00
0.10
5.70
0.10
0.00
0.00
0.00
0.10
0.10
0.00
0.00
0.00
9.00
0.10
0.00
0.00
0.00
1.20
0.10
0.70
1.70
0.00
0.10
0.00
0.00
0.00
0.00
0.00
0.00
0.00
0.00
0.00
0.00
11.50
4.10
0.50
0.00
0.00
0.00
0.00
0.00
0.00
0.10
0.50
0.00
0.00
0.00
0.00
0.00
0.10
0.00
0.00
0.00
0.00
0.00
0.00
0.00
0.10
0.00
0.00
0.00
0.00
0.00
0.00
0.00
0.00
0.00
0.00
0.00
0.00
0.40
19.30
0.10
1.50
0.20
0.00
0.00
0.00
0.00
0.00
0.00
0.00
0.10
0.00
0.20
0.20
0.10
0.00
0.00
0.00
0.00
6.00
0.10
0.60
0.10
0.00
0.00
0.00
0.00
0.00
0.00
0.00
0.00
0.00
0.00
3.90
0.10
0.00
0.00
0.00
0.00
0.00
0.00
0.00
58.00
0.00
8.60
41.10
0.70
0.00
0.00
0.00
0.00
1.00
0.00
0.00
0.00
0.00
0.00
2.00
0.00
13.90
0.40
0.00
0.00
0.00
0.00
0.00
0.10
0.00
0.00
0.00
0.00
0.00
0.00
0.00
0.00
0.00
1.20
0.10
0.00
0.00
0.00
0.00
0.00
0.90
6.60
0.60
1.10
14.20
0.20
26.90
0.10
0.00
0.00
0.10
2.00
0.10
0.10
0.00
11.50
0.00
0.00
0.00
0.00
5.80
4.00
41.80
1.30
0.00
0.00
0.00
0.00
0.00
0.00
0.00
0.00
0.00
0.00
0.10
0.00
0.00
0.00
1.50
37.30
0.00
0.60
2.60
18.20
6.00
0.00
25.40
5.50
0.00
37.60
0.00
0.40
0.60
0.00
0.00
0.00
0.00
0.00
0.00
0.00
0.00
2.90
0.10
0.00
0.00
0.00
0.00
0.00
0.10
0.00
0.00
0.00
3.50
1.60
0.00
0.00
0.00
0.00
0.00
0.00
0.00
1.90
1.40
0.00
0.00
0.00
0.00
0.00
2.40
0.00
0.00
0.30
0.00
0.00
0.00
11.40
0.00
0.00
0.00
17.30
0.30
0.00
0.00
0.00
0.00
0.00
0.00
0.10
0.00
0.00
0.00
0.00
0.10
0.00
0.00
0.00
0.00
0.00
0.00
0.00
0.00
0.00
0.00
0.00
0.00
0.00
0.00
0.00
0.00
0.00
0.00
0.00
0.00
0.00
0.00
0.00
0.70
0.00
0.00
0.00
0.00
0.10
0.00
0.00
0.00
0.00
0.00
0.00
0.00
0.30
0.00
0.00
0.00
0.10
0.00
18.00
0.00
0.00
0.00
0.00
0.00
0.00
0.00
0.00
0.00
0.00
0.00
0.00
0.00
0.00
0.00
0.00
0.00
0.00
0.00
0.00
0.00
0.00
0.00
0.10
1.30
0.00
0.00
0.00
0.00
3.20
0.10
0.00
26.50
9.20
0.00
0.00
0.10
4.50
2.00
102.60
34.40
5.20
0.80
0.10
0.00
0.10
0.00
0.10
0.00
1.00
4.40
27.20
0.60
0.00
0.10
0.20
0.70
15.40
0.50
0.00
0.30
0.10
0.30
0.20
0.10
0.10
0.00
0.00
0.10
0.00
0.20
0.00
0.00
0.00
0.20
0.40
0.10
0.10
0.00
0.20
0.00
0.00
0.00
0.00
0.00
0.00
0.00
0.00
0.00
0.00
0.00
0.10
0.00
0.00
0.00
0.00
0.00
0.00
0.00
0.00
0.00
0.00
0.00
0.00
0.00
0.00
0.10
0.20
0.20
0.20
0.60
0.20
0.00
0.00
0.00
0.00
0.20
0.00
0.00
0.00
0.00
0.00
0.20
0.00
1.40
0.60
0.20
0.00
0.00
1.40
6.20
0.00
0.00
0.40
0.00
0.00
0.00
0.00
0.00
0.00
0.00
0.00
0.00
0.00
0.00
0.00
0.10
0.00
0.00
0.00
0.00
0.00
0.00
0.00
0.00
0.00
0.20
0.10
0.00
0.00
0.10
0.00
0.00
0.00
0.00
0.00
0.00
0.00
0.00
0.00
0.00
0.00
0.00
0.00
0.00
0.00
2.40
1.60
28.60
25.80
0.00
0.00
0.00
0.20
0.00
0.00
0.00
0.00
0.00
0.00
0.00
8.70
20.90
1.90
4.50
0.00
0.00
0.00
0.90
0.00
21.80
0.00
0.70
0.50
0.00
0.50
0.50
0.00
0.00
1.70
0.00
0.00
0.00
0.00
0.00
0.00
13.50
0.00
25.60
0.00
0.00
0.00
2.10
0.00
1.00
0.10
0.10
0.00
0.00
0.00
6.60
7.50
0.00
0.00
0.00
0.10
1.90
0.00
29.70
0.00
0.00
0.00
0.00
0.00
0.00
0.00
4.80
0.10
0.00
0.00
0.00
0.00
6.20
0.00
0.00
0.00
0.10
0.00
0.00
0.00
0.60
0.00
0.00
0.00
0.00
0.00
0.00
0.00
0.60
0.00
0.00
0.00
0.00
0.00
0.00
0.00
0.00
0.00
0.00
0.00
3.30
0.00
0.00
0.00
15.60
0.00
0.00
0.00
0.00
0.00
0.00
0.00
0.00
0.00
0.00
0.00
0.00
0.00
0.00
0.00
0.00
0.00
0.00
0.00
0.00
0.00
0.30
0.00
0.00
0.00
0.00
0.00
0.00
0.00
0.00
0.00
0.70
0.00
0.00
0.00
0.00
0.00
0.00
0.00
0.00
0.00
0.00
0.00
0.00
0.00
0.00
0.00
0.00
0.00
0.00
0.00
0.00
0.00
0.00
0.10
12.30
0.10
0.00
0.00
0.00
0.00
0.00
0.00
0.00
5.30
0.00
0.00
0.10
0.00
0.00
0.00
0.00
0.00
0.00
0.00
0.00
0.00
0.00
0.00
0.00
0.00
0.00
0.10
0.00
2.10
41.50
0.00
0.00
0.00
0.10
0.00
0.00
0.20
0.00
0.00
0.10
1.50
3.10
4.20
0.00
1.60
0.00
0.00
0.00
0.00
3.60
3.00
13.40
0.10
0.10
0.10
18.80
21.90
0.00
0.00
0.00
3.70
7.50
0.00
0.00
0.00
0.20
0.00
0.00
0.00
0.00
5.70
0.10
3.50
0.10
0.10
0.00
0.00
0.10
3.60
0.90
0.00
0.10
0.00
0.00
0.20
0.00
0.10
1.40
8.30
0.10
0.00
0.00
0.10
0.00
0.00
0.00
0.00
0.00
0.20
0.00
0.00
0.00
0.00
0.00
0.00
0.00
0.00
0.00
0.00
0.00
0.00
0.10
0.00
0.00
0.10
0.00
0.10
0.10
0.00
0.00
0.20
0.00
0.10
1.70
0.20
0.20
0.00
0.00
0.00
0.00
0.00
0.00
0.00
0.00
2.80
0.90
0.10
0.00
0.00
0.00
1.00
25.70
0.20
0.50
0.60
1.70
0.00
0.00
0.00
0.00
0.00
0.00
0.00
0.00
0.00
0.00
0.00
0.00
0.00
0.00
0.00
0.00
0.00
0.10
0.00
0.00
0.00
0.00
0.00
0.00
0.00
0.00
0.00
0.00
0.00
3.90
2.70
0.00
0.00
0.00
0.00
0.30
0.00
0.00
0.00
0.80
22.50
5.40
0.00
0.20
0.10
0.00
0.10
0.00
12.40
0.00
0.00
0.40
3.60
0.10
0.00
0.50
0.00
0.00
0.00
0.10
0.50
0.00
2.90
0.00
1.00
0.00
0.00
8.40
0.10
0.00
2.50
2.90
0.00
0.00
0.00
0.00
0.00
0.00
0.00
0.00
0.00
0.00
0.00
0.00
0.00
1.50
0.00
0.00
0.00
0.00
0.00
7.30
5.60
31.30
12.50
24.60
4.40
0.00
0.00
0.00
9.90
4.40
0.10
0.00
0.00
0.20
0.00
0.10
0.00
0.00
2.70
35.90
0.40
9.90
6.80
0.30
0.30
0.00
0.00
0.00
0.00
0.00
0.00
3.80
0.30
0.50
0.00
0.00
0.00
0.00
0.00
0.00
0.20
0.00
0.00
6.30
0.00
0.00
0.00
0.00
0.00
0.00
0.00
0.00
0.00
0.20
0.00
0.00
0.70
0.00
0.00
0.00
0.00
0.00
1.30
0.10
0.00
0.00
0.00
0.00
0.00
0.00
0.10
0.00
0.00
0.00
0.00
1.40
0.00
0.00
0.30
2.80
0.00
0.00
0.70
19.30
0.00
0.70
0.00
0.30
0.00
0.00
0.00
0.00
0.00
5.00
0.00
0.00
0.00
0.00
0.00
0.00
0.00
0.00
0.00
0.50
2.00
0.10
0.00
0.00
0.00
4.30
0.20
0.00
4.50
7.90
1.20
0.20
1.80
0.00
0.00
0.00
0.00
0.00
0.30
0.00
13.90
0.70
0.90
0.00
0.00
0.00
0.00
0.00
0.00
16.80
19.90
0.20
0.00
37.10
0.00
0.00
0.00
0.00
0.20
0.00
0.00
0.00
0.00
0.00
0.00
0.00
0.10
0.00
0.00
0.00
0.10
0.30
0.00
0.00
0.00
0.00
1.00
18.50
0.40
0.00
0.00
0.00
0.00
0.10
0.00
0.00
0.00
0.00
0.00
0.00
0.00
0.00
0.10
0.00
0.00
1.40
0.10
0.00
0.00
0.00
0.10
0.00
0.00
0.00
0.00
0.00
0.00
0.00
0.00
0.00
0.00
0.00
0.00
0.00
0.00
0.00
0.00
0.00
0.00
0.00
5.50
35.10
21.60
0.00
0.00
0.00
0.00
0.00
0.00
0.00
0.00
0.00
0.00
0.00
0.10
0.00
0.00
0.00
0.00
0.00
0.00
0.10
0.00
0.40
0.10
0.10
0.20
0.20
0.10
0.10
0.00
0.00
0.10
8.10
0.60
0.00
0.00
0.00
1.10
0.80
0.00
0.00
0.00
0.00
0.10
0.00
0.00
0.00
0.00
5.20
0.00
0.00
0.10
0.10
0.10
0.20
0.10
0.00
1.40
0.00
0.10
1.10
0.00
20.10
0.10
0.00
0.00
1.30
0.10
0.10
0.00
0.00
0.00
0.10
5.80
1.40
0.00
2.60
0.00
0.00
0.10
3.10
0.00
0.10
0.00
9.40
0.20
0.00
0.00
0.00
0.00
1.20
7.10
0.20
0.00
0.00
0.00
0.00
0.00
0.00
0.00
0.00
0.00
0.10
0.20
0.00
0.00
0.10
0.00
0.00
0.10
0.00
0.00
0.00
0.00
0.00
0.00
0.00
0.00
0.00
0.00
0.00
0.00
0.00
0.00
0.00
0.10
0.00
0.10
0.00
0.10
0.00
0.00
0.00
7.80
0.10
0.20
0.00
11.40
0.00
0.00
0.00
0.00
0.00
0.00
0.00
7.20
5.10
0.10
0.00
0.00
0.00
0.00
0.00
0.30
2.80
7.10
1.00
0.00
2.10
0.20
0.80
0.00
0.00
0.00
0.00
0.00
0.00
0.00
0.00
0.00
0.00
0.00
0.00
0.00
0.00
0.10
0.90
5.30
0.00
0.00
0.10
0.00
0.00
0.00
0.10
0.00
0.10
0.40
0.00
0.70
11.10
0.10
6.50
0.00
9.40
6.70
0.00
0.00
0.00
0.80
0.00
0.00
0.00
0.00
0.00
0.00
0.00
0.20
0.00
5.30
0.40
0.00
19.80
10.70
0.10
0.00
0.00
0.00
0.00
2.50
0.20
0.40
0.00
0.00
0.30
0.00
0.00
4.10
0.10
0.00
0.00
5.80
22.10
0.10
0.00
0.00
0.00
0.00
0.00
0.00
0.00
0.00
0.00
0.00
0.00
0.00
0.00
0.00
0.00
0.00
3.90
0.00
0.00
1.70
0.00
0.00
0.00
2.80
0.50
0.10
3.00
0.50
0.30
0.00
0.50
0.00
0.00
0.00
0.00
0.00
0.00
0.00
0.00
0.00
0.00
0.00
23.30
3.60
46.20
1.20
0.00
0.00
0.10
0.00
0.00
0.00
0.00
0.00
0.00
0.10
0.00
0.70
11.00
0.10
0.00
0.00
0.00
0.00
13.40
0.00
0.00
54.90
0.00
0.00
0.70
0.00
0.00
0.10
0.00
11.10
5.10
0.20
0.00
0.10
0.00
44.50
0.30
0.30
0.20
0.00
0.10
8.90
3.50
0.10
0.20
0.00
0.00
1.20
0.10
3.20
0.00
0.00
0.10
0.00
0.00
0.00
0.00
0.10
0.00
0.00
0.00
0.00
0.00
0.00
0.00
0.00
0.00
0.00
0.10
0.00
0.00
5.80
15.90
0.00
0.10
0.10
0.00
0.00
0.80
2.30
0.10
0.10
6.20
0.30
0.00
0.00
0.00
0.00
0.10
0.00
0.00
0.00
0.20
1.00
9.90
1.30
11.00
40.80
19.40
0.00
0.00
1.00
3.90
0.10
0.00
0.00
0.00
0.00
0.00
0.00
0.20
0.10
2.90
7.60
0.00
0.10
0.00
0.00
0.00
0.10
0.20
0.00
0.10
0.10
0.00
0.00
0.10
0.00
0.00
0.00
0.00
0.00
0.00
0.00
0.10
0.10
0.10
0.10
0.10
0.20
0.10
0.20
0.00
0.00
0.00
2.90
0.00
1.40
11.30
0.80
0.00
0.10
0.10
0.00
0.00
0.00
0.00
0.00
0.00
0.00
1.00
0.00
0.00
5.30
6.50
0.00
0.00
0.00
0.00
0.00
0.00
0.00
0.00
0.00
0.00
0.00
0.00
0.00
0.00
0.00
0.00
0.00
0.00
2.40
0.10
0.00
0.00
0.00
0.00
0.00
0.00
0.00
3.40
0.00
0.00
0.00
0.00
0.00
0.00
0.00
0.00
0.00
0.00
0.10
0.00
0.00
0.00
0.00
0.00
8.40
4.30
0.20
1.50
0.20
0.00
0.00
0.00
0.00
0.00
0.00
0.00
0.00
0.00
0.00
0.00
0.00
0.00
0.00
0.00
0.00
0.00
0.00
0.00
0.00
0.00
3.60
0.10
2.00
3.00
0.00
0.20
0.10
0.00
0.20
0.40
13.30
0.00
0.00
0.70
0.10
0.00
0.00
0.00
0.00
0.00
0.00
0.00
0.00
0.00
0.00
0.00
0.00
0.00
0.00
0.00
0.00
0.00
0.00
7.80
2.20
0.00
0.00
0.00
0.00
0.00
0.00
0.00
0.00
0.00
0.00
0.70
0.10
0.00
0.00
0.00
0.00
0.00
9.20
7.50
4.70
3.70
2.30
0.10
0.00
0.40
0.10
5.40
0.00
0.00
0.00
0.00
0.00
0.00
5.90
0.10
0.00
0.00
0.00
0.00
0.00
0.00
0.00
0.00
0.00
0.00
0.00
0.00
0.00
0.00
0.00
0.00
0.00
0.00
0.00
0.00
0.00
0.00
0.00
0.00
0.00
2.00
1.40
0.20
0.00
0.60
0.00
0.00
0.00
0.00
1.80
2.40
41.30
2.10
0.00
0.00
0.00
0.00
0.00
0.00
3.30
0.00
0.00
0.00
0.00
20.20
0.00
8.60
0.10
0.20
13.50
0.30
0.00
3.90
2.40
0.00
0.00
0.00
0.00
0.00
0.00
0.00
0.00
0.20
0.00
20.30
27.00
1.40
0.00
0.00
0.00
0.00
0.00
8.40
0.00
0.30
0.00
0.00
0.00
0.00
0.00
0.00
0.00
0.00
0.00
0.00
0.00
0.00
0.00
4.00
0.00
0.00
0.00
2.40
4.20
1.10
0.00
0.00
0.00
0.00
0.00
0.00
0.00
0.20
0.10
0.00
1.00
2.70
0.00
0.00
0.00
0.00
0.00
0.00
0.00
0.00
0.00
0.00
0.00
4.20
4.60
0.70
0.00
0.00
0.00
0.00
30.40
0.10
0.10
0.00
0.00
0.00
0.20
0.20
0.20
0.30
0.20
0.40
0.10
0.20
0.00
0.20
0.10
0.00
0.00
0.00
0.00
0.00
0.00
0.00
0.00
0.30
0.00
0.00
0.00
0.00
0.00
0.00
0.10
0.30
0.10
0.10
0.00
0.10
0.20
0.10
0.00
0.20
0.10
0.10
0.00
0.00
0.10
0.00
0.40
0.00
0.20
0.10
0.00
0.10
0.20
0.10
0.20
0.00
0.00
0.10
0.20
0.80
0.00
0.60
0.30
0.00
0.00
0.00
0.00
0.00
0.00
0.00
0.00
0.00
0.00
0.00
0.00
0.00
0.00
0.00
0.00
0.00
0.00
0.00
0.10
0.40
0.20
0.10
0.00
0.00
0.00
0.00
0.10
0.00
0.00
0.00
0.90
2.50
0.00
0.00
0.00
0.40
0.40
4.80
1.00
0.00
0.00
0.00
0.00
0.00
0.00
0.00
0.40
0.00
0.00
0.00
0.00
25.30
4.40
0.20
0.00
0.00
0.00
0.50
0.00
0.00
0.00
0.00
1.10
0.10
0.00
0.00
0.00
2.30
0.00
11.90
0.30
0.10
1.20
13.70
3.00
0.20
0.00
0.00
0.00
0.00
0.00
0.00
0.00
0.00
0.00
9.50
0.00
0.00
7.60
21.30
0.00
0.00
0.10
0.00
0.00
1.00
0.00
0.00
0.00
0.00
0.00
0.00
0.00
0.00
0.10
24.50
0.00
0.40
0.20
0.00
0.00
1.70
7.90
0.00
0.50
0.00
0.00
0.00
0.00
0.00
0.50
0.00
1.60
16.00
5.20
0.20
0.00
0.80
6.00
0.00
0.00
0.00
4.20
0.00
0.00
0.00
3.70
0.00
0.00
0.00
0.00
0.00
2.10
0.00
0.00
2.30
0.00
0.00
0.00
1.10
0.00
0.00
0.00
0.00
0.00
0.00
0.00
0.00
0.00
0.10
6.90
0.10
0.00
0.90
0.00
0.00
0.00
0.00
0.00
0.00
0.20
0.00
0.00
0.00
0.00
0.00
0.00
0.00
0.00
0.00
0.00
0.00
0.20
0.60
0.00
0.00
0.00
0.00
0.00
0.00
0.00
0.00
0.00
0.00
0.00
0.00
0.00
15.40
0.10
0.00
0.00
0.00
0.10
0.00
0.00
0.00
0.00
0.00
0.00
0.00
0.00
0.10
0.00
0.00
0.00
0.00
0.00
0.00
0.00
0.00
0.00
0.00
2.40
9.90
0.00
0.00
3.90
0.00
0.00
0.00
0.00
0.00
0.00
0.00
0.00
3.80
0.00
0.00
0.00
0.00
0.00
0.00
0.00
0.00
0.00
0.00
17.80
1.30
0.00
0.00
5.70
2.30
0.00
0.00
0.00
0.00
0.00
0.00
0.00
0.00
2.30
0.10
2.10
0.10
4.60
0.30
0.00
0.00
0.00
3.70
0.00
0.00
0.00
13.50
0.10
0.00
0.10
0.00
0.00
12.60
15.80
1.40
0.10
0.00
1.00
0.00
0.10
0.00
0.00
2.70
0.00
0.40
1.00
0.00
0.00
0.00
0.00
0.00
0.20
0.20
0.00
0.00
1.80
4.90
0.10
0.00
0.00
0.00
0.00
0.00
0.00
0.00
0.00
0.00
0.00
0.00
0.00
0.00
0.40
9.80
9.70
40.80
0.10
0.00
38.80
0.10
0.10
0.00
0.00
0.20
0.10
0.00
2.30
0.00
0.00
0.10
0.00
0.00
0.00
0.10
0.10
0.10
0.10
0.10
1.30
0.00
0.00
2.20
7.10
0.40
0.00
0.20
0.10
0.10
0.10
0.00
0.00
0.00
0.00
0.10
0.00
0.20
0.00
0.00
0.10
0.00
0.00
0.00
0.00
0.00
0.00
0.00
0.00
0.00
0.00
0.00
0.00
0.00
0.00
0.00
0.00
0.00
1.90
0.00
2.60
1.80
21.10
3.50
0.00
0.00
0.00
0.30
1.50
0.10
0.00
0.70
0.00
0.00
9.60
0.00
0.00
0.00
0.00
14.60
4.10
0.00
0.00
0.00
0.00
0.00
0.00
0.10
0.00
0.00
1.20
0.00
0.10
0.00
0.00
0.00
0.00
9.30
6.10
0.00
0.00
0.00
0.00
0.00
0.00
0.00
4.90
0.10
0.00
0.00
0.00
0.00
0.00
0.00
0.00
0.00
0.00
0.40
57.10
24.20
0.10
0.50
0.20
0.00
0.00
0.40
2.60
0.50
0.00
0.00
0.00
0.00
0.00
0.00
0.00
0.00
0.00
0.00
0.00
0.00
0.00
0.00
0.00
0.50
1.10
0.00
0.00
0.00
0.00
0.00
0.90
10.40
15.40
0.10
0.00
3.40
0.00
0.00
1.80
0.10
0.00
0.00
0.00
0.00
0.10
0.00
8.90
0.00
0.00
0.00
0.00
0.00
0.00
2.90
0.00
0.00
0.00
0.00
0.00
0.00
0.00
0.00
0.00
0.00
0.00
0.40
0.00
0.00
6.20
0.90
3.30
0.40
0.00
0.00
0.00
0.20
0.00
0.00
0.00
0.00
0.00
0.00
0.00
0.00
0.00
0.00
0.00
2.50
0.00
0.00
0.00
0.80
0.80
0.00
0.70
0.00
0.00
2.20
0.00
0.00
0.00
0.00
0.00
0.00
0.70
0.00
0.00
0.00
0.00
0.00
0.00
0.00
0.00
0.00
0.00
0.00
0.00
3.40
0.00
0.20
0.00
0.00
0.00
0.00
0.00
0.00
0.00
0.00
0.70
0.00
0.00
0.00
0.00
0.00
0.00
0.00
7.80
0.00
0.00
0.00
0.00
0.00
6.70
0.00
0.00
0.00
6.60
0.00
0.00
0.00
0.00
0.50
0.00
0.00
0.00
0.00
0.00
1.90
9.00
0.20
0.00
0.10
1.30
0.00
4.90
0.00
0.10
0.90
0.00
0.00
0.00
0.00
3.50
33.20
0.20
0.00
3.60
0.00
0.00
0.00
3.10
0.00
0.00
7.60
0.00
0.00
0.00
0.00
3.00
0.00
0.00
0.00
0.00
0.00
0.00
0.00
0.00
0.00
0.00
0.00
0.10
0.10
0.10
0.10
0.00
0.00
18.30
43.70
0.00
0.10
0.00
0.00
0.00
0.00
0.20
0.20
0.10
0.00
0.00
0.00
0.10
0.20
0.10
10.50
0.00
0.00
0.00
0.00
0.00
0.00
0.00
0.00
0.00
0.00
0.00
0.00
0.00
0.00
0.00
0.00
0.00
0.00
0.00
0.00
0.00
0.00
0.00
0.00
0.00
0.00
0.00
0.00
0.00
0.00
0.00
0.00
0.00
0.00
0.00
0.00
0.20
0.00
0.20
0.00
1.10
0.00
0.00
0.10
0.20
0.10
0.10
0.00
0.10
0.20
0.10
0.10
1.60
0.00
0.50
0.10
0.10
0.00
0.00
0.00
0.00
0.00
8.00
19.10
0.20
0.00
0.00
0.80
0.00
1.90
1.30
0.10
0.00
0.00
0.00
0.10
0.10
0.00
0.00
0.00
0.00
1.60
50.30
0.10
0.00
0.00
0.10
0.10
2.30
0.10
0.00
12.90
28.20
1.50
0.00
0.00
0.00
0.00
0.00
4.10
0.00
0.00
0.00
0.00
0.00
0.00
0.00
0.00
0.00
0.00
0.00
0.00
0.00
3.50
1.40
34.70
4.10
2.60
0.00
0.00
5.80
0.00
0.00
0.00
0.50
1.40
0.10
0.00
0.30
0.60
0.80
0.00
0.90
0.10
2.70
2.90
0.00
0.00
0.00
27.40
3.00
0.20
0.00
0.00
0.00
0.00
0.00
0.00
0.00
0.00
0.00
0.00
1.50
0.10
10.10
0.30
6.10
28.20
0.00
4.60
9.40
0.00
0.00
0.00
0.00
0.00
0.00
0.00
0.00
0.00
0.00
0.00
0.00
0.00
0.00
5.80
0.00
5.60
0.20
0.00
0.10
0.00
5.30
20.70
8.20
0.10
3.30
0.00
19.50
2.50
0.00
0.00
0.00
0.00
0.00
7.30
0.00
9.90
0.70
0.00
0.00
0.00
0.00
0.00
18.20
0.10
11.80
0.10
0.00
0.00
2.40
0.00
37.90
9.60
5.10
0.70
0.00
0.60
0.00
2.00
0.00
0.00
0.00
0.00
0.00
0.00
0.00
0.00
0.00
0.00
0.00
0.00
0.00
0.00
0.00
39.60
0.10
0.00
0.00
0.00
0.00
0.00
0.00
0.00
0.00
0.00
3.90
0.00
0.00
0.50
0.00
0.00
0.00
23.10
0.00
0.00
0.00
1.40
0.00
0.00
0.20
0.80
0.00
0.00
0.00
0.00
0.00
0.00
0.00
0.00
0.00
0.00
0.00
3.80
0.00
0.00
0.00
4.80
1.30
0.00
0.60
19.40
4.60
0.00
1.30
6.10
0.10
0.00
0.00
0.00
0.00
30.70
0.00
0.00
0.00
0.00
0.10
7.80
0.00
0.00
0.00
0.00
0.00
0.00
0.00
6.30
0.00
0.00
0.00
0.00
0.00
13.20
0.10
0.00
0.00
4.00
0.10
0.20
0.00
0.10
0.00
0.00
0.00
0.00
0.00
0.00
0.00
0.00
0.00
0.00
0.00
0.00
0.00
0.00
0.00
0.00
0.80
0.10
12.60
0.10
0.10
0.00
0.00
80.50
5.00
0.10
0.70
1.40
0.10
0.30
0.00
0.00
0.00
0.10
0.10
2.30
13.50
13.90
0.10
2.10
38.90
1.10
0.10
0.20
0.00
20.00
0.10
0.00
0.00
13.90
0.00
0.00
0.00
0.00
0.00
20.40
0.10
4.50
0.00
11.10
6.70
0.20
0.10
6.50
0.20
0.10
2.10
0.00
0.00
0.10
1.90
0.20
0.10
0.10
0.30
0.20
0.10
0.10
0.10
0.20
0.00
0.20
0.10
3.00
0.00
0.00
0.60
0.00
0.30
0.00
0.00
0.10
0.20
0.10
0.10
0.10
0.20
0.10
0.10
0.10
0.30
0.00
0.00
0.00
0.20
0.10
0.20
0.00
0.00
0.00
0.00
0.00
0.00
0.00
0.00
0.00
0.10
0.10
0.00
0.00
0.10
6.60
0.20
0.00
1.90
0.00
0.00
0.00
0.50
1.10
0.00
0.00
0.00
1.30
0.00
0.00
0.00
0.00
0.00
0.00
0.10
0.00
0.00
0.00
0.00
0.00
0.20
0.00
0.00
0.00
0.10
0.00
0.00
0.10
0.10
0.00
0.00
0.00
0.00
0.00
0.00
0.00
0.00
0.00
0.00
0.00
5.00
0.10
0.00
0.00
0.00
0.00
0.00
0.10
0.00
0.00
0.00
0.00
0.00
0.00
0.00
0.00
0.00
0.00
0.00
0.00
0.00
0.00
0.00
0.00
0.00
0.00
0.00
0.00
0.20
0.00
17.10
1.40
0.10
0.20
1.10
0.50
0.00
0.00
0.00
0.00
0.80
0.00
0.00
0.00
0.00
9.50
0.00
0.20
0.00
0.70
12.40
0.00
0.00
0.00
0.60
0.10
0.00
1.90
17.00
0.20
0.00
0.00
0.00
0.00
0.00
0.00
0.00
0.10
0.00
0.00
0.00
2.60
7.20
0.00
5.20
0.10
0.00
0.00
0.00
20.60
0.20
0.10
0.00
0.00
0.00
0.00
0.00
0.00
0.00
0.00
0.00
0.00
0.00
0.00
0.00
0.00
0.10
9.10
0.10
0.00
0.00
0.00
0.00
0.00
0.00
0.00
0.00
0.30
0.00
0.00
0.00
0.00
0.00
0.00
0.00
0.00
0.00
0.00
0.00
0.00
0.00
0.00
0.20
1.00
3.00
15.40
0.00
0.00
0.00
0.00
0.00
0.00
0.00
27.90
0.00
0.00
0.00
0.00
0.00
0.00
0.00
0.00
0.10
1.30
0.00
0.00
0.00
0.00
0.00
0.00
0.00
0.00
0.00
0.00
0.00
0.00
0.00
0.00
2.50
12.30
0.00
0.00
0.00
0.00
0.00
0.00
0.00
2.70
0.00
0.00
0.00
0.00
0.00
0.00
2.20
0.00
0.00
0.00
0.00
11.00
0.00
0.00
0.00
0.00
0.00
0.00
0.00
0.30
13.70
0.90
0.00
0.20
0.00
0.00
0.00
0.00
3.00
0.00
0.00
7.80
0.00
0.00
0.00
0.00
0.00
0.00
0.00
0.10
0.00
0.00
0.00
0.00
0.00
0.00
0.00
0.00
0.00
0.00
0.00
0.00
0.00
0.00
7.60
0.00
0.00
0.00
0.00
0.00
11.20
0.00
82.80
10.10
0.10
0.00
0.00
0.00
0.00
0.20
0.00
0.00
1.40
0.70
0.10
1.60
0.80
0.00
0.00
0.00
0.00
0.50
0.00
0.00
0.00
1.80
0.20
0.10
0.10
0.00
0.00
0.10
0.00
18.90
0.00
0.00
0.00
0.10
0.00
0.00
0.00
0.00
0.30
0.00
0.00
17.30
1.90
0.00
0.00
0.20
0.00
0.00
0.00
0.00
0.00
0.00
0.00
0.10
0.30
0.00
3.00
15.80
4.20
0.00
0.00
0.00
0.10
0.10
0.10
0.10
0.00
0.00
0.20
0.00
0.20
0.20
0.10
0.10
0.00
0.10
0.00
0.20
3.50
0.00
0.10
0.00
0.00
0.00
0.00
0.20
0.00
0.30
0.00
33.00
20.50
15.90
0.20
0.00
0.00
0.00
0.00
0.10
0.00
0.00
0.10
0.10
0.00
0.00
0.00
0.00
0.00
0.00
0.10
0.00
0.00
0.00
0.10
0.00
0.30
0.10
0.20
0.00
0.00
0.10
0.00
0.00
0.00
0.10
0.00
0.00
0.00
0.00
0.00
0.00
8.60
0.00
0.00
0.00
0.60
0.00
0.00
0.00
0.00
0.00
0.00
0.00
0.00
0.10
25.50
0.00
0.00
0.00
0.10
0.00
0.00
5.00
0.10
0.20
0.00
0.10
0.00
1.00
0.90
3.50
4.20
0.40
0.00
0.00
0.00
0.00
0.00
0.00
0.00
0.00
0.00
0.00
14.30
0.00
0.00
0.00
0.00
2.70
24.10
12.80
21.90
0.00
0.00
0.20
0.00
3.20
6.50
1.40
0.00
0.00
0.00
0.00
0.00
0.00
0.00
0.00
0.00
0.00
0.00
34.60
0.00
0.20
0.10
13.30
0.30
8.80
0.10
0.00
0.00
0.00
0.00
0.00
2.40
0.00
0.00
0.00
0.00
0.00
5.70
0.30
0.00
21.80
0.30
18.50
3.50
0.00
0.40
41.70
0.00
1.20
0.10
0.20
1.10
0.00
0.00
0.00
15.30
0.00
5.90
0.00
0.00
0.00
0.00
0.00
0.00
0.00
0.00
0.00
0.00
0.00
0.10
0.00
29.90
2.70
0.00
0.00
0.00
0.00
0.00
0.00
0.00
0.00
0.00
5.40
0.10
0.00
0.00
0.00
0.00
0.00
0.00
0.00
0.00
0.00
0.90
0.00
0.00
0.00
0.00
0.00
0.00
0.00
0.00
0.00
1.90
0.00
0.00
0.00
0.00
0.00
0.00
0.00
0.00
0.50
0.00
0.00
0.00
0.00
0.00
0.00
0.00
0.00
0.00
0.00
0.00
0.00
0.10
0.10
0.00
25.70
2.20
0.00
0.00
0.00
0.00
0.00
0.00
0.00
0.00
0.70
1.40
8.40
0.10
0.00
0.00
0.00
0.00
0.00
6.00
0.00
3.90
1.00
0.00
17.60
0.00
0.00
0.00
0.30
0.10
0.00
0.00
0.00
0.00
0.10
9.20
0.00
0.00
0.00
0.00
0.00
0.00
0.00
7.10
0.00
0.00
0.00
12.00
0.20
0.00
0.00
0.00
0.00
0.10
0.00
4.20
0.10
0.00
0.00
0.00
0.00
0.00
0.00
0.00
0.00
0.00
0.00
8.70
15.30
0.00
0.50
7.30
0.40
0.20
0.00
0.10
0.10
0.00
0.10
0.00
0.20
0.00
0.10
0.10
0.00
0.00
0.00
0.00
0.00
0.00
1.60
11.50
8.10
0.00
0.00
0.20
0.00
0.00
0.00
0.00
0.00
2.30
0.10
0.00
0.20
2.40
0.00
0.00
0.00
0.00
0.10
2.80
2.80
0.80
3.50
0.00
0.10
0.00
0.00
0.00
0.00
0.00
0.00
0.00
0.00
0.00
0.00
0.00
0.00
0.00
0.00
0.20
0.00
0.00
6.10
1.30
0.00
0.00
0.00
0.00
0.00
0.20
0.00
0.00
0.00
0.20
0.00
3.70
0.10
0.00
0.00
0.00
0.00
0.00
0.00
0.30
1.70
0.10
0.00
0.00
0.00
0.20
0.00
0.00
2.00
1.00
0.00
0.00
1.00
0.00
3.90
0.10
0.00
0.00
0.10
0.10
0.00
0.00
9.90
0.00
0.00
0.00
0.20
0.20
0.50
0.00
0.00
0.00
0.00
0.00
0.00
0.20
4.40
0.10
0.00
0.00
0.00
0.20
0.00
