20000101
0.00
0.20
0.00
0.40
0.40
0.20
0.00
0.20
0.20
0.00
0.00
0.00
0.00
0.40
2.00
0.20
0.20
0.20
0.00
0.00
0.00
0.00
0.00
0.00
0.00
0.00
0.00
0.20
0.20
0.00
0.00
0.20
0.00
0.00
0.00
0.00
0.00
0.00
0.00
0.00
0.00
0.00
0.00
0.00
0.00
0.00
0.00
0.00
0.00
0.00
0.00
0.00
0.00
0.00
0.00
0.00
0.00
0.00
0.00
0.00
0.20
0.00
0.00
0.00
0.00
0.00
0.00
0.00
0.00
0.00
0.00
0.00
0.00
0.00
0.00
0.00
0.00
0.00
0.00
1.80
0.00
0.00
8.30
0.00
0.20
0.00
0.00
2.00
0.40
9.40
13.50
-99.00
-99.00
-99.00
-99.00
-99.00
-99.00
-99.00
-99.00
-99.00
6.00
2.00
0.00
0.00
1.60
1.80
11.90
0.00
0.60
0.00
0.00
0.00
4.20
0.20
0.00
0.00
0.00
4.40
0.40
0.00
0.00
0.00
0.00
0.00
0.00
11.50
0.20
0.60
0.40
5.00
9.90
0.20
0.00
0.00
0.00
0.00
0.00
0.20
0.00
0.00
0.00
29.00
0.60
0.20
0.00
0.60
6.90
0.00
0.00
0.00
0.00
0.00
0.00
0.00
0.00
0.20
19.90
0.00
0.00
0.00
34.20
26.00
2.60
0.00
2.40
0.00
0.00
0.00
0.00
0.00
0.00
0.00
0.00
0.00
0.00
0.00
0.00
0.40
0.00
0.00
0.00
0.00
0.00
0.00
0.00
0.00
0.00
0.00
0.00
0.00
0.00
0.00
0.00
0.00
0.00
0.00
0.00
0.00
0.00
0.00
0.00
0.00
0.00
0.00
1.60
0.00
0.00
0.00
0.00
0.00
0.00
0.00
0.00
0.00
0.00
0.00
0.00
0.00
0.00
0.00
0.00
0.00
0.00
0.20
0.00
0.00
0.00
0.00
0.00
0.00
0.00
0.00
0.00
0.00
0.20
0.00
0.00
0.00
0.00
0.00
0.00
0.80
3.20
0.00
0.00
0.00
0.00
0.00
0.00
0.00
0.00
0.00
0.00
0.00
0.00
0.00
0.00
0.00
0.00
0.00
0.40
0.20
1.00
0.60
0.00
0.00
0.00
0.00
0.00
0.40
0.00
13.50
0.00
0.00
0.00
0.00
0.00
0.00
0.00
0.00
0.00
0.00
0.00
0.20
3.20
1.20
1.00
0.00
0.00
0.00
0.00
0.00
0.00
0.00
44.30
38.30
0.60
0.00
0.00
0.20
0.00
0.20
0.40
0.20
7.20
0.00
5.80
0.60
0.00
3.20
5.00
0.00
0.00
0.00
0.00
0.00
0.00
3.40
0.00
0.00
0.20
0.00
0.00
0.00
0.00
0.00
5.60
6.20
0.00
0.00
1.00
1.20
0.20
26.20
0.20
1.20
0.20
0.00
0.00
0.20
3.00
2.60
0.00
0.00
0.00
0.00
0.40
0.20
0.20
0.20
0.00
0.00
0.20
0.00
0.20
0.20
10.40
3.00
13.20
0.40
0.60
0.00
1.80
0.00
0.80
0.00
0.00
2.20
0.00
0.20
0.00
0.00
0.00
0.00
0.00
0.00
5.20
0.00
0.60
0.00
3.80
0.80
0.00
1.60
0.20
0.00
0.00
0.00
0.00
0.00
0.40
4.00
0.00
2.80
0.00
0.00
0.00
0.00
0.00
0.00
0.00
0.00
0.00
0.00
0.00
0.00
0.00
0.20
0.00
0.20
3.60
0.80
0.00
0.00
0.00
0.00
0.00
0.00
0.00
0.20
0.00
0.00
0.00
0.20
0.00
0.80
1.80
-99.00
0.00
0.60
0.00
10.60
0.00
0.00
0.60
0.00
3.40
0.00
0.00
0.00
0.20
0.80
0.00
0.00
0.00
0.00
0.00
0.00
0.00
0.00
0.00
0.00
0.00
2.60
0.00
0.00
0.00
0.00
0.00
0.00
0.00
0.00
0.00
0.00
0.00
0.00
0.00
0.00
6.70
0.00
0.00
0.00
0.00
0.00
0.00
0.00
0.00
0.00
0.00
0.00
0.00
0.00
2.60
0.00
9.80
35.20
11.90
0.00
1.80
0.00
0.00
0.00
0.00
0.00
3.80
19.20
0.00
0.00
0.00
1.00
0.00
0.00
11.90
0.00
0.00
0.80
0.00
0.00
0.00
0.00
0.00
0.00
0.00
0.00
0.00
0.00
0.00
0.00
0.00
0.00
0.00
0.00
0.00
0.00
0.00
0.80
5.60
0.00
0.00
0.00
0.00
1.40
0.00
0.00
0.00
0.00
0.00
0.00
0.00
0.00
0.00
0.00
0.00
0.00
0.00
0.00
0.00
0.00
0.00
2.40
0.40
0.60
0.00
0.00
0.00
15.40
0.00
0.00
0.00
0.00
8.70
0.00
1.20
0.00
0.00
2.60
0.00
0.00
0.00
0.00
0.00
0.00
0.00
0.00
0.20
0.00
0.00
0.00
0.20
0.00
0.00
0.00
0.00
0.00
0.00
0.00
0.00
0.00
0.00
0.00
0.00
1.60
1.80
6.20
0.00
0.00
0.20
0.00
0.00
0.00
0.00
0.00
0.00
0.00
0.00
0.00
0.00
0.00
0.00
0.00
0.00
0.00
0.00
0.00
0.00
0.00
0.00
0.00
0.00
0.00
0.00
0.00
0.00
0.00
0.00
0.00
0.00
0.00
1.80
0.00
12.80
0.20
-99.00
0.20
0.00
0.00
3.20
0.00
0.20
0.00
0.00
5.50
0.00
0.00
0.00
0.00
0.00
1.00
0.00
0.00
0.00
0.60
0.00
0.20
0.00
0.20
7.90
3.20
5.80
0.00
0.00
0.00
0.00
0.00
0.20
0.20
0.00
0.20
0.20
0.00
0.00
0.00
0.00
0.00
0.00
0.00
0.00
0.00
0.00
0.00
0.20
0.00
0.00
5.00
7.60
27.40
13.40
0.20
0.20
0.00
0.00
0.20
0.20
0.00
0.00
0.20
0.00
0.00
0.20
0.00
0.40
0.40
0.00
0.00
0.20
0.40
0.40
0.00
0.20
0.00
0.20
0.00
0.00
0.00
0.00
0.00
0.00
0.00
0.00
0.00
0.00
0.00
0.00
0.00
0.00
0.00
0.00
0.00
0.80
0.00
2.60
1.20
6.60
4.20
4.20
0.00
0.00
0.00
0.00
0.00
0.00
0.20
0.00
6.00
0.20
0.00
0.00
0.00
0.20
0.00
0.20
0.20
2.60
3.60
0.00
0.00
0.00
0.20
0.20
0.00
0.20
0.00
0.00
0.00
0.20
0.00
5.40
0.00
0.00
0.00
0.00
0.00
0.00
0.00
0.00
0.20
0.00
0.00
0.00
0.00
0.00
0.00
0.00
0.00
0.00
0.00
0.00
0.00
0.00
0.00
0.00
0.00
0.00
0.00
12.00
0.00
0.00
0.00
0.00
0.00
0.00
0.00
8.90
0.00
0.00
0.00
1.00
0.00
0.00
0.00
0.00
0.00
0.00
0.00
0.00
0.00
0.00
0.60
3.60
0.00
0.00
0.00
3.20
19.20
1.00
0.00
8.00
5.80
9.20
0.00
6.00
3.20
4.20
0.20
0.00
0.00
0.00
0.00
0.00
0.00
0.00
0.00
0.00
0.00
0.00
0.00
0.00
0.00
0.00
0.00
0.00
0.80
0.00
0.00
0.00
0.00
3.80
16.20
20.60
0.60
0.20
0.00
0.00
0.00
0.00
0.00
0.00
2.00
0.00
0.00
0.00
0.00
3.40
0.00
0.00
0.00
1.20
0.20
0.00
0.00
0.00
0.00
0.00
0.00
0.00
8.80
8.20
0.00
2.20
10.70
0.00
0.00
0.00
0.00
0.00
0.00
0.00
0.00
0.00
0.00
0.00
0.00
0.00
0.00
0.00
0.00
0.00
0.00
0.00
0.00
0.00
0.00
0.40
0.00
0.00
0.00
0.00
0.00
0.00
0.40
0.00
0.00
0.00
7.70
0.00
0.00
0.00
0.00
0.00
0.00
0.00
0.00
0.00
0.00
0.00
0.00
0.00
0.00
0.00
0.00
0.00
0.80
0.00
1.40
0.00
0.00
0.00
0.00
0.00
0.00
5.00
2.60
0.00
0.00
0.00
0.00
0.00
4.80
0.00
0.00
0.00
0.00
0.00
0.00
0.00
6.20
6.60
0.00
0.00
0.00
0.00
0.00
0.00
0.00
0.00
0.00
9.70
0.40
0.20
0.00
0.00
9.30
0.20
0.00
0.00
0.20
0.00
0.00
0.00
0.00
0.80
0.40
0.00
2.60
0.00
0.00
0.00
0.00
0.00
0.00
0.00
0.00
0.00
0.00
0.00
11.80
0.00
0.00
0.00
0.00
0.00
0.80
32.00
4.60
0.00
0.00
0.00
0.00
0.00
0.00
0.00
0.00
0.00
0.40
0.00
0.00
0.00
0.00
0.00
0.00
0.00
0.00
0.20
0.80
0.00
0.20
0.20
0.00
0.00
0.00
0.40
0.00
0.00
0.00
0.00
0.00
0.00
0.80
0.20
0.00
0.00
0.00
0.00
0.00
9.20
0.40
0.00
0.00
3.40
0.00
0.00
0.00
0.80
0.00
0.00
1.00
0.00
0.00
0.00
0.00
0.00
0.00
0.00
0.80
3.40
0.20
0.20
0.20
2.80
0.00
0.20
0.60
0.20
1.20
1.00
0.00
0.00
0.20
0.20
0.00
0.00
1.00
0.00
0.00
4.80
0.00
0.00
0.20
0.20
0.00
11.40
0.80
0.00
0.00
1.00
0.00
0.00
0.00
0.00
0.00
0.00
0.20
0.00
0.00
2.00
3.20
0.20
0.00
0.00
0.00
0.00
0.00
0.00
0.00
0.00
0.00
0.00
0.00
0.00
0.00
0.00
0.00
0.00
0.00
0.00
0.00
0.00
0.00
0.00
0.20
0.00
0.60
0.00
0.00
0.00
12.00
49.90
0.00
0.40
0.00
0.00
0.80
7.00
0.00
0.00
0.00
0.00
0.00
0.00
0.40
0.20
0.00
0.00
0.00
0.00
0.00
0.00
0.00
0.00
0.40
0.00
0.00
0.00
0.00
0.00
0.00
0.00
0.00
0.00
0.00
0.00
0.20
5.20
0.00
1.20
0.20
0.00
0.00
0.00
0.00
0.00
0.00
0.00
0.00
9.60
0.00
0.20
0.00
0.00
1.40
7.10
0.00
0.00
0.00
1.00
-99.00
-99.00
0.20
0.00
0.00
0.00
0.00
0.00
0.00
0.00
0.00
0.00
0.00
0.00
0.00
0.20
46.70
15.80
1.60
0.00
0.00
0.00
0.00
0.00
0.00
0.00
2.60
0.00
0.00
5.70
0.00
0.00
0.00
0.00
7.60
0.20
0.00
0.00
0.00
0.00
0.00
0.00
0.00
0.00
0.00
0.00
3.40
0.00
0.00
3.00
0.00
0.00
0.00
0.00
0.00
0.80
0.00
0.00
11.50
0.00
0.00
0.00
0.00
0.00
0.00
0.00
0.00
0.00
7.70
0.00
0.00
0.00
0.00
0.00
0.00
0.00
1.20
0.00
0.00
0.00
1.00
0.00
0.00
0.00
0.00
0.00
0.00
0.00
0.00
0.00
0.00
1.80
0.00
0.00
0.00
0.00
0.00
0.00
0.00
0.00
0.00
0.00
0.00
0.00
0.00
0.00
0.00
0.00
0.00
0.00
0.80
0.00
0.00
0.00
0.00
0.00
0.00
0.00
1.00
11.70
0.20
0.00
0.00
0.20
0.20
0.20
0.00
0.00
0.00
0.00
0.00
0.00
0.00
31.70
3.00
3.40
9.10
5.20
0.20
0.00
17.00
6.90
0.00
0.00
0.00
0.00
0.00
0.00
0.00
0.00
0.00
0.00
0.00
0.00
0.00
1.00
0.00
0.00
0.00
0.00
1.80
6.70
0.60
13.60
3.00
0.00
0.00
0.00
0.00
0.00
0.00
0.00
0.00
0.00
0.00
0.20
0.00
0.20
10.80
4.00
34.30
7.80
7.50
0.60
0.00
0.00
0.00
0.00
0.00
18.90
0.60
3.40
0.00
0.00
3.40
0.00
0.00
0.00
0.00
0.20
0.00
0.20
1.40
0.20
20.30
0.20
0.00
0.00
0.00
1.60
9.80
0.20
0.00
0.20
0.20
0.20
0.60
0.20
0.00
0.00
2.20
4.20
0.00
0.00
0.00
4.80
0.00
0.00
4.40
0.80
0.80
1.00
2.60
0.00
0.00
0.20
0.20
0.20
0.20
0.00
0.00
0.00
1.60
0.00
0.20
0.20
0.00
0.00
0.00
0.20
0.20
0.00
2.00
0.00
0.00
0.00
0.20
0.00
0.00
0.00
0.00
0.20
0.20
0.20
0.00
0.00
0.00
0.00
0.00
0.00
0.00
0.20
2.20
0.00
0.00
0.00
0.00
0.00
0.00
0.40
1.20
0.60
0.20
0.00
0.00
0.80
0.20
0.20
0.40
0.40
0.40
0.60
0.20
0.20
0.00
0.00
0.20
0.20
-99.00
-99.00
-99.00
0.00
0.20
0.00
0.00
0.00
11.00
1.20
0.00
0.00
4.00
9.60
20.20
0.00
0.00
0.00
0.00
0.00
0.00
0.00
0.00
0.00
0.00
0.00
0.00
0.40
0.00
0.00
0.20
0.00
0.00
0.00
0.00
0.00
0.00
0.00
0.00
0.00
0.00
0.00
0.00
0.00
16.80
4.60
16.00
3.00
0.60
2.20
0.60
0.00
0.00
0.00
0.00
0.00
18.40
0.40
0.00
0.00
0.00
0.00
0.00
0.00
28.20
0.00
0.00
0.00
0.00
0.00
17.00
2.00
0.00
0.00
0.00
3.00
11.80
4.60
0.00
0.00
1.60
32.40
1.60
4.80
0.00
0.80
0.00
0.00
0.00
10.00
0.40
0.00
0.00
0.60
0.00
0.00
0.00
0.00
0.00
0.00
0.00
0.00
0.00
0.00
0.00
0.00
0.00
0.00
0.00
0.00
0.00
0.00
0.00
0.00
0.00
0.00
0.00
0.00
0.00
0.00
0.60
0.60
0.00
2.40
1.40
0.00
0.00
0.00
0.00
0.00
0.00
0.00
0.00
0.00
0.00
0.00
0.00
0.00
0.00
0.00
0.00
0.00
0.00
0.00
1.20
3.00
4.40
0.20
0.00
18.00
1.60
0.00
0.00
0.00
0.00
0.00
0.40
0.00
0.00
0.00
0.00
0.00
0.00
0.00
0.00
0.00
0.00
0.00
0.80
0.00
0.00
0.00
0.00
0.00
0.00
0.00
0.00
1.40
0.00
0.00
0.00
0.00
0.00
0.00
0.00
0.00
0.00
0.80
0.20
0.00
0.00
0.00
0.00
1.80
0.00
0.00
0.00
0.00
0.00
0.00
0.00
0.00
0.00
0.00
1.20
0.60
0.00
0.00
0.00
0.00
-99.00
0.00
0.00
0.00
0.00
0.00
0.40
0.00
0.00
0.00
0.00
0.00
0.00
0.00
0.00
0.00
0.00
0.00
0.00
0.00
0.00
0.00
0.00
0.20
0.00
0.00
0.00
0.00
0.00
0.00
0.00
0.00
0.00
0.00
0.00
0.00
0.00
0.00
0.00
0.60
0.40
0.20
2.20
0.20
0.00
0.00
6.40
0.00
13.80
0.00
0.60
0.20
0.00
0.00
0.00
0.20
0.00
0.20
0.00
0.00
0.00
0.00
0.00
0.00
0.00
0.00
0.00
0.00
0.00
0.00
0.00
-99.00
-99.00
0.00
0.00
0.00
0.00
0.00
0.20
0.00
0.60
2.60
0.00
9.10
0.00
0.20
4.80
2.60
0.00
1.20
8.40
4.60
0.20
0.20
0.00
0.20
0.40
0.00
0.00
0.00
0.00
0.00
0.00
0.00
0.00
0.00
0.40
1.00
0.00
0.00
0.00
0.00
0.00
0.00
0.00
0.20
0.00
0.40
0.20
0.20
0.20
0.20
0.00
0.60
0.20
0.00
0.00
0.00
0.40
0.00
0.40
0.00
0.00
0.00
0.00
0.00
0.00
0.00
0.00
0.00
0.00
0.00
0.00
0.00
0.00
0.00
0.00
0.00
0.00
0.00
0.60
0.20
1.20
2.20
0.00
0.20
0.00
0.00
0.00
0.00
0.00
0.00
0.00
0.00
0.00
0.00
1.20
0.40
0.00
0.00
0.00
0.00
0.00
1.80
0.00
0.00
0.00
0.00
0.00
0.00
0.00
0.00
0.00
0.00
0.00
0.00
0.00
0.00
0.00
0.00
0.00
0.00
0.00
0.00
0.00
10.50
0.00
0.00
0.20
0.00
0.00
0.00
0.00
0.00
0.00
3.20
0.00
0.00
0.00
0.00
0.00
0.20
0.00
0.00
0.00
0.00
0.00
0.40
0.40
0.00
0.00
0.00
0.00
0.00
0.00
0.00
0.00
0.00
0.00
0.00
0.00
0.00
0.00
0.00
0.00
0.20
0.00
0.00
0.00
0.00
0.00
0.00
1.00
1.20
2.60
0.20
8.70
-99.00
1.40
12.70
7.40
0.00
0.00
0.00
0.00
0.20
0.00
0.00
0.00
0.00
0.00
0.00
0.00
0.00
0.00
0.00
0.00
0.00
0.00
0.00
0.00
0.00
0.00
0.00
0.00
0.60
0.00
1.60
0.00
0.00
0.00
0.00
0.00
0.00
3.60
0.60
0.00
0.20
0.00
0.00
0.00
0.20
1.40
0.00
0.00
0.00
0.00
0.00
2.40
0.00
0.00
0.00
0.00
0.00
0.00
0.00
0.00
0.00
0.00
0.00
0.00
0.00
0.00
0.00
0.00
0.00
0.00
0.00
0.00
0.00
0.00
0.00
4.00
1.00
0.00
0.00
8.20
0.00
0.00
0.00
0.00
0.00
0.00
0.00
6.20
4.40
0.20
0.00
0.00
0.00
0.00
0.20
0.40
0.00
0.00
0.00
0.00
0.00
0.00
0.00
0.00
0.00
0.00
0.00
0.00
0.00
0.00
0.00
0.00
0.00
0.00
0.00
0.20
17.70
3.40
0.00
0.00
0.00
0.00
0.00
0.00
0.00
1.80
0.80
0.00
0.00
0.00
0.00
0.00
0.00
0.00
2.40
0.00
0.00
0.00
0.00
0.00
0.00
0.00
0.00
0.00
0.00
0.00
0.00
0.00
0.00
1.60
0.00
0.20
14.00
5.60
17.50
0.20
0.20
1.80
0.00
0.00
0.80
0.00
20.00
0.00
0.20
0.00
0.00
1.80
0.20
0.00
1.40
0.00
0.00
0.00
0.00
0.00
0.00
0.00
0.00
27.00
0.80
5.00
1.80
33.80
9.40
0.40
0.00
0.00
0.00
0.20
0.00
0.00
0.20
0.00
0.00
0.00
0.00
0.00
0.00
0.00
0.00
0.00
6.40
0.00
0.20
0.40
0.00
0.00
0.00
0.20
0.00
0.00
0.20
0.00
0.20
0.00
0.20
0.00
0.00
0.20
0.20
0.00
0.00
0.00
0.00
0.20
0.00
0.20
0.40
0.00
0.00
0.00
0.20
0.00
0.00
0.00
0.00
1.40
5.60
4.40
6.80
2.60
0.00
0.00
0.20
0.40
0.60
0.20
0.00
0.00
0.00
0.40
0.00
0.00
0.00
0.20
0.00
0.00
0.00
2.20
4.40
6.50
0.00
0.20
0.20
0.40
0.20
0.00
0.20
0.00
0.20
0.00
0.00
0.00
0.00
0.00
0.20
0.00
0.00
0.00
0.00
0.20
0.00
0.00
0.00
0.00
0.00
0.00
1.80
0.00
0.00
0.00
0.00
0.00
0.20
0.80
0.00
0.00
0.00
0.00
0.00
0.00
0.00
0.00
0.00
0.00
0.00
0.00
0.20
0.60
4.80
0.00
0.00
0.60
0.00
0.00
0.00
0.00
0.00
0.00
0.00
0.00
0.00
0.00
0.00
0.00
0.00
0.00
0.00
0.00
0.00
0.00
0.00
0.00
0.00
0.00
0.20
1.20
2.40
0.00
0.00
0.00
0.00
-99.00
-99.00
-99.00
-99.00
-99.00
-99.00
-99.00
-99.00
-99.00
-99.00
-99.00
-99.00
-99.00
-99.00
-99.00
0.00
0.00
0.00
0.00
0.00
0.40
0.80
0.00
0.00
0.00
0.00
0.00
0.00
0.00
0.00
0.00
0.00
0.00
0.00
0.00
0.00
0.00
0.00
0.00
0.20
0.00
0.00
0.00
0.00
0.00
0.00
0.00
0.00
0.00
0.20
0.00
0.00
0.00
0.00
0.00
1.00
0.00
2.60
0.00
0.00
0.00
0.00
0.00
0.00
0.00
0.00
0.00
0.00
0.00
0.00
0.40
0.00
0.00
0.00
7.50
0.00
0.00
0.00
0.00
0.00
0.00
0.00
0.00
0.00
1.80
0.20
0.00
0.00
0.00
0.00
0.00
0.00
0.00
0.00
0.00
0.00
0.00
0.00
0.00
0.00
0.00
0.00
0.00
0.00
0.00
0.00
0.00
0.00
0.00
0.00
0.00
0.00
0.00
0.00
0.00
24.20
4.60
0.00
0.00
0.00
0.00
0.00
0.00
0.20
0.00
0.00
0.00
0.00
0.00
0.00
0.00
0.00
0.00
0.00
0.00
0.00
0.00
0.00
2.40
0.00
0.00
0.00
0.00
14.30
55.60
16.90
0.00
1.20
0.00
0.00
0.00
0.00
0.00
0.00
0.00
0.00
0.20
0.00
0.00
0.00
0.00
0.00
0.00
0.00
0.00
0.00
0.00
0.00
0.00
0.00
0.20
0.00
19.20
0.00
0.00
0.00
0.00
0.40
0.00
4.60
1.00
4.00
0.00
0.00
3.80
0.00
0.00
0.00
0.00
0.00
0.00
0.00
0.00
0.00
0.00
0.00
0.00
0.00
0.20
0.00
0.00
0.00
0.20
0.20
0.00
0.00
0.20
0.20
5.20
0.20
0.00
0.20
0.00
0.00
0.00
0.00
0.00
0.00
0.20
0.00
1.00
0.00
0.20
0.20
0.00
0.00
0.00
0.00
14.00
0.20
4.00
0.00
0.00
0.00
0.00
0.00
0.00
0.80
0.20
0.20
0.00
0.20
0.00
0.00
0.20
0.20
0.00
0.00
0.00
0.20
0.00
0.00
0.40
0.20
-99.00
-99.00
-99.00
0.00
0.00
0.00
0.20
0.20
0.20
0.20
0.00
0.00
0.40
0.20
0.20
0.00
0.00
0.20
0.00
0.20
0.20
7.80
0.20
0.00
1.40
0.00
0.00
0.00
0.00
8.20
0.40
0.00
0.00
0.20
0.00
0.00
0.20
-99.00
4.00
3.40
0.40
0.00
2.40
0.00
0.20
0.00
0.00
3.80
0.00
0.20
0.00
0.00
0.00
0.00
0.00
0.40
0.00
0.00
0.00
0.00
0.00
-99.00
-99.00
0.00
0.00
6.70
0.00
0.00
0.00
0.00
0.00
0.00
0.00
0.00
0.00
0.00
0.00
0.00
0.00
0.00
0.00
0.00
0.00
0.00
0.00
0.00
0.00
0.00
0.20
4.80
34.40
9.90
3.00
0.20
8.00
1.40
0.00
0.00
0.00
0.00
0.00
10.00
8.40
15.20
9.90
0.20
1.40
0.20
0.00
0.00
0.00
0.20
0.00
0.00
0.00
0.00
0.00
0.60
0.00
3.40
5.20
0.00
2.60
0.20
2.00
0.00
0.00
0.00
0.00
0.00
0.00
0.00
0.00
3.40
0.00
-99.00
0.00
0.00
6.40
0.00
0.00
0.00
1.60
0.00
21.50
0.60
0.40
0.00
0.00
0.20
0.20
0.00
0.00
0.00
8.90
0.40
0.00
0.00
0.00
0.00
0.00
0.00
0.00
0.00
0.00
5.60
0.20
0.00
2.20
0.00
0.00
0.00
0.00
0.00
0.00
0.00
0.00
0.00
0.00
0.00
0.00
1.80
0.00
0.00
0.00
1.20
0.00
0.00
0.00
0.40
0.00
0.00
0.00
0.00
0.00
0.00
0.00
0.00
0.00
0.00
0.00
0.00
0.00
0.00
-99.00
0.00
0.00
0.00
0.00
0.00
0.00
0.00
0.00
0.00
0.00
0.00
0.00
3.20
0.00
0.00
0.00
0.00
0.00
2.00
0.00
0.00
0.00
0.00
0.00
0.00
0.00
0.00
0.00
0.20
0.00
0.40
0.00
0.00
0.00
0.00
0.00
0.00
0.00
0.00
0.00
0.00
0.00
0.00
0.00
0.00
0.00
0.00
0.00
0.00
0.00
0.00
0.40
12.50
0.00
7.10
0.00
0.00
0.00
0.80
0.60
0.00
0.00
0.00
0.00
0.00
0.00
0.00
0.00
0.00
0.00
14.70
20.30
0.00
0.00
0.00
0.00
0.00
0.00
0.60
0.20
0.00
0.00
0.00
0.20
10.90
0.20
0.00
0.00
0.00
0.00
0.00
0.00
0.80
0.00
0.00
0.00
0.00
0.00
0.00
0.00
0.00
-99.00
-99.00
0.00
0.20
0.00
-99.00
-99.00
-99.00
-99.00
-99.00
-99.00
-99.00
0.00
0.00
0.00
0.00
0.00
5.60
0.40
0.00
0.00
0.00
0.00
0.00
0.00
0.20
0.00
0.00
0.00
0.00
0.00
0.00
0.00
0.00
0.00
0.00
0.00
0.00
0.00
0.00
0.00
-99.00
-99.00
-99.00
-99.00
0.00
0.00
0.20
0.20
0.00
0.00
0.20
0.20
0.20
0.00
0.20
0.00
0.00
0.00
0.00
2.40
3.20
0.20
0.00
0.00
0.20
0.20
0.00
0.40
3.00
0.00
0.00
1.40
0.00
1.80
0.20
0.00
0.20
0.60
0.40
0.00
0.00
0.20
0.00
0.40
-99.00
0.20
0.20
0.60
0.00
0.00
0.00
0.00
1.20
0.00
0.00
0.20
0.00
0.00
0.00
0.20
0.00
0.00
0.00
0.00
0.00
0.20
6.40
0.40
1.20
1.00
0.00
0.20
4.60
1.40
0.00
0.20
2.40
0.00
0.00
0.00
0.00
0.00
0.00
0.00
0.00
0.00
0.60
0.00
0.00
0.00
0.00
0.00
0.00
0.00
0.00
0.00
0.00
0.00
0.00
0.00
0.00
0.00
0.00
0.00
0.40
0.00
0.00
3.80
0.00
0.00
0.00
0.00
0.00
0.00
0.00
0.80
2.40
5.00
0.80
0.20
0.20
0.00
3.00
0.00
0.00
1.80
3.20
0.60
21.80
0.00
0.00
0.00
0.00
0.00
0.00
0.00
0.40
0.00
0.00
0.00
0.00
0.00
0.00
0.00
0.00
0.00
0.00
10.60
20.80
1.20
0.20
0.00
28.10
0.00
6.60
0.20
0.00
23.10
0.00
0.00
1.00
4.00
0.00
13.40
2.00
7.40
0.20
0.00
0.00
2.40
10.80
-99.00
-99.00
-99.00
-99.00
-99.00
-99.00
-99.00
-99.00
-99.00
-99.00
-99.00
-99.00
-99.00
-99.00
-99.00
0.20
0.00
0.00
0.00
0.00
0.00
0.00
0.00
0.00
0.00
8.70
0.00
0.20
0.20
0.00
0.00
0.00
0.00
0.00
0.00
0.00
0.00
0.00
0.00
0.00
0.00
0.00
0.00
0.00
-99.00
-99.00
-99.00
-99.00
-99.00
-99.00
-99.00
-99.00
0.00
0.00
0.00
0.00
0.00
0.00
0.00
0.00
0.00
0.00
0.00
0.00
1.60
0.00
0.00
0.00
0.00
0.00
0.00
0.00
0.00
0.60
0.00
0.00
0.00
0.00
0.00
0.00
0.00
1.20
0.20
0.00
0.00
0.00
0.00
0.00
0.00
0.00
0.00
0.00
0.00
0.00
0.00
0.00
0.00
-99.00
-99.00
0.20
0.00
1.80
0.00
-99.00
0.00
0.00
0.00
0.00
0.00
83.00
0.00
0.00
15.70
14.60
0.80
0.00
0.00
0.00
0.00
0.00
0.00
0.00
0.00
0.00
0.00
0.00
0.00
0.00
0.00
0.00
0.00
0.00
0.00
0.00
0.00
0.00
0.20
0.00
4.60
0.20
0.00
0.00
6.60
1.40
0.00
0.00
0.00
0.20
28.40
11.80
0.40
6.00
8.10
20.10
0.00
0.00
0.00
0.00
0.00
1.20
0.20
0.20
0.00
0.40
0.00
0.00
0.20
0.00
0.20
0.00
0.00
0.20
0.00
0.00
0.00
0.00
0.00
0.00
0.00
0.00
1.00
0.00
0.00
0.00
0.20
0.00
0.20
0.20
0.00
2.00
1.40
0.00
0.00
0.00
8.20
0.00
0.00
0.00
0.00
0.00
0.00
0.20
0.20
0.40
0.00
0.00
0.00
0.60
1.00
1.00
3.00
0.20
0.00
1.20
6.60
0.60
0.00
0.00
0.00
0.00
0.00
6.00
1.80
0.00
0.20
0.00
0.00
0.20
0.20
0.00
0.20
2.40
0.00
0.00
1.40
0.40
0.00
0.00
0.00
0.00
0.00
0.00
0.20
8.80
12.20
6.20
0.00
0.00
0.80
0.20
0.00
0.00
0.00
0.00
0.00
0.00
0.00
0.00
0.00
0.00
0.00
0.00
0.00
0.00
0.00
0.00
0.00
0.00
0.00
0.00
0.20
1.00
1.80
0.20
0.00
6.60
0.00
0.00
0.00
0.00
0.00
0.00
0.00
0.00
0.00
0.00
0.00
0.00
0.00
0.00
0.00
0.00
0.00
0.00
0.00
0.00
0.00
0.00
0.00
18.60
5.60
0.60
10.20
0.20
3.00
0.20
0.00
0.00
1.60
53.20
5.60
0.00
22.80
26.70
0.40
0.00
0.00
3.40
6.70
0.00
0.00
0.00
0.00
0.00
0.00
0.00
0.00
0.00
11.40
0.00
0.00
0.00
0.20
0.00
0.00
0.00
0.00
0.00
0.00
0.00
0.00
0.20
0.00
0.00
0.00
0.00
0.60
0.00
0.00
0.00
0.00
0.00
0.00
0.00
0.00
0.00
0.00
0.00
0.00
0.00
0.00
0.00
1.60
0.00
0.00
0.00
0.00
0.00
4.20
0.00
0.00
0.00
0.00
0.00
0.00
0.00
0.00
0.00
0.00
1.20
0.00
0.00
0.00
0.40
0.00
0.00
0.00
0.00
12.30
0.20
0.00
0.00
0.00
0.00
0.00
0.00
0.00
0.00
0.00
0.20
0.00
0.00
0.00
0.00
0.00
0.00
0.00
0.00
0.00
0.00
0.00
0.00
0.00
0.00
2.00
0.40
0.00
0.00
0.00
0.00
0.00
0.00
0.00
0.00
0.00
6.70
3.20
0.00
0.00
0.00
0.00
0.00
2.00
0.00
0.00
0.00
0.00
0.00
0.00
0.00
0.00
0.00
0.00
0.00
0.00
0.00
0.00
0.00
0.00
2.20
0.00
0.00
0.00
0.00
0.00
0.00
0.60
0.00
0.00
0.00
0.00
0.00
0.00
0.00
0.00
0.00
0.00
4.40
9.10
0.00
0.00
0.00
8.40
0.00
0.00
0.00
0.00
0.20
0.00
0.00
0.00
0.00
0.60
0.00
0.40
9.20
0.00
0.00
0.00
0.00
0.00
0.00
0.20
2.60
0.00
0.00
0.00
0.00
0.00
0.00
0.00
0.00
0.00
0.00
0.00
1.60
17.60
8.60
0.00
0.00
0.00
0.00
0.20
0.00
0.20
0.00
0.20
0.00
0.80
0.00
0.00
0.00
0.00
1.20
0.00
0.00
0.00
0.00
0.00
0.00
0.20
0.00
0.00
0.00
0.00
0.00
0.20
0.20
0.20
0.00
0.00
0.20
1.20
0.00
0.00
2.60
0.20
0.00
0.00
6.50
0.00
0.00
0.00
0.00
0.00
0.00
0.20
0.60
0.20
0.00
2.60
0.00
0.00
0.80
0.00
0.00
0.00
5.40
11.30
3.20
5.80
2.40
7.40
0.00
0.20
2.40
0.00
1.20
0.00
0.00
0.00
9.60
3.80
0.00
24.00
9.20
1.60
0.00
0.00
8.60
6.40
2.80
0.00
0.00
0.00
0.00
0.00
0.20
0.00
0.00
0.20
0.00
17.60
0.00
0.00
0.00
0.00
0.00
0.00
0.00
0.00
0.00
5.80
0.20
0.00
0.00
8.00
0.20
0.00
0.00
0.00
0.00
0.00
1.00
1.60
3.60
1.40
1.60
0.00
0.00
0.60
0.00
0.20
0.20
0.00
2.60
0.00
0.00
3.00
3.60
0.20
0.00
0.00
10.20
6.40
0.00
0.00
0.00
0.00
0.00
0.00
0.00
0.00
0.00
0.00
0.20
0.00
7.20
6.80
0.20
2.80
2.80
0.20
0.00
0.00
0.00
3.20
0.40
0.00
0.00
0.00
0.20
0.00
0.00
8.00
0.00
0.00
0.00
0.00
2.20
0.20
1.40
0.00
0.00
0.00
0.60
0.00
0.00
0.00
0.00
7.00
0.00
0.00
0.00
0.00
0.00
0.00
0.00
0.00
5.60
37.20
0.00
0.00
0.00
0.00
0.00
0.00
4.00
1.20
5.60
0.00
0.20
0.00
0.00
0.00
0.00
0.00
0.00
0.00
0.00
0.00
0.00
0.00
0.00
0.00
1.00
0.00
0.00
0.00
0.00
0.00
0.00
0.00
0.00
5.60
0.00
0.40
21.10
2.00
6.20
12.50
0.00
0.40
0.00
0.00
0.00
0.00
0.00
0.00
0.00
0.00
0.00
0.00
0.00
6.30
0.00
1.80
0.00
0.00
0.00
0.00
0.00
9.10
0.00
0.00
0.00
0.00
0.00
0.00
0.00
0.00
0.00
0.00
0.00
0.00
0.00
0.00
0.00
0.00
0.00
0.00
0.00
0.00
0.00
0.00
0.00
0.00
0.00
0.00
0.00
3.80
3.60
0.00
0.00
0.00
0.00
0.00
0.00
0.00
0.00
0.00
0.00
0.00
0.00
0.00
0.00
0.00
0.00
4.00
0.00
0.00
0.00
0.00
0.00
0.00
0.00
0.00
0.00
0.00
0.00
0.00
0.00
0.00
0.00
0.00
0.00
0.20
0.20
0.00
0.00
0.00
0.00
0.00
0.00
0.00
0.00
0.00
13.20
0.20
0.00
5.60
0.00
0.00
3.60
1.00
0.00
0.00
0.00
0.00
0.00
0.00
0.00
0.00
0.80
0.20
0.00
0.00
0.00
0.00
32.10
0.80
4.40
10.40
0.20
0.00
0.00
0.00
0.00
0.00
0.00
0.00
0.00
0.00
0.00
0.20
0.00
0.00
0.00
0.00
0.00
0.00
0.60
0.00
0.00
0.00
0.00
0.20
0.00
0.00
6.00
0.00
0.00
0.00
0.00
0.00
1.40
1.00
0.00
0.00
0.00
0.00
5.20
0.20
0.00
0.00
0.00
0.00
0.00
0.00
0.00
0.00
0.80
0.40
0.00
0.00
0.00
0.00
0.00
1.00
0.40
0.00
0.00
0.20
0.20
0.00
0.20
0.00
0.00
0.00
0.00
0.20
0.00
8.80
0.60
0.20
0.00
0.00
0.00
0.00
0.00
0.00
0.00
0.00
0.00
0.00
0.00
0.00
1.80
0.00
0.00
0.20
0.40
0.00
0.20
0.00
0.00
0.20
0.40
0.40
0.20
0.20
0.00
0.20
0.00
0.00
0.00
0.00
0.00
0.00
0.60
1.00
0.00
0.00
0.20
0.00
0.00
0.00
0.00
0.00
0.00
0.20
0.00
0.00
0.20
0.00
0.20
0.20
1.00
1.80
0.00
4.00
0.00
3.20
0.00
0.00
0.00
0.00
0.00
0.00
0.00
0.00
0.20
0.00
0.00
4.40
2.80
0.00
0.00
0.20
0.00
0.00
0.00
3.00
25.20
0.00
1.80
21.50
1.80
0.20
0.00
0.00
0.00
0.00
10.00
0.00
0.00
0.00
0.00
3.40
0.00
0.00
1.40
0.00
0.00
0.00
0.00
0.00
0.00
0.00
0.00
0.00
0.00
0.00
1.00
0.00
0.00
0.00
0.00
0.20
0.00
0.00
0.00
0.00
0.60
7.40
3.20
1.60
0.40
0.40
0.00
0.20
0.00
0.00
0.80
2.00
0.20
0.00
1.00
0.00
30.70
0.00
0.20
0.00
0.00
0.00
0.00
0.00
0.00
0.00
0.00
0.00
0.00
0.00
0.00
0.00
0.00
0.00
0.00
1.20
0.00
0.00
0.00
13.30
0.20
0.00
0.60
1.00
1.40
0.00
2.20
4.60
0.00
0.00
18.60
0.00
0.00
0.00
0.00
0.00
0.00
0.00
0.00
0.00
0.00
0.80
0.00
0.00
0.00
0.00
0.00
0.00
0.80
0.00
0.00
0.00
0.00
1.20
2.80
0.00
0.00
0.00
0.00
0.00
0.00
0.00
1.20
0.60
0.00
0.00
0.00
0.00
0.00
0.40
0.00
0.00
0.00
0.00
0.00
0.00
0.00
0.00
0.00
0.00
0.00
0.00
0.00
0.20
0.20
0.00
0.00
0.00
0.00
0.00
0.00
0.00
0.00
0.00
1.00
0.00
0.00
0.00
0.00
0.00
0.00
0.00
0.00
0.00
0.00
0.00
0.00
0.00
0.00
0.00
0.00
0.00
0.00
0.00
3.80
0.60
0.00
0.00
0.00
0.00
0.00
0.00
0.00
0.00
0.00
0.00
0.00
0.00
0.00
0.00
0.00
0.00
0.00
0.00
0.00
0.00
0.00
0.00
0.00
0.00
0.00
0.00
0.00
0.00
0.00
0.00
0.00
0.00
0.00
0.00
0.00
0.00
0.00
0.00
0.00
0.00
0.00
0.00
0.00
0.00
0.00
0.00
0.00
0.00
0.00
0.00
2.60
0.20
0.00
4.60
4.00
0.40
0.20
0.00
0.00
0.00
7.90
19.70
0.20
0.40
3.20
0.00
0.00
0.00
0.20
0.00
0.20
0.00
37.60
0.20
0.00
0.00
1.80
1.00
1.20
9.60
0.20
0.00
0.20
0.00
0.00
0.20
0.20
0.20
0.40
0.20
0.00
0.00
0.00
0.00
0.00
0.00
0.20
0.40
0.20
0.00
0.00
0.00
0.00
0.00
0.00
0.00
0.00
0.00
0.00
0.00
0.20
0.20
0.00
0.00
0.20
0.00
0.20
0.00
0.00
0.00
0.00
0.00
0.00
0.00
0.00
0.00
0.00
0.00
0.40
0.20
0.60
0.40
0.00
0.00
0.00
0.00
0.00
0.40
0.20
0.20
0.00
0.00
0.00
0.20
0.00
0.00
0.20
0.00
0.00
0.00
0.60
0.00
0.00
0.00
1.00
0.00
0.00
0.00
0.00
0.00
0.00
0.00
0.00
0.00
0.00
0.00
0.00
0.00
0.00
0.00
0.00
0.00
0.00
0.00
0.00
0.00
0.00
0.00
0.40
0.00
0.00
0.00
0.00
0.00
0.00
0.00
0.00
0.00
0.00
0.00
0.00
0.00
0.00
0.00
0.00
0.00
0.00
0.00
5.60
18.30
0.40
0.00
0.00
0.00
0.40
0.00
0.00
0.00
0.00
0.00
0.00
0.00
7.70
0.00
1.30
4.60
0.00
0.00
0.00
3.00
0.00
0.10
0.00
0.70
0.00
0.00
0.00
0.30
0.00
0.00
0.60
0.00
0.00
0.00
0.00
0.00
0.00
9.10
0.50
12.40
0.00
0.00
0.00
0.00
0.00
0.00
0.00
0.40
0.00
0.00
0.00
0.40
0.00
0.00
0.00
0.00
0.00
0.00
9.10
2.70
0.00
0.00
0.00
0.00
0.00
0.00
0.00
0.00
0.00
0.00
0.00
0.00
0.20
9.90
0.00
0.00
0.00
0.00
0.00
0.00
0.00
0.00
0.00
0.00
0.00
0.00
0.00
0.00
3.10
5.20
0.00
0.00
0.00
0.00
0.00
0.00
0.00
2.00
0.00
0.00
0.00
0.00
0.00
0.00
0.00
28.50
0.00
0.00
0.00
0.00
0.00
0.10
1.30
0.00
0.00
0.00
0.00
0.00
0.00
0.00
0.00
0.00
0.00
0.00
0.00
0.00
0.00
0.00
0.00
0.00
0.00
0.00
0.00
0.00
0.00
0.00
2.30
0.00
0.00
0.00
0.00
0.00
0.00
0.00
0.00
0.00
0.00
0.00
0.00
0.00
0.00
0.00
0.00
0.00
0.00
0.00
0.00
0.00
0.00
0.00
0.00
1.50
0.00
0.00
0.00
0.00
0.00
0.00
0.00
0.00
0.20
0.00
0.00
0.00
0.00
0.00
0.00
0.00
0.00
0.00
0.00
0.00
0.00
0.00
0.00
0.00
0.00
0.00
0.30
0.00
2.10
27.30
0.00
0.00
0.00
0.00
0.00
0.00
0.00
0.00
0.00
0.00
5.50
9.40
0.00
0.00
6.90
0.00
0.00
0.00
0.00
14.00
9.30
11.00
0.10
0.00
0.00
25.40
3.60
0.00
0.00
0.00
4.70
13.50
0.00
0.00
0.00
2.30
0.00
0.00
0.00
0.10
8.20
0.30
0.10
0.00
0.00
0.00
0.00
0.10
15.90
0.80
0.00
0.30
0.10
0.00
0.10
0.10
0.00
1.80
0.30
0.00
0.00
0.00
0.00
0.00
0.00
0.00
0.00
0.00
0.00
0.00
0.00
0.00
0.40
0.10
0.00
4.90
0.20
0.00
0.00
0.00
0.00
0.00
0.00
0.00
0.10
0.20
0.10
0.00
0.00
0.00
0.10
0.00
0.20
0.10
0.00
0.00
0.10
0.00
0.20
0.10
0.50
0.10
0.20
0.00
4.10
3.70
0.00
0.00
0.00
0.00
2.40
14.10
1.90
0.00
0.00
0.00
3.00
0.00
1.70
2.60
0.00
0.00
0.00
0.00
0.00
0.40
0.00
0.00
0.00
0.00
0.00
0.00
0.00
1.00
0.00
0.00
0.00
0.00
0.00
0.00
0.00
0.00
0.00
0.00
0.00
16.00
9.80
0.00
0.00
0.00
0.00
2.00
5.80
0.00
0.00
0.30
12.40
37.20
0.00
0.30
1.70
0.00
0.10
0.00
0.40
0.00
0.00
0.40
4.30
0.10
5.40
1.60
0.00
0.00
0.00
0.00
3.60
0.00
0.20
0.30
5.00
0.00
0.10
0.30
0.00
4.00
3.10
0.60
0.00
0.00
0.00
0.00
0.00
0.00
0.00
0.00
0.00
0.00
0.00
0.00
0.00
0.00
0.00
0.00
0.00
0.00
0.00
7.20
0.40
11.10
17.80
32.00
7.10
0.00
0.00
0.00
0.30
0.00
0.00
0.00
0.00
2.40
0.00
0.00
0.00
0.00
2.60
6.80
0.00
5.00
5.80
0.00
2.50
0.00
0.00
0.00
0.00
0.00
0.00
0.00
0.00
0.00
0.00
0.00
0.00
0.00
0.00
0.00
0.00
0.00
0.00
10.80
2.80
0.00
0.00
0.00
3.60
1.00
0.00
0.00
11.80
19.10
0.60
0.00
1.80
0.00
0.00
0.00
0.00
0.00
0.00
0.00
0.00
0.00
2.30
0.00
0.00
0.00
0.00
0.00
0.00
0.00
0.00
0.00
0.00
0.00
10.10
2.00
0.00
0.00
0.40
13.90
0.00
1.00
0.00
0.00
0.00
0.00
0.00
0.00
0.00
0.00
0.00
0.00
0.00
0.00
0.00
0.10
0.00
0.00
0.00
6.80
0.00
0.00
0.00
0.00
0.00
0.00
0.00
0.00
3.00
0.00
0.00
0.00
0.00
0.00
0.00
0.00
0.00
0.00
0.00
0.00
0.00
0.00
0.00
0.00
0.00
0.00
0.00
0.00
0.00
0.00
17.60
0.20
0.00
0.00
0.00
0.00
0.00
0.00
0.00
0.00
0.00
0.00
0.00
0.00
0.00
0.00
0.00
0.00
0.00
0.00
0.00
0.20
0.00
0.00
0.00
0.00
0.90
22.60
0.00
0.00
0.00
0.00
0.00
0.00
0.00
0.00
0.00
0.00
0.00
0.00
0.00
0.00
0.00
0.60
0.00
1.60
0.10
0.00
0.00
0.00
0.00
0.00
0.00
0.00
0.00
0.00
0.00
0.00
0.30
0.00
0.00
0.00
0.00
0.00
0.00
0.00
0.00
0.00
0.00
0.00
52.40
26.60
21.00
0.00
0.00
0.00
0.00
0.00
0.00
0.00
0.00
0.00
0.00
0.00
0.00
0.00
0.00
0.00
0.10
0.10
0.30
0.30
0.20
0.30
0.20
0.30
0.20
0.10
0.00
0.20
0.10
0.00
0.10
4.90
0.20
0.00
0.00
0.10
2.30
1.10
0.00
0.00
1.40
0.00
0.00
0.00
0.90
0.00
0.00
2.30
0.00
0.00
0.00
0.00
0.20
0.10
0.50
0.70
4.00
0.10
1.00
0.70
0.20
16.70
1.00
0.00
0.00
0.20
0.00
0.00
0.00
0.00
0.00
4.70
4.60
0.00
0.00
0.70
0.00
0.00
2.00
0.60
0.00
0.00
1.20
7.30
0.10
1.00
0.00
0.00
0.00
0.50
6.00
0.10
0.00
0.00
0.00
0.00
0.00
0.00
0.00
0.10
0.00
0.00
0.20
0.00
0.00
0.90
0.00
0.00
0.00
0.00
0.00
0.00
0.00
0.00
0.00
0.00
0.00
0.00
0.00
0.00
0.00
0.00
0.00
0.10
0.40
0.00
2.30
2.30
0.10
0.00
0.00
0.00
14.00
0.00
0.00
0.50
47.70
0.00
0.00
0.00
0.00
0.00
0.00
0.00
0.00
0.00
0.00
0.00
0.00
0.00
0.00
0.00
0.60
3.20
19.70
5.30
0.00
3.90
0.00
0.20
0.00
0.00
0.00
0.00
0.00
0.00
0.00
0.00
0.00
0.00
0.00
0.00
0.00
0.00
0.20
0.10
0.00
0.00
0.00
0.00
0.00
0.00
0.00
0.00
4.50
5.10
0.20
0.00
0.00
9.80
0.00
7.50
0.00
1.10
0.00
0.00
0.00
0.00
0.40
0.00
0.00
0.00
0.00
0.00
0.00
0.00
0.00
0.00
0.00
0.20
0.00
24.40
0.00
0.00
0.00
0.00
0.00
0.00
13.30
0.00
0.90
0.00
0.00
0.00
0.00
0.20
3.60
3.20
0.00
0.00
1.60
0.20
0.00
0.00
0.00
0.00
0.00
0.00
0.00
0.00
0.00
0.00
0.00
0.70
0.00
0.00
0.00
0.00
0.00
7.30
0.00
0.00
0.70
0.00
0.00
0.00
0.20
0.40
0.00
0.00
0.00
0.00
0.00
2.00
0.00
0.00
0.00
0.00
0.00
0.00
0.00
0.00
0.00
0.40
0.00
1.10
0.00
18.70
0.00
0.00
0.00
0.00
0.00
0.00
0.10
0.00
0.00
0.00
0.00
0.00
0.40
0.20
0.00
0.50
10.80
0.00
0.00
0.00
0.00
0.00
22.70
0.00
1.20
0.10
0.00
10.30
0.00
0.60
5.80
0.00
0.00
0.00
0.00
0.00
14.10
0.00
32.20
0.10
0.10
0.00
0.00
1.30
0.00
0.00
0.00
0.70
4.50
0.00
2.50
0.00
0.60
0.00
0.00
0.00
0.00
0.00
0.00
0.00
0.00
0.00
0.00
0.00
0.00
0.00
0.00
0.00
0.00
0.00
0.10
0.00
1.40
13.00
0.00
0.00
0.00
0.00
3.90
0.00
3.90
0.00
0.10
4.90
0.10
0.00
0.00
0.00
0.00
0.10
0.00
0.10
0.00
0.60
0.00
8.50
11.90
14.40
21.50
6.10
0.00
0.00
2.60
5.20
0.00
0.00
0.00
0.00
0.00
0.00
0.00
0.10
0.10
0.00
5.40
0.10
0.00
0.00
0.00
0.00
0.00
0.10
0.20
0.00
0.10
0.00
0.00
0.00
0.00
0.00
0.00
0.00
0.00
0.10
0.00
0.40
0.20
0.10
0.00
0.00
0.20
0.40
0.20
0.20
0.20
0.20
2.00
0.00
0.00
0.60
0.00
0.00
0.00
0.00
0.00
0.00
0.00
0.00
0.00
0.00
10.60
0.10
0.00
0.00
4.60
17.70
0.00
0.00
0.00
0.00
0.00
0.00
0.10
0.10
0.10
0.00
0.00
0.00
0.00
0.00
0.00
0.00
0.70
0.00
0.30
0.00
0.00
0.00
0.00
0.00
0.10
0.00
0.00
0.00
0.00
0.00
0.00
0.00
0.00
0.00
0.00
0.00
0.00
0.10
0.00
0.00
0.00
0.00
0.00
2.50
8.00
2.60
1.70
3.70
3.70
0.00
0.00
0.00
0.00
0.00
0.00
0.00
0.00
0.00
0.00
0.00
0.00
0.00
0.00
0.00
0.00
0.00
0.00
0.00
0.00
0.00
1.20
0.00
0.40
0.10
0.00
0.00
0.70
0.00
0.20
0.00
6.40
0.10
0.00
0.10
0.00
0.00
0.00
0.00
0.00
0.00
0.00
0.00
0.00
0.00
0.00
0.00
0.00
0.00
0.00
0.00
0.00
0.00
0.00
5.10
0.00
0.00
0.00
0.00
0.00
0.00
0.00
0.00
0.00
0.00
0.00
0.00
0.00
0.00
0.00
0.00
0.00
0.00
0.00
0.60
0.00
0.90
6.00
0.00
7.00
2.40
1.20
1.20
0.00
0.00
0.00
0.00
0.00
0.00
5.50
0.00
0.00
0.00
0.00
0.00
0.00
0.00
0.00
0.00
0.00
0.00
0.00
0.00
0.00
0.00
0.00
0.00
0.00
0.00
0.00
0.00
0.00
0.00
0.00
0.30
0.00
0.00
0.30
0.30
0.00
8.20
0.00
0.00
0.00
0.00
0.00
0.00
28.90
0.00
0.00
0.00
0.00
0.00
0.30
0.00
9.70
0.00
0.00
0.00
0.00
0.00
0.00
0.00
0.00
0.90
26.40
0.00
0.00
0.00
0.10
0.00
0.00
0.00
0.00
0.00
0.00
0.00
0.00
14.50
0.20
0.90
0.10
5.20
0.00
0.00
0.00
0.00
0.00
5.00
0.00
0.00
0.00
0.00
0.00
0.00
0.00
0.00
0.00
0.00
0.00
0.00
0.00
0.00
0.00
0.00
0.00
0.00
3.20
0.10
6.20
0.00
0.00
0.00
0.10
0.20
0.00
0.00
0.00
0.00
0.00
0.10
0.00
0.00
0.00
0.00
0.00
0.00
0.10
0.20
0.00
0.00
0.00
0.00
0.00
0.10
2.90
0.00
0.00
0.00
0.00
0.00
41.90
0.00
0.10
0.00
0.00
0.10
0.10
0.40
0.00
0.10
0.20
0.00
0.00
0.20
0.30
0.10
0.00
0.20
0.20
0.00
0.00
0.00
0.00
0.00
0.00
0.00
0.00
0.00
0.00
0.10
0.20
0.10
0.10
0.00
0.20
0.00
0.00
0.00
0.20
0.10
0.30
0.20
0.20
0.10
0.10
0.10
0.10
0.00
0.10
0.00
0.30
0.20
0.10
0.40
0.20
0.20
0.00
1.40
0.20
0.00
0.10
0.00
1.40
4.10
0.00
0.00
0.00
0.00
0.00
0.00
0.00
0.00
0.00
0.30
0.00
0.00
0.00
0.30
0.00
0.00
0.00
0.00
0.00
0.10
0.00
0.00
0.00
0.00
0.00
0.00
0.00
0.00
0.00
0.00
0.00
0.00
0.10
1.50
0.00
0.00
5.00
1.90
5.00
8.90
0.10
0.00
0.00
0.00
0.00
0.00
0.00
0.00
2.00
0.00
0.00
0.00
0.70
37.00
0.00
0.00
0.00
0.00
0.00
3.50
0.00
0.00
0.00
0.00
1.50
0.00
0.00
0.00
0.00
5.20
5.90
0.00
0.00
0.00
5.70
3.60
0.90
0.00
0.00
0.00
0.00
0.00
0.00
0.00
0.00
0.00
0.00
0.00
0.00
0.00
13.00
20.20
0.00
0.00
0.00
0.00
0.00
0.10
0.00
0.00
0.00
0.00
1.20
0.00
0.00
0.00
1.30
0.20
0.50
0.10
0.00
0.00
0.00
5.80
7.70
0.10
3.90
0.00
0.00
0.00
0.00
0.00
0.00
0.00
3.80
19.70
2.90
2.30
0.00
0.00
0.00
0.00
0.00
0.00
0.00
0.00
0.00
0.00
3.10
0.00
0.00
0.00
0.00
0.00
10.70
0.00
0.00
0.00
0.00
0.00
0.00
0.40
0.10
0.00
0.00
0.00
0.00
0.10
0.00
0.00
0.00
0.00
7.20
0.00
0.40
0.60
0.00
0.00
0.00
0.00
0.00
0.00
0.00
0.10
0.00
0.00
0.90
0.00
0.00
0.00
0.00
0.00
0.00
0.00
0.00
0.10
0.00
0.00
0.10
0.00
0.00
0.00
0.00
0.00
0.00
0.00
0.00
0.00
0.00
0.00
0.00
0.00
0.00
0.00
0.00
0.00
0.00
0.00
0.00
0.00
0.00
0.00
0.00
0.00
0.00
0.00
0.00
0.00
0.00
0.00
0.00
0.00
0.00
1.10
0.00
0.00
0.00
0.00
0.00
0.00
0.00
0.00
0.00
0.00
0.00
0.00
0.00
0.00
0.00
0.00
0.00
0.00
0.00
0.00
0.00
0.00
0.00
0.00
0.00
0.00
0.00
0.00
6.00
0.20
0.00
0.00
0.00
0.00
0.00
0.00
0.00
0.00
0.20
0.00
0.00
0.00
0.00
0.00
0.00
0.00
0.00
0.00
0.00
0.00
0.00
2.70
0.00
0.00
0.00
0.00
0.00
0.60
16.00
3.10
0.00
0.10
0.20
0.00
0.00
0.00
0.00
0.90
0.10
0.90
0.00
0.00
0.00
0.10
0.20
0.40
0.10
0.00
0.00
0.10
1.60
2.90
0.00
0.00
0.00
0.10
0.00
0.00
0.00
0.00
0.00
0.00
0.00
0.00
0.00
0.00
0.70
3.90
2.90
13.80
0.00
0.10
1.10
9.60
0.20
0.00
0.10
0.10
0.20
0.20
0.20
0.00
0.10
0.30
0.30
0.10
0.20
0.20
0.10
0.20
0.40
0.20
6.40
0.00
0.10
0.10
0.00
0.20
0.10
0.10
0.20
0.30
0.00
0.20
0.10
0.10
0.00
0.00
0.20
0.00
0.00
0.30
0.10
0.00
0.00
0.20
0.00
0.00
0.00
0.00
0.00
0.00
0.00
0.00
0.00
0.00
0.00
0.00
0.00
0.40
0.80
0.00
0.00
0.00
4.30
7.90
0.00
0.00
0.00
0.40
1.50
0.80
0.40
0.40
0.00
0.00
0.00
0.00
0.00
0.00
0.00
8.30
0.00
0.10
0.00
0.10
0.30
0.10
0.00
-99.00
-99.00
-99.00
-99.00
-99.00
-99.00
-99.00
-99.00
-99.00
-99.00
-99.00
-99.00
-99.00
-99.00
-99.00
-99.00
-99.00
-99.00
-99.00
-99.00
-99.00
-99.00
-99.00
-99.00
-99.00
-99.00
-99.00
-99.00
-99.00
-99.00
-99.00
-99.00
-99.00
-99.00
-99.00
-99.00
-99.00
-99.00
-99.00
-99.00
-99.00
-99.00
-99.00
-99.00
-99.00
-99.00
-99.00
-99.00
-99.00
-99.00
-99.00
-99.00
-99.00
-99.00
-99.00
-99.00
-99.00
-99.00
-99.00
-99.00
-99.00
-99.00
-99.00
-99.00
-99.00
-99.00
-99.00
-99.00
-99.00
-99.00
-99.00
-99.00
-99.00
-99.00
-99.00
-99.00
-99.00
-99.00
-99.00
-99.00
-99.00
-99.00
-99.00
-99.00
-99.00
-99.00
-99.00
-99.00
-99.00
-99.00
-99.00
-99.00
-99.00
-99.00
-99.00
-99.00
-99.00
-99.00
-99.00
-99.00
-99.00
-99.00
-99.00
-99.00
-99.00
-99.00
-99.00
-99.00
-99.00
-99.00
-99.00
-99.00
-99.00
-99.00
-99.00
-99.00
-99.00
-99.00
-99.00
-99.00
-99.00
-99.00
-99.00
-99.00
-99.00
-99.00
-99.00
-99.00
-99.00
-99.00
-99.00
-99.00
-99.00
-99.00
-99.00
-99.00
-99.00
-99.00
-99.00
-99.00
-99.00
-99.00
-99.00
-99.00
-99.00
-99.00
-99.00
-99.00
-99.00
-99.00
-99.00
-99.00
-99.00
-99.00
-99.00
-99.00
-99.00
-99.00
-99.00
-99.00
-99.00
-99.00
-99.00
-99.00
-99.00
-99.00
-99.00
-99.00
-99.00
-99.00
-99.00
-99.00
-99.00
-99.00
-99.00
-99.00
-99.00
-99.00
-99.00
-99.00
-99.00
-99.00
-99.00
-99.00
-99.00
-99.00
-99.00
-99.00
-99.00
-99.00
-99.00
-99.00
-99.00
-99.00
-99.00
-99.00
-99.00
-99.00
-99.00
-99.00
-99.00
-99.00
-99.00
-99.00
-99.00
-99.00
-99.00
-99.00
-99.00
-99.00
-99.00
-99.00
-99.00
-99.00
-99.00
-99.00
-99.00
-99.00
-99.00
-99.00
-99.00
-99.00
-99.00
-99.00
-99.00
-99.00
-99.00
-99.00
-99.00
-99.00
-99.00
-99.00
-99.00
-99.00
-99.00
-99.00
-99.00
-99.00
-99.00
-99.00
-99.00
-99.00
-99.00
-99.00
-99.00
-99.00
-99.00
-99.00
-99.00
-99.00
-99.00
-99.00
-99.00
-99.00
-99.00
-99.00
-99.00
-99.00
-99.00
-99.00
-99.00
-99.00
-99.00
-99.00
-99.00
-99.00
-99.00
-99.00
-99.00
-99.00
-99.00
-99.00
-99.00
-99.00
-99.00
-99.00
-99.00
-99.00
-99.00
-99.00
-99.00
-99.00
-99.00
-99.00
-99.00
-99.00
-99.00
-99.00
-99.00
-99.00
-99.00
-99.00
-99.00
-99.00
-99.00
-99.00
-99.00
-99.00
-99.00
-99.00
-99.00
-99.00
-99.00
-99.00
-99.00
-99.00
-99.00
-99.00
-99.00
-99.00
-99.00
-99.00
-99.00
-99.00
-99.00
-99.00
-99.00
-99.00
-99.00
-99.00
-99.00
-99.00
-99.00
-99.00
-99.00
-99.00
-99.00
-99.00
-99.00
-99.00
-99.00
-99.00
-99.00
-99.00
-99.00
-99.00
-99.00
-99.00
-99.00
-99.00
-99.00
-99.00
-99.00
-99.00
-99.00
-99.00
-99.00
-99.00
-99.00
-99.00
-99.00
-99.00
-99.00
-99.00
-99.00
-99.00
-99.00
-99.00
-99.00
-99.00
-99.00
-99.00
-99.00
-99.00
-99.00
-99.00
-99.00
-99.00
-99.00
-99.00
-99.00
-99.00
-99.00
-99.00
-99.00
-99.00
-99.00
-99.00
-99.00
-99.00
-99.00
-99.00
-99.00
-99.00
-99.00
-99.00
-99.00
-99.00
-99.00
-99.00
-99.00
-99.00
-99.00
-99.00
-99.00
-99.00
-99.00
-99.00
-99.00
-99.00
-99.00
-99.00
-99.00
-99.00
-99.00
-99.00
-99.00
-99.00
-99.00
-99.00
-99.00
-99.00
-99.00
-99.00
-99.00
-99.00
-99.00
-99.00
-99.00
-99.00
-99.00
-99.00
-99.00
-99.00
-99.00
-99.00
-99.00
-99.00
-99.00
-99.00
-99.00
-99.00
-99.00
-99.00
-99.00
-99.00
-99.00
-99.00
-99.00
-99.00
-99.00
-99.00
-99.00
-99.00
-99.00
-99.00
-99.00
-99.00
-99.00
-99.00
-99.00
-99.00
-99.00
-99.00
-99.00
-99.00
-99.00
-99.00
-99.00
-99.00
-99.00
-99.00
-99.00
-99.00
-99.00
-99.00
-99.00
-99.00
-99.00
-99.00
-99.00
-99.00
-99.00
-99.00
-99.00
-99.00
-99.00
-99.00
-99.00
-99.00
-99.00
-99.00
-99.00
-99.00
-99.00
-99.00
-99.00
-99.00
-99.00
-99.00
-99.00
-99.00
-99.00
-99.00
-99.00
-99.00
-99.00
-99.00
-99.00
-99.00
-99.00
-99.00
-99.00
-99.00
-99.00
-99.00
-99.00
-99.00
-99.00
-99.00
-99.00
-99.00
-99.00
-99.00
-99.00
-99.00
-99.00
-99.00
-99.00
-99.00
-99.00
-99.00
-99.00
-99.00
-99.00
-99.00
-99.00
-99.00
-99.00
-99.00
-99.00
-99.00
-99.00
-99.00
-99.00
-99.00
-99.00
-99.00
-99.00
-99.00
-99.00
-99.00
-99.00
-99.00
-99.00
-99.00
-99.00
-99.00
-99.00
-99.00
-99.00
-99.00
-99.00
-99.00
-99.00
-99.00
-99.00
-99.00
-99.00
-99.00
-99.00
-99.00
-99.00
-99.00
-99.00
-99.00
-99.00
-99.00
-99.00
-99.00
-99.00
-99.00
-99.00
-99.00
-99.00
-99.00
-99.00
-99.00
-99.00
-99.00
-99.00
-99.00
-99.00
-99.00
-99.00
-99.00
-99.00
-99.00
-99.00
-99.00
-99.00
-99.00
-99.00
-99.00
-99.00
-99.00
-99.00
-99.00
-99.00
-99.00
-99.00
-99.00
-99.00
-99.00
-99.00
-99.00
-99.00
-99.00
-99.00
-99.00
-99.00
-99.00
-99.00
-99.00
-99.00
-99.00
-99.00
-99.00
-99.00
-99.00
-99.00
-99.00
-99.00
-99.00
-99.00
-99.00
-99.00
-99.00
-99.00
-99.00
-99.00
-99.00
-99.00
-99.00
-99.00
-99.00
-99.00
-99.00
-99.00
-99.00
-99.00
-99.00
-99.00
-99.00
-99.00
-99.00
-99.00
-99.00
-99.00
-99.00
-99.00
-99.00
-99.00
-99.00
-99.00
-99.00
-99.00
-99.00
-99.00
-99.00
-99.00
-99.00
-99.00
-99.00
-99.00
-99.00
-99.00
-99.00
-99.00
-99.00
-99.00
-99.00
-99.00
-99.00
-99.00
-99.00
-99.00
-99.00
-99.00
-99.00
-99.00
-99.00
-99.00
-99.00
-99.00
-99.00
-99.00
-99.00
-99.00
-99.00
-99.00
-99.00
-99.00
-99.00
-99.00
-99.00
-99.00
-99.00
-99.00
-99.00
-99.00
-99.00
-99.00
-99.00
-99.00
-99.00
-99.00
-99.00
-99.00
-99.00
-99.00
-99.00
-99.00
-99.00
-99.00
-99.00
-99.00
-99.00
-99.00
-99.00
-99.00
-99.00
-99.00
-99.00
-99.00
-99.00
-99.00
-99.00
-99.00
-99.00
-99.00
-99.00
-99.00
-99.00
-99.00
-99.00
-99.00
-99.00
-99.00
-99.00
-99.00
-99.00
-99.00
-99.00
-99.00
-99.00
-99.00
-99.00
-99.00
-99.00
-99.00
-99.00
-99.00
-99.00
-99.00
-99.00
-99.00
-99.00
-99.00
-99.00
-99.00
-99.00
-99.00
-99.00
-99.00
-99.00
-99.00
-99.00
-99.00
-99.00
-99.00
-99.00
-99.00
-99.00
-99.00
-99.00
-99.00
-99.00
-99.00
-99.00
-99.00
-99.00
-99.00
-99.00
-99.00
-99.00
-99.00
-99.00
-99.00
-99.00
-99.00
-99.00
-99.00
-99.00
-99.00
-99.00
-99.00
-99.00
-99.00
-99.00
-99.00
-99.00
-99.00
-99.00
-99.00
-99.00
-99.00
-99.00
-99.00
-99.00
-99.00
-99.00
-99.00
-99.00
-99.00
-99.00
-99.00
-99.00
-99.00
-99.00
-99.00
-99.00
-99.00
-99.00
-99.00
-99.00
-99.00
-99.00
-99.00
-99.00
-99.00
-99.00
-99.00
-99.00
-99.00
-99.00
-99.00
-99.00
-99.00
-99.00
-99.00
-99.00
-99.00
-99.00
-99.00
-99.00
-99.00
-99.00
-99.00
-99.00
-99.00
-99.00
-99.00
-99.00
-99.00
-99.00
-99.00
-99.00
-99.00
-99.00
-99.00
-99.00
-99.00
-99.00
-99.00
-99.00
-99.00
-99.00
-99.00
-99.00
-99.00
-99.00
-99.00
-99.00
-99.00
-99.00
-99.00
-99.00
-99.00
-99.00
-99.00
-99.00
-99.00
-99.00
-99.00
-99.00
-99.00
-99.00
-99.00
-99.00
-99.00
-99.00
-99.00
-99.00
-99.00
-99.00
-99.00
-99.00
-99.00
-99.00
-99.00
-99.00
-99.00
-99.00
-99.00
-99.00
-99.00
-99.00
-99.00
-99.00
-99.00
-99.00
-99.00
-99.00
-99.00
-99.00
-99.00
-99.00
-99.00
-99.00
-99.00
-99.00
-99.00
-99.00
-99.00
-99.00
-99.00
-99.00
-99.00
-99.00
-99.00
-99.00
-99.00
-99.00
-99.00
-99.00
-99.00
-99.00
-99.00
-99.00
-99.00
-99.00
-99.00
-99.00
-99.00
-99.00
-99.00
-99.00
-99.00
-99.00
-99.00
-99.00
-99.00
-99.00
-99.00
-99.00
-99.00
-99.00
-99.00
-99.00
-99.00
-99.00
-99.00
-99.00
-99.00
-99.00
-99.00
-99.00
-99.00
-99.00
-99.00
-99.00
-99.00
-99.00
-99.00
-99.00
-99.00
-99.00
-99.00
-99.00
-99.00
-99.00
-99.00
-99.00
-99.00
-99.00
-99.00
-99.00
-99.00
-99.00
-99.00
-99.00
-99.00
-99.00
-99.00
-99.00
-99.00
-99.00
-99.00
-99.00
-99.00
-99.00
-99.00
-99.00
-99.00
-99.00
-99.00
-99.00
-99.00
-99.00
-99.00
-99.00
-99.00
-99.00
-99.00
-99.00
-99.00
-99.00
-99.00
-99.00
-99.00
-99.00
-99.00
-99.00
-99.00
-99.00
-99.00
-99.00
-99.00
-99.00
-99.00
-99.00
-99.00
-99.00
-99.00
-99.00
-99.00
-99.00
-99.00
-99.00
-99.00
-99.00
-99.00
-99.00
-99.00
-99.00
-99.00
-99.00
-99.00
-99.00
-99.00
-99.00
-99.00
-99.00
-99.00
-99.00
-99.00
-99.00
-99.00
-99.00
-99.00
-99.00
-99.00
-99.00
-99.00
-99.00
-99.00
-99.00
-99.00
-99.00
-99.00
-99.00
-99.00
-99.00
-99.00
-99.00
-99.00
-99.00
-99.00
-99.00
-99.00
-99.00
-99.00
-99.00
-99.00
-99.00
-99.00
-99.00
-99.00
-99.00
-99.00
-99.00
-99.00
-99.00
-99.00
-99.00
-99.00
-99.00
-99.00
-99.00
-99.00
-99.00
-99.00
-99.00
-99.00
-99.00
-99.00
-99.00
-99.00
-99.00
-99.00
-99.00
-99.00
-99.00
-99.00
-99.00
-99.00
-99.00
-99.00
-99.00
-99.00
-99.00
-99.00
-99.00
-99.00
-99.00
-99.00
-99.00
-99.00
-99.00
-99.00
-99.00
-99.00
-99.00
-99.00
-99.00
-99.00
-99.00
-99.00
-99.00
-99.00
-99.00
-99.00
-99.00
-99.00
-99.00
-99.00
-99.00
-99.00
-99.00
-99.00
-99.00
-99.00
-99.00
-99.00
-99.00
-99.00
-99.00
-99.00
-99.00
-99.00
-99.00
-99.00
-99.00
-99.00
-99.00
-99.00
-99.00
-99.00
-99.00
-99.00
-99.00
-99.00
-99.00
-99.00
-99.00
-99.00
-99.00
-99.00
-99.00
-99.00
-99.00
-99.00
-99.00
-99.00
-99.00
-99.00
-99.00
-99.00
-99.00
-99.00
-99.00
-99.00
-99.00
-99.00
-99.00
-99.00
-99.00
-99.00
-99.00
-99.00
-99.00
-99.00
-99.00
-99.00
-99.00
-99.00
-99.00
-99.00
-99.00
-99.00
-99.00
-99.00
-99.00
-99.00
-99.00
-99.00
-99.00
-99.00
-99.00
-99.00
-99.00
-99.00
-99.00
-99.00
-99.00
-99.00
-99.00
-99.00
-99.00
-99.00
-99.00
-99.00
-99.00
-99.00
-99.00
-99.00
-99.00
-99.00
-99.00
-99.00
-99.00
-99.00
-99.00
-99.00
-99.00
-99.00
-99.00
-99.00
-99.00
-99.00
-99.00
-99.00
-99.00
-99.00
-99.00
-99.00
-99.00
-99.00
-99.00
-99.00
-99.00
-99.00
-99.00
-99.00
-99.00
-99.00
-99.00
-99.00
-99.00
-99.00
-99.00
-99.00
-99.00
-99.00
-99.00
-99.00
-99.00
-99.00
-99.00
-99.00
-99.00
-99.00
-99.00
-99.00
-99.00
-99.00
-99.00
-99.00
-99.00
-99.00
-99.00
-99.00
-99.00
-99.00
-99.00
-99.00
-99.00
-99.00
-99.00
-99.00
-99.00
-99.00
-99.00
-99.00
-99.00
-99.00
-99.00
-99.00
-99.00
-99.00
-99.00
-99.00
-99.00
-99.00
-99.00
-99.00
-99.00
-99.00
-99.00
-99.00
-99.00
-99.00
-99.00
-99.00
-99.00
-99.00
-99.00
-99.00
-99.00
-99.00
-99.00
-99.00
-99.00
-99.00
-99.00
-99.00
-99.00
-99.00
-99.00
-99.00
-99.00
-99.00
-99.00
-99.00
-99.00
-99.00
-99.00
-99.00
-99.00
-99.00
-99.00
-99.00
-99.00
-99.00
-99.00
-99.00
-99.00
-99.00
-99.00
-99.00
-99.00
-99.00
-99.00
-99.00
-99.00
-99.00
-99.00
-99.00
-99.00
-99.00
-99.00
-99.00
-99.00
-99.00
-99.00
-99.00
-99.00
-99.00
-99.00
-99.00
-99.00
-99.00
-99.00
-99.00
-99.00
-99.00
-99.00
-99.00
-99.00
-99.00
-99.00
-99.00
-99.00
-99.00
-99.00
-99.00
-99.00
-99.00
-99.00
-99.00
-99.00
-99.00
-99.00
-99.00
-99.00
-99.00
-99.00
-99.00
-99.00
-99.00
-99.00
-99.00
-99.00
-99.00
-99.00
-99.00
-99.00
-99.00
-99.00
-99.00
-99.00
-99.00
-99.00
-99.00
-99.00
-99.00
-99.00
-99.00
-99.00
-99.00
-99.00
-99.00
-99.00
-99.00
-99.00
-99.00
-99.00
-99.00
-99.00
-99.00
-99.00
-99.00
-99.00
-99.00
-99.00
-99.00
-99.00
-99.00
-99.00
-99.00
-99.00
-99.00
-99.00
-99.00
-99.00
-99.00
-99.00
-99.00
-99.00
-99.00
-99.00
-99.00
-99.00
-99.00
-99.00
-99.00
-99.00
-99.00
-99.00
-99.00
-99.00
-99.00
-99.00
-99.00
-99.00
-99.00
-99.00
-99.00
-99.00
-99.00
-99.00
-99.00
