20000101
0.00
0.00
0.00
0.10
0.10
0.00
0.10
1.00
2.90
0.00
0.00
0.10
0.10
4.90
19.68
0.20
0.00
0.10
0.00
0.00
0.10
0.00
0.00
0.00
0.00
2.10
0.70
0.00
0.10
0.00
0.00
0.00
0.10
0.10
0.00
0.00
0.00
0.00
0.00
0.00
0.00
0.00
1.00
0.00
0.00
0.00
1.70
0.60
0.00
0.00
0.00
0.00
0.00
0.00
0.00
0.00
0.00
0.00
0.10
0.00
0.00
0.00
0.00
0.00
0.00
0.00
0.00
0.00
0.00
0.00
0.00
0.00
0.00
0.00
0.00
0.00
0.00
0.00
0.00
0.00
0.00
0.00
2.10
0.10
0.00
2.80
14.09
2.70
1.50
0.00
2.60
0.00
1.80
0.00
0.00
0.00
0.00
0.00
0.00
0.00
1.50
19.68
0.00
0.00
0.00
0.00
0.00
1.30
3.70
0.00
0.00
0.00
0.00
5.70
0.00
0.00
0.00
1.96
4.73
0.00
0.00
0.00
0.00
0.00
0.00
0.00
0.00
0.10
0.00
0.48
1.82
0.10
0.00
0.00
0.00
0.00
0.00
5.90
0.00
0.00
0.00
0.00
3.90
0.00
0.00
0.00
0.00
6.50
0.00
0.00
0.00
0.00
0.00
0.00
0.00
0.00
4.65
2.25
0.00
0.00
0.00
41.98
11.49
0.00
1.30
4.60
0.00
0.00
0.00
0.00
0.00
0.00
0.00
0.00
0.00
0.00
0.00
0.20
0.00
0.00
0.00
0.10
0.00
0.00
0.00
0.00
0.00
0.00
0.00
0.00
0.00
9.19
26.89
2.10
0.00
0.00
0.00
0.00
0.00
0.00
0.00
0.00
0.00
0.00
1.80
0.10
2.00
0.00
0.00
0.10
0.00
0.00
0.00
0.00
0.00
0.00
0.00
1.50
0.00
0.00
0.00
0.00
0.00
0.00
0.00
0.00
0.00
0.00
0.00
0.00
0.00
0.00
0.00
0.60
0.00
0.00
0.10
0.00
0.00
0.00
0.00
0.00
7.40
0.80
0.00
0.00
7.60
1.30
0.00
0.00
0.00
0.00
0.00
0.00
0.00
0.20
0.00
0.00
0.00
0.00
0.00
1.30
8.20
10.50
0.00
0.00
0.00
0.00
0.00
0.00
0.00
3.10
3.00
3.90
0.10
0.00
0.00
0.00
0.00
0.00
0.00
0.00
0.00
3.30
6.59
1.70
12.20
0.03
26.45
5.20
0.10
0.00
0.00
0.00
0.00
1.87
0.13
0.00
0.10
0.00
0.00
0.00
0.00
0.00
5.00
0.00
0.20
1.10
0.00
0.00
0.30
0.00
0.00
0.00
0.00
0.00
0.00
1.40
7.69
0.00
0.00
0.00
0.00
0.00
1.90
0.00
0.00
1.00
0.00
0.00
0.10
1.40
0.10
1.30
1.70
0.00
0.07
3.23
0.00
0.10
0.00
0.00
0.00
0.00
0.00
0.00
0.00
0.00
0.00
1.50
0.00
0.00
0.00
0.00
0.45
4.85
28.14
59.22
8.09
0.00
0.00
0.00
0.00
0.00
0.00
0.00
0.00
0.00
0.00
0.00
0.00
0.40
3.60
0.10
0.20
0.00
0.00
0.60
38.23
4.83
27.30
28.58
0.00
0.10
1.40
0.00
0.00
0.00
0.00
0.00
0.00
0.00
0.00
20.09
9.29
0.00
0.00
0.00
0.00
0.00
0.00
0.00
0.00
0.00
0.00
0.00
0.00
0.00
0.00
0.10
9.69
0.00
0.00
0.00
0.00
0.00
0.00
0.00
0.00
0.00
2.70
0.10
0.00
0.00
0.00
0.00
0.50
0.00
0.00
0.20
0.00
0.30
8.40
0.00
3.70
0.10
9.59
4.10
0.00
0.00
1.50
0.00
0.00
0.00
0.00
0.00
0.00
0.00
0.00
0.50
1.10
0.00
0.40
6.60
0.10
0.00
0.00
0.00
0.00
0.00
0.00
0.00
5.20
0.00
0.00
0.00
0.00
0.00
0.00
0.00
0.00
0.06
1.14
0.00
5.80
1.20
0.30
0.00
0.00
0.00
0.00
0.00
0.00
0.00
0.00
1.40
3.30
0.30
2.60
0.00
1.50
0.00
0.00
0.00
0.00
0.10
0.00
0.00
0.00
0.00
0.00
0.00
2.40
0.80
0.00
0.00
0.40
1.30
0.00
1.80
0.00
0.00
0.00
0.00
0.00
0.00
0.10
0.00
0.00
0.00
0.00
0.00
0.00
0.00
0.00
0.00
5.63
0.17
0.00
0.00
0.00
0.00
1.00
0.50
0.00
0.00
0.00
0.00
0.00
0.00
0.00
0.00
0.00
0.00
0.00
0.00
0.00
0.00
0.00
1.60
0.00
0.00
0.10
0.00
0.00
0.00
0.00
0.00
0.00
0.00
0.00
14.89
0.00
0.00
0.00
15.49
0.00
0.00
0.00
0.00
0.00
0.00
0.00
0.00
0.00
0.00
0.00
0.00
0.00
0.00
0.00
0.00
0.00
0.00
0.00
0.00
0.50
0.00
0.00
0.00
0.00
0.00
0.00
0.10
0.00
0.00
0.00
0.00
0.00
0.00
0.00
0.00
0.00
0.00
0.00
0.00
0.00
4.90
22.79
0.00
0.00
50.69
0.90
0.00
0.00
0.00
0.00
0.83
0.18
0.00
0.00
0.00
0.00
0.00
0.00
0.00
5.40
2.10
0.00
0.00
29.39
0.00
1.20
7.60
0.10
0.00
6.50
2.60
0.10
0.00
0.00
0.00
1.30
0.00
0.00
0.00
0.00
0.40
0.00
0.00
0.00
1.10
0.00
0.10
0.00
0.00
14.39
0.00
12.40
0.00
0.00
0.00
0.00
0.00
0.00
0.00
0.00
0.00
0.00
0.00
0.20
0.00
0.00
0.00
0.00
0.00
0.00
0.00
1.80
0.00
4.60
0.00
0.00
0.60
53.88
15.87
1.30
0.00
3.00
0.00
0.00
0.00
0.00
0.00
0.00
0.00
0.00
0.00
0.00
0.00
0.00
0.00
0.00
0.10
0.00
0.00
0.00
0.00
0.00
0.00
0.00
0.10
0.10
0.70
7.00
0.00
0.00
0.00
0.00
0.10
0.00
0.10
0.00
0.00
0.00
0.00
0.00
0.00
0.00
0.00
0.00
0.00
1.80
8.00
3.62
0.38
0.10
0.10
0.00
0.10
0.00
0.00
0.10
2.00
0.10
0.00
0.00
0.00
0.10
0.00
0.00
0.00
0.10
0.20
0.00
0.00
0.00
0.00
0.00
0.00
0.10
0.00
0.00
0.00
0.00
0.00
2.87
2.62
0.00
0.00
0.00
0.00
0.00
0.00
0.00
15.09
0.40
11.70
2.90
0.00
0.00
0.00
0.00
0.00
0.00
0.00
0.00
0.00
0.00
0.00
0.00
5.50
0.00
1.16
5.24
0.00
0.00
0.00
0.00
0.00
0.00
0.00
0.60
1.50
0.00
0.00
0.00
0.00
0.00
0.00
0.00
0.00
0.00
0.00
0.00
0.00
0.00
0.10
14.47
0.13
0.10
0.00
3.15
107.39
1.40
0.00
0.00
18.49
1.10
11.21
9.87
38.19
4.30
0.40
1.10
0.40
0.00
0.00
0.00
0.00
0.00
0.00
0.00
0.00
0.00
0.00
0.00
0.00
0.00
0.00
0.00
0.03
2.63
4.55
2.86
0.04
1.90
47.36
44.77
5.15
4.34
3.20
0.00
0.30
0.00
0.00
0.00
0.00
3.10
0.00
0.00
0.00
0.00
3.80
0.00
0.00
2.70
4.60
0.10
0.00
0.00
0.00
0.00
0.00
0.00
12.90
16.59
4.30
0.00
13.10
0.00
0.00
0.00
0.10
2.00
0.00
0.00
0.00
0.00
0.00
0.00
0.00
0.00
0.00
0.00
0.00
0.00
0.00
0.00
0.00
20.80
2.00
0.00
0.00
0.00
0.00
0.00
0.00
0.00
0.00
0.00
0.00
0.00
4.70
0.00
0.00
0.00
0.00
0.00
0.00
0.00
0.00
0.00
0.00
0.00
0.00
0.00
0.00
0.00
0.00
0.00
0.40
0.10
14.49
0.00
0.00
0.00
0.50
2.90
0.10
18.30
14.29
4.70
0.00
0.00
0.00
0.00
0.00
0.00
0.00
0.00
0.20
0.00
0.00
0.10
0.00
0.70
2.30
6.99
4.30
0.00
0.00
1.50
0.30
0.00
0.00
20.89
0.30
0.20
0.00
14.70
0.00
0.00
0.00
0.00
11.40
1.90
0.00
0.00
0.00
0.00
0.00
0.00
0.00
1.00
0.00
0.00
0.00
0.00
0.00
0.00
0.00
0.00
0.10
0.00
0.00
0.00
0.00
0.00
0.00
0.00
0.24
91.33
14.30
0.17
0.00
0.00
0.00
0.00
0.00
5.10
0.00
0.00
0.00
0.40
0.00
11.49
0.00
0.00
0.00
0.00
0.00
0.00
0.00
1.90
0.00
0.00
0.00
0.00
0.00
2.60
2.70
0.00
0.00
0.00
0.00
0.00
0.00
3.83
0.67
0.00
0.00
0.00
0.00
7.80
0.10
0.00
0.00
14.20
0.70
0.00
0.00
0.00
0.40
0.00
0.30
0.00
0.00
0.00
0.00
0.00
0.00
0.00
0.40
73.06
0.10
0.00
0.00
0.00
0.00
0.00
0.00
0.00
0.10
0.00
0.00
0.00
0.10
0.00
0.10
0.00
0.00
0.00
0.00
4.43
0.18
0.00
0.00
0.00
0.00
0.32
62.14
0.00
4.20
0.20
0.00
0.00
0.00
0.00
0.00
0.00
0.10
0.00
0.00
4.90
0.20
0.00
0.00
0.00
0.00
0.00
0.00
0.00
0.00
0.00
0.00
0.00
0.00
0.00
0.00
0.60
0.00
0.00
0.00
0.00
0.00
0.90
0.00
0.00
0.00
0.00
0.00
0.00
0.00
0.00
12.80
16.19
15.60
2.59
0.20
1.50
2.60
27.38
12.19
0.00
0.10
0.00
0.60
0.10
0.00
0.40
0.00
0.00
0.10
0.00
0.00
0.00
0.00
0.00
0.10
0.00
0.00
0.00
0.00
0.00
0.00
0.00
0.00
0.00
0.00
0.00
0.00
13.03
1.66
27.39
0.00
0.10
1.90
0.00
0.00
0.00
0.00
0.00
2.60
16.39
7.80
0.00
0.00
0.00
0.10
0.10
0.00
0.00
0.00
0.00
0.00
0.00
0.00
0.00
0.00
0.00
1.20
0.00
0.00
0.00
0.00
0.00
0.00
0.00
0.00
0.00
0.10
0.90
0.00
0.00
0.00
0.50
0.00
0.00
0.00
0.00
0.20
5.20
0.00
6.30
0.00
0.00
0.00
0.00
0.00
10.00
7.89
0.00
0.00
0.00
0.00
0.00
0.00
0.00
0.00
0.00
2.50
0.00
0.00
0.00
0.00
0.00
0.00
0.00
0.00
0.00
1.50
0.00
0.00
0.00
0.00
0.00
0.00
0.00
0.00
0.00
0.00
0.00
1.30
0.00
0.00
0.00
0.00
4.80
5.90
0.00
0.00
0.40
0.00
0.00
0.00
0.00
0.00
0.00
0.00
0.00
0.00
0.00
0.00
0.00
0.00
0.00
0.00
0.00
0.00
1.10
0.00
0.00
0.00
0.00
0.00
1.00
0.00
0.00
0.00
0.00
0.00
0.00
0.00
0.00
0.00
0.00
0.00
0.00
0.00
0.00
0.00
0.00
0.00
12.90
0.00
0.00
14.19
0.00
0.00
0.00
9.90
0.00
0.00
0.00
0.00
0.00
0.00
2.70
1.10
3.60
0.00
0.00
14.40
0.10
10.40
0.10
0.00
0.00
0.00
0.00
0.00
0.00
0.00
0.00
0.00
0.00
0.00
0.00
0.00
5.00
1.20
0.00
0.00
0.00
8.50
22.30
0.90
2.20
2.80
0.00
0.00
5.60
1.20
0.00
0.00
0.00
0.00
0.00
0.00
0.00
12.80
0.00
13.00
18.90
65.50
26.70
14.70
0.00
0.00
0.60
0.10
0.00
0.00
22.80
1.20
0.70
0.00
0.00
2.70
0.00
0.00
0.00
0.00
0.00
0.00
0.00
0.40
0.70
0.00
0.00
0.10
0.00
0.00
9.80
2.80
0.00
0.00
0.00
0.00
2.30
5.90
6.55
1.75
0.00
0.00
3.30
0.00
0.00
0.00
9.78
8.93
42.50
64.37
13.72
0.00
9.80
4.70
0.10
2.00
0.10
0.00
0.00
0.00
0.00
0.00
0.00
1.20
0.60
0.10
0.00
0.00
0.00
0.00
0.00
0.00
0.00
3.80
0.00
0.00
0.00
0.00
0.00
0.00
0.00
0.00
0.00
0.00
0.00
0.04
0.06
0.00
0.00
0.00
0.00
0.00
0.00
2.00
0.10
0.00
0.30
0.00
0.00
8.40
3.60
0.00
0.10
9.80
0.10
0.00
0.00
0.00
0.00
0.00
0.00
0.00
0.00
0.00
0.00
0.00
0.00
0.00
0.00
0.00
0.00
0.00
0.00
4.80
0.00
1.20
0.20
33.70
10.80
0.10
1.60
0.00
0.50
11.20
0.00
0.00
0.00
0.00
0.00
0.00
0.00
0.00
0.00
0.00
0.00
0.00
0.00
0.00
0.48
5.62
0.00
0.00
0.00
0.00
0.00
0.00
0.00
0.00
0.00
0.00
0.00
0.00
0.00
2.10
0.00
29.30
27.24
0.26
0.00
0.00
0.00
0.00
0.00
0.00
2.93
3.37
0.00
0.00
0.00
0.00
0.00
4.20
0.88
85.12
3.60
7.00
2.90
0.00
0.00
0.50
0.00
0.00
0.00
0.00
0.00
11.70
41.60
0.20
0.00
0.20
38.80
3.20
33.10
0.80
18.60
0.10
0.00
0.80
14.20
5.80
0.20
0.00
0.00
0.00
0.00
0.00
0.00
0.00
0.00
5.40
0.00
0.00
0.00
0.00
0.00
0.00
0.00
1.50
0.00
0.00
0.00
0.00
0.00
0.00
0.00
0.00
0.00
0.00
0.00
0.10
0.40
0.00
6.70
1.10
0.60
0.00
0.00
7.19
3.31
0.00
0.00
0.00
0.00
0.00
0.00
0.00
0.00
0.00
0.00
0.00
0.00
0.00
0.00
0.10
0.50
0.10
0.90
0.30
10.10
3.00
0.00
0.00
0.00
0.00
0.00
0.00
0.00
0.00
0.00
0.00
0.00
0.00
0.00
0.00
0.00
0.00
0.00
0.00
0.00
0.00
0.00
0.00
0.80
0.10
0.00
0.00
0.00
0.00
0.00
0.00
0.00
0.00
0.00
0.00
0.00
0.00
0.00
0.00
0.00
0.00
0.00
0.00
0.00
0.00
0.00
0.00
0.00
0.00
1.60
0.00
0.00
0.00
0.60
8.10
0.00
0.00
0.00
0.10
0.00
0.00
0.00
1.80
0.00
0.00
6.90
4.50
0.10
0.00
0.00
0.00
0.00
0.00
0.00
0.00
0.00
0.00
0.00
0.00
0.00
0.00
0.00
0.00
0.00
0.00
0.00
0.00
0.00
0.00
0.00
0.00
0.00
0.50
2.30
0.00
9.80
0.00
0.00
0.00
0.00
0.00
0.00
0.00
0.00
0.00
0.00
0.42
26.28
0.00
0.00
4.20
7.40
28.70
1.10
0.00
0.00
0.00
0.00
0.00
0.00
0.00
0.20
0.40
0.00
0.00
0.00
0.00
0.00
0.00
0.00
0.00
0.00
0.00
0.00
0.00
0.15
0.15
0.00
0.00
0.00
0.00
20.20
0.10
6.20
0.00
0.00
10.70
1.60
0.10
27.50
27.17
6.53
0.00
0.00
0.70
0.00
0.00
0.00
0.00
0.00
0.00
0.00
0.00
0.00
0.00
0.00
0.00
2.50
0.00
0.00
0.10
0.10
0.00
0.00
0.00
0.00
0.00
0.00
0.00
0.00
0.00
0.10
0.10
0.00
0.00
0.10
0.00
0.00
0.00
0.00
0.10
0.00
0.40
0.00
0.00
0.00
0.20
0.60
0.00
0.00
0.00
0.00
0.20
0.00
0.00
0.00
0.00
0.00
0.00
0.01
16.09
35.20
49.75
9.05
0.00
0.10
0.20
5.40
0.00
0.00
0.00
0.00
0.00
0.20
0.00
0.00
0.00
0.00
0.00
0.00
0.00
0.00
0.00
0.00
0.00
8.10
0.00
0.00
0.20
0.00
0.00
0.00
0.00
0.00
0.00
0.00
0.00
0.00
0.10
0.00
0.00
0.00
0.00
0.10
0.00
0.70
0.20
0.00
0.00
8.60
0.10
4.60
6.60
0.00
0.00
0.00
2.00
0.00
0.00
0.00
0.00
6.33
0.07
0.00
0.00
0.00
0.00
0.00
3.20
8.40
0.00
0.80
0.00
0.00
0.00
0.00
0.00
0.10
0.00
0.00
0.00
0.00
0.00
0.00
0.00
0.60
0.00
4.50
0.70
0.00
0.00
0.00
0.00
2.20
0.20
0.00
0.05
0.55
0.00
2.80
61.20
0.10
0.00
0.00
0.00
0.00
0.00
0.00
0.00
0.00
0.00
0.00
0.00
0.20
0.00
0.00
0.00
0.00
0.00
0.00
0.00
0.00
0.00
0.00
0.00
6.30
0.00
0.30
7.10
0.00
0.00
0.00
0.00
0.00
0.00
0.00
0.00
0.00
0.00
0.00
0.00
0.00
0.00
0.00
0.00
0.00
0.00
0.00
2.00
0.00
0.10
0.00
2.05
18.95
0.00
0.00
0.00
0.00
0.00
0.00
0.00
0.00
0.00
0.00
0.00
0.00
0.00
0.00
0.00
0.00
0.00
0.00
0.00
0.00
0.00
0.00
5.90
0.60
0.00
0.00
0.00
0.00
0.00
0.10
0.20
1.40
2.50
0.00
0.00
0.00
0.00
0.00
0.00
2.80
3.00
27.00
0.00
0.00
0.00
0.00
0.00
0.00
1.00
0.00
0.00
0.00
0.00
0.00
0.00
0.00
0.00
0.10
15.10
10.75
24.95
0.10
4.60
0.20
0.70
9.40
0.00
0.00
0.00
1.80
0.00
0.00
0.00
0.00
0.00
0.00
0.00
63.20
0.10
0.00
0.00
0.00
0.00
0.80
4.40
0.00
0.00
1.50
0.00
0.00
0.00
0.00
0.00
15.10
15.70
79.63
17.27
11.40
0.10
0.10
13.50
0.00
0.00
0.00
0.00
0.00
0.00
0.00
0.10
0.00
0.00
0.00
0.00
0.00
0.00
0.00
0.00
0.70
0.00
0.00
0.00
0.00
17.50
1.60
0.00
2.40
29.40
25.40
0.20
0.00
0.00
0.00
0.00
0.00
0.10
0.00
0.00
0.00
3.50
0.90
0.00
0.00
0.00
0.00
0.00
0.00
0.70
0.00
0.20
0.00
0.00
0.00
0.00
0.00
0.00
0.00
0.00
0.00
0.00
0.00
0.00
0.00
0.00
0.00
0.10
0.00
0.10
0.00
0.10
0.10
0.00
0.10
0.00
0.00
0.00
1.10
0.00
0.00
0.00
0.50
6.10
12.10
3.20
0.00
0.00
0.10
0.00
0.52
1.68
0.00
0.30
0.10
0.00
0.00
0.00
0.00
0.00
0.00
0.00
0.00
0.66
12.94
40.68
31.72
11.30
0.30
0.00
0.20
0.00
0.00
0.00
0.00
0.00
0.00
0.00
0.00
0.00
0.00
0.00
0.00
0.00
0.20
0.00
0.00
0.00
0.00
0.00
9.50
0.00
0.00
0.00
4.60
0.20
0.00
1.20
0.00
0.00
0.00
4.50
0.00
0.90
0.00
5.00
0.60
4.20
0.00
0.00
0.00
0.00
0.00
0.00
4.70
11.00
0.00
0.00
8.40
0.00
0.00
0.00
0.00
0.00
0.00
0.00
0.00
0.00
0.00
0.30
0.00
0.00
5.00
0.00
0.00
0.00
0.00
0.10
0.00
0.00
0.00
0.00
0.00
0.00
0.00
0.00
0.00
1.20
0.00
0.00
0.00
0.00
0.00
0.00
0.00
0.00
0.00
0.00
0.00
0.00
0.00
0.00
0.00
0.00
0.00
6.70
0.00
0.00
0.00
0.10
0.50
0.00
0.00
0.00
0.00
0.00
0.00
0.00
0.00
0.00
0.00
0.00
0.00
0.00
0.00
0.00
0.00
0.00
0.20
0.00
0.00
0.00
0.00
0.00
0.00
0.00
0.00
0.00
0.00
0.00
0.00
0.00
0.00
0.00
1.00
0.00
0.00
0.00
0.00
0.00
0.00
0.00
0.00
0.00
0.00
0.00
0.00
0.00
0.00
0.00
0.00
0.00
0.00
0.00
2.00
0.00
0.00
0.00
0.00
0.00
0.00
0.00
0.00
0.00
0.00
0.00
0.00
0.00
0.00
0.00
0.00
3.00
0.00
0.00
0.00
0.00
0.20
0.00
0.00
0.00
0.00
0.00
0.60
0.00
0.00
0.00
0.00
0.00
0.00
0.00
0.00
15.60
2.20
0.00
11.10
0.00
0.00
0.00
0.00
0.00
0.00
0.00
0.60
21.60
4.00
0.10
0.00
0.00
0.00
0.00
0.00
0.00
0.00
0.00
0.00
0.00
0.00
0.00
0.00
0.00
0.00
0.00
4.70
78.40
32.70
0.00
0.90
0.00
2.40
0.00
0.00
0.00
0.90
6.40
1.60
0.20
0.00
0.00
0.00
0.00
0.00
0.00
0.00
0.00
0.00
0.00
0.00
0.00
0.00
0.00
0.00
0.10
0.90
1.20
0.20
0.20
0.10
0.20
0.30
64.90
10.30
0.00
0.00
0.00
0.00
0.00
0.00
0.00
0.00
0.00
0.00
0.00
0.00
0.00
0.00
0.00
0.00
0.00
0.00
0.00
0.00
0.00
0.00
0.10
0.00
0.00
0.00
0.00
0.20
0.00
0.00
0.00
0.00
0.00
0.00
0.00
0.00
0.00
0.00
0.00
0.00
0.00
0.00
0.00
0.00
0.00
0.00
14.20
0.00
2.50
0.00
0.00
0.00
0.20
0.00
0.00
29.20
0.10
0.10
0.00
0.00
0.00
0.00
0.30
0.00
0.00
0.00
0.00
0.00
0.10
0.10
0.00
0.00
0.00
0.00
0.00
0.00
0.00
0.00
0.00
0.00
0.20
0.00
0.00
0.00
0.00
0.00
0.00
0.00
0.00
0.00
0.00
0.00
0.00
0.80
0.00
0.00
0.30
0.00
0.00
0.00
0.00
0.00
2.90
0.00
0.00
0.00
0.00
0.13
2.67
0.00
3.10
0.10
0.00
0.00
8.80
0.00
0.90
0.10
0.00
43.40
14.30
0.10
0.00
0.00
0.00
0.00
0.10
3.80
0.10
0.00
0.00
0.00
0.00
0.00
0.00
0.00
0.20
4.40
0.10
0.00
0.00
0.00
0.00
0.00
0.00
0.00
0.00
0.00
0.00
13.00
0.00
0.00
0.00
0.00
0.20
3.60
1.30
0.00
5.40
0.00
5.70
0.80
0.20
0.90
54.10
0.60
1.80
0.00
0.00
0.00
0.70
3.30
3.30
14.68
31.72
9.30
1.80
0.00
0.00
0.00
0.00
0.00
0.00
0.00
0.00
0.00
0.00
0.00
0.10
0.00
0.00
0.00
16.40
0.40
4.20
1.70
0.00
0.00
0.00
0.00
0.00
0.00
0.00
0.00
0.00
19.70
0.10
0.00
0.00
0.00
0.00
0.00
0.10
0.00
0.00
0.00
0.00
8.10
7.10
0.90
0.00
0.00
1.50
3.00
0.00
0.00
0.00
0.00
0.60
0.00
0.00
0.00
0.00
0.00
0.00
0.00
0.00
0.00
0.00
0.00
0.30
0.00
0.00
0.00
0.00
0.00
0.00
0.00
2.40
0.00
0.00
0.00
0.00
0.30
0.00
0.00
0.30
0.10
0.00
0.00
0.00
0.20
1.10
0.00
0.00
0.00
0.00
0.00
0.00
0.00
0.00
0.00
0.00
0.00
0.00
0.00
0.00
0.00
0.00
0.00
0.00
0.00
0.00
0.00
0.00
0.00
0.00
0.00
0.00
10.00
0.50
3.32
0.38
0.00
0.00
0.04
0.06
0.00
0.00
0.00
0.00
0.00
19.80
0.00
17.00
1.30
0.00
0.00
0.00
0.00
0.00
0.00
0.00
0.80
0.10
0.00
0.00
0.00
0.00
0.00
0.00
0.00
0.00
0.00
0.00
0.00
0.00
0.00
0.00
0.00
0.00
0.00
0.00
0.00
0.00
0.00
0.00
0.00
0.00
0.00
2.60
0.00
0.00
0.00
0.00
0.00
0.00
0.44
3.26
9.90
0.00
0.00
5.50
0.00
53.20
0.00
0.00
0.00
0.00
0.00
0.00
2.20
0.00
0.00
0.00
0.00
0.00
0.10
0.00
0.00
0.30
0.00
0.00
0.00
0.00
0.00
0.00
0.00
0.00
0.00
0.00
0.00
0.00
0.00
0.00
0.00
0.00
0.00
0.00
0.00
0.00
0.00
0.00
0.00
0.00
0.04
0.06
13.40
0.50
0.00
0.00
0.00
0.00
0.00
0.00
0.00
0.00
0.00
0.00
0.00
0.00
0.00
0.00
0.10
0.00
0.00
0.00
0.00
0.00
0.00
0.00
0.00
0.00
0.00
0.00
0.00
0.00
0.00
0.00
0.00
0.00
0.00
0.00
0.00
0.00
0.00
0.00
0.00
0.00
0.00
0.00
0.00
0.00
0.00
0.00
0.30
0.00
1.19
3.51
0.00
0.00
0.00
0.00
0.00
0.00
0.00
0.00
0.00
0.00
0.00
0.00
0.00
0.00
0.00
0.00
0.00
0.00
0.00
0.20
0.00
4.40
3.30
0.00
0.00
0.00
0.00
0.00
0.00
0.00
0.00
0.00
0.10
0.00
0.00
0.00
1.60
6.30
7.90
0.10
0.00
0.00
0.40
1.50
0.00
0.00
0.10
0.00
0.00
0.00
0.00
6.80
0.00
0.00
0.00
0.00
11.70
0.10
0.00
0.00
0.00
0.00
0.00
0.00
0.00
0.00
0.40
0.00
0.00
19.00
0.00
0.00
0.00
5.40
0.10
0.00
0.00
10.40
4.30
0.00
0.00
0.00
0.00
0.00
0.00
0.00
0.00
0.00
0.40
0.90
0.00
0.50
7.10
0.00
0.00
12.90
2.00
0.00
1.00
7.20
0.10
4.10
0.10
0.00
0.00
0.00
8.40
0.00
1.90
0.00
0.00
0.00
0.00
0.00
0.00
0.00
0.00
13.60
17.20
0.20
4.70
0.00
0.00
0.00
0.00
0.00
6.20
0.00
0.00
0.00
0.70
0.00
0.00
18.70
7.00
12.90
0.00
0.00
2.10
0.00
19.10
1.30
2.60
0.00
3.35
0.85
0.00
0.00
0.00
0.00
0.00
0.00
34.50
0.10
8.20
0.40
0.70
0.00
0.00
0.00
0.00
0.00
0.00
0.00
0.00
0.00
3.40
0.00
0.00
0.00
0.00
0.00
0.00
0.00
0.00
0.00
0.00
0.00
0.00
0.00
0.00
27.20
0.30
0.20
0.00
0.00
0.00
0.00
0.00
0.00
0.50
0.00
0.00
0.00
0.00
3.50
0.00
0.00
0.00
0.00
0.00
0.00
0.00
0.00
0.50
0.16
0.14
0.10
0.00
0.00
0.00
0.00
0.00
0.00
3.85
3.85
0.00
0.00
0.00
0.00
0.00
0.00
38.50
0.00
0.00
0.00
0.00
0.30
0.00
0.00
0.00
0.00
1.90
0.00
0.00
0.00
0.00
0.40
0.00
0.00
0.00
0.00
0.40
3.40
0.20
0.00
0.00
0.00
0.00
0.65
0.05
0.00
0.00
0.00
0.00
0.00
0.00
0.00
0.00
0.00
0.00
0.00
0.00
0.00
0.00
0.00
0.00
0.00
0.07
8.33
0.00
0.00
0.00
0.10
0.60
0.00
0.00
0.20
1.10
12.40
0.00
0.00
0.00
0.00
0.00
1.00
0.00
0.00
0.00
9.70
0.20
0.00
6.40
2.40
35.00
0.00
0.00
0.20
7.30
0.10
0.00
0.10
0.00
0.00
3.60
0.00
0.00
0.00
0.00
0.00
0.00
0.00
0.00
0.00
0.00
0.00
6.50
0.00
0.00
1.10
1.50
1.00
0.00
0.00
0.00
0.00
0.00
0.00
0.00
0.00
0.00
16.60
0.00
0.00
0.00
0.90
6.20
0.70
2.70
0.10
0.00
0.00
0.00
0.00
0.00
0.10
0.00
0.10
42.00
6.90
2.00
5.50
0.00
0.00
0.00
0.00
0.00
0.00
0.10
1.30
0.00
0.00
4.80
3.60
0.00
0.10
0.10
0.00
0.00
0.00
0.00
0.00
0.30
0.30
0.00
0.09
3.21
0.00
0.23
0.07
0.00
0.00
0.00
0.20
20.63
14.57
1.80
25.90
0.20
0.00
0.00
1.20
0.00
0.00
1.30
0.00
0.00
0.00
0.00
0.00
0.00
0.00
0.00
0.00
0.00
0.00
0.00
0.00
0.00
0.10
0.00
0.00
0.80
8.60
11.90
0.20
1.20
0.00
0.00
0.00
0.00
0.00
0.00
0.00
0.00
0.00
0.00
0.00
0.00
0.00
0.00
0.00
0.00
0.00
0.00
0.00
0.00
0.00
0.00
0.00
11.70
2.60
0.00
10.99
1.11
8.30
0.40
0.00
0.00
0.00
6.60
6.50
0.00
0.00
3.70
7.40
0.00
0.00
0.10
0.30
10.00
0.00
0.00
4.50
0.10
0.00
0.00
0.10
0.10
8.50
0.50
18.80
1.20
9.60
0.60
0.00
0.00
0.60
0.00
0.00
0.00
0.00
0.00
0.00
0.00
0.00
0.00
26.10
0.00
0.00
0.00
0.00
0.00
0.00
0.00
0.00
0.00
0.00
0.00
0.00
0.00
0.00
0.00
0.00
1.00
0.10
0.00
0.00
0.00
0.00
0.10
0.00
0.00
0.00
0.00
0.00
0.00
0.60
0.00
0.00
0.00
0.00
0.00
4.00
0.10
0.00
0.00
0.00
0.00
0.00
0.00
0.00
0.00
0.00
0.10
0.30
0.00
0.00
6.00
1.40
0.00
0.00
0.00
0.00
0.10
0.00
0.00
0.00
3.77
0.43
0.00
0.00
0.00
0.00
0.00
0.00
0.00
0.00
0.00
0.00
0.00
0.00
0.00
0.00
0.00
0.00
0.00
1.90
0.10
0.00
0.00
0.00
2.70
0.00
0.00
0.00
0.00
0.00
0.00
0.00
0.00
0.00
0.00
0.00
0.00
0.00
0.00
0.00
0.00
0.00
0.00
0.00
0.00
0.00
0.00
0.00
0.00
0.00
0.00
0.00
10.20
0.00
0.00
0.00
0.00
0.00
0.00
0.00
0.00
0.33
48.57
0.10
0.00
1.80
4.60
0.10
0.70
0.00
0.00
0.00
0.00
0.00
0.00
0.00
0.00
0.00
0.20
0.00
0.00
0.00
0.00
0.00
0.00
0.00
0.10
0.00
0.00
0.00
0.00
0.00
0.00
0.00
0.00
0.00
0.00
0.00
5.50
32.30
13.10
0.00
0.00
0.00
0.00
0.00
0.00
0.00
0.00
0.00
0.00
3.90
0.00
18.50
13.40
0.10
11.70
0.10
0.00
0.00
0.00
0.00
0.00
0.00
0.00
0.00
0.10
0.00
0.00
0.00
0.10
0.00
0.00
0.00
0.00
0.00
0.00
0.00
2.80
1.40
0.10
0.00
0.00
0.00
0.00
0.00
0.00
0.00
0.00
0.00
0.00
0.00
0.00
0.00
0.00
0.00
0.00
0.40
0.00
0.00
0.00
5.10
0.40
1.00
1.10
1.70
0.00
0.00
0.00
0.00
0.00
6.00
0.00
0.00
1.90
12.90
0.00
28.20
0.00
0.00
0.00
0.00
4.00
0.10
1.50
0.00
0.00
0.00
0.00
0.00
1.30
0.10
0.00
0.00
0.20
0.00
0.00
0.00
0.00
0.00
0.00
0.18
0.62
0.00
0.00
10.50
1.10
0.10
0.00
38.60
26.40
0.00
0.00
0.00
0.00
0.00
2.50
18.20
0.10
9.20
19.80
0.00
0.00
0.00
0.00
0.00
0.00
0.00
0.00
0.00
0.00
2.42
35.08
1.00
3.60
0.00
0.90
40.00
25.50
0.00
0.00
0.00
0.00
0.00
0.00
0.00
0.00
0.00
0.00
0.00
1.13
14.27
0.00
0.00
0.40
0.00
0.00
0.00
0.00
0.00
0.60
4.40
0.10
0.00
13.20
0.10
0.00
0.10
0.00
0.00
0.00
0.00
6.20
0.00
0.00
0.40
0.00
0.00
0.00
0.00
0.00
0.00
0.03
1.37
0.00
0.00
0.10
0.10
0.00
0.00
0.00
1.50
14.90
30.22
40.75
14.00
1.03
1.00
1.00
0.70
0.00
0.00
7.80
14.00
1.00
0.00
0.00
0.00
0.00
0.00
0.00
0.00
0.00
0.10
0.00
0.00
0.00
0.00
1.00
0.00
0.00
0.00
0.00
0.00
0.00
0.00
0.00
0.00
0.00
0.00
0.00
0.70
1.70
0.00
0.40
1.60
0.10
0.00
0.10
1.50
12.00
0.00
0.00
0.00
0.00
0.00
0.00
0.00
0.00
0.00
0.00
0.00
0.00
0.00
0.00
6.20
0.00
0.00
0.00
0.00
0.00
0.00
0.00
0.00
0.00
0.00
0.00
0.00
0.00
0.00
0.00
0.00
0.00
0.00
0.00
0.00
0.00
0.00
0.00
0.00
6.50
0.00
0.00
0.00
8.00
0.00
0.00
0.00
0.00
0.00
0.00
1.30
0.00
0.00
11.20
0.00
3.50
0.80
0.00
0.00
0.00
0.00
0.00
0.00
0.00
0.00
0.00
0.00
0.00
0.00
0.00
0.00
0.00
0.00
0.00
0.00
0.00
0.00
0.00
0.00
0.00
0.00
0.00
0.00
0.00
0.00
0.00
0.00
0.00
7.70
23.20
0.00
0.00
0.00
26.80
0.10
0.00
48.40
0.00
0.00
0.00
0.00
0.00
0.00
0.00
0.00
0.00
0.20
0.00
0.00
0.50
1.90
5.00
45.30
29.20
32.90
9.20
0.00
0.00
0.00
0.00
0.00
0.00
0.00
0.00
0.00
0.00
0.00
0.00
0.00
0.00
0.00
0.00
0.00
1.00
0.00
0.00
0.00
0.00
0.00
0.10
13.10
0.00
0.00
2.30
0.10
0.00
0.00
0.00
4.90
0.00
0.00
0.00
0.00
0.00
0.40
0.10
0.00
0.40
0.00
0.00
0.50
0.50
0.80
17.40
0.10
3.70
0.10
0.10
0.00
0.00
0.00
0.00
0.00
0.00
0.00
0.00
0.00
0.00
0.00
0.00
0.00
0.00
0.00
0.00
0.00
0.00
0.00
0.00
0.00
0.10
0.00
0.00
0.00
0.00
0.00
0.00
0.00
0.00
0.00
0.00
0.00
0.00
0.00
0.00
0.00
0.00
2.20
0.00
0.00
0.00
0.00
0.00
0.00
0.00
0.00
0.00
0.00
0.00
0.00
0.00
0.00
4.70
18.70
26.70
3.60
2.60
0.00
0.00
0.00
0.00
0.00
0.00
0.00
0.00
0.00
0.00
0.00
0.00
0.00
0.90
0.00
0.00
4.10
0.00
0.00
0.70
0.50
0.10
0.00
0.00
0.10
0.00
0.00
0.00
0.00
1.30
1.80
10.60
0.60
0.00
0.00
1.80
0.00
0.00
0.00
50.70
1.40
28.80
30.90
7.80
0.40
0.10
0.00
0.00
0.00
0.00
0.00
0.00
0.00
0.00
0.20
5.60
1.80
0.10
0.80
0.00
0.00
0.00
0.00
0.00
0.00
0.00
0.00
0.00
0.00
0.00
0.00
0.00
0.00
0.00
0.00
0.00
0.00
0.00
0.00
0.00
23.30
9.70
0.00
0.60
0.00
0.00
15.30
0.10
0.00
0.00
0.00
0.80
0.00
0.00
0.00
0.10
0.00
0.00
0.00
0.00
2.10
0.00
26.20
0.10
0.00
0.00
0.00
0.00
0.00
0.00
0.00
0.00
0.00
0.00
0.00
0.00
0.00
0.00
0.60
4.30
0.00
0.30
0.00
13.40
2.40
0.00
7.00
1.80
0.00
2.50
0.00
0.00
11.90
0.00
0.00
0.00
0.00
0.00
0.00
0.00
0.00
0.00
0.00
0.00
0.00
0.00
0.00
0.00
0.00
0.00
0.00
0.00
0.00
0.90
0.00
0.00
0.00
0.00
0.00
0.00
0.00
3.20
7.60
0.00
0.70
0.00
4.70
0.00
16.30
0.00
0.00
0.00
0.00
0.00
0.60
83.90
2.70
0.10
0.00
0.00
0.00
0.00
0.00
0.00
0.00
0.10
0.00
0.00
0.00
0.00
0.00
0.00
0.00
0.00
2.50
0.20
0.00
0.00
0.00
0.00
0.00
0.00
0.00
0.00
0.00
0.00
0.30
0.00
0.00
0.00
0.00
0.00
0.00
0.00
1.40
4.60
3.60
0.00
0.00
0.00
0.00
0.00
0.00
0.00
0.00
0.00
0.00
0.00
0.00
11.50
2.20
1.30
1.00
0.90
0.70
0.60
0.70
0.50
0.60
0.40
0.40
0.30
0.30
0.20
0.20
0.10
0.00
0.00
0.00
0.00
0.00
0.00
0.00
0.00
0.00
0.00
0.00
0.00
0.00
0.00
0.60
0.70
0.20
0.10
0.10
0.10
0.10
0.10
0.10
0.00
0.00
0.00
0.00
0.00
0.00
0.00
0.00
0.00
0.00
0.00
0.00
0.00
0.00
0.00
0.00
0.00
0.00
0.00
0.00
0.00
0.00
0.00
0.00
0.00
0.00
0.00
0.00
0.00
0.00
0.00
0.00
0.00
0.00
0.00
0.00
0.00
0.00
0.00
0.00
0.00
0.00
0.00
0.00
0.00
0.00
0.00
0.00
0.00
0.00
0.00
0.00
0.00
0.00
0.00
0.00
0.00
0.00
0.00
0.00
0.00
0.00
0.00
0.00
0.00
0.00
0.00
0.00
0.00
0.00
0.00
0.00
0.00
0.00
0.00
0.00
0.00
0.00
0.00
0.00
0.00
0.00
0.00
0.00
0.00
0.00
0.00
0.00
0.00
0.00
0.00
0.00
0.00
0.00
0.00
0.00
0.00
0.00
0.00
0.00
0.00
0.00
0.00
0.00
0.00
0.00
0.00
0.00
0.00
0.00
0.00
0.00
0.00
0.00
0.00
0.00
0.00
0.00
0.00
0.00
0.00
0.00
0.00
0.00
0.00
0.00
0.00
0.00
0.00
0.00
0.00
0.00
0.00
0.00
0.00
0.00
0.00
0.00
0.00
0.00
0.00
0.00
0.00
0.00
0.00
0.00
0.00
0.00
0.00
0.00
0.00
0.00
0.00
0.00
0.00
0.00
0.00
0.00
0.00
0.00
0.00
0.00
0.00
0.00
0.00
0.00
0.00
0.00
0.00
0.00
0.00
0.00
-99.00
-99.00
-99.00
-99.00
-99.00
-99.00
-99.00
-99.00
-99.00
-99.00
-99.00
-99.00
-99.00
-99.00
-99.00
-99.00
-99.00
-99.00
-99.00
-99.00
-99.00
-99.00
-99.00
-99.00
-99.00
-99.00
-99.00
-99.00
-99.00
-99.00
-99.00
-99.00
-99.00
-99.00
-99.00
-99.00
-99.00
-99.00
-99.00
-99.00
-99.00
-99.00
-99.00
-99.00
-99.00
-99.00
-99.00
-99.00
-99.00
-99.00
-99.00
-99.00
-99.00
-99.00
-99.00
-99.00
-99.00
-99.00
-99.00
-99.00
-99.00
-99.00
-99.00
-99.00
-99.00
-99.00
-99.00
-99.00
-99.00
-99.00
-99.00
-99.00
-99.00
-99.00
-99.00
-99.00
-99.00
-99.00
-99.00
-99.00
-99.00
-99.00
-99.00
-99.00
-99.00
-99.00
-99.00
-99.00
-99.00
-99.00
-99.00
-99.00
-99.00
-99.00
-99.00
-99.00
-99.00
-99.00
-99.00
-99.00
-99.00
-99.00
-99.00
-99.00
-99.00
-99.00
-99.00
-99.00
-99.00
-99.00
-99.00
-99.00
-99.00
-99.00
-99.00
-99.00
-99.00
-99.00
-99.00
-99.00
-99.00
-99.00
-99.00
-99.00
-99.00
-99.00
-99.00
-99.00
-99.00
-99.00
-99.00
-99.00
-99.00
-99.00
-99.00
-99.00
-99.00
-99.00
-99.00
-99.00
-99.00
-99.00
-99.00
-99.00
-99.00
-99.00
-99.00
-99.00
-99.00
-99.00
-99.00
-99.00
-99.00
-99.00
-99.00
-99.00
-99.00
-99.00
-99.00
-99.00
-99.00
-99.00
-99.00
-99.00
-99.00
-99.00
-99.00
-99.00
-99.00
-99.00
-99.00
-99.00
-99.00
-99.00
-99.00
-99.00
-99.00
1.60
5.90
0.00
5.00
0.00
0.00
0.00
3.90
2.00
8.80
24.60
2.80
0.00
0.00
0.80
31.00
0.00
-99.00
-99.00
-99.00
-99.00
-99.00
-99.00
-99.00
-99.00
0.00
3.60
0.10
0.00
0.00
0.00
0.10
0.00
0.00
0.00
0.00
0.00
0.00
9.80
0.10
0.00
0.00
0.00
0.00
0.00
0.00
16.50
7.40
2.00
0.00
0.00
0.00
0.00
0.00
0.00
0.00
0.00
0.00
0.00
0.00
0.00
0.00
0.00
0.00
0.40
0.00
0.00
0.00
0.00
0.00
0.00
0.00
0.00
0.00
0.00
0.00
0.00
0.00
0.00
0.00
0.00
0.00
0.00
0.10
0.00
0.00
0.00
0.00
0.00
0.00
0.00
0.00
0.10
0.00
0.00
0.00
0.00
0.10
0.00
0.00
0.00
0.00
0.00
0.00
0.00
0.00
0.10
0.00
0.00
0.00
0.00
0.00
0.00
0.10
0.00
0.10
0.00
0.00
0.10
0.00
0.00
0.00
0.00
0.00
0.20
0.00
0.00
0.10
0.00
0.00
0.00
0.10
0.00
0.00
0.00
0.10
0.00
0.00
0.00
0.10
0.00
0.00
0.00
0.00
0.70
41.20
9.00
0.00
0.10
0.10
0.00
0.00
9.00
1.50
0.00
0.00
0.00
0.80
1.60
0.00
4.10
0.00
0.00
0.00
0.00
0.00
0.60
0.90
2.30
0.10
29.30
0.00
15.90
3.30
0.10
9.00
1.80
0.50
0.00
0.50
0.00
0.00
0.00
0.00
0.00
0.00
0.00
0.00
0.00
0.00
4.40
0.00
0.00
0.00
0.00
0.00
9.80
0.40
20.30
3.90
7.50
1.40
0.00
0.00
0.00
0.00
0.00
0.00
0.00
0.70
0.40
0.00
0.00
0.00
0.00
0.20
1.90
6.10
0.20
10.50
12.20
0.60
0.00
0.00
1.10
2.60
7.30
0.10
0.00
5.40
11.60
1.10
1.40
0.00
0.00
0.00
0.00
0.00
0.00
0.00
19.40
3.30
0.10
0.00
0.00
0.00
0.00
0.00
0.00
0.00
0.00
0.50
0.00
4.20
0.00
0.90
0.00
0.00
0.00
0.00
0.00
0.00
0.00
0.00
0.00
0.00
0.00
0.00
0.00
0.00
0.00
0.00
0.00
0.00
0.00
0.00
0.00
0.00
3.90
0.10
2.40
10.80
1.10
0.60
0.30
0.30
0.20
0.10
0.10
0.00
0.00
0.20
0.10
0.00
0.00
0.00
0.00
0.00
0.00
0.00
0.10
0.00
0.10
0.00
0.00
0.00
0.00
0.00
0.00
0.00
0.00
0.10
0.00
0.00
0.00
0.00
0.00
0.00
0.20
0.10
0.00
0.10
0.00
0.00
0.10
0.10
0.00
0.00
0.00
0.00
0.00
0.10
0.10
0.00
0.10
0.00
0.10
0.00
0.00
0.10
0.00
0.00
0.00
0.00
0.00
0.00
0.00
0.00
0.00
0.00
0.00
0.00
0.00
13.00
0.10
0.00
0.10
0.30
9.10
0.40
0.10
0.00
0.00
0.00
1.70
1.90
0.00
0.00
0.00
0.00
0.00
0.00
0.00
0.00
0.00
0.00
0.00
0.00
0.00
0.00
0.00
0.00
0.00
0.00
0.00
0.00
0.00
0.00
0.00
0.00
0.00
0.00
0.00
0.00
0.00
0.00
0.00
0.00
0.00
0.00
0.00
17.40
71.80
41.50
8.70
0.00
0.00
0.00
0.00
0.00
0.30
0.00
0.00
0.00
0.00
0.10
0.00
0.00
0.00
0.00
0.00
0.00
0.00
0.00
0.00
0.00
0.00
0.00
0.00
0.00
0.00
0.00
0.00
0.00
0.00
0.00
0.00
0.00
0.00
0.00
0.00
0.00
0.00
0.00
0.00
0.00
0.00
0.00
0.00
0.00
0.00
0.00
0.00
0.00
0.00
0.00
0.00
0.00
0.00
0.00
0.00
0.00
0.00
0.00
0.00
0.00
0.00
0.00
0.00
0.00
0.00
1.20
0.00
2.70
0.10
0.00
0.50
0.00
4.30
0.20
0.10
0.00
0.10
0.00
3.10
0.00
1.20
1.80
0.00
0.00
0.00
0.00
0.00
4.30
0.10
0.00
0.00
0.00
2.80
0.00
0.00
0.00
0.00
5.70
0.10
1.00
0.00
0.00
4.50
0.00
1.90
0.00
0.00
0.00
0.00
0.00
0.00
0.00
0.00
0.00
0.00
0.00
0.00
0.00
0.00
0.00
0.00
4.30
3.00
0.00
14.20
0.10
0.30
0.00
0.00
1.10
0.10
0.00
0.00
45.20
6.70
0.00
0.00
0.00
0.00
0.00
0.00
6.20
0.10
0.00
0.00
0.00
0.00
0.00
0.00
0.00
1.20
0.40
1.60
0.30
0.80
0.10
0.00
6.40
0.10
0.10
0.00
2.70
0.50
0.10
0.00
0.00
0.00
0.00
0.00
0.00
0.00
0.00
0.00
4.30
0.00
0.00
0.00
0.00
0.00
0.00
1.30
2.90
0.00
0.00
0.00
0.00
15.60
9.00
1.80
0.50
4.00
0.00
0.00
0.00
0.00
0.00
0.00
0.00
0.00
0.00
0.00
0.00
0.00
0.00
0.00
0.10
0.00
0.00
0.00
0.20
0.00
0.00
0.00
0.00
0.00
0.00
0.00
0.00
0.00
0.00
0.00
0.00
0.00
4.10
0.00
1.00
0.00
0.00
10.30
0.00
0.20
0.00
0.00
0.00
2.20
0.00
0.00
0.00
0.00
0.00
0.00
97.10
0.10
0.00
0.00
0.00
3.10
0.10
0.00
47.40
8.10
0.00
0.00
2.70
0.00
0.00
0.00
0.00
0.00
2.70
0.10
1.00
0.00
0.00
0.00
0.00
0.10
0.00
0.00
0.00
0.00
0.00
0.00
2.80
40.60
0.10
0.00
0.00
0.00
0.00
0.00
1.10
0.70
0.00
0.00
0.00
0.00
0.00
0.00
0.20
0.00
0.00
2.40
0.10
0.00
0.00
0.00
2.20
17.30
1.20
7.50
0.00
0.00
0.00
0.00
0.00
0.00
0.00
0.00
0.00
0.00
69.80
32.80
0.20
0.00
0.00
0.00
0.00
4.10
0.00
0.00
0.00
0.00
0.00
0.00
0.00
0.00
0.00
0.00
0.00
0.00
0.00
0.00
0.00
0.00
0.00
0.00
0.00
0.00
0.00
0.00
0.00
0.00
0.00
0.00
0.00
0.00
0.00
19.00
0.00
0.00
0.00
0.00
0.20
0.70
0.30
0.00
0.00
0.10
0.00
0.00
0.00
0.00
0.00
0.00
0.00
0.00
0.00
3.00
0.00
4.10
1.00
0.10
45.30
68.70
3.80
0.00
0.00
6.60
0.10
0.10
1.00
0.00
0.00
0.00
0.00
0.00
0.00
0.20
38.30
0.20
0.50
0.00
0.00
0.00
0.00
0.00
0.10
0.00
0.00
0.00
1.00
0.00
0.00
0.00
0.00
0.00
0.00
0.00
0.00
0.00
0.00
0.00
0.00
0.00
0.00
0.00
0.00
0.00
0.00
0.00
0.40
0.00
0.00
8.50
0.00
0.00
0.00
0.00
0.00
0.00
0.00
0.00
0.00
0.20
2.40
0.20
0.10
0.00
1.70
0.00
0.00
0.00
0.10
0.10
0.00
0.00
0.00
0.00
0.10
0.00
0.00
0.00
0.00
0.00
0.00
0.00
3.20
0.00
14.40
0.20
0.00
2.40
2.60
0.00
0.10
0.00
0.00
10.00
0.00
0.00
0.00
0.00
0.00
0.00
0.00
0.00
0.90
8.80
1.20
5.10
2.20
0.00
0.00
0.00
38.40
6.10
2.30
16.00
0.00
0.00
0.00
0.00
0.00
0.00
0.00
0.00
0.00
0.00
0.00
0.00
0.00
0.00
0.00
0.00
0.00
0.00
0.00
0.00
0.00
0.00
0.00
2.30
0.00
11.10
2.70
0.00
0.00
1.70
0.00
0.00
0.50
11.80
0.00
1.20
0.10
0.00
0.00
0.00
0.00
0.00
0.00
0.00
0.00
0.00
0.00
0.00
0.00
0.00
0.00
0.00
0.00
0.00
0.00
9.60
0.90
0.00
0.00
0.00
0.00
0.00
0.00
0.00
0.00
0.00
0.00
0.00
0.00
0.00
0.00
0.00
0.00
0.00
0.00
0.00
0.00
0.00
0.00
0.10
0.00
1.20
0.00
0.20
0.00
0.00
0.00
0.00
0.00
2.00
2.80
0.00
0.00
0.00
0.00
0.00
0.00
0.00
0.00
0.00
0.00
0.00
0.00
0.00
0.00
0.00
0.00
0.00
0.00
0.00
0.00
0.00
0.00
0.00
0.00
0.00
0.00
0.00
0.00
1.50
0.00
7.50
0.00
0.00
0.00
0.00
0.00
0.00
0.00
1.90
0.00
0.00
0.00
0.00
0.00
0.00
37.60
3.10
0.10
0.00
0.00
0.10
1.80
2.10
0.00
0.20
15.10
0.10
0.00
0.00
0.10
2.80
0.00
0.00
0.00
0.00
0.00
0.00
0.00
0.00
0.00
1.30
12.00
7.10
0.00
0.00
0.00
0.00
0.00
1.00
0.00
0.20
0.00
0.00
0.00
0.00
0.00
0.00
0.00
0.00
0.00
0.00
0.00
0.00
0.00
0.00
0.00
0.00
46.00
20.50
0.00
0.00
1.90
0.00
0.00
0.00
0.00
0.00
0.00
0.00
0.00
0.20
1.70
11.40
0.00
0.00
0.00
0.00
0.00
0.00
0.00
0.00
0.00
0.00
0.00
3.40
0.00
0.00
0.00
0.00
0.00
0.00
17.60
18.50
0.00
0.00
0.00
0.00
0.00
0.00
0.00
0.00
0.10
0.00
0.00
0.00
0.00
0.00
0.00
0.00
0.00
10.70
0.00
0.00
0.00
0.00
0.00
0.00
0.00
0.00
0.00
0.00
0.00
0.00
0.00
0.20
0.00
0.00
0.00
0.60
0.00
0.10
0.00
0.00
0.10
0.00
0.00
0.00
0.00
0.00
0.00
0.00
0.00
0.00
0.00
0.00
0.00
0.10
0.00
0.00
0.00
0.00
0.00
0.20
0.00
3.00
12.00
0.10
0.00
0.00
0.00
0.00
0.00
0.00
0.00
0.00
0.00
0.00
0.00
0.00
0.00
0.00
0.00
0.00
0.00
0.00
0.00
0.00
0.00
0.00
0.00
0.00
0.00
0.00
0.00
0.00
0.00
0.00
0.00
4.00
0.00
0.00
0.00
0.10
0.00
0.10
10.70
0.00
0.00
0.00
0.00
0.00
0.00
0.00
0.00
0.00
0.00
1.80
0.10
13.10
13.70
0.00
0.00
0.00
0.00
0.00
8.80
0.00
0.20
0.00
0.00
0.00
0.00
0.00
0.00
0.00
4.70
4.40
6.70
0.40
0.00
0.80
0.00
0.00
0.00
0.00
0.00
0.00
0.00
0.00
0.00
0.00
0.10
3.70
0.70
0.00
0.00
31.90
0.00
0.00
2.10
0.00
0.00
0.00
0.00
0.00
0.00
0.00
0.00
0.00
0.00
0.00
0.00
23.40
1.60
13.10
0.10
0.00
0.00
0.00
2.60
0.00
2.60
0.00
0.00
0.00
0.00
0.00
0.00
0.00
8.20
11.30
5.00
1.30
3.30
1.70
0.40
0.00
0.00
0.00
15.80
0.10
0.00
0.00
9.90
0.00
0.00
0.00
0.00
0.00
0.20
4.60
5.00
6.20
4.00
0.00
0.00
3.80
0.00
0.00
0.10
0.00
0.00
0.00
1.00
0.00
3.90
2.10
0.00
1.40
1.10
15.60
0.00
0.00
0.00
0.00
0.00
0.00
0.00
0.00
0.00
0.00
0.00
0.00
0.00
0.00
0.00
0.00
0.00
0.00
0.00
1.10
0.00
0.00
0.00
0.00
0.00
0.00
0.00
0.00
0.00
0.00
0.00
0.00
0.00
2.30
0.00
0.00
0.00
0.00
0.00
0.00
0.00
0.00
5.50
0.00
0.00
0.00
0.00
1.90
0.00
0.00
0.00
8.00
0.10
0.00
0.00
0.00
0.00
0.00
0.00
1.50
0.00
0.00
0.00
0.00
0.00
0.00
0.00
0.00
0.00
0.00
0.00
0.00
3.10
0.00
0.00
0.00
0.00
0.00
0.00
0.00
0.00
0.00
0.00
2.40
0.00
0.00
2.00
58.00
0.10
0.00
10.40
0.00
0.00
0.00
0.00
0.00
0.00
0.00
17.90
0.20
0.00
0.00
0.00
0.00
0.50
1.00
0.00
0.00
0.00
6.00
0.10
0.00
0.00
0.00
0.00
37.70
23.70
14.90
0.10
0.00
0.30
0.00
0.00
0.00
0.00
3.90
0.00
0.10
2.10
0.00
0.00
0.00
0.00
0.00
0.00
0.00
0.00
0.00
0.00
3.10
1.40
1.30
0.10
0.00
0.00
0.00
0.00
0.10
0.00
0.00
0.00
0.00
0.00
0.00
0.00
0.40
9.10
12.50
0.20
0.00
1.80
2.50
0.10
3.10
0.00
0.00
0.10
0.00
1.70
0.60
0.00
0.00
0.00
0.00
0.00
0.10
0.00
0.00
0.00
0.00
8.80
0.10
0.00
9.00
1.20
0.00
0.00
0.00
0.00
0.00
0.00
0.00
0.00
0.20
0.00
0.00
0.00
0.20
0.00
0.10
0.10
0.00
0.00
0.00
0.00
0.00
0.00
0.00
2.40
0.00
0.00
0.20
0.00
0.00
0.00
19.60
9.80
60.40
16.30
0.00
1.40
1.40
18.30
14.90
0.30
0.00
0.00
0.10
0.00
0.00
0.00
3.50
0.00
10.40
1.50
0.00
0.00
0.40
0.30
11.30
1.70
11.90
0.20
0.00
0.10
0.00
0.00
0.00
0.00
0.00
1.90
0.00
0.00
0.00
0.00
0.00
0.00
0.10
8.30
0.00
0.00
0.40
0.10
0.00
0.00
0.00
0.00
0.00
0.00
0.00
0.00
0.00
0.00
0.00
0.00
0.00
0.00
0.00
14.50
11.30
0.00
0.00
0.00
0.00
0.00
0.00
10.20
0.00
0.00
0.00
0.00
0.00
0.00
0.00
0.00
0.00
0.00
0.00
0.00
0.00
0.60
0.00
0.00
0.00
0.00
0.00
0.00
0.00
0.00
0.00
0.20
6.30
2.40
0.00
0.00
1.60
0.10
1.90
0.60
0.00
0.00
0.40
0.00
0.00
0.00
0.00
1.40
0.00
0.00
0.00
0.00
0.00
0.00
4.50
3.40
0.00
0.00
0.00
0.00
0.00
0.00
0.00
0.00
0.00
0.00
0.00
0.00
0.00
2.90
1.40
0.60
0.00
0.00
0.00
0.00
0.00
0.00
0.00
0.00
0.00
0.00
0.00
0.00
0.00
0.00
0.00
0.00
0.00
0.00
0.00
0.00
0.80
0.00
0.00
16.00
0.50
70.90
5.00
0.00
0.00
0.00
0.00
0.00
0.00
0.10
0.00
0.00
0.00
0.00
0.00
0.00
0.00
0.00
0.00
0.00
0.00
0.00
1.50
0.00
13.50
0.10
0.00
0.00
0.00
0.00
0.00
0.00
0.00
0.00
0.00
0.00
0.00
0.00
0.00
0.00
0.10
1.00
1.90
0.00
0.00
0.00
0.00
0.00
0.00
0.00
0.00
0.00
0.00
0.00
0.00
0.00
0.00
0.00
0.00
0.00
0.00
0.00
0.00
4.50
0.00
0.00
0.00
0.70
0.00
0.00
0.00
0.00
13.80
0.10
0.00
0.50
0.00
0.00
13.40
7.10
0.10
4.40
0.10
0.00
0.00
0.00
0.00
0.00
5.60
0.00
0.00
0.00
0.00
6.50
0.00
1.00
0.00
0.00
0.00
0.00
0.00
0.00
0.00
0.00
0.00
0.00
0.10
0.20
0.00
0.00
0.00
5.40
26.40
0.00
0.00
0.00
0.00
0.00
0.00
0.00
0.00
0.00
0.00
0.00
0.00
0.00
0.00
0.00
1.30
1.90
0.00
0.00
0.00
0.00
0.00
0.00
0.00
0.00
0.00
0.00
0.00
0.00
0.00
0.00
0.00
0.00
0.00
0.00
0.00
0.00
0.00
0.00
0.00
0.00
0.00
0.00
0.00
0.00
0.00
0.00
0.00
0.10
0.00
0.00
0.00
0.00
0.10
0.10
0.00
2.80
0.10
0.00
4.30
0.00
0.00
0.00
0.00
0.00
0.00
0.00
0.30
0.00
0.00
0.00
0.00
0.00
0.00
0.00
0.00
0.00
0.00
0.00
17.70
0.20
0.00
0.00
0.50
0.00
4.20
1.70
0.00
0.00
0.00
0.00
0.00
0.00
0.00
0.00
0.00
0.00
0.00
3.60
0.00
0.00
0.00
0.00
0.00
4.50
0.00
0.00
18.20
24.80
4.10
0.00
0.00
0.00
0.00
0.00
3.30
0.00
10.00
0.00
0.00
2.20
0.00
0.10
0.70
0.00
0.00
0.00
0.00
0.00
0.00
0.00
10.60
3.20
0.00
0.00
4.40
1.70
0.00
3.80
0.00
0.00
0.20
0.00
4.20
0.10
0.00
0.00
8.40
0.20
0.00
3.50
0.70
0.00
0.00
0.00
26.20
1.90
0.10
0.00
0.00
0.00
0.00
7.20
0.00
0.00
0.00
0.00
0.00
0.00
0.00
26.00
2.20
13.30
56.20
0.40
18.40
6.00
0.00
0.00
0.00
0.00
0.00
0.00
0.00
0.00
0.00
0.00
0.00
0.00
0.00
0.00
4.60
0.00
0.00
0.00
0.30
0.40
0.20
5.00
0.00
0.00
0.00
0.00
0.00
9.80
19.30
6.80
0.00
0.00
0.00
0.00
1.20
0.00
0.00
0.00
0.00
0.00
0.00
1.60
0.00
0.10
0.00
12.50
0.10
0.00
0.00
1.20
0.00
0.00
16.20
12.10
0.10
0.00
4.10
0.20
0.70
0.00
0.00
0.00
0.00
0.00
0.00
0.00
0.00
0.00
0.00
0.00
0.00
0.00
0.00
0.00
0.10
0.00
0.00
0.00
0.00
0.00
0.00
0.10
0.00
0.50
0.00
0.00
0.00
0.00
0.00
0.00
0.00
0.00
23.60
0.00
0.00
0.00
0.00
0.00
0.00
0.00
2.10
0.00
0.00
0.00
0.00
0.00
0.00
0.00
0.00
0.00
0.00
0.00
0.00
0.00
0.30
0.00
25.00
0.00
0.00
0.00
0.00
0.00
0.00
0.00
7.50
0.00
0.00
0.00
0.00
0.00
0.10
0.00
2.40
0.30
0.00
0.00
7.80
0.10
0.00
0.10
0.00
1.30
0.10
0.00
28.30
0.10
0.00
0.00
0.00
0.00
35.20
0.00
0.00
0.00
0.00
0.00
0.00
0.00
0.00
0.00
0.00
0.00
0.00
0.00
0.00
0.00
0.00
0.00
0.00
0.00
0.00
0.00
0.00
0.00
0.00
2.80
4.80
16.80
9.00
0.10
0.00
0.30
11.70
32.50
4.00
2.60
25.30
0.00
3.20
0.00
0.00
0.00
0.00
0.10
-99.00
-99.00
-99.00
-99.00
-99.00
-99.00
-99.00
-99.00
-99.00
-99.00
-99.00
-99.00
-99.00
-99.00
-99.00
-99.00
-99.00
-99.00
-99.00
-99.00
-99.00
-99.00
-99.00
-99.00
-99.00
-99.00
-99.00
-99.00
-99.00
-99.00
-99.00
-99.00
-99.00
-99.00
-99.00
-99.00
-99.00
-99.00
-99.00
-99.00
-99.00
-99.00
-99.00
-99.00
-99.00
-99.00
-99.00
-99.00
-99.00
-99.00
-99.00
-99.00
-99.00
-99.00
-99.00
-99.00
-99.00
-99.00
-99.00
-99.00
-99.00
-99.00
-99.00
-99.00
-99.00
-99.00
-99.00
-99.00
-99.00
-99.00
-99.00
-99.00
-99.00
0.00
0.00
0.00
0.00
0.00
0.00
0.00
0.00
0.00
0.00
1.10
0.00
0.00
5.80
0.00
0.00
1.20
0.00
0.00
0.00
1.10
2.70
0.00
0.00
0.00
0.00
2.40
0.00
0.00
0.30
0.00
0.10
0.00
0.00
0.00
0.30
0.00
0.00
0.00
0.10
0.00
0.10
0.00
0.00
0.00
0.00
0.00
0.00
0.00
0.00
0.00
0.00
0.00
0.00
0.00
0.00
0.00
0.00
0.70
0.00
0.00
0.00
0.00
0.00
0.00
1.30
0.00
0.00
0.00
0.00
0.00
0.00
0.00
0.00
0.00
0.00
0.00
0.00
0.00
0.00
0.00
0.00
0.00
0.00
0.00
14.70
22.40
0.00
1.20
2.70
0.00
3.30
3.50
0.10
0.10
0.00
0.00
0.00
1.60
3.60
0.00
0.00
0.00
4.70
0.20
5.40
36.70
0.00
0.00
16.20
0.00
0.00
0.00
0.00
0.00
0.50
5.20
0.00
0.00
0.00
0.00
1.00
0.10
0.00
0.70
2.80
0.00
0.00
0.00
0.00
12.60
20.80
0.10
0.00
0.00
0.00
0.00
2.70
1.60
0.00
0.00
0.00
0.10
0.00
0.00
0.00
0.00
0.00
0.00
0.00
0.00
0.00
0.00
0.00
0.00
13.00
0.10
0.00
0.10
0.00
0.00
0.00
0.00
0.00
0.00
0.00
0.00
0.00
0.00
0.00
0.00
0.00
0.00
0.00
0.00
0.00
0.00
0.00
0.00
0.00
0.00
0.00
0.00
3.70
0.00
0.00
0.00
0.00
0.00
0.00
0.00
0.00
0.00
0.00
0.00
0.00
0.00
0.00
0.00
0.00
0.00
15.30
0.10
0.00
0.00
0.00
0.00
0.00
0.00
0.00
0.00
0.00
0.00
0.00
0.00
0.00
0.00
0.90
0.00
0.00
0.60
0.00
0.00
0.00
0.10
0.00
0.00
0.00
0.00
0.00
0.00
0.00
0.80
0.00
0.00
0.00
0.00
2.50
0.00
0.00
0.00
0.00
0.00
0.00
0.20
0.30
25.00
6.40
0.00
0.10
0.50
0.30
0.00
0.00
0.50
0.40
0.10
24.40
0.00
0.00
0.00
0.00
0.00
1.30
0.00
0.00
0.00
0.10
0.10
0.00
0.00
0.00
0.10
0.00
0.00
0.00
0.00
0.00
0.00
0.00
0.30
1.70
0.00
0.00
0.00
0.00
0.30
6.30
48.40
80.40
0.10
0.00
0.00
0.00
0.10
0.00
0.00
1.30
3.10
0.60
2.20
0.70
3.00
0.00
2.70
0.00
0.00
0.00
0.00
0.00
0.00
4.20
0.00
0.00
0.00
0.00
0.00
0.10
0.00
10.00
1.40
0.00
0.00
0.00
0.00
0.00
0.00
0.00
0.50
0.00
0.50
58.80
19.70
0.00
0.10
0.00
0.10
0.00
0.30
0.00
0.00
0.00
0.00
0.10
0.00
0.20
0.10
0.10
0.00
0.00
0.00
0.00
0.00
0.00
0.00
0.00
0.00
0.00
0.00
0.00
0.00
0.00
0.00
0.00
0.00
0.00
0.00
0.10
4.10
0.00
0.10
0.50
0.10
0.00
0.00
1.70
0.10
0.10
88.30
71.50
33.40
22.70
0.10
0.10
0.10
0.00
0.00
0.00
0.00
0.00
0.00
0.00
0.00
0.00
0.00
0.00
0.00
0.00
0.00
0.00
0.00
7.80
0.00
0.10
0.10
0.00
0.10
0.30
0.00
0.00
0.00
0.00
0.00
0.00
0.00
0.40
0.00
0.00
0.00
0.00
11.30
0.80
0.00
1.50
0.10
0.00
0.00
0.50
0.00
0.00
0.00
0.10
0.00
0.00
13.60
0.00
0.00
0.10
0.00
0.00
0.30
75.60
0.00
0.00
22.00
0.10
0.00
0.10
1.00
3.90
14.10
2.40
0.10
0.00
0.10
0.00
0.00
0.00
0.00
0.00
0.00
0.00
34.00
0.30
1.90
0.00
0.00
4.20
13.40
18.30
36.50
3.70
1.30
0.00
0.00
0.40
0.10
0.70
0.00
0.00
0.20
0.00
0.00
0.00
0.00
0.00
0.00
0.00
1.30
5.50
0.00
0.10
0.70
6.60
0.10
0.80
0.00
0.00
0.00
0.00
0.00
0.00
0.00
0.00
0.00
0.00
0.00
0.00
0.00
0.00
0.00
9.60
0.10
6.80
14.50
0.10
0.00
12.70
4.80
0.00
2.50
0.60
0.10
8.80
0.30
0.00
4.60
16.70
1.90
0.10
0.00
0.00
0.00
0.00
0.00
0.00
0.00
0.00
0.00
0.30
0.00
0.00
8.90
5.60
0.10
0.00
0.00
0.00
0.00
0.00
0.00
0.00
0.00
0.20
0.00
0.10
0.00
0.00
0.00
0.00
0.00
0.00
0.00
0.00
0.60
0.00
0.00
0.00
0.00
0.00
0.00
0.00
0.00
0.00
0.00
0.00
0.00
0.00
0.00
0.00
0.00
0.00
0.00
0.00
2.70
1.00
0.00
0.00
0.00
0.00
0.00
0.00
0.00
0.00
0.00
0.00
0.00
0.00
0.00
0.60
7.40
1.60
0.00
0.00
0.00
0.00
0.00
0.00
25.60
0.40
8.60
1.30
0.60
0.10
0.00
0.00
0.00
0.00
0.00
0.00
0.20
0.00
0.00
10.40
0.00
0.00
0.00
1.80
2.60
0.10
0.00
0.10
0.00
0.10
19.40
0.10
0.00
0.00
0.10
0.00
0.00
0.00
20.10
0.00
0.00
5.00
15.60
0.10
0.00
0.00
0.00
0.00
0.00
0.00
0.30
0.00
0.00
0.00
0.00
0.00
0.00
0.00
0.00
0.00
0.00
0.10
0.00
0.00
0.00
0.10
3.80
0.00
0.00
0.00
0.00
0.00
0.10
0.00
0.00
0.00
0.00
0.00
0.10
0.00
0.00
0.00
0.00
0.00
0.70
130.30
1.50
38.70
0.00
0.10
0.00
0.00
0.00
0.00
0.00
0.00
2.20
0.00
0.10
0.10
2.40
0.10
0.00
0.00
0.00
0.00
0.20
0.00
0.50
0.50
0.00
0.00
0.00
0.00
0.10
0.00
0.00
0.00
0.00
0.00
0.00
0.00
0.00
0.10
0.10
0.10
0.00
0.00
0.00
38.30
0.00
0.00
0.10
0.00
0.00
0.00
0.00
0.00
0.00
0.10
0.00
0.00
0.90
0.00
0.00
0.00
0.00
0.70
0.10
0.00
10.20
0.00
0.00
0.00
0.00
0.10
0.00
0.00
6.10
3.30
0.10
0.00
0.00
6.20
0.60
1.40
0.00
0.00
0.00
0.00
0.00
0.00
1.30
5.30
1.00
0.10
0.00
0.00
0.00
0.00
0.00
0.00
0.00
0.00
0.30
0.00
0.80
0.60
0.00
0.00
0.00
2.00
0.20
0.00
