ID,NAME,LAT,LONG,ELEVATION
1,pAbadesses,42.22166429,2.243255294,725
2,pAbella,42.18099352,1.160392951,1307
3,pAbrera,41.51074567,1.917310383,58
4,pAger,42.05176672,0.73911934,1481
5,pAitona,41.48697148,0.460210126,97
6,pAlbesa,41.76006848,0.671002705,261
7,pAlcanar,40.5571563,0.523268672,22
8,pAlcarras,41.57167006,0.551220041,132
9,pAldea,40.76952965,0.616218846,64
10,pAlgerri,41.80012155,0.648597542,299
11,pAlgerri2,41.81972281,0.588440568,304
12,pAlguaire,41.74279068,0.535742689,371
13,pAltAneu,42.64664121,0.983623976,2239
14,pAmetllaMar,40.90912966,0.764308144,96
15,pAmposta,40.70575044,0.629030058,2
16,pAngles,41.96012025,2.63176987,150
17,pAnglesola,41.69007955,1.043695096,290
18,pArbucies,41.8400619,2.418776362,956
19,pArnes,40.90496187,0.260707232,523
20,pArres,42.77026914,0.732721176,2243
21,pArtes,41.79243991,1.935570375,278
22,pArtesadeSegre,41.91598819,1.045369955,362
23,pAsco,41.19638454,0.512204068,249
24,pAsco2,41.18774416,0.569403169,47
25,pBadalona,41.46681186,2.244709968,78
26,pBaells,42.12201452,1.878559556,616
27,pBanyoles,42.11366986,2.791581201,162
28,pBarcelona1,41.38381697,2.167668758,13
29,pBarcelona2,41.41858513,2.123895211,411
30,pBarcelona3,41.37920641,2.105421052,82
31,pBaserca,42.57792599,0.759469481,1409
32,pBatea,41.08672929,0.318925381,384
33,pBatea2,41.10955301,0.210905383,218
34,pBegues,41.28853959,1.908476795,570
35,pBenissanet,41.06278121,0.634691922,32
36,pBerga,42.10721975,1.827465851,1135
37,pBisbalEmporda,41.97742178,3.035354374,30
38,pBisbalEmporda2,41.96458629,3.03821947,29
39,pBisbalPenedes,41.27319906,1.468812853,181
40,pBlancafort,41.43651336,1.16048732,426
41,pBoi,42.04109412,2.119346323,773
42,pBot,41.01062082,0.384297735,291
43,pBotarell,41.13742466,1.024231866,148
44,pCabanes,42.3063787,2.954828468,31
45,pCabrils,41.51751699,2.377472408,79
46,pCaldes,41.61261678,2.168274635,176
47,pCamarasa,41.91780346,0.8816943,669
48,pCampllong,41.89797976,2.818842216,96
49,pCanelles,41.97922606,0.611202479,534
50,pCardona,41.92066622,1.696075185,395
51,pCarles,40.62679355,0.662328005,1
52,pCassa,41.87477182,2.927162998,181
53,pCastell,41.80901302,3.031746298,14
54,pCastellbell,41.64656164,1.858396556,147
55,pCastellbisbal,41.47887927,1.975463497,145
56,pCastelldans,41.52913852,0.752983885,228
57,pCastellnou,42.40449518,0.913631237,1517
58,pCastellnouBages,41.83087346,1.847094854,506
59,pCastellnouSeana,41.65677414,0.951749892,263
60,pCastelloEmpuries,42.23817973,3.095372489,4
61,pCeloni,41.68034122,2.488976096,133
62,pCerdanyola,41.48405069,2.12742192,84
63,pCervera,41.6757222,1.295806637,557
64,pCervera2,41.68134099,1.293892245,588
65,pClariana,41.953766,1.585108748,692
66,pColomers,42.07686002,2.991162733,18
67,pComa,42.18524458,1.525707241,2296
68,pConstanti,41.17047513,1.169917801,108
69,pCornudella,41.23564094,0.882483431,378
70,pCristina,41.81813956,2.979121769,35
71,pCruilles,41.97729208,2.996958251,58
72,pCunit,41.20185982,1.633426797,17
73,pDarniusBoadella,42.34058878,2.833225165,155
74,pDas,42.3878125,1.867668594,1097
75,pDespi,41.35181064,2.046600124,7
76,pDosrius,41.61991606,2.445148514,457
77,pEmbCamarasa,41.90830449,0.887204863,335
78,pEmbPortbou,42.42580311,3.125134912,120
79,pEmbRibaroja,41.24285386,0.431195982,54
80,pEmbSusqueda,41.97907524,2.527357457,348
81,pEmbTalarn,42.1784905,0.914166409,513
82,pEspluga,41.39315529,1.099095071,440
83,pEspolla,42.38456053,3.007033775,84
84,pEsponella,42.17758312,2.798648637,91
85,pEspot,42.53523366,1.050531936,2545
86,pFalset,41.15348076,0.81988532,356
87,pFarners,41.86488356,2.66445218,165
88,pFlix,41.23412803,0.546423293,42
89,pFogarsSelva,41.73895835,2.693885954,36
90,pFoix,41.25561732,1.651034658,99
91,pFontrubi,41.43266407,1.624227982,410
92,pFornells,41.91477887,2.819735293,96
93,pGimenells,41.65711122,0.391986377,260
94,pGirona,41.96746381,2.811283666,81
95,pGirona2,41.9750595,2.824550321,65
96,pGisclareny,42.26476292,1.762143999,1388
97,pGolmes,41.63635404,0.924519614,260
98,pGramenet,41.4505976,2.200589117,12
99,pGranadella,41.36000487,0.667601735,505
100,pGuardiolaBergueda,42.23412339,1.874831612,787
101,pGuardiolaBergueda2,42.21438557,1.869705979,690
102,pGuiamets,41.09950864,0.752348699,191
103,pGurb,41.95226574,2.232755939,509
104,pHorta,40.95433376,0.309085875,502
105,pHostalets,41.53139597,1.807717573,312
106,pIsona,42.13932006,1.038997965,690
107,pIsona2,42.07222637,1.100053286,1237
108,pIsovol,42.37235809,1.813327693,1031
109,pJaumeE,40.70734383,0.83424695,1
110,pLlacuna,41.47945684,1.535278491,589
111,pLladorre,42.70042669,1.272091678,2402
112,pLladurs,42.0884068,1.4284066,775
113,pLleida,41.59989495,0.645541422,161
114,pLleida2,41.68345424,0.460723172,290
115,pLlogaia,42.2377829,2.969057765,29
116,pLlorenc,41.68135426,2.026600704,529
117,pLlosa,42.09978497,1.58285827,760
118,pMaials,41.35809638,0.483076968,355
119,pMalgrat,41.64710023,2.756537656,2
120,pMargalef,41.2852973,0.753791239,405
121,pMasBarberans,40.71831922,0.399273226,240
122,pMasroig,41.1222639,0.721353503,139
123,pMediona,41.48492084,1.69190182,327
124,pMeranges,42.46740974,1.779421073,2268
125,pMiralcamp,41.60996072,0.875503049,261
126,pMollo,42.37735768,2.414855338,1407
127,pMonistrol,41.59555413,1.836774267,918
128,pMontblanc,41.36478312,1.179845465,296
129,pMontella,42.28881879,1.713131008,2347
130,pMontella2,42.32047027,1.662378648,1507
131,pMontmaneu,41.60256359,1.400703282,785
132,pMontmell,41.34235448,1.486292839,548
133,pMuntanyola,41.87812207,2.178025219,810
134,pNulles,41.25121485,1.298390542,240
135,pOdena,41.58527017,1.653000084,331
136,pOliana,42.07674961,1.315217161,492
137,pOliola,41.87705472,1.154231302,446
138,pOlot,42.1881312,2.470967323,433
139,pOrganya,42.21630854,1.331320224,568
140,pOris,42.07405238,2.20886639,625
141,pOs,41.87255404,0.718494001,476
142,pOs2,41.87743163,0.758533247,544
143,pPapiol,41.44885595,1.995677423,38
144,pParets,41.56729124,2.226138009,106
145,pParlava,42.02146305,3.060212741,16
146,pPasteral,41.98443601,2.601414188,186
147,pPeralada,42.30419876,3.008759796,14
148,pPerello,40.87311862,0.715634565,173
149,pPinell,41.97692701,1.395834689,655
150,pPinos,41.79646293,1.521197,635
151,pPlansSio,41.68823407,1.203677258,429
152,pPoal,41.67299547,0.877358769,223
153,pPoblaSegur,42.23929637,0.964217276,514
154,pPoblaSegur2,42.2632794,1.015627745,540
155,pPontMolins,42.31551754,2.917968379,42
156,pPortbou,42.43505378,3.166429339,196
157,pPrades,41.31397188,0.997524452,976
158,pQuar,42.08077637,1.96202869,860
159,pQueralbs,42.39862265,2.155214636,1970
160,pQueralt,41.52985522,1.367064185,715
161,pRellinars,41.6327216,1.917432556,425
162,pRibaRoja,41.2439519,0.43277583,61
163,pRipoll,42.17219216,2.194229581,652
164,pRiudecanyes,41.13493135,0.960270444,240
165,pRoca,41.61966489,2.360394416,158
166,pRoquetes,40.77051482,0.297363439,1099
167,pRoses,42.27053272,3.182523882,25
168,pSabadell,41.56562666,2.069596759,259
169,pSallent,41.78762938,1.91716489,244
170,pSantMartiRiucorb,41.57230448,1.088393168,414
171,pSantMartiSarroca,41.37517655,1.63000818,258
172,pSantPau,42.2584787,2.364429353,852
173,pSantPerePescador,42.17665711,3.095740108,3
174,pSantPereRibes,41.27845618,1.804703017,157
175,pSantQuinti,41.45869656,1.664099955,297
176,pSantQuirze,42.09642376,2.214018089,668
177,pSantSadurni,41.44349748,1.788187977,122
178,pSantSadurni2,41.43384238,1.794256277,165
179,pSantSalvador,41.67418051,1.767183925,346
180,pSau,41.96862496,2.413554059,425
181,pSavalla,41.54365031,1.298500669,846
182,pSeros,41.46043353,0.407130303,98
183,pSerraDaro,42.02608644,3.070750566,13
184,pSeuUrgell,42.3707942,1.432727825,848
185,pSeuUrgell2,42.36068417,1.453537471,698
186,pSiurana,41.24964238,0.913800784,472
187,pSort,42.40527536,1.129938005,679
188,pSuert,42.39771913,0.743757573,824
189,pSuria,41.81351335,1.762733581,261
190,pTagamanent,41.74765415,2.302826152,1030
191,pTallada,42.0541921,3.062020138,15
192,pTarragona,41.1038862,1.200967403,6
193,pTarrega,41.66727997,1.162939982,435
194,pTavascan,42.63702533,1.251637252,1102
195,pTerradets,42.04849624,0.894260093,379
196,pTorredembarra,41.14662156,1.418496224,2
197,pTorresSegre,41.51918531,0.548047791,214
198,pTorroellaFluvia,42.1825812,3.058754822,7
199,pTorroellaMontgri,42.02300193,3.156810545,5
200,pTorroja,41.21373013,0.809977123,327
201,pUlldecona,40.62717597,0.369949079,211
202,pUlldemolins,41.3200401,0.88561879,685
203,pVacarisses,41.59239847,1.914735119,344
204,pVallBas,42.14573351,2.454570845,461
205,pVallBoi,42.46495692,0.871486227,2311
206,pVallfogona,41.78438129,0.827961122,237
207,pVallirana,41.38076264,1.932935318,217
208,pVallsAguilar,42.2860623,1.23470664,1565
209,pVallsValira,42.51753185,1.365020712,2397
210,pVansa,42.25417993,1.519665541,1287
211,pVendrell,41.21541451,1.52033382,61
212,pVentallo,42.1502899,3.064933915,5
213,pVielha,42.69888849,0.794105045,999
214,pVielha2,42.63850113,0.778762509,2238
215,pVilabella,41.23396684,1.33729486,143
216,pVilablareix,41.95347613,2.776068281,114
217,pViladecans,41.29846393,2.038550692,2
218,pVilafranca,41.36615109,1.728885633,239
219,pVilanovaMeia,41.99544363,1.025554425,592
220,pVilanovaSegria,41.71455288,0.628401915,222
221,pVilanovaValles,41.55050498,2.286530991,98
222,pVilarodona,41.30725303,1.362609678,285
223,pVilassar,41.51171214,2.386767277,44
224,pViliella,42.41541338,1.695486949,1558
225,pVilobi,41.88544631,2.741050621,118
226,pVilomara,41.67532853,1.875608327,284
227,pVilosell,41.38434842,0.946213778,677
228,pVinebre,41.18431377,0.594328349,49
229,pVinyols,41.08086743,1.066150831,31
