20000101
0.00
0.00
0.00
0.00
0.00
0.00
0.10
2.00
3.50
0.00
0.00
0.00
0.00
2.40
10.99
0.00
0.00
0.77
1.43
0.00
0.00
0.00
1.00
0.00
0.00
2.20
1.00
0.00
0.00
0.00
0.00
0.00
1.10
0.00
0.00
0.00
0.00
0.00
0.00
0.00
0.00
0.00
0.00
0.00
0.10
0.00
1.40
9.10
0.00
0.00
0.00
0.00
0.00
0.00
0.00
0.00
0.00
0.00
0.00
0.00
0.70
0.30
0.00
0.00
0.00
0.00
0.00
0.00
0.00
0.00
0.00
0.00
0.00
0.00
0.00
0.00
0.00
0.00
0.00
0.00
1.90
0.00
4.50
1.20
8.60
10.79
15.19
0.00
3.90
0.00
6.80
0.00
5.80
0.00
0.00
0.00
0.00
0.00
0.00
0.00
6.50
4.20
0.00
0.00
0.00
0.00
0.00
1.20
2.80
0.00
0.00
0.00
0.00
12.09
0.00
0.00
0.00
2.40
1.20
0.00
0.00
0.00
0.00
0.00
0.00
0.00
0.00
0.00
0.00
1.60
18.30
0.10
0.00
0.10
0.00
0.00
0.00
5.70
0.10
0.00
0.00
0.00
0.80
0.00
0.00
0.00
11.35
18.04
0.10
0.00
0.00
0.00
0.00
0.00
0.00
0.00
8.97
0.23
0.00
0.00
0.00
48.07
2.80
0.00
0.80
7.60
0.00
0.00
0.00
0.00
0.00
0.00
0.00
0.00
0.00
0.00
0.00
0.30
0.00
0.30
0.00
0.10
0.00
0.00
0.00
0.00
0.00
0.00
0.00
0.00
0.00
15.99
7.90
0.00
0.00
0.00
0.00
0.00
0.00
0.00
4.30
0.00
0.00
0.00
2.60
0.00
0.00
0.00
0.00
11.19
0.00
0.00
0.00
0.00
0.00
0.30
0.00
0.00
0.00
0.00
0.00
0.00
0.00
0.00
0.20
0.00
0.00
0.00
0.00
0.00
0.00
0.00
0.00
0.20
0.00
0.10
0.10
0.20
0.00
0.00
0.00
0.00
10.29
6.40
0.00
0.00
0.00
0.00
0.00
0.00
0.00
0.00
0.00
0.00
0.00
0.30
0.00
0.00
0.00
0.00
0.00
1.00
29.80
9.20
0.00
0.00
0.00
0.00
0.00
0.00
0.00
5.40
0.50
3.10
0.00
0.10
0.00
0.00
0.00
0.00
0.00
0.00
0.00
1.80
6.60
0.00
2.40
0.06
17.72
1.10
0.00
0.00
0.00
12.59
0.10
2.10
1.60
0.00
0.10
0.00
0.00
0.10
0.00
0.00
1.70
0.00
0.00
2.80
0.00
0.00
3.40
1.70
0.00
0.00
0.10
0.00
0.00
2.80
4.10
0.00
0.00
0.00
0.00
0.00
0.80
0.00
0.00
5.90
0.10
0.00
5.90
3.70
0.20
11.19
20.00
0.00
0.90
0.60
0.00
0.00
0.30
0.10
0.00
0.00
0.00
0.00
0.00
0.10
0.00
6.30
0.00
0.00
0.00
0.10
2.20
16.73
65.04
0.00
0.00
0.00
0.00
0.00
0.00
0.00
3.30
0.20
0.00
0.00
0.00
0.00
0.00
2.30
3.90
0.10
0.00
0.00
0.10
7.08
4.92
11.26
23.98
37.42
0.10
0.00
0.20
0.00
0.00
0.00
0.00
0.00
0.00
0.00
0.00
16.69
3.20
0.00
0.30
1.20
0.00
0.00
0.00
0.00
0.00
0.00
1.40
0.00
0.00
0.00
0.00
0.00
12.39
2.90
0.00
0.00
0.00
0.00
0.00
0.00
0.00
0.00
0.00
0.00
0.00
0.90
0.10
0.00
0.70
0.00
0.00
0.70
0.10
0.20
16.09
0.00
7.10
0.10
11.16
0.43
0.00
0.00
0.80
1.10
0.00
0.00
0.00
0.00
0.00
0.00
0.00
23.79
3.80
9.99
1.50
3.60
0.10
0.00
0.00
0.00
0.00
3.00
0.00
0.00
9.10
0.00
0.00
0.00
0.70
0.00
0.00
0.00
0.00
0.00
0.20
0.00
5.17
1.63
1.20
0.00
0.00
0.00
0.00
0.00
0.00
0.00
0.00
7.29
8.69
1.00
22.59
0.00
0.20
0.10
0.00
0.00
0.00
0.10
0.00
0.00
0.00
0.00
0.00
0.00
16.00
0.00
0.00
0.00
2.20
0.00
5.90
0.00
0.00
0.00
0.00
0.00
0.00
0.00
0.00
0.00
0.00
0.00
0.00
0.00
1.00
0.00
0.10
0.00
7.20
0.00
0.00
0.00
0.00
0.00
0.00
0.20
0.00
0.00
0.00
0.00
0.00
0.00
0.00
0.00
0.00
0.30
0.00
0.00
0.00
0.00
0.00
0.50
0.10
0.60
0.00
0.00
2.00
0.40
0.00
0.00
0.00
0.00
8.75
23.23
0.00
0.00
0.00
7.80
0.10
0.00
0.00
0.00
0.00
0.00
0.00
0.00
0.20
0.00
0.00
0.00
0.00
0.00
0.00
0.00
0.00
0.00
0.00
0.00
0.00
0.00
0.00
0.00
0.00
0.00
0.20
0.00
0.00
2.20
0.10
0.00
0.00
0.00
0.00
0.00
0.00
0.00
0.00
0.00
0.00
7.59
0.00
0.00
0.00
22.89
0.10
0.00
0.00
0.00
0.00
0.00
0.00
0.00
0.00
0.00
0.00
0.00
0.00
0.00
0.00
0.10
0.00
4.70
14.29
0.10
2.40
1.00
0.00
0.00
3.30
2.49
0.11
0.00
0.00
0.00
0.00
0.00
0.00
0.00
0.00
0.00
0.00
0.00
0.00
0.20
0.00
0.00
0.00
0.00
14.99
0.07
8.73
0.00
0.00
10.30
0.00
0.00
0.00
0.00
0.00
0.00
0.00
0.00
0.00
0.00
0.00
0.00
0.00
0.00
0.00
0.20
0.20
0.00
2.10
0.00
0.00
0.10
35.77
26.79
5.30
0.00
0.00
0.00
0.00
0.00
0.00
0.00
0.00
0.00
0.00
0.00
0.00
0.30
0.00
0.00
0.00
0.10
0.00
0.00
0.00
0.00
0.00
0.00
0.00
0.00
0.00
0.20
0.20
0.00
0.00
0.00
0.00
0.00
0.00
0.10
0.00
0.00
0.00
0.00
0.00
0.00
0.00
0.00
0.00
0.08
0.12
7.40
8.20
0.20
0.00
0.00
0.10
0.00
0.00
0.10
0.00
0.30
0.00
0.00
0.00
0.00
0.00
0.00
0.00
0.00
0.00
0.00
0.00
0.00
0.00
0.00
0.00
0.00
0.10
0.00
0.00
0.00
0.00
0.00
6.40
0.20
0.00
0.00
0.00
0.00
0.00
0.00
0.00
8.60
1.00
5.70
5.70
0.00
0.00
0.00
0.60
0.00
0.00
0.00
0.00
0.00
0.00
0.00
0.00
3.40
0.00
0.00
23.19
0.00
0.00
0.00
0.00
0.00
0.00
0.00
0.28
3.02
0.00
0.00
0.00
0.00
0.00
0.00
0.00
0.00
0.00
0.00
0.00
0.00
0.00
1.10
6.60
0.10
0.00
0.00
1.65
102.39
2.20
0.00
0.00
29.67
2.70
7.75
26.73
319.94
4.90
2.30
2.80
0.00
0.00
0.00
0.10
0.00
0.00
0.00
0.00
0.00
0.00
0.00
0.00
0.00
0.00
0.00
0.00
12.39
2.50
4.20
2.80
0.10
0.80
45.56
94.94
3.10
2.40
1.20
0.00
0.00
0.00
0.00
0.00
0.00
2.40
0.00
0.00
0.00
0.00
4.60
0.00
0.00
8.01
12.68
0.00
0.00
0.00
0.00
0.00
0.00
3.20
5.20
27.08
0.30
0.30
9.80
0.00
0.00
0.00
0.00
0.00
0.00
0.00
0.00
0.00
0.00
0.00
0.00
0.00
0.00
0.00
0.00
0.00
0.00
0.00
0.00
4.40
0.00
0.20
0.00
0.00
0.00
0.00
6.10
0.00
0.00
0.00
0.00
0.00
12.69
0.00
0.00
0.10
0.30
0.00
0.00
0.00
0.00
0.00
0.00
0.00
0.00
0.00
0.00
0.00
0.00
0.00
0.00
0.90
15.09
0.00
0.00
1.70
13.50
0.00
0.00
2.20
22.78
1.40
0.00
0.00
0.00
0.00
0.00
0.00
0.00
0.00
0.00
0.00
0.00
0.20
0.00
0.23
5.37
7.50
0.40
0.00
0.00
0.00
0.00
0.00
0.00
19.29
1.30
0.10
0.00
0.10
1.00
6.00
0.00
0.00
9.99
0.70
0.00
0.00
0.00
0.00
0.00
0.00
2.10
3.50
4.30
0.00
0.00
0.00
0.00
0.00
0.00
0.00
0.00
0.00
0.30
0.00
0.00
0.00
0.00
0.00
0.00
52.96
4.80
0.00
0.00
0.00
0.00
0.00
0.00
9.40
0.10
0.00
0.00
2.50
0.00
1.00
0.00
0.00
0.00
0.10
0.00
0.00
0.00
0.30
0.00
0.00
0.00
0.00
0.00
1.40
0.20
0.50
0.00
0.00
0.20
0.00
0.00
2.80
0.10
0.00
0.00
0.00
0.00
26.39
0.00
0.00
0.00
12.79
0.00
0.00
0.00
0.00
0.00
0.10
-99.00
-99.00
-99.00
-99.00
-99.00
-99.00
-99.00
-99.00
-99.00
-99.00
-99.00
-99.00
-99.00
-99.00
-99.00
-99.00
-99.00
-99.00
-99.00
-99.00
-99.00
-99.00
-99.00
-99.00
-99.00
-99.00
-99.00
-99.00
-99.00
-99.00
-99.00
0.00
0.00
0.00
0.00
0.18
25.91
0.00
0.40
0.20
0.00
0.00
0.00
0.00
0.00
0.00
0.00
0.00
0.00
1.60
0.00
0.00
0.00
0.00
0.00
0.00
0.00
0.00
0.00
0.00
0.10
0.60
0.00
0.00
0.00
2.10
2.10
0.20
0.00
0.00
0.24
0.36
0.00
0.00
0.00
0.00
0.00
0.00
0.00
2.10
19.49
78.74
6.20
2.10
0.00
2.40
15.49
35.82
0.75
0.00
0.00
0.00
0.10
0.10
0.00
2.90
0.00
0.00
0.00
0.00
0.00
0.00
0.00
0.00
8.29
0.00
0.00
0.00
0.00
0.00
0.00
0.00
0.00
0.00
0.00
0.00
0.00
23.94
4.05
29.28
0.00
3.30
0.40
0.00
0.00
0.00
0.00
0.00
0.00
14.09
6.49
4.60
0.00
0.00
6.10
0.10
0.00
0.00
0.30
0.40
0.00
0.00
0.00
0.00
0.00
0.00
2.40
0.00
0.00
0.00
0.00
0.00
1.80
0.00
0.00
0.00
0.00
11.29
0.00
0.00
0.00
5.30
0.00
0.00
0.00
0.00
0.00
2.50
0.00
29.23
3.27
0.00
0.00
0.00
0.40
3.10
10.79
0.00
0.00
0.00
0.00
0.00
0.00
0.30
0.10
0.00
0.30
0.50
0.00
0.00
0.00
0.00
0.00
0.00
0.00
0.00
0.00
0.80
0.90
0.00
0.00
0.00
0.00
0.00
0.00
0.00
0.00
0.00
0.00
2.30
0.00
0.00
0.00
0.30
2.20
0.00
0.00
1.70
0.00
6.50
0.00
0.00
0.00
0.00
0.00
0.00
0.00
0.00
0.00
0.00
0.00
0.10
0.00
0.00
0.00
0.00
0.00
0.00
3.10
0.00
0.00
0.80
0.00
0.00
0.00
0.00
0.00
0.00
0.00
0.00
0.00
0.00
0.00
0.00
0.00
0.00
0.00
0.00
0.00
12.20
24.30
0.00
0.90
0.00
0.00
0.00
0.00
0.00
0.10
0.00
0.00
0.00
2.70
2.80
1.50
1.20
0.00
0.40
7.00
0.50
10.00
3.60
0.00
0.00
0.00
0.00
0.00
0.00
0.00
0.00
0.00
0.00
0.00
0.00
0.00
2.40
0.20
0.00
0.00
0.00
11.90
9.50
0.00
4.40
5.20
0.00
0.00
5.70
0.00
0.00
0.00
0.00
0.00
0.00
0.00
0.00
40.70
0.00
9.70
9.20
128.50
25.60
2.50
0.10
0.00
0.00
0.00
0.00
0.00
8.60
0.75
2.75
0.00
0.00
2.50
0.00
0.00
0.00
0.00
0.00
0.00
0.00
0.10
3.50
0.00
0.00
0.10
0.00
0.00
0.00
30.50
0.00
0.00
0.00
0.00
0.40
3.80
6.30
2.20
0.00
0.00
2.40
0.00
0.00
0.10
25.57
5.21
41.91
16.00
11.60
0.00
10.78
1.13
0.20
1.70
0.10
0.00
0.00
0.00
0.00
0.00
0.00
0.75
0.05
0.10
0.00
0.60
0.10
0.00
0.00
0.00
0.10
0.90
0.00
0.00
0.00
0.40
0.50
0.00
0.00
0.00
0.00
0.00
0.00
0.32
1.48
0.00
0.00
0.00
0.00
0.00
0.00
0.10
0.00
0.00
1.50
0.00
0.00
11.49
8.01
0.00
0.00
5.40
0.00
0.00
0.00
0.00
0.00
0.00
0.20
0.10
0.00
0.20
0.00
0.00
0.00
0.00
0.00
0.00
0.00
0.00
0.00
0.80
0.00
0.00
0.70
83.30
25.00
0.80
0.10
0.00
0.50
0.00
0.40
0.00
0.00
0.00
0.00
0.00
0.00
0.00
0.20
0.00
0.00
0.00
0.00
0.00
0.00
10.00
0.00
0.00
0.00
0.00
0.20
0.00
0.00
1.50
2.10
0.00
0.00
0.00
0.00
0.30
0.00
19.50
45.80
2.50
0.00
2.30
0.10
0.00
0.00
0.00
0.00
0.80
0.00
0.00
0.00
0.00
0.00
3.10
1.60
138.90
0.10
10.20
0.30
0.00
0.00
2.90
0.00
0.00
0.00
0.00
0.00
8.00
20.50
1.60
0.00
0.40
32.81
0.89
28.30
6.50
18.00
0.30
0.00
0.00
13.20
4.30
0.00
0.00
0.00
0.00
0.00
0.00
0.00
0.00
0.00
16.20
0.00
0.00
0.00
0.00
1.70
0.00
0.00
1.20
7.30
0.00
0.00
0.00
0.00
0.00
0.00
0.00
0.00
0.00
0.00
0.60
0.00
0.00
7.00
1.62
0.28
0.00
0.10
4.60
3.00
0.00
0.00
0.00
1.20
0.00
0.00
0.00
0.00
0.00
0.10
0.00
0.00
0.00
0.00
0.00
0.50
0.10
0.00
0.00
1.50
3.80
0.00
0.00
0.00
0.00
0.00
0.00
0.00
0.00
0.00
0.00
0.00
0.00
0.00
0.00
0.00
0.00
0.00
2.40
0.00
0.00
0.00
0.00
0.20
25.40
0.00
0.00
0.00
0.00
0.00
9.80
0.00
0.00
0.00
0.00
0.00
0.00
1.20
0.00
0.00
0.00
0.00
0.00
0.30
0.10
0.00
0.00
0.00
0.00
2.00
0.30
0.00
0.10
1.50
6.80
0.00
0.00
0.03
2.98
0.00
0.00
1.00
20.90
1.30
0.00
21.60
6.90
0.10
0.00
0.00
0.00
0.00
0.00
0.00
0.00
0.00
0.00
0.00
0.00
0.00
0.00
0.00
0.00
0.00
0.00
0.00
0.00
0.70
0.10
0.00
0.00
0.00
4.70
5.80
0.00
1.70
2.60
0.10
0.00
0.00
0.00
0.00
0.00
0.00
0.00
0.00
0.85
13.35
0.00
0.00
0.10
2.10
8.50
2.20
0.00
0.00
0.00
0.00
0.00
0.00
0.00
2.23
0.98
0.00
0.00
0.00
0.00
0.00
0.00
0.00
0.00
0.00
0.00
0.00
0.00
0.00
0.00
0.00
0.00
0.00
0.00
7.70
0.00
25.70
2.50
0.00
0.00
0.00
0.00
21.65
28.15
17.90
0.00
0.00
5.20
0.10
0.00
0.00
0.00
0.00
0.00
0.00
0.00
0.00
0.00
0.00
0.00
0.10
0.10
0.00
0.10
2.80
0.00
0.00
0.00
0.00
0.00
0.00
0.00
0.00
0.00
0.00
0.00
0.10
0.00
0.00
0.00
0.00
0.00
0.00
0.00
0.30
3.20
0.00
0.00
0.00
0.00
0.00
0.00
0.10
0.00
0.00
0.20
0.00
0.00
0.00
0.00
0.00
0.00
0.00
35.24
53.96
48.80
3.10
0.00
0.00
0.00
3.00
0.00
0.30
0.00
0.00
0.00
4.20
0.00
0.00
0.00
0.00
0.10
0.00
0.10
0.00
0.00
0.00
0.00
1.80
0.00
0.00
0.00
0.00
0.00
0.00
0.00
0.00
0.00
0.00
0.00
0.00
0.00
0.00
0.00
0.00
0.00
1.20
0.10
0.10
0.10
0.00
0.00
25.90
0.10
4.10
1.70
0.00
0.00
2.20
10.60
0.00
0.00
0.10
0.00
4.60
0.00
0.00
0.00
0.00
0.00
0.00
1.50
0.20
0.00
6.00
4.90
0.30
0.10
0.00
0.00
0.80
0.00
0.00
0.00
0.00
0.00
0.00
0.00
0.20
0.00
2.70
0.00
0.00
0.00
0.00
0.00
4.42
12.68
0.00
0.16
3.14
0.00
4.90
40.50
0.00
0.00
0.00
0.00
1.40
0.00
0.00
0.00
0.00
0.00
0.00
0.00
0.10
0.00
0.00
0.00
0.00
0.00
0.00
0.00
0.00
0.00
0.00
0.00
5.50
0.00
0.30
6.10
0.00
0.00
0.00
0.00
0.00
0.00
0.00
0.00
0.00
0.00
0.00
0.00
0.00
0.00
0.10
0.00
0.00
0.00
0.00
4.90
0.00
0.00
0.00
0.50
5.90
0.00
0.00
0.00
0.00
0.00
0.00
0.00
0.00
0.00
0.00
0.00
0.00
0.00
0.00
0.00
0.00
0.00
0.00
0.00
1.20
0.70
0.00
6.80
0.10
0.00
0.00
0.00
0.00
0.00
0.00
1.30
2.70
0.90
0.00
0.00
0.00
0.00
0.00
0.00
0.30
1.90
4.10
0.00
0.00
0.00
0.00
0.00
0.00
0.10
0.00
0.00
0.00
0.00
0.00
0.00
0.00
0.00
48.50
3.40
2.00
14.50
0.00
0.00
5.40
0.00
0.80
0.00
0.00
7.20
2.80
0.00
0.10
0.00
0.00
0.00
0.00
0.00
6.00
0.00
0.00
0.00
0.00
0.00
18.25
20.15
0.20
0.00
5.40
10.70
0.00
0.00
0.00
0.00
2.70
4.44
63.09
14.97
5.85
0.05
0.00
139.40
0.00
0.00
0.00
0.00
0.80
0.00
0.00
0.00
0.00
0.00
0.10
0.00
0.00
0.00
0.00
0.00
0.60
0.00
0.00
0.00
0.00
5.20
0.00
0.00
6.50
21.10
54.50
3.70
0.00
0.00
0.00
0.00
0.00
0.00
0.00
0.00
0.00
5.90
1.70
0.00
0.00
0.00
0.00
0.00
0.00
5.80
0.00
0.10
0.00
0.00
0.00
0.00
0.00
0.00
0.00
0.00
0.00
0.00
0.00
0.00
0.00
0.00
0.00
0.00
0.00
0.00
0.00
0.10
0.00
0.00
0.00
0.00
0.00
1.44
2.06
0.00
0.00
0.00
0.00
1.30
12.40
6.54
3.86
0.20
0.00
0.10
1.48
0.52
0.00
0.00
0.00
0.00
0.00
0.00
0.00
0.00
0.00
0.00
0.00
0.30
1.50
23.10
42.70
21.30
0.10
0.00
0.00
0.10
0.00
0.00
0.00
0.00
0.00
0.00
0.00
0.00
0.00
0.00
0.00
0.00
4.30
3.40
0.00
0.30
0.00
0.00
0.10
0.00
0.00
0.00
1.90
0.00
0.00
0.00
0.00
0.00
0.00
0.30
0.00
2.40
0.00
21.60
0.40
10.10
0.00
0.00
0.00
0.00
0.00
0.00
5.90
25.70
0.00
16.50
3.80
0.00
0.00
0.00
0.00
0.00
0.00
0.10
0.00
0.00
0.00
0.10
0.00
0.00
17.30
0.00
0.00
0.00
0.00
0.90
0.00
0.00
0.00
0.00
0.00
0.10
0.00
0.00
0.00
0.10
0.00
0.00
0.00
0.00
0.00
0.00
0.00
0.00
0.00
0.00
0.00
0.00
0.00
0.00
0.00
0.00
0.00
0.00
0.00
0.00
0.00
0.00
3.10
0.00
0.00
0.00
0.00
0.00
0.00
0.00
0.00
0.00
1.50
0.00
0.00
0.00
0.00
0.00
0.40
0.00
0.00
0.00
0.00
0.00
0.00
0.00
0.00
0.00
0.00
0.00
0.00
0.00
0.00
0.00
0.00
0.00
0.30
0.00
0.00
0.00
0.00
0.00
0.00
0.00
0.00
0.20
0.00
0.00
0.00
0.00
0.00
0.00
0.00
0.00
0.00
0.00
21.40
0.00
0.00
0.00
0.00
0.00
0.00
0.00
0.00
0.70
0.00
0.00
0.00
0.00
0.00
0.00
0.00
0.00
0.00
0.00
0.00
0.00
0.60
0.00
5.00
0.00
0.00
0.00
0.00
0.00
0.00
0.00
0.00
0.00
0.00
0.00
0.00
3.60
0.00
0.00
13.70
0.00
0.00
0.00
0.00
0.00
0.00
0.00
34.60
2.00
1.10
0.00
0.00
0.00
0.00
0.00
0.00
0.00
0.00
0.00
0.00
0.00
0.28
0.12
0.00
0.00
0.00
0.00
3.30
80.30
8.60
0.00
1.80
0.00
0.00
0.00
0.00
0.00
5.60
7.80
15.30
1.40
0.00
0.00
0.00
0.00
0.00
0.00
0.00
0.00
7.30
0.00
0.00
0.00
0.00
2.20
0.20
0.50
15.80
0.10
0.00
0.00
0.00
0.00
44.90
0.10
0.00
0.00
0.00
0.00
0.00
0.00
0.00
0.00
0.00
0.00
0.00
0.00
0.00
0.00
0.00
0.00
0.00
0.00
0.00
0.00
0.00
0.00
0.00
0.00
0.00
0.00
0.00
0.00
0.20
0.00
0.10
0.00
0.00
0.00
0.00
0.00
0.00
0.00
0.00
0.00
0.00
0.00
0.00
0.00
0.00
0.00
0.00
0.40
0.00
1.40
0.00
0.00
0.00
0.50
0.00
0.00
19.26
6.34
0.00
0.00
0.00
0.00
0.00
0.00
0.00
0.00
0.00
0.00
0.00
0.00
0.00
0.00
0.00
0.00
0.00
0.00
0.00
0.00
0.00
0.00
0.00
0.00
0.00
0.00
0.00
0.00
0.00
0.00
0.00
0.00
0.00
0.00
0.00
0.00
0.00
0.60
0.10
0.00
0.00
0.00
0.00
0.00
0.00
0.60
0.00
0.00
0.00
0.00
2.70
3.60
0.00
3.40
0.10
0.00
0.00
6.40
0.00
2.30
0.00
0.00
34.70
2.00
0.00
0.00
0.00
0.00
1.30
0.50
1.00
0.10
0.00
0.00
0.00
0.00
0.00
0.00
0.00
0.00
2.40
1.00
0.10
0.60
0.00
0.00
0.00
0.00
0.00
0.00
0.00
0.00
7.30
0.50
0.10
0.00
0.00
0.00
0.20
0.40
0.00
3.00
0.00
6.40
0.20
2.32
5.38
26.30
0.40
2.00
0.00
0.00
0.00
0.00
2.92
2.80
25.60
41.03
14.27
0.00
0.00
2.90
0.00
0.00
0.00
0.00
0.00
0.00
0.00
0.00
0.00
0.00
0.00
0.10
1.90
11.55
1.15
3.50
0.20
0.00
0.00
0.00
0.00
0.00
0.00
0.00
0.00
0.00
16.40
0.00
0.00
0.00
0.00
0.00
0.00
0.30
0.00
0.00
0.00
0.10
8.09
8.86
0.05
0.00
3.50
3.80
0.00
0.00
0.00
0.00
0.00
12.50
0.00
0.00
0.00
0.00
15.80
0.00
0.00
0.00
1.30
0.00
0.00
0.10
0.00
0.00
0.00
0.00
0.00
0.00
0.00
0.00
0.00
0.00
2.00
0.00
0.30
0.00
0.00
0.30
0.00
0.00
0.00
0.00
0.70
0.00
0.00
0.00
0.00
0.00
0.00
0.00
0.00
0.00
0.00
0.00
0.00
0.00
0.00
0.00
0.00
0.00
0.00
0.00
0.00
0.00
0.00
0.00
0.00
0.00
0.00
0.00
12.40
17.00
1.30
0.00
0.00
0.00
0.30
0.00
0.00
0.00
0.30
0.00
0.00
5.10
0.80
6.10
0.00
0.00
0.50
0.40
0.00
0.00
0.00
0.10
0.30
0.00
0.00
0.00
0.00
0.00
0.00
0.00
0.00
0.00
0.00
0.00
0.00
0.00
0.00
6.80
0.00
0.00
4.70
2.90
0.00
0.00
0.00
0.20
0.00
0.00
0.00
0.00
0.00
0.00
0.00
0.00
0.00
0.00
0.00
2.10
24.40
0.00
0.00
0.50
0.00
39.00
0.00
0.00
0.00
0.00
0.00
0.10
0.00
0.00
0.00
0.00
0.00
0.00
0.00
0.00
0.70
0.70
0.00
0.00
0.00
0.00
0.00
0.00
0.00
0.00
0.00
0.00
0.00
0.00
0.00
0.00
0.00
0.00
0.00
0.00
0.00
0.00
0.00
0.00
0.00
0.00
0.70
0.00
2.50
0.60
0.00
0.00
0.00
0.00
0.00
0.00
0.00
0.00
0.00
0.00
0.00
0.00
0.00
0.00
1.50
0.20
0.00
0.00
0.00
0.00
0.00
2.90
0.10
0.00
1.40
0.00
5.30
13.00
30.10
0.10
0.00
0.00
0.00
0.00
0.00
0.00
0.00
0.00
0.00
0.00
33.40
0.50
0.20
0.00
0.00
0.00
0.10
0.00
4.40
0.10
0.00
0.00
0.00
0.00
0.00
0.00
0.00
0.00
0.00
0.00
0.00
0.00
0.00
0.00
0.00
0.00
0.00
0.00
0.00
1.90
0.10
0.50
4.90
0.00
0.00
0.00
0.00
0.00
0.00
0.00
0.00
0.00
0.00
0.00
0.00
0.00
0.10
3.42
7.59
0.09
0.00
0.00
0.00
1.90
2.10
0.10
0.00
0.10
0.00
0.00
0.00
0.20
0.25
0.05
0.00
0.00
7.10
0.00
0.00
0.00
0.00
0.00
0.00
0.00
0.00
0.00
1.00
0.00
0.00
5.10
0.00
0.50
0.00
7.40
1.80
0.00
0.00
6.80
0.60
0.00
0.00
0.00
0.00
0.00
0.00
0.00
0.00
0.00
1.50
2.90
0.00
0.00
1.30
0.00
0.00
1.60
2.10
0.00
1.60
6.00
0.00
0.30
0.00
0.00
0.00
0.00
7.59
4.01
0.00
0.00
0.00
0.00
0.00
0.00
0.10
0.00
0.00
15.82
17.48
2.30
2.00
0.00
0.00
0.00
3.50
4.80
2.40
0.00
12.40
0.00
0.00
0.00
7.00
30.30
1.50
17.90
0.10
0.00
0.00
0.00
13.70
13.90
1.20
0.00
0.40
0.00
0.00
0.00
2.20
0.00
0.00
0.00
11.20
0.00
11.10
0.80
7.00
0.00
0.00
0.00
0.00
0.00
0.00
0.00
0.00
0.00
1.60
0.00
0.00
0.00
0.00
0.00
0.00
0.00
0.00
2.37
19.23
0.00
0.00
0.00
0.00
16.10
1.30
0.00
0.00
0.00
0.00
0.00
0.00
0.00
0.00
0.00
0.00
0.00
0.70
0.30
0.00
0.00
0.00
0.00
0.00
0.00
0.00
0.00
2.00
0.00
0.00
0.00
0.00
0.00
0.00
0.00
0.00
0.00
1.50
4.10
0.00
0.00
0.00
0.00
0.00
0.00
8.90
0.00
0.00
0.00
0.00
0.00
0.00
0.00
0.00
0.10
0.00
0.00
0.00
0.00
0.00
4.80
0.00
0.00
0.00
0.00
18.40
0.06
0.14
0.00
0.00
0.00
0.00
0.70
0.00
0.00
0.00
0.00
0.00
0.00
0.00
0.00
0.00
0.00
0.00
0.00
0.00
0.00
0.30
0.00
0.00
0.00
0.00
6.80
0.17
0.43
0.00
0.20
0.00
0.00
0.00
5.92
1.68
2.50
0.00
0.00
0.00
0.00
0.20
2.37
0.03
0.00
0.00
4.60
0.00
0.00
0.10
8.10
33.10
0.00
0.00
5.00
1.40
0.10
0.00
0.00
0.10
0.00
4.60
0.00
0.10
0.00
0.00
0.00
0.00
0.00
0.00
0.00
0.00
0.00
1.80
0.00
0.00
0.30
0.10
0.00
0.00
0.00
0.00
0.00
0.00
1.80
0.00
0.00
0.00
7.50
0.00
0.00
0.00
0.00
7.20
3.30
3.20
0.00
0.00
0.00
0.00
0.00
0.00
0.00
0.00
0.10
130.50
99.80
26.60
2.40
0.00
0.10
0.00
0.00
0.00
0.00
0.00
1.30
0.00
0.00
9.20
4.30
0.10
0.00
0.00
0.00
0.00
0.00
0.00
0.00
1.40
1.80
0.00
0.70
4.80
0.30
0.00
0.00
0.00
0.20
0.00
0.80
24.40
28.30
2.40
17.80
0.00
0.00
0.00
0.00
0.00
0.00
1.60
0.00
0.00
0.00
0.00
0.00
0.00
0.00
0.00
0.00
0.00
0.00
0.00
0.00
0.00
0.00
0.00
0.00
0.00
0.20
1.30
0.00
0.50
0.30
0.00
0.00
0.00
0.00
0.00
0.00
0.00
0.00
0.00
0.00
0.00
0.00
0.00
0.00
0.00
0.00
0.00
0.00
0.00
0.00
0.00
0.00
10.35
3.35
0.00
5.80
0.00
1.60
0.00
0.00
0.00
0.00
4.50
4.60
0.00
4.50
9.60
6.70
0.00
0.00
0.20
0.20
5.20
1.00
0.00
3.36
0.04
0.30
0.00
0.00
2.20
10.80
0.00
8.90
3.00
0.90
0.20
0.00
0.00
0.00
0.00
0.00
0.60
0.10
0.00
0.90
0.10
0.00
0.00
5.60
0.00
0.00
0.00
0.00
0.00
0.00
0.00
0.00
0.00
0.00
0.00
0.20
0.00
0.00
0.00
0.00
1.00
0.00
0.00
0.00
0.00
8.70
5.30
1.40
0.50
0.00
0.00
0.00
0.00
3.00
0.00
0.00
0.10
0.00
0.00
5.50
0.00
0.00
0.00
0.00
0.10
0.00
15.10
0.00
0.00
0.00
10.30
18.10
0.90
0.00
24.20
8.60
25.50
1.60
0.00
0.00
0.00
0.00
0.00
0.00
6.40
0.30
0.00
0.00
0.00
0.00
0.00
0.00
0.00
0.00
0.00
0.00
0.00
0.00
0.00
0.00
0.00
0.00
0.00
0.00
0.00
0.00
0.00
0.00
0.70
0.00
10.80
0.00
0.00
0.00
0.00
0.00
0.00
0.00
0.00
0.00
0.00
0.00
0.00
0.00
0.00
0.00
0.10
0.00
0.00
0.00
0.00
0.00
0.00
9.30
0.70
0.00
0.00
0.00
0.00
0.00
0.00
0.00
0.00
0.00
10.20
3.50
0.10
0.00
0.00
0.30
22.60
0.00
0.00
0.50
0.00
0.00
0.00
0.00
0.00
0.00
0.00
0.80
0.00
0.00
0.00
0.00
0.00
0.00
0.00
0.00
1.10
0.00
0.00
0.00
0.00
0.00
0.00
0.00
0.00
0.00
0.00
0.00
1.90
36.80
0.80
0.00
0.00
0.00
0.00
0.00
0.00
0.00
0.00
0.00
0.00
2.70
0.00
10.80
2.10
0.00
6.10
0.00
0.00
0.00
0.00
0.00
0.00
0.00
0.00
0.00
0.00
0.00
0.00
0.00
0.00
0.20
0.00
0.00
0.00
0.00
0.10
0.00
0.00
1.10
0.00
0.00
0.00
0.00
0.00
0.00
0.00
0.00
0.00
0.00
0.00
0.00
0.00
0.00
0.00
0.00
0.00
0.00
0.00
0.00
0.00
0.00
1.10
0.90
2.30
3.20
0.00
0.00
0.00
0.00
0.00
2.10
0.00
0.00
0.70
11.30
0.00
11.90
0.50
0.00
0.00
0.00
1.70
0.00
4.57
0.33
0.00
0.00
0.00
0.00
0.10
0.00
0.00
0.00
0.00
0.00
0.00
0.00
0.00
0.00
0.00
0.10
0.10
0.00
0.00
3.30
0.18
0.02
0.00
9.60
2.40
0.00
0.00
0.00
0.00
0.00
1.80
19.40
0.00
5.20
13.50
0.50
0.10
0.00
0.00
1.00
0.10
0.00
0.00
0.00
0.00
0.70
29.57
0.23
0.00
0.00
7.60
18.70
0.00
0.00
0.00
0.00
0.00
0.00
0.00
0.00
0.00
0.00
0.00
0.00
3.15
12.55
0.00
0.00
0.00
0.00
0.00
0.00
0.00
3.20
0.00
1.20
0.10
0.04
4.46
0.00
0.00
3.10
0.00
0.00
0.00
0.00
2.00
0.70
0.00
0.00
3.50
0.00
0.00
0.00
0.00
0.00
0.00
6.60
0.00
0.00
0.00
0.00
0.00
0.00
0.60
13.10
4.20
20.20
66.70
9.20
0.00
0.00
0.10
0.00
0.00
0.00
7.20
8.40
0.00
0.00
0.00
0.00
0.00
0.00
0.00
0.00
0.00
0.00
0.00
0.00
0.00
0.00
1.60
0.00
0.00
0.00
0.00
0.00
0.00
0.00
0.00
1.10
0.00
0.00
1.80
1.90
3.00
0.10
13.30
8.50
0.10
0.30
0.30
2.80
0.00
0.00
0.00
0.00
0.00
0.00
0.00
0.00
0.00
0.00
0.50
0.00
0.00
0.00
0.00
1.90
0.00
0.00
0.00
0.00
0.00
0.00
0.00
0.00
0.00
0.00
0.00
1.10
0.00
0.00
0.00
0.00
0.00
0.40
7.70
0.00
0.00
0.00
0.00
0.00
0.00
0.00
0.00
0.10
6.70
0.00
0.00
0.00
0.00
0.00
0.00
0.00
0.00
0.00
0.00
0.00
0.00
0.00
0.00
0.00
0.00
0.00
0.00
0.00
0.00
0.00
0.00
0.00
0.00
0.00
0.00
0.00
0.00
0.00
0.00
0.00
0.00
0.00
0.00
0.10
6.20
0.00
0.00
0.00
0.00
0.00
0.00
0.00
0.00
0.00
0.00
0.00
0.00
0.00
0.00
0.00
0.00
15.30
0.00
0.00
0.00
0.00
0.00
0.00
0.00
0.00
0.00
1.50
0.00
0.00
0.00
3.50
7.82
70.58
51.90
6.90
3.60
0.00
0.10
0.00
0.00
1.60
0.20
0.00
0.00
0.00
0.50
0.30
0.00
0.00
0.00
0.00
0.00
0.00
3.10
1.00
0.00
0.00
0.00
0.00
0.00
18.30
0.00
0.00
0.00
0.00
0.00
0.00
0.10
3.10
0.00
0.00
0.00
0.00
0.10
0.30
0.00
0.00
0.00
0.00
0.00
0.00
0.30
2.00
23.90
1.50
0.70
0.10
0.00
0.00
0.00
0.00
0.00
0.00
0.00
0.00
0.00
0.00
0.00
0.00
0.20
0.00
0.00
0.00
0.00
0.10
9.30
3.80
0.00
0.00
0.00
0.00
0.00
0.00
0.00
0.00
0.00
0.00
0.00
0.00
0.00
0.00
0.00
0.00
0.00
0.00
0.00
0.00
0.00
0.00
0.00
0.00
0.00
0.00
0.00
0.00
0.00
0.00
0.00
0.00
0.00
0.00
0.00
0.00
0.00
0.00
0.00
0.00
0.00
0.00
0.30
0.00
0.00
0.00
0.00
0.00
0.00
0.00
0.00
0.00
0.40
0.00
0.00
1.50
0.00
0.00
0.00
4.00
0.10
0.00
0.00
0.00
0.00
0.00
0.00
0.00
0.00
0.20
8.30
0.00
0.00
0.00
2.90
0.00
0.00
0.10
72.10
19.30
37.10
59.90
9.90
0.00
0.00
0.00
0.00
0.00
0.00
0.00
0.00
0.00
0.20
14.10
1.70
1.00
3.40
0.00
0.00
0.00
0.00
0.00
0.00
0.00
0.00
0.00
0.00
0.00
0.00
0.00
0.00
11.80
0.00
0.00
0.00
0.00
0.00
0.00
0.00
15.40
9.80
0.50
1.30
0.00
0.00
3.00
5.10
0.00
0.00
0.00
0.50
0.00
0.00
0.00
0.30
0.00
0.00
0.00
0.00
2.20
3.80
12.40
0.00
0.00
0.00
0.00
0.00
0.00
0.00
0.00
0.00
0.00
0.00
3.70
0.00
0.00
0.00
0.80
0.20
0.10
0.00
0.00
15.00
7.40
0.00
42.10
0.90
0.20
4.60
0.00
0.00
25.70
0.00
0.00
0.20
0.10
0.00
0.00
0.00
0.00
0.00
0.00
0.00
0.00
0.00
0.00
0.00
0.00
0.00
0.00
0.00
2.30
1.80
0.00
0.00
0.00
0.00
0.00
0.00
0.00
0.00
0.00
0.00
0.00
0.00
0.00
0.00
0.00
0.00
0.00
0.00
0.00
0.00
0.30
16.20
5.00
0.00
0.00
0.00
0.00
0.00
0.00
0.00
0.00
2.30
0.00
0.00
0.00
0.00
0.00
0.00
0.00
0.00
2.90
0.00
0.00
0.00
0.00
0.00
0.00
0.00
0.00
0.00
0.00
0.00
2.00
0.00
0.00
0.00
0.00
1.30
0.00
0.00
0.00
0.90
0.10
0.00
0.00
0.00
0.00
0.00
0.00
0.00
0.00
0.00
0.00
0.00
0.00
32.30
0.00
0.00
0.00
0.00
0.00
6.20
0.00
0.00
0.00
0.00
0.00
0.00
0.00
0.00
0.00
0.00
0.00
0.00
0.00
0.00
0.00
0.00
0.00
0.00
0.00
0.00
0.00
0.00
0.00
0.00
7.30
0.00
0.00
0.00
0.00
8.90
0.20
0.00
55.50
36.30
0.80
0.10
0.00
0.00
0.00
68.80
26.90
5.10
67.60
0.00
0.00
0.00
0.00
0.00
0.00
3.50
1.50
17.30
23.10
0.00
0.10
16.20
6.20
53.10
17.20
0.00
0.00
0.00
0.00
0.00
0.10
0.10
0.00
0.10
0.00
0.00
0.90
0.00
0.00
0.00
0.00
0.00
0.00
0.10
0.10
0.00
0.00
0.00
0.00
0.00
0.00
0.00
0.00
0.00
0.00
0.00
0.00
0.00
0.00
0.00
0.00
0.00
0.00
0.00
0.00
0.00
0.00
0.00
0.00
0.00
0.00
0.00
0.00
0.00
0.00
0.00
0.10
0.00
0.00
22.30
1.90
0.10
0.10
0.00
0.00
0.00
0.00
0.00
0.00
0.00
0.00
0.00
0.20
0.00
0.00
0.00
0.00
0.00
0.00
0.20
0.00
0.00
0.00
0.00
0.00
0.00
0.00
0.00
0.00
0.00
0.00
0.00
0.00
0.20
0.00
0.00
0.00
0.00
0.00
0.00
0.00
0.00
0.00
0.00
0.00
0.00
0.00
0.00
0.00
0.00
0.00
0.00
0.00
0.00
0.00
0.00
0.00
0.00
0.00
0.00
0.00
0.00
0.00
4.40
17.30
21.70
0.10
0.00
0.00
0.00
0.00
0.00
0.00
0.00
0.00
0.00
0.00
4.30
1.90
0.00
1.20
1.50
0.00
0.00
5.60
0.10
0.40
0.00
2.70
0.10
1.20
0.00
2.40
8.20
0.70
0.80
0.20
0.90
12.90
0.10
0.00
0.10
7.50
0.50
1.30
0.00
0.00
0.00
0.40
0.00
0.00
0.00
0.00
0.00
0.00
0.00
0.00
0.30
0.50
0.00
0.00
1.90
0.50
0.00
19.40
5.00
2.90
0.00
0.00
0.00
0.00
0.10
0.00
0.00
0.00
0.00
0.00
0.00
14.50
0.00
0.00
0.00
0.10
0.00
0.00
0.70
18.00
4.80
1.30
0.00
0.00
0.00
0.00
0.00
0.00
0.60
0.00
0.00
0.00
0.00
0.00
0.00
0.00
0.00
0.00
0.00
1.00
0.00
0.00
0.00
3.40
0.30
0.00
0.00
0.00
0.00
0.00
0.00
0.00
0.00
0.00
0.00
0.00
0.00
0.00
0.00
0.00
0.00
0.00
0.00
0.00
0.00
0.10
0.00
0.00
0.00
0.00
0.00
0.00
0.00
0.00
3.50
4.90
0.00
0.00
0.00
0.00
0.00
0.00
0.00
0.00
0.00
0.00
0.00
0.00
0.00
0.00
0.00
0.00
0.00
0.00
0.00
0.00
0.70
0.00
0.20
12.20
0.00
0.00
0.00
0.00
0.00
0.00
0.00
0.00
0.00
0.00
0.00
0.00
23.90
0.00
0.00
0.00
0.00
0.00
0.20
0.00
0.00
0.00
0.60
0.00
0.00
0.00
2.70
0.10
0.10
25.90
0.60
0.00
0.00
0.00
0.00
0.00
0.00
0.00
0.00
0.00
0.00
1.70
0.00
0.00
7.50
0.00
0.00
0.00
10.80
13.20
9.50
33.70
0.40
0.00
0.00
2.70
13.30
0.10
0.00
0.00
29.20
64.60
0.10
0.00
0.00
0.00
7.30
0.00
0.00
0.00
0.20
1.00
0.00
0.00
0.00
0.00
0.00
0.00
1.00
9.10
0.00
0.10
0.00
0.00
0.10
0.00
0.00
14.30
3.90
2.60
0.00
0.00
0.00
0.00
0.00
0.70
0.00
0.00
0.10
0.00
0.00
0.00
0.00
0.00
0.00
0.00
0.00
0.00
0.00
0.00
0.00
0.00
0.20
0.00
0.10
0.00
0.00
0.00
0.00
0.00
0.00
0.00
0.00
0.10
0.00
0.00
0.00
0.00
0.00
0.00
0.10
0.20
0.00
0.00
0.00
0.20
0.00
1.00
0.20
0.00
0.00
3.00
0.00
0.80
0.00
0.00
0.00
0.00
0.50
0.20
0.00
0.00
0.00
0.00
0.00
1.50
0.00
0.00
0.10
0.00
0.00
1.10
0.00
0.20
4.60
0.30
0.00
0.00
0.00
0.00
0.00
2.90
0.00
0.10
0.20
5.90
0.00
0.00
0.00
0.00
0.00
5.70
16.40
0.00
0.00
1.70
92.00
87.60
0.00
0.10
7.90
6.30
8.10
60.80
0.70
0.20
0.00
0.00
2.70
8.30
0.10
1.40
0.00
0.00
0.70
0.00
2.60
2.10
0.40
6.00
0.00
0.00
0.10
19.50
2.10
0.10
12.30
0.00
1.10
0.00
0.20
0.00
0.00
0.00
0.00
0.00
0.00
0.00
0.00
0.00
0.00
3.40
0.00
0.00
0.00
0.00
0.00
7.90
0.20
21.00
3.60
7.60
1.20
0.00
0.10
0.00
0.00
0.00
0.00
0.00
6.20
5.80
0.00
0.00
0.00
0.00
0.00
4.80
1.70
0.50
20.40
11.50
1.90
0.00
0.00
0.00
7.60
1.90
0.00
0.00
19.20
6.60
1.70
0.30
0.00
0.00
0.00
0.00
0.00
0.00
0.00
7.60
2.40
0.00
0.00
0.00
0.00
0.00
0.00
0.00
0.00
0.00
0.60
0.00
13.20
0.00
2.90
0.00
0.00
0.00
0.00
0.00
0.00
0.00
0.00
0.10
0.70
0.00
0.00
0.00
0.00
0.00
0.00
0.10
2.50
0.00
0.20
0.10
0.00
4.20
0.10
0.10
26.00
0.10
0.10
0.00
3.50
0.00
0.00
0.00
0.00
0.20
7.50
0.00
0.00
0.00
0.00
0.00
0.00
0.00
0.00
0.10
0.30
0.00
0.00
0.00
0.00
3.40
0.00
0.00
0.00
8.60
0.00
0.60
0.00
0.00
0.00
0.00
22.20
0.00
1.20
1.20
0.00
0.00
0.00
0.00
0.00
0.00
0.00
0.00
0.00
0.00
19.00
0.20
0.00
6.50
0.30
0.00
0.00
0.00
19.70
0.00
0.00
0.00
0.00
0.00
0.00
0.00
0.00
0.00
0.00
0.00
0.00
0.00
3.10
0.00
0.00
1.30
2.50
38.30
0.00
0.00
0.00
0.00
0.00
0.20
0.00
-99.00
-99.00
-99.00
-99.00
-99.00
-99.00
-99.00
-99.00
0.00
0.00
0.00
0.00
0.00
0.00
0.00
0.00
0.00
0.00
0.00
0.00
0.00
0.00
0.00
0.00
0.00
0.00
0.00
0.00
0.00
0.00
0.00
0.00
0.00
0.20
0.00
3.00
74.30
46.10
9.90
0.00
0.00
0.10
0.00
0.00
0.00
0.00
0.00
0.00
0.00
1.00
0.00
0.00
0.00
0.00
0.00
0.00
0.00
0.00
0.10
0.10
0.00
0.20
0.10
0.00
0.10
0.00
0.00
0.00
3.20
0.90
0.00
0.00
0.00
0.00
0.00
0.00
0.00
1.60
2.80
0.00
0.00
0.10
0.00
0.00
0.20
0.00
0.00
0.00
0.00
0.00
0.00
0.00
0.00
1.70
0.20
0.00
0.00
0.10
9.90
0.60
0.00
0.00
0.30
0.00
0.70
2.20
0.00
0.00
0.00
4.70
0.10
0.00
0.60
0.00
0.10
0.00
0.00
0.00
7.70
0.20
0.10
0.00
0.00
0.00
0.00
0.00
0.10
9.00
0.10
0.00
0.00
0.00
0.00
0.00
0.00
0.00
0.40
1.00
0.10
0.10
0.00
0.00
1.40
0.40
6.80
0.00
0.00
0.00
0.00
0.00
0.00
0.00
0.00
0.00
0.00
0.00
0.00
0.00
0.00
0.00
0.00
9.50
1.10
0.00
20.10
2.60
0.00
0.00
0.00
1.60
0.20
0.00
0.00
60.00
4.50
0.00
0.00
0.00
0.00
0.00
0.00
0.00
0.00
0.00
0.00
0.00
0.00
0.00
0.00
0.00
0.00
0.00
0.00
0.00
0.00
0.00
0.00
0.00
0.00
0.00
0.00
0.00
0.00
0.00
0.00
0.00
0.00
0.00
0.00
0.00
0.00
0.00
0.00
0.00
0.00
0.00
0.00
0.00
0.00
0.00
0.00
0.00
0.00
0.00
0.00
0.00
0.00
0.00
16.30
0.40
0.00
0.00
0.00
0.00
0.00
0.00
0.00
0.00
0.00
0.00
0.00
0.00
0.00
0.00
0.10
0.00
0.00
0.00
20.80
5.10
0.00
0.00
0.00
0.00
8.20
1.20
0.70
1.60
0.60
0.00
2.60
0.00
0.50
0.40
0.00
0.20
0.00
2.30
17.60
0.00
0.20
0.00
0.00
0.00
0.00
0.10
0.00
0.00
0.00
0.00
0.00
2.80
0.00
0.00
0.00
0.00
14.60
0.00
0.00
12.80
0.00
0.00
0.00
3.00
43.10
14.10
3.50
0.00
0.00
0.00
0.00
0.00
0.10
0.00
0.00
42.60
0.00
0.00
0.00
0.00
0.00
0.10
6.60
0.00
26.70
0.10
0.00
0.00
0.00
0.00
0.00
0.90
0.10
0.00
0.00
0.00
0.00
0.10
0.10
0.00
0.00
0.00
0.00
0.10
0.00
0.00
0.00
0.00
5.20
0.00
0.00
0.00
0.00
0.00
0.00
0.00
0.00
0.00
0.00
0.00
0.00
91.30
48.50
6.30
0.00
0.00
0.00
0.10
7.90
0.00
0.00
0.00
0.00
0.10
0.00
9.70
0.00
0.00
0.00
0.00
0.00
0.00
0.10
0.00
0.00
0.00
0.00
0.00
0.00
0.00
0.00
0.00
0.00
0.00
0.20
0.00
0.00
2.70
2.10
0.00
0.00
0.00
0.00
0.00
0.00
0.00
0.00
0.00
0.20
0.10
0.00
0.20
0.10
0.00
0.00
0.00
0.00
0.00
0.10
0.00
0.00
0.00
11.20
53.60
97.30
6.90
0.00
0.00
1.10
0.10
0.20
0.00
0.00
0.20
0.00
0.00
0.00
0.10
0.50
21.50
0.10
4.10
0.00
0.00
0.20
0.20
0.10
0.20
0.20
0.00
0.00
0.60
0.30
0.00
0.00
0.00
0.00
0.00
0.00
0.00
0.00
0.00
0.00
0.00
0.00
0.00
0.00
0.00
0.00
0.00
0.00
5.40
0.10
0.00
1.50
0.00
0.00
0.00
0.00
0.00
0.00
0.50
0.00
0.00
5.80
1.50
0.00
0.00
0.00
1.00
0.00
0.00
0.00
0.10
0.00
0.00
0.00
0.00
0.00
0.00
0.20
1.20
0.00
0.00
0.00
0.00
0.00
0.10
0.00
5.60
0.00
0.10
8.10
3.30
0.30
0.10
0.00
0.00
10.50
0.00
0.00
0.00
0.00
0.00
0.00
0.00
0.00
10.60
3.50
8.00
4.00
5.00
2.80
0.00
0.20
190.20
7.40
7.90
6.80
0.10
3.10
0.00
0.00
0.00
0.00
0.00
0.00
0.00
0.00
0.00
0.00
0.00
0.00
0.00
0.00
0.00
0.00
0.00
0.10
0.10
0.00
4.80
7.80
0.10
21.30
30.60
0.00
0.00
4.70
0.00
0.00
0.20
10.40
0.00
3.00
0.00
0.00
0.00
0.00
0.00
0.00
0.00
0.00
4.70
0.00
0.00
0.00
0.10
6.10
0.00
0.30
0.00
0.00
0.00
8.40
1.00
0.00
0.00
0.00
0.00
0.00
0.00
0.00
0.00
0.00
0.00
0.00
0.10
0.00
0.00
0.00
0.00
0.00
0.00
1.70
6.40
1.10
0.10
13.71
0.10
6.00
17.80
0.10
0.00
0.00
0.00
0.00
0.00
6.80
0.70
0.00
0.00
0.00
0.00
0.00
0.00
0.00
0.00
0.00
0.00
0.00
0.00
0.00
0.00
0.00
0.00
0.00
0.00
0.00
0.00
0.00
0.00
0.00
0.00
0.00
0.00
0.00
0.00
1.30
0.00
160.30
0.00
0.00
0.50
0.00
0.00
10.40
0.00
5.40
0.00
0.00
0.00
0.00
0.00
0.00
0.00
0.00
0.00
0.00
20.49
8.60
0.90
0.00
0.00
0.00
4.10
0.00
0.00
0.00
0.40
0.00
0.00
22.35
0.00
0.00
16.09
0.00
0.00
0.00
7.59
0.70
18.20
0.40
0.00
0.00
0.00
0.00
0.00
0.00
0.00
0.00
0.00
0.00
0.00
0.00
0.00
0.00
0.00
0.00
0.00
0.10
0.00
0.00
0.00
0.00
0.00
0.00
6.60
13.10
0.60
0.20
0.30
0.00
0.00
35.50
0.00
0.00
0.00
0.00
0.00
2.30
8.84
0.66
0.00
0.00
0.00
28.73
0.00
0.00
0.00
0.00
0.00
0.00
0.00
4.00
0.00
7.50
0.10
0.00
0.00
0.00
32.21
25.30
0.00
0.00
0.10
0.00
0.20
0.00
0.20
9.49
0.16
0.04
0.00
0.00
0.00
0.00
0.00
0.00
0.00
0.10
0.00
0.00
0.00
0.16
1.24
0.00
0.00
0.00
18.91
0.10
0.00
0.00
0.00
0.30
0.00
0.00
0.00
0.20
0.10
0.00
0.00
0.10
0.00
0.10
0.00
0.00
0.00
0.00
0.00
0.00
0.00
0.00
0.10
0.00
0.00
0.00
0.00
0.00
0.00
0.00
0.00
1.20
0.00
0.30
6.80
0.10
0.00
0.00
0.10
0.10
0.20
0.30
0.10
0.00
0.00
0.00
0.00
0.10
0.20
0.10
0.00
0.10
0.00
0.10
0.00
0.00
0.00
0.11
0.00
0.00
0.00
0.00
0.00
0.00
0.00
0.00
0.00
0.44
0.00
0.10
0.20
1.40
0.00
0.00
32.50
0.00
0.00
0.00
0.00
0.00
0.00
0.00
0.50
0.00
0.00
0.20
0.00
1.50
0.72
0.00
0.00
0.00
0.00
1.58
13.02
0.00
0.00
0.00
0.00
0.00
0.00
0.00
0.00
0.10
5.90
7.70
14.08
0.62
0.00
0.50
0.00
0.00
0.00
0.00
0.00
0.00
0.10
0.00
0.00
0.00
8.39
2.29
3.30
0.00
0.30
27.19
0.00
0.40
0.00
0.00
0.00
0.10
0.00
3.80
0.00
0.00
0.00
0.70
0.00
0.00
0.18
20.72
17.30
2.60
0.00
0.00
0.00
0.00
0.00
0.00
0.10
0.00
0.00
0.00
0.00
0.00
0.00
0.00
14.61
34.41
6.90
3.30
2.90
0.30
0.00
0.00
0.00
0.00
4.70
0.00
0.00
0.00
3.30
0.10
0.00
0.00
0.00
0.00
3.20
15.59
18.60
3.50
1.80
1.10
1.00
25.47
57.60
57.20
57.60
24.92
0.00
0.00
0.00
0.00
0.38
0.00
9.91
0.00
14.77
7.80
0.00
0.00
0.00
0.00
0.00
0.00
0.00
0.00
0.00
0.00
0.00
2.50
0.00
0.00
0.00
0.00
0.00
0.00
0.00
6.80
0.00
0.00
0.00
0.00
0.00
0.00
0.00
0.00
0.00
0.00
0.00
0.00
0.10
2.90
0.00
0.00
0.00
0.00
0.00
0.00
0.00
0.00
1.30
0.00
0.00
0.00
0.00
27.43
0.00
0.00
0.00
4.00
0.00
0.00
0.00
0.00
0.00
0.00
0.10
1.50
0.00
0.10
0.00
0.00
0.00
0.00
0.00
0.00
0.00
0.00
0.10
0.59
0.00
0.00
0.00
0.00
0.00
0.00
0.00
0.00
0.00
0.00
0.00
0.00
0.00
0.00
0.42
15.08
0.10
0.00
0.00
0.00
0.00
0.00
11.48
0.00
0.10
0.00
67.56
0.00
0.00
0.00
0.00
0.00
0.80
0.00
0.00
0.00
0.00
16.40
0.00
0.00
0.00
0.00
0.00
55.00
32.80
35.10
0.00
0.10
0.00
0.00
0.00
0.00
0.00
0.10
0.00
0.20
2.90
0.00
0.00
0.00
0.00
0.10
0.00
0.00
0.10
0.00
0.00
12.89
1.20
2.50
0.00
0.00
0.00
0.00
0.00
1.81
0.00
0.00
0.00
0.00
0.00
0.00
0.00
1.80
8.49
21.01
0.10
0.00
8.20
0.40
0.00
6.89
0.00
0.00
0.00
0.10
37.32
1.00
0.10
0.20
0.00
0.00
0.20
0.20
0.00
0.00
0.00
0.00
27.78
5.20
0.10
1.70
1.20
0.30
0.00
0.00
0.10
0.00
0.00
0.00
0.00
0.00
0.00
0.10
0.10
0.20
0.10
0.00
0.00
0.00
0.00
0.00
0.00
0.80
0.00
0.00
4.10
0.00
0.00
0.00
0.00
0.00
0.10
21.53
4.62
4.54
2.81
0.00
1.20
1.01
0.63
4.09
0.00
0.21
0.00
0.00
0.00
0.00
0.00
41.50
0.00
5.86
0.64
0.00
0.00
0.60
3.80
45.73
18.12
30.69
10.91
0.00
0.10
0.00
0.00
0.00
0.00
0.00
0.00
0.00
0.00
0.00
0.10
0.00
0.00
1.22
31.78
0.10
0.10
3.50
0.00
0.10
0.00
0.00
0.00
0.00
0.00
0.00
0.00
0.00
0.00
0.00
0.00
0.00
0.00
0.00
14.30
19.01
0.00
0.00
0.00
0.00
0.00
0.00
11.30
0.10
0.00
0.00
0.00
0.00
0.00
0.00
0.00
0.00
0.00
0.00
0.00
0.00
0.50
0.00
0.00
0.00
0.00
0.00
0.00
0.00
0.00
0.00
0.30
14.40
0.60
0.00
0.00
3.40
0.00
1.40
2.70
0.10
0.00
5.20
0.00
0.00
0.00
0.00
0.30
0.00
3.80
0.90
0.00
0.00
0.00
3.72
1.90
0.50
0.00
0.00
0.00
0.00
0.00
0.00
0.00
0.00
0.00
0.00
0.00
0.00
1.60
6.70
0.10
0.00
0.00
0.00
0.00
0.10
0.00
0.00
0.00
0.00
0.00
0.00
0.00
0.00
0.00
0.00
0.00
0.00
0.00
0.00
0.00
0.80
0.00
5.20
25.20
7.10
2.00
1.50
0.00
0.00
0.00
0.00
0.00
0.00
0.10
0.00
1.00
0.00
0.00
0.00
0.00
0.00
0.00
0.00
0.00
0.00
0.00
0.60
0.00
16.40
0.10
0.00
0.00
0.00
0.00
0.00
0.00
0.00
0.00
0.00
0.00
0.00
0.00
8.40
0.00
2.20
0.70
0.10
0.00
0.00
0.00
0.00
0.00
0.00
0.00
0.00
0.00
0.00
0.00
0.00
0.00
0.00
0.00
0.00
0.00
0.00
0.00
0.00
10.60
0.00
0.00
0.00
0.00
0.00
0.00
0.00
0.00
9.66
0.00
0.00
0.00
0.00
0.80
9.80
5.10
0.10
0.00
0.00
0.00
0.00
0.00
0.00
0.00
9.00
0.00
0.00
0.00
0.00
6.50
0.00
1.30
0.00
0.00
0.00
0.00
0.00
0.00
0.00
0.00
0.00
0.00
0.00
0.00
0.00
0.00
0.00
5.10
53.96
0.00
0.80
0.00
0.00
0.00
0.00
0.00
0.00
0.00
0.00
0.00
0.00
0.00
0.00
0.00
2.64
0.76
0.00
0.00
0.00
0.00
0.00
0.00
0.00
0.00
0.00
0.00
0.00
0.00
0.00
0.00
0.00
0.00
0.00
0.00
0.10
0.00
0.00
0.00
0.00
0.00
0.00
0.00
0.10
0.00
0.00
0.00
0.00
0.00
0.00
0.00
0.10
0.00
5.40
0.20
0.00
5.50
0.00
0.00
9.00
0.00
0.00
0.00
0.00
0.00
0.00
0.11
0.00
1.90
0.00
0.10
0.00
0.10
0.80
0.00
0.00
0.00
0.00
0.20
5.70
0.20
0.00
0.00
0.20
0.00
0.68
2.20
0.02
0.00
0.00
0.00
0.00
0.00
0.00
0.00
0.10
0.00
0.00
6.20
0.10
0.00
0.00
0.10
0.20
13.86
0.00
0.00
12.06
17.93
1.30
0.00
0.00
0.10
0.00
1.10
0.00
0.00
0.70
0.10
1.00
6.70
0.00
0.30
6.40
0.00
0.00
0.00
0.00
0.00
0.00
0.00
19.33
5.42
0.00
0.00
1.93
4.30
0.00
0.00
0.00
0.00
0.00
0.00
3.81
0.10
0.00
0.00
5.41
2.69
0.00
1.10
0.50
0.00
0.00
0.00
15.01
0.40
0.00
0.00
0.00
0.00
0.00
0.00
0.00
0.00
0.00
0.00
0.00
0.00
0.00
32.90
0.40
8.89
71.39
2.80
6.30
12.80
0.10
0.00
0.00
0.00
0.00
0.00
0.00
0.00
0.00
0.00
0.00
0.00
0.00
0.00
0.00
0.00
0.00
0.00
0.10
0.80
0.20
2.20
125.89
84.83
0.00
0.00
0.00
12.97
11.00
1.10
0.11
0.00
0.00
0.00
2.92
0.00
0.00
22.20
3.11
0.00
0.00
1.70
0.00
0.70
3.88
10.79
0.00
5.38
0.00
9.31
21.56
5.30
23.79
0.10
0.00
0.00
0.50
1.99
0.29
0.00
0.00
0.00
0.00
0.00
0.00
0.00
0.00
0.00
0.00
0.00
0.00
0.00
0.00
0.00
0.00
0.00
0.00
0.00
0.40
0.00
0.00
3.03
0.20
0.00
0.00
0.00
2.61
1.30
26.59
0.00
0.00
0.00
4.10
0.00
0.00
0.00
0.00
0.00
0.00
0.00
0.40
0.00
0.00
0.00
0.00
0.80
0.00
0.00
0.00
0.00
0.00
0.00
0.00
0.00
0.00
0.30
8.49
0.90
0.00
0.00
2.11
0.00
0.00
0.00
6.69
0.00
0.00
0.00
0.00
0.00
8.43
0.00
0.10
0.00
0.00
0.00
0.60
0.00
0.00
0.00
0.00
0.10
0.10
15.48
3.37
0.00
0.00
0.00
0.00
0.00
1.72
1.30
0.00
0.00
0.00
0.00
0.00
0.00
0.00
0.00
0.00
0.00
0.00
0.00
0.00
0.00
0.00
12.79
0.10
0.00
0.00
0.00
0.00
0.00
0.00
34.22
5.79
36.38
25.44
0.00
0.00
0.00
48.69
65.31
5.08
3.51
23.75
0.00
0.00
0.00
0.00
0.00
0.00
0.00
1.10
17.50
3.90
0.00
0.10
27.40
0.30
0.10
0.00
0.00
9.50
1.40
0.00
10.90
18.90
0.00
0.00
0.00
0.00
8.10
48.45
5.54
54.00
123.55
0.10
0.09
0.09
0.00
2.66
0.11
0.09
0.00
0.00
0.00
0.00
0.00
0.00
0.00
0.00
0.00
0.11
0.00
0.00
0.10
0.00
0.00
0.10
0.50
9.63
0.28
0.10
5.19
0.10
0.00
0.00
0.00
0.00
0.00
0.00
0.00
0.00
0.00
0.10
0.00
0.10
0.00
0.00
0.00
0.10
0.00
0.00
0.00
0.00
0.00
0.00
0.10
0.00
0.00
0.00
0.00
0.00
0.00
0.00
0.00
0.00
0.00
0.70
0.00
0.00
4.70
0.00
0.00
0.00
0.00
5.70
0.00
0.00
0.00
0.00
1.55
0.00
0.31
1.12
0.00
0.11
0.00
0.10
0.00
0.00
0.00
0.00
0.00
0.00
0.00
0.10
0.00
0.00
0.00
0.00
0.00
0.00
0.00
0.00
0.00
0.00
0.00
0.00
0.00
0.00
0.00
0.00
1.10
0.80
0.10
0.00
0.00
0.00
0.00
0.00
0.00
0.00
0.00
0.00
0.00
0.00
0.00
0.00
0.00
0.00
0.00
0.00
0.00
0.00
0.00
0.00
0.00
0.00
0.22
6.00
15.94
0.00
1.24
2.59
0.00
0.21
4.57
0.00
0.00
0.00
0.00
0.00
0.32
5.01
0.00
0.00
0.00
3.40
0.30
12.25
45.35
0.00
0.10
4.25
0.00
0.00
0.00
0.00
0.00
7.90
7.80
0.00
0.00
0.00
0.00
0.40
0.00
0.00
9.12
0.00
0.00
0.00
0.00
0.00
21.09
2.60
0.00
0.00
0.20
0.00
0.00
7.41
0.20
0.00
0.00
0.00
0.00
0.00
0.00
0.00
0.00
0.00
0.00
0.00
0.00
0.00
0.00
0.00
0.00
11.02
0.00
0.00
1.02
0.00
0.00
0.00
0.00
0.00
0.00
0.10
0.00
0.00
0.20
1.82
0.00
2.50
31.93
95.50
0.00
0.00
0.00
0.30
0.00
0.00
0.00
0.71
0.00
6.45
0.00
0.00
0.00
0.00
0.00
0.00
0.00
0.00
0.00
0.00
0.80
0.00
0.00
0.00
0.00
0.00
0.40
10.80
0.00
0.00
0.00
0.00
0.00
1.10
0.00
0.00
0.00
0.00
0.50
0.00
0.00
0.00
0.00
0.60
0.00
0.00
0.00
0.00
0.00
0.00
0.00
0.00
0.00
0.00
0.00
0.00
0.00
0.00
0.81
0.00
0.00
0.00
0.00
1.00
0.00
0.00
0.00
0.00
0.00
0.00
0.00
0.00
12.86
0.10
0.00
0.00
0.50
0.00
0.00
0.00
0.00
0.00
0.00
27.38
0.40
0.00
0.00
0.00
0.00
0.00
0.00
0.00
0.00
52.08
280.60
12.10
0.10
0.00
0.00
0.00
0.00
0.00
0.00
0.00
0.00
0.00
0.21
0.40
0.00
0.00
0.00
19.93
130.18
28.15
36.06
59.88
0.30
2.69
0.80
0.00
20.27
188.19
98.56
260.35
91.74
30.05
1.69
1.51
14.35
0.00
8.12
4.81
6.99
0.00
0.00
0.00
0.00
6.10
0.80
0.00
0.00
0.00
182.44
447.34
14.14
5.21
2.10
0.00
0.00
0.00
0.00
0.00
0.00
0.00
2.10
0.00
0.00
56.05
4.93
0.00
0.00
0.20
0.00
0.10
0.00
1.40
1.10
0.00
0.10
0.10
0.00
0.00
0.00
0.00
4.30
0.60
0.00
0.00
0.00
0.00
0.00
0.00
0.00
0.00
0.00
0.00
0.00
0.10
0.00
0.00
0.00
0.00
0.00
0.00
2.74
0.00
0.00
0.00
0.00
0.10
0.00
7.10
0.20
0.00
25.87
53.01
58.07
29.31
0.20
0.00
0.00
0.00
0.00
0.00
0.00
0.00
0.00
0.00
0.00
0.00
0.00
0.00
0.00
0.00
0.00
0.00
0.10
1.30
0.00
0.00
0.30
0.10
0.00
0.00
0.00
0.00
0.00
0.00
0.00
0.00
0.00
0.00
0.00
0.00
0.00
0.00
6.03
3.11
0.00
5.49
0.80
0.00
0.00
0.00
0.00
0.00
0.00
0.00
0.00
0.00
23.45
0.00
0.00
0.00
0.10
0.00
0.10
10.10
0.00
0.00
11.10
0.00
0.00
0.30
0.80
3.80
9.20
0.70
0.00
0.00
0.00
0.00
0.00
0.00
0.00
0.10
0.00
0.00
27.82
0.00
3.99
0.00
0.00
4.21
3.24
8.18
100.21
27.91
1.86
0.00
0.00
23.77
5.42
8.49
0.00
1.58
4.23
0.00
0.00
0.00
0.00
0.00
0.00
0.00
2.92
13.31
1.91
0.10
2.51
35.67
3.80
5.50
0.00
0.00
0.00
0.00
0.00
0.00
0.00
0.00
0.00
0.00
0.00
0.00
0.10
0.00
0.20
12.13
2.70
8.70
38.50
0.00
18.58
19.45
2.90
0.09
2.26
2.64
0.00
1.42
0.62
3.94
3.53
10.44
3.33
0.00
0.00
0.00
0.00
0.00
0.00
0.00
0.00
0.00
0.00
0.00
0.00
0.00
37.93
2.35
0.00
0.00
0.00
0.00
0.00
0.00
0.00
0.00
5.53
9.93
0.00
0.00
0.00
0.00
0.00
0.00
0.00
0.00
0.00
2.10
0.00
0.00
0.00
0.00
0.00
0.00
0.00
0.00
2.28
0.00
0.00
0.00
0.00
0.00
0.00
0.00
0.00
0.00
0.00
1.45
0.91
23.08
0.10
0.10
0.00
0.00
0.00
0.00
0.00
0.10
0.00
0.00
0.00
0.00
0.00
95.27
250.20
255.60
81.00
0.10
0.00
0.00
11.77
0.00
10.21
0.40
10.54
15.38
0.00
0.00
0.00
0.00
0.00
0.00
0.10
0.00
1.10
11.35
4.27
51.76
126.39
0.00
0.00
6.03
9.17
0.10
0.10
0.10
0.00
0.00
20.71
0.10
2.50
0.10
0.00
1.00
0.10
0.50
19.19
0.00
0.00
14.41
11.10
0.00
0.00
0.10
0.10
0.00
0.20
0.00
0.50
0.40
0.10
0.10
4.70
0.00
0.10
0.00
0.00
0.00
0.10
0.00
0.10
0.10
0.00
1.60
13.80
0.20
0.20
0.00
0.00
0.10
0.00
0.00
0.00
0.00
0.00
0.00
0.10
0.10
0.00
0.00
0.51
0.20
1.94
54.82
17.41
46.99
0.00
0.10
0.10
1.70
0.10
3.11
0.00
0.00
0.60
0.00
0.10
0.20
3.19
4.49
0.10
0.10
0.00
0.00
3.90
7.60
0.00
0.40
0.00
0.10
0.30
0.00
0.00
0.00
0.10
0.00
1.20
0.10
0.20
0.40
0.00
0.00
1.10
0.50
0.10
0.00
0.00
10.00
0.60
0.00
0.00
0.00
0.00
0.10
0.00
0.00
0.10
0.10
0.20
0.00
3.30
0.00
0.10
0.10
0.10
2.33
0.30
0.20
2.29
0.71
0.10
0.10
0.20
0.50
0.10
0.00
9.79
3.00
0.20
0.00
0.10
1.80
0.00
3.10
0.30
0.00
0.00
0.00
0.10
0.00
6.54
17.76
2.41
0.00
0.00
0.20
0.10
0.10
0.00
0.10
0.00
0.00
0.10
0.10
0.50
0.30
0.00
0.90
0.00
2.10
0.30
0.10
