20000101
0.00
0.00
0.00
0.20
0.00
0.00
0.00
0.00
1.20
0.00
0.20
0.00
0.00
6.80
0.20
0.00
0.00
0.20
0.00
0.00
0.00
0.00
0.00
0.00
1.60
2.60
0.40
0.20
0.00
0.00
0.00
0.00
0.00
0.00
0.00
0.00
0.20
0.00
0.00
0.00
0.20
0.00
3.00
0.00
0.00
0.00
0.00
0.00
0.00
0.00
0.20
0.60
0.00
0.20
0.00
0.00
0.00
0.00
0.20
0.00
0.00
0.00
0.00
0.00
0.00
0.00
0.00
0.00
0.00
0.00
0.00
0.00
0.00
0.00
0.00
0.00
0.00
0.00
0.00
0.00
0.00
0.20
1.00
0.00
3.60
7.30
3.20
8.40
0.00
2.20
11.40
0.00
1.00
5.50
0.00
0.00
0.20
0.00
0.00
0.80
7.00
28.50
0.00
0.00
0.00
0.00
7.60
0.40
0.00
0.00
0.00
0.00
0.00
0.20
0.00
0.00
0.00
0.00
23.40
0.00
0.20
0.00
0.00
0.00
0.00
0.00
0.00
0.00
0.00
0.20
9.00
0.20
0.00
0.00
0.00
0.00
0.00
0.40
0.00
2.40
1.00
0.40
12.20
0.00
0.20
0.00
3.40
13.60
0.00
0.00
0.00
0.00
0.00
0.00
0.00
0.00
11.30
0.20
0.00
0.00
1.40
35.20
5.80
1.00
1.80
10.30
0.00
0.00
0.00
0.00
0.00
0.00
0.00
0.20
0.40
0.40
0.00
0.00
0.00
0.00
0.00
0.00
0.00
0.00
0.00
0.00
0.00
0.00
0.00
0.00
0.20
29.40
0.20
0.00
0.00
0.00
0.00
0.00
0.00
0.00
8.10
0.00
0.00
0.00
0.80
0.00
0.00
0.00
0.00
0.00
0.00
0.00
0.00
0.00
0.00
3.20
21.10
11.00
0.00
0.00
0.00
0.00
0.00
0.00
0.40
0.00
0.00
0.00
0.00
0.00
0.00
0.00
0.00
2.40
0.00
0.00
0.00
0.00
0.00
0.00
0.00
0.00
7.40
0.00
0.00
0.00
0.60
6.90
0.20
0.00
0.00
0.20
0.00
0.00
0.00
0.00
0.20
0.40
0.20
0.00
0.00
-99.00
-99.00
-99.00
-99.00
-99.00
-99.00
-99.00
-99.00
-99.00
-99.00
-99.00
-99.00
-99.00
-99.00
-99.00
-99.00
-99.00
-99.00
-99.00
-99.00
-99.00
0.00
5.60
0.60
2.60
28.00
0.00
1.20
0.00
0.00
0.00
0.00
0.20
2.40
10.20
3.40
0.20
0.20
0.20
0.40
0.00
0.20
0.20
2.00
0.20
0.40
0.40
0.00
0.20
5.00
0.00
0.00
0.00
0.00
0.00
0.00
0.20
2.40
0.00
0.00
0.00
0.00
0.00
0.00
0.00
0.00
12.20
0.20
0.00
0.20
0.20
0.00
9.30
0.20
0.20
0.00
0.00
0.00
0.00
0.20
3.20
0.00
0.00
0.00
0.00
0.00
0.00
0.00
0.00
0.00
0.00
0.00
0.00
0.20
25.50
14.50
54.30
18.50
0.00
0.00
0.00
0.20
0.00
0.00
0.00
0.00
0.00
0.00
0.00
0.00
0.00
0.00
0.00
0.00
0.00
0.20
0.20
3.40
18.80
92.80
3.00
0.20
0.00
0.20
0.00
0.00
0.20
0.00
0.00
0.00
0.00
0.00
3.00
0.60
0.00
0.00
0.00
0.00
0.00
0.00
0.00
0.00
0.00
0.00
0.00
0.00
0.00
0.00
15.50
23.00
0.40
0.00
0.00
1.80
0.00
0.00
0.00
0.00
0.00
8.00
12.20
0.00
0.00
0.00
0.20
4.60
0.00
0.00
2.40
0.00
1.80
5.80
0.00
0.00
0.00
2.80
0.00
0.00
0.00
0.20
0.00
0.00
0.00
0.00
0.00
0.00
0.00
0.00
0.00
5.10
0.00
0.00
7.70
0.00
0.00
0.00
0.00
0.00
0.00
0.00
0.20
1.80
0.00
0.00
0.00
0.00
0.00
0.00
0.00
0.00
0.40
0.00
0.20
0.20
7.90
0.20
0.00
0.00
0.00
0.00
0.00
0.00
0.00
0.00
10.30
2.00
0.00
1.40
3.00
13.60
0.00
0.60
0.20
0.20
2.40
0.80
0.00
0.00
0.00
0.00
0.00
2.60
7.50
0.00
0.00
0.00
0.00
0.00
0.20
0.00
0.00
0.00
0.00
0.00
0.00
0.00
0.00
0.00
0.00
0.00
0.00
0.00
0.00
0.00
0.00
3.20
0.20
0.00
0.60
0.00
0.00
0.00
0.00
0.00
0.00
0.00
0.00
0.00
0.00
0.00
0.00
0.00
0.00
0.00
0.00
0.00
0.00
0.00
0.00
0.00
0.00
0.20
0.00
0.00
0.00
0.00
0.00
0.00
0.00
0.00
25.10
0.20
0.00
0.00
32.60
0.00
0.00
0.00
0.00
0.00
0.00
0.00
0.00
0.00
0.00
0.00
0.00
0.00
0.00
0.00
0.00
0.00
0.00
0.00
0.00
0.00
0.00
0.00
0.00
0.20
0.00
0.00
0.00
0.00
0.00
0.00
0.00
0.00
0.00
0.20
0.00
0.00
0.00
0.00
0.00
0.00
0.00
0.40
0.00
0.00
0.00
0.00
0.00
0.00
0.00
0.00
0.80
1.60
0.00
0.00
0.20
0.40
0.00
0.20
17.60
0.20
0.00
0.00
0.00
47.90
0.20
0.00
8.10
0.40
0.20
12.60
3.20
0.40
0.20
0.20
0.20
15.80
0.00
0.00
0.00
0.00
11.90
3.40
0.00
0.00
1.20
0.20
0.20
0.00
0.20
25.10
0.00
2.80
0.00
0.00
0.00
0.00
0.00
0.00
0.20
0.00
0.20
0.00
0.00
0.20
0.20
0.00
0.20
0.00
0.00
0.00
0.00
0.00
0.20
23.40
0.40
0.00
0.00
51.80
11.50
7.10
0.00
1.20
0.20
0.20
0.00
0.20
0.00
0.00
0.00
0.00
0.00
0.00
0.20
0.00
0.00
0.20
0.20
0.00
0.00
0.00
0.20
0.00
0.00
0.00
0.00
0.00
0.20
3.40
6.00
1.80
0.00
0.20
0.20
0.00
0.00
0.20
0.00
0.00
0.00
0.00
0.00
0.00
0.00
0.00
0.00
7.60
8.40
6.40
0.00
0.20
0.20
6.20
3.60
4.20
0.00
0.00
0.20
0.00
0.20
3.60
0.80
0.00
0.20
0.00
0.00
0.00
3.80
0.00
0.00
0.00
0.00
0.00
0.00
0.00
0.00
0.00
0.00
0.00
0.00
3.80
14.70
0.00
0.00
0.00
0.00
0.20
0.00
0.00
17.20
0.00
10.80
0.20
0.20
0.00
0.00
0.00
0.00
0.00
0.20
0.00
0.00
0.00
0.00
0.00
13.20
0.00
4.60
34.30
0.20
0.20
0.00
0.00
0.00
0.00
0.00
3.00
0.00
0.00
0.00
0.20
0.00
0.00
0.00
0.00
0.00
0.00
0.00
0.00
0.00
0.00
1.00
12.60
0.00
0.00
0.20
2.60
42.10
1.60
0.00
4.50
46.40
3.00
0.20
12.60
11.00
5.00
1.60
4.80
1.00
0.40
0.00
0.00
0.40
0.40
0.00
0.00
0.00
0.00
0.00
0.00
0.00
0.00
0.00
2.40
1.80
3.80
1.60
0.00
0.40
2.80
40.20
33.30
2.20
2.40
53.90
0.00
0.00
0.00
0.00
0.00
0.40
0.20
0.00
0.00
0.00
0.00
13.60
5.40
0.00
0.00
0.00
0.00
0.00
0.00
0.00
0.00
0.00
0.00
0.20
23.30
6.50
0.20
35.30
0.20
0.00
0.20
0.00
0.00
0.00
0.00
0.00
0.00
0.00
0.00
0.00
0.00
0.00
0.00
0.00
0.00
0.00
0.00
0.00
3.20
1.20
0.00
0.00
0.00
0.00
0.00
1.00
0.00
0.20
0.40
0.00
0.00
8.30
7.50
0.00
0.00
0.20
0.00
0.00
0.00
0.00
0.00
0.00
0.00
0.00
0.60
0.00
0.00
0.00
0.00
7.00
14.60
27.50
1.00
0.00
0.00
0.00
0.00
0.00
4.40
6.90
26.90
0.20
0.00
0.00
0.00
0.80
0.00
0.00
0.00
1.20
0.00
0.00
4.40
0.00
27.30
9.30
27.80
3.40
0.00
0.00
0.00
7.30
0.00
4.20
1.20
1.60
0.20
0.80
0.60
0.20
0.20
0.00
0.00
4.40
0.00
0.00
0.20
0.40
7.70
0.20
0.20
1.40
4.40
0.40
4.60
0.20
0.00
0.00
0.00
0.00
0.00
0.00
0.00
3.80
0.40
0.20
0.00
0.20
0.20
11.60
62.60
5.20
0.00
0.00
0.00
0.20
0.00
0.00
0.00
0.00
0.00
0.00
2.40
0.00
0.00
0.20
0.00
0.00
0.20
0.00
0.40
0.20
1.00
0.20
0.00
0.20
0.00
0.20
2.80
3.80
0.00
0.00
0.00
0.00
0.00
0.60
30.20
1.20
0.00
2.20
0.20
0.00
7.80
1.00
0.00
5.80
23.80
0.40
0.00
0.20
0.00
0.00
0.00
0.00
0.00
0.00
0.00
0.00
0.00
0.00
3.20
4.20
63.40
0.20
0.20
0.00
0.60
0.00
0.00
0.00
0.00
0.60
0.00
0.00
0.20
0.00
0.00
0.00
0.00
0.40
0.00
0.00
2.40
0.00
0.00
0.00
0.00
0.00
7.70
18.40
0.20
0.60
0.00
0.00
0.00
0.00
0.00
0.00
0.00
0.00
0.00
0.00
4.40
0.40
1.00
0.00
0.00
0.00
0.00
0.00
0.00
0.00
0.00
0.00
0.00
0.00
0.00
0.00
2.20
0.00
0.00
0.00
0.20
0.00
0.00
0.00
0.20
1.80
1.00
0.20
0.00
0.00
2.00
19.00
50.60
5.00
2.20
2.00
6.50
31.30
46.30
13.50
0.20
0.00
0.00
0.00
0.00
0.00
0.40
0.00
0.00
0.20
0.00
0.00
0.00
0.00
0.00
0.20
0.00
0.00
0.00
0.00
0.00
0.00
0.00
0.00
0.00
0.20
0.00
0.00
34.00
0.20
1.20
4.60
0.80
5.80
0.00
0.00
0.00
0.00
0.00
1.40
14.60
2.60
0.00
0.00
0.00
6.40
0.20
0.00
0.00
0.00
0.60
1.60
0.00
0.00
0.00
0.00
0.00
0.20
0.20
0.00
0.00
0.00
0.00
0.00
0.00
0.00
0.60
1.60
8.90
0.00
0.00
0.00
0.00
0.00
0.00
0.20
0.00
4.00
0.20
0.00
4.90
0.20
0.00
0.00
0.00
7.50
16.00
3.40
0.00
0.00
0.00
0.00
0.00
0.00
0.00
0.00
0.00
0.20
0.00
0.00
0.00
0.00
0.00
0.00
0.00
0.00
0.00
3.60
0.00
0.40
0.00
0.00
0.00
0.00
0.00
0.00
0.00
0.00
0.00
0.00
0.00
0.00
0.20
0.00
0.00
0.20
0.00
0.00
0.00
0.00
0.00
1.00
0.00
0.00
0.00
0.00
0.00
0.00
0.00
0.00
0.00
0.00
0.00
0.00
0.00
0.00
0.00
0.00
0.00
0.00
0.00
0.00
3.60
0.00
0.00
0.00
0.00
0.00
0.00
0.00
0.00
0.00
0.00
0.00
0.00
0.00
0.00
0.00
0.00
0.00
0.20
-99.00
-99.00
-99.00
-99.00
-99.00
-99.00
-99.00
-99.00
-99.00
-99.00
-99.00
-99.00
-99.00
-99.00
0.20
0.20
0.00
0.00
0.20
0.80
27.80
0.00
0.00
0.00
0.00
0.00
0.00
0.20
0.00
0.00
0.00
0.20
0.20
0.20
0.00
9.30
0.20
0.00
0.00
0.00
29.10
8.10
1.80
11.30
0.20
0.00
0.00
0.60
0.00
0.00
0.00
0.00
0.00
0.00
0.00
0.20
2.80
0.00
33.30
14.90
48.70
19.20
24.10
0.00
0.20
10.70
0.00
2.00
0.00
16.10
2.80
1.00
0.20
0.00
20.70
0.60
0.20
0.00
0.00
0.00
0.20
0.20
0.00
2.20
0.20
0.00
0.00
0.00
0.00
0.80
3.20
0.00
0.00
0.00
0.00
5.20
0.20
19.80
9.30
0.00
1.80
4.20
0.00
0.00
0.00
8.10
1.80
33.50
17.70
0.80
0.00
5.20
2.80
0.00
0.40
0.00
0.00
0.00
0.00
0.00
0.20
0.00
2.00
0.80
0.20
0.60
1.00
0.00
0.00
0.00
0.00
0.00
2.00
0.20
0.00
0.20
0.00
0.00
0.00
0.00
0.00
0.00
0.20
0.20
0.00
0.00
0.00
0.00
0.00
0.00
0.20
0.00
0.00
0.00
0.00
0.00
0.00
0.00
0.00
1.00
0.00
0.20
3.20
0.20
0.00
0.20
0.60
0.00
0.00
0.20
0.20
0.20
0.00
0.20
0.00
0.00
0.00
0.00
0.00
0.00
0.00
0.20
9.20
1.00
0.00
0.40
44.40
5.60
0.40
0.60
0.20
10.00
29.70
0.20
0.00
0.00
0.40
0.00
0.00
0.00
0.00
4.80
0.20
0.00
0.00
1.40
0.00
0.80
0.80
0.20
0.00
0.00
0.00
0.20
0.00
0.00
0.00
4.40
0.00
0.00
3.00
0.80
8.60
0.20
56.90
18.00
0.60
0.20
3.60
0.00
0.00
0.00
0.00
1.40
19.60
1.80
7.80
0.20
0.80
0.00
13.10
0.80
61.40
1.80
2.00
0.00
0.00
0.00
2.20
0.20
0.00
0.00
0.00
0.00
4.00
26.70
0.20
0.20
0.00
6.80
0.60
3.20
0.00
4.00
0.40
0.00
4.20
18.90
1.60
3.20
0.20
0.00
0.00
0.00
0.00
0.00
0.00
0.00
0.00
0.20
0.20
0.00
0.00
0.00
0.00
0.00
0.80
0.00
0.20
0.00
0.00
0.00
0.00
0.00
0.00
0.00
0.00
0.00
0.00
1.00
13.60
2.80
4.80
0.00
0.00
0.00
8.20
0.20
0.00
0.00
0.00
0.00
0.00
0.00
0.00
0.00
0.00
0.00
0.00
0.00
0.00
0.00
1.00
0.40
0.00
0.00
0.00
0.00
18.00
4.70
0.20
0.00
0.00
0.00
0.00
0.00
0.00
0.00
0.00
0.00
0.00
0.00
0.00
0.00
0.00
0.00
0.00
0.00
0.00
0.00
0.00
0.00
1.20
7.10
0.00
0.20
0.00
0.00
0.00
0.00
0.00
0.00
0.00
0.00
0.20
0.00
0.00
0.00
0.00
0.00
0.00
0.00
0.20
0.00
0.00
0.00
0.00
12.60
0.20
3.60
0.00
3.60
18.30
0.00
0.00
0.00
4.00
0.00
0.20
0.00
4.40
0.00
0.00
14.30
10.00
0.00
0.00
0.20
0.00
0.20
0.00
0.00
0.00
0.20
0.00
0.00
0.00
0.00
0.20
0.20
0.20
0.40
0.40
0.00
0.00
0.00
0.00
0.20
0.20
0.00
0.00
1.60
0.00
0.00
0.00
0.00
0.00
0.20
0.20
0.00
0.20
0.00
0.00
0.00
4.00
11.80
3.60
0.60
0.20
5.20
4.80
8.90
0.20
0.00
0.00
2.00
0.00
0.00
0.00
0.00
0.20
0.00
0.00
0.00
0.00
0.00
0.00
0.00
0.00
0.00
0.00
0.20
0.20
0.20
0.40
0.00
0.00
0.00
0.00
4.00
0.20
13.30
0.00
0.00
0.40
0.20
0.00
0.20
0.20
0.20
0.00
0.00
0.00
0.00
0.00
0.00
0.20
0.00
0.00
0.00
0.00
0.00
0.00
0.00
0.00
7.00
0.40
0.00
0.00
0.00
0.00
0.00
0.00
0.00
0.00
0.00
0.00
0.00
0.00
0.00
0.00
0.00
0.20
0.00
0.00
0.00
0.00
0.00
0.00
0.20
0.00
0.00
0.00
0.00
0.00
0.00
0.00
0.00
0.00
0.00
0.00
0.00
0.00
0.00
0.00
0.00
0.00
0.00
12.30
21.20
38.00
0.80
0.00
0.00
0.00
0.40
0.00
0.00
0.00
0.00
0.00
0.00
0.00
4.80
0.00
0.00
0.40
0.00
0.00
0.00
1.20
2.20
0.00
0.20
0.00
2.20
0.60
0.00
0.00
0.00
0.00
2.60
0.20
0.00
0.00
0.00
0.20
0.20
0.00
0.00
0.00
0.40
0.40
0.20
2.60
0.20
0.00
0.00
0.00
7.10
0.80
0.00
0.00
0.00
0.00
0.00
0.00
0.00
0.00
6.80
1.60
0.00
0.00
0.00
0.00
0.00
14.50
0.20
0.00
0.80
0.20
0.00
0.00
0.00
0.00
0.80
0.00
0.00
0.00
0.00
0.00
0.00
0.00
2.60
1.20
0.00
2.20
0.00
0.00
0.00
0.20
0.80
0.00
0.00
0.40
0.40
0.20
12.30
42.30
0.20
0.00
0.00
0.00
3.40
0.20
0.00
0.00
0.00
0.00
0.00
0.00
0.00
0.00
0.00
0.00
0.00
0.00
0.00
0.00
0.00
0.00
0.00
0.00
0.80
0.00
1.00
6.40
0.00
0.00
0.00
0.00
0.00
0.00
0.00
0.00
0.00
0.00
0.00
0.00
0.00
0.00
0.00
0.00
0.00
0.00
0.00
0.00
0.00
0.00
0.00
1.20
6.50
0.60
0.00
0.00
0.00
0.00
0.00
0.00
0.00
0.00
0.00
0.00
0.00
0.00
0.00
0.00
0.00
0.20
0.00
0.20
0.00
0.20
0.00
10.30
24.20
0.00
0.00
0.00
0.00
0.00
0.00
0.60
0.40
4.40
0.00
0.00
0.00
0.00
0.00
0.00
1.20
0.20
12.20
0.00
0.00
0.00
0.00
0.00
0.20
1.00
0.20
0.00
0.00
0.00
0.00
0.20
0.00
0.00
0.00
19.90
29.00
15.30
0.20
0.00
0.20
0.00
0.80
0.00
0.00
0.20
12.90
1.80
0.20
0.00
0.00
0.00
0.20
0.00
32.80
1.60
0.00
0.20
2.20
0.00
0.00
1.80
0.00
0.00
0.40
0.00
0.00
0.20
0.20
0.60
2.60
43.90
32.40
36.10
10.50
0.00
0.40
7.00
0.00
0.20
0.00
0.00
0.00
0.00
0.00
0.20
0.00
0.00
0.20
0.20
0.20
0.00
0.00
0.00
0.20
0.20
0.00
0.00
0.00
15.60
4.00
0.20
4.90
10.00
21.40
0.40
2.80
0.00
0.00
0.00
0.00
0.00
0.20
0.00
0.00
0.00
0.00
0.00
0.00
0.00
0.00
0.00
10.00
0.00
0.00
0.00
0.00
0.00
0.00
0.00
0.00
0.00
0.00
0.00
0.00
0.00
0.00
0.00
0.00
0.00
0.00
0.00
0.00
0.00
0.20
0.00
0.20
0.20
0.00
0.00
0.00
0.00
0.00
0.00
0.00
0.00
6.80
1.20
34.00
8.60
11.30
4.80
0.00
0.00
0.00
2.80
2.20
0.20
0.20
0.00
0.00
0.00
0.00
0.00
0.00
0.00
0.00
1.20
0.60
32.70
48.80
27.00
0.80
0.00
0.00
0.00
0.00
0.00
0.20
0.00
0.00
0.00
0.60
0.00
0.00
0.00
0.20
0.00
0.00
0.00
0.00
0.20
0.00
1.40
0.20
0.00
0.00
0.20
9.40
0.00
0.20
0.00
-99.00
-99.00
-99.00
1.20
0.00
0.00
0.00
0.00
0.20
0.00
0.00
0.00
0.00
0.20
0.00
0.00
4.80
2.40
0.80
0.80
0.00
0.00
0.00
0.00
0.00
0.00
0.00
0.00
0.00
0.00
0.00
0.00
0.00
0.00
0.00
0.00
0.00
-99.00
-99.00
-99.00
-99.00
-99.00
0.00
0.00
0.00
0.20
1.80
0.00
0.00
0.00
0.00
0.20
0.00
0.00
0.00
0.00
1.00
2.40
0.00
0.00
0.00
0.20
0.00
0.60
0.00
0.00
0.00
0.00
0.00
0.00
0.00
0.40
0.20
0.00
0.00
0.00
0.00
0.00
0.00
0.00
0.00
0.00
2.00
0.00
0.20
0.00
0.00
0.00
0.00
0.20
8.20
0.00
0.00
0.80
0.00
0.00
0.00
0.00
0.00
0.00
0.00
0.00
0.00
0.00
0.00
0.60
0.20
0.00
0.00
0.00
0.00
0.00
0.00
0.00
0.00
0.00
0.00
0.00
0.00
0.00
0.00
0.00
0.00
0.00
0.00
0.20
0.20
-99.00
-99.00
-99.00
-99.00
-99.00
-99.00
-99.00
-99.00
-99.00
-99.00
-99.00
-99.00
-99.00
-99.00
-99.00
-99.00
-99.00
-99.00
-99.00
-99.00
-99.00
-99.00
-99.00
0.00
0.00
-99.00
0.00
0.00
0.00
0.00
0.00
0.00
0.00
0.00
0.00
0.00
0.00
0.00
0.00
0.00
0.20
0.20
0.20
0.00
0.00
0.00
0.00
1.60
1.40
1.80
0.20
0.20
0.00
0.00
0.20
0.00
0.00
0.00
0.20
0.00
0.00
0.00
0.00
0.00
0.00
0.20
0.00
3.40
141.60
8.40
5.20
0.20
0.00
0.40
0.20
0.20
0.20
0.40
6.80
1.20
0.00
0.00
0.00
0.00
0.00
0.20
0.20
0.00
0.00
7.30
0.00
0.20
0.00
0.20
0.40
0.00
9.90
11.40
0.00
0.00
0.00
0.20
0.20
8.10
6.50
0.00
0.00
0.00
0.20
0.00
0.00
0.20
0.00
0.20
0.00
0.00
0.00
1.00
0.80
0.00
0.00
0.00
0.00
0.00
0.20
0.40
0.00
0.20
0.00
0.20
0.00
0.00
0.20
0.80
0.00
0.00
0.00
0.20
0.00
0.00
0.00
0.00
0.00
0.00
0.00
0.20
0.20
0.00
0.40
0.20
0.00
0.20
9.00
0.20
1.40
0.00
0.00
0.00
0.00
0.00
0.00
4.60
0.20
0.20
0.00
1.80
0.00
0.00
7.40
0.20
0.00
0.00
0.00
0.20
0.00
0.00
0.00
0.00
0.00
0.00
0.00
0.00
0.00
0.00
0.00
0.00
0.00
0.00
0.20
0.00
0.00
0.00
0.00
0.00
0.20
0.00
0.00
0.00
0.00
3.00
0.00
0.00
0.00
0.00
0.00
0.00
0.00
0.00
4.40
1.00
0.20
0.00
0.20
0.80
0.20
0.00
12.90
0.00
0.00
0.00
0.60
0.00
0.00
0.00
0.00
17.00
2.20
0.40
0.00
12.30
0.20
0.00
0.20
4.70
0.20
0.00
0.00
0.00
0.00
0.00
0.00
0.00
0.00
13.70
0.00
0.00
0.00
0.00
0.00
0.00
0.00
0.00
0.00
0.00
0.00
1.00
0.00
0.00
0.00
0.00
1.40
0.00
0.20
2.00
3.80
2.80
0.00
7.70
1.20
68.00
66.30
2.40
2.80
0.20
0.00
0.00
2.40
5.20
1.20
7.20
10.60
5.00
0.00
0.00
0.00
0.00
0.00
0.00
0.00
0.00
0.00
0.00
0.00
0.00
0.00
0.80
0.20
0.00
29.80
0.00
3.20
0.60
0.20
0.00
0.00
0.00
0.00
0.20
0.00
0.00
0.00
10.10
0.00
0.40
0.00
0.00
0.40
0.00
1.00
0.00
0.40
0.00
0.00
5.10
1.00
0.00
0.00
0.00
0.00
0.80
0.00
0.00
0.00
0.00
0.00
0.00
0.00
0.00
0.00
0.00
0.00
0.00
0.00
0.00
0.00
0.00
0.20
0.00
0.00
0.00
0.00
0.00
0.00
0.00
0.00
0.00
0.00
0.00
0.00
0.00
0.20
0.00
0.20
0.00
0.00
0.00
0.00
0.00
0.00
0.20
0.00
0.00
0.00
0.00
0.00
0.00
0.00
0.00
0.00
0.00
0.00
0.00
0.00
0.00
0.00
0.00
0.00
0.00
0.00
0.00
0.00
0.00
0.00
0.00
0.00
21.50
4.00
26.10
0.00
0.00
0.20
17.30
1.80
0.00
0.00
0.80
0.00
0.60
17.30
0.20
4.00
13.50
0.00
0.20
0.00
0.00
0.00
0.00
0.00
0.00
0.00
0.00
0.00
0.00
0.00
0.00
0.00
0.00
0.20
0.00
0.00
0.00
0.00
0.20
0.20
0.00
0.00
0.00
2.20
0.00
0.00
0.00
19.50
0.00
0.00
0.00
0.80
0.00
0.00
2.60
0.00
0.20
0.40
0.20
9.30
0.00
0.20
0.00
23.50
12.80
22.50
0.20
0.00
0.00
0.00
0.20
4.30
15.40
0.00
0.20
0.00
0.00
0.00
0.00
0.00
0.00
8.00
5.20
0.00
0.00
1.20
0.40
0.00
0.00
0.00
0.20
0.00
0.00
0.00
0.00
0.00
0.00
0.00
0.00
0.00
0.00
0.00
0.00
0.00
0.00
0.00
0.60
0.20
0.00
0.00
0.00
0.00
0.00
0.00
0.00
0.00
0.00
0.00
0.00
0.00
0.00
0.00
0.00
0.00
0.00
0.00
0.00
0.00
0.00
0.00
0.00
3.00
0.00
2.00
4.80
0.20
1.80
5.20
6.00
0.20
0.00
0.00
0.00
0.00
0.00
0.00
0.00
0.00
0.00
2.20
20.40
0.20
0.00
0.00
0.00
0.00
0.00
0.20
0.60
1.60
0.00
0.00
0.00
0.00
0.00
0.00
0.00
0.40
0.20
0.00
0.00
0.20
0.20
0.00
0.00
0.00
0.00
0.00
0.20
0.00
0.00
25.90
7.10
0.00
0.00
0.00
0.00
0.20
0.20
0.00
0.00
0.20
4.60
0.00
0.20
0.80
5.40
2.60
6.00
0.20
0.00
0.00
0.20
0.80
0.00
0.20
0.00
0.00
0.00
0.00
0.00
0.00
0.00
0.00
0.00
0.00
13.40
0.00
0.00
0.00
0.00
0.20
0.00
0.00
0.00
0.00
4.60
0.00
0.00
9.40
3.60
0.00
0.00
1.00
0.00
0.00
0.00
20.30
4.80
0.00
0.00
0.00
0.00
0.00
0.00
0.00
0.20
0.80
0.40
5.20
0.40
0.20
5.80
0.00
0.00
19.60
2.40
0.00
1.40
0.00
0.00
1.60
0.00
0.00
0.00
0.00
1.40
0.00
0.00
0.00
0.00
0.00
0.00
0.00
0.00
0.00
0.00
38.10
58.10
6.80
2.40
0.00
0.20
0.60
0.40
2.20
0.20
0.60
0.20
0.20
10.50
0.00
3.40
19.60
5.60
14.50
0.00
0.00
0.00
0.00
13.90
4.60
9.00
0.20
35.90
3.60
11.80
4.10
0.00
3.20
0.20
0.00
8.70
0.20
0.00
0.00
17.20
0.00
0.00
0.00
0.00
0.00
0.00
0.00
0.00
0.00
10.30
0.00
0.00
0.00
0.00
0.00
0.00
0.00
0.00
6.90
0.00
0.00
0.20
0.00
0.00
14.40
0.00
0.40
0.00
0.00
0.00
0.00
0.00
0.00
0.00
0.20
0.00
0.00
0.00
0.00
0.00
0.00
0.00
0.00
0.00
0.00
0.00
0.00
0.00
0.00
0.00
0.20
0.00
0.00
0.00
0.20
0.00
0.00
0.20
0.00
0.00
0.00
0.00
0.00
0.00
0.00
6.10
0.20
0.00
0.00
0.00
0.00
0.00
0.00
0.00
0.00
0.40
0.00
0.00
0.00
0.00
0.20
0.00
0.00
0.00
0.00
17.50
1.20
4.20
0.20
0.00
0.00
0.00
0.00
4.60
0.20
0.00
2.20
3.00
0.00
5.60
0.40
0.00
0.00
0.00
0.00
0.00
0.00
11.10
0.00
0.00
0.00
1.00
24.40
0.00
0.00
0.00
0.40
1.20
0.00
0.00
3.60
0.40
12.30
0.40
0.00
0.20
2.40
1.40
0.20
0.00
0.00
0.00
25.90
16.30
0.00
12.00
17.90
46.90
0.20
0.00
0.00
0.00
0.00
0.00
0.00
0.00
0.00
11.10
0.00
0.00
0.00
0.00
0.00
0.00
0.00
0.00
0.00
0.00
0.00
0.00
0.20
0.00
1.60
1.40
3.80
0.00
0.00
0.80
0.00
0.00
0.00
0.00
0.00
0.00
5.20
15.90
0.00
0.00
7.60
0.60
1.80
7.40
0.20
0.00
0.00
0.00
0.00
0.00
0.20
0.20
0.00
52.60
64.70
14.20
4.00
2.00
0.20
0.00
0.00
0.20
0.00
0.00
4.40
2.80
0.00
3.80
18.10
0.00
0.00
0.00
0.00
0.00
0.00
0.20
0.00
1.00
0.40
0.60
0.80
0.00
0.20
0.00
0.80
0.00
0.00
0.00
0.20
55.80
12.40
9.60
14.80
0.00
0.20
1.20
0.00
0.00
0.00
0.00
0.20
0.00
0.00
0.00
0.00
0.00
0.00
0.00
0.00
0.00
0.00
0.00
0.00
0.20
0.00
0.00
0.00
0.20
2.20
0.00
0.20
2.00
0.00
0.00
0.00
0.00
0.40
1.20
0.00
0.20
0.00
0.00
0.00
0.00
0.00
0.00
0.00
0.00
0.00
0.00
0.00
0.00
0.00
0.00
0.00
15.60
9.20
0.00
30.50
8.00
6.80
0.20
0.00
0.00
0.00
12.40
0.00
0.00
5.80
15.80
4.00
0.00
0.00
1.20
0.20
10.10
0.20
4.40
3.40
3.00
0.00
0.00
0.00
0.00
19.80
0.00
0.00
0.20
7.40
6.20
0.00
0.00
0.00
0.00
0.00
0.00
0.00
0.00
0.20
0.00
0.00
0.00
5.60
0.00
0.00
0.00
0.00
0.00
0.00
0.00
0.00
0.00
0.00
0.00
0.00
0.00
0.00
0.00
0.00
13.80
0.20
0.00
0.00
0.00
1.00
0.20
0.00
0.20
0.00
0.00
0.40
0.00
0.00
0.00
0.00
0.00
0.00
0.00
3.20
10.80
0.00
0.00
0.00
0.20
0.20
0.00
0.00
0.00
0.00
3.60
0.00
0.00
0.00
0.00
1.80
0.80
0.00
0.40
5.90
0.00
0.00
0.00
0.20
0.00
0.00
0.00
0.00
0.00
0.00
0.00
0.00
2.80
0.00
0.00
0.00
0.00
0.00
0.00
0.00
0.00
0.20
0.00
1.60
0.00
0.00
0.20
0.00
0.00
0.00
0.80
0.00
0.20
0.00
0.00
0.00
0.00
0.00
0.00
0.00
0.00
0.00
0.00
0.20
0.00
0.00
0.00
0.40
0.00
0.00
0.00
0.00
0.00
0.40
0.20
0.20
1.60
0.00
0.00
0.00
0.00
0.00
0.00
0.00
0.00
7.90
5.80
1.80
0.00
4.70
0.20
0.40
13.30
1.00
0.00
0.00
0.00
0.00
0.00
0.00
0.00
0.00
0.00
9.10
0.00
0.00
0.00
0.20
0.00
0.00
0.00
0.80
2.40
0.20
0.20
0.00
0.00
0.00
0.60
0.00
0.00
0.00
16.10
18.80
24.80
0.10
0.00
0.00
0.00
0.00
0.00
0.00
0.00
0.00
0.00
0.00
0.00
0.10
0.00
0.00
0.00
0.00
0.00
0.00
0.00
0.00
0.00
0.00
0.00
0.00
0.00
0.00
0.00
0.00
0.10
0.00
0.00
0.00
0.00
1.00
0.20
0.00
9.70
0.30
0.00
0.00
0.00
0.00
0.10
0.00
0.00
0.00
0.10
0.00
0.00
0.00
0.00
0.00
0.20
0.00
0.00
0.00
0.00
0.00
9.40
12.70
7.10
9.00
1.80
3.60
0.10
0.00
0.40
0.00
0.20
0.00
0.00
0.00
5.70
2.90
0.00
7.90
13.60
4.60
0.00
0.00
4.50
0.50
7.10
0.00
1.30
0.30
3.00
2.50
0.40
0.20
0.00
0.10
0.20
1.00
0.00
0.00
0.00
0.00
0.00
1.30
1.90
0.00
0.00
10.60
0.10
0.00
0.00
50.50
11.60
0.10
0.00
0.00
0.00
0.10
11.40
4.60
0.70
11.80
24.50
0.10
2.60
0.00
0.00
0.00
0.00
0.00
0.10
0.00
0.00
2.40
15.20
0.30
10.80
0.00
3.30
-99.00
0.00
0.00
0.00
0.00
0.00
0.00
0.00
0.00
0.00
0.00
0.00
0.00
6.60
4.30
0.00
0.10
0.70
0.10
0.00
0.00
0.00
2.50
0.00
2.80
0.10
0.00
16.30
0.10
0.00
0.30
0.00
0.00
0.00
0.00
8.70
0.10
0.00
0.00
0.00
0.00
0.90
0.20
0.00
0.00
0.00
0.80
0.00
0.00
3.00
0.00
0.00
0.00
0.20
3.40
20.80
50.30
25.60
1.90
0.20
1.30
5.80
1.90
0.10
0.00
19.10
17.10
7.40
0.90
0.00
0.00
0.00
0.00
0.00
0.00
0.00
0.00
0.00
0.00
0.00
0.10
13.60
0.00
0.00
0.00
0.00
0.00
0.00
0.00
0.00
1.60
0.00
0.00
2.20
1.60
6.60
0.00
0.00
2.00
1.20
0.00
0.00
3.00
0.10
0.20
0.00
0.00
0.00
0.00
0.00
0.00
0.00
0.00
0.00
0.00
0.00
0.00
0.00
2.20
0.00
0.00
0.00
0.00
0.00
0.00
0.00
0.00
0.00
-99.00
0.00
0.00
0.00
0.00
0.00
0.00
0.00
0.00
0.00
0.00
0.00
0.00
0.00
0.60
21.00
0.80
0.00
0.00
11.30
0.10
0.00
14.10
3.40
0.00
0.00
0.00
0.00
0.00
1.50
0.00
11.30
0.00
0.00
0.00
0.00
9.10
0.00
0.00
0.00
0.00
0.10
0.00
0.00
0.00
0.00
1.60
0.00
0.00
0.00
0.00
0.00
0.00
0.00
0.30
12.60
0.00
1.00
0.00
0.10
0.00
0.00
0.00
0.00
22.00
43.50
4.00
0.00
1.40
4.70
0.10
0.00
0.60
0.00
0.60
0.00
0.00
0.00
0.00
0.00
0.10
0.20
0.60
6.70
0.00
0.00
0.10
4.30
40.80
43.10
46.30
18.50
0.10
0.10
0.10
0.00
0.00
0.00
0.00
0.00
0.00
0.00
0.10
0.00
0.00
0.00
0.00
0.00
0.00
6.70
0.00
0.00
0.00
0.00
0.00
0.10
0.00
0.10
0.00
1.70
0.00
0.00
0.00
0.00
0.10
0.00
1.50
0.00
0.00
2.30
0.00
0.00
0.00
0.00
0.00
0.00
2.10
0.00
1.20
7.30
0.10
0.00
0.00
0.00
0.00
0.00
0.00
1.00
1.10
0.20
0.00
0.00
0.00
0.00
0.00
0.00
0.00
0.90
0.20
0.20
7.90
22.80
12.90
0.00
0.10
0.00
0.00
0.00
0.00
4.10
4.00
0.70
1.80
0.00
0.00
0.00
0.00
0.00
0.00
0.00
1.00
0.00
0.00
0.00
0.00
0.00
0.00
0.20
0.10
0.00
0.00
0.00
0.00
0.00
0.00
0.00
0.00
0.90
23.80
9.90
0.00
1.80
0.00
0.00
0.00
0.00
0.00
0.00
0.00
0.20
0.10
0.00
0.00
0.00
0.10
0.10
0.50
0.00
20.10
0.10
0.80
0.40
0.10
0.00
0.00
0.00
0.00
0.00
0.00
0.00
0.00
20.60
10.90
0.70
0.00
0.00
0.00
0.00
0.00
0.10
0.00
117.00
0.10
20.10
49.40
5.40
0.10
0.00
0.00
0.00
0.00
0.30
0.00
0.00
0.00
0.00
5.10
2.40
2.10
0.00
0.00
0.00
0.00
0.00
0.00
0.00
0.00
0.00
0.00
0.00
0.00
0.00
0.00
0.00
0.00
0.00
0.00
0.00
0.00
0.00
0.00
0.00
1.50
2.70
13.40
0.00
0.00
0.00
8.70
0.00
0.00
0.00
2.80
0.60
0.00
0.00
0.00
18.40
2.70
0.10
0.00
0.00
0.00
0.00
8.40
1.80
0.00
0.00
0.00
0.00
0.00
0.00
0.00
0.00
0.00
0.00
0.00
0.00
0.00
0.00
0.20
32.00
13.60
3.40
0.50
6.40
7.70
0.00
2.20
9.80
0.00
26.20
0.00
0.00
0.20
0.00
0.00
0.00
0.00
0.00
0.00
0.00
0.00
0.00
0.00
0.00
0.00
0.00
0.00
0.00
0.00
0.00
0.00
0.00
0.00
8.20
0.00
0.00
0.00
0.00
0.00
0.00
0.00
0.80
2.70
6.80
0.30
0.00
25.30
0.20
3.70
0.00
0.00
1.40
0.00
0.10
0.00
18.50
3.30
0.00
0.00
24.40
0.10
0.00
0.00
0.00
0.00
0.00
0.20
0.00
0.00
0.00
0.00
0.00
0.00
0.20
0.00
0.00
0.00
0.00
0.00
0.00
0.00
0.00
0.00
0.00
0.00
0.00
0.50
0.00
0.00
0.00
0.00
0.00
0.10
0.00
0.50
0.00
0.00
0.00
0.10
0.20
0.00
0.00
0.00
0.00
0.00
0.00
0.00
0.10
0.00
0.00
0.00
0.00
0.00
0.00
0.00
14.70
0.30
0.00
0.00
0.00
0.00
0.00
0.00
0.00
0.00
0.00
0.00
0.10
0.10
0.00
0.00
0.00
0.00
0.00
0.00
0.00
0.00
0.00
0.00
0.00
3.40
0.20
0.00
0.00
1.10
61.00
0.20
0.00
29.10
46.90
0.00
0.00
0.10
0.00
1.70
0.60
53.00
11.50
33.50
2.90
0.00
0.10
0.10
0.10
0.00
25.30
0.90
71.60
6.60
0.00
0.00
10.10
1.70
58.50
9.60
0.00
0.00
0.10
0.00
0.00
0.10
0.00
0.00
0.00
0.00
0.00
0.00
0.40
0.00
0.10
0.10
0.00
0.10
0.10
0.00
0.00
0.00
0.00
0.00
0.00
0.00
0.00
0.00
0.00
0.00
0.00
0.00
0.00
0.00
0.00
0.00
0.00
0.00
0.00
0.00
0.00
0.10
0.00
0.00
0.00
0.00
0.00
0.00
0.00
0.00
0.20
0.00
0.00
0.20
0.50
0.30
0.00
0.00
0.00
0.00
0.00
0.00
0.00
0.00
0.00
0.00
1.20
0.10
0.00
0.00
6.90
5.10
1.00
0.00
0.00
0.00
0.00
0.00
0.00
0.00
0.00
0.10
0.00
0.00
0.00
0.00
0.00
0.00
2.30
0.10
0.00
0.00
0.00
0.00
0.00
0.00
0.00
0.10
0.10
0.00
0.00
0.80
0.00
0.00
0.00
0.00
0.00
0.00
0.00
0.00
0.00
0.00
0.00
0.00
0.00
0.00
0.00
0.00
0.70
9.10
15.50
0.00
0.20
0.00
0.00
0.00
0.00
0.00
0.00
0.00
0.00
0.00
9.20
26.90
6.00
0.20
0.00
0.00
0.00
1.90
0.00
1.00
1.70
2.50
0.30
0.00
0.00
1.10
0.00
0.00
1.10
0.00
0.10
0.00
0.00
0.00
0.00
9.30
0.00
8.60
0.00
0.10
0.00
0.00
0.00
2.30
0.00
0.00
0.00
0.00
0.00
2.60
8.20
0.00
0.00
0.00
0.00
0.00
0.00
43.00
1.10
0.00
0.00
0.00
0.00
0.00
0.00
3.40
0.00
0.00
0.00
0.00
0.00
3.10
0.00
0.00
0.00
0.00
0.00
0.00
2.60
0.10
1.60
0.00
0.00
0.00
0.00
0.00
0.00
0.00
0.00
0.00
0.00
0.00
0.00
0.00
0.00
0.00
0.00
0.00
0.00
16.40
0.00
0.00
2.30
0.00
0.00
0.00
0.00
0.00
0.00
0.00
0.00
0.00
0.00
0.00
0.00
0.00
0.00
0.00
0.00
0.00
0.00
0.00
0.00
0.00
0.00
0.00
0.00
0.00
0.00
0.00
0.10
0.00
0.00
0.00
0.00
0.10
0.00
0.00
0.00
0.00
0.00
0.00
0.00
0.00
0.00
0.00
0.00
0.00
0.00
0.00
0.00
0.00
0.00
0.00
0.00
0.00
0.00
0.00
0.00
13.80
0.10
0.00
0.00
0.00
0.00
0.00
0.00
0.00
0.00
0.00
0.00
0.10
0.60
0.00
0.00
0.00
0.20
0.00
0.90
4.30
0.00
0.00
0.00
0.00
0.00
0.00
0.00
0.00
0.60
53.10
0.10
0.00
0.00
0.00
0.20
0.10
0.20
0.00
0.00
0.00
3.50
3.60
6.50
0.00
2.50
0.00
0.00
0.00
1.00
7.80
6.30
19.10
6.70
0.00
0.00
15.50
2.40
7.50
0.00
0.00
10.20
54.90
0.00
0.00
0.00
0.50
0.00
0.00
0.00
0.00
0.50
0.20
0.00
0.00
0.00
0.00
0.00
2.10
1.40
1.10
0.10
0.10
0.00
0.00
0.00
0.00
0.10
2.20
23.80
0.30
0.00
0.00
0.00
0.00
0.00
0.00
0.00
0.00
0.00
0.00
0.00
0.00
0.00
0.00
0.80
0.00
0.00
0.00
0.00
0.10
0.00
0.00
0.00
0.00
0.00
0.00
0.10
0.10
0.00
0.00
0.00
0.00
0.00
1.80
0.00
0.10
0.00
0.00
0.00
0.00
0.00
0.00
0.00
0.00
0.20
3.00
0.10
0.00
0.00
0.00
0.00
10.30
0.10
1.40
7.80
0.20
0.00
0.00
0.00
0.40
2.80
0.00
0.00
0.00
0.00
0.10
0.00
0.00
0.00
0.00
0.00
0.10
0.00
0.00
0.00
0.00
0.00
0.00
0.00
0.40
0.00
0.00
0.00
0.10
0.00
3.80
4.70
0.50
1.10
0.00
1.70
19.00
20.90
0.00
0.00
8.80
75.00
33.10
0.00
0.00
0.00
0.00
0.00
0.00
4.00
0.10
0.00
1.80
1.50
0.50
1.00
4.00
0.10
0.00
0.00
1.50
1.90
0.10
0.90
0.20
0.50
0.00
0.00
10.40
0.70
0.00
8.40
13.40
4.00
0.00
0.00
0.00
0.00
0.00
0.00
0.00
0.00
0.00
0.00
0.00
0.00
0.50
0.00
0.00
0.00
0.00
0.00
22.70
0.90
24.30
2.00
12.30
4.00
0.10
0.00
0.00
5.40
0.40
0.00
0.00
0.00
0.00
0.10
0.00
0.00
0.00
1.00
17.80
5.90
0.60
10.30
14.50
0.30
0.00
0.00
0.00
0.30
0.00
0.00
0.00
1.40
3.10
0.10
0.00
0.00
0.00
0.00
0.00
0.00
0.00
0.00
21.70
0.10
0.00
0.00
0.00
0.00
0.00
0.00
0.00
0.00
0.70
0.10
0.00
0.00
0.00
0.30
0.00
0.00
0.00
0.20
0.00
0.00
0.00
0.00
0.00
0.00
0.00
0.10
0.00
0.00
0.00
0.00
0.00
5.60
0.00
0.00
0.00
0.00
0.00
5.20
2.70
0.00
0.10
0.00
0.00
0.00
0.00
0.00
0.00
0.00
0.10
3.90
0.00
0.00
0.00
0.00
0.00
0.00
0.00
0.00
0.10
4.60
0.00
0.00
0.00
0.00
0.40
0.00
0.00
0.50
0.00
0.00
0.00
0.00
0.00
0.00
0.00
0.00
0.50
0.20
2.20
0.00
0.00
0.00
0.00
0.00
0.00
0.00
0.00
0.00
0.00
24.30
2.00
0.10
26.40
1.10
0.20
0.00
0.00
0.00
0.00
0.00
0.00
0.00
0.00
0.00
0.00
0.00
0.10
0.00
0.10
0.00
0.00
0.00
0.00
0.00
0.00
2.60
21.90
32.60
13.00
0.00
0.00
0.00
1.10
3.70
0.00
0.00
0.00
0.00
0.00
0.00
0.10
0.00
0.10
0.30
0.60
2.00
0.00
0.00
0.20
0.00
0.00
2.60
0.00
0.00
0.00
0.00
0.00
0.00
0.00
0.00
0.00
0.00
0.00
0.00
0.00
0.20
0.00
0.00
0.00
23.50
51.30
47.60
0.20
0.00
0.00
0.00
0.00
0.00
0.00
0.00
0.00
0.00
0.00
0.90
0.00
0.00
0.00
0.00
0.00
0.00
0.00
0.00
0.10
0.10
0.00
0.00
0.10
0.00
0.00
0.00
0.20
0.00
10.40
3.20
0.00
0.00
0.00
0.50
1.30
0.00
0.00
0.00
0.00
0.00
0.00
0.00
0.00
0.00
1.60
0.00
0.00
0.00
0.00
0.00
0.00
0.40
0.90
0.80
0.00
0.00
0.10
0.00
3.10
15.00
0.10
0.10
3.80
0.10
0.00
0.00
0.00
0.00
0.00
1.30
6.00
0.00
6.60
2.90
0.00
0.00
1.10
0.00
0.00
0.00
9.70
3.90
0.00
0.00
0.00
0.00
0.00
8.00
0.10
0.00
0.00
0.00
1.20
0.00
0.00
0.20
0.10
0.00
0.00
0.00
0.00
0.00
4.00
0.00
0.00
0.00
0.00
0.00
0.00
0.00
0.00
0.00
0.00
0.00
0.00
0.00
0.00
0.00
0.00
0.00
0.00
7.20
1.90
0.90
1.60
0.20
0.00
0.00
0.00
19.10
0.10
0.10
0.40
12.10
0.00
0.00
0.00
0.00
0.00
0.00
0.00
1.90
0.00
0.10
0.00
0.00
0.00
0.00
0.00
0.00
3.60
13.70
5.90
0.10
0.00
13.70
4.40
1.70
0.00
0.00
0.00
0.00
1.30
0.10
0.00
0.00
0.00
0.00
0.00
0.00
0.00
0.30
1.30
3.00
0.00
0.00
0.00
0.00
0.00
0.00
6.30
1.30
0.00
0.00
0.00
0.00
22.50
0.00
17.20
0.10
4.40
1.20
0.00
0.00
0.00
0.00
0.00
0.00
0.00
0.00
0.00
0.00
0.00
0.00
0.00
2.70
8.20
0.00
5.80
2.40
0.00
0.00
0.00
0.00
0.00
0.00
0.30
0.50
0.00
0.00
2.50
0.00
0.00
0.00
0.00
1.40
0.00
0.00
20.00
0.00
1.90
0.10
0.00
0.00
0.00
0.00
0.00
0.00
0.00
0.00
0.00
0.00
0.00
0.00
0.00
0.00
2.50
0.00
0.00
17.00
1.90
0.00
0.00
0.10
0.00
0.00
0.00
0.00
0.10
0.00
0.00
0.00
0.00
0.00
0.00
0.00
0.00
0.00
0.00
0.00
0.00
0.00
0.00
0.00
62.20
8.40
0.00
0.20
0.10
0.00
0.00
1.10
0.00
0.10
0.20
0.00
0.00
0.00
31.10
0.40
0.00
0.00
0.20
0.00
5.00
0.00
0.00
4.80
0.10
8.30
8.10
0.20
0.00
0.00
0.00
6.20
1.00
0.40
0.00
0.00
0.00
40.30
4.20
0.50
0.10
0.00
0.00
0.00
5.70
0.00
0.00
0.00
0.00
0.40
0.10
0.50
0.00
0.00
0.00
0.00
0.00
0.00
0.00
0.00
0.00
0.00
0.00
0.00
0.00
0.00
0.00
0.00
0.00
0.10
0.00
0.00
0.20
7.90
12.80
3.10
0.00
0.00
0.00
0.10
0.20
8.00
0.00
0.00
0.30
0.10
0.00
0.00
0.00
0.00
0.00
0.00
0.00
0.00
2.50
0.00
4.70
5.40
1.50
43.70
50.10
0.10
0.00
1.80
4.00
0.10
0.70
0.70
0.00
0.00
0.00
0.00
0.00
0.20
1.70
18.00
0.30
0.40
0.00
0.00
0.00
0.00
0.10
0.00
0.10
0.00
0.00
0.00
0.00
0.00
0.00
0.00
0.00
0.00
0.00
0.00
0.00
0.20
0.10
0.10
0.00
0.00
0.00
0.00
0.00
0.00
0.00
0.70
0.00
1.90
13.90
0.00
0.10
0.00
0.00
0.00
0.00
0.00
0.00
0.00
0.00
0.00
0.00
0.00
0.00
7.40
2.70
2.60
0.00
0.00
0.00
0.00
0.00
0.00
0.00
0.00
0.00
0.00
0.00
0.00
0.00
0.00
0.20
5.10
0.00
8.00
0.20
0.00
0.50
0.00
0.00
0.00
0.00
0.00
27.30
0.00
0.00
0.00
0.00
0.00
0.00
0.00
0.00
2.70
6.00
0.10
0.00
0.30
0.00
0.00
0.00
39.40
0.00
1.50
10.60
9.10
0.20
0.00
0.00
0.00
0.00
0.00
0.10
0.00
0.00
0.20
0.10
0.00
0.00
0.00
0.00
0.00
0.00
0.00
0.00
0.00
0.00
1.80
0.00
0.00
3.10
0.00
0.00
0.30
0.00
0.00
0.00
5.70
2.20
0.00
1.20
0.00
0.00
0.00
0.00
0.00
0.00
0.00
0.00
0.00
0.00
0.00
0.00
0.00
0.00
0.00
0.40
0.00
0.00
0.00
26.50
10.60
0.00
0.10
0.00
0.00
0.00
0.00
0.00
0.00
0.00
0.00
0.00
0.00
0.00
0.00
0.00
0.00
0.00
0.00
0.00
0.00
0.00
0.90
0.00
0.00
0.00
2.20
4.90
0.00
0.00
0.00
0.00
0.00
0.00
0.10
0.00
0.00
0.00
0.00
0.00
0.00
0.00
0.00
0.00
0.00
0.00
0.00
0.00
0.00
0.00
0.00
0.00
0.00
0.00
0.00
0.00
0.00
0.00
0.00
0.00
0.00
0.00
0.00
21.00
0.00
2.30
1.40
0.00
0.00
0.00
0.30
0.00
19.90
12.60
0.00
0.00
0.00
0.00
0.00
0.00
2.60
0.70
0.10
0.00
0.00
16.70
10.50
22.00
0.00
0.00
8.70
0.00
0.00
0.10
1.50
0.00
0.00
0.00
0.00
0.10
0.00
0.10
0.00
0.00
0.00
3.80
0.20
2.30
0.00
0.00
0.00
0.00
0.00
5.80
0.10
0.40
0.00
0.00
0.00
0.00
0.50
0.00
0.00
0.00
0.00
0.00
0.70
0.00
0.00
0.10
0.00
0.00
0.30
27.10
2.80
1.10
7.10
0.00
0.30
0.00
0.10
0.00
0.00
0.00
0.00
0.00
4.00
0.00
0.00
0.00
0.10
0.00
0.00
0.00
0.00
0.00
0.00
0.00
0.00
12.70
2.30
0.10
0.00
0.00
0.10
0.00
41.90
12.80
0.10
0.00
0.10
0.00
0.10
0.20
0.00
0.00
0.00
0.00
0.00
0.00
0.00
0.00
0.00
0.00
0.00
0.00
0.00
0.00
0.00
0.00
0.00
0.00
0.00
0.00
0.00
0.00
0.00
0.00
0.20
0.10
0.10
0.10
0.30
0.00
0.10
0.20
0.10
0.10
0.00
0.00
0.00
0.00
0.00
0.10
0.00
0.00
0.00
0.00
0.00
0.00
0.10
0.10
0.10
0.00
0.00
0.00
0.00
0.80
0.00
0.30
0.00
0.00
0.00
0.00
0.00
0.00
0.00
0.00
0.00
0.10
1.10
0.00
0.00
0.00
0.00
0.00
0.00
0.10
0.00
0.00
0.00
0.10
0.10
0.00
0.00
0.00
0.00
0.00
0.00
0.20
0.00
0.00
0.00
6.10
0.10
0.00
0.10
4.00
0.20
8.40
32.70
0.20
0.00
0.00
0.00
0.00
0.10
0.00
0.00
0.00
0.00
0.00
0.00
24.80
7.10
0.00
0.10
0.00
0.00
0.00
0.30
0.30
1.70
0.70
0.50
0.00
0.00
0.00
0.00
0.00
0.10
4.50
2.50
0.00
0.90
12.70
0.10
0.00
0.00
0.00
0.10
0.00
0.00
0.00
0.00
0.00
0.00
7.10
0.00
0.00
2.40
20.50
0.00
0.80
18.50
0.10
0.00
0.00
0.00
0.00
0.00
0.00
0.00
0.00
0.00
0.00
4.30
20.70
0.30
4.20
0.10
0.00
0.00
3.70
3.50
0.00
1.50
0.00
0.00
0.00
0.00
0.00
0.00
0.30
2.20
6.80
6.80
0.00
6.30
3.00
2.30
0.30
0.10
0.00
4.30
0.10
0.00
0.00
3.90
0.10
0.00
0.00
0.00
0.00
0.30
0.20
0.00
0.20
0.00
0.00
0.00
0.00
0.00
0.00
0.00
0.00
0.00
0.00
4.70
0.00
0.00
0.00
0.10
0.00
0.20
21.70
0.00
0.00
0.00
0.00
0.00
0.00
0.00
0.00
0.00
0.00
0.00
0.00
0.00
0.00
0.00
0.00
0.00
0.00
0.00
0.00
0.00
0.00
0.20
0.00
0.10
0.00
0.00
0.00
0.00
0.00
0.00
0.00
0.00
6.40
0.00
0.00
0.00
0.00
0.00
0.00
0.00
0.00
0.00
0.00
0.00
0.00
0.00
0.00
0.00
0.00
0.00
1.80
3.20
0.00
0.00
0.00
0.00
0.10
0.00
1.00
0.00
0.00
0.00
0.00
0.00
0.00
0.00
0.00
0.00
0.00
0.00
0.00
0.00
0.00
0.00
0.00
0.00
0.00
0.00
0.00
0.00
0.00
0.20
8.80
0.10
0.00
4.20
3.60
0.00
0.00
1.00
0.10
0.00
0.00
0.00
0.00
4.50
0.30
9.80
0.00
0.10
0.00
0.00
0.10
0.00
0.00
0.00
0.10
0.00
12.10
0.00
0.00
0.00
0.10
0.00
72.60
34.80
0.10
0.00
0.20
0.10
0.00
0.00
0.00
0.00
8.50
0.00
0.70
3.40
0.00
0.00
0.10
0.10
0.10
0.00
0.20
0.00
0.00
0.00
3.00
0.30
0.00
0.00
0.00
0.00
0.00
0.00
0.00
0.10
0.00
0.00
0.00
0.00
0.00
0.00
8.50
17.60
19.90
0.20
0.00
2.00
0.10
0.10
0.20
0.00
0.10
0.00
0.00
0.80
0.20
0.00
0.00
0.00
0.00
0.00
0.00
0.00
0.00
0.20
0.10
6.60
1.60
0.00
5.30
1.70
0.10
0.00
0.00
0.00
0.00
0.00
0.00
0.00
0.00
0.00
0.10
0.00
0.00
0.00
0.00
0.00
0.00
0.00
0.00
0.00
0.00
0.00
0.00
0.00
0.00
0.00
0.00
0.00
0.00
1.00
19.10
5.00
18.40
11.00
0.00
0.00
3.40
13.80
6.90
0.10
0.00
0.00
0.00
0.30
0.00
0.00
0.00
0.00
0.90
2.30
0.00
0.00
0.30
0.10
15.10
6.00
0.50
0.00
0.10
0.00
0.00
0.00
0.00
0.00
0.00
12.60
0.10
0.00
0.00
0.00
0.00
0.00
11.20
10.70
0.00
0.00
0.00
0.00
0.00
0.00
0.00
0.10
0.00
0.00
0.00
0.00
0.00
0.00
0.00
0.00
0.10
0.90
0.00
33.60
18.70
0.00
0.10
0.00
0.00
0.00
0.30
6.10
0.40
0.00
0.00
2.70
0.00
0.00
0.00
0.00
0.00
0.00
0.00
0.00
0.00
0.00
0.00
0.00
0.00
0.00
0.00
0.00
0.00
0.00
0.00
0.10
9.90
13.30
0.00
0.00
2.70
0.00
0.00
4.20
0.10
0.00
0.00
0.00
0.00
0.00
0.00
12.20
0.00
0.00
0.00
0.00
0.00
0.00
0.60
0.10
0.00
0.00
0.00
0.00
0.00
0.00
0.00
0.00
0.00
0.00
5.50
0.00
0.60
0.00
0.00
0.40
0.30
0.00
0.00
0.10
0.00
0.00
0.00
0.00
0.00
0.00
0.00
0.00
0.00
0.00
0.00
0.00
0.00
0.00
0.00
0.00
0.50
0.10
0.00
8.20
0.10
0.00
0.00
0.00
0.00
0.00
0.00
0.00
0.00
1.40
0.00
0.00
0.00
0.00
0.10
0.00
0.00
0.00
0.00
0.00
0.00
0.00
0.60
0.00
1.50
0.00
0.00
0.00
0.00
0.00
0.00
0.00
0.00
0.40
0.00
0.00
0.00
0.00
0.00
0.00
3.10
3.90
0.10
0.00
0.00
0.00
0.00
0.00
0.10
0.00
0.00
0.10
0.00
0.00
0.00
1.10
0.00
0.00
0.00
0.00
0.00
0.00
0.10
6.80
0.00
0.30
0.00
1.20
0.00
46.60
0.40
0.10
6.50
0.00
0.00
1.20
0.10
8.50
7.30
0.20
0.00
2.10
0.00
0.00
0.00
0.10
0.00
0.10
2.20
0.20
0.00
0.00
0.10
1.80
0.20
0.20
0.00
0.00
0.00
0.00
0.00
0.00
0.00
0.00
0.10
0.30
0.10
0.20
0.10
0.10
0.00
17.40
55.70
2.10
0.30
1.10
0.00
0.00
0.00
0.10
0.00
0.10
0.00
0.00
0.00
0.00
0.00
0.00
1.10
0.10
0.00
0.00
0.00
0.00
0.00
0.00
0.00
0.00
0.00
0.00
0.00
0.00
0.00
0.00
0.00
0.00
0.00
0.10
0.00
2.80
0.00
0.00
0.00
0.00
0.00
1.60
0.00
0.00
0.00
0.00
0.00
0.00
0.00
0.00
0.00
2.60
0.00
0.00
0.00
0.90
0.00
0.00
0.80
0.00
0.00
0.00
0.00
0.00
0.00
0.00
0.00
1.20
0.00
0.10
0.00
0.00
0.00
0.00
0.00
0.00
0.00
0.00
21.70
0.20
0.00
0.00
8.80
0.00
6.60
2.20
0.00
0.00
0.30
0.00
0.00
0.10
0.00
0.00
0.00
0.00
0.00
46.10
0.00
0.00
0.00
0.00
0.10
4.20
0.10
0.00
17.40
36.00
4.70
0.00
1.90
0.00
0.00
0.00
10.50
0.00
0.00
0.00
0.00
2.00
0.20
0.10
0.00
0.40
0.00
0.00
0.00
0.00
4.10
0.40
10.70
1.60
2.50
0.30
0.10
2.60
0.00
0.00
0.00
0.10
1.00
0.00
0.00
0.00
0.00
0.90
0.00
0.00
0.00
2.50
12.00
0.00
0.00
0.00
35.20
0.00
0.00
0.00
0.00
0.00
0.00
0.00
0.00
0.00
0.00
0.00
0.00
0.10
0.40
6.90
1.00
18.90
42.90
0.10
14.80
10.30
0.00
0.00
0.00
0.00
0.00
0.00
0.00
0.00
0.00
0.00
0.00
0.00
0.00
0.00
9.20
0.00
8.00
0.10
0.00
0.30
0.40
3.50
0.00
0.90
7.30
0.20
0.00
23.50
13.90
0.00
0.00
0.00
0.00
0.00
0.60
0.00
0.00
0.20
0.00
0.00
0.00
5.40
0.00
0.10
1.70
0.00
0.00
0.00
0.00
1.00
0.10
0.00
2.60
5.00
0.10
0.00
1.10
0.00
1.40
0.00
0.00
0.00
0.00
0.00
0.00
0.00
0.00
0.00
0.00
0.00
0.00
0.00
0.00
0.00
4.30
0.10
0.00
0.00
0.00
0.00
0.00
0.00
0.10
0.00
0.00
7.70
0.00
0.00
0.00
0.00
0.00
0.00
6.80
0.00
0.00
0.00
0.00
0.00
0.60
0.00
0.00
0.00
0.00
0.00
0.00
0.00
0.00
0.00
0.00
0.00
0.00
2.60
0.00
0.00
0.00
0.00
31.80
0.00
0.00
0.00
0.00
0.00
0.00
0.00
7.40
2.50
0.00
0.00
0.00
0.00
0.00
0.00
0.00
0.10
0.10
0.00
0.00
0.00
0.10
0.00
0.00
0.00
0.00
0.00
6.80
45.90
0.10
0.00
0.00
0.00
0.00
0.00
0.00
0.00
0.10
0.00
0.80
0.20
0.00
0.00
0.00
0.00
0.10
0.00
0.00
0.00
0.00
0.00
0.00
0.00
0.00
0.00
0.00
0.00
0.10
30.00
1.40
62.50
12.60
0.10
0.10
1.40
77.70
9.30
2.50
1.40
1.30
0.00
5.10
0.00
0.00
0.10
0.00
0.00
0.10
31.20
6.80
0.00
2.30
47.90
3.40
0.00
0.10
0.00
14.70
0.00
0.00
0.00
23.70
0.00
0.00
0.00
0.00
2.70
37.80
1.10
11.70
44.70
4.20
6.30
0.00
0.00
4.00
0.00
0.00
5.20
0.00
0.00
0.00
1.10
0.20
0.00
0.00
0.00
0.10
0.00
0.20
0.00
0.00
0.00
0.00
0.10
2.60
0.90
0.00
0.30
0.00
0.10
0.00
0.00
0.00
0.00
0.00
0.00
0.00
0.00
0.20
0.10
0.20
0.00
0.00
0.00
0.00
0.00
0.00
0.00
0.00
0.00
0.00
0.00
0.00
0.00
0.00
0.00
0.00
0.10
0.00
0.00
0.00
0.00
10.30
1.70
0.10
0.30
0.00
0.00
0.00
0.00
0.00
0.50
0.00
0.00
2.10
0.00
0.00
0.00
0.00
0.00
0.00
0.00
0.00
0.00
0.00
0.00
0.00
0.10
0.00
0.00
0.00
0.00
0.00
0.00
0.00
0.00
0.00
0.00
0.00
0.00
0.00
0.00
0.00
0.00
0.00
0.00
0.00
0.20
0.00
0.00
0.00
0.00
0.00
0.00
9.60
0.00
0.00
0.00
0.00
0.00
0.00
0.00
0.00
0.00
0.00
0.00
0.00
0.00
0.00
0.00
0.00
0.00
0.00
0.00
2.40
11.30
0.00
5.50
1.80
7.80
0.00
2.00
7.30
0.00
0.00
0.20
0.00
0.80
0.00
0.10
0.00
0.00
0.70
0.00
0.80
0.90
0.00
0.90
0.00
0.00
0.50
0.00
0.10
0.00
0.00
25.40
0.20
0.00
0.00
0.00
0.40
0.10
0.00
0.00
0.00
0.00
0.00
0.00
0.00
7.70
0.50
2.40
0.00
0.00
0.00
0.00
7.00
2.30
1.30
0.00
0.00
0.00
0.00
0.00
0.00
0.00
0.00
0.00
0.00
0.00
0.00
0.00
0.00
0.00
22.10
0.10
0.10
0.20
0.00
0.00
0.00
0.00
0.00
0.00
0.00
0.00
0.00
0.00
0.00
0.00
0.00
0.00
0.00
0.00
0.00
0.00
0.00
0.00
0.00
0.10
0.00
2.80
20.30
0.00
0.00
0.00
0.00
21.70
0.00
0.00
9.80
0.00
0.00
0.20
0.00
0.00
0.00
0.00
0.00
0.00
21.60
0.10
0.00
0.00
0.00
0.00
0.00
0.00
0.00
0.00
0.00
0.00
0.00
0.00
0.00
0.00
1.70
0.00
0.00
0.00
0.00
0.00
0.00
0.00
0.00
0.00
0.00
0.00
0.00
0.00
0.00
19.20
0.00
0.00
0.00
0.00
22.40
1.70
0.00
0.00
0.10
0.00
0.00
0.00
1.30
19.60
6.00
0.00
0.00
0.20
0.00
0.00
0.00
0.00
0.00
0.00
7.20
0.10
0.00
0.00
0.00
0.00
0.00
0.00
0.00
0.00
0.10
0.00
0.00
0.00
0.00
0.00
0.00
0.00
0.60
0.10
0.00
0.10
0.00
1.80
3.70
0.00
0.00
0.00
0.00
6.60
7.80
84.20
9.40
0.00
0.00
0.00
0.00
0.00
0.00
0.00
0.00
0.00
0.60
0.80
0.00
0.10
0.00
0.10
0.00
0.00
7.00
0.00
0.00
0.00
3.40
0.20
0.00
0.00
0.00
0.00
0.00
0.00
27.90
4.00
0.00
0.00
0.00
0.00
0.00
0.00
0.10
0.20
0.00
0.00
91.70
31.60
0.10
0.00
0.20
0.00
0.00
2.00
0.00
0.00
0.00
0.00
0.00
0.00
0.00
0.10
14.00
0.10
0.00
0.00
0.00
0.00
0.00
0.10
0.00
0.00
0.10
0.00
0.00
0.10
0.00
0.00
0.00
0.00
0.10
0.00
0.30
15.30
0.20
0.00
0.00
0.00
0.00
0.00
0.00
0.00
0.70
35.60
121.70
58.20
14.60
0.10
0.00
0.70
0.10
0.00
0.00
0.10
0.00
0.00
0.00
0.00
0.00
0.00
0.00
0.30
0.00
0.10
0.00
0.20
2.00
0.10
0.00
0.00
0.00
0.30
0.10
0.00
0.00
0.00
0.00
0.00
0.00
0.00
0.00
4.30
0.00
0.00
0.00
3.50
0.00
0.00
0.00
0.00
0.00
0.00
0.00
0.00
0.00
0.00
0.00
0.00
0.00
22.50
0.40
0.00
0.00
0.00
0.00
1.60
25.20
0.00
0.10
0.30
0.90
0.00
2.60
3.40
4.80
10.60
0.00
0.00
0.00
0.00
0.00
0.00
0.00
0.00
0.00
0.00
0.00
34.50
0.00
0.50
0.10
0.10
15.20
25.70
10.60
121.30
11.10
0.10
0.00
0.00
0.10
0.10
0.50
0.00
0.00
0.00
0.00
0.00
0.00
0.00
0.00
0.00
0.00
2.50
18.10
0.00
0.20
1.40
35.70
0.20
0.40
0.00
0.00
0.00
0.00
0.00
0.00
0.00
0.00
0.00
0.00
0.00
0.00
3.30
0.00
0.10
4.00
0.10
8.50
15.10
0.00
0.10
5.60
8.80
10.40
5.30
0.00
0.00
0.00
0.00
0.00
2.80
0.00
17.50
0.00
0.40
0.00
0.00
0.00
0.00
0.00
0.00
0.00
0.00
0.00
0.00
0.00
0.90
27.40
0.10
0.00
0.00
0.20
0.00
0.00
0.00
0.00
0.00
1.80
3.60
0.00
0.10
0.00
0.00
0.00
0.00
0.00
0.00
0.00
1.20
0.00
0.00
0.00
0.00
0.00
0.00
0.00
0.00
0.00
20.20
9.30
0.10
0.00
0.00
0.00
0.00
0.00
0.00
0.00
0.10
0.00
0.00
0.50
0.00
0.10
0.00
0.00
0.00
0.00
0.00
0.00
0.00
0.00
0.00
3.50
14.10
38.40
0.10
0.00
0.00
0.00
0.00
0.00
12.30
3.90
0.30
25.40
6.40
0.10
0.00
0.00
0.00
0.00
0.10
0.00
1.10
5.20
0.00
2.20
2.20
0.20
0.00
0.00
0.20
0.10
0.00
0.00
0.00
0.10
6.30
0.00
0.00
0.00
0.00
0.10
0.00
0.10
71.90
0.10
0.00
0.00
12.00
3.40
0.00
0.00
0.00
0.00
0.00
0.00
1.30
0.10
0.00
0.00
1.60
0.00
0.00
0.00
0.00
0.00
0.10
0.00
2.50
0.60
0.00
0.20
5.90
0.20
0.00
0.00
0.00
0.00
0.30
0.10
0.00
1.20
0.10
0.20
0.20
0.00
0.00
0.00
0.10
0.00
4.20
6.00
34.30
29.20
0.00
0.00
0.20
0.00
0.00
0.00
0.00
0.00
0.30
0.00
0.00
0.50
2.00
0.10
0.20
0.00
0.20
0.00
0.10
8.40
0.00
0.00
0.10
0.00
0.00
0.00
0.00
0.00
0.00
0.00
0.00
0.00
0.00
0.00
0.00
0.00
0.00
0.00
1.90
0.90
0.00
16.60
0.00
0.00
0.00
0.00
0.00
0.00
0.20
0.00
0.00
0.00
0.00
0.00
5.10
0.00
0.00
0.00
0.20
0.00
0.00
0.00
1.00
0.00
0.30
0.00
0.00
0.00
0.00
0.00
21.80
2.40
0.10
0.00
0.10
0.00
2.50
2.80
0.10
0.00
0.20
0.00
0.20
0.20
0.10
28.40
0.00
0.00
0.10
0.00
0.00
0.00
0.00
0.00
0.00
0.00
0.00
0.00
0.50
1.00
0.20
0.00
0.00
0.50
0.00
0.00
