20000101
0.00
0.00
0.00
0.00
0.00
0.00
0.00
0.00
0.00
0.00
0.00
0.00
0.00
3.80
5.80
0.00
0.00
0.00
0.00
0.00
0.00
0.00
0.00
0.00
0.00
0.00
0.00
0.00
0.00
0.00
0.00
0.00
0.00
0.00
0.00
0.00
0.00
0.00
0.00
0.00
0.00
0.00
0.00
0.00
0.00
0.00
0.00
0.00
0.00
0.00
0.00
0.00
0.00
0.00
0.00
0.00
0.00
0.00
0.00
0.00
0.00
0.00
0.00
0.00
0.00
0.00
0.00
0.00
0.00
0.00
0.00
0.00
0.00
0.00
0.00
0.00
0.00
0.00
0.00
0.80
0.00
0.00
4.00
0.20
0.00
0.00
0.00
0.00
0.00
4.40
5.40
0.00
0.40
6.60
0.00
0.00
0.00
0.00
0.40
5.80
16.80
1.60
0.00
0.00
0.60
0.00
6.00
0.00
0.00
0.00
0.00
0.00
0.60
2.00
0.00
0.00
0.00
4.20
1.00
0.00
0.00
0.00
0.00
0.00
0.00
1.40
0.00
0.00
0.00
0.00
18.60
0.00
0.00
0.00
0.00
0.00
0.00
0.20
0.00
0.00
0.00
10.80
2.20
0.00
0.00
4.20
14.80
0.40
0.00
0.00
0.00
0.00
0.00
0.00
0.00
0.00
8.00
0.00
0.00
0.00
59.20
16.80
0.20
0.00
0.00
0.00
0.00
0.00
0.00
0.00
0.00
0.00
0.00
0.00
0.00
0.00
0.00
0.20
0.00
0.00
0.00
0.00
0.00
0.00
0.00
0.00
0.00
0.00
0.00
0.00
0.00
0.00
0.00
0.00
0.00
0.00
0.00
0.00
0.00
0.00
0.00
0.00
0.00
0.00
0.00
0.00
0.80
0.00
0.00
0.00
0.00
0.00
0.00
0.00
0.00
0.00
0.00
0.00
0.00
0.00
0.00
0.00
0.00
0.20
7.80
0.00
0.00
0.00
0.00
0.00
0.00
0.00
0.00
0.00
0.00
0.00
0.00
0.00
0.00
0.00
0.00
0.00
1.20
0.00
0.00
0.00
0.00
0.00
0.00
0.00
0.00
0.00
0.00
0.00
0.00
0.00
0.00
-99.00
-99.00
-99.00
-99.00
0.40
5.40
0.00
0.00
0.00
0.00
0.00
0.00
0.00
4.40
3.40
0.20
0.00
0.00
0.00
0.00
0.00
0.00
0.00
0.00
0.00
0.00
0.00
3.60
2.80
0.80
0.60
0.00
0.00
0.00
0.00
0.00
0.00
7.30
24.10
0.20
0.00
0.00
0.00
0.00
0.00
0.00
0.00
3.60
0.00
-99.00
-99.00
-99.00
-99.00
-99.00
0.00
0.00
0.00
0.00
0.00
0.00
4.20
0.00
0.00
0.00
0.00
0.00
0.00
0.00
0.00
0.40
4.00
0.00
0.00
0.00
0.80
0.00
11.20
0.20
0.00
0.00
0.00
0.00
0.00
0.80
2.80
0.00
0.00
0.00
0.00
0.00
0.00
0.00
0.00
0.00
0.00
0.00
0.00
0.00
0.40
14.60
8.20
9.20
0.00
0.00
0.00
0.80
0.00
0.00
0.00
0.00
1.00
0.00
0.00
0.00
0.00
0.00
0.00
0.00
0.00
0.00
0.20
0.00
0.00
1.60
0.00
0.00
0.00
0.00
0.00
0.00
0.00
0.00
0.00
0.00
0.80
0.00
0.80
0.00
0.00
0.00
0.00
0.00
0.00
0.00
0.00
0.00
0.00
0.00
0.00
0.00
0.00
0.00
0.00
10.80
0.60
0.00
0.00
0.00
0.00
0.00
0.00
0.00
0.00
0.00
0.00
0.00
0.20
0.00
0.00
0.40
0.00
0.00
1.20
0.00
6.60
2.80
0.00
0.40
0.00
0.00
0.00
0.00
0.00
0.00
0.00
0.00
0.00
0.00
0.00
0.00
0.00
0.00
0.00
0.00
0.00
0.00
1.00
0.00
0.00
0.00
0.00
0.00
0.00
0.00
0.00
0.00
0.00
0.00
0.00
0.00
0.00
0.00
0.00
0.00
0.00
0.00
0.00
0.00
0.00
0.00
0.00
0.00
0.00
0.00
0.00
0.00
0.00
0.00
51.80
15.60
2.20
2.20
0.00
0.00
0.00
0.00
0.00
3.20
4.20
0.00
0.00
0.00
0.00
0.00
0.00
12.80
1.40
0.00
0.00
0.00
2.00
0.00
0.00
0.00
0.00
0.00
0.00
0.00
0.00
0.00
0.00
0.00
0.00
0.00
0.00
0.00
0.00
0.00
0.00
3.00
0.00
0.00
0.00
0.00
1.00
0.00
0.00
0.00
0.00
0.00
0.00
0.00
0.00
0.00
0.00
0.00
0.00
0.00
0.00
0.00
0.00
0.00
0.00
0.00
1.00
0.00
0.00
0.00
20.00
0.00
0.00
0.00
0.00
2.00
0.00
3.00
0.00
0.00
15.60
0.00
0.00
0.00
0.00
0.00
0.00
0.00
0.00
0.00
0.00
0.00
0.00
0.00
0.00
0.00
0.00
0.00
0.00
0.00
0.00
0.00
0.00
0.00
0.00
0.00
0.00
0.00
1.00
0.00
0.00
0.00
0.00
0.00
0.00
0.00
0.00
0.00
0.00
0.00
0.00
0.00
0.00
0.00
0.00
0.00
0.20
0.00
0.00
0.00
0.00
0.00
0.00
0.00
0.00
0.00
0.00
0.00
0.00
0.00
0.00
0.00
-99.00
-99.00
-99.00
-99.00
-99.00
-99.00
0.00
0.00
0.00
3.00
0.00
0.00
0.00
0.00
1.00
0.00
0.00
0.00
0.00
0.00
12.20
0.00
0.00
0.00
0.60
0.00
0.00
0.00
5.40
19.60
1.00
5.60
0.00
0.00
0.00
0.00
0.00
0.00
0.00
0.00
0.00
0.00
0.00
0.00
0.00
0.00
0.00
0.00
0.00
0.00
0.00
0.00
0.00
1.20
0.00
0.00
0.00
6.00
41.00
27.00
0.00
0.00
0.00
0.00
0.00
0.00
0.00
0.00
0.00
0.00
0.00
0.00
0.00
0.00
0.00
0.00
0.00
0.00
0.00
0.00
0.00
0.00
0.00
0.00
0.00
0.00
5.00
12.60
0.00
0.00
0.00
0.00
0.00
0.00
0.00
0.00
0.00
0.00
0.00
0.00
0.00
0.00
0.00
0.00
0.80
9.80
5.80
10.60
0.00
0.00
0.00
0.00
0.00
0.00
0.00
0.00
5.20
1.80
0.00
0.00
0.00
0.00
0.00
0.00
0.00
1.00
2.40
0.00
0.00
0.00
0.00
0.00
0.00
0.00
0.00
0.00
0.00
0.00
0.00
5.60
0.00
0.00
0.00
0.00
0.00
0.00
0.00
0.00
0.00
0.00
0.00
0.00
0.00
0.00
0.00
0.00
0.00
0.00
0.00
0.00
0.00
0.00
0.00
0.00
0.00
0.00
1.60
10.00
0.00
0.00
0.00
0.00
0.00
0.00
0.00
7.40
0.40
0.00
0.00
0.00
0.00
0.00
0.00
0.00
0.00
0.00
0.00
0.00
0.00
0.00
0.00
3.40
0.00
0.00
0.00
12.40
29.60
2.60
0.00
0.30
9.70
1.60
0.00
8.80
28.00
3.60
0.00
0.00
0.00
0.00
0.00
0.00
0.00
0.00
0.00
0.00
0.00
0.00
0.00
0.00
0.00
0.00
0.00
0.00
0.00
0.00
0.00
0.00
0.00
3.20
22.60
21.40
1.20
0.20
0.20
0.00
0.00
0.00
0.00
0.00
0.00
0.00
0.00
0.00
0.00
0.40
0.00
0.00
0.00
0.20
0.20
0.00
0.00
0.00
0.00
0.00
0.00
0.00
22.40
12.00
0.00
0.20
6.60
0.00
0.00
0.00
0.00
0.00
0.00
0.00
0.00
0.00
0.00
0.00
0.00
0.00
0.00
0.00
0.00
0.00
0.00
0.00
0.00
0.00
0.00
0.00
0.00
0.00
0.00
0.00
0.00
0.00
0.00
0.60
0.00
0.00
0.00
0.00
0.00
0.00
0.00
0.00
0.00
0.00
0.00
0.00
0.00
0.00
0.00
0.00
0.00
0.00
0.00
0.00
0.20
0.00
1.00
0.00
0.00
0.00
0.00
0.00
0.00
3.40
1.00
0.20
0.00
0.00
0.00
0.00
0.00
0.00
0.00
0.20
0.20
0.00
0.00
8.20
7.20
1.00
0.00
0.00
0.00
0.00
0.00
0.00
0.00
0.00
-99.00
-99.00
-99.00
0.00
0.00
0.40
-99.00
-99.00
-99.00
-99.00
0.00
0.00
0.00
0.00
0.00
0.00
-99.00
-99.00
9.00
2.60
0.00
-99.00
-99.00
-99.00
0.00
0.00
0.00
0.00
0.00
0.00
7.80
0.00
0.00
0.00
0.00
0.00
1.20
26.60
6.00
0.20
0.00
0.00
0.00
0.00
0.00
0.00
0.00
0.00
0.00
5.80
0.00
0.00
0.00
0.00
0.00
0.00
0.00
0.00
0.00
0.00
0.00
0.00
0.00
0.00
0.00
0.20
2.40
0.00
0.00
0.00
0.00
0.00
0.20
0.60
0.00
0.20
0.00
0.00
0.80
9.60
0.00
0.00
0.20
20.40
0.20
0.00
0.00
0.00
0.00
0.00
0.40
0.00
0.00
0.00
0.00
0.00
0.00
0.00
1.00
7.80
0.00
0.00
0.00
1.60
0.00
0.00
0.00
0.00
0.00
0.80
0.00
0.00
0.00
0.00
0.00
0.00
1.20
0.80
0.00
1.00
0.00
0.00
0.00
0.00
0.00
5.00
2.40
0.00
0.00
0.00
0.00
0.00
0.00
0.00
0.00
0.00
0.00
0.00
0.00
0.20
1.40
0.20
0.00
0.00
0.00
0.00
0.00
0.00
0.00
0.00
0.00
0.00
0.00
0.00
0.00
0.00
0.00
0.00
0.00
0.00
0.00
0.00
0.00
0.40
6.00
0.20
0.40
0.20
0.00
0.00
8.60
43.00
0.00
0.20
0.20
0.40
13.80
56.60
1.60
0.00
0.00
0.00
0.00
0.00
0.30
0.50
0.00
0.00
0.00
0.00
0.00
0.00
0.00
0.00
1.00
0.00
0.00
0.00
0.00
0.00
0.00
0.00
0.00
0.00
0.00
0.00
0.00
28.00
0.00
0.20
8.40
7.80
0.20
0.00
0.00
0.00
0.00
0.00
0.00
6.80
0.20
0.00
0.00
0.00
0.00
2.60
0.00
0.00
0.00
3.10
0.70
0.00
0.00
0.00
0.00
0.00
0.00
0.00
0.00
0.00
0.00
0.00
0.00
0.00
0.00
1.40
40.20
29.60
2.00
0.00
0.00
0.00
0.00
0.00
0.00
0.00
2.00
10.20
0.00
5.60
0.00
0.00
0.00
0.00
6.40
1.20
0.00
0.00
0.00
0.00
0.00
0.00
1.40
5.20
0.00
0.00
1.60
0.00
0.00
0.40
0.00
0.00
0.00
0.00
0.00
0.00
0.00
0.00
2.60
0.00
0.00
0.00
0.00
0.00
0.00
0.00
0.00
0.00
0.00
0.00
0.00
0.00
0.00
0.00
0.00
0.00
0.00
2.80
0.00
0.00
0.40
0.00
0.00
0.00
0.00
0.00
0.00
0.00
0.00
0.00
0.00
0.80
0.00
0.00
0.00
0.00
0.00
0.00
0.00
0.00
0.00
0.00
0.00
0.00
0.00
0.00
0.00
0.00
0.00
0.00
0.00
0.00
0.00
0.00
0.00
0.00
0.00
0.00
0.00
40.40
0.40
0.00
0.00
0.00
0.20
0.00
0.00
0.00
0.00
0.00
0.00
0.00
0.00
12.00
0.40
0.20
11.20
8.00
0.00
0.00
1.60
8.60
0.40
0.00
0.00
0.00
0.00
0.00
0.00
0.00
0.00
0.00
0.00
0.00
0.00
0.00
0.00
0.00
0.00
0.00
0.60
1.20
0.00
28.20
33.80
0.00
0.00
0.00
0.00
0.00
0.00
0.00
0.00
0.00
0.00
0.00
0.40
0.00
15.40
11.60
86.60
19.00
5.60
0.00
0.00
0.20
0.00
0.00
0.00
15.60
3.20
2.20
0.00
0.00
2.20
0.00
0.00
0.00
0.00
0.00
0.00
0.00
0.00
4.00
43.60
0.00
0.00
0.00
0.00
5.20
27.20
4.00
0.00
0.00
0.00
0.20
12.40
13.40
4.80
0.00
2.20
1.60
0.00
0.00
0.00
7.40
0.00
0.40
27.40
3.00
0.40
0.40
2.40
0.00
0.00
0.00
0.00
0.00
0.00
0.00
0.00
0.00
1.60
0.00
0.00
0.00
0.00
0.00
0.00
0.00
0.00
0.00
1.20
0.00
0.00
0.00
0.00
0.00
0.00
0.00
0.00
0.00
0.00
0.00
0.00
0.00
0.00
0.00
0.00
0.00
0.00
0.00
0.60
0.00
0.00
0.00
0.00
0.00
0.00
0.00
0.40
0.80
0.00
0.00
0.00
0.00
0.20
0.00
0.00
0.00
0.00
0.00
0.00
0.00
0.00
0.00
0.00
0.00
0.00
0.00
0.00
0.00
0.00
1.60
0.00
0.40
26.20
1.40
0.00
0.00
2.40
11.60
26.80
0.40
0.00
0.00
0.00
0.00
0.00
0.00
0.00
0.00
0.00
0.00
0.00
0.00
0.00
0.00
0.00
0.00
0.00
0.00
0.00
0.00
0.00
0.00
0.00
0.00
0.00
0.00
0.00
0.00
12.60
15.40
31.60
10.20
0.00
0.00
0.80
0.00
0.00
0.00
0.00
0.00
26.00
1.00
0.00
0.00
0.20
0.00
0.00
0.00
30.40
0.00
0.00
0.00
0.00
0.00
27.60
0.00
0.00
0.00
0.00
0.40
1.20
1.00
0.00
0.00
0.00
34.00
0.00
0.40
0.00
0.20
0.00
0.00
0.00
15.00
3.20
0.00
0.00
0.00
0.00
0.00
0.00
0.00
0.00
0.00
0.00
0.00
0.00
0.00
0.00
2.00
0.00
0.00
6.40
0.00
0.00
0.00
0.00
0.00
0.00
0.00
0.00
0.00
0.00
0.00
0.00
7.20
0.00
0.00
3.00
0.00
0.00
0.00
0.00
0.20
0.00
0.00
0.00
0.00
0.00
0.00
0.00
0.00
0.00
0.00
0.00
0.00
0.00
0.00
4.40
4.80
1.60
0.00
0.00
14.40
20.40
0.00
0.00
0.00
0.00
0.00
0.00
0.00
0.00
0.00
0.00
0.00
0.00
-99.00
-99.00
-99.00
0.00
0.00
19.60
0.00
0.00
0.00
0.00
0.00
0.00
0.00
0.00
0.00
0.00
0.00
0.00
0.00
0.00
0.00
0.00
0.00
0.00
0.40
0.00
0.00
0.00
0.00
0.00
0.80
0.00
0.00
0.00
0.00
0.00
0.00
0.00
0.00
0.00
0.00
12.80
0.00
0.00
12.00
0.00
0.00
0.00
0.00
2.00
0.40
0.00
6.60
0.40
0.00
0.00
0.00
0.00
0.00
0.00
0.00
0.00
0.00
0.00
0.00
0.00
0.00
0.00
0.00
0.00
0.00
0.00
0.00
0.00
0.00
0.40
0.00
0.00
0.00
0.00
0.00
0.00
0.00
0.00
0.00
0.00
0.00
0.00
0.00
11.20
0.00
0.00
0.00
15.80
0.20
9.60
0.40
0.00
0.00
0.00
0.00
0.00
0.00
0.00
0.00
0.00
0.00
0.00
0.00
0.00
0.00
0.00
0.00
0.00
0.00
0.00
0.00
0.00
0.00
0.00
0.00
0.00
0.00
0.00
0.00
0.00
0.00
0.00
1.40
0.00
32.20
0.00
0.00
10.00
7.40
0.00
0.80
8.10
11.90
0.20
0.00
0.00
0.00
0.00
0.00
0.40
0.00
0.00
0.00
0.00
0.00
0.00
0.00
0.00
0.00
0.00
0.00
0.00
0.00
0.00
0.00
0.00
0.00
0.00
0.00
0.00
0.00
0.00
0.00
0.00
0.00
0.00
0.00
0.00
0.00
0.00
0.00
0.00
0.00
0.00
0.00
0.00
0.00
0.00
0.00
0.00
0.00
0.00
0.00
0.00
0.00
0.00
0.00
0.00
0.00
0.00
0.00
5.80
1.80
16.60
6.00
0.00
0.00
0.00
0.00
0.00
0.00
0.00
0.00
0.00
0.00
0.00
0.00
0.00
0.00
0.00
0.00
0.00
0.00
0.00
2.80
0.40
0.00
0.00
0.00
0.00
0.00
0.00
0.00
0.00
0.00
0.00
0.00
0.00
0.00
0.00
0.00
0.00
0.00
0.00
0.00
0.00
4.80
0.00
0.00
4.40
0.00
0.00
0.00
0.00
0.00
0.00
1.60
0.00
0.00
0.00
0.00
0.00
0.00
0.00
0.00
0.00
0.00
0.00
0.00
0.00
0.00
0.00
0.00
0.00
0.00
0.00
0.00
0.00
1.00
0.00
0.00
0.00
0.00
0.00
0.00
0.00
0.00
0.00
0.00
0.00
0.00
0.00
0.00
0.50
0.10
0.00
0.00
10.00
0.40
2.40
24.80
11.40
0.00
0.00
0.00
0.00
0.00
0.00
0.00
0.00
0.00
0.00
0.00
0.00
0.00
0.00
0.00
0.00
0.00
0.00
0.00
0.00
0.00
0.00
0.00
0.00
0.40
0.20
0.00
0.00
0.00
0.00
0.00
0.00
0.00
0.40
4.20
0.00
0.00
1.80
0.00
0.00
0.00
0.20
0.00
0.00
0.00
0.00
0.00
1.40
0.00
0.00
0.00
0.00
0.00
0.00
0.00
0.00
0.00
0.00
0.00
0.00
0.00
0.00
0.00
0.00
0.00
0.00
0.00
0.00
0.00
0.00
0.00
0.00
0.00
0.00
0.00
4.90
0.10
0.00
0.00
0.00
0.00
0.00
0.00
8.40
0.00
2.20
0.00
0.00
0.00
0.00
0.00
1.20
3.00
0.00
0.00
0.00
0.00
0.00
0.00
0.00
0.00
0.00
0.00
0.00
0.00
0.00
0.00
0.00
0.00
0.00
0.00
0.20
33.00
1.80
0.00
0.00
0.00
-99.00
-99.00
0.00
0.00
0.40
0.00
0.00
0.00
0.00
0.00
0.00
0.00
0.00
18.20
0.60
0.00
0.00
0.00
0.00
0.00
0.00
0.00
0.00
0.00
0.00
0.00
0.00
0.00
0.00
2.00
6.40
22.20
18.60
7.60
0.00
0.00
0.60
0.00
0.00
0.00
0.00
3.80
0.00
0.00
0.00
0.00
0.00
0.00
0.00
0.80
0.00
0.00
0.00
0.00
0.00
0.00
0.00
0.00
29.00
1.20
9.80
13.60
62.80
21.20
3.60
0.00
0.00
0.00
0.00
0.00
0.00
0.00
0.00
0.00
0.00
0.00
0.00
0.00
0.00
0.00
0.00
3.80
0.00
0.00
0.00
0.00
0.00
0.00
0.00
0.00
0.00
0.00
0.00
0.00
0.00
0.00
0.00
0.00
0.00
0.00
0.00
0.00
0.00
0.00
0.00
0.00
0.00
0.00
0.00
0.00
0.00
0.00
0.00
0.00
0.00
0.00
1.60
35.60
21.20
2.20
6.60
0.00
0.00
0.00
0.00
0.40
0.00
0.00
0.00
0.00
0.00
0.00
0.00
0.00
0.00
0.00
0.00
0.00
0.40
13.20
7.60
0.80
0.00
0.00
0.00
0.00
0.00
0.00
0.00
0.00
0.00
0.00
0.00
0.00
0.00
0.00
0.00
0.00
0.00
0.00
0.80
0.00
0.40
0.40
0.00
0.00
0.00
5.60
0.00
0.00
0.00
0.00
0.00
0.00
0.00
0.00
0.00
0.00
0.00
0.00
0.00
0.00
0.00
0.00
0.00
0.00
0.00
3.00
0.00
0.00
0.00
0.00
0.00
0.00
0.00
0.00
0.00
0.00
0.00
0.00
0.00
0.00
0.00
0.00
0.00
0.00
0.00
3.00
0.00
0.00
0.00
0.00
0.00
0.00
0.00
2.40
0.40
5.80
0.00
0.00
12.00
0.00
0.00
0.00
0.00
0.00
0.00
1.20
0.00
0.00
0.00
0.00
0.00
0.00
0.00
0.00
0.00
0.00
0.00
0.00
0.00
0.00
0.00
0.00
0.00
0.00
0.00
0.00
0.00
0.00
0.00
0.00
0.00
0.00
0.00
0.00
0.00
0.00
0.00
0.00
0.00
3.20
0.00
0.00
0.00
0.00
0.00
0.00
0.00
0.00
0.00
0.00
0.00
0.00
0.00
0.00
0.00
0.00
0.00
0.00
0.00
0.00
0.00
0.00
0.00
0.40
2.00
0.00
0.00
0.00
0.00
2.40
0.80
0.00
0.00
0.00
12.00
0.00
0.00
0.00
0.00
0.00
0.00
0.00
0.00
0.00
0.00
0.00
21.20
0.00
0.00
0.00
0.00
0.00
-99.00
-99.00
0.00
0.00
0.00
0.00
0.00
0.00
0.00
0.00
0.00
0.00
0.00
0.00
0.00
0.00
4.80
0.00
0.00
0.00
0.00
0.00
0.00
28.80
0.80
0.00
0.00
0.00
-99.00
-99.00
-99.00
-99.00
-99.00
0.00
0.00
0.00
0.00
0.00
0.00
0.00
0.00
0.00
0.00
0.00
0.00
0.00
0.00
0.00
0.00
0.00
0.00
38.40
94.40
30.40
0.00
0.00
0.00
0.00
0.00
0.00
0.00
6.80
21.20
0.80
0.00
0.00
0.00
0.00
0.00
0.00
0.00
0.00
0.00
0.00
0.00
0.00
0.00
0.00
0.00
0.00
9.20
0.80
0.00
0.00
0.00
0.00
0.00
27.20
8.80
5.60
0.80
0.00
4.00
0.00
0.00
0.00
0.00
0.00
0.00
0.00
0.00
0.00
0.00
0.00
0.00
0.00
0.00
0.80
0.00
0.00
0.00
0.00
0.00
0.00
0.00
0.00
4.80
4.40
0.00
0.00
0.00
0.00
0.00
0.00
0.00
0.00
0.00
0.00
0.00
0.00
0.00
0.00
0.00
0.00
0.00
0.00
16.00
0.00
4.80
0.00
0.00
0.00
0.00
0.00
0.00
9.20
3.60
0.00
0.00
0.00
0.00
0.00
6.00
3.60
0.00
0.00
0.00
0.00
0.00
0.00
0.00
0.00
0.00
0.00
0.00
0.00
0.00
0.00
0.00
0.00
0.00
0.00
0.00
0.00
0.00
0.00
0.00
0.00
0.00
0.00
0.00
0.00
0.00
1.40
0.20
0.00
0.00
0.00
0.00
0.00
0.00
1.60
0.00
0.00
0.00
0.00
0.00
0.00
0.00
0.00
2.80
2.20
0.00
0.00
0.60
0.00
0.00
0.00
0.00
7.40
0.00
0.00
0.00
0.00
0.00
0.00
0.00
0.00
0.00
0.00
0.00
0.00
0.00
0.00
0.00
0.00
0.00
3.00
0.00
0.00
0.00
0.00
0.00
-99.00
0.00
0.00
0.00
0.00
0.00
0.00
0.00
0.00
0.00
0.00
0.00
0.00
0.00
1.60
0.80
0.00
0.00
15.20
63.20
38.80
7.60
7.20
9.00
1.40
-99.00
-99.00
0.00
0.00
0.00
19.60
18.80
21.20
8.00
0.00
0.00
0.00
0.00
0.00
0.00
0.00
0.00
0.00
0.00
0.00
0.40
2.40
1.60
4.00
16.00
0.00
31.60
0.40
2.00
0.00
0.00
0.00
0.00
0.00
0.00
0.00
0.00
2.00
0.00
0.00
0.00
0.00
3.60
0.00
-99.00
-99.00
0.00
3.20
0.00
0.00
0.40
0.00
0.00
0.00
0.00
0.00
0.00
0.00
6.80
6.80
0.00
0.00
0.00
0.00
0.00
0.00
0.00
0.00
0.00
2.00
0.00
0.00
0.40
0.00
0.00
12.00
0.00
0.00
0.00
0.00
0.00
0.00
0.00
0.00
0.00
5.20
4.20
0.00
0.00
0.00
0.00
0.00
0.00
0.00
0.00
0.00
0.00
0.00
0.00
0.00
0.00
0.00
0.00
0.00
0.00
0.00
0.00
0.00
0.00
0.00
0.00
0.00
0.00
0.00
0.00
0.00
0.00
0.00
0.00
0.00
0.00
12.40
3.60
0.80
0.00
0.00
0.00
0.00
0.00
0.00
0.00
0.00
0.00
0.00
0.00
0.00
0.00
0.00
0.00
0.00
0.00
0.00
0.00
0.00
0.00
0.00
0.00
0.00
0.00
0.00
0.00
0.00
0.00
0.00
0.00
0.00
0.00
0.00
0.00
0.00
0.00
0.00
0.00
0.00
0.00
0.00
0.00
0.40
4.00
0.00
0.00
0.00
0.00
0.00
0.00
0.00
0.00
0.00
0.00
17.00
16.80
10.80
0.00
0.00
0.60
0.00
0.00
1.60
0.00
0.00
0.00
0.00
0.00
4.60
0.00
0.00
0.00
0.00
0.00
0.00
0.00
0.00
0.00
0.00
0.00
0.00
0.00
0.00
0.00
0.00
0.00
0.00
0.00
0.00
0.00
0.00
0.00
0.00
0.00
0.00
0.00
0.00
0.00
0.00
0.00
0.00
0.00
4.00
0.40
0.00
0.00
0.00
0.00
0.00
0.00
0.00
0.00
0.00
0.00
0.00
0.00
0.00
0.00
0.00
0.00
0.00
0.00
0.00
0.00
0.00
0.00
0.00
0.00
0.00
8.60
15.60
0.00
2.00
12.00
2.40
1.20
0.00
0.00
0.00
0.00
0.00
0.00
0.00
0.00
0.00
4.20
4.20
0.00
0.00
0.00
8.20
0.00
0.00
0.00
3.20
0.00
0.00
1.80
0.00
1.00
0.00
0.00
0.00
0.00
0.00
0.00
0.00
0.00
0.00
0.00
0.00
0.00
0.00
0.00
0.00
0.00
0.00
1.00
0.20
0.00
0.00
0.00
0.00
0.00
0.00
0.00
0.00
0.00
0.00
0.00
0.00
0.00
3.20
1.80
15.50
0.00
0.00
0.00
0.00
0.90
0.00
0.00
0.00
0.00
0.00
0.00
0.00
0.00
0.00
0.00
0.00
0.00
0.20
0.00
0.00
0.00
0.00
0.00
0.00
0.00
0.00
0.00
0.00
0.00
0.00
0.00
0.00
0.20
0.00
0.20
0.00
0.40
0.00
0.40
48.40
0.00
0.00
0.00
0.00
0.00
0.00
0.00
0.20
2.60
0.70
3.40
0.00
0.00
0.00
0.00
0.00
0.80
0.40
0.00
19.40
0.00
0.00
0.00
0.00
0.00
0.00
0.00
0.40
0.00
0.00
0.00
0.00
0.00
0.00
0.00
0.00
0.00
0.00
31.40
54.40
3.40
4.40
0.00
10.20
0.00
5.20
0.20
0.20
15.40
0.00
0.00
0.00
0.40
1.40
12.40
1.00
8.40
0.40
0.00
0.00
0.20
0.60
0.60
0.00
0.40
0.20
0.00
0.00
0.00
0.00
1.60
1.20
0.20
0.00
0.00
0.00
3.20
0.00
0.00
0.00
0.00
-99.00
-99.00
-99.00
0.00
0.00
0.00
1.60
0.00
0.00
0.20
0.00
0.00
0.00
0.00
0.00
0.00
0.00
0.00
0.00
0.00
0.00
5.00
0.00
0.00
0.00
0.00
0.00
0.00
0.00
0.00
0.00
0.00
0.00
0.00
0.00
0.00
0.00
0.00
0.00
0.00
0.00
0.00
0.00
0.00
0.00
0.00
0.00
0.00
0.00
0.00
0.00
0.00
0.00
0.00
0.00
0.00
0.00
0.00
0.00
0.00
0.00
0.00
0.00
0.00
0.00
0.00
0.00
0.00
0.00
0.00
0.00
5.00
2.40
0.00
0.00
0.00
0.00
0.20
0.00
0.00
0.00
0.00
1.40
0.00
0.00
0.00
0.00
0.00
0.20
0.00
0.00
0.00
0.00
20.80
4.20
0.20
0.20
0.20
0.00
0.00
0.00
0.00
0.00
0.00
0.00
0.00
0.00
0.00
7.00
0.60
0.00
0.00
0.00
0.00
0.00
0.00
0.00
0.00
0.00
1.40
0.10
0.00
0.00
1.30
6.60
0.10
0.00
0.00
0.00
29.30
20.50
0.00
8.80
5.10
54.90
0.10
0.10
0.00
0.00
0.00
0.50
0.00
0.00
0.10
0.30
0.00
0.00
0.00
0.00
0.00
0.00
0.00
0.00
0.00
0.00
0.00
0.00
0.00
0.00
0.00
0.00
0.90
0.00
0.00
0.00
0.00
0.00
0.00
0.00
0.00
1.00
9.40
0.00
0.40
0.00
2.10
2.50
0.00
0.00
0.00
0.00
0.00
0.00
0.00
0.00
0.00
0.00
0.00
10.10
13.30
3.90
1.40
0.10
0.10
0.00
6.00
1.10
0.10
0.00
0.70
0.00
0.00
16.60
1.50
0.00
0.00
0.10
0.00
0.00
0.00
0.00
0.00
1.90
0.10
0.00
0.70
0.40
0.60
0.20
0.10
0.00
0.00
0.00
0.10
9.60
9.60
7.70
1.10
0.00
0.20
0.00
0.00
0.00
0.00
0.00
1.80
0.00
0.00
0.00
0.00
0.00
0.00
0.00
0.00
0.00
0.00
0.00
0.00
0.00
0.00
0.00
0.00
0.10
0.70
0.30
2.20
6.00
0.00
0.00
0.00
0.00
0.00
0.00
0.00
0.00
0.00
0.00
0.00
0.00
0.00
0.00
0.00
0.00
0.00
0.00
0.00
0.00
0.00
0.00
0.00
18.00
4.60
1.80
9.60
0.30
5.50
0.10
0.00
0.00
1.60
38.80
7.70
0.10
36.20
22.10
1.60
0.10
0.00
11.50
0.30
0.10
0.00
1.20
0.00
0.00
0.00
0.00
0.00
0.00
17.20
0.00
0.00
0.00
1.00
0.30
0.00
0.00
0.00
0.00
0.00
0.00
0.00
0.60
0.00
0.00
0.00
0.10
0.00
0.00
0.00
0.00
0.00
0.00
0.00
0.00
0.00
0.00
0.00
0.00
0.00
0.00
0.00
0.00
0.00
0.40
0.00
0.00
0.00
0.00
10.50
0.50
0.00
0.00
0.00
0.00
0.00
0.00
0.00
0.00
0.00
0.00
0.00
0.00
0.00
2.50
0.00
0.00
0.00
0.00
26.00
1.70
0.00
0.00
0.20
0.00
0.00
0.00
0.00
0.00
0.00
2.90
0.00
0.40
3.50
0.00
0.00
0.00
0.00
0.00
0.00
0.00
0.00
0.00
0.00
0.00
0.00
7.20
0.00
0.00
0.00
0.00
0.00
0.00
0.00
0.00
0.00
11.00
0.00
0.00
0.00
3.70
0.00
0.00
0.40
0.60
0.00
0.00
0.00
0.00
0.00
0.00
0.00
0.00
0.00
0.00
0.00
0.00
0.00
0.00
0.00
0.00
0.00
0.00
0.00
0.00
0.00
0.00
3.50
0.00
0.00
0.00
0.00
0.00
0.00
0.00
0.40
0.00
0.00
3.10
14.00
1.50
0.00
0.00
38.90
0.20
0.00
0.00
0.00
0.00
10.20
0.00
0.00
0.00
0.00
0.00
0.00
10.50
1.70
0.00
0.00
0.00
0.00
0.00
0.20
0.70
0.00
0.00
0.00
0.00
0.00
0.00
0.00
0.00
0.00
0.00
0.00
8.60
11.50
10.40
0.00
0.00
0.00
0.00
0.00
0.10
0.00
0.00
0.00
0.00
0.00
0.00
0.00
0.00
0.00
1.20
0.00
0.00
0.00
0.00
0.00
0.00
0.00
0.00
0.00
0.00
0.00
0.00
5.30
0.00
0.60
0.00
0.00
0.00
0.70
0.10
0.00
2.00
0.10
0.00
0.10
0.70
0.00
0.00
0.00
0.00
0.00
0.00
0.00
0.00
1.90
2.40
4.60
1.20
0.00
0.80
0.10
0.00
0.00
6.20
8.40
4.00
8.10
3.30
6.00
0.00
0.00
1.10
0.10
0.20
0.00
0.00
0.00
7.20
3.10
0.00
8.80
2.20
1.10
4.60
7.70
16.50
2.40
8.50
0.00
0.00
0.00
0.00
0.00
0.00
0.00
0.00
0.00
0.00
6.60
0.00
0.00
0.00
0.00
0.10
0.00
0.00
0.00
0.00
4.60
0.10
0.00
0.00
7.30
0.90
0.00
0.00
0.00
0.00
0.00
5.70
4.20
0.90
10.10
2.20
0.00
1.20
0.00
0.00
0.20
0.00
0.00
1.60
0.00
0.00
1.20
6.20
0.10
0.00
0.00
5.60
0.00
8.80
0.00
0.00
0.00
0.00
0.00
0.00
0.00
0.00
0.00
0.00
0.00
3.50
2.70
0.00
0.00
0.60
0.90
0.00
0.00
0.00
3.60
0.00
0.00
0.00
0.00
0.00
0.00
0.00
3.10
0.10
0.00
0.00
0.00
6.10
0.10
1.40
0.00
0.00
0.00
0.00
0.00
0.00
0.00
0.00
3.80
0.00
0.00
0.00
0.00
0.00
0.00
0.10
0.00
1.40
50.90
2.10
0.00
0.00
0.00
0.00
0.00
0.90
0.60
13.00
0.20
0.00
1.00
0.00
0.00
0.00
0.00
0.00
0.00
0.00
0.00
0.00
0.00
0.00
0.00
5.80
0.00
0.00
0.00
0.00
0.00
0.00
0.00
0.00
15.60
0.00
0.00
47.80
6.70
2.00
0.00
2.70
4.20
0.10
8.50
0.00
0.70
0.00
0.00
0.00
0.00
0.00
0.00
0.00
1.30
0.00
0.00
0.00
0.00
0.00
0.00
0.00
0.40
0.00
0.00
0.00
0.00
0.00
0.00
0.00
0.00
0.00
0.00
0.00
0.00
0.00
0.00
0.00
0.00
0.00
0.20
0.10
0.00
0.00
0.00
0.00
0.00
0.00
0.00
0.00
1.50
0.70
0.00
0.00
0.00
0.00
0.00
0.00
0.00
0.00
0.00
4.20
1.20
0.00
0.00
0.00
0.00
0.00
4.70
0.00
0.00
0.00
0.00
0.00
0.00
0.00
0.00
0.00
0.00
0.00
0.00
0.00
0.10
0.00
0.00
0.00
1.60
14.50
0.00
0.00
0.00
0.00
0.00
0.00
0.00
0.00
0.10
39.50
1.00
0.00
7.90
1.50
0.00
0.10
0.50
0.00
0.00
0.00
0.00
0.00
0.00
0.00
0.00
0.00
0.10
0.00
0.00
0.00
0.00
38.30
2.60
8.30
13.20
0.60
0.00
0.00
0.00
0.00
0.00
0.00
0.00
0.00
0.10
0.00
0.00
0.00
0.00
0.00
0.00
0.00
0.00
0.00
0.00
0.00
0.00
0.00
0.00
0.10
0.00
4.00
0.00
0.00
0.00
0.00
0.00
0.50
2.70
0.00
0.00
0.00
0.00
2.40
0.00
0.00
0.00
0.00
0.00
0.00
0.00
0.00
0.00
4.10
0.30
0.00
0.00
0.00
0.00
0.00
0.70
1.50
0.00
0.00
0.00
0.00
0.00
0.10
0.00
0.00
0.00
0.00
0.20
0.00
1.20
0.70
0.00
0.00
0.00
0.00
0.00
0.00
0.00
0.00
0.00
0.00
0.00
0.00
0.00
1.00
0.20
0.00
0.00
0.00
0.00
0.00
0.00
0.00
0.00
0.00
0.00
0.00
0.00
0.00
0.00
0.00
0.00
0.00
0.00
0.00
0.00
1.90
22.90
0.00
0.00
0.00
0.00
0.00
0.00
0.00
0.00
0.00
0.00
0.00
0.00
0.00
0.00
0.00
0.00
1.20
1.40
0.00
1.30
0.00
1.40
0.00
0.00
0.00
0.00
0.00
0.00
0.00
0.00
2.60
0.00
0.00
14.40
5.60
0.00
0.00
0.00
0.00
0.00
0.00
7.30
93.90
0.00
2.90
27.10
0.60
0.00
0.00
0.00
0.00
0.30
6.10
0.00
0.00
0.10
0.00
0.90
0.00
0.00
0.40
0.00
0.00
0.00
0.00
0.00
0.00
0.00
0.00
0.00
0.00
0.00
0.00
0.00
0.00
0.00
0.10
0.10
0.00
0.00
0.00
0.00
0.00
2.10
7.00
1.00
0.30
0.10
0.00
2.00
6.80
0.00
0.00
0.00
0.30
0.00
0.00
0.00
20.50
0.10
0.00
0.00
0.00
0.00
0.00
2.70
0.00
0.00
0.00
0.00
0.00
0.00
0.00
0.00
0.00
0.00
0.00
0.20
0.00
0.00
0.00
10.10
0.00
0.00
2.50
0.60
7.00
0.00
0.10
11.40
0.00
0.00
1.90
0.00
0.00
0.70
0.00
0.00
0.00
0.00
0.00
0.00
0.00
0.00
0.10
0.00
0.00
0.00
0.00
0.00
0.00
1.30
0.00
0.00
0.00
2.10
1.70
0.00
0.00
0.00
0.00
0.00
0.00
0.00
1.30
0.00
0.00
0.00
0.00
0.00
0.00
0.00
0.00
0.00
0.00
0.00
0.00
0.00
0.00
0.00
0.00
0.00
0.00
0.00
0.00
0.00
0.00
0.00
0.00
0.00
0.00
0.00
0.00
0.00
0.00
0.00
0.00
0.00
0.00
0.00
0.00
0.00
0.00
0.00
0.00
0.00
0.00
0.00
0.00
0.00
0.00
0.00
0.00
0.00
0.00
0.00
0.10
0.00
0.00
0.00
0.00
0.00
0.00
0.00
0.00
0.00
0.00
0.00
0.00
0.00
0.00
0.00
0.00
0.00
0.00
0.00
0.00
0.00
0.10
0.00
0.00
0.00
0.00
0.00
0.00
0.00
0.00
0.00
0.00
0.00
0.00
0.00
0.00
0.00
0.00
0.00
0.00
0.00
0.00
0.00
0.00
0.00
0.00
0.00
0.00
0.00
0.00
0.40
0.60
0.00
0.00
19.60
5.90
1.20
0.00
0.00
10.90
0.30
28.40
15.60
0.00
2.00
8.20
0.00
0.00
0.00
0.00
0.00
0.00
0.00
132.40
0.00
1.10
0.00
1.00
0.60
0.50
3.10
0.00
0.00
0.00
0.00
0.00
0.00
0.00
0.00
0.00
0.00
0.50
0.00
0.00
0.00
0.00
0.00
0.00
0.00
0.00
0.00
0.00
0.00
0.00
0.00
0.00
0.00
0.00
0.00
0.00
0.00
0.00
0.00
0.00
0.00
0.00
0.00
0.00
0.00
0.00
0.00
0.00
0.00
0.00
0.00
0.00
0.00
0.00
0.00
0.00
0.00
0.00
0.00
0.00
0.00
0.00
0.00
0.00
0.00
0.00
0.00
0.00
0.00
0.00
0.00
0.00
5.30
0.30
0.00
0.00
0.00
1.00
0.20
0.00
0.00
0.60
0.00
0.00
0.00
0.00
0.00
0.00
0.00
0.00
0.00
0.00
0.00
0.00
0.00
0.00
0.00
0.00
0.00
0.00
0.00
0.00
0.00
0.00
0.00
0.00
0.00
0.30
1.80
0.00
0.00
0.00
0.00
0.00
0.00
0.00
0.00
0.00
0.00
0.00
0.00
0.00
0.00
0.00
0.00
7.10
50.10
0.40
0.00
0.00
0.00
0.20
0.00
0.00
0.00
0.00
0.00
0.00
0.00
8.30
2.90
8.80
35.90
0.00
0.00
0.00
5.50
0.00
2.20
0.00
0.90
0.00
0.00
0.00
0.10
1.40
0.10
3.00
0.10
0.10
0.00
0.00
0.00
0.00
12.00
0.10
14.40
0.10
0.00
0.10
0.40
0.60
0.00
0.00
0.30
0.00
0.00
0.00
1.80
0.00
0.00
0.00
0.00
0.00
0.10
1.30
3.20
0.00
0.00
0.00
0.00
0.00
0.00
0.00
0.00
0.20
0.00
0.00
0.00
0.00
1.20
0.00
0.00
0.00
0.00
0.00
0.00
0.00
0.00
0.00
0.00
0.00
0.00
0.00
0.00
2.10
8.20
0.00
0.00
0.00
0.00
0.00
0.00
0.00
0.00
0.00
0.00
0.00
23.10
0.00
0.00
0.00
2.30
0.00
0.00
0.00
0.00
0.00
0.00
0.50
0.00
0.00
0.00
0.00
0.00
0.00
0.00
0.00
0.00
0.00
0.00
0.00
0.00
0.00
0.00
0.00
0.00
0.00
0.00
0.00
0.00
0.00
0.00
0.00
0.00
0.00
0.00
0.00
0.00
0.00
0.00
0.00
0.00
0.00
0.00
0.00
0.00
0.00
0.00
3.60
0.00
0.00
5.90
0.00
0.00
0.00
1.80
0.00
2.30
0.00
0.00
0.00
0.00
0.00
0.00
0.00
0.00
0.00
0.00
0.00
0.00
0.00
0.00
0.00
0.00
0.00
0.00
0.00
0.00
0.00
0.00
0.00
0.00
0.00
0.00
1.40
0.00
1.30
43.70
0.00
0.00
0.00
0.00
0.00
0.00
0.00
0.00
0.00
0.00
15.10
6.50
0.00
0.00
3.40
0.00
0.00
0.00
0.00
11.00
20.00
27.70
0.10
0.00
0.20
38.70
9.80
0.00
0.00
0.00
3.40
14.90
0.00
0.00
0.20
1.20
0.00
0.00
0.00
0.00
14.20
0.10
0.00
0.00
0.20
0.00
0.00
0.10
4.80
7.30
0.00
0.00
0.00
0.00
0.00
0.00
0.00
0.10
3.70
0.00
0.00
0.00
0.00
0.00
0.00
0.00
0.00
0.00
0.00
0.00
0.00
0.00
0.00
0.00
0.00
2.20
0.10
0.00
0.00
0.00
0.00
0.00
0.00
0.00
0.00
0.00
0.00
0.00
0.00
0.00
0.00
0.00
0.00
0.00
0.00
0.00
0.00
0.00
0.00
0.00
0.00
0.00
0.00
0.00
1.70
1.70
0.00
0.10
0.00
0.00
2.20
16.90
2.10
0.10
0.00
0.00
1.80
0.00
1.40
0.90
0.30
0.00
0.00
0.00
0.00
0.40
0.00
0.00
0.60
0.00
0.00
0.00
0.00
1.30
0.00
0.00
0.00
0.00
0.00
0.00
0.00
0.20
0.00
0.00
0.00
10.50
12.60
0.00
0.00
0.00
0.00
2.60
6.00
0.00
0.00
6.00
60.10
44.10
0.00
0.60
0.20
0.00
0.00
0.00
0.60
0.00
0.00
0.00
4.40
0.10
1.20
1.40
0.00
0.00
1.40
0.00
1.70
0.20
0.70
0.00
2.80
0.00
0.00
0.00
0.00
0.00
0.70
3.60
0.00
0.00
0.00
0.00
0.00
0.00
0.00
0.00
0.00
0.00
0.00
0.00
0.00
0.00
0.00
0.00
0.00
0.00
0.00
11.70
1.80
9.80
22.10
40.90
9.00
1.00
0.00
0.00
1.30
0.10
0.00
0.00
0.00
0.00
0.00
0.00
0.00
0.00
4.80
22.40
0.00
10.10
3.30
3.60
5.80
0.00
0.00
0.00
0.00
0.00
0.00
0.00
0.00
0.00
0.00
0.00
0.00
0.00
0.00
0.00
0.00
0.10
0.00
34.90
3.60
0.00
0.00
0.00
0.90
1.20
0.00
0.00
0.10
10.70
1.00
0.00
0.00
0.00
0.00
0.00
0.00
0.00
0.00
0.00
0.00
0.00
0.30
0.00
0.00
0.00
0.00
0.00
0.00
0.00
0.00
0.10
0.00
0.00
0.00
0.10
0.00
0.00
1.10
0.50
0.30
0.20
0.00
0.00
1.00
0.00
0.00
0.00
0.00
0.50
0.00
0.00
0.00
0.00
0.00
0.00
0.00
0.00
0.00
0.30
0.00
0.00
0.00
0.00
0.00
0.00
0.00
0.00
1.10
0.00
0.00
0.00
0.00
0.00
0.00
0.00
0.00
0.00
0.00
0.00
0.00
0.00
0.00
0.00
0.00
0.00
0.00
0.00
0.00
0.00
18.80
0.00
0.00
0.00
0.00
0.00
0.00
0.00
0.00
0.00
0.00
0.00
0.00
0.00
0.00
0.00
0.00
0.00
0.00
0.00
0.00
0.00
0.00
0.00
0.00
0.00
1.30
10.50
0.00
0.00
0.00
0.00
0.00
0.00
0.00
0.00
0.00
0.00
0.00
0.00
0.00
0.00
0.00
0.00
0.00
0.50
0.30
0.00
0.00
0.00
0.00
0.00
0.00
0.00
0.00
0.00
0.00
0.00
0.50
0.00
0.00
0.00
0.00
0.00
0.00
0.00
0.00
0.00
0.00
0.00
55.30
33.80
26.20
0.00
0.00
0.00
0.00
0.00
0.00
0.00
0.00
0.00
0.00
0.00
0.00
0.00
0.00
0.00
0.00
0.00
0.00
0.00
0.00
0.00
0.00
0.00
0.00
0.00
0.00
0.00
0.00
0.00
0.00
5.90
1.50
0.00
0.00
0.00
0.10
4.20
0.00
0.00
0.10
0.00
0.00
0.00
0.60
0.00
0.00
2.80
0.00
0.00
0.00
0.00
0.00
0.00
2.60
0.40
2.00
0.20
1.40
1.90
0.00
39.70
3.50
0.00
0.00
1.40
0.00
0.00
0.00
0.00
0.00
1.80
19.90
0.00
0.00
0.80
0.00
0.00
1.60
0.10
0.00
0.00
0.80
7.10
0.10
0.00
0.00
0.00
0.00
1.40
5.90
0.00
0.00
0.00
0.00
0.00
0.00
0.00
0.00
0.20
0.00
0.00
0.40
0.00
0.00
1.60
0.00
0.00
0.00
0.00
0.00
0.00
0.00
0.00
0.00
0.00
0.00
0.00
0.00
0.00
0.00
0.00
0.00
0.20
0.10
0.00
0.40
0.20
0.10
0.00
0.00
0.00
45.60
2.90
0.00
0.10
57.90
0.00
0.00
0.00
0.00
0.00
0.00
0.00
0.00
1.10
0.00
0.00
0.00
0.00
0.00
0.00
0.60
4.20
14.10
1.20
0.00
6.60
0.00
0.10
0.20
0.00
0.00
0.00
0.00
0.00
0.00
0.00
0.00
0.00
0.00
0.00
0.00
0.00
2.20
0.20
1.10
0.00
0.00
0.00
0.00
0.00
0.00
0.00
0.30
0.40
2.70
0.00
0.00
5.90
0.00
7.70
0.50
4.60
0.00
0.00
0.00
0.00
0.00
0.00
0.00
0.00
0.00
0.00
0.00
0.00
0.00
0.00
0.00
0.00
0.00
18.50
0.00
0.00
0.00
0.00
0.00
2.10
12.90
0.40
0.00
0.00
0.00
0.00
0.00
0.00
0.20
4.30
3.80
0.00
0.50
0.80
0.00
0.00
0.00
0.00
0.00
0.00
0.00
0.00
0.00
0.00
0.00
0.00
0.00
0.00
0.00
0.00
0.00
3.40
0.00
0.00
3.70
0.00
0.00
0.00
0.10
0.00
0.00
20.20
0.00
0.00
0.00
0.00
0.00
0.00
0.00
0.00
0.00
0.00
0.00
0.00
0.00
0.20
0.00
0.50
0.00
15.50
0.00
0.00
0.00
0.00
0.00
0.00
0.30
0.00
0.00
0.00
0.00
0.00
0.00
0.10
0.00
3.50
49.40
0.00
0.00
0.00
0.00
0.00
7.70
0.00
0.00
0.00
0.00
5.50
0.00
0.70
2.80
8.40
0.00
0.00
0.00
0.00
10.10
0.00
15.10
0.00
0.90
0.00
0.00
4.90
0.00
0.00
0.00
0.00
0.80
0.00
17.50
0.00
3.40
0.00
0.00
0.00
0.00
0.00
0.00
0.00
0.00
0.00
0.00
0.00
0.00
0.00
0.00
0.00
0.00
0.00
0.00
0.00
0.50
7.40
0.00
0.00
0.00
0.00
0.50
0.00
2.70
0.00
0.00
4.00
0.00
0.00
0.00
0.00
0.00
0.00
0.00
0.00
0.00
0.00
0.40
10.50
9.20
24.70
112.90
9.30
0.00
0.00
3.50
9.10
0.00
0.00
0.00
0.00
0.00
0.00
0.00
0.00
0.00
0.00
12.70
0.00
0.00
0.00
0.00
0.00
0.00
0.00
0.00
0.00
0.00
0.00
0.00
0.00
0.00
0.00
0.00
0.00
0.00
0.00
0.00
0.00
0.00
0.00
0.00
0.00
0.00
0.00
0.00
0.00
0.00
0.00
0.50
0.00
1.30
2.70
0.00
0.00
0.00
0.00
0.00
0.00
0.00
0.00
0.00
0.00
16.80
0.60
0.00
0.00
2.60
16.70
0.00
0.00
0.00
0.00
0.00
0.00
0.00
0.00
0.00
0.00
0.00
0.00
0.00
0.00
0.00
0.00
0.80
0.00
0.60
0.00
0.00
0.00
0.00
0.00
0.00
0.00
0.00
0.00
0.00
0.00
0.00
0.00
0.00
0.00
0.00
0.00
0.00
2.50
0.00
0.00
0.00
0.00
0.00
8.50
13.80
0.50
0.10
4.20
3.30
0.00
0.00
0.00
0.00
0.00
0.00
0.00
0.00
0.00
0.00
0.00
0.00
0.00
0.00
0.00
0.00
0.00
0.00
0.00
0.00
0.00
0.90
0.00
3.10
0.00
0.00
0.00
0.00
0.00
0.00
0.00
16.70
0.00
0.00
0.00
0.00
0.00
0.00
0.00
0.00
0.00
0.00
0.00
0.00
0.00
0.00
0.00
0.00
0.00
0.00
0.00
0.00
0.00
0.00
7.20
0.00
0.00
0.00
0.00
0.00
0.00
0.00
0.00
0.00
0.00
0.00
0.00
0.00
0.00
0.00
0.00
0.00
0.00
0.00
0.00
0.00
0.60
0.00
0.10
3.00
0.00
5.50
7.20
0.00
0.00
0.00
0.00
0.00
0.00
0.00
0.00
0.00
0.00
0.00
0.00
0.00
0.00
0.00
0.00
0.00
0.00
0.00
0.00
0.00
0.00
0.00
0.00
0.00
0.00
0.00
0.00
0.00
0.00
0.00
0.00
0.00
4.80
0.00
3.60
0.00
1.20
0.00
0.00
0.00
0.00
0.00
0.00
17.00
0.20
0.00
0.00
0.00
0.00
0.00
0.00
7.60
0.00
0.00
0.00
3.80
0.00
0.00
0.00
0.00
1.80
7.70
0.00
0.00
0.00
1.90
0.00
0.00
0.00
0.00
0.00
0.00
0.00
0.00
0.70
0.00
6.60
9.60
7.30
0.00
0.00
0.00
0.00
0.00
5.00
1.30
1.60
3.90
0.00
0.00
0.00
0.00
0.00
0.00
0.00
0.00
0.00
0.00
0.00
0.00
2.90
0.20
0.00
20.30
1.00
5.10
0.00
0.00
0.00
0.10
0.00
0.00
0.00
0.00
0.00
0.10
0.00
0.00
0.00
0.00
0.00
0.00
0.00
0.00
0.00
0.00
0.00
0.00
0.00
0.00
0.00
1.40
0.00
0.00
0.00
0.00
0.00
77.90
0.00
0.00
0.00
0.00
0.00
0.10
0.00
0.00
0.00
0.00
0.00
0.00
0.00
0.00
0.00
0.00
0.00
0.00
1.40
0.00
0.00
0.00
0.00
0.00
0.00
0.00
0.00
0.00
0.00
0.00
0.00
0.00
0.00
0.00
0.00
0.00
0.00
0.00
0.00
0.00
0.00
0.00
0.00
0.00
0.00
0.00
0.00
0.00
0.00
0.00
0.00
0.00
0.00
0.00
0.10
0.00
0.20
0.00
0.00
0.10
0.00
0.80
1.90
0.10
0.00
0.00
0.00
0.00
0.00
1.60
0.00
0.00
0.00
0.00
0.00
0.00
0.00
0.00
0.00
0.00
0.00
0.00
0.00
0.00
0.00
0.00
0.00
0.00
0.00
0.00
0.00
0.00
0.00
0.00
0.00
0.00
0.20
0.00
0.00
3.40
4.40
1.70
7.70
0.20
0.00
0.00
0.00
0.10
0.00
0.00
0.00
0.10
0.00
0.00
0.00
5.80
50.50
0.00
0.00
0.00
0.00
0.00
0.80
0.00
0.00
0.00
1.20
1.70
0.00
0.00
0.00
0.00
1.60
9.50
0.90
3.60
0.00
10.60
22.90
0.10
0.00
0.00
0.00
0.00
0.00
0.00
0.00
0.00
0.00
0.00
4.70
0.00
0.00
18.30
41.30
0.00
0.00
0.00
0.00
0.00
0.30
0.00
0.00
0.00
0.00
0.00
0.30
0.00
0.00
0.10
2.30
0.90
0.00
0.00
0.00
0.00
4.70
17.80
0.00
3.70
0.00
0.00
0.00
0.00
0.00
0.00
0.00
2.30
15.00
6.10
2.30
0.00
0.00
0.00
0.00
0.00
0.00
0.70
0.00
0.00
0.00
15.40
0.00
0.00
0.00
0.00
0.00
5.00
0.00
0.00
0.00
0.00
0.10
0.00
7.90
0.00
0.20
0.00
0.00
0.00
0.00
0.00
0.00
0.00
0.00
13.70
0.00
0.30
0.00
0.00
0.00
0.00
0.00
0.00
0.00
0.00
0.00
0.00
0.00
0.80
0.00
0.00
0.00
0.10
0.00
0.00
0.00
0.00
5.60
0.00
0.00
0.00
0.00
0.00
0.00
0.00
0.00
0.00
0.00
0.00
0.40
0.00
65.40
0.00
0.00
0.00
0.00
0.00
0.00
0.00
0.00
0.00
0.00
0.00
0.00
0.00
0.00
0.00
0.00
0.00
0.00
0.00
0.00
0.00
0.00
0.00
0.50
0.20
0.20
0.00
0.00
0.00
0.00
0.00
0.00
0.00
0.00
0.00
0.00
0.00
0.10
0.00
0.00
0.00
0.00
0.00
0.00
0.00
0.00
0.00
0.00
1.80
0.20
0.00
0.00
17.70
6.40
0.00
0.00
0.00
0.00
0.00
0.00
0.00
0.00
1.20
0.00
1.20
0.00
0.00
0.00
0.00
0.10
0.00
0.30
0.00
0.10
0.00
8.90
0.00
0.00
0.10
0.00
0.00
4.10
42.40
3.80
0.00
0.10
0.40
0.00
0.00
0.00
0.00
1.10
0.60
0.70
0.30
0.00
0.00
0.10
0.00
0.00
0.10
0.00
0.00
0.00
0.70
2.40
0.00
0.00
0.00
0.20
0.00
0.00
0.00
0.10
0.00
0.00
0.00
0.00
0.10
0.00
0.70
2.40
4.60
27.60
0.00
0.10
0.70
23.00
0.00
0.00
0.00
0.00
0.00
0.00
0.70
0.00
0.00
0.10
0.00
0.00
0.00
0.00
0.00
0.00
0.10
2.50
8.30
0.00
0.00
3.60
0.10
2.00
0.00
0.00
0.00
0.20
0.00
0.00
0.10
0.00
0.10
0.00
0.00
0.00
0.00
0.10
0.00
0.00
0.00
0.00
0.00
0.00
0.00
0.00
0.00
0.00
0.00
0.00
0.00
0.00
0.00
0.50
0.00
0.20
5.10
0.00
0.20
0.00
40.30
5.80
0.00
0.00
0.00
0.10
1.20
0.10
0.00
1.80
0.00
0.00
0.00
0.00
0.00
0.00
0.00
23.70
0.00
0.00
0.00
0.10
0.00
0.00
0.00
0.00
0.00
0.00
1.60
0.00
0.00
0.00
0.00
0.00
0.00
28.60
30.70
0.00
0.00
0.00
0.00
0.00
0.00
0.00
1.20
0.00
0.10
0.00
0.00
0.00
0.00
0.00
0.00
0.00
0.00
0.00
40.00
22.20
0.00
9.10
0.10
0.00
0.00
14.80
0.00
0.00
0.00
0.00
0.00
0.00
0.00
0.00
0.00
0.00
0.00
0.00
0.00
0.00
0.00
0.00
0.00
0.00
0.30
0.00
0.00
0.00
0.00
0.00
0.90
4.70
11.90
0.00
0.30
1.50
0.00
0.00
0.40
0.00
0.20
0.00
0.00
0.00
3.10
0.20
9.10
0.20
1.00
0.00
0.00
0.00
0.00
6.90
0.00
0.00
0.00
0.00
0.00
0.00
0.00
0.00
0.00
0.00
0.00
0.00
0.00
0.00
0.00
5.50
20.80
6.50
0.00
0.00
0.00
2.90
0.00
0.00
0.00
0.00
0.00
0.00
0.00
0.00
0.00
0.00
0.00
0.00
0.00
0.00
0.00
0.00
0.40
0.00
3.10
0.00
0.00
0.00
0.00
0.00
0.00
0.00
0.00
0.00
4.80
0.00
0.00
0.00
0.00
0.00
0.00
0.00
0.00
0.00
0.00
0.10
0.00
9.20
0.00
2.60
0.00
0.00
0.00
0.00
0.00
0.00
0.00
0.00
0.20
0.00
0.00
0.00
0.00
0.00
0.00
0.00
2.50
0.00
0.00
0.00
0.00
0.00
0.00
0.00
0.00
0.00
0.00
0.00
0.00
0.00
0.00
0.50
0.00
0.00
0.00
0.00
0.10
2.60
7.10
0.00
0.00
0.60
0.10
0.00
0.00
0.00
0.00
1.00
0.00
0.00
0.00
0.00
0.00
9.90
0.00
0.00
0.00
0.00
0.00
0.00
5.40
0.00
0.00
0.00
0.00
0.00
0.10
0.00
1.00
1.30
0.00
0.00
0.00
0.00
0.00
0.00
0.00
0.00
0.00
0.00
0.00
0.00
0.10
0.10
0.00
0.40
37.20
14.60
0.00
0.00
0.00
0.00
0.00
0.00
0.10
0.00
0.00
0.00
0.00
0.00
0.00
0.10
0.00
10.40
0.00
0.00
0.00
0.00
0.00
0.00
0.00
0.00
0.00
0.00
0.00
0.00
0.00
0.00
0.00
0.00
0.00
0.00
0.00
0.00
0.00
0.00
0.00
0.10
0.00
0.00
4.30
0.00
0.00
0.00
0.00
0.00
0.00
0.00
0.10
0.30
1.00
0.00
0.00
0.00
0.00
0.00
0.00
0.00
0.00
0.00
0.00
0.00
0.00
0.00
0.00
0.60
2.50
1.10
0.10
0.00
0.00
0.00
0.00
0.00
0.00
0.00
0.80
15.90
0.00
0.00
0.00
0.00
0.00
0.00
0.00
0.00
0.00
0.00
0.00
0.00
0.00
0.00
0.00
0.00
0.00
0.90
15.70
0.00
0.00
0.00
0.00
0.00
0.00
0.10
0.30
21.50
47.10
4.40
0.00
0.00
0.00
0.00
0.00
0.00
0.50
0.10
0.00
0.00
0.00
0.00
0.00
0.00
0.00
0.00
0.00
0.00
0.00
0.20
3.60
16.70
2.90
2.20
0.20
0.00
2.80
0.80
0.00
0.00
0.20
0.70
0.10
0.00
0.10
0.00
3.30
0.00
5.00
0.00
1.20
1.70
0.00
0.00
0.00
26.20
0.90
0.30
0.00
0.00
0.00
0.10
0.10
0.00
0.00
0.00
0.00
0.00
0.30
0.50
18.70
0.50
27.90
46.70
0.00
65.80
3.10
0.00
0.20
0.00
0.00
0.00
0.00
0.00
0.00
0.00
0.00
0.00
0.00
8.70
0.00
14.20
0.00
0.00
0.00
0.00
0.00
0.00
1.00
7.90
0.60
0.00
0.00
0.00
17.20
0.00
0.00
0.00
0.00
0.10
1.10
19.60
8.80
0.00
0.00
1.40
0.00
3.30
0.10
0.00
5.50
0.50
41.50
0.00
0.30
0.00
0.00
1.30
0.00
7.40
0.00
0.00
0.00
1.10
0.10
0.50
0.00
0.00
0.00
0.00
0.00
0.00
0.00
0.00
0.00
0.00
0.00
0.00
0.00
0.00
0.00
2.90
0.00
0.00
0.00
0.00
0.00
0.00
0.00
0.00
0.00
0.00
0.00
0.00
0.20
1.30
0.00
0.00
0.00
0.00
0.00
0.50
0.00
1.00
0.00
0.00
0.00
0.60
0.00
0.00
0.00
0.00
0.00
0.00
0.00
0.00
0.00
0.00
0.00
0.00
0.00
0.00
0.20
1.20
0.00
0.00
0.00
0.00
0.00
0.00
0.00
30.70
0.00
0.00
0.00
0.00
0.30
0.00
0.00
0.00
0.00
0.00
1.20
1.60
0.00
0.50
0.00
0.00
0.00
0.00
0.50
0.00
0.00
0.00
0.00
0.70
0.50
6.60
0.00
0.00
0.90
0.00
0.00
0.00
0.00
0.00
0.00
0.00
0.10
0.00
0.00
0.00
0.00
0.00
0.00
0.00
0.00
0.00
0.00
0.00
0.00
0.10
0.00
0.00
21.20
9.60
0.00
0.00
0.00
75.80
0.60
6.80
0.40
4.20
32.10
0.80
0.00
0.00
0.00
0.00
0.00
1.60
10.30
0.00
0.00
8.60
40.80
0.30
0.00
0.00
0.00
26.60
0.10
0.00
11.50
29.90
0.00
0.00
0.00
0.00
0.00
2.40
0.00
0.50
0.30
0.00
7.10
0.10
0.00
2.70
0.00
0.60
4.60
0.00
0.00
0.00
0.30
0.00
0.00
0.00
0.00
0.20
0.00
0.00
0.00
0.00
0.00
0.00
0.00
9.00
0.20
0.00
0.00
0.00
0.00
0.00
0.00
0.00
0.00
0.00
0.00
0.00
0.20
0.00
0.00
0.00
0.00
0.00
0.00
0.00
0.00
0.00
0.00
0.00
0.00
0.00
0.00
0.00
0.00
0.00
0.00
0.00
0.00
0.10
0.00
0.00
0.00
5.10
0.00
0.90
3.40
0.00
0.00
0.00
0.00
0.10
0.90
0.00
1.70
4.50
0.00
0.00
0.00
0.00
0.00
0.00
0.00
0.00
0.00
0.00
0.00
0.00
0.00
0.00
0.00
0.00
0.00
0.00
0.00
0.00
0.00
0.00
0.00
0.00
0.00
0.00
0.00
0.00
0.00
0.00
0.00
0.00
1.80
0.00
0.00
0.00
0.00
0.00
0.00
0.00
0.00
0.00
0.00
0.00
0.00
0.90
0.00
0.00
0.00
0.00
0.00
0.00
0.00
0.00
0.00
0.00
0.00
0.00
0.40
0.00
1.70
0.00
7.30
0.10
0.00
0.20
7.10
0.20
0.00
0.00
0.00
0.00
0.60
0.00
0.00
0.10
0.00
19.80
1.30
1.70
0.10
0.10
3.40
0.00
0.00
0.00
0.00
0.00
0.00
0.00
1.50
0.00
0.00
0.00
0.00
0.00
0.00
2.40
0.10
0.00
0.00
0.00
0.00
0.00
3.80
0.00
0.30
0.00
0.00
0.00
0.00
30.10
0.10
0.00
0.00
0.00
0.00
0.00
0.00
0.00
0.00
0.00
0.00
0.00
0.00
0.00
0.00
0.00
0.00
1.90
0.00
0.00
0.00
0.00
0.00
0.00
0.00
0.00
0.00
2.70
0.00
0.00
0.00
0.00
0.00
0.00
0.00
0.00
0.00
0.00
0.00
0.00
0.00
0.00
0.20
1.20
1.30
16.50
0.00
0.00
0.00
0.00
13.90
0.00
0.00
0.00
0.00
0.00
0.00
0.00
0.00
0.00
0.00
0.00
0.00
0.00
0.00
0.00
0.00
0.00
0.00
0.00
0.00
0.00
0.00
0.00
0.00
0.00
0.00
0.00
0.70
0.00
0.00
0.00
0.00
0.00
0.00
0.00
0.20
10.50
0.00
0.00
0.00
0.00
0.00
0.20
11.00
0.00
0.00
0.00
0.40
0.00
0.00
0.00
0.00
0.00
0.00
0.00
0.00
0.00
3.00
2.00
0.00
1.40
0.00
0.00
0.00
0.00
7.50
0.40
0.00
10.90
0.00
0.00
0.00
0.00
0.00
0.00
0.00
0.00
0.00
0.00
0.00
0.00
0.00
0.00
0.00
0.00
0.00
0.00
0.00
0.00
0.00
0.00
3.60
0.00
0.00
0.00
0.00
0.00
5.30
0.00
160.20
5.30
0.00
0.00
0.00
0.00
0.00
0.00
0.00
0.00
0.00
0.00
6.30
0.90
0.00
0.00
0.00
0.00
0.00
0.70
0.00
0.00
3.60
1.00
0.00
0.00
0.00
0.00
0.00
0.00
0.00
10.90
0.50
0.00
0.00
0.00
0.00
0.00
0.00
0.00
0.00
0.00
0.00
24.10
12.50
0.10
0.00
0.00
0.00
0.00
0.00
1.70
1.10
0.00
0.00
0.30
0.10
0.00
0.90
9.70
4.30
2.40
0.00
0.00
0.00
0.00
0.00
0.00
0.00
0.00
0.00
0.00
0.00
0.00
0.00
0.00
0.00
0.00
0.00
0.00
0.30
0.00
0.00
0.00
0.00
0.00
0.00
0.00
0.30
12.20
0.00
45.30
33.20
23.70
0.10
0.00
0.00
0.00
0.00
0.00
0.00
0.00
0.00
0.00
0.00
0.00
0.00
0.00
0.00
0.00
0.00
0.00
0.00
0.00
0.00
0.00
0.00
0.00
0.00
0.00
0.00
0.00
0.00
0.00
0.00
0.00
0.00
0.00
0.00
0.00
0.00
0.00
3.00
0.00
0.00
0.70
0.00
0.00
0.00
0.00
0.00
0.00
0.00
0.00
0.00
0.00
31.70
1.60
0.00
0.00
0.00
0.00
1.30
0.60
0.00
0.50
3.40
0.40
0.00
0.00
3.50
10.60
18.50
0.30
0.10
0.00
0.00
0.00
3.20
0.00
0.00
0.00
0.00
0.00
5.60
0.00
0.20
0.30
0.00
4.50
4.30
16.80
33.30
0.70
0.40
0.00
0.00
0.00
9.40
0.00
0.00
0.00
0.00
0.00
0.00
0.00
0.00
0.00
0.00
0.00
0.40
31.70
0.00
0.00
2.40
13.60
1.10
1.20
0.00
0.00
0.00
0.00
0.00
0.00
0.00
0.00
2.10
0.00
0.00
0.00
0.00
0.00
1.90
1.20
1.20
5.90
2.60
0.00
1.00
12.30
0.00
0.00
0.00
0.00
0.20
0.00
0.00
0.00
24.20
0.00
9.30
0.00
0.00
0.00
0.00
0.00
0.00
0.00
0.00
0.00
0.00
0.00
0.00
0.00
0.00
0.00
0.00
0.00
0.00
0.00
0.00
0.00
0.00
0.00
0.40
0.40
0.10
0.00
0.00
0.00
0.00
0.00
3.80
0.00
0.00
0.00
0.00
0.00
0.00
0.00
0.00
0.00
0.00
0.00
0.00
0.00
0.00
0.00
0.00
0.00
0.00
0.00
0.60
0.10
0.00
0.30
0.30
0.10
0.00
0.00
0.00
0.00
0.00
0.00
0.00
0.00
0.00
0.00
0.00
0.00
0.00
2.70
0.90
0.00
0.00
0.00
0.00
0.00
0.00
0.00
0.00
0.10
0.40
1.00
1.50
0.00
0.00
0.00
0.00
0.00
0.00
0.00
30.20
0.00
0.00
0.00
0.00
0.00
0.10
0.00
0.20
0.00
0.00
0.00
0.00
0.00
6.50
0.00
0.00
0.00
0.00
0.00
0.00
0.00
0.00
0.00
0.00
0.00
2.80
0.00
0.00
0.00
0.00
0.00
0.00
0.00
2.00
0.00
0.00
0.10
0.10
0.00
0.00
0.00
0.00
0.00
0.00
0.00
6.20
20.00
5.00
2.50
13.90
0.10
0.00
0.00
0.00
0.00
0.00
0.10
0.10
0.00
0.00
0.00
0.00
0.00
0.00
0.00
0.00
0.00
0.00
2.60
9.00
4.10
0.00
0.00
0.00
0.00
0.00
0.00
0.10
0.00
3.20
0.10
0.00
1.10
9.80
0.00
0.00
0.00
0.00
0.00
0.00
0.00
2.10
0.50
0.00
0.00
0.00
0.00
0.00
0.00
0.00
0.50
0.00
0.00
0.00
0.00
0.00
0.00
0.00
0.00
0.00
0.00
0.10
38.00
22.10
0.10
0.00
0.00
0.00
0.00
0.00
0.00
0.00
0.00
0.00
0.00
4.90
1.00
0.10
1.70
0.00
0.00
0.00
0.00
0.30
0.00
0.00
0.00
0.00
0.00
0.00
0.40
0.00
2.90
1.00
1.20
0.00
4.40
0.00
0.40
0.00
0.00
0.00
0.20
0.00
0.00
0.10
43.10
0.00
0.00
0.00
0.00
0.00
0.00
0.00
0.00
0.00
0.00
0.00
0.00
0.00
8.90
0.10
0.00
0.00
0.00
0.00
0.00
