20000101
0.00
0.00
0.00
0.10
0.00
0.00
0.00
1.10
1.10
0.00
0.00
0.00
0.10
6.99
14.79
0.70
0.00
0.00
0.00
0.00
0.00
0.10
0.00
0.00
0.00
1.10
0.60
0.00
0.00
0.00
0.00
0.00
0.20
0.10
0.00
0.00
0.00
0.00
0.00
0.00
0.00
0.00
0.00
0.00
0.00
0.00
2.50
0.00
0.00
0.00
0.00
0.00
0.00
0.00
0.00
0.00
0.00
0.00
0.00
0.00
2.00
0.00
0.00
0.00
0.00
0.00
0.00
0.00
0.00
0.00
0.00
0.00
0.00
0.00
0.00
0.00
0.00
0.00
0.00
0.00
0.00
0.00
1.20
0.20
0.00
0.30
10.10
5.20
0.00
0.00
1.00
0.00
2.00
0.00
0.00
0.00
0.00
0.00
0.00
0.00
0.20
27.07
0.00
0.00
0.20
0.10
0.10
2.30
0.00
0.00
0.00
0.00
0.00
24.39
0.00
0.00
0.00
1.10
6.30
0.10
0.00
0.00
0.00
0.00
0.00
0.00
0.00
0.00
0.00
1.00
5.00
0.00
0.00
0.00
0.00
0.00
0.00
3.00
0.00
0.00
0.00
0.00
3.00
0.00
0.00
0.00
0.10
6.20
0.00
0.00
0.00
0.00
0.00
0.00
0.00
0.00
5.29
1.10
0.00
0.00
0.00
45.39
9.70
0.40
3.90
2.10
0.00
0.00
0.00
0.00
0.00
0.00
0.00
0.00
0.60
0.00
0.00
0.50
0.00
0.00
0.00
0.40
0.00
0.00
0.00
0.00
0.00
0.00
0.00
0.00
0.00
10.90
53.10
2.90
0.00
0.00
0.90
0.00
0.00
0.00
0.00
0.00
0.00
0.00
1.10
0.00
9.50
0.00
0.00
0.00
0.00
0.00
0.00
0.00
0.00
0.00
0.30
0.00
0.00
0.00
0.00
0.00
0.00
0.30
0.00
0.00
0.00
0.00
0.00
0.00
0.00
0.00
0.00
0.60
0.00
0.10
0.10
0.00
0.00
0.00
0.00
0.00
4.10
0.00
0.00
0.00
6.10
8.09
0.00
0.00
0.00
0.00
0.00
0.00
0.00
0.40
0.00
0.00
0.00
0.00
0.00
1.20
8.30
3.60
0.00
0.00
0.00
0.00
0.00
0.00
0.30
11.95
6.25
3.60
0.00
0.00
0.00
0.00
0.00
0.00
0.00
0.00
0.00
3.00
4.30
0.50
17.99
0.00
12.66
3.13
0.00
0.00
0.00
0.00
0.00
10.09
0.10
0.00
0.00
0.00
0.00
0.10
0.00
0.00
4.30
0.00
0.20
0.00
0.00
0.00
0.20
0.00
0.00
0.00
0.00
0.00
0.00
1.70
5.80
0.00
0.00
0.00
0.00
0.00
0.00
0.00
0.00
2.60
0.00
0.00
0.13
0.28
0.10
0.10
7.10
0.00
1.30
5.30
0.10
0.00
0.10
0.40
0.00
0.00
0.00
0.00
0.00
0.00
0.00
0.00
0.00
0.00
0.00
0.00
1.70
10.18
21.00
45.99
8.50
0.00
0.00
0.00
0.00
0.00
0.00
0.00
0.00
0.00
0.00
0.00
0.00
1.00
2.70
0.00
0.00
0.00
0.00
0.60
20.62
9.53
30.71
18.09
0.00
0.10
1.00
0.00
0.00
0.00
0.00
0.00
0.00
0.00
0.00
12.04
5.05
0.00
0.00
0.00
0.00
0.00
0.00
0.00
0.00
0.00
0.40
0.00
0.00
0.00
0.00
5.62
17.46
0.00
0.00
0.00
0.00
0.00
0.00
0.00
0.00
0.00
4.04
2.86
0.00
0.00
0.00
0.00
1.10
0.00
0.00
0.40
0.00
0.20
4.90
0.00
1.00
0.00
6.60
0.00
0.00
0.00
1.10
0.00
0.00
0.00
0.00
0.00
0.00
0.00
0.00
0.00
7.00
0.00
0.40
8.60
0.00
0.00
0.00
0.00
0.00
0.00
0.00
0.00
4.10
0.00
0.00
0.00
0.00
0.00
0.00
0.00
0.00
0.60
0.80
0.00
3.00
0.80
0.00
0.00
0.00
0.00
0.00
0.00
0.00
0.00
0.00
1.60
11.24
1.25
7.70
23.10
11.49
0.00
0.50
0.00
0.00
0.10
0.00
0.00
0.00
0.00
0.00
0.00
2.60
2.10
0.00
0.00
0.50
0.00
0.10
61.30
0.00
0.00
0.00
0.00
0.00
0.00
1.50
0.00
0.00
0.00
0.00
0.00
0.00
0.00
0.00
0.00
16.06
0.33
0.00
0.00
0.00
0.00
0.00
0.00
0.00
0.00
0.00
0.00
0.00
0.00
0.00
0.00
0.00
0.00
0.00
0.00
0.00
-99.00
-99.00
-99.00
-99.00
-99.00
-99.00
-99.00
-99.00
-99.00
-99.00
-99.00
-99.00
-99.00
-99.00
-99.00
-99.00
-99.00
-99.00
-99.00
-99.00
-99.00
-99.00
-99.00
-99.00
-99.00
-99.00
-99.00
-99.00
-99.00
-99.00
-99.00
0.00
0.00
0.00
0.40
0.00
0.00
0.00
0.00
0.00
0.00
0.00
0.00
0.00
0.00
0.00
0.60
0.00
0.00
0.00
0.00
0.00
0.00
0.00
0.00
0.00
0.00
0.00
0.00
0.00
12.20
0.00
0.00
0.00
20.30
0.60
0.00
0.00
0.00
0.00
0.10
0.00
0.00
0.00
0.00
0.00
0.00
0.00
4.30
1.60
0.10
0.00
0.00
29.89
0.00
8.00
5.10
0.00
0.00
5.80
10.40
0.00
0.10
0.00
0.00
0.10
0.00
0.00
0.00
0.00
0.46
5.33
0.00
0.00
0.30
0.00
0.00
0.00
0.10
13.59
0.10
8.60
0.00
0.00
0.00
0.00
0.00
0.00
0.00
0.00
0.00
0.00
0.00
0.70
0.00
0.00
0.00
0.00
0.00
0.00
0.00
0.00
0.00
8.00
0.20
0.00
0.00
57.57
5.98
4.80
0.00
0.00
0.00
0.00
0.00
0.20
0.00
0.00
0.00
0.00
0.00
0.00
0.00
0.00
0.00
0.00
0.00
0.00
0.00
0.00
0.00
0.03
0.38
0.00
0.00
0.00
3.20
7.50
0.00
0.00
0.00
0.00
0.10
0.00
0.10
0.00
0.00
0.00
0.00
0.00
0.00
0.00
0.00
0.00
0.00
1.70
9.40
3.60
0.10
0.10
0.10
1.50
0.00
0.00
0.10
0.10
3.20
0.00
0.00
0.00
0.00
0.00
0.00
0.00
0.00
0.00
1.60
0.00
0.00
0.00
0.00
0.00
0.00
0.00
0.00
0.00
0.00
0.10
0.00
2.05
4.14
0.00
0.00
0.00
0.00
0.00
0.00
0.00
17.98
0.00
8.80
1.10
0.00
0.00
0.00
0.00
0.00
0.00
0.00
0.00
0.00
0.00
0.10
0.00
5.90
0.00
4.20
29.68
0.00
0.00
0.00
0.00
0.00
0.00
0.00
1.00
1.60
0.00
0.00
0.00
0.00
0.00
0.00
0.00
0.00
0.00
0.00
0.00
0.00
0.00
0.70
9.00
0.00
0.00
0.00
3.10
81.17
1.30
0.00
0.18
23.34
2.86
11.60
5.70
55.35
4.11
1.22
1.40
4.20
0.00
0.00
0.00
0.30
0.00
0.00
0.00
0.00
0.00
0.00
0.00
0.00
0.00
0.00
0.00
0.44
6.26
3.50
3.20
0.00
2.40
59.76
75.05
8.30
4.18
7.82
0.00
0.00
0.00
0.00
0.00
0.00
3.80
0.00
0.00
0.00
0.00
13.09
0.00
0.00
0.85
5.05
0.00
0.00
0.00
0.00
0.00
0.00
0.00
10.70
102.85
3.23
0.00
11.00
0.00
0.00
0.00
0.00
0.00
0.00
0.00
0.00
0.00
0.00
0.00
0.00
0.00
0.00
0.00
0.00
0.00
0.00
0.00
0.00
12.10
0.00
0.10
0.00
0.00
0.00
0.00
0.00
0.00
0.00
0.00
0.00
0.00
18.19
6.00
1.50
0.00
0.00
0.00
0.00
0.00
0.00
0.00
0.00
0.50
0.00
0.00
0.00
0.00
0.00
0.00
24.49
7.28
17.61
0.00
0.00
0.00
0.00
1.00
0.20
12.50
4.90
2.30
0.00
0.00
0.00
0.00
1.20
0.00
0.00
0.00
3.30
0.00
0.00
0.00
0.00
1.80
6.30
11.49
3.70
0.10
0.00
0.00
0.00
1.30
0.30
0.70
0.70
4.80
0.00
0.00
0.00
0.00
0.00
0.00
9.30
1.30
0.00
0.00
0.00
0.00
0.00
0.00
0.00
1.30
4.20
0.00
0.00
0.00
0.00
0.00
0.00
0.00
1.20
0.00
2.37
0.03
0.00
0.00
0.00
0.00
1.07
78.08
8.09
1.81
0.00
0.00
0.00
0.00
0.00
0.00
0.00
0.00
0.00
0.10
0.00
8.00
0.00
0.00
0.00
0.00
0.00
0.00
0.00
1.00
0.10
0.00
0.20
0.00
0.00
0.63
4.37
0.00
0.00
0.00
0.50
0.00
0.00
7.60
0.60
0.00
0.00
0.00
0.00
11.39
0.10
0.00
0.06
24.03
0.10
0.00
0.00
0.00
0.00
0.00
0.00
0.00
0.00
0.00
0.00
0.00
0.00
0.00
0.75
50.22
0.20
0.20
0.00
0.00
0.00
0.00
0.00
0.20
0.00
0.00
0.00
0.00
0.00
0.10
0.10
0.00
0.00
0.00
0.00
2.40
5.10
0.00
0.00
0.00
0.00
0.90
49.97
0.00
4.00
0.10
0.00
0.00
0.00
0.00
0.00
0.00
0.00
0.00
0.00
5.60
0.20
0.10
0.00
0.00
0.10
0.00
0.00
0.00
0.00
0.00
0.00
0.00
0.00
0.00
0.00
1.00
0.00
0.00
0.00
0.00
0.00
0.40
0.00
0.00
0.00
0.00
0.00
0.00
0.30
0.00
17.74
33.82
9.19
5.40
0.08
3.72
8.20
17.49
8.90
0.00
0.00
0.00
0.00
0.00
0.00
2.00
0.00
0.00
0.00
0.00
0.00
0.00
0.00
0.00
0.60
0.00
0.00
0.00
0.00
0.00
0.00
0.00
0.00
0.00
0.00
0.00
0.00
9.09
3.10
20.48
0.00
3.60
6.30
0.00
0.00
0.00
0.00
0.00
1.39
16.80
7.19
0.00
0.00
0.00
0.00
0.00
0.00
0.00
0.00
0.10
0.00
0.00
0.00
0.00
0.00
0.00
0.50
0.00
0.00
0.00
0.00
0.00
0.10
0.00
0.00
0.00
0.40
3.70
0.00
0.00
0.00
1.00
0.00
2.00
0.00
0.00
0.70
2.40
0.00
3.60
0.00
0.00
0.00
0.00
0.58
9.42
11.29
0.00
0.00
0.00
0.00
0.00
0.00
0.00
0.00
0.00
0.50
0.00
0.00
0.00
0.00
0.00
0.00
0.00
0.00
0.00
2.70
4.10
1.80
0.00
0.00
0.00
0.00
0.00
0.00
0.00
0.00
8.30
3.00
0.00
0.00
0.00
0.00
0.00
0.30
0.00
0.00
0.80
0.00
0.00
0.00
0.00
0.00
0.00
0.00
0.00
0.00
0.00
0.00
0.00
0.00
0.00
0.00
0.00
0.00
1.00
0.00
0.00
0.00
0.00
0.00
12.30
0.00
0.00
0.00
0.00
0.00
0.00
0.00
0.00
0.00
0.00
0.00
0.00
0.00
0.00
0.00
0.00
0.00
14.79
0.00
0.00
0.00
0.00
0.00
0.00
11.70
0.00
0.00
0.00
0.00
0.00
0.00
12.59
5.60
5.50
0.00
0.00
1.30
0.00
13.30
0.40
0.00
0.00
0.00
0.00
0.00
0.00
0.00
7.00
3.30
4.80
1.00
0.00
0.00
13.80
4.30
0.00
0.00
0.00
4.60
43.90
4.10
2.70
2.60
0.00
0.00
11.00
0.60
0.00
0.00
0.00
0.00
0.00
0.00
0.00
10.10
0.00
18.55
16.25
81.70
25.10
11.90
0.10
0.00
1.20
0.00
0.00
0.00
19.00
0.90
0.70
0.00
0.00
2.40
0.00
0.00
0.00
0.00
0.00
0.00
0.00
0.00
2.20
0.00
0.00
0.00
0.00
0.00
1.40
12.10
0.00
0.00
0.00
0.00
0.80
6.10
10.50
3.10
0.00
0.00
2.70
0.00
0.00
0.00
15.43
3.47
41.70
21.30
5.60
0.00
3.70
5.70
0.10
1.70
0.10
0.00
0.00
0.00
0.00
0.00
0.00
0.90
0.50
0.10
0.00
0.40
0.00
0.00
0.00
0.00
0.00
6.70
0.10
0.00
0.00
0.00
0.00
0.00
0.00
0.00
0.00
0.10
0.00
0.00
0.00
0.00
0.00
0.00
0.20
0.00
0.00
1.90
0.00
0.00
0.00
0.00
0.00
0.10
0.80
0.00
0.10
6.20
0.00
0.00
0.00
0.00
0.00
0.00
0.00
0.00
0.00
0.00
0.00
0.00
0.00
0.00
0.00
0.00
0.00
0.00
0.00
12.60
0.00
1.79
0.11
29.90
6.20
0.00
4.60
0.00
0.70
21.60
0.00
0.00
0.00
0.00
0.00
0.00
0.00
0.00
12.70
0.00
0.30
0.00
0.20
0.00
0.70
3.20
0.00
0.00
0.00
0.00
0.00
0.00
0.00
0.00
3.50
0.00
0.00
0.70
0.10
4.50
0.00
37.40
18.80
0.20
0.10
0.10
0.00
0.00
0.00
0.00
3.00
4.20
0.00
0.00
0.00
0.00
0.00
11.10
1.50
102.22
0.18
5.75
0.95
0.00
0.00
0.80
0.00
0.00
0.00
0.00
0.00
8.40
23.40
0.20
0.20
0.13
33.21
1.77
29.60
11.60
9.80
1.30
0.00
1.80
15.70
4.90
0.00
0.40
0.00
0.00
0.00
0.00
0.00
0.00
0.20
10.10
0.10
0.00
0.00
0.00
0.00
0.00
0.00
3.30
1.10
0.00
0.00
0.00
0.00
0.00
0.00
0.00
0.00
0.00
0.00
0.00
23.60
0.00
3.20
5.00
0.20
0.00
0.00
8.10
4.00
0.00
0.00
0.00
0.00
0.00
0.00
0.00
0.00
0.00
0.00
0.00
0.00
0.00
0.00
0.50
0.30
1.30
0.00
0.70
4.00
5.20
0.00
0.10
0.00
0.00
0.00
0.00
0.00
0.00
0.00
0.00
1.00
0.30
0.00
0.00
0.00
0.00
0.00
0.00
0.00
0.00
0.00
0.00
0.30
0.10
5.10
0.00
0.00
0.00
0.00
0.00
0.00
0.00
0.00
0.00
0.00
0.00
0.00
0.00
0.00
1.20
0.00
0.00
0.00
0.00
0.00
0.00
0.00
0.00
5.80
0.00
1.10
0.00
0.60
11.10
0.00
0.00
0.00
0.00
0.00
0.00
0.00
0.30
0.00
0.00
4.20
5.10
0.20
0.00
0.00
0.00
0.00
0.00
0.00
0.00
0.60
0.00
0.00
0.00
0.00
0.00
0.00
0.00
0.00
0.00
0.00
0.00
0.00
0.00
0.00
0.00
0.00
0.00
5.80
0.00
0.40
0.00
0.00
0.00
0.00
0.00
0.00
0.00
0.00
0.00
0.00
0.67
18.53
0.20
0.00
0.00
4.60
13.60
1.60
0.00
0.00
0.00
0.00
0.00
0.00
0.00
0.10
0.00
0.00
0.00
0.00
0.00
0.00
0.00
0.00
0.00
0.00
0.00
0.00
0.00
0.00
0.10
0.00
0.00
0.00
0.00
12.30
0.10
5.10
0.00
0.00
17.90
0.70
0.10
36.67
39.03
20.00
0.00
0.10
0.00
0.00
0.00
0.00
0.00
0.00
0.00
0.00
0.00
0.00
0.00
0.00
0.00
6.80
0.00
0.00
0.00
0.00
0.00
0.00
0.00
0.00
0.00
0.00
0.00
0.00
0.00
0.00
0.30
0.00
0.00
0.00
0.00
0.00
0.00
0.00
0.10
1.40
0.00
0.00
0.00
0.00
0.00
0.00
0.00
0.00
0.10
0.00
0.00
0.00
0.00
0.00
0.00
0.00
0.00
0.00
15.20
40.80
35.10
4.10
0.10
0.00
0.50
5.20
0.00
0.00
0.00
0.00
0.00
0.00
2.40
0.00
0.00
0.00
0.00
0.00
0.00
0.00
0.00
0.00
0.00
3.20
0.10
0.00
0.00
0.00
0.00
0.00
0.00
0.30
0.00
0.00
0.00
0.00
0.00
0.00
0.00
0.00
0.00
0.10
0.00
0.60
0.10
0.00
0.00
5.60
0.00
6.60
9.10
0.00
0.00
0.30
0.50
0.00
0.00
0.00
0.00
4.15
0.25
0.00
0.00
0.00
0.00
0.00
6.30
0.80
0.00
7.80
0.00
0.00
0.00
0.00
0.00
0.30
0.00
0.00
0.00
0.00
0.00
0.00
0.00
1.10
0.00
7.55
0.95
0.00
0.00
0.00
0.00
0.50
0.10
0.00
0.00
0.20
0.00
2.50
36.40
0.00
0.00
0.00
0.00
1.60
0.00
0.00
0.00
0.00
0.00
0.00
0.00
0.30
0.00
0.00
0.00
0.00
0.00
0.00
0.00
0.00
0.00
0.00
0.00
2.50
0.00
0.20
8.20
0.00
0.00
0.00
0.00
0.00
0.10
0.00
0.00
0.00
0.00
0.00
0.00
0.00
0.00
0.00
0.00
0.00
0.00
0.00
0.00
0.00
0.00
0.00
6.30
19.14
0.36
0.00
0.00
0.00
0.00
0.00
0.00
0.00
0.30
0.00
0.00
0.00
0.00
0.00
0.00
0.00
0.00
0.00
0.00
0.00
0.00
0.00
4.70
1.80
0.00
0.00
0.00
0.00
0.00
0.90
0.00
2.50
4.30
0.00
0.00
11.30
0.00
0.00
0.00
3.40
8.90
29.40
0.30
0.00
0.00
0.00
0.00
0.00
12.40
0.00
0.00
0.00
0.00
0.00
0.00
0.00
0.00
0.50
11.20
22.95
14.05
0.00
3.90
0.70
0.00
9.43
0.17
0.00
0.00
2.30
1.80
0.00
0.00
0.00
0.00
0.00
0.00
14.82
0.18
0.00
0.00
0.90
0.00
0.40
1.30
0.00
0.00
0.40
0.00
0.00
0.00
0.00
0.00
2.50
3.20
41.90
29.20
8.20
0.10
0.00
7.00
0.00
0.00
0.00
0.00
0.00
0.00
0.00
0.00
0.00
0.00
0.00
0.00
0.00
0.00
0.00
0.00
1.20
0.00
0.00
0.00
0.10
20.40
0.40
0.00
7.90
17.10
50.20
0.00
0.10
0.00
0.00
0.00
0.00
0.00
0.10
0.00
0.00
1.77
0.43
0.00
0.00
0.00
0.10
0.00
0.20
0.00
0.00
0.00
0.20
0.10
0.00
0.00
0.00
0.00
0.00
0.00
0.00
0.00
0.00
0.00
0.00
0.00
0.00
0.00
0.00
0.10
0.00
0.20
0.00
0.00
0.00
0.00
0.00
0.00
0.00
0.00
0.00
0.00
2.70
0.80
13.30
7.80
0.30
0.00
0.00
0.00
0.70
0.80
0.00
0.00
0.00
0.00
0.00
0.00
0.00
0.00
0.00
0.00
0.00
0.60
13.90
42.30
29.30
23.22
1.28
0.00
0.00
0.00
0.00
0.00
0.00
0.00
0.00
0.00
0.00
0.00
0.00
0.00
0.00
0.00
1.00
0.00
0.00
0.00
0.00
0.00
0.00
0.00
8.90
0.00
13.80
0.40
0.00
1.80
0.20
0.00
0.00
11.60
0.00
0.00
0.00
1.83
0.07
0.50
0.00
0.00
0.00
0.00
0.00
0.00
2.00
9.00
0.00
0.00
8.30
0.00
0.00
0.00
0.00
0.00
0.00
0.00
0.00
0.00
0.00
0.80
0.00
0.00
0.00
1.20
0.00
0.00
0.00
0.00
0.00
0.00
0.00
0.00
0.00
0.00
0.00
0.00
0.00
0.00
0.00
0.00
0.00
0.00
0.00
0.00
0.00
0.00
0.00
0.00
0.00
0.00
0.00
0.00
0.00
0.00
0.00
8.70
0.00
0.00
0.00
0.80
0.90
0.00
0.00
0.00
0.00
0.00
0.00
0.00
0.00
0.00
0.20
0.10
0.00
0.00
0.00
0.00
0.00
0.80
2.50
0.00
0.00
0.00
0.00
0.00
0.00
0.00
0.00
0.00
0.00
0.00
0.00
0.00
0.00
0.30
0.50
0.00
0.00
0.00
0.00
0.00
0.00
0.00
0.00
0.00
0.00
0.00
0.00
0.00
0.00
0.00
0.00
0.00
0.00
0.00
51.00
0.00
0.00
0.00
0.00
0.00
0.00
0.00
46.90
0.00
0.00
0.00
0.00
0.00
0.00
0.00
0.00
0.00
0.00
0.00
0.00
0.00
0.00
0.00
0.00
0.00
0.00
0.00
26.20
0.00
0.00
0.00
0.00
11.00
0.00
0.00
0.60
64.50
4.70
0.00
35.20
0.00
0.00
0.00
0.00
0.00
0.00
0.00
0.90
3.00
7.60
0.00
0.00
0.00
0.00
0.00
0.00
0.00
0.00
0.00
0.00
0.00
0.00
0.00
0.00
0.00
0.00
0.00
2.10
43.40
17.30
0.00
0.20
0.00
0.00
0.00
0.00
0.00
0.20
3.70
0.70
1.40
0.00
0.00
0.00
0.00
0.00
0.00
0.00
0.00
1.91
0.19
0.00
0.00
0.00
0.00
0.00
13.40
26.10
0.00
0.00
0.00
0.00
0.00
58.20
0.10
0.00
0.00
0.00
0.00
0.00
0.00
0.00
0.00
0.00
0.00
0.00
0.00
0.00
0.00
0.00
0.00
0.00
0.00
0.00
0.00
0.00
0.00
0.00
0.00
0.00
0.00
0.00
0.00
0.00
0.00
0.00
0.00
0.00
0.00
0.00
0.00
0.00
0.00
0.00
0.00
0.00
0.00
0.00
0.00
0.00
0.00
0.00
12.60
0.00
1.70
0.10
0.00
0.00
0.10
0.00
0.00
11.60
1.90
0.10
0.00
0.00
0.00
0.00
0.90
0.00
0.00
0.00
0.00
0.00
0.00
0.10
0.00
0.00
0.00
0.00
0.00
0.00
0.00
0.00
0.00
0.00
0.00
0.00
0.00
0.00
0.00
0.00
0.00
0.00
0.00
0.00
0.00
0.00
0.00
0.70
0.00
0.00
0.00
0.00
0.00
0.00
0.00
0.00
4.30
0.00
0.00
0.00
0.00
0.30
0.80
0.00
3.90
0.00
0.10
0.00
5.30
0.20
0.00
0.00
0.00
35.70
9.60
0.00
0.00
0.00
0.00
0.00
0.10
12.90
0.10
0.00
0.00
0.00
0.00
0.00
0.00
0.00
0.00
3.60
0.00
0.00
0.00
0.00
0.00
0.00
0.00
0.00
0.00
0.00
0.00
32.10
0.00
0.00
0.00
0.00
0.00
0.00
1.10
0.00
4.10
0.00
0.40
0.10
1.30
8.54
33.16
2.80
2.20
0.00
0.00
0.00
0.80
4.20
2.90
19.37
23.63
9.28
1.32
0.00
0.00
0.00
0.00
0.00
0.00
0.00
0.00
0.00
0.00
0.00
0.30
0.00
15.60
0.10
15.60
0.30
5.40
0.40
0.00
0.00
0.00
0.00
0.00
0.00
0.00
0.00
0.00
22.60
0.00
0.10
0.00
0.00
0.00
0.00
0.90
0.00
0.20
0.00
0.00
14.00
8.80
0.00
0.00
0.00
1.30
0.00
0.00
0.00
9.90
4.80
2.90
0.00
0.00
0.00
0.00
0.00
0.00
0.00
0.00
0.00
0.00
0.00
0.30
0.00
0.00
0.00
0.00
0.00
0.00
0.00
0.00
0.00
0.00
0.90
0.00
0.40
5.40
0.00
0.00
0.00
0.00
0.00
0.00
0.10
0.00
25.90
0.00
0.00
0.00
0.00
0.00
0.00
0.00
0.00
0.00
0.00
0.00
0.00
0.00
0.00
0.00
0.00
0.00
0.40
0.00
0.00
0.00
0.00
0.00
0.00
0.00
26.30
13.60
1.80
0.00
0.00
0.00
0.80
0.70
0.00
0.00
0.00
0.00
0.00
10.50
0.00
19.90
5.80
0.00
0.00
0.10
0.00
0.00
0.00
0.10
3.00
0.20
0.00
0.00
0.00
0.00
0.00
0.00
0.00
0.00
0.00
0.00
0.00
0.00
0.00
0.00
0.00
0.00
0.00
0.00
0.00
0.00
0.00
2.30
0.00
1.70
0.10
0.50
0.00
0.00
0.00
0.00
0.00
0.00
1.13
3.27
7.40
0.00
1.08
5.72
0.40
23.13
0.07
0.00
0.00
0.00
0.00
0.00
6.40
0.00
0.00
0.00
0.00
0.00
0.00
0.00
0.20
1.10
0.40
0.00
0.00
0.00
0.00
0.00
0.00
0.00
0.00
0.00
0.00
0.00
0.00
0.00
0.00
0.00
0.00
0.00
0.00
0.00
0.00
0.00
0.00
0.00
0.40
0.00
3.22
0.18
0.00
0.00
0.00
0.00
0.00
0.00
0.00
0.00
0.00
0.00
0.00
0.00
0.00
0.00
0.00
0.00
0.00
0.00
0.00
0.00
0.00
8.60
1.40
0.20
0.10
0.00
0.00
5.65
36.85
3.10
0.10
0.00
0.00
0.10
0.00
0.00
0.00
0.10
0.10
0.00
30.40
3.00
0.00
0.00
0.00
0.00
0.00
0.00
0.67
1.43
0.00
0.00
0.00
0.00
0.00
0.00
0.00
0.00
0.00
0.00
0.00
0.00
0.00
0.00
0.00
0.00
0.00
0.00
0.00
0.00
0.00
14.70
5.70
0.10
0.00
0.00
0.00
0.00
0.00
0.00
0.00
0.00
0.00
0.00
0.00
0.00
0.70
4.20
5.40
0.00
0.00
0.00
0.00
0.60
0.00
0.00
0.00
0.00
7.00
0.10
0.00
9.00
0.00
0.00
0.00
0.00
16.40
0.00
0.00
0.00
0.00
0.00
0.00
0.00
0.00
1.50
7.10
0.00
0.00
46.60
2.40
0.00
0.00
16.30
0.10
0.00
0.00
10.80
7.80
0.00
0.00
0.00
0.00
0.00
0.00
0.00
0.00
0.00
0.40
3.30
0.50
0.10
4.80
0.00
0.00
10.60
2.80
0.00
0.60
7.10
2.50
0.80
0.00
0.00
0.00
0.00
11.70
0.00
0.30
0.00
0.00
0.00
0.00
0.00
0.00
0.00
0.00
17.35
26.63
1.02
9.60
0.00
0.00
0.00
0.00
1.00
15.40
0.00
0.00
0.00
1.10
0.10
0.60
17.50
2.30
8.70
0.00
0.00
0.10
0.00
20.80
0.10
0.30
0.00
23.50
0.50
0.80
0.00
0.00
0.40
0.00
0.00
25.30
0.30
0.80
0.90
6.40
0.00
0.00
0.00
0.00
0.00
0.00
0.00
0.00
0.00
6.80
0.00
0.00
0.00
0.20
0.00
0.00
0.00
0.00
0.00
0.00
0.00
0.00
0.00
0.00
31.70
1.80
0.10
0.00
0.00
0.00
0.00
0.00
0.40
0.00
0.00
0.00
0.00
0.00
0.00
0.00
0.00
0.00
0.00
0.00
0.00
0.00
0.00
0.00
0.60
0.00
0.00
0.00
0.00
0.00
0.00
0.00
0.00
2.20
0.00
0.00
0.00
0.00
0.00
0.00
0.00
15.57
0.03
0.00
0.80
0.00
0.00
0.00
0.00
0.00
0.00
16.60
0.10
0.00
0.00
0.00
1.50
0.00
0.00
0.00
0.00
1.20
1.20
0.00
0.00
0.00
0.00
0.00
8.10
0.10
0.00
0.00
0.00
0.00
0.00
0.00
0.00
0.00
0.00
0.00
0.00
0.00
0.00
0.10
0.00
0.00
0.00
0.40
7.00
0.10
0.00
0.00
0.60
0.30
0.00
0.00
2.20
1.60
11.50
0.00
0.00
0.00
0.00
0.00
0.50
0.10
0.00
0.00
11.70
1.50
0.00
6.10
4.30
45.60
0.00
0.00
0.30
0.60
0.20
0.00
0.00
0.00
0.00
4.00
0.10
0.30
0.00
0.00
0.00
0.00
0.00
0.00
0.00
0.00
0.00
4.60
0.00
0.00
2.09
0.31
0.40
0.00
0.00
0.10
0.00
0.00
0.00
0.00
0.00
0.00
12.40
0.50
0.00
0.00
1.40
15.00
0.00
4.00
0.00
0.00
0.00
0.00
0.10
0.10
0.10
0.10
0.10
89.70
26.90
5.45
5.50
0.00
0.00
0.00
0.00
0.00
0.00
0.00
2.90
0.00
0.00
4.10
14.50
0.00
0.10
0.00
0.00
0.10
0.00
0.00
0.00
0.50
0.10
0.00
0.18
1.32
0.00
1.00
1.30
0.00
0.00
0.00
0.00
31.40
22.50
3.40
16.60
0.00
0.00
0.00
6.00
0.10
0.00
9.80
0.10
0.00
0.00
0.00
0.00
0.00
0.00
0.00
0.00
0.00
0.00
0.00
0.00
0.00
0.00
0.00
0.00
0.00
0.70
4.50
0.00
1.80
0.00
0.00
0.00
0.00
0.00
0.00
0.00
0.00
0.00
0.00
0.00
0.00
0.00
0.00
0.00
0.00
0.00
0.00
0.00
0.00
0.00
0.00
0.00
9.80
3.10
0.60
19.30
2.10
6.70
0.80
0.00
0.00
0.00
17.80
5.70
0.00
2.10
8.00
9.10
0.00
0.00
0.00
7.00
10.80
0.10
0.00
4.30
0.70
0.00
0.00
0.00
0.90
7.90
4.80
13.70
0.20
15.67
4.63
0.00
0.00
0.00
0.00
0.00
0.00
0.00
0.00
0.20
0.00
0.00
0.00
35.00
0.00
0.00
0.00
0.00
0.00
0.00
0.00
0.00
0.00
0.00
0.00
8.90
0.40
0.00
0.00
0.00
2.40
0.00
0.00
0.00
0.00
12.30
0.00
0.00
0.00
0.00
0.00
0.00
0.00
0.00
0.00
0.00
0.00
0.00
0.00
4.20
0.10
0.00
0.00
0.00
0.00
0.00
1.00
0.00
0.00
0.00
3.90
7.00
0.00
0.00
0.30
24.40
2.10
4.90
0.00
0.00
0.30
0.00
0.00
0.00
1.06
0.04
0.00
0.00
0.00
0.00
0.00
0.00
0.00
0.00
0.00
0.00
0.00
0.00
0.00
0.00
0.00
0.00
0.00
0.80
0.00
0.00
0.00
0.00
8.00
0.00
0.30
0.00
0.00
0.00
0.00
0.00
0.00
0.00
0.00
0.00
0.00
0.00
0.00
0.00
0.00
0.00
0.00
0.00
0.00
0.10
0.00
0.00
0.00
0.10
0.60
0.00
18.10
0.00
0.00
0.00
0.00
0.00
0.00
0.00
21.00
0.10
18.70
0.30
0.00
5.80
2.90
0.00
8.60
0.00
0.00
0.00
0.00
0.00
0.00
0.00
0.00
0.00
0.00
0.00
0.00
0.00
0.00
0.00
0.00
0.00
0.00
0.40
2.60
0.10
0.00
0.00
0.00
0.00
0.00
0.00
0.00
0.00
15.14
21.16
20.70
0.10
0.00
0.00
0.00
0.00
0.00
0.00
0.10
0.00
0.00
0.70
0.00
4.80
14.70
0.10
4.80
0.10
0.00
0.00
0.00
0.00
0.00
0.00
0.00
0.00
0.00
0.00
0.00
0.00
0.00
0.00
0.00
0.00
0.00
0.00
0.00
0.00
2.20
1.80
0.10
0.00
0.00
0.00
0.00
0.00
0.00
0.00
0.00
0.00
0.00
0.00
0.00
0.00
0.00
0.00
0.00
0.50
0.00
0.00
0.00
8.40
1.30
1.50
0.00
1.20
0.00
0.00
0.00
0.00
0.00
0.00
0.00
0.00
1.42
6.77
0.00
23.70
0.00
0.00
0.00
0.00
3.05
0.25
0.90
0.00
0.00
0.00
0.00
0.00
1.30
0.10
0.00
0.00
0.60
0.00
0.00
0.00
0.00
0.00
0.00
3.80
4.50
0.00
0.00
10.30
0.90
0.20
0.00
29.50
21.80
0.00
0.00
0.00
0.00
0.00
2.72
13.97
0.00
8.80
17.40
0.00
0.00
0.00
0.00
0.00
0.00
0.00
0.00
0.00
0.00
1.97
36.43
0.60
0.80
0.00
2.20
53.60
2.10
0.00
0.00
0.00
0.00
0.00
0.00
0.00
0.00
0.00
0.00
0.00
2.33
9.67
0.00
0.00
0.80
0.00
0.00
0.00
0.00
0.00
0.00
3.60
0.10
0.00
10.20
0.00
0.00
0.60
0.00
0.00
0.00
0.00
8.40
0.00
0.00
0.70
0.00
0.00
0.00
0.00
0.00
0.00
0.00
1.00
0.00
0.00
0.00
0.00
0.00
0.00
0.00
5.90
3.00
30.70
27.90
11.30
2.40
0.10
2.00
2.80
0.00
0.00
17.40
19.60
2.60
0.50
0.00
0.00
0.00
0.00
0.00
0.00
0.00
0.00
0.00
0.00
0.00
0.00
0.60
0.00
0.00
0.00
0.00
0.00
0.00
0.00
0.00
0.90
0.00
0.00
0.00
0.00
2.90
0.00
0.00
0.90
0.20
0.00
0.00
9.10
2.40
0.00
0.00
0.00
0.00
0.00
0.00
0.00
0.00
0.00
0.00
0.00
0.00
0.00
0.00
4.60
0.00
0.00
0.00
0.00
0.10
0.00
0.00
0.00
0.00
0.00
0.00
0.00
0.00
0.00
0.00
0.00
0.00
0.00
0.00
0.00
0.00
0.00
0.00
2.70
0.00
0.00
0.00
0.00
13.90
0.10
0.00
5.80
0.00
0.00
0.00
16.30
0.00
0.00
5.90
0.00
0.80
0.00
0.00
0.00
0.00
4.50
0.00
0.00
0.00
0.00
0.00
0.00
0.00
0.00
0.00
0.00
0.00
0.00
0.00
0.00
0.00
0.00
0.00
0.00
4.40
0.30
0.00
0.00
0.00
0.00
0.00
0.00
0.00
4.90
27.50
0.00
0.00
0.00
6.00
1.60
0.00
35.10
0.00
0.00
0.00
0.00
0.00
0.00
0.00
0.00
0.00
0.60
0.00
0.00
0.00
0.10
0.00
10.00
33.20
33.20
7.30
0.00
0.00
0.00
0.00
0.00
0.00
0.00
0.00
0.00
0.00
0.00
0.00
0.00
0.00
0.00
0.00
0.00
1.20
0.20
0.00
0.00
0.00
0.00
0.00
5.20
0.00
0.00
0.00
0.00
0.00
0.00
0.00
7.70
0.00
0.00
0.10
0.00
0.00
0.00
0.00
0.90
0.00
0.00
0.00
1.10
0.40
0.27
11.43
0.00
0.00
0.00
0.00
0.00
0.00
0.00
0.00
0.00
0.00
0.00
0.00
0.00
0.00
0.00
0.00
0.00
0.00
0.00
0.00
1.10
8.40
4.90
2.50
0.00
0.00
0.00
0.00
0.00
0.00
0.00
0.00
0.00
0.00
0.00
0.00
0.00
0.00
0.00
0.30
0.00
0.00
0.00
0.00
0.00
0.00
0.00
0.00
0.00
0.00
0.00
0.00
0.00
0.00
0.00
0.00
0.00
1.00
21.30
21.90
1.70
0.60
0.00
0.00
0.00
0.00
0.00
0.00
0.00
0.00
0.00
0.00
0.00
0.00
0.00
1.40
0.00
0.00
6.60
0.00
0.00
0.60
0.00
0.00
0.00
0.00
0.00
0.00
0.10
0.00
0.00
1.80
2.40
4.30
0.60
0.00
0.00
0.20
0.00
0.00
0.00
38.70
0.50
13.60
25.70
9.30
0.10
0.00
0.00
0.00
0.00
0.30
0.00
0.00
0.00
0.00
0.90
1.90
5.60
0.10
0.70
0.00
0.00
0.00
0.00
0.00
0.00
0.00
0.00
0.00
0.00
0.00
0.00
0.00
0.00
0.00
0.00
0.00
0.00
0.00
0.00
0.00
11.90
13.30
1.80
0.00
0.20
0.10
16.60
0.10
0.10
0.00
0.30
7.30
0.00
0.00
0.00
0.10
0.30
0.00
0.00
0.00
2.20
0.00
18.80
1.90
0.00
0.00
0.00
0.00
0.00
0.00
0.00
0.00
0.00
0.00
0.00
0.00
0.00
0.00
0.60
4.90
0.10
2.20
0.10
5.20
3.20
0.00
6.90
9.50
0.00
4.70
0.10
0.00
2.20
0.00
0.00
0.00
0.00
0.00
0.00
0.00
0.00
0.00
0.00
0.00
0.00
0.00
0.00
0.00
0.00
0.00
0.00
0.00
0.00
0.00
0.00
0.00
0.00
0.00
0.00
0.00
0.00
1.40
11.50
0.00
3.80
0.00
0.20
0.00
11.50
0.00
0.00
0.00
0.00
0.00
0.20
111.20
3.30
0.80
0.00
0.90
0.00
0.00
0.00
0.20
0.00
0.10
0.00
0.00
0.00
0.00
0.00
0.00
0.00
0.00
0.30
0.00
0.00
0.00
0.00
0.00
0.00
0.00
0.00
0.00
0.00
0.00
0.10
0.00
0.00
0.00
0.00
0.00
0.00
0.00
0.10
6.30
1.20
0.00
0.00
0.00
0.00
0.00
0.00
0.00
0.00
0.00
0.00
0.00
0.00
16.50
0.10
0.00
0.00
0.00
0.00
0.10
0.00
0.00
0.00
0.00
0.00
0.00
0.00
0.00
0.00
0.00
0.00
0.00
0.00
0.00
0.00
0.00
0.00
0.00
0.00
0.00
0.00
0.00
0.00
0.00
2.00
0.20
0.00
0.00
0.00
18.70
0.60
0.00
30.10
29.60
0.10
0.00
0.00
0.00
8.10
4.20
44.40
16.40
38.40
0.00
0.00
0.00
0.00
0.10
0.00
3.70
1.80
38.30
16.10
0.10
0.00
13.40
11.50
57.30
9.40
0.00
0.00
0.00
0.00
0.00
0.00
0.00
0.00
0.00
0.00
0.00
0.00
0.00
0.10
0.00
0.00
0.00
0.00
0.10
0.00
0.00
0.00
0.00
0.00
0.00
0.00
0.00
0.00
0.00
0.00
0.00
0.00
0.00
0.00
0.00
0.00
0.00
0.00
0.00
0.00
2.40
0.00
0.00
0.00
0.00
0.00
0.00
0.00
0.00
0.00
0.00
0.10
0.00
0.00
5.70
6.80
0.10
0.00
0.00
0.00
0.00
0.00
0.00
0.00
0.00
0.00
0.00
0.00
0.00
0.00
0.00
0.00
0.00
0.00
0.00
0.00
0.00
0.00
0.00
0.00
0.00
0.00
0.00
0.00
0.00
0.00
0.00
0.00
0.00
0.00
0.00
0.00
0.00
0.00
0.00
0.00
0.00
0.00
0.00
0.00
0.00
0.00
0.00
0.00
0.00
0.00
0.00
0.00
0.00
0.00
0.00
0.00
0.00
0.00
0.00
0.00
0.00
0.00
0.00
0.00
0.00
0.00
0.00
0.00
0.00
0.00
0.00
0.00
0.00
0.00
0.00
0.00
0.00
0.00
0.00
0.00
0.00
0.00
0.00
0.00
0.00
0.00
0.00
0.00
0.00
0.00
0.00
0.00
0.00
0.00
0.00
0.00
0.00
0.00
0.00
0.00
0.00
0.00
0.00
0.00
0.00
0.00
0.00
0.00
0.00
0.00
0.00
0.00
0.00
0.00
0.00
0.00
0.00
0.00
0.00
0.00
0.00
0.00
0.00
0.00
0.00
0.00
0.00
0.00
0.00
0.00
0.00
0.00
0.00
0.00
0.00
0.00
0.00
0.00
0.00
0.00
0.00
0.00
0.00
0.00
0.00
0.00
0.00
0.00
0.00
0.00
0.00
0.00
0.00
0.00
0.00
0.00
0.00
0.00
0.00
0.00
0.00
0.00
0.00
0.00
0.00
0.00
0.00
0.00
0.00
0.00
0.00
0.00
0.00
0.00
0.00
0.00
0.00
0.00
0.00
0.00
0.00
0.00
0.00
0.00
0.00
0.00
0.00
0.00
0.00
0.00
0.00
0.00
0.00
0.00
0.00
0.00
0.00
0.00
0.00
0.00
0.00
0.00
0.00
0.00
0.00
0.00
0.00
0.00
0.00
0.00
0.00
0.00
0.00
0.00
0.00
0.00
0.00
0.00
0.00
0.00
0.00
0.00
0.00
0.00
0.00
0.00
0.00
0.00
0.00
0.00
0.00
0.00
0.00
0.00
0.00
0.00
0.00
0.00
0.00
0.00
0.00
0.00
0.00
0.00
0.00
0.00
0.00
0.00
0.00
0.00
0.00
0.00
0.00
0.00
0.00
0.00
0.00
0.00
0.00
0.00
0.00
0.00
0.00
0.00
0.00
0.00
0.00
0.00
0.00
0.00
0.00
0.00
0.00
0.00
0.00
0.00
0.00
0.00
0.00
0.00
0.00
0.00
0.00
0.00
0.00
0.00
0.00
0.00
0.00
0.00
0.00
0.00
0.00
0.00
0.00
0.00
0.00
0.00
0.00
0.00
0.00
0.00
0.00
0.00
0.00
0.00
0.00
0.00
0.00
0.00
0.00
0.00
0.00
0.00
0.00
0.00
0.00
0.00
0.00
0.00
0.00
0.00
0.00
0.00
0.00
0.00
0.00
0.00
0.00
0.00
0.00
0.00
0.00
0.00
0.00
0.00
0.00
0.00
0.00
0.00
0.00
0.00
0.00
0.00
0.00
0.00
0.00
0.00
0.00
0.00
0.00
0.00
0.00
0.00
0.00
0.00
0.00
0.00
0.00
0.00
0.00
0.00
0.00
0.00
0.00
0.00
0.00
0.00
0.00
0.00
0.00
0.00
0.00
0.00
0.00
0.00
0.00
0.00
0.00
0.00
0.00
0.00
0.00
0.00
0.00
0.00
0.00
0.00
0.00
0.00
0.00
0.00
0.00
0.00
0.00
0.00
0.00
0.00
0.00
0.00
0.00
0.00
0.00
0.00
0.00
0.00
0.00
0.00
0.00
0.00
0.00
0.00
0.00
0.00
0.00
0.00
0.00
0.00
0.00
0.00
0.00
0.00
0.00
0.00
0.00
0.00
0.00
0.00
0.00
0.00
0.00
0.00
0.00
0.00
0.00
0.00
0.00
0.00
0.00
0.00
0.00
0.00
0.00
0.00
0.00
0.00
0.00
0.00
0.00
0.00
0.00
0.00
0.00
0.00
0.00
0.00
0.00
0.00
0.00
0.00
0.00
0.00
0.00
0.00
0.00
0.00
0.00
0.00
0.00
0.00
0.00
0.00
0.00
0.00
0.00
0.00
0.00
0.00
0.00
0.00
0.00
0.00
0.00
0.00
0.00
0.00
0.00
0.00
0.00
0.00
0.00
0.00
0.00
0.00
0.00
0.00
0.00
0.00
0.00
0.00
0.00
0.00
0.00
0.00
0.00
0.00
0.00
0.00
0.00
0.00
0.00
0.00
0.00
0.00
0.00
0.00
0.00
0.00
2.00
0.00
16.20
0.00
1.30
0.00
0.00
0.00
0.00
0.00
0.00
0.00
0.00
0.00
0.00
0.00
0.00
0.00
0.00
0.00
0.00
0.00
0.00
0.00
0.00
0.00
0.00
0.00
2.00
0.90
21.30
2.20
0.00
0.00
1.40
0.00
0.00
0.00
0.00
0.00
4.10
0.00
0.00
0.00
0.00
0.00
0.00
0.00
0.00
1.10
9.60
0.00
0.00
0.00
0.00
0.00
0.00
0.00
0.00
0.00
0.00
0.00
0.00
0.00
0.00
0.00
0.00
0.00
0.00
0.00
0.00
0.00
0.00
0.00
0.00
0.00
0.00
0.00
0.00
0.00
0.00
0.00
0.00
0.00
0.00
0.00
0.00
0.00
0.00
0.00
0.00
0.00
0.00
0.00
0.00
0.00
0.00
0.00
0.00
0.00
0.00
0.00
0.00
0.00
0.00
0.00
0.00
0.00
0.00
0.00
0.00
0.00
0.00
0.30
0.50
0.00
0.00
0.00
0.00
0.00
0.00
0.00
0.00
0.00
0.00
0.00
0.00
0.00
0.00
0.00
0.00
0.00
0.00
0.00
0.00
0.00
0.00
0.00
0.00
0.00
0.00
0.00
0.00
0.00
0.00
0.00
0.00
0.00
0.00
0.00
0.00
0.00
0.00
0.00
0.10
0.00
0.00
0.00
0.00
0.00
0.00
0.00
0.00
0.00
0.00
0.10
0.70
0.00
0.00
0.00
0.00
0.00
0.00
0.00
0.00
0.00
0.00
0.00
0.00
0.00
0.00
0.40
0.00
14.20
3.10
0.00
0.00
0.00
0.00
0.00
0.00
0.00
0.00
0.00
0.00
0.00
0.00
0.00
0.00
5.80
0.00
0.00
0.00
0.00
0.00
0.00
0.00
0.00
1.30
0.00
0.00
0.00
0.00
12.90
2.40
0.00
0.00
4.60
0.10
0.00
0.10
0.00
11.10
0.00
0.00
0.40
0.00
9.80
0.30
0.10
0.00
0.10
0.00
22.50
0.00
3.40
6.70
0.00
0.00
0.00
0.00
0.00
5.00
0.10
0.00
0.10
0.00
0.90
0.00
0.00
0.10
0.00
2.30
0.10
0.80
0.00
0.00
5.50
0.00
5.30
0.00
0.00
0.00
0.00
0.00
0.00
0.00
0.00
0.00
0.00
0.00
0.00
0.00
0.00
0.00
0.00
8.30
0.00
0.00
6.50
0.00
0.00
0.00
0.00
1.20
0.00
0.00
0.00
40.00
2.10
0.00
0.00
0.00
0.00
0.00
0.00
0.70
0.00
0.00
0.00
0.00
0.00
0.00
0.00
0.00
1.90
1.60
9.20
0.00
0.00
5.30
4.90
5.10
0.10
0.00
0.00
3.50
8.20
0.00
0.00
0.00
0.00
0.00
0.00
0.00
0.00
0.10
0.00
4.90
0.00
0.00
0.00
0.00
0.00
0.00
2.60
3.20
0.00
0.00
0.00
0.00
26.20
14.60
8.40
1.10
2.70
0.00
0.00
0.10
0.00
0.00
0.00
0.00
0.00
0.00
0.00
0.00
0.00
0.00
0.00
0.70
0.00
0.00
5.80
3.90
0.00
0.00
0.00
0.00
0.00
0.00
0.00
14.90
0.00
0.00
5.10
0.00
0.00
0.00
0.00
0.00
0.00
0.00
21.80
0.00
11.20
0.00
0.00
0.00
3.20
10.50
0.00
0.00
0.00
0.20
0.00
10.40
0.10
0.00
0.00
0.00
8.60
0.00
0.00
31.60
5.50
0.00
0.00
3.50
5.70
0.00
0.80
0.00
0.40
21.50
0.90
0.60
0.00
0.00
0.00
0.00
0.00
0.70
0.00
0.00
0.00
0.00
0.50
14.80
63.20
0.60
0.00
0.00
0.00
0.00
0.00
0.30
2.60
0.00
0.00
0.00
0.00
0.00
0.00
0.00
0.00
0.00
0.00
0.00
0.00
0.00
0.00
0.00
0.00
0.00
0.00
0.00
0.00
0.00
0.00
0.00
0.10
0.70
0.00
0.00
0.00
136.10
31.50
0.20
0.00
0.00
0.00
0.00
21.50
0.00
0.00
0.00
0.00
0.00
0.00
0.20
0.00
0.00
0.00
0.00
0.00
0.00
0.00
0.00
0.00
0.00
0.00
0.00
0.00
0.00
0.00
0.00
0.00
0.00
0.00
0.00
0.00
7.70
6.00
0.00
0.00
0.00
0.00
0.20
0.00
1.00
0.00
0.00
0.10
0.10
0.00
0.00
0.00
0.00
0.00
0.00
0.00
0.00
4.70
0.10
2.10
9.60
2.20
44.70
84.40
2.80
0.00
0.20
2.40
0.00
0.00
0.20
0.00
0.00
0.00
0.00
0.00
0.00
6.20
35.50
0.20
0.40
0.00
0.00
0.00
0.00
0.00
0.10
0.00
0.10
0.00
0.00
0.20
0.00
0.00
0.00
0.00
0.00
0.00
0.00
0.00
0.00
0.00
0.00
0.00
0.00
0.00
0.00
0.00
0.00
0.00
0.50
0.10
0.00
12.80
0.00
0.00
0.00
0.00
0.00
0.00
0.00
0.00
0.00
0.00
0.00
4.70
0.10
0.00
2.70
0.00
0.00
0.00
0.40
0.10
0.00
0.00
0.00
0.00
0.00
0.00
0.00
0.00
0.00
0.00
0.00
0.00
1.60
0.00
15.20
0.10
0.00
2.40
1.90
0.00
0.00
0.00
0.00
13.30
0.00
0.00
0.00
0.00
0.00
0.00
0.00
0.00
1.20
11.40
0.10
4.20
0.50
0.10
0.00
0.00
29.20
0.20
0.60
11.20
0.40
0.00
0.00
0.00
0.00
0.00
0.00
0.00
0.00
0.00
0.00
0.00
0.00
0.00
0.00
0.00
0.00
0.00
0.00
0.00
0.00
0.00
1.00
0.10
0.00
10.00
0.00
0.00
0.00
0.10
0.00
0.00
1.10
0.10
0.00
1.00
0.10
0.00
0.00
0.00
0.00
0.00
0.00
0.00
0.00
0.00
0.00
0.00
0.00
0.00
0.00
0.10
0.00
0.00
0.00
10.00
8.20
0.00
0.00
0.00
0.00
0.00
0.00
0.00
0.00
0.00
0.00
0.00
0.30
0.00
0.00
0.00
0.00
0.00
0.00
0.00
3.00
0.00
0.00
5.10
0.00
0.40
0.20
2.70
0.00
0.00
0.00
0.00
0.00
1.40
13.40
0.00
0.00
0.00
0.00
0.00
0.00
0.00
0.00
0.00
0.00
0.00
0.00
0.00
0.00
0.00
0.00
0.00
0.00
0.00
0.00
0.00
0.00
0.00
0.00
0.00
0.00
0.00
0.00
9.20
0.00
12.80
0.00
0.00
0.00
0.00
7.60
6.30
2.20
18.20
0.00
0.00
0.00
0.00
0.00
0.00
52.10
3.50
0.10
0.00
0.00
2.00
19.00
12.00
0.00
0.40
20.10
0.10
0.00
0.00
0.00
1.40
0.00
0.00
0.00
0.00
-99.00
-99.00
-99.00
-99.00
-99.00
0.00
13.00
7.20
0.00
0.00
0.00
0.00
0.00
2.70
0.00
0.10
0.30
0.00
0.00
0.00
0.00
0.00
0.00
0.00
0.00
0.00
0.00
0.00
0.00
0.00
0.00
0.00
25.30
66.20
0.90
3.20
3.80
0.00
0.00
0.00
0.00
0.00
0.00
0.00
0.00
0.00
1.00
1.10
0.00
0.00
0.00
0.10
0.00
0.00
0.00
0.00
0.00
0.00
0.00
15.10
0.30
0.00
0.00
0.00
0.00
0.00
17.50
7.50
0.00
0.00
0.00
0.00
0.00
0.00
0.00
0.00
0.00
0.00
0.00
0.00
0.00
0.00
0.00
0.00
0.00
1.90
0.00
0.00
0.00
0.00
0.00
0.00
0.00
0.00
0.00
0.00
0.00
0.00
0.00
0.00
0.00
0.00
0.00
0.20
0.00
0.00
0.00
0.00
0.10
0.00
0.00
0.00
0.00
0.00
0.00
0.00
0.00
0.00
0.00
0.00
0.00
0.00
0.00
0.00
0.00
0.00
0.00
0.00
0.00
5.40
7.80
0.10
0.00
0.00
0.00
0.00
0.00
0.00
0.00
0.00
0.00
0.00
0.00
0.00
0.00
0.00
0.00
0.00
0.00
0.00
0.00
0.00
0.00
0.00
0.00
0.00
0.00
0.00
0.00
0.00
0.00
0.00
0.00
5.10
0.00
0.00
0.00
0.90
0.00
0.20
3.30
0.00
0.00
0.00
0.00
0.00
0.00
0.00
0.00
0.00
0.00
0.00
0.00
25.50
7.70
0.00
0.00
0.20
0.00
0.00
0.10
0.10
1.60
0.50
0.00
0.00
0.00
0.00
0.00
0.00
0.40
5.70
5.20
1.80
0.00
0.00
0.00
0.00
0.00
0.00
0.00
0.00
0.00
0.00
0.00
0.00
0.00
1.90
0.20
0.00
0.00
32.40
0.00
0.00
5.10
0.00
0.00
0.00
0.00
0.00
0.00
0.00
0.00
0.00
0.00
0.00
0.08
29.02
4.20
10.10
0.00
0.00
0.00
0.00
2.10
0.00
2.60
0.00
0.00
0.00
0.00
0.00
0.00
0.00
6.40
15.00
8.20
0.10
13.60
8.90
0.10
0.00
0.00
0.00
40.10
0.00
0.00
0.00
14.60
0.00
0.00
0.00
0.00
0.00
1.00
0.30
4.10
13.40
11.90
0.00
0.00
8.90
0.00
0.00
0.00
0.00
0.00
0.00
3.00
0.00
0.00
6.30
0.00
0.00
0.00
16.80
0.00
0.00
0.00
0.00
0.00
0.00
0.00
0.00
0.00
0.00
0.00
0.00
0.00
0.00
0.00
0.00
0.00
0.00
0.00
3.50
0.00
0.00
0.00
0.00
0.00
0.00
0.00
0.00
0.00
0.00
0.00
0.00
0.00
2.50
0.00
0.00
0.00
0.00
0.00
0.00
0.00
0.00
10.30
0.00
0.00
0.00
0.00
3.60
0.00
0.00
0.00
56.40
0.00
0.00
0.00
0.00
0.00
0.00
0.00
0.70
0.00
0.00
0.00
0.00
0.00
0.00
0.00
0.00
0.00
0.00
0.00
12.60
4.80
0.00
0.00
0.00
0.00
0.00
0.00
0.00
0.00
0.00
0.00
1.70
0.00
0.00
9.80
12.70
0.00
0.00
16.80
0.00
0.00
0.00
5.60
0.00
0.00
0.00
7.90
0.10
0.00
0.00
0.00
0.00
0.10
2.90
0.00
0.00
0.00
5.20
0.00
0.00
0.10
0.00
0.00
45.80
35.60
14.60
0.00
0.00
0.20
0.70
0.20
0.00
0.00
3.20
0.00
0.00
0.80
0.00
0.00
0.00
0.00
0.00
0.00
0.00
0.00
0.00
0.00
1.30
0.50
0.00
0.00
0.00
0.00
0.00
0.00
0.00
0.00
0.00
0.00
0.00
0.10
0.10
0.00
11.50
5.60
13.90
0.00
0.00
7.10
0.20
0.00
1.90
0.00
0.00
0.10
0.00
2.00
3.90
0.50
0.00
0.00
0.00
0.00
0.00
0.00
0.00
0.00
0.00
4.80
0.20
0.00
7.30
0.40
0.10
0.00
0.00
0.00
0.00
0.00
0.00
0.00
0.00
0.00
0.00
0.10
0.00
0.00
0.00
0.00
0.00
0.00
0.00
0.00
0.00
0.00
0.00
2.10
0.00
0.00
0.20
0.00
0.00
0.00
38.10
12.20
39.10
9.60
0.00
0.90
1.40
24.50
5.10
0.00
0.00
0.00
0.00
0.40
0.00
0.00
0.00
0.00
5.10
2.20
0.00
0.00
1.30
0.70
16.00
0.70
16.10
0.10
0.00
0.00
0.00
0.00
0.00
0.00
0.00
5.20
0.00
0.00
0.00
0.00
0.00
0.00
1.60
13.70
0.00
0.00
0.10
0.00
0.00
0.00
0.00
0.00
0.00
0.00
0.00
0.00
0.00
0.00
0.00
0.00
0.30
0.00
0.00
9.30
10.50
0.00
0.00
0.00
0.00
0.00
0.00
6.30
0.00
0.00
0.00
0.00
0.00
0.00
0.00
0.00
0.00
0.00
0.00
0.00
0.80
11.70
0.00
0.00
0.00
0.00
0.00
0.00
0.00
0.00
0.00
0.00
5.70
4.20
0.00
0.00
0.30
0.00
0.00
-99.00
0.00
0.00
1.00
0.00
0.00
0.00
0.00
3.20
0.00
0.00
0.10
0.00
0.00
0.00
1.70
5.70
0.10
0.00
0.00
0.00
0.00
0.00
0.00
0.00
0.00
0.00
0.00
0.00
0.20
3.10
0.10
0.90
0.00
0.00
0.00
0.00
0.00
0.00
0.00
0.00
0.00
0.00
0.00
0.00
0.00
0.00
0.00
0.00
0.00
0.00
0.00
0.00
0.80
0.00
0.00
5.00
0.00
66.20
4.10
0.00
0.00
0.00
0.00
0.00
0.00
0.10
10.60
0.00
0.00
0.00
0.10
0.00
0.00
0.00
0.00
0.00
0.00
0.00
3.90
0.00
0.90
0.10
0.00
0.00
0.00
0.00
0.00
0.00
0.00
0.00
0.00
0.00
0.00
0.00
0.20
0.00
2.10
1.30
19.60
0.00
0.00
0.00
0.00
0.10
0.00
0.00
0.00
0.10
0.00
0.00
0.00
0.00
0.00
0.00
0.00
0.00
0.00
0.00
0.00
6.50
0.00
0.10
0.00
0.20
0.00
3.70
0.00
0.00
19.30
0.10
0.00
0.50
0.00
0.00
13.90
7.70
0.00
9.10
0.00
0.00
0.00
0.00
0.00
0.00
5.50
0.10
0.00
0.00
0.00
8.60
0.00
0.40
0.00
0.00
0.00
0.00
0.00
0.00
0.00
0.00
0.00
0.00
0.00
0.00
0.00
0.00
0.00
11.40
26.00
0.00
0.00
0.00
0.00
0.00
0.00
0.00
0.00
0.00
0.00
0.00
0.00
0.00
0.00
0.00
2.50
1.10
0.00
0.00
0.00
0.00
0.00
0.00
0.00
0.00
0.00
0.00
0.00
0.00
0.00
0.00
0.00
0.00
0.00
0.00
0.00
0.00
0.00
0.00
0.00
1.50
0.10
2.40
0.00
0.00
0.00
0.00
0.00
0.00
0.00
0.00
0.00
0.00
0.10
0.00
0.00
0.00
0.00
0.00
3.90
0.00
0.00
0.00
0.00
0.00
0.00
0.00
0.00
0.00
0.00
0.00
0.00
0.00
0.00
0.00
0.00
0.00
0.00
0.20
26.80
0.10
0.00
0.00
0.60
0.00
3.70
0.30
0.00
0.00
0.00
0.00
0.00
0.00
0.00
0.00
0.00
0.00
0.00
7.20
0.00
0.00
0.00
0.00
0.00
4.20
0.00
0.00
16.20
25.80
7.30
0.00
0.00
0.00
0.00
0.00
2.10
0.10
0.00
0.00
0.10
4.60
0.10
0.10
0.40
3.80
0.00
0.00
0.00
0.00
1.50
0.00
11.10
6.40
0.10
0.00
3.00
12.50
0.00
0.00
0.00
0.00
0.50
0.00
2.10
0.10
0.00
0.00
1.20
0.70
0.90
3.10
0.00
0.00
0.00
0.00
22.50
0.90
0.00
0.00
0.00
0.00
0.00
0.30
0.00
0.00
0.00
0.00
0.00
0.00
0.10
53.10
2.00
16.80
37.90
4.10
7.70
7.90
0.00
0.00
0.00
0.00
0.00
0.00
0.00
0.00
0.00
0.00
0.00
0.00
0.00
0.00
7.00
0.00
0.00
0.00
0.00
0.10
1.40
7.60
12.40
14.40
13.30
0.80
0.00
17.30
21.40
2.20
0.00
0.00
0.00
0.00
0.20
0.00
0.00
2.30
0.00
0.00
0.00
2.90
0.00
0.00
0.50
19.80
0.00
0.00
0.00
14.30
0.00
3.80
18.20
0.40
0.00
0.00
0.90
0.40
0.80
0.00
0.00
0.00
0.00
0.00
0.00
0.00
0.00
0.00
0.00
0.00
0.00
0.00
0.00
0.00
2.20
0.00
0.00
0.00
0.00
0.00
0.00
0.60
0.00
3.30
0.00
0.00
0.00
0.50
0.00
0.00
0.00
0.00
33.80
0.00
0.00
0.00
0.00
0.00
4.40
0.00
42.40
0.00
0.00
0.00
0.00
0.00
0.00
0.00
0.00
0.00
0.00
0.00
0.00
0.00
0.00
0.00
25.20
0.00
0.00
0.00
0.30
0.00
0.00
0.00
57.90
0.00
0.00
0.00
0.00
0.00
14.30
0.70
0.40
0.40
0.00
0.00
10.40
3.40
4.40
0.10
0.00
0.70
0.00
0.00
19.10
0.00
0.00
0.00
0.00
0.00
0.00
0.00
0.00
0.00
0.00
0.00
0.00
0.00
0.00
0.00
0.00
0.00
0.00
0.00
0.00
0.00
0.00
0.00
0.00
0.00
0.00
0.00
0.00
0.00
0.00
2.70
3.00
15.30
4.10
0.00
0.00
7.70
41.50
27.90
7.40
3.90
35.70
0.00
0.80
0.00
0.00
0.00
0.00
0.00
0.20
17.20
9.40
0.00
0.10
40.90
1.90
0.00
0.00
0.00
6.80
2.60
0.00
0.00
17.40
0.00
0.00
0.00
0.00
3.20
37.70
0.80
12.70
36.80
0.50
0.70
0.00
0.00
1.90
0.00
0.00
1.50
0.00
0.00
0.00
1.00
0.00
0.00
0.00
0.00
0.00
0.00
0.00
0.00
0.00
0.00
0.00
0.00
10.00
1.50
0.00
2.70
0.00
0.00
0.00
0.00
0.00
0.00
0.00
0.00
0.00
0.00
0.00
0.00
0.00
0.00
0.00
0.00
0.10
0.00
0.00
0.00
0.00
0.00
0.00
0.00
0.00
0.00
0.00
0.00
0.00
0.00
0.00
1.70
0.10
0.00
7.30
0.00
0.00
0.00
0.00
0.00
0.00
0.30
1.60
0.10
0.00
0.00
0.10
1.10
0.00
0.00
0.00
0.00
0.00
0.00
0.00
0.00
0.00
0.00
0.00
0.00
0.00
0.00
0.00
0.00
0.00
0.00
0.00
0.00
0.00
0.00
0.00
0.00
0.00
0.00
0.00
0.00
0.00
0.00
0.00
0.30
0.00
0.00
0.00
0.00
1.00
0.00
6.70
0.00
0.00
0.00
0.00
0.00
0.00
0.00
0.00
0.00
0.00
0.00
0.00
0.00
0.00
0.00
0.00
0.00
0.00
0.00
11.40
17.00
0.00
3.30
5.50
0.00
2.50
0.60
0.60
0.00
0.00
0.00
0.00
0.30
0.50
0.00
0.00
0.00
4.90
0.00
3.10
7.80
0.00
0.00
1.00
0.00
0.00
0.00
0.00
0.00
1.60
10.70
0.00
0.90
0.00
0.00
7.00
0.00
0.00
6.20
0.00
0.00
0.00
0.00
0.00
8.50
28.90
1.70
0.00
0.00
0.00
0.00
4.80
1.80
0.00
0.00
0.10
0.00
0.00
0.00
0.00
0.00
0.00
0.00
0.00
0.00
0.00
0.00
0.00
0.00
10.00
0.00
0.00
0.30
0.00
0.00
0.00
0.00
0.00
0.00
0.00
0.00
0.00
0.00
0.00
0.00
0.00
0.00
0.00
0.00
0.00
0.00
0.00
0.00
0.00
0.00
0.00
0.10
34.90
0.00
0.00
0.00
0.00
0.20
0.00
0.00
0.70
0.00
0.00
0.00
0.00
0.00
0.00
0.00
0.00
0.00
7.10
0.00
0.00
0.00
0.00
0.00
0.00
0.00
0.00
0.00
0.00
0.50
0.00
0.00
0.00
0.00
0.60
0.00
0.00
1.20
0.00
0.00
0.20
0.00
0.00
0.00
0.00
0.00
0.00
0.00
0.00
2.40
0.00
0.00
0.00
0.00
8.10
0.10
0.00
0.00
4.50
0.00
0.10
3.30
0.60
21.80
4.90
0.00
0.00
0.80
0.10
0.00
0.00
0.30
0.40
0.00
7.40
0.00
0.00
0.00
0.00
0.00
0.10
0.00
0.00
0.00
0.00
0.00
0.00
0.00
0.00
0.00
0.00
0.00
0.00
0.00
0.00
0.00
0.00
0.50
0.70
0.00
0.00
0.00
0.00
2.50
4.40
26.40
72.80
0.00
0.00
0.00
0.00
0.00
0.00
0.00
1.70
1.00
3.00
0.50
0.20
1.60
0.00
0.00
0.00
0.00
0.50
0.00
0.00
0.00
2.10
0.00
0.00
0.00
0.00
0.00
0.00
0.00
12.70
7.10
0.00
0.00
0.00
0.00
0.00
0.00
0.00
0.10
0.00
0.00
94.60
27.50
0.00
0.00
0.00
0.00
0.00
0.10
0.00
0.00
0.00
0.00
0.00
0.00
0.00
0.00
0.50
0.00
0.00
0.00
0.00
0.00
0.00
0.00
0.00
0.00
0.00
0.00
0.00
0.00
0.00
0.00
0.00
0.00
0.00
0.00
0.00
8.70
0.00
0.00
0.10
0.00
0.00
0.00
0.00
0.00
0.00
77.10
106.10
42.00
19.80
0.10
0.00
0.00
0.00
0.00
0.00
0.00
0.00
0.00
0.00
0.00
0.00
0.00
0.00
0.00
0.00
0.00
0.00
0.00
8.70
0.00
0.10
0.00
0.00
0.20
0.00
0.00
0.00
0.00
0.00
0.00
0.00
0.00
0.00
0.00
0.00
0.00
0.00
0.10
0.30
0.00
0.00
0.70
0.10
0.00
0.10
0.00
0.00
0.00
0.00
0.00
0.00
24.90
0.00
0.00
0.00
0.00
0.00
1.70
27.40
0.00
0.00
9.40
0.00
0.00
0.60
0.80
4.20
13.70
0.70
0.00
0.00
0.00
0.00
0.00
0.00
0.00
0.00
0.00
0.00
26.30
0.20
0.20
0.00
0.00
5.80
11.90
9.30
81.90
33.40
0.60
0.00
0.00
21.70
0.00
2.20
0.00
0.00
0.00
0.00
0.00
0.00
0.00
0.00
0.00
0.00
1.30
8.70
0.10
0.00
0.20
19.10
0.20
0.00
0.00
0.00
0.00
0.00
0.00
0.00
0.00
0.00
0.00
0.00
0.00
0.00
0.00
0.00
0.00
27.00
7.20
19.60
21.70
0.10
0.10
23.00
9.50
0.50
12.40
0.00
0.00
0.50
2.60
0.00
4.90
8.10
7.20
0.00
0.40
0.00
0.00
0.00
0.00
0.00
0.00
0.00
0.00
0.00
0.00
0.00
11.10
4.10
0.00
0.00
0.00
0.00
0.00
0.00
0.40
0.00
0.10
0.40
0.00
4.30
0.00
0.10
0.00
0.00
0.00
0.00
0.00
0.00
29.80
0.00
0.00
0.00
0.00
0.00
0.00
0.00
0.00
0.00
0.00
0.00
0.00
0.00
0.00
0.00
0.00
0.00
0.00
0.00
25.10
0.00
0.00
0.00
0.00
0.00
0.00
0.00
0.00
0.00
0.00
0.00
0.00
0.00
0.00
0.60
4.90
1.20
0.00
18.50
0.10
0.00
0.00
0.00
0.00
1.70
2.50
1.90
2.20
0.00
0.00
0.00
0.00
0.00
0.00
0.00
0.60
0.00
0.30
1.60
0.00
0.00
0.00
0.00
0.10
0.00
0.00
0.00
0.00
0.20
13.50
0.00
0.00
0.00
0.00
0.00
0.00
0.00
15.60
0.00
0.00
4.40
20.10
0.10
0.00
0.00
0.00
0.00
0.00
0.00
0.40
0.10
0.00
0.00
0.90
0.10
0.00
0.00
0.00
0.10
0.00
0.20
0.20
0.20
0.00
0.00
8.40
0.10
0.00
0.10
0.00
0.00
0.00
0.00
0.00
0.00
0.00
0.00
0.10
0.00
0.00
0.00
0.00
0.00
1.90
11.50
17.60
33.30
0.00
0.00
0.00
0.00
0.00
0.00
0.00
0.00
0.70
0.20
0.00
0.60
1.00
0.00
0.00
0.00
0.00
0.30
2.10
1.00
0.90
0.60
0.30
0.10
0.00
0.00
0.10
0.00
0.00
0.00
0.00
0.00
0.00
0.00
0.00
0.00
0.00
0.00
0.00
0.00
0.00
27.50
0.10
0.00
0.10
0.00
0.20
0.10
0.00
0.00
0.10
0.00
0.00
0.00
1.30
0.00
0.10
0.00
0.10
0.00
0.00
0.10
4.30
0.10
0.00
0.50
0.70
0.70
0.10
0.00
10.10
2.70
0.20
0.20
0.40
2.60
4.00
1.10
0.00
0.00
0.00
0.00
0.00
0.00
1.40
2.20
1.00
0.00
0.00
0.00
0.00
0.00
0.00
0.00
0.00
0.00
1.50
0.20
0.60
1.10
0.00
0.30
0.00
5.70
0.00
0.00
