20000101
0.00
0.00
0.00
0.10
0.00
0.00
0.00
0.00
0.40
0.00
0.10
0.00
0.10
0.00
0.70
0.00
0.00
0.10
0.00
0.00
0.00
0.00
0.00
0.00
0.00
0.00
0.00
0.00
0.10
0.00
0.00
0.00
0.00
0.00
0.00
0.00
0.00
0.00
0.00
0.00
0.00
0.00
0.00
0.00
0.00
0.00
0.00
1.00
0.00
0.00
0.00
0.00
0.00
0.00
0.00
0.00
0.00
0.00
0.00
0.00
0.00
0.00
0.00
0.00
0.00
0.00
0.00
0.00
0.00
0.00
0.00
0.00
0.00
0.00
0.00
0.00
0.00
0.00
0.60
2.20
0.00
0.00
19.78
0.30
0.00
0.30
11.85
1.54
0.00
3.70
3.80
0.00
11.09
0.00
0.00
0.00
0.00
0.00
0.00
0.00
11.30
7.69
0.00
0.00
8.40
0.10
0.00
0.60
0.00
0.00
0.00
0.00
0.00
0.70
0.00
0.00
0.00
1.30
0.20
0.00
0.00
0.00
0.00
0.00
0.00
3.50
0.00
5.00
0.00
0.20
24.49
0.10
0.00
0.00
0.00
0.00
0.00
4.80
0.00
0.00
0.00
9.69
1.60
0.00
0.30
6.60
9.10
1.10
0.00
0.00
0.00
0.00
0.00
0.00
0.00
0.00
26.89
0.10
0.00
0.00
0.00
28.49
0.10
0.00
0.70
1.50
0.00
0.00
0.00
0.00
0.00
0.00
0.00
0.00
0.00
0.00
0.00
0.00
0.00
0.00
0.00
0.00
0.00
0.00
0.00
0.00
0.00
0.00
0.00
0.00
0.00
5.30
0.00
0.00
0.00
0.00
0.00
1.40
0.10
13.10
0.00
1.00
0.00
0.00
7.59
0.00
6.80
0.10
0.00
0.00
0.00
0.00
1.70
1.60
0.00
5.50
0.00
0.00
0.00
0.00
0.00
0.00
0.00
1.10
1.40
0.90
0.00
0.00
0.00
0.00
0.00
0.00
0.00
0.00
0.00
0.00
0.10
0.00
0.00
0.00
0.00
0.00
10.53
0.07
0.00
0.00
2.14
0.06
0.00
0.00
0.00
0.00
0.00
0.00
0.00
0.00
0.00
0.00
0.00
0.00
0.00
5.60
35.59
0.60
0.00
0.00
0.00
0.00
0.00
0.00
0.00
58.08
8.49
10.89
0.00
0.00
0.00
0.00
4.00
0.10
0.00
0.00
0.00
0.00
5.20
0.10
0.50
0.00
9.65
0.45
0.00
0.00
0.00
0.90
0.40
3.20
4.50
0.00
0.00
0.70
0.00
0.00
0.00
0.00
8.59
0.00
0.60
0.90
0.10
1.20
17.99
0.00
0.00
0.00
0.10
0.00
0.00
2.30
0.00
0.00
0.00
0.00
0.00
0.00
0.00
0.00
2.80
17.49
0.20
0.00
0.20
0.10
0.00
1.90
0.70
0.00
0.20
0.00
0.00
0.10
2.20
14.18
0.31
0.10
0.00
0.00
0.00
0.00
0.00
0.00
0.00
0.00
0.00
0.00
0.00
4.57
30.78
43.11
38.86
0.00
0.40
0.00
0.00
0.00
0.00
0.00
0.00
0.30
0.00
1.50
0.00
8.29
11.89
0.00
0.00
0.00
4.23
2.47
0.10
11.90
6.87
2.23
0.00
0.00
0.00
0.00
0.10
0.00
0.00
0.10
0.30
0.10
0.00
9.39
0.00
0.00
0.00
0.00
0.00
0.00
0.00
0.00
0.00
0.00
0.00
0.00
0.00
0.00
0.00
0.10
8.10
0.00
0.00
0.00
0.00
0.00
0.00
0.00
0.00
0.00
0.00
0.00
0.00
0.00
0.00
0.00
18.59
4.80
0.00
0.20
0.00
7.69
9.39
0.00
1.10
0.10
6.39
0.00
0.00
0.00
1.90
1.20
0.00
0.00
0.00
0.00
0.00
0.00
0.00
0.00
0.30
1.70
2.00
2.30
0.00
0.00
0.00
0.00
0.00
0.00
0.00
0.00
0.00
0.00
0.00
0.00
0.00
0.00
0.00
0.00
0.00
0.00
0.10
4.60
8.20
0.40
0.00
0.00
0.00
0.00
0.00
0.00
6.70
0.00
0.20
30.08
10.49
0.10
10.30
3.80
2.80
0.00
1.90
0.00
0.50
1.05
0.05
0.00
0.10
0.00
0.00
0.00
4.90
3.80
0.00
0.00
1.90
0.90
7.09
7.00
0.00
0.00
0.00
0.00
0.00
0.00
30.89
0.00
0.00
0.00
0.00
0.00
0.00
0.00
0.00
0.00
6.30
0.00
0.00
0.70
0.00
0.30
0.00
0.00
0.00
0.00
0.00
0.00
0.00
0.00
0.00
0.00
0.00
0.00
0.00
0.00
0.00
0.00
0.00
10.40
0.30
29.70
1.30
0.00
6.00
7.89
0.10
0.00
0.00
0.00
34.94
3.45
0.00
0.00
0.00
14.29
0.00
0.00
0.00
0.00
0.00
0.20
0.00
0.00
0.60
0.00
0.00
0.00
0.00
0.00
0.00
0.00
0.00
0.00
0.00
0.00
1.40
0.00
0.00
0.00
18.89
6.50
0.80
3.50
0.00
25.59
2.80
0.00
0.00
0.00
0.10
0.00
0.00
0.00
0.00
0.00
0.00
18.49
0.00
0.00
0.00
28.29
0.10
0.00
0.00
0.00
0.00
0.00
0.00
0.00
0.00
0.00
0.00
0.00
0.00
0.00
0.00
0.00
0.30
0.00
20.29
0.50
0.00
0.00
0.00
0.00
3.30
1.50
0.00
0.00
0.00
0.00
0.00
0.00
0.00
0.00
0.00
7.94
1.05
0.00
0.00
3.50
0.00
0.00
0.00
0.30
11.29
21.13
25.96
0.00
0.00
0.00
0.00
0.00
0.00
0.00
0.00
0.00
0.00
0.00
0.00
0.00
0.00
0.00
0.10
0.10
0.00
0.00
0.00
0.00
2.10
0.00
0.00
0.00
4.10
20.78
30.47
0.10
0.00
0.00
0.10
0.00
0.00
0.00
0.00
0.00
0.00
0.00
0.00
0.00
0.00
0.00
0.00
0.00
0.00
0.00
0.00
0.00
0.00
0.00
0.00
0.00
0.00
0.00
12.19
0.60
0.20
0.00
0.00
0.00
0.00
0.00
0.00
0.00
0.00
0.00
0.00
0.00
0.00
0.00
1.06
0.84
0.70
5.30
2.80
0.00
0.00
0.10
0.00
0.00
0.10
0.00
0.00
0.00
0.00
0.00
0.00
0.00
0.00
0.00
0.00
0.00
0.00
0.60
0.10
0.00
0.00
0.00
0.00
0.00
0.00
0.00
0.00
0.00
0.00
0.00
3.27
0.33
0.00
0.00
0.00
0.00
0.00
0.00
0.00
0.90
0.00
2.50
1.50
0.00
0.20
0.00
0.00
0.00
0.00
0.00
0.00
0.00
0.00
0.00
7.30
3.80
0.00
0.00
2.30
0.00
0.00
0.00
0.00
0.00
0.00
0.00
5.10
1.70
0.00
0.10
0.10
0.00
0.00
0.00
0.00
0.00
0.00
0.00
0.00
0.00
4.60
0.00
1.00
0.90
0.00
0.00
4.80
22.98
0.00
0.00
4.40
44.77
0.00
0.60
21.19
18.19
0.90
1.20
0.90
0.00
0.00
0.30
0.10
1.40
0.00
0.00
0.00
0.00
0.00
0.00
0.00
0.00
0.00
0.00
0.00
15.89
13.56
0.13
3.30
6.20
6.62
4.88
4.50
23.28
3.27
10.93
0.00
0.00
0.00
0.00
0.00
0.00
0.50
0.00
0.00
0.00
4.20
6.40
0.00
0.00
1.00
0.70
0.00
0.00
0.00
1.80
0.00
0.00
5.40
27.87
28.61
0.00
0.01
17.98
0.00
0.00
0.00
12.70
0.30
0.00
0.00
0.00
0.00
0.00
0.00
0.00
0.00
0.00
0.00
0.00
0.00
0.00
0.00
0.00
7.90
0.00
0.10
0.00
0.00
0.00
0.00
0.00
0.00
3.90
0.00
0.00
0.00
24.50
1.70
0.00
0.00
0.00
0.00
0.00
0.00
0.00
0.00
0.00
0.10
0.00
0.00
0.00
0.00
0.00
1.10
91.37
0.10
9.30
0.00
0.00
0.00
8.30
2.70
0.00
9.90
0.50
0.10
0.00
0.00
0.00
0.00
6.70
12.00
0.30
0.00
0.00
0.10
0.70
15.39
0.40
16.39
0.20
1.40
6.30
0.00
0.00
0.00
0.20
0.00
0.00
0.50
14.63
2.27
0.00
0.00
17.50
2.70
0.00
0.00
5.10
2.30
0.10
0.00
0.40
14.29
0.00
0.00
0.09
3.51
0.00
0.00
0.00
0.00
0.00
0.00
0.00
0.00
0.00
0.00
5.30
0.00
0.00
0.00
0.00
0.00
0.00
44.86
8.40
0.00
0.00
0.00
0.00
0.00
0.00
0.00
0.00
0.00
0.00
31.49
0.00
2.00
0.00
0.00
0.00
0.00
0.00
0.00
0.10
0.00
0.00
0.00
0.00
0.00
0.00
1.70
0.00
0.00
0.00
0.00
0.00
0.10
3.10
25.59
0.00
0.00
0.00
0.10
0.00
27.58
4.90
0.20
1.90
24.19
1.90
0.00
0.00
0.00
0.00
0.20
0.00
0.00
0.00
0.00
0.20
0.00
0.00
0.00
0.00
29.94
12.85
0.10
0.20
0.60
0.10
0.00
0.00
0.00
0.60
0.00
0.00
0.00
0.00
0.00
0.00
0.00
2.80
0.10
0.00
4.40
0.00
0.00
0.00
0.20
0.00
0.00
14.28
0.00
3.30
2.10
0.00
0.00
0.00
0.00
0.00
0.10
0.00
0.00
0.00
3.50
0.70
1.80
0.00
0.00
0.00
0.00
0.14
0.26
0.00
0.00
0.00
0.00
0.00
0.00
0.00
0.30
0.00
0.00
0.00
0.00
0.00
0.00
0.00
0.00
1.00
1.70
11.19
0.10
0.80
6.60
7.85
56.63
4.90
0.00
4.08
1.72
18.84
47.17
5.45
0.00
0.00
0.00
0.00
0.00
0.00
0.10
0.00
0.00
0.00
0.00
0.00
0.00
0.00
0.00
1.90
0.00
0.00
0.00
0.00
0.00
0.00
0.00
0.00
0.00
0.00
0.00
0.10
31.87
2.30
2.20
0.00
0.00
5.65
2.05
0.10
0.00
0.00
0.20
0.60
12.49
1.90
0.00
0.00
0.00
0.00
0.00
0.00
0.00
0.00
2.00
1.20
0.30
0.00
0.00
0.00
0.00
0.00
0.00
0.00
0.00
1.90
0.00
0.20
0.00
0.00
0.40
0.07
20.80
6.62
0.00
0.54
21.25
0.00
0.00
0.00
0.00
1.77
10.82
0.00
3.60
0.00
0.00
0.00
0.00
11.40
7.40
0.00
0.00
0.00
0.00
0.00
0.00
1.30
5.20
0.10
0.00
4.40
0.00
0.00
1.60
0.00
0.00
0.00
0.00
0.00
0.00
9.00
4.80
2.10
0.00
0.00
0.00
0.00
0.00
0.00
0.00
0.00
0.00
32.89
1.80
0.00
0.00
0.00
0.00
0.00
0.00
0.00
10.20
0.00
14.80
3.50
0.00
0.00
0.00
0.00
0.00
0.00
0.00
0.00
0.00
0.00
1.70
0.00
0.00
5.40
0.00
0.00
0.00
0.00
0.00
0.00
0.30
0.00
0.00
0.00
0.00
0.00
0.00
0.00
0.60
0.00
0.00
0.00
0.00
0.00
0.00
0.00
0.00
0.00
20.19
0.10
0.00
0.30
3.30
0.00
7.60
0.30
0.10
0.00
0.10
0.00
0.00
0.00
15.89
11.20
14.50
0.00
0.10
0.70
0.20
13.00
0.30
0.00
0.00
0.00
0.00
0.00
0.00
0.00
0.00
0.00
0.20
0.00
0.00
1.30
1.90
0.00
0.00
0.00
0.00
11.10
4.00
0.00
24.30
30.40
0.00
0.00
3.30
0.00
0.00
0.00
0.00
0.00
0.00
0.00
0.00
9.30
0.00
0.00
4.70
16.50
3.90
16.50
1.20
0.00
3.00
0.00
0.10
0.00
16.30
1.77
10.63
0.70
0.73
30.47
0.00
0.00
0.00
0.00
0.00
0.00
0.00
0.44
9.56
0.00
0.00
0.00
0.00
0.00
4.40
25.50
0.00
0.00
0.00
0.00
2.50
0.60
18.00
12.00
0.00
0.00
1.60
0.00
0.00
0.00
19.50
1.20
24.10
33.90
0.70
0.20
2.44
0.06
0.00
0.00
0.10
0.00
0.00
0.00
0.10
0.00
0.00
0.60
0.30
0.00
0.00
0.00
0.00
0.00
0.00
0.00
0.00
1.40
0.00
0.10
0.10
0.00
0.00
0.00
0.00
0.00
0.00
0.00
0.00
0.00
0.00
0.00
0.00
0.00
0.40
0.00
0.00
0.30
0.00
0.00
0.00
0.00
0.00
0.20
2.00
0.00
0.10
0.20
0.00
0.20
0.00
0.00
0.00
0.00
0.00
0.00
0.00
0.00
0.00
0.00
0.00
0.00
0.00
0.00
0.00
0.00
0.00
16.10
4.90
0.40
0.10
16.10
2.00
0.00
2.00
0.00
1.20
7.70
0.00
0.90
0.00
0.00
0.00
0.00
0.00
0.00
0.00
0.00
0.00
0.00
0.00
0.00
0.00
7.80
0.00
0.00
0.00
0.00
0.00
0.00
0.00
0.00
0.00
0.00
0.00
0.00
0.10
3.90
8.80
10.40
51.30
15.00
0.00
18.50
0.00
0.00
0.00
0.00
7.70
12.70
0.10
0.20
0.00
0.00
0.00
15.40
0.10
0.10
0.40
2.00
0.00
0.00
0.00
14.50
0.00
0.00
0.00
0.00
3.40
14.90
17.30
1.80
0.20
10.22
5.18
0.40
1.10
0.00
0.90
0.00
0.00
0.80
11.67
0.13
0.00
0.00
0.00
0.00
0.00
3.00
0.70
3.40
2.50
6.10
1.50
0.00
0.00
0.00
4.70
0.00
0.00
8.10
0.00
0.10
0.00
0.00
0.00
0.00
0.00
0.00
0.00
0.00
0.00
7.00
23.50
0.00
0.00
3.90
0.00
0.00
0.00
13.30
0.00
0.00
0.00
0.00
3.70
0.00
0.00
0.00
0.00
0.00
0.00
0.00
0.00
0.00
0.00
1.20
7.55
5.45
0.00
0.00
6.77
5.23
0.00
0.00
0.00
0.00
15.70
0.10
0.00
0.00
0.00
0.00
0.00
0.30
0.00
0.00
0.00
0.00
0.00
24.80
0.30
0.00
0.70
0.00
0.00
63.60
0.00
0.00
0.00
0.00
3.50
0.00
0.00
0.00
0.00
0.00
0.30
0.00
0.20
0.00
0.00
0.00
0.00
0.00
2.20
0.20
0.00
0.00
0.00
51.00
33.20
3.40
3.60
2.00
3.30
0.10
0.18
0.00
3.08
6.50
0.00
0.00
0.00
7.30
0.20
0.00
3.33
32.67
0.10
0.00
0.00
0.00
0.00
0.00
0.00
-99.00
0.40
-99.00
-99.00
-99.00
-99.00
-99.00
-99.00
-99.00
-99.00
-99.00
-99.00
-99.00
14.20
0.10
-99.00
-99.00
-99.00
-99.00
1.70
-99.00
-99.00
-99.00
-99.00
-99.00
0.58
0.63
0.20
-99.00
-99.00
-99.00
-99.00
10.50
3.30
0.70
0.10
1.80
-99.00
5.00
3.40
-99.00
-99.00
-99.00
2.60
-99.00
-99.00
-99.00
-99.00
-99.00
-99.00
-99.00
-99.00
-99.00
-99.00
-99.00
-99.00
-99.00
-99.00
-99.00
0.00
0.00
0.00
0.00
0.00
0.00
0.00
0.00
0.40
0.00
22.50
0.10
0.10
2.20
1.10
0.00
7.00
4.43
1.87
0.00
0.00
0.00
0.00
0.10
0.00
0.00
0.10
0.00
0.00
0.00
0.00
0.10
0.00
0.00
0.00
0.00
0.00
0.00
0.00
0.00
0.00
0.00
0.00
0.10
0.00
0.00
0.00
0.00
0.00
0.00
0.00
0.00
0.00
0.00
0.00
0.00
0.00
0.00
0.00
0.30
0.00
0.00
0.00
0.00
0.00
0.00
0.00
0.00
0.00
0.40
0.00
0.00
0.00
0.00
0.00
0.00
0.00
2.38
4.53
4.70
3.00
0.10
0.00
0.00
0.00
1.20
0.00
0.00
0.00
0.00
0.00
0.00
0.00
0.00
0.00
0.00
1.70
0.10
3.10
0.00
0.00
0.00
0.10
0.00
0.00
0.00
0.00
0.00
0.00
0.00
1.00
0.00
0.00
0.00
0.00
0.00
0.00
0.00
0.00
0.00
0.00
0.00
3.10
0.00
0.00
0.00
3.00
0.00
5.20
0.00
0.00
0.00
1.70
0.60
0.80
0.00
0.00
0.00
2.30
0.00
0.00
0.00
0.00
0.00
4.80
3.30
0.10
0.00
0.80
0.00
0.00
0.00
0.00
0.00
2.10
0.00
0.00
0.00
0.00
0.00
0.00
0.00
0.10
0.00
2.40
0.00
0.00
0.00
0.00
1.14
3.76
6.60
4.50
10.30
0.40
0.30
10.17
13.83
0.00
0.00
0.00
0.00
1.00
0.00
0.00
0.00
0.00
0.00
0.00
0.00
0.00
0.00
0.00
0.00
0.20
0.00
0.00
7.60
0.00
0.00
0.00
0.00
11.70
0.00
3.40
19.10
0.00
0.00
0.00
0.00
0.00
16.30
36.40
0.10
8.90
0.00
0.00
0.00
0.00
0.40
0.00
0.00
0.00
0.00
0.00
19.10
0.00
0.00
0.00
3.11
23.99
0.10
0.00
3.40
0.10
0.00
0.00
0.00
0.00
0.00
0.00
0.00
0.00
23.60
0.00
0.00
6.10
18.40
0.00
0.00
0.00
0.20
0.00
8.50
9.60
0.00
0.00
0.00
0.00
0.00
0.00
1.80
9.10
0.50
0.00
0.00
0.00
0.00
2.30
1.80
7.30
0.00
10.50
0.00
0.00
0.00
0.00
0.00
0.00
5.00
0.00
0.00
0.00
0.00
0.00
0.00
0.00
0.00
1.40
15.20
13.70
25.90
0.00
0.00
0.00
0.20
0.50
0.00
0.00
4.80
0.10
0.00
0.00
0.00
0.00
0.00
0.00
2.80
8.18
0.13
0.00
0.00
0.00
0.00
0.00
0.00
0.00
0.00
0.00
0.00
0.00
0.00
0.00
1.60
1.10
20.90
45.08
14.87
20.45
0.00
0.00
37.78
0.02
0.00
0.00
0.00
10.90
0.00
0.00
0.00
0.00
0.00
0.40
0.00
4.10
0.00
0.00
0.00
0.20
0.00
0.00
0.00
0.00
1.80
0.00
0.00
6.20
20.60
22.50
14.30
0.00
0.00
0.00
0.00
0.00
0.00
0.00
0.10
0.00
0.00
0.00
0.10
0.20
0.10
0.00
0.00
16.80
0.30
0.10
0.00
0.00
0.10
0.00
0.00
0.00
0.00
0.00
0.00
0.00
0.00
0.10
0.10
0.10
0.00
0.10
0.00
0.00
0.00
0.00
0.00
0.00
0.10
0.00
0.00
0.00
0.00
0.10
0.00
0.00
0.00
0.00
0.08
18.82
8.10
0.00
0.00
0.00
0.10
0.00
0.00
0.20
0.10
0.00
0.00
0.00
0.00
0.00
0.00
0.10
0.00
0.10
0.10
4.80
0.00
67.50
7.70
0.00
0.10
0.00
0.10
0.00
0.00
0.00
0.00
0.10
0.00
0.00
0.00
0.00
0.00
0.00
0.00
0.00
0.00
0.00
3.80
0.00
0.10
2.00
0.30
0.00
0.10
2.00
0.00
0.00
0.00
0.00
0.00
0.00
0.00
0.00
0.70
0.30
2.10
0.00
8.60
0.00
0.00
0.00
0.00
3.00
0.00
19.04
5.16
3.60
6.30
6.80
0.00
0.00
0.00
0.00
0.40
0.00
0.00
0.00
0.00
0.00
0.00
0.00
0.00
7.40
26.50
4.70
0.00
0.00
0.00
0.00
0.00
0.00
0.00
0.10
0.00
0.40
0.00
0.00
0.40
0.40
0.00
0.00
0.00
0.00
0.00
0.00
0.00
0.00
0.00
0.00
0.00
0.00
0.00
0.70
0.00
1.30
0.00
0.00
0.00
0.00
0.00
4.90
0.00
0.30
0.00
0.00
0.10
0.00
0.00
0.00
0.00
1.50
0.00
0.00
0.00
0.00
0.00
0.00
10.50
0.00
0.00
0.00
0.00
0.00
0.00
0.00
0.00
0.00
0.00
0.00
0.00
0.00
0.00
0.00
0.00
0.80
0.00
0.00
0.00
0.00
0.00
1.20
0.00
0.00
0.70
0.00
0.00
0.00
0.00
0.90
11.30
0.00
0.00
0.00
5.05
4.75
0.00
2.60
0.00
0.00
0.00
0.00
5.80
15.00
3.60
0.00
0.50
0.00
0.30
0.00
0.00
0.00
0.00
9.60
6.30
0.00
0.00
0.00
0.00
0.00
0.00
0.00
0.00
0.00
0.00
0.00
0.00
0.00
0.00
0.00
0.00
0.00
3.80
0.00
0.00
77.50
0.10
1.20
0.00
0.00
0.00
0.00
0.00
3.20
0.00
3.20
0.10
0.00
0.00
0.00
0.00
0.00
0.00
0.00
0.00
0.00
0.00
0.00
0.00
0.00
0.00
0.00
0.00
4.50
41.20
17.90
0.10
0.00
0.00
0.00
0.00
0.00
0.00
3.77
25.33
0.50
0.00
0.00
0.00
0.00
0.00
0.00
0.00
0.00
0.00
1.00
0.00
0.00
0.00
0.00
0.00
0.00
16.10
5.20
0.00
0.00
0.00
0.00
0.15
19.75
0.00
0.00
0.00
0.00
0.90
0.00
0.00
0.00
0.00
0.00
0.00
0.00
0.00
0.00
0.00
0.00
0.00
0.00
0.00
0.00
0.00
0.00
0.00
0.00
0.00
0.00
0.00
0.00
12.45
0.65
0.00
0.10
0.00
0.00
0.00
0.00
1.00
0.00
0.00
0.00
0.10
0.00
0.00
0.00
0.00
0.00
0.00
0.00
4.10
0.00
1.20
0.10
0.10
0.10
0.10
0.00
0.00
2.90
0.10
0.10
0.00
0.00
0.00
0.00
0.00
0.00
0.00
0.00
0.00
0.00
0.00
0.00
0.00
0.10
0.00
0.10
0.10
0.00
0.00
0.00
0.10
0.00
0.00
0.00
0.00
0.10
0.00
0.00
0.00
0.00
0.00
0.00
0.00
0.00
0.00
7.17
0.93
0.00
0.00
0.00
0.00
0.00
0.00
0.00
0.90
0.00
0.00
0.00
0.00
0.90
0.60
0.00
4.50
0.00
0.30
0.00
1.10
0.00
0.00
0.00
0.00
11.50
0.20
0.00
0.00
0.00
0.00
0.00
0.00
2.40
0.00
0.00
0.00
0.00
0.00
0.00
0.00
0.00
0.00
1.80
0.00
0.00
0.00
0.00
0.00
0.00
0.00
4.20
1.60
0.10
0.00
0.00
0.90
0.00
0.00
0.00
0.00
0.00
0.80
0.00
0.00
0.00
0.40
11.14
9.76
32.95
13.55
11.40
1.80
0.00
1.10
0.10
0.00
3.00
0.00
10.20
10.25
3.05
0.50
0.00
2.20
2.20
18.40
0.10
3.00
0.10
0.00
0.00
0.00
0.00
0.50
1.50
0.70
0.10
39.36
0.64
2.00
0.00
0.00
0.00
0.00
0.00
0.00
0.00
0.00
0.00
0.00
7.10
0.00
0.00
0.00
0.00
1.30
0.00
3.10
0.00
0.00
0.00
3.51
1.29
1.30
0.00
0.00
0.10
0.20
0.00
0.00
0.00
7.20
2.80
0.80
3.90
0.00
3.20
0.40
0.00
0.00
0.00
0.10
0.40
0.00
0.00
3.00
0.00
0.00
0.00
0.00
0.00
0.00
0.00
0.00
0.00
0.00
0.00
0.00
-99.00
-99.00
-99.00
-99.00
-99.00
-99.00
-99.00
-99.00
-99.00
-99.00
-99.00
-99.00
-99.00
-99.00
-99.00
-99.00
-99.00
-99.00
-99.00
-99.00
-99.00
-99.00
-99.00
-99.00
-99.00
-99.00
-99.00
-99.00
0.00
0.00
0.00
0.00
0.00
0.00
0.00
1.50
4.60
25.40
0.00
0.00
0.00
0.00
19.10
0.00
0.00
0.00
0.00
0.00
0.00
19.10
0.00
0.90
2.80
1.60
0.10
0.10
0.00
0.00
0.00
0.50
0.00
0.00
0.00
0.00
31.30
0.00
0.00
0.00
0.00
0.00
0.00
0.00
0.00
0.00
0.00
0.00
0.00
0.00
8.70
0.10
0.00
0.00
0.00
0.00
7.90
0.30
0.00
0.00
0.00
0.00
1.80
0.00
0.00
0.00
2.30
12.70
0.00
0.00
0.00
0.00
0.00
0.00
0.00
0.00
0.00
0.00
0.00
0.00
0.00
0.00
0.00
0.00
0.00
0.00
0.00
0.00
1.00
0.00
0.00
0.00
0.00
0.00
0.00
0.00
0.00
0.00
0.00
0.00
0.00
0.00
0.00
0.00
0.00
0.00
0.00
0.00
0.00
0.00
0.00
0.00
0.00
0.00
16.90
0.00
0.00
0.00
0.00
0.00
0.00
0.00
0.00
0.00
0.10
0.10
0.10
0.00
0.00
0.00
0.00
0.00
0.10
0.00
0.00
0.00
0.00
0.00
0.00
0.00
0.00
0.00
0.00
0.00
2.00
0.10
0.00
0.00
0.00
0.10
0.00
0.00
0.00
0.00
0.00
0.00
0.00
0.40
18.97
3.23
0.00
0.00
0.10
0.00
1.22
0.78
4.20
0.00
0.00
0.00
0.10
0.70
0.00
0.00
0.00
0.00
0.00
0.00
0.00
0.00
0.00
0.00
0.00
0.00
0.00
0.00
0.00
7.70
0.00
11.00
15.00
0.10
0.10
0.00
0.00
0.00
0.00
0.00
0.00
0.00
0.00
0.00
0.00
0.00
0.40
2.00
0.60
0.00
0.00
0.00
0.13
2.57
0.00
0.00
0.00
0.00
0.00
0.00
0.00
0.60
0.50
0.00
0.00
0.00
0.00
0.00
0.00
0.00
0.00
0.00
0.00
0.00
0.00
0.50
10.70
0.00
0.00
2.30
0.00
1.30
0.00
2.50
0.00
0.00
0.00
21.70
0.30
0.00
0.00
0.00
0.00
0.00
0.00
0.30
1.20
9.60
4.30
2.70
0.10
0.17
0.13
0.00
0.00
4.90
18.80
0.20
21.70
0.10
0.00
1.30
0.00
0.00
0.00
0.00
2.90
0.00
0.00
0.00
0.00
0.00
1.90
0.00
8.20
0.00
0.00
27.40
24.00
2.40
2.30
0.00
6.00
1.60
4.00
9.18
23.62
0.20
0.00
0.00
3.50
5.57
14.43
53.70
0.00
15.70
16.20
0.00
0.00
1.80
9.90
10.79
1.31
10.50
20.76
0.04
0.00
0.00
8.40
0.40
3.30
0.00
3.10
0.00
0.00
2.20
1.40
0.00
0.00
0.00
0.00
0.00
0.00
0.00
0.00
20.60
3.30
0.00
0.00
13.40
2.70
0.00
0.10
0.00
0.00
3.40
1.20
0.00
0.00
0.00
6.50
39.20
10.50
0.00
0.00
0.00
0.00
0.00
0.00
0.50
0.00
0.00
0.00
0.00
0.00
0.00
0.00
0.00
0.00
0.00
0.00
0.00
0.00
0.00
0.00
0.00
0.00
0.10
0.00
0.00
0.00
1.90
0.00
0.00
5.70
0.50
0.00
0.10
0.00
16.00
0.00
0.00
13.10
0.00
0.00
0.00
3.50
2.40
0.00
0.00
0.00
0.00
0.00
0.00
0.70
0.10
0.00
2.00
0.00
0.00
0.00
0.00
4.53
5.77
0.00
0.00
0.00
0.00
0.00
4.50
0.70
0.00
0.00
1.25
2.25
3.10
0.00
5.30
0.00
0.00
0.00
0.00
0.00
0.00
0.00
0.00
0.00
0.00
0.50
0.50
0.10
0.10
0.00
2.30
0.00
0.00
0.00
3.20
0.10
6.00
0.00
0.00
0.10
0.00
2.80
4.20
0.00
0.00
0.00
11.40
1.80
1.50
59.30
35.63
58.27
0.20
0.00
0.00
0.00
0.00
0.00
0.00
0.00
0.00
14.10
0.00
0.00
0.00
0.00
0.00
0.00
0.00
0.00
0.00
0.00
0.00
0.20
0.00
0.00
0.00
0.00
5.30
0.00
0.00
0.00
0.00
0.00
0.00
0.00
0.00
0.14
3.86
0.00
0.00
0.00
1.57
10.53
0.90
0.00
0.00
0.00
0.00
0.00
0.00
0.00
0.00
0.00
0.00
3.37
0.52
0.60
2.30
0.80
0.00
0.00
0.00
0.00
0.00
0.00
3.70
6.20
2.90
2.60
11.00
0.10
0.10
0.30
0.00
0.00
0.10
0.00
0.00
1.70
0.00
0.30
1.27
0.23
1.60
0.20
0.00
0.00
0.00
0.00
0.00
3.20
12.60
14.27
11.83
0.41
0.79
1.80
0.10
0.00
0.00
0.00
3.30
0.10
0.00
0.10
0.00
0.00
0.10
0.00
0.00
0.00
0.00
0.00
0.00
0.00
0.00
0.00
0.00
0.12
3.37
1.20
0.10
3.80
0.10
0.00
0.00
0.00
0.00
0.00
0.00
0.00
0.00
0.00
0.00
0.00
0.00
0.00
0.00
0.00
0.00
0.00
0.00
0.00
0.00
0.00
0.00
25.40
0.70
0.80
13.40
0.20
4.10
0.00
0.10
2.30
0.00
25.95
1.25
0.10
5.10
8.70
0.10
0.00
0.00
21.40
3.50
1.40
1.00
0.00
0.00
0.00
0.00
0.00
0.00
0.00
6.80
0.00
1.30
0.00
10.40
0.00
0.00
0.00
0.00
0.00
0.00
2.30
0.10
0.55
11.85
0.10
0.60
1.30
12.40
0.10
0.00
0.00
0.00
0.00
0.00
0.00
0.00
0.00
0.00
0.00
0.00
0.00
0.00
0.00
0.40
8.20
0.00
0.00
2.40
0.00
12.40
0.20
0.00
8.00
0.00
0.00
0.00
0.00
0.00
0.00
0.00
0.00
0.00
0.00
41.60
0.80
0.00
0.00
0.00
3.10
11.60
9.10
0.00
0.00
20.00
15.00
9.40
0.00
0.00
7.50
1.50
62.20
5.20
0.00
0.00
0.00
0.00
0.00
0.00
4.80
0.00
0.00
0.00
0.00
0.00
0.00
2.00
0.10
0.00
0.00
0.00
0.00
0.00
0.00
0.00
0.00
0.00
6.50
0.80
0.00
0.00
0.00
0.00
19.25
17.75
19.90
1.80
0.00
0.00
2.70
0.00
5.80
0.00
3.40
0.00
0.00
0.00
0.00
0.00
0.00
0.00
0.00
1.00
0.00
9.60
0.00
0.00
0.00
4.10
0.00
0.00
0.00
0.00
0.00
0.00
0.00
0.00
0.00
0.00
5.80
9.50
11.35
0.85
0.00
6.80
1.20
0.00
0.60
0.00
0.00
0.00
0.00
2.10
0.20
0.00
0.00
0.00
0.00
3.00
0.00
0.00
0.00
0.00
0.00
0.00
1.60
0.30
0.00
0.00
0.00
0.00
0.00
0.00
0.00
0.00
0.00
0.00
52.30
40.10
10.30
0.00
0.00
0.10
0.00
0.00
0.00
0.00
0.00
0.00
0.00
1.40
0.00
2.90
0.10
0.00
2.70
6.20
0.10
0.60
0.00
0.00
0.00
0.00
0.00
0.00
0.00
0.00
0.00
0.00
0.00
0.00
0.00
0.00
0.00
0.10
0.00
0.00
5.30
0.00
0.00
0.40
0.00
0.00
0.00
0.00
0.00
0.00
0.00
0.00
0.00
0.00
0.00
0.00
0.00
0.00
0.00
0.00
0.00
0.00
10.95
11.05
22.50
31.90
0.50
3.30
0.10
0.10
0.80
7.10
1.80
0.00
0.10
0.00
0.00
12.10
0.00
5.45
1.45
0.00
0.00
0.00
0.00
1.20
12.40
0.00
0.00
0.00
0.00
0.00
2.00
0.00
0.00
0.00
0.00
1.80
0.00
0.00
0.00
0.10
0.00
1.02
0.18
0.00
0.10
4.10
1.30
0.00
0.00
9.40
7.60
0.00
0.00
0.00
0.00
0.00
0.00
15.85
1.85
1.20
4.50
0.00
0.20
1.00
0.00
0.00
0.00
0.00
4.30
0.10
0.00
1.70
25.30
0.10
0.00
0.00
0.43
0.17
13.60
0.00
0.00
0.00
0.00
0.00
0.00
0.00
0.00
0.00
0.00
0.00
7.30
3.80
0.00
0.00
5.93
2.67
0.00
0.00
0.00
2.60
0.70
0.00
0.00
0.97
2.03
0.00
0.00
0.10
0.00
0.00
0.00
0.00
20.60
0.10
0.30
0.70
0.00
0.00
0.00
0.10
0.00
0.00
0.50
0.00
0.10
0.00
5.10
0.00
0.00
0.00
0.10
11.10
7.70
38.80
1.20
0.00
0.00
0.00
0.80
3.90
2.00
0.10
9.40
7.50
1.90
0.00
0.00
0.00
0.00
0.00
0.00
0.00
0.00
1.50
0.00
0.00
0.00
0.00
8.90
0.00
0.00
0.00
0.00
0.00
0.00
0.00
0.00
7.40
0.00
0.00
20.20
45.10
10.90
0.00
3.60
34.70
0.00
0.50
0.20
1.70
0.40
0.00
0.00
0.00
0.00
0.00
0.00
10.50
0.00
1.60
0.30
0.00
0.00
0.00
0.00
11.60
0.00
0.00
0.00
0.00
0.00
0.17
13.33
0.00
0.00
0.00
0.00
2.17
0.00
0.00
12.33
0.08
0.00
1.75
42.17
0.00
0.00
0.00
0.00
12.08
0.00
0.00
0.00
0.00
23.33
0.08
0.00
0.00
0.00
0.00
0.00
0.00
0.00
0.00
36.58
0.00
1.50
0.00
0.00
0.00
14.60
6.50
0.10
0.00
0.00
0.00
0.00
0.00
0.00
0.00
0.00
0.00
0.00
0.00
0.00
10.40
0.00
0.00
0.00
19.90
3.90
0.10
0.00
0.00
0.00
7.40
0.00
0.00
0.00
1.50
33.20
1.80
0.00
2.40
3.80
0.00
0.00
1.60
0.00
0.00
0.00
0.00
0.00
0.00
0.00
0.00
0.50
4.20
0.20
0.00
0.00
0.00
1.50
52.80
15.30
1.30
0.60
0.00
0.00
0.00
0.00
0.00
0.00
0.00
0.00
0.00
0.00
0.00
0.00
0.00
0.00
0.00
0.00
1.10
3.20
0.00
0.00
0.00
0.00
0.00
0.00
0.00
0.00
0.00
0.00
0.00
0.00
0.00
0.00
6.70
0.00
0.90
0.10
0.00
3.60
0.10
0.00
0.00
0.20
0.10
0.20
0.10
0.00
0.00
16.90
0.40
0.00
0.10
0.00
0.20
0.10
0.00
2.10
0.00
0.00
0.00
0.00
0.00
0.00
0.00
0.00
0.00
0.00
0.00
0.10
5.90
23.50
1.70
0.00
0.00
0.00
0.00
0.00
0.00
0.00
0.00
0.00
0.00
0.00
0.00
0.00
0.00
0.00
0.00
0.40
0.00
0.00
0.10
0.00
0.00
0.00
0.10
0.00
0.00
0.00
0.00
0.00
0.00
0.00
0.00
0.00
0.00
0.10
4.80
16.00
3.00
4.50
0.20
0.00
0.00
0.00
0.00
0.00
0.00
0.00
0.00
0.00
0.00
0.10
0.00
2.70
0.10
0.00
0.00
0.00
0.00
0.00
0.50
0.10
0.00
0.00
0.00
0.00
0.00
0.00
0.00
0.00
2.50
0.00
0.10
0.00
0.00
0.20
0.00
0.00
0.00
52.20
1.50
16.20
38.90
0.00
0.00
0.00
0.00
0.00
1.60
1.20
0.00
0.00
0.00
0.00
0.20
0.00
10.40
0.10
0.00
0.00
0.00
0.00
0.00
0.00
0.00
0.00
0.00
0.00
3.50
1.80
0.00
0.00
0.00
0.80
0.00
0.00
0.00
0.00
0.00
0.60
0.20
18.00
6.50
0.10
0.00
0.40
12.50
0.50
0.60
0.10
0.00
0.70
0.10
6.90
0.00
4.60
0.40
0.00
0.00
12.20
8.00
0.10
66.70
0.40
0.00
0.00
0.00
0.10
0.00
0.00
0.00
0.00
0.00
0.00
34.50
0.20
0.00
0.00
12.20
2.20
0.00
0.60
5.10
12.60
3.50
18.70
37.70
0.10
0.40
21.50
0.00
2.00
23.60
0.10
0.30
25.40
1.10
0.00
0.00
0.00
0.00
7.20
0.00
0.00
0.00
0.00
0.00
0.00
0.00
0.00
0.00
0.00
0.80
11.00
0.10
0.40
0.00
0.00
1.20
0.10
0.00
10.40
11.00
0.00
0.00
0.00
2.50
0.00
12.50
0.00
0.00
0.00
0.00
0.00
0.10
33.90
20.30
0.00
0.30
2.60
0.00
0.00
0.00
1.40
0.10
0.20
0.00
6.00
0.00
0.00
0.00
0.10
0.00
0.40
5.70
0.00
0.00
0.00
0.00
0.00
0.00
0.00
0.00
0.00
0.30
0.00
0.00
0.00
0.00
0.00
0.00
3.80
0.00
0.00
1.70
4.20
0.10
0.00
0.00
0.00
0.00
0.00
0.00
0.00
0.00
0.00
0.00
3.30
0.00
18.00
0.10
0.00
0.00
0.60
0.00
1.00
0.00
0.00
0.00
0.00
0.00
0.00
0.00
0.00
0.00
0.00
0.00
0.00
0.00
0.00
0.00
0.00
0.00
0.00
0.00
0.00
0.00
0.00
0.00
0.00
5.80
0.00
0.00
0.00
2.40
10.40
0.00
0.00
28.30
10.30
0.10
0.00
0.00
0.00
12.50
13.90
18.60
0.30
0.30
0.10
0.00
0.00
0.00
0.00
0.00
1.40
3.80
15.00
0.10
0.00
0.00
0.60
3.80
8.70
0.40
0.00
0.00
0.00
0.00
0.00
0.00
0.00
0.00
0.20
0.00
0.00
0.30
0.00
0.00
0.00
0.10
0.00
0.00
0.10
0.00
0.00
0.00
0.00
0.10
0.00
0.00
0.00
0.00
0.00
0.00
0.10
0.10
0.00
0.00
0.00
0.00
0.00
0.00
0.10
0.00
0.00
0.00
0.00
0.00
0.00
0.00
0.00
0.00
0.00
0.10
0.00
0.00
0.00
0.00
0.00
0.00
0.00
0.00
0.00
0.00
0.00
0.00
0.00
0.10
0.00
0.00
0.00
0.00
0.00
0.00
0.00
0.00
1.60
0.00
0.00
1.10
0.00
0.00
0.00
0.00
0.00
0.00
0.00
0.00
0.00
0.00
0.00
0.00
0.00
0.00
0.00
0.00
0.00
0.00
0.00
0.00
0.00
0.00
0.00
0.00
0.00
0.00
0.00
0.00
0.00
0.00
0.00
0.00
0.00
0.00
0.00
0.00
0.00
0.00
0.00
0.00
0.00
0.00
0.90
42.70
55.80
0.00
0.00
0.00
0.60
0.00
0.00
0.00
0.00
0.00
0.00
0.00
16.50
5.60
0.00
0.00
0.00
0.00
0.10
1.10
0.00
0.00
0.00
0.00
0.00
0.00
0.00
-99.00
-99.00
-99.00
-99.00
-99.00
-99.00
-99.00
-99.00
-99.00
-99.00
-99.00
-99.00
-99.00
-99.00
-99.00
-99.00
-99.00
-99.00
-99.00
-99.00
-99.00
-99.00
-99.00
-99.00
-99.00
-99.00
-99.00
-99.00
-99.00
-99.00
-99.00
-99.00
-99.00
-99.00
-99.00
-99.00
-99.00
-99.00
-99.00
-99.00
-99.00
-99.00
-99.00
-99.00
-99.00
-99.00
-99.00
-99.00
-99.00
-99.00
-99.00
-99.00
-99.00
-99.00
-99.00
-99.00
-99.00
-99.00
-99.00
-99.00
-99.00
-99.00
-99.00
-99.00
-99.00
-99.00
-99.00
-99.00
-99.00
-99.00
-99.00
-99.00
-99.00
-99.00
-99.00
-99.00
-99.00
-99.00
-99.00
-99.00
-99.00
-99.00
-99.00
-99.00
-99.00
-99.00
-99.00
-99.00
-99.00
-99.00
-99.00
-99.00
-99.00
-99.00
-99.00
-99.00
-99.00
-99.00
-99.00
-99.00
-99.00
-99.00
-99.00
-99.00
-99.00
-99.00
-99.00
-99.00
-99.00
-99.00
-99.00
-99.00
-99.00
-99.00
-99.00
-99.00
-99.00
-99.00
-99.00
-99.00
-99.00
-99.00
-99.00
-99.00
-99.00
-99.00
-99.00
-99.00
-99.00
-99.00
-99.00
-99.00
-99.00
-99.00
-99.00
-99.00
-99.00
-99.00
-99.00
-99.00
-99.00
-99.00
-99.00
-99.00
-99.00
-99.00
-99.00
-99.00
-99.00
-99.00
-99.00
-99.00
-99.00
-99.00
-99.00
-99.00
-99.00
-99.00
-99.00
-99.00
-99.00
-99.00
-99.00
-99.00
-99.00
-99.00
-99.00
-99.00
-99.00
-99.00
-99.00
-99.00
-99.00
-99.00
-99.00
-99.00
-99.00
-99.00
-99.00
-99.00
-99.00
-99.00
-99.00
-99.00
-99.00
-99.00
-99.00
-99.00
-99.00
-99.00
-99.00
-99.00
-99.00
-99.00
-99.00
-99.00
-99.00
-99.00
-99.00
-99.00
-99.00
-99.00
-99.00
-99.00
-99.00
-99.00
-99.00
-99.00
-99.00
0.00
0.00
0.00
0.00
5.40
0.00
0.00
0.00
0.00
0.00
0.00
0.00
0.20
7.50
9.80
0.00
0.00
0.00
0.00
0.00
0.00
0.00
0.00
0.00
0.10
0.00
0.00
0.00
0.00
0.00
0.00
0.00
0.50
0.00
0.00
0.10
0.00
0.00
0.00
0.00
0.00
0.00
0.00
0.00
0.00
0.00
0.10
0.00
0.10
1.40
0.00
0.00
0.00
0.00
0.00
0.00
0.00
0.00
0.00
0.10
0.00
0.00
0.00
0.50
0.00
0.00
0.00
38.00
0.00
0.70
0.10
0.00
0.00
0.00
2.30
0.00
0.00
0.00
0.00
0.00
0.00
0.40
0.00
0.00
0.00
0.20
0.60
0.00
0.00
0.50
0.00
0.50
0.00
0.00
0.00
0.00
0.00
0.80
1.00
0.00
0.00
1.80
0.40
0.00
0.00
0.00
0.00
0.00
0.00
0.00
0.00
7.90
50.20
14.30
2.60
1.60
1.40
0.00
0.00
1.20
4.80
0.00
0.00
0.00
4.80
1.10
0.00
2.00
0.00
0.00
0.30
0.00
0.00
6.50
4.20
0.10
0.80
0.00
0.00
5.60
0.00
0.00
6.50
5.60
0.00
0.00
0.10
0.00
0.00
0.00
0.00
0.00
-99.00
-99.00
-99.00
-99.00
-99.00
-99.00
-99.00
-99.00
-99.00
-99.00
-99.00
10.20
12.10
29.70
20.80
14.20
7.70
0.10
1.70
4.40
2.80
0.00
0.00
0.00
0.00
0.00
0.00
0.00
0.00
0.10
3.80
0.00
0.90
12.50
17.50
3.50
6.60
0.00
0.00
0.00
0.00
0.00
0.00
3.40
0.90
2.50
0.00
0.00
0.00
0.00
0.00
9.80
0.00
0.00
0.00
11.80
1.00
0.00
0.00
0.00
0.00
0.10
0.00
0.00
0.10
5.60
0.00
0.20
11.90
0.00
0.00
0.00
0.00
0.00
0.00
0.00
0.00
0.00
4.20
0.00
0.00
0.00
0.00
0.00
0.00
1.10
0.00
17.60
0.00
21.20
2.20
24.00
0.00
7.30
6.10
16.70
2.40
28.20
4.70
0.00
99.40
0.20
0.00
0.00
0.00
0.20
0.10
0.00
0.00
0.00
0.00
0.00
0.00
0.00
0.00
0.10
0.20
0.00
0.00
0.00
0.10
10.10
0.00
0.00
6.30
8.60
0.00
0.00
0.00
0.00
4.00
6.20
8.50
0.00
9.60
0.50
1.40
0.10
0.10
0.00
0.00
0.00
0.00
0.00
0.00
0.00
29.30
0.00
0.00
5.40
0.00
0.00
0.00
0.00
0.70
0.00
0.00
0.00
0.00
0.00
0.00
0.00
0.00
0.00
0.00
0.00
0.00
0.00
3.50
0.00
0.00
0.00
0.70
6.20
3.50
0.10
0.00
0.00
0.00
0.00
0.00
0.00
0.00
0.00
0.00
0.00
0.00
0.00
0.00
0.00
0.00
0.20
0.50
0.00
0.00
0.00
0.00
0.00
0.00
0.00
0.00
0.00
0.00
0.00
0.10
0.00
0.00
0.00
0.00
0.00
0.40
0.00
0.00
0.00
0.00
0.00
3.80
41.30
18.10
0.20
0.00
0.00
0.10
0.00
0.00
0.00
0.00
0.00
0.00
0.00
0.00
0.00
0.00
0.00
0.00
0.00
0.00
0.00
0.00
0.00
0.00
0.00
0.00
0.10
0.00
0.00
0.00
0.00
0.00
2.20
0.00
0.00
0.00
0.00
3.30
8.30
0.00
0.00
0.00
0.00
0.10
0.00
0.10
0.00
0.00
11.50
0.00
0.00
0.00
0.00
0.00
0.00
0.00
0.00
0.90
0.00
0.00
0.10
0.00
43.70
0.10
0.00
0.10
1.10
0.00
0.00
0.10
0.00
0.00
0.00
6.90
0.20
0.10
5.70
0.00
0.00
0.10
3.90
0.00
2.20
0.00
2.60
10.70
0.00
0.10
0.00
0.00
0.30
21.60
0.00
0.00
0.00
0.00
0.00
0.10
0.00
0.00
2.00
1.50
0.10
0.40
0.00
0.00
1.60
6.00
0.00
0.00
0.00
0.00
0.00
0.00
0.00
0.00
0.00
0.00
0.00
0.00
0.00
0.00
0.00
0.00
1.90
2.60
0.00
0.00
0.30
0.00
0.00
0.00
0.00
12.60
0.00
0.00
1.50
49.10
0.00
0.00
0.00
0.00
2.70
0.00
-99.00
-99.00
-99.00
-99.00
-99.00
-99.00
-99.00
-99.00
-99.00
-99.00
-99.00
-99.00
-99.00
-99.00
-99.00
-99.00
0.00
0.00
0.00
2.40
0.00
0.70
0.00
0.00
0.00
0.00
0.00
0.00
0.00
0.00
0.00
1.30
0.60
4.00
0.00
0.00
0.00
0.00
0.70
0.00
7.60
0.30
0.00
0.00
0.10
7.10
12.00
0.60
2.30
0.90
3.50
0.00
0.00
4.70
0.00
3.40
0.00
0.00
0.10
0.00
0.00
0.00
0.70
0.00
8.20
0.20
0.00
0.00
0.20
18.40
0.00
0.00
0.00
0.00
0.00
18.30
1.50
0.60
0.00
0.00
6.00
0.00
0.00
1.20
0.60
0.20
0.00
9.70
60.60
0.00
0.00
0.00
0.00
0.00
1.80
0.00
0.00
7.60
0.00
0.10
7.60
0.70
0.00
0.00
0.00
0.00
27.60
0.20
0.00
11.20
0.00
0.00
0.00
0.50
3.20
0.00
2.60
3.30
31.10
0.00
0.00
0.00
0.00
0.00
0.00
31.20
0.00
0.00
0.00
0.00
1.10
0.00
2.10
0.40
34.50
3.00
0.00
0.00
0.00
0.00
0.00
5.00
15.50
0.00
0.00
0.00
0.00
5.90
0.00
0.10
0.00
0.10
6.80
0.00
0.00
0.00
0.00
4.60
0.00
2.80
0.20
2.40
0.00
0.00
0.00
0.60
6.60
1.50
0.00
0.00
0.00
52.20
3.30
0.10
0.00
0.00
0.00
12.40
0.90
0.00
0.00
0.00
1.80
40.00
0.10
11.50
0.10
0.00
0.10
0.00
0.00
0.00
0.00
0.00
0.00
0.00
0.00
0.00
0.00
0.00
0.00
0.00
0.00
0.00
0.00
0.00
0.00
5.60
19.00
0.30
0.00
0.00
0.00
0.00
0.00
2.10
0.00
0.00
13.40
0.00
0.00
0.00
0.00
0.10
0.00
0.00
0.00
0.00
0.90
2.60
14.70
3.20
26.30
83.30
12.30
0.00
0.00
0.00
0.90
0.00
0.00
0.00
0.00
0.60
0.00
0.00
0.00
0.10
0.10
4.50
0.00
0.00
0.00
0.00
0.10
0.00
0.00
0.00
0.00
0.10
0.00
0.00
0.00
0.00
0.00
0.00
0.00
0.00
0.00
0.00
0.00
0.00
0.10
0.10
0.00
0.00
0.10
0.00
0.00
0.00
0.10
4.20
0.00
0.00
10.20
0.70
0.00
0.00
0.00
0.00
0.00
0.00
0.00
0.00
1.30
3.20
0.00
0.00
0.00
0.50
0.00
0.00
0.00
0.00
0.00
0.00
0.00
0.00
0.00
0.00
0.00
0.00
0.00
0.00
0.00
0.00
0.00
0.00
0.60
8.10
0.20
0.00
0.00
0.00
0.00
0.00
0.00
0.00
3.10
0.80
0.00
0.00
0.00
0.00
0.00
0.00
0.00
0.00
1.80
0.20
0.50
0.10
0.00
0.00
0.00
12.70
19.10
0.40
2.00
0.00
0.00
0.00
0.00
0.00
0.00
0.00
0.00
0.00
0.00
0.00
0.00
0.00
0.00
0.00
0.00
0.00
0.00
0.00
0.00
0.00
0.00
8.00
0.50
1.10
17.00
1.00
0.00
0.00
0.00
0.00
0.00
18.10
0.00
0.00
5.00
0.00
0.00
0.00
0.00
0.00
0.00
0.00
0.00
0.00
0.00
0.00
0.00
0.00
0.00
0.00
0.00
0.00
0.00
0.00
21.30
0.10
0.00
0.00
0.00
0.00
0.00
0.00
0.00
0.00
0.60
12.30
3.10
3.10
0.00
0.00
0.00
0.00
0.00
3.80
0.00
8.00
11.90
11.90
0.50
28.30
2.00
1.80
0.00
0.00
0.00
0.00
0.00
0.00
5.10
14.00
0.00
0.00
0.00
0.10
0.00
0.00
0.00
0.00
0.00
0.00
0.00
0.00
0.00
0.00
0.00
0.00
0.00
0.00
0.00
0.00
0.00
0.00
0.00
0.00
0.00
0.00
4.30
7.40
9.70
0.00
0.00
0.00
0.00
0.10
0.00
0.00
6.10
0.70
0.00
0.00
0.10
0.00
0.00
0.00
0.00
5.20
0.00
0.00
0.00
3.00
0.80
0.00
1.10
0.00
20.40
5.10
0.00
0.00
1.80
0.20
0.30
0.00
0.00
0.00
0.00
0.00
0.00
0.00
7.80
1.10
1.50
31.00
12.80
0.00
0.00
0.00
0.00
0.00
9.90
0.00
19.00
0.00
0.00
0.00
0.00
0.80
0.00
0.00
0.00
0.00
0.00
0.00
0.00
0.00
2.10
6.40
0.00
1.00
1.10
6.80
0.10
17.90
0.00
0.30
0.00
0.00
0.00
0.00
0.00
0.00
0.00
2.40
0.00
0.00
0.00
0.00
0.00
0.00
0.00
0.00
0.00
0.00
0.00
0.00
9.60
4.00
0.20
0.00
0.10
0.00
0.00
61.30
1.60
0.00
0.00
0.00
0.00
0.00
0.00
0.00
0.00
0.00
0.00
0.00
0.10
0.00
0.00
0.00
0.00
0.00
0.00
0.00
0.00
0.00
0.20
1.80
0.00
0.00
0.00
0.00
0.10
0.00
0.00
0.10
0.00
0.00
0.00
0.00
0.10
0.10
0.00
0.10
0.10
0.30
0.00
0.00
0.00
0.00
0.00
0.00
0.00
0.00
0.10
0.00
0.10
0.10
0.00
0.00
0.00
0.00
0.00
0.00
1.40
0.00
2.20
2.50
0.00
0.00
0.00
0.00
0.10
0.30
0.00
0.00
0.00
0.00
0.00
0.00
0.00
0.00
0.00
0.00
0.00
0.00
0.00
0.00
0.00
0.00
0.00
0.00
0.00
0.00
0.10
0.00
0.00
0.00
0.00
0.00
9.30
0.00
0.40
0.00
0.00
0.50
0.10
5.30
0.00
0.00
0.00
0.00
0.00
0.00
0.00
1.70
0.00
0.00
0.00
0.00
21.90
0.60
0.00
0.00
0.00
0.00
2.20
0.60
0.00
0.00
0.00
0.00
0.00
0.00
0.00
0.00
0.60
0.00
8.80
20.20
0.00
3.70
9.30
0.00
0.00
0.00
0.00
0.00
0.00
0.00
0.00
0.00
0.00
0.00
1.60
0.00
0.00
22.00
17.10
1.90
5.40
0.80
0.00
0.70
3.90
0.00
0.00
0.00
0.00
0.00
0.00
0.00
0.00
0.50
25.30
0.10
1.90
0.00
0.00
0.00
0.60
13.00
0.00
0.20
0.00
0.00
0.00
0.00
0.00
0.30
0.40
17.20
8.40
0.10
0.00
0.00
0.00
0.00
0.10
0.00
0.00
6.80
0.00
0.00
0.00
0.00
0.00
0.00
0.00
0.00
0.00
17.70
0.10
1.30
0.20
0.20
0.00
4.90
0.60
0.00
7.30
0.80
0.10
0.00
0.00
2.60
0.00
0.00
0.10
6.30
0.10
0.50
6.70
0.00
0.00
0.00
0.00
0.00
0.00
0.00
0.00
0.00
0.00
2.40
17.00
0.00
0.00
0.00
0.00
0.00
0.00
0.00
0.50
0.00
0.00
0.80
0.00
0.00
0.00
0.00
0.00
0.00
0.00
0.00
0.00
0.10
19.10
0.00
0.00
0.10
0.00
5.30
0.00
0.00
0.00
1.20
0.00
0.00
0.00
0.00
0.00
0.00
0.00
0.00
2.20
0.10
0.00
0.00
0.00
0.00
0.00
17.40
0.00
0.00
0.00
3.40
0.10
0.00
0.00
0.00
0.00
0.00
0.00
0.00
1.80
0.00
0.00
0.00
0.00
19.70
0.10
0.00
0.00
0.00
0.00
3.20
9.00
0.00
0.00
3.80
0.00
0.00
0.00
0.10
0.00
0.00
0.00
0.00
0.00
18.30
0.90
1.50
2.70
0.10
0.00
0.00
0.00
0.40
0.00
0.00
9.30
5.90
9.10
0.00
0.00
0.00
0.00
0.00
8.90
0.30
0.00
0.00
0.10
0.00
0.00
0.00
0.00
0.00
0.20
0.10
0.80
5.60
0.00
0.00
0.00
0.00
0.00
0.00
0.00
0.00
0.00
0.90
7.30
0.10
1.00
0.10
0.00
0.00
0.10
0.00
0.10
0.00
0.00
0.00
0.00
0.00
0.00
0.20
26.20
9.90
44.60
0.50
0.00
9.20
3.10
0.20
1.10
0.00
0.00
0.30
0.00
2.00
0.20
0.00
0.00
0.10
0.20
0.10
0.20
0.10
0.00
0.30
0.10
5.30
0.00
0.40
0.70
5.40
0.00
0.10
0.00
0.10
0.00
0.00
0.00
0.00
0.00
0.00
0.10
0.10
0.10
0.00
0.10
0.00
0.00
0.00
0.00
0.00
0.00
0.00
0.00
0.00
0.00
1.50
1.50
0.00
0.00
0.00
0.00
0.00
0.00
0.00
0.00
3.10
5.90
32.00
15.20
0.00
0.00
0.00
0.10
0.70
1.20
4.90
2.40
1.90
1.70
0.10
0.00
0.00
0.80
0.30
32.30
17.60
0.00
0.00
0.00
0.00
0.00
0.00
0.00
0.00
0.00
0.10
0.00
0.00
0.00
0.00
0.00
0.00
15.60
27.60
0.00
0.00
0.00
0.00
0.00
0.00
0.00
3.20
0.00
0.00
0.00
0.00
0.00
0.00
0.00
0.00
0.00
0.00
1.30
30.70
33.70
0.00
3.10
0.00
0.00
0.00
4.00
0.50
0.00
0.00
0.00
0.00
0.00
0.00
0.00
0.00
1.70
0.00
0.00
0.20
1.30
6.20
0.10
0.00
0.00
0.00
0.00
0.00
0.00
0.00
0.00
4.60
13.40
18.60
0.00
0.00
5.60
0.00
0.10
2.10
0.00
0.00
0.00
0.00
0.00
0.00
0.00
7.60
0.00
0.00
0.00
0.00
0.00
0.00
2.90
0.10
0.00
0.00
11.80
0.10
0.00
0.00
0.00
0.00
0.00
0.00
6.00
3.70
18.40
5.50
0.70
1.80
0.00
0.00
0.00
0.00
0.00
0.00
0.00
0.00
0.00
0.00
0.00
0.00
0.00
0.00
0.00
25.70
0.00
8.00
0.00
0.00
0.00
0.70
6.70
5.70
0.00
0.00
0.50
0.00
0.00
0.00
0.00
0.00
0.00
3.50
0.00
3.90
0.00
0.00
0.00
0.00
0.00
0.00
0.00
0.00
0.00
22.80
6.20
0.00
0.00
0.00
0.00
0.00
0.00
0.00
0.00
3.30
0.00
1.60
0.00
0.00
0.00
0.00
2.80
0.00
0.00
20.10
0.00
0.00
0.00
0.00
0.00
1.00
0.00
0.00
0.00
0.00
0.00
0.00
0.00
0.00
2.70
0.00
0.00
0.00
13.00
0.00
1.40
10.70
0.10
0.00
0.00
0.00
0.00
0.00
0.00
0.00
7.20
0.10
0.00
0.00
0.00
0.10
19.30
1.80
0.00
0.10
0.00
0.00
0.00
3.50
0.00
0.00
2.80
0.10
0.00
0.00
0.00
1.20
0.00
0.00
0.00
0.00
0.00
0.00
0.00
0.00
0.00
0.00
0.00
0.00
0.00
0.00
0.00
0.00
0.00
25.20
20.60
0.10
0.00
0.00
0.00
0.00
0.00
0.00
0.00
0.00
0.00
0.00
0.00
0.00
0.00
0.00
6.30
0.10
0.00
0.00
0.00
0.00
0.00
0.00
0.00
0.00
0.00
0.00
0.00
0.00
0.00
0.00
0.00
0.00
0.00
0.00
0.00
0.00
0.00
0.00
0.00
3.40
0.10
0.00
0.00
0.00
0.00
0.00
0.00
0.00
0.00
0.00
0.00
4.30
0.30
0.30
0.00
0.50
0.00
0.00
5.30
0.20
0.00
0.00
0.00
0.00
0.10
0.10
0.10
0.90
0.00
0.00
0.20
0.00
0.90
0.10
0.00
0.00
0.00
0.60
52.20
0.00
0.00
0.00
0.00
0.00
0.90
4.80
0.00
0.00
0.00
0.10
0.10
0.00
0.60
0.10
0.00
0.00
0.00
29.50
0.00
0.00
0.10
0.20
0.30
2.30
0.00
0.00
5.20
5.80
44.50
19.30
0.00
0.00
0.00
0.00
0.00
0.00
0.00
0.00
3.70
9.00
0.10
0.00
0.00
0.00
0.00
0.00
0.00
0.00
0.00
0.00
12.90
53.90
0.10
0.40
0.00
3.60
1.30
1.00
0.00
0.40
6.10
0.00
0.50
0.00
2.20
4.70
0.10
0.40
0.00
4.90
6.60
0.00
0.00
0.00
13.30
7.60
0.20
0.00
0.00
0.10
0.00
0.00
0.00
0.00
0.00
1.10
0.00
3.10
1.30
26.00
2.00
16.00
55.10
0.00
13.90
9.60
0.00
1.00
0.00
0.00
0.00
0.00
0.00
0.00
0.00
0.00
0.00
0.00
5.50
0.00
10.20
0.00
0.20
0.00
0.00
0.00
1.00
0.20
3.60
0.20
0.50
2.80
0.00
63.40
3.10
0.00
0.00
0.00
0.00
2.80
15.40
9.10
3.50
0.00
0.00
0.00
0.10
0.00
0.00
38.90
16.10
13.50
0.10
17.70
1.00
0.00
7.50
2.50
16.10
0.50
0.00
0.00
9.10
0.10
0.00
0.00
0.00
1.50
0.00
0.00
0.00
0.00
0.00
0.00
0.00
12.90
0.00
0.00
0.00
0.10
25.10
1.50
0.00
0.00
0.00
0.00
0.00
1.50
0.00
3.50
1.40
21.10
15.50
4.60
0.20
0.00
0.00
0.00
1.40
0.00
0.00
0.00
0.20
0.30
6.20
0.00
14.10
37.70
0.00
0.00
0.00
0.00
2.40
0.00
0.00
0.00
0.00
0.00
1.20
0.00
7.90
1.00
22.50
22.20
0.00
41.70
0.40
0.00
0.00
20.00
39.60
11.30
0.00
2.80
0.30
1.60
0.40
0.00
0.00
0.00
0.00
0.00
4.90
0.00
1.60
0.00
0.00
7.10
1.50
1.40
3.10
0.00
0.00
2.30
0.00
0.00
4.60
0.10
0.00
0.00
8.70
0.00
4.30
0.00
0.00
0.00
0.00
0.00
0.00
0.00
0.00
0.00
0.00
7.50
0.00
0.00
0.00
0.00
0.00
0.00
0.60
32.10
4.70
45.90
9.20
0.00
0.00
2.10
78.00
18.00
0.20
3.00
5.80
0.60
0.10
0.00
0.00
0.00
0.00
0.00
2.10
16.10
13.10
0.00
6.40
70.10
5.10
0.00
0.00
0.00
29.70
1.70
0.00
4.20
15.80
0.00
0.00
0.00
0.00
0.30
3.60
0.10
8.90
0.40
6.30
7.50
0.00
0.20
7.80
0.00
0.00
0.00
0.00
0.00
0.00
0.30
0.00
0.00
0.00
0.00
0.10
0.00
0.00
0.00
0.00
0.00
0.10
0.00
2.80
0.00
0.00
4.30
0.20
0.20
0.00
0.00
0.10
0.00
0.00
0.00
0.00
0.00
0.00
0.20
0.00
0.00
0.00
0.00
0.00
0.00
0.00
0.00
0.00
0.00
0.00
0.00
0.00
0.00
0.00
0.00
0.00
0.00
0.00
0.10
0.00
0.10
0.00
0.10
0.00
1.70
4.80
0.00
0.00
0.00
5.40
0.00
0.00
0.00
7.40
0.00
0.00
0.00
0.00
0.00
0.00
0.00
0.00
0.00
0.00
0.00
0.00
0.00
0.00
0.00
0.00
0.00
0.00
0.00
0.10
0.00
0.00
0.00
0.00
0.00
0.00
0.00
0.00
0.00
0.00
0.00
0.00
7.00
0.10
0.00
0.00
0.00
0.00
0.00
0.00
0.00
0.00
0.00
0.00
0.00
0.00
0.00
0.00
0.00
0.00
0.00
0.00
0.00
0.00
0.00
0.00
0.00
0.00
0.00
3.00
8.00
0.00
16.80
11.40
0.60
0.50
6.50
0.00
0.00
0.00
0.00
0.00
8.40
1.80
0.00
0.00
0.00
10.90
1.20
0.70
6.70
1.50
17.40
0.10
0.00
0.00
0.00
0.00
11.30
23.30
9.50
0.20
0.00
0.00
0.00
1.40
0.20
0.00
0.00
0.00
0.00
0.00
0.00
3.30
5.20
8.50
0.30
4.50
0.70
0.00
0.00
18.60
0.30
0.00
0.00
0.00
0.00
0.00
0.00
0.00
0.00
0.00
0.00
0.00
0.00
0.00
0.00
0.00
0.10
13.70
0.00
0.00
0.20
0.00
0.00
0.00
0.00
0.00
1.50
2.50
0.00
0.00
0.00
0.00
0.00
0.00
0.00
0.00
0.00
0.00
8.20
12.00
0.10
0.00
0.10
0.00
3.70
35.20
0.00
0.00
0.00
0.00
0.60
0.00
0.00
4.30
1.10
0.00
0.00
0.00
0.00
0.00
0.00
0.00
8.60
26.10
0.10
0.00
0.00
0.00
0.20
0.80
0.00
0.00
0.00
0.00
0.20
0.00
0.00
0.00
0.00
2.70
0.00
0.00
0.00
0.00
0.00
0.00
0.00
21.40
0.10
0.00
0.00
0.00
0.00
0.00
0.40
0.00
4.90
0.00
3.00
3.80
0.40
0.00
0.00
0.00
0.00
0.00
0.00
0.40
9.20
0.00
0.00
0.10
0.00
1.80
0.00
0.00
11.50
1.30
5.30
1.30
0.00
0.00
0.00
0.00
0.00
0.00
0.00
0.00
0.00
0.00
0.00
0.00
0.00
0.00
0.00
0.00
0.00
0.00
0.00
0.00
0.00
0.00
18.00
0.20
0.00
0.00
0.00
0.00
21.40
0.00
57.30
17.80
0.00
0.00
0.00
0.00
0.00
0.00
0.00
0.10
6.10
0.70
5.20
3.70
0.10
0.00
1.60
0.00
0.20
0.90
0.00
0.00
0.00
6.40
0.00
0.20
0.20
0.10
0.00
0.10
0.10
42.20
4.60
0.10
0.00
0.50
0.20
0.00
0.00
0.30
0.80
0.00
0.20
7.00
2.90
0.00
0.00
0.00
0.00
0.00
0.00
0.20
2.30
0.00
0.00
0.20
3.20
0.10
2.90
57.40
13.80
0.00
0.00
0.20
0.10
0.00
0.10
0.00
0.10
0.00
0.10
0.10
0.10
0.00
0.10
0.00
0.00
0.10
0.00
0.10
5.60
0.00
0.20
0.00
0.10
0.10
0.10
0.00
0.00
0.00
0.00
33.90
86.50
44.50
0.00
0.00
0.30
0.00
0.00
0.00
0.00
0.00
0.00
0.00
0.00
0.00
0.00
0.00
0.00
0.00
0.00
0.00
0.00
0.00
0.00
0.00
0.00
0.00
0.00
0.00
0.00
0.00
0.00
0.00
0.00
0.00
0.00
0.00
0.00
0.00
0.00
0.30
19.10
0.00
0.00
0.20
0.10
0.00
0.00
0.00
0.00
0.00
0.00
0.00
0.00
0.30
26.80
0.20
0.00
0.00
0.00
0.00
3.40
1.00
0.00
5.30
0.10
0.00
0.00
8.50
5.60
6.10
10.30
0.40
0.00
0.00
0.00
0.00
0.00
0.00
0.00
0.00
0.00
0.00
20.00
1.20
0.10
0.60
0.00
3.70
9.20
3.70
12.80
0.00
0.60
0.00
0.00
1.70
1.90
1.80
0.00
0.00
0.10
0.00
0.00
0.00
0.00
0.00
0.00
0.00
0.10
73.40
0.00
2.80
1.80
11.40
15.90
1.90
0.00
0.00
0.00
0.00
0.00
0.00
0.00
0.00
0.00
0.00
1.60
0.00
8.80
3.00
1.80
12.30
0.00
2.00
9.30
0.00
23.00
33.50
3.70
1.20
8.30
22.20
4.00
0.00
0.00
0.00
3.60
0.00
0.70
1.40
0.00
0.00
0.00
0.00
0.00
26.40
0.00
0.00
0.00
0.00
0.90
0.60
16.00
0.30
0.00
0.00
0.00
0.00
0.00
0.00
2.30
4.40
6.50
29.10
3.20
0.00
0.00
0.00
0.00
0.00
0.00
0.00
0.00
0.00
5.00
0.00
0.00
0.00
0.00
0.00
0.00
0.00
0.00
0.00
0.00
0.00
0.00
0.00
0.00
0.00
8.80
0.00
0.30
1.60
0.00
2.40
18.80
0.00
0.00
0.00
0.00
0.00
0.00
0.00
0.00
0.00
0.00
0.00
0.00
51.60
20.40
0.60
0.00
0.00
0.00
0.00
0.00
0.00
0.00
0.00
0.60
12.00
0.00
0.10
0.00
0.00
0.00
0.00
2.20
0.00
5.20
1.10
0.00
12.00
0.00
0.00
0.00
0.10
1.40
0.10
0.00
0.00
0.00
0.00
15.40
0.00
0.00
0.00
0.00
0.00
0.00
0.00
4.50
0.10
0.00
0.00
6.50
0.00
0.00
0.00
0.00
0.00
0.00
0.10
16.10
0.80
0.00
0.80
0.40
0.00
0.00
0.00
0.00
0.00
0.00
0.00
18.20
12.30
0.00
2.60
31.50
0.00
0.00
0.00
0.00
0.00
0.00
0.00
0.00
0.00
0.00
0.00
0.00
0.00
0.00
0.00
0.00
0.00
0.00
6.80
17.70
14.90
0.00
0.00
0.00
0.00
0.00
0.00
0.10
0.10
0.90
0.00
0.10
0.00
0.90
0.10
0.00
0.00
0.00
0.00
0.10
0.00
0.10
1.10
0.00
0.00
0.00
0.00
0.00
0.00
0.00
0.00
0.00
0.10
0.00
0.00
0.00
0.00
0.00
0.00
0.10
0.00
0.00
17.90
20.40
0.00
0.20
0.10
0.30
0.20
0.00
0.00
0.00
0.10
0.30
0.00
10.40
0.90
0.30
0.00
0.00
0.00
0.00
0.00
0.80
0.00
0.10
0.00
0.00
0.00
0.00
0.10
2.30
0.40
3.90
0.10
0.00
4.10
0.10
0.10
0.10
0.00
0.00
0.00
0.00
0.00
0.10
29.20
0.10
0.00
0.00
0.00
0.00
2.00
0.00
0.00
0.00
0.00
9.40
3.90
0.20
0.90
0.00
0.00
0.00
2.40
0.00
0.00
