20000101
0.00
0.00
0.20
0.20
0.20
0.20
0.00
0.00
0.80
0.00
0.20
0.20
0.20
0.20
0.80
0.00
0.00
0.20
0.00
0.00
0.20
0.00
0.00
0.00
0.00
0.00
0.00
0.20
0.00
0.00
0.20
0.00
0.00
0.20
0.20
0.00
0.00
0.00
0.00
0.20
0.00
0.00
0.00
0.00
0.00
0.00
0.20
0.00
0.00
0.00
0.00
0.00
0.00
0.00
0.20
0.00
0.00
0.00
0.20
0.00
0.00
0.00
0.00
0.00
0.00
0.00
0.00
0.00
0.00
0.00
0.00
0.00
0.00
0.00
0.00
0.00
0.00
0.00
0.00
8.80
0.00
0.20
1.40
0.20
0.40
0.20
5.60
5.20
0.00
1.40
6.00
0.00
0.20
6.00
0.00
2.40
0.00
0.00
0.00
0.40
6.40
27.00
0.00
0.00
4.60
0.00
8.20
1.60
0.00
0.00
0.20
0.00
0.00
0.00
0.00
0.00
0.00
0.40
19.60
0.00
0.00
0.00
0.00
0.00
0.20
1.20
0.00
7.60
0.20
1.60
49.60
0.80
0.20
0.00
0.00
0.00
0.00
8.40
0.00
0.00
0.00
6.00
9.40
0.00
0.40
34.10
4.80
8.60
0.00
0.00
0.00
0.20
0.00
0.20
0.00
0.00
15.10
0.00
0.20
0.00
0.20
30.50
0.60
0.20
0.60
6.00
0.20
0.00
0.00
0.00
0.00
0.00
0.00
0.00
0.00
0.00
0.00
0.00
0.00
0.00
0.00
0.00
0.00
0.00
0.00
0.00
0.00
0.00
0.00
0.00
0.00
0.40
0.00
0.00
0.00
0.00
0.00
0.60
0.20
1.60
0.00
0.00
0.00
0.00
4.20
0.20
5.20
0.20
0.00
0.00
0.00
0.00
0.00
0.00
0.00
10.00
1.00
0.00
0.00
0.20
0.00
0.00
0.00
0.40
0.60
0.00
0.00
0.00
0.00
0.00
0.00
0.00
0.00
0.00
0.00
0.00
0.00
0.00
0.00
0.00
0.00
0.00
10.00
1.40
0.20
0.00
34.20
16.50
0.20
0.20
0.00
0.00
0.00
0.00
0.00
0.00
0.20
0.00
0.20
0.20
0.20
2.60
23.10
0.00
0.00
0.20
0.00
0.00
0.00
0.00
0.20
13.00
3.40
1.80
7.80
0.20
0.00
0.00
1.00
0.00
0.00
0.00
0.00
2.20
5.00
0.40
22.60
0.00
8.60
0.00
0.00
0.20
0.00
0.20
4.40
6.60
6.20
0.00
0.20
7.00
0.00
0.40
0.20
0.20
3.20
0.20
1.60
0.20
0.20
0.60
4.40
0.00
0.00
0.00
0.20
0.00
0.40
2.80
0.40
0.20
0.00
0.00
0.20
0.00
0.20
0.00
0.00
7.40
0.20
0.00
0.00
0.20
0.20
0.80
0.40
0.20
0.20
0.00
0.00
0.20
2.00
5.20
0.20
0.20
0.00
0.20
0.20
0.00
0.20
0.00
0.20
0.00
0.20
0.20
0.20
11.20
19.80
19.20
22.60
0.00
0.00
0.00
1.40
0.00
0.40
0.00
0.00
0.00
0.20
0.20
0.00
0.40
0.00
0.00
0.00
0.20
0.80
0.20
1.20
13.00
23.40
2.20
0.00
0.20
0.40
0.00
0.00
0.20
0.00
0.00
0.00
0.20
0.00
9.00
0.20
0.00
0.00
0.00
0.00
0.20
0.00
0.20
0.00
0.00
0.00
0.00
0.00
0.00
0.20
3.60
11.00
0.00
0.00
0.20
0.00
0.00
0.20
0.00
0.20
0.00
0.00
0.40
0.00
0.00
0.00
0.00
6.80
0.80
0.00
2.20
0.00
9.60
8.20
0.00
0.40
0.00
3.40
0.00
0.20
0.00
0.60
0.00
0.00
0.20
0.00
0.00
0.00
0.00
0.00
0.00
3.60
0.00
0.40
2.40
0.00
0.20
0.00
0.00
0.00
0.00
0.00
0.00
1.00
0.00
0.00
0.00
0.00
0.00
0.00
0.00
0.00
1.00
0.00
0.60
2.40
0.80
0.00
0.00
0.00
0.00
0.00
0.00
18.90
0.20
0.00
10.40
4.00
1.20
3.00
1.00
3.80
0.00
1.60
0.00
0.40
2.20
5.60
0.00
0.00
0.20
0.00
0.00
1.60
1.80
0.00
0.20
0.20
24.30
10.00
9.30
0.00
0.20
0.00
0.00
0.00
0.00
13.70
0.20
0.00
0.00
0.00
0.00
0.00
0.00
0.00
0.00
27.10
0.00
0.00
1.60
0.20
0.60
0.00
0.40
0.00
0.20
0.20
0.00
0.00
0.00
0.00
0.00
0.00
0.00
0.00
0.00
0.00
0.00
0.00
1.20
0.20
0.00
0.00
0.00
0.00
2.40
0.00
0.00
0.00
0.00
3.80
15.50
0.20
0.00
0.00
22.00
0.20
0.00
0.00
0.00
0.00
0.00
0.00
0.00
28.60
0.20
0.00
0.00
0.00
0.00
0.00
0.00
0.00
0.00
0.00
0.00
0.00
0.00
0.00
0.00
0.00
1.00
0.00
0.80
0.00
0.00
5.00
0.00
0.00
0.00
0.00
0.00
0.00
0.00
0.00
0.00
0.00
49.30
0.00
0.00
0.20
19.50
0.00
0.00
0.00
0.00
0.00
0.00
0.00
0.00
0.00
0.20
0.00
0.00
0.00
32.10
0.00
0.00
0.60
0.20
15.80
0.20
0.00
0.00
0.00
0.20
4.00
0.60
0.20
0.20
0.20
0.00
2.00
0.00
0.00
0.00
0.00
3.60
2.80
0.00
0.20
0.80
0.00
0.20
0.20
0.40
17.30
2.80
41.20
0.00
0.20
0.00
0.20
0.20
0.20
0.20
0.00
0.00
0.20
0.20
0.00
0.00
0.00
0.20
0.00
0.20
0.20
0.20
0.20
0.00
7.00
0.40
0.00
0.20
9.80
10.00
6.00
0.20
0.00
0.00
0.20
0.20
0.20
0.20
0.20
0.00
0.00
0.00
0.20
0.00
0.20
0.20
0.00
0.00
0.20
0.40
0.20
0.20
0.20
0.00
0.20
0.00
0.20
0.00
0.00
0.00
0.00
0.00
0.00
0.00
0.00
0.00
0.00
0.00
0.00
0.00
0.00
0.00
0.00
0.00
1.80
1.00
1.40
5.40
2.80
0.00
0.00
0.00
1.60
0.20
0.20
0.00
0.20
1.00
0.00
0.20
0.20
0.00
0.00
0.20
0.00
0.20
0.00
1.20
0.00
0.00
0.20
0.20
0.00
0.20
0.00
0.00
0.00
0.20
0.00
0.00
4.40
2.40
0.00
0.00
0.00
0.20
0.00
0.20
0.20
1.20
0.00
6.40
1.20
0.20
0.20
0.00
0.00
0.00
0.00
0.00
0.00
0.00
0.00
0.00
0.00
7.60
0.00
0.20
14.80
0.00
0.00
0.20
0.00
0.20
0.00
0.00
1.60
1.20
0.00
0.00
0.00
0.00
0.00
0.00
0.00
0.00
0.00
0.20
0.00
0.00
3.00
1.00
3.80
0.00
0.00
0.00
0.20
37.90
1.40
0.00
0.20
13.20
1.80
1.00
17.60
11.80
0.40
7.80
7.80
0.00
0.00
0.00
2.60
0.20
0.00
0.20
0.20
0.00
0.00
0.00
0.00
0.00
0.00
0.00
0.00
10.60
24.40
3.40
4.60
2.20
2.20
11.20
8.80
4.00
5.40
36.20
0.00
0.00
0.00
0.20
0.00
0.60
1.40
0.20
0.00
0.00
0.00
4.60
0.20
0.00
3.20
0.80
0.20
0.00
0.20
0.00
0.00
0.00
0.00
8.60
47.30
8.40
0.20
34.90
0.20
0.00
0.00
0.20
0.00
0.00
0.00
0.00
0.00
0.00
0.00
0.00
0.00
0.00
0.00
0.00
0.00
0.00
0.00
0.00
7.40
0.00
0.20
0.00
0.00
0.00
0.00
0.60
0.00
0.00
0.00
0.00
0.00
15.20
5.80
0.40
0.00
0.00
0.00
0.00
0.00
0.00
0.00
0.00
0.00
0.00
13.90
0.00
0.00
0.00
0.00
29.30
0.00
2.60
0.00
0.00
0.00
0.00
0.20
0.00
1.40
3.00
14.90
0.20
0.00
0.00
0.20
12.50
0.20
0.00
1.40
1.40
0.00
0.00
15.70
0.00
18.80
0.60
0.20
18.50
0.00
0.00
4.20
0.80
38.50
0.20
0.40
3.20
12.60
0.00
0.20
0.80
1.00
0.20
0.00
7.60
2.20
0.00
0.20
0.60
0.80
0.00
0.20
3.40
7.60
0.20
0.00
0.00
0.00
0.00
0.20
0.00
0.00
0.00
0.00
0.60
0.20
0.00
0.00
0.20
0.20
0.60
50.20
4.20
0.00
0.20
0.00
0.20
0.00
0.20
0.00
0.00
0.00
0.20
8.00
0.00
0.00
0.00
0.00
0.40
0.40
0.20
0.40
0.20
0.60
0.60
0.20
0.20
0.00
0.00
1.60
0.80
0.00
0.00
0.00
0.00
0.00
1.60
12.20
1.00
0.20
0.20
0.00
0.20
11.20
1.80
0.00
1.20
21.00
0.20
0.00
0.20
0.20
0.00
0.40
0.00
0.00
0.00
0.00
0.20
0.00
0.00
0.20
0.60
50.50
1.20
0.20
0.20
0.40
0.00
0.20
0.20
0.00
0.00
0.00
0.00
0.00
0.20
0.20
0.20
0.00
0.20
0.00
0.20
3.60
3.20
0.20
0.00
0.00
0.00
5.00
13.40
0.20
3.60
0.00
0.00
0.20
0.00
0.00
0.20
0.00
0.20
0.00
0.00
6.40
1.40
1.80
0.00
0.20
0.00
0.00
0.20
0.00
0.00
0.20
0.20
0.00
0.00
0.00
0.00
1.20
0.00
0.00
0.00
0.20
0.20
0.40
0.00
0.00
0.80
0.00
0.00
0.20
0.00
5.80
10.60
16.40
0.00
0.40
0.00
0.60
10.40
19.40
0.20
0.00
0.00
0.20
0.00
0.00
0.20
0.80
0.00
0.20
0.00
0.20
0.20
0.00
0.00
0.00
0.20
0.00
0.20
0.00
0.00
0.00
0.00
0.00
0.00
0.00
0.20
0.00
0.00
20.40
0.40
1.00
1.00
0.00
1.80
0.00
0.00
0.00
0.00
0.00
0.00
14.20
0.40
0.00
0.00
0.00
0.00
0.00
0.00
0.00
0.00
1.80
0.60
0.00
0.00
0.20
0.00
0.00
0.20
0.00
0.00
0.00
0.60
0.00
1.40
0.00
0.20
0.00
2.60
6.20
1.00
0.00
0.00
1.20
0.20
0.00
0.00
0.00
4.80
3.20
0.00
1.80
0.00
0.00
0.20
0.00
5.00
16.40
0.80
0.00
0.00
0.00
0.00
0.00
0.00
0.00
0.00
0.00
0.20
1.20
0.00
0.00
0.00
0.00
0.00
0.00
0.00
0.00
1.20
0.20
9.20
0.20
0.00
0.00
0.00
0.00
0.00
0.00
0.00
0.00
51.20
1.20
0.00
0.20
0.00
0.00
0.00
0.00
0.00
6.80
0.00
19.50
1.40
0.00
0.00
0.00
0.00
0.00
0.00
0.00
0.00
0.00
0.00
0.20
0.00
0.00
0.00
0.00
0.00
0.00
0.00
0.00
0.00
0.00
2.80
0.00
0.00
0.00
0.00
0.00
0.00
0.00
0.00
0.00
0.00
0.00
0.00
0.00
0.00
0.00
0.00
17.90
0.20
0.00
0.00
0.40
0.00
0.00
0.00
0.00
0.00
0.00
0.00
0.00
0.00
14.20
14.70
16.40
0.00
0.20
0.00
0.00
25.90
0.20
0.00
0.00
0.00
0.20
0.00
0.00
0.00
0.00
0.00
0.20
0.00
0.00
0.20
9.60
1.40
1.20
0.00
0.20
13.00
21.20
7.60
5.80
13.40
0.20
0.00
0.00
0.00
0.60
0.00
0.00
0.00
0.00
0.00
0.40
0.00
0.00
0.00
0.20
0.20
0.00
0.00
0.00
0.00
0.00
0.00
0.20
0.00
21.00
1.00
3.80
0.00
0.00
13.60
0.20
0.00
0.20
0.20
0.20
0.20
0.20
1.00
4.20
0.20
0.00
0.00
0.00
0.00
0.60
9.80
0.20
0.00
0.00
0.20
0.20
0.60
13.00
13.20
0.20
0.00
1.80
0.20
0.00
0.00
9.00
0.20
33.20
34.90
1.00
0.20
2.40
0.00
0.20
0.20
0.20
0.20
0.20
0.20
0.00
0.00
0.00
0.20
0.80
0.20
0.00
0.00
0.00
0.00
0.20
0.20
0.00
2.00
0.20
0.00
0.20
0.00
0.00
0.00
0.00
0.20
0.20
0.00
0.20
0.00
0.20
0.20
0.20
0.00
0.20
0.00
0.20
1.20
0.20
0.00
0.00
0.00
0.00
0.00
1.40
0.00
0.00
0.20
0.20
0.00
0.00
0.00
0.00
0.20
0.20
0.20
0.20
0.00
0.20
0.00
0.00
0.00
0.00
0.20
0.00
0.00
0.20
11.00
0.40
1.20
0.00
12.40
2.00
0.00
0.60
0.00
2.20
21.80
9.20
0.20
0.00
0.00
0.00
0.00
0.00
0.20
18.60
0.20
0.00
0.20
0.40
0.00
0.00
4.00
0.00
0.20
0.00
0.00
0.20
0.00
0.00
0.00
0.00
0.20
0.00
0.60
2.20
9.80
0.00
13.20
16.20
6.40
0.20
17.00
0.00
0.00
0.00
0.00
6.20
18.80
1.00
2.00
0.20
5.60
0.40
6.60
0.00
6.00
1.00
4.80
0.00
0.00
0.00
14.20
0.40
0.20
0.00
0.00
0.00
4.80
26.00
1.00
2.20
5.60
3.40
0.00
8.20
0.00
0.20
0.00
0.00
0.20
13.40
1.40
0.20
0.00
1.60
0.20
0.00
0.40
3.80
0.20
0.20
5.20
0.20
0.00
0.00
0.00
5.40
40.50
0.20
1.80
0.00
0.80
0.00
0.00
0.20
0.00
0.00
0.00
0.00
0.00
0.00
4.20
3.40
0.00
3.80
2.40
0.20
0.00
0.00
32.80
0.20
0.00
0.00
0.00
2.40
0.00
0.00
0.00
0.00
0.00
0.00
0.00
0.00
0.00
0.00
0.40
4.00
0.20
0.00
0.00
5.00
4.40
0.00
0.20
0.00
0.00
58.90
0.20
0.00
0.00
0.00
0.20
0.00
0.00
3.20
9.60
0.20
0.00
0.00
2.00
0.20
0.00
0.00
0.00
0.00
12.50
0.20
0.00
0.00
0.00
0.00
0.00
0.00
0.00
0.00
0.00
0.00
0.20
6.60
0.20
0.00
0.00
0.00
0.00
1.60
0.20
0.00
0.00
0.00
0.00
17.10
4.00
65.40
0.00
4.60
13.00
0.00
0.20
0.00
0.00
0.20
0.20
0.00
7.20
0.00
0.20
9.80
13.20
0.00
0.20
0.20
0.20
0.00
0.00
0.00
0.20
0.00
0.20
0.00
0.00
0.20
0.00
0.20
0.00
0.20
0.00
0.20
0.00
0.00
0.00
0.00
0.20
0.00
0.00
0.00
0.00
0.00
0.00
0.00
0.00
0.20
0.80
0.00
1.60
0.20
0.00
0.00
7.00
4.80
2.00
0.00
0.20
4.00
8.40
1.80
0.20
0.20
0.00
0.20
0.00
0.00
0.00
0.00
0.20
0.00
0.00
0.00
0.00
0.00
0.00
0.00
0.20
0.00
0.20
0.00
0.00
0.20
0.40
0.00
0.00
0.20
0.00
4.00
0.00
5.40
0.00
0.20
12.00
0.80
0.00
24.20
6.60
2.80
0.00
0.20
0.00
0.20
0.40
0.20
0.20
0.00
0.20
0.00
0.20
0.00
0.20
0.00
0.20
8.60
0.00
0.00
0.00
0.00
0.00
0.00
0.20
0.20
0.00
0.20
0.20
0.00
0.00
0.20
0.00
0.20
0.80
0.20
0.20
0.00
0.00
0.20
0.00
0.20
0.00
0.00
0.00
0.00
0.20
0.00
0.00
0.00
0.00
0.00
0.00
0.00
0.00
0.00
0.00
0.00
0.00
0.00
5.20
9.60
11.20
0.60
0.20
0.00
0.00
1.40
0.60
0.00
0.00
0.00
0.00
0.00
0.00
0.00
0.00
0.00
0.00
3.20
0.20
0.20
2.20
0.00
0.20
1.80
0.60
0.00
0.00
0.00
0.00
0.00
0.00
3.20
0.00
0.00
0.00
0.00
0.20
0.00
0.00
0.00
0.00
0.00
0.00
1.00
0.20
0.00
0.00
0.40
0.00
7.00
0.00
0.20
0.00
0.20
0.00
0.00
0.00
0.00
0.00
2.60
0.00
0.00
0.00
0.00
0.00
0.00
0.20
0.00
0.00
0.00
0.00
0.00
0.00
0.00
0.00
0.40
0.00
0.20
0.00
0.00
0.00
0.00
0.00
0.20
0.20
2.40
2.00
0.20
0.00
0.00
1.20
3.00
0.40
0.20
1.80
0.00
0.20
4.80
27.20
0.00
0.00
0.00
0.00
1.60
0.00
0.00
0.00
0.00
0.00
0.00
0.00
0.00
0.00
0.00
0.00
0.00
0.00
0.00
14.20
0.00
0.00
0.00
0.00
3.20
0.20
0.60
4.80
0.00
0.00
0.00
0.00
0.00
2.60
1.40
0.00
0.00
0.00
0.00
0.00
0.00
0.80
0.00
0.00
0.00
0.00
0.00
2.40
0.00
0.00
0.00
13.40
29.00
0.20
0.00
8.60
0.40
0.00
0.00
0.00
0.00
0.00
0.00
0.00
0.00
0.40
0.00
0.00
0.00
0.00
0.00
0.00
0.00
6.40
0.00
12.00
5.00
0.20
0.00
0.00
0.00
0.00
0.00
1.40
0.60
9.00
0.20
0.00
0.00
0.00
0.00
0.00
28.70
0.00
19.50
0.20
0.00
0.00
0.00
0.00
0.00
15.80
0.20
0.00
0.00
0.00
0.00
0.00
0.00
0.00
0.00
40.40
62.90
11.40
0.20
0.00
0.00
3.00
7.60
0.00
0.20
1.80
22.00
0.20
0.00
0.00
0.00
0.20
0.00
0.60
41.00
0.80
0.00
0.00
0.20
0.00
0.00
0.00
0.00
0.00
0.40
0.00
0.20
0.00
0.20
0.40
2.80
8.40
33.90
11.60
20.90
0.20
0.20
23.80
0.00
0.20
0.00
0.00
0.60
0.20
0.20
0.20
0.20
0.20
0.20
0.00
2.60
0.20
0.00
0.00
0.20
0.00
0.20
0.20
0.00
9.20
0.40
0.00
3.00
4.80
15.60
3.60
0.00
0.00
0.00
0.00
0.20
0.40
0.40
0.00
0.00
0.20
0.20
0.00
0.20
0.00
0.20
0.00
9.80
0.00
0.40
0.00
0.00
0.20
0.00
0.20
0.00
0.00
0.00
0.00
0.20
0.00
0.20
0.00
0.20
0.20
0.20
0.00
0.20
0.20
0.00
0.00
0.20
0.00
0.00
0.00
0.00
0.00
0.00
0.20
0.00
0.00
0.60
0.60
15.00
11.60
0.20
0.20
0.00
0.00
0.20
0.00
2.40
0.20
0.00
0.00
0.20
0.20
0.00
0.00
0.00
0.20
0.20
2.00
4.60
2.00
58.90
15.60
0.00
0.20
0.20
0.00
0.00
0.00
0.20
0.00
0.20
0.00
0.00
0.00
0.00
0.00
0.20
0.00
0.00
0.00
0.00
3.00
0.00
0.00
0.20
0.00
0.00
0.20
1.00
0.00
0.00
0.00
0.00
0.00
0.00
0.00
0.00
0.00
0.00
0.20
0.00
0.00
0.00
0.00
0.00
0.00
0.20
0.00
3.80
1.00
0.00
0.00
4.40
0.00
0.00
0.00
0.00
0.00
0.00
0.00
0.00
0.00
0.00
0.00
0.20
0.00
0.00
20.80
0.80
0.20
0.20
0.00
0.00
0.00
0.20
0.00
0.20
0.00
7.20
0.00
0.20
3.20
0.20
0.20
0.00
0.00
0.00
0.00
0.00
0.60
0.00
0.20
0.00
0.00
0.00
0.00
0.00
0.00
0.00
0.00
0.20
0.00
0.20
0.20
1.80
0.20
0.00
0.00
0.00
0.00
0.00
0.00
0.00
0.00
9.80
0.00
0.20
0.00
0.00
0.00
0.00
12.00
1.20
0.20
0.00
0.20
0.00
0.00
0.00
0.00
0.00
0.00
0.00
0.00
0.00
0.00
0.00
0.40
0.20
0.00
0.00
0.00
0.00
0.00
0.00
0.00
0.00
0.40
0.00
0.00
0.00
0.00
0.00
0.00
0.00
0.00
0.00
0.20
0.20
0.00
3.40
0.00
0.00
0.00
0.00
2.80
0.60
27.70
0.00
1.40
2.80
0.00
0.00
0.00
-99.00
0.00
0.00
47.30
0.00
0.00
0.00
0.00
0.00
0.00
0.00
0.00
0.20
0.00
0.20
0.00
0.00
0.00
0.00
9.00
0.00
1.00
0.00
0.00
31.70
4.40
0.20
0.00
0.00
0.20
0.00
0.00
2.00
0.20
9.90
0.00
0.20
0.00
0.00
0.20
0.00
0.00
0.00
0.00
0.00
0.00
0.00
0.00
8.80
0.20
0.00
0.20
0.40
69.80
37.20
17.90
0.00
0.00
0.00
0.20
0.20
0.20
0.40
19.40
1.80
0.20
0.20
0.20
0.00
0.20
0.00
0.00
0.20
0.00
2.00
0.00
0.00
0.20
0.00
0.00
0.00
5.80
4.40
0.20
0.20
0.20
0.00
0.20
24.70
0.20
0.00
0.20
0.20
0.20
0.00
0.00
0.20
0.20
0.20
0.00
0.20
0.20
0.00
0.00
0.00
0.00
0.00
0.20
0.00
0.20
0.20
0.20
0.20
0.40
0.00
0.20
0.20
3.00
3.80
0.20
0.40
0.00
0.20
0.00
0.00
0.00
0.00
0.20
0.20
0.20
0.40
0.20
0.20
0.00
0.20
0.00
0.20
9.80
0.20
1.80
0.00
0.20
0.20
0.60
0.00
0.20
11.20
0.20
0.20
0.20
0.00
0.20
0.20
0.00
0.00
0.00
0.00
0.20
0.00
0.00
0.20
0.00
0.00
0.20
0.20
0.00
0.20
0.00
0.20
0.20
0.20
0.20
0.00
0.20
0.20
0.20
0.20
0.00
0.00
0.00
0.20
0.00
0.20
0.20
5.40
0.20
0.00
0.00
0.00
0.00
0.00
0.00
0.00
2.80
0.00
0.00
0.20
0.20
0.40
0.20
0.00
7.80
0.20
0.00
0.00
0.40
0.00
0.00
0.00
0.00
7.20
0.00
0.00
0.20
0.00
0.00
0.20
0.20
2.60
0.20
0.20
0.00
0.00
0.00
0.00
0.20
0.00
0.00
12.60
0.00
0.00
0.00
0.00
0.00
0.00
0.00
0.00
0.00
0.00
0.00
0.00
0.00
0.00
0.00
0.00
0.00
0.00
0.00
0.20
0.60
0.60
0.00
5.80
0.60
33.00
25.20
31.10
3.80
0.00
0.00
0.00
1.00
1.00
1.00
5.40
9.00
5.80
1.60
0.00
2.80
8.60
0.20
5.20
0.20
0.20
0.00
0.00
0.00
0.00
0.00
0.20
0.20
0.20
28.40
0.40
0.20
0.20
0.60
0.20
0.00
0.00
0.20
0.20
0.00
0.00
0.00
5.00
0.00
0.00
0.20
0.20
0.80
0.00
3.00
0.00
0.00
0.00
0.00
31.00
3.80
0.00
0.00
0.00
0.20
0.60
0.00
0.00
60.50
0.20
0.80
0.20
0.00
0.00
0.20
0.00
0.00
0.00
0.00
1.60
0.00
0.00
0.60
0.20
0.00
0.00
0.00
0.00
0.00
0.00
0.00
0.00
0.00
0.00
0.00
0.80
0.00
0.00
0.00
0.00
0.20
0.00
0.00
0.00
0.00
24.50
0.00
0.00
0.00
0.00
0.00
0.00
0.00
2.80
0.00
0.00
0.00
0.00
0.00
0.00
0.00
0.00
0.00
0.40
0.00
0.00
0.00
0.20
0.00
0.00
0.00
11.20
3.40
3.60
0.20
0.00
0.00
1.60
0.40
0.00
0.00
0.00
0.00
0.00
19.60
0.00
0.00
13.40
0.00
0.20
0.00
0.00
0.00
0.00
0.60
9.20
0.40
0.20
0.00
8.40
0.40
0.00
0.00
0.00
0.00
0.00
0.20
0.00
0.00
0.40
0.40
0.00
0.00
0.00
0.00
0.00
0.00
0.00
5.00
0.00
7.20
0.20
0.00
0.00
0.00
0.00
0.00
0.00
0.00
0.80
24.10
11.20
0.20
0.20
7.00
0.60
17.00
0.00
0.20
0.20
0.00
0.20
0.20
0.00
0.20
0.20
0.00
0.00
0.00
0.00
0.20
0.00
0.00
0.00
0.00
0.00
0.20
0.00
0.00
0.00
0.20
0.00
0.20
0.20
0.20
0.00
0.00
0.20
0.20
0.00
1.40
0.00
0.00
0.00
0.00
0.00
0.00
3.00
1.60
0.20
0.00
0.00
0.40
0.20
0.20
0.00
0.20
0.00
0.20
0.00
0.00
0.20
0.20
0.20
0.00
0.20
0.20
0.00
0.00
0.00
0.00
0.00
1.00
0.00
0.00
0.00
0.20
1.00
1.40
0.60
0.00
0.20
0.20
0.20
0.00
0.20
0.00
0.00
0.20
0.00
0.40
18.40
0.00
0.00
0.00
0.20
0.20
0.00
0.20
2.40
0.80
0.00
0.20
0.20
0.40
0.00
0.20
0.20
0.20
0.20
0.00
0.20
0.00
0.00
0.20
0.00
0.20
0.00
0.00
0.00
0.20
0.00
5.60
6.00
0.20
0.20
0.00
0.20
0.00
0.00
0.00
0.20
0.20
0.20
0.20
0.00
0.00
2.80
0.80
0.00
0.00
0.20
0.20
1.60
5.00
0.20
0.00
0.00
0.20
0.00
0.20
0.00
0.00
0.00
0.00
0.00
0.00
0.00
0.00
0.00
0.00
0.20
0.20
0.00
0.00
0.00
0.20
9.20
0.20
0.00
19.60
0.60
0.40
0.00
1.80
0.20
0.00
0.00
20.40
1.20
0.00
0.00
0.00
0.00
0.20
0.00
0.00
0.40
1.00
1.20
0.00
0.00
0.00
0.00
0.00
0.60
7.40
8.60
0.00
10.20
4.00
0.00
1.60
0.00
0.20
0.00
0.00
2.20
0.00
0.00
0.00
0.00
0.00
0.00
10.20
0.20
1.40
0.00
25.20
30.00
3.00
0.00
8.20
0.40
0.20
13.00
17.80
0.20
0.00
0.00
0.00
7.00
0.20
4.60
31.20
1.80
15.80
0.00
0.20
0.00
1.20
0.60
5.40
20.40
4.60
16.60
2.60
12.20
0.20
0.00
2.40
5.80
0.40
12.20
0.20
0.00
9.40
4.80
0.20
0.00
0.00
0.00
0.00
0.00
0.00
0.00
10.40
7.40
0.00
0.20
0.00
1.20
0.00
0.00
0.20
0.00
0.20
0.40
0.00
0.00
0.00
32.80
17.40
0.20
0.20
0.00
0.00
0.00
0.00
0.00
0.20
0.00
0.00
0.20
0.00
0.00
0.00
0.00
0.00
0.00
0.00
0.00
0.00
0.00
0.00
0.00
0.80
0.00
1.00
0.00
0.00
0.00
0.00
0.00
0.00
1.80
0.00
0.00
0.40
0.00
0.00
0.00
0.00
35.30
0.00
0.20
2.20
0.00
0.00
0.00
0.00
0.00
14.80
0.00
0.00
0.20
0.00
0.20
2.40
0.00
0.00
0.20
0.00
35.80
0.00
9.40
0.00
0.20
0.00
0.60
8.00
10.60
0.40
0.00
0.00
1.80
0.00
0.00
8.80
0.20
0.00
0.00
0.20
0.00
0.00
0.00
0.00
0.00
0.00
0.00
2.60
0.00
0.00
0.20
0.00
0.00
0.00
0.20
8.00
0.20
5.40
0.20
0.00
0.20
0.00
5.20
0.00
0.00
0.20
0.20
16.20
20.80
0.20
7.60
10.80
31.80
0.00
0.00
0.20
0.00
0.00
0.20
0.20
0.20
0.40
2.20
0.20
0.00
0.20
0.00
0.20
0.20
0.20
0.00
0.20
0.20
0.00
0.00
0.00
0.00
1.20
0.40
2.00
0.00
0.00
0.00
0.00
0.20
0.00
0.00
0.00
0.20
5.00
0.00
0.00
0.00
7.40
6.20
2.40
1.00
0.00
0.40
0.00
0.40
0.20
0.20
0.00
0.20
0.20
26.60
12.60
0.20
5.00
0.40
0.00
0.00
0.20
0.00
0.20
0.00
5.40
1.40
0.00
6.00
19.80
0.40
0.00
0.20
0.00
0.00
0.20
0.00
0.20
3.20
0.00
0.20
0.80
0.20
1.20
0.20
0.20
0.20
0.20
0.00
0.00
12.40
7.40
2.80
10.60
0.00
0.00
0.40
0.00
0.00
0.00
6.20
0.20
0.00
0.00
0.20
0.00
0.00
0.00
0.00
0.20
0.00
0.00
0.00
0.20
0.00
0.00
0.00
0.20
0.00
1.80
2.80
1.00
4.20
0.00
0.00
0.00
0.00
0.00
0.00
0.00
0.00
0.00
0.20
0.00
0.00
0.00
0.00
0.00
0.20
0.00
0.00
0.20
0.00
0.00
0.00
0.00
24.20
5.80
1.00
22.80
2.40
6.80
0.00
0.20
0.00
0.00
16.00
0.20
0.00
1.40
10.40
6.60
0.00
0.20
7.80
2.20
0.40
4.80
0.40
1.80
0.00
0.00
0.00
0.00
0.00
1.20
0.00
0.00
0.00
15.60
4.40
0.00
0.00
0.00
0.00
0.20
0.00
0.00
0.00
0.20
0.40
0.00
0.80
15.80
0.00
0.20
1.20
0.20
0.00
0.00
0.00
0.00
0.00
0.00
0.00
0.00
0.00
0.00
0.00
0.00
3.20
3.40
0.00
0.00
0.00
9.00
0.20
0.00
0.60
0.00
0.00
0.00
0.00
0.00
0.00
0.00
0.00
0.00
0.00
11.80
1.80
0.00
0.00
0.00
0.00
1.80
5.60
0.00
1.00
0.20
1.80
11.60
0.00
0.00
4.00
11.50
3.00
4.00
0.60
0.20
0.00
0.00
0.00
0.20
6.00
0.00
0.00
0.00
0.00
0.00
0.00
2.40
1.00
0.00
0.00
0.00
0.00
0.00
0.00
0.00
0.00
0.00
0.00
0.00
0.00
0.00
0.00
0.00
3.20
73.70
12.20
10.90
0.00
0.00
0.00
0.00
0.60
0.20
0.20
0.00
0.00
0.00
0.00
0.00
0.00
0.00
0.60
12.50
0.00
0.00
0.00
0.00
0.00
0.20
0.00
0.00
0.00
0.00
0.00
0.00
0.00
0.00
0.00
0.00
1.30
7.10
24.00
4.20
0.00
6.60
0.80
0.00
0.00
-99.00
-99.00
7.80
0.00
0.00
18.60
0.00
0.00
-99.00
0.00
0.90
0.10
0.00
0.00
0.00
0.00
0.00
3.30
0.00
0.10
0.00
0.00
0.00
0.00
0.00
0.00
0.00
0.00
0.00
8.70
38.60
7.30
0.10
0.00
0.20
0.00
0.10
0.00
0.00
0.00
0.00
0.10
2.30
0.00
0.10
0.20
0.00
1.80
0.00
0.00
0.00
0.00
0.10
0.10
0.10
0.00
0.00
0.00
0.00
0.00
0.10
0.10
0.20
0.00
0.00
0.10
0.00
0.00
0.20
1.50
0.00
0.00
0.40
0.10
0.10
0.10
0.00
0.00
0.00
0.10
0.20
0.30
0.10
0.00
0.00
0.00
0.00
0.00
0.00
0.00
0.00
11.40
13.20
8.30
13.70
0.00
3.70
0.00
0.50
0.00
0.00
0.60
0.00
0.10
0.00
2.80
10.30
0.00
4.60
0.00
0.00
0.00
0.00
3.30
0.20
5.60
0.00
0.10
0.00
0.40
0.80
3.30
0.20
0.10
0.10
0.60
3.20
0.00
0.10
0.00
0.00
0.00
0.00
0.00
0.00
0.10
10.60
0.60
0.10
0.00
13.50
12.90
4.70
0.00
0.00
0.00
0.00
3.70
2.50
0.20
9.20
11.30
0.00
1.00
0.20
0.00
0.00
0.00
0.00
0.10
0.00
0.10
7.00
10.80
0.10
0.00
0.00
6.10
22.80
0.00
0.00
0.00
0.00
0.10
0.00
0.10
0.10
0.00
0.00
0.00
0.00
9.20
11.70
0.00
0.00
0.00
1.90
0.00
0.00
0.00
2.80
0.00
0.00
0.00
0.00
13.00
0.00
0.10
0.30
0.00
0.00
0.00
0.00
18.80
0.00
0.00
1.30
4.50
0.20
0.00
21.80
0.10
0.00
0.00
0.00
0.00
5.90
3.80
0.10
0.00
0.00
0.10
22.90
6.60
50.00
13.30
2.50
1.20
0.30
0.60
0.10
0.10
0.10
4.20
14.30
3.70
0.00
0.00
0.00
0.00
0.00
0.00
0.00
2.80
0.00
0.00
0.00
0.00
0.00
6.90
0.00
0.00
0.00
0.00
0.00
0.00
0.00
0.00
0.40
0.00
0.00
13.20
4.20
2.00
0.10
3.20
26.70
1.00
0.00
2.80
9.40
5.80
0.00
0.00
0.00
0.00
0.00
0.00
0.00
6.80
0.30
0.10
0.00
0.00
0.00
0.00
5.80
0.00
0.00
0.00
0.00
0.00
0.00
0.00
0.00
0.00
0.00
0.00
0.00
0.00
0.00
0.00
0.00
0.00
0.00
2.50
0.00
0.00
0.00
0.00
15.00
2.90
2.80
0.00
0.20
20.70
0.00
0.00
11.30
0.30
0.00
0.00
0.00
16.50
0.00
16.60
0.10
0.20
0.00
0.00
0.00
0.00
14.60
0.00
0.00
0.00
0.00
0.00
0.00
0.00
0.00
0.00
0.00
0.00
0.00
0.00
0.00
0.00
0.00
0.00
0.00
31.10
0.10
6.90
0.10
0.00
31.30
0.10
0.00
0.00
11.00
27.80
0.00
0.00
0.50
2.20
0.00
0.00
0.10
0.10
0.00
0.00
0.00
0.00
0.00
0.00
0.00
0.10
1.40
0.00
0.00
0.00
0.00
0.10
56.50
23.70
6.00
0.00
0.00
0.00
0.00
0.00
0.00
0.00
0.00
0.00
0.00
0.00
0.00
0.00
0.00
0.00
0.00
0.00
0.30
8.50
0.10
0.00
0.00
0.00
0.00
0.00
0.00
0.00
0.00
0.00
0.00
0.00
0.00
0.00
0.50
0.00
1.10
1.60
0.10
3.40
0.00
0.00
0.10
0.10
0.10
0.00
0.00
0.00
0.70
8.50
0.00
0.00
0.00
0.00
0.20
0.00
0.00
0.60
0.00
0.00
0.20
0.00
0.00
0.00
0.00
0.00
0.00
0.00
0.00
0.00
7.70
10.90
12.60
0.00
0.00
0.00
0.00
0.00
0.00
0.00
0.10
0.00
0.00
0.00
0.00
0.00
0.00
0.00
0.00
0.00
0.00
0.00
0.10
0.00
0.10
0.00
0.00
0.10
0.00
0.00
0.00
0.00
0.00
0.00
0.00
0.00
0.00
0.00
13.60
0.10
4.10
5.00
0.10
0.00
0.00
0.00
0.00
0.00
0.00
0.00
0.00
0.00
0.00
0.00
0.00
1.50
0.00
0.00
7.90
0.10
0.10
0.20
0.00
0.00
0.00
0.00
0.00
0.00
0.00
0.00
0.00
0.00
3.00
1.00
0.00
0.00
0.00
0.10
0.00
0.00
0.00
41.40
0.20
11.70
46.60
10.00
0.10
0.00
0.00
0.00
2.90
0.80
0.10
0.00
0.00
0.00
1.70
0.00
21.20
0.10
0.00
0.00
0.00
0.00
0.00
0.00
0.00
0.00
0.00
0.00
0.00
0.00
0.00
0.00
0.00
0.20
0.00
0.00
0.00
0.00
0.00
2.00
0.10
6.40
0.50
0.00
0.00
3.10
27.40
0.50
0.00
0.00
0.00
0.00
0.10
0.30
0.00
5.40
0.10
0.10
0.00
0.00
17.40
0.10
37.40
0.80
0.00
0.00
0.00
0.00
0.00
0.00
0.00
0.00
1.40
0.00
0.00
0.00
0.00
0.00
9.10
1.40
0.80
0.30
1.00
27.80
5.10
0.00
15.20
6.30
0.00
24.70
0.60
0.60
8.70
0.00
0.00
6.00
0.00
0.00
0.00
0.00
0.00
0.10
0.00
0.00
0.00
0.00
0.00
0.00
0.00
0.00
0.00
0.00
2.40
1.00
0.00
0.00
0.00
0.00
0.00
0.00
0.00
6.40
8.60
5.80
1.00
0.00
0.00
0.00
0.20
0.00
0.00
0.10
0.00
0.00
0.20
40.80
8.70
0.10
0.40
7.20
0.10
0.00
0.00
5.60
0.10
0.00
0.00
0.00
0.00
0.00
0.00
0.00
0.00
0.00
4.00
0.00
0.00
0.00
0.00
0.00
0.00
0.00
0.00
0.00
0.00
0.00
0.00
0.00
0.00
0.00
0.00
0.00
0.00
0.00
0.50
18.20
0.40
0.00
0.10
0.00
0.00
0.10
0.00
0.00
0.00
0.00
0.00
0.00
0.00
0.10
0.00
0.00
0.00
0.00
0.00
2.80
0.00
0.00
0.00
0.00
0.00
0.00
0.00
0.00
0.00
0.00
0.00
0.00
0.00
0.00
0.00
0.00
0.00
0.00
0.00
0.00
0.00
0.00
0.00
0.00
0.00
0.00
0.00
0.00
0.10
9.80
0.10
0.00
19.20
9.00
0.00
0.10
0.00
1.70
1.60
61.00
29.40
11.90
9.30
0.00
0.00
0.00
0.10
0.10
0.00
1.10
1.40
42.30
0.00
0.00
0.00
1.50
2.50
19.10
4.00
0.00
0.10
0.10
0.00
0.20
0.20
0.10
0.00
0.10
0.00
0.00
0.00
0.00
0.00
0.10
0.10
0.30
0.20
0.10
0.00
0.00
0.00
0.00
0.00
0.00
0.00
0.00
0.00
0.00
0.20
0.30
0.10
0.10
0.10
0.00
0.10
0.00
0.00
0.00
0.00
0.00
0.00
0.10
0.00
0.00
0.00
0.00
0.10
0.10
0.10
0.10
0.10
0.00
0.10
0.30
0.00
0.00
0.10
0.00
0.00
0.00
0.10
0.00
0.10
0.00
0.80
3.70
0.00
0.00
0.00
1.10
0.00
0.00
0.00
0.00
0.00
0.00
0.00
0.00
0.00
0.00
0.00
0.00
0.00
0.00
0.00
0.00
0.00
0.00
0.00
0.00
0.00
0.00
0.00
0.00
0.00
0.00
0.00
0.10
0.00
0.00
0.00
0.10
0.00
0.00
0.00
0.00
0.00
0.00
0.00
0.00
0.00
0.00
0.00
0.00
0.00
0.00
0.40
0.60
16.90
16.80
0.10
0.00
0.00
0.00
0.00
0.00
0.00
0.00
0.00
0.00
0.00
12.30
22.20
2.80
0.20
0.30
0.10
0.00
0.70
0.00
4.90
0.10
5.10
0.20
0.00
0.80
1.50
3.90
0.10
1.60
0.00
0.00
0.00
0.00
0.00
0.00
7.20
0.00
11.90
0.00
0.00
0.00
0.10
0.00
25.70
0.10
0.00
0.00
0.00
0.00
1.40
5.20
3.50
0.10
0.00
0.00
1.10
0.00
20.80
1.10
0.00
0.00
0.00
0.30
0.20
0.00
6.00
0.80
0.10
0.10
0.00
0.00
6.40
0.00
0.00
0.00
0.00
0.00
0.00
2.10
0.10
1.80
0.00
0.00
0.00
0.00
0.00
0.00
0.00
1.40
0.00
0.00
0.00
0.00
0.00
0.00
0.00
0.00
0.00
0.00
2.10
0.00
0.00
0.00
0.50
0.00
0.00
0.00
0.00
0.00
0.00
0.00
0.00
0.00
0.00
0.00
0.00
0.00
0.00
0.00
6.40
0.20
0.00
0.00
0.00
0.00
0.30
0.00
0.00
0.00
0.00
0.00
0.00
0.00
0.00
0.00
12.10
0.00
0.00
0.00
0.00
0.00
0.00
0.00
0.00
0.00
0.00
0.00
0.00
0.00
0.00
0.00
0.00
0.00
0.00
0.00
0.00
0.00
0.00
0.50
32.80
0.00
0.00
0.00
0.00
0.00
0.00
0.00
0.00
3.10
14.50
0.10
0.00
1.30
0.00
0.00
0.00
0.00
0.00
8.00
0.20
0.00
0.00
0.00
0.00
0.00
0.00
0.00
0.00
0.80
67.70
0.10
0.00
0.00
0.00
0.00
0.00
0.10
0.00
0.00
0.00
1.20
1.10
17.60
0.10
3.60
0.00
0.00
0.00
0.00
0.90
5.20
12.90
0.20
0.10
0.00
12.90
6.10
0.00
0.00
0.00
7.40
6.10
0.00
0.00
0.00
0.70
0.00
0.00
0.00
0.00
5.40
0.20
0.00
0.00
0.00
0.00
0.00
0.00
0.30
1.90
0.00
0.00
0.00
0.00
0.10
0.00
0.00
1.00
8.00
0.30
0.00
0.00
0.00
0.00
0.00
0.00
0.00
0.00
0.10
0.00
0.00
0.00
0.00
0.00
0.00
0.00
0.00
0.00
0.00
0.10
0.10
0.00
0.00
0.10
0.10
0.10
0.00
0.10
0.10
0.00
0.10
0.00
0.10
2.60
0.10
0.00
0.00
0.00
0.10
0.00
0.00
0.00
0.00
0.10
1.70
0.00
0.10
0.00
0.00
0.00
0.90
11.10
0.00
0.70
0.80
0.00
0.00
0.00
0.00
0.30
0.30
0.00
0.00
0.00
0.10
0.10
0.00
0.00
0.00
0.00
0.00
0.00
0.00
0.00
0.00
0.00
0.00
0.00
0.00
0.00
0.00
0.80
0.00
0.00
0.20
4.40
1.70
0.00
0.00
0.00
0.50
5.00
0.50
0.00
0.00
1.20
22.50
6.50
0.00
0.00
0.00
0.00
0.00
0.70
13.70
0.00
0.00
0.10
4.50
0.10
0.00
1.80
0.00
0.00
0.20
0.00
0.00
14.40
2.20
0.10
0.70
0.00
0.00
9.10
0.20
0.10
15.70
6.90
0.50
0.00
0.00
0.00
0.00
0.00
0.00
0.00
0.00
0.00
0.00
0.00
0.00
0.70
0.00
0.00
0.00
0.00
0.00
10.90
4.00
22.80
10.10
12.00
4.30
0.00
0.00
0.20
7.80
0.50
0.10
0.10
0.80
0.10
0.00
0.00
0.00
0.00
1.40
31.50
0.40
8.10
13.00
1.60
6.20
0.00
0.00
0.00
0.00
0.00
0.00
0.00
0.10
0.50
0.10
0.00
0.00
0.00
0.00
0.00
0.00
0.00
0.00
13.50
0.40
0.00
0.00
0.00
0.00
0.00
0.00
0.00
0.40
2.10
1.00
0.00
23.70
0.00
0.00
0.00
0.00
0.00
19.40
0.00
0.00
0.00
0.00
0.00
0.00
0.00
0.00
0.00
0.00
0.00
0.00
3.80
3.30
1.10
0.80
10.80
0.10
0.00
3.80
4.40
2.20
15.40
16.70
0.10
16.10
0.10
0.00
0.00
0.00
11.00
0.10
0.00
0.00
0.00
0.00
0.00
0.00
0.00
0.00
0.00
13.10
0.10
0.00
0.00
0.00
35.10
0.10
0.00
5.70
10.80
0.10
8.80
0.00
0.00
0.00
0.00
71.60
0.10
0.20
1.40
6.80
0.00
0.00
0.00
0.00
0.00
0.00
0.00
0.00
0.00
16.00
0.00
0.00
2.10
3.70
0.10
0.00
0.00
0.20
0.00
0.00
0.00
0.00
0.10
0.00
0.00
0.10
0.00
0.00
0.00
0.00
1.00
0.00
0.00
0.00
0.00
0.00
11.50
0.20
13.80
0.00
0.00
0.00
0.20
0.20
0.10
0.00
0.00
0.00
0.00
0.00
0.00
0.00
0.00
0.00
0.40
0.10
0.00
0.00
0.20
0.10
0.00
0.00
0.00
0.00
0.00
0.00
0.00
0.00
0.00
0.00
0.00
0.00
0.00
0.00
0.00
0.10
0.00
0.00
0.00
1.30
32.60
32.10
0.10
0.00
0.00
0.00
0.00
0.00
0.00
0.10
0.00
0.00
0.00
0.00
0.00
0.00
0.00
0.00
0.00
0.00
0.10
0.00
0.10
0.10
0.00
0.00
0.10
0.10
0.10
0.00
0.00
0.00
6.50
0.30
0.10
0.00
0.00
0.80
0.30
0.00
0.00
0.00
0.00
0.10
0.00
0.10
0.00
0.00
10.50
0.00
0.00
0.00
0.10
0.00
0.00
0.00
0.00
0.80
0.00
0.00
0.30
0.00
12.00
4.70
0.00
0.20
1.50
0.10
0.00
0.00
0.20
0.10
0.00
2.50
2.50
0.10
4.90
0.00
0.00
0.00
2.70
0.00
0.10
0.00
7.80
0.10
0.00
0.00
0.00
0.00
0.00
9.40
0.00
0.00
0.00
0.00
0.00
0.00
0.00
0.00
0.00
0.00
0.00
0.00
0.00
0.00
1.30
0.30
0.00
0.00
0.00
0.00
0.00
0.00
0.00
0.00
0.00
0.00
0.00
0.00
0.00
0.00
0.00
0.00
0.00
5.40
2.40
0.00
1.20
0.00
0.00
0.00
0.00
1.00
0.00
0.10
0.20
15.90
0.70
0.00
0.00
0.00
0.00
0.00
1.30
7.40
0.10
0.00
0.00
0.00
0.00
0.00
0.00
0.00
4.20
6.70
4.50
0.00
0.00
6.20
0.30
0.00
0.00
0.00
0.00
2.20
0.00
0.00
0.00
0.00
0.00
0.00
0.00
0.00
0.00
0.80
0.50
2.80
0.00
0.00
0.00
0.00
0.00
0.00
1.80
0.00
0.10
0.70
0.00
0.00
11.80
0.00
14.50
0.20
15.50
0.20
0.00
0.30
0.00
0.10
0.10
0.00
0.00
0.00
0.00
0.00
0.00
0.00
0.00
18.00
19.90
0.00
22.40
19.90
0.10
0.00
0.00
0.00
0.00
9.10
0.30
4.60
0.10
0.00
5.60
0.00
0.10
0.80
1.50
0.00
0.00
12.40
17.70
0.10
3.40
0.00
0.00
0.10
0.30
0.20
0.00
0.00
0.00
0.00
0.00
0.00
0.00
0.00
0.00
0.00
7.60
23.50
0.00
29.80
0.00
0.00
0.00
4.30
1.20
0.10
3.80
1.60
39.70
36.90
0.30
0.00
0.00
0.00
0.00
0.10
0.00
1.30
0.00
0.00
0.00
0.00
11.20
6.20
61.90
1.80
0.00
0.00
0.10
0.00
0.00
1.80
0.00
3.50
0.00
0.00
0.00
1.40
1.60
6.40
0.10
0.00
5.80
0.10
7.70
1.50
0.00
15.40
0.10
0.00
0.60
0.10
0.00
0.00
0.00
1.70
3.10
0.10
0.00
0.00
0.00
25.70
5.40
0.00
0.00
0.10
0.00
18.80
5.40
0.00
0.00
0.00
0.00
0.40
0.00
6.40
0.00
3.00
0.10
0.00
0.00
0.00
0.00
0.00
0.00
0.00
0.00
0.00
0.00
0.00
0.00
0.00
0.00
0.00
0.10
0.00
0.00
11.40
9.40
0.00
0.00
0.10
0.00
0.00
0.70
2.70
0.00
0.10
8.00
0.00
0.00
0.00
0.10
0.10
0.00
0.00
0.20
0.00
1.80
3.30
9.70
2.80
29.60
43.70
34.60
0.00
0.00
0.60
3.10
0.00
0.00
0.00
0.00
0.00
0.00
0.00
0.10
0.10
3.40
7.60
0.00
0.00
0.00
0.20
0.10
0.10
0.10
0.20
0.00
0.10
0.10
0.00
0.00
0.00
0.00
0.00
0.00
0.00
0.00
0.00
0.10
0.10
0.10
0.10
0.10
0.00
0.00
0.10
0.00
0.00
0.00
1.60
0.00
0.70
7.00
0.00
0.00
0.00
0.00
0.00
0.00
0.00
0.00
0.00
0.10
2.50
0.00
0.00
0.00
6.00
0.10
0.00
0.00
0.00
0.00
0.00
0.00
0.00
0.00
0.00
0.00
0.00
0.00
0.00
0.00
0.00
0.00
0.30
0.00
6.60
0.00
0.00
0.00
0.00
0.00
0.00
0.00
0.00
8.00
0.00
0.00
0.00
0.00
0.00
0.00
0.00
0.00
0.00
0.20
0.20
0.00
0.10
0.00
0.00
0.00
17.40
0.00
2.70
1.10
3.70
0.00
0.00
0.00
0.00
0.00
0.00
0.00
0.00
0.00
0.00
0.00
0.00
0.00
0.00
0.00
0.00
0.00
0.00
0.00
0.00
0.00
7.10
0.50
0.10
14.80
0.00
0.10
0.00
0.00
0.00
0.00
1.00
0.00
0.00
5.80
0.00
0.00
0.00
0.00
0.00
0.00
0.00
0.00
0.00
0.00
0.00
0.00
0.00
0.00
0.00
0.00
0.00
0.00
0.00
16.10
4.90
0.00
0.00
0.00
0.00
0.20
0.00
0.00
0.00
0.00
0.70
16.30
10.20
0.10
12.70
0.10
0.00
0.00
0.70
12.00
41.20
0.10
8.30
0.00
0.00
0.00
3.10
9.30
0.00
0.00
0.00
0.00
0.00
4.60
4.90
0.10
0.00
0.00
0.00
0.00
0.00
0.00
0.00
0.00
0.00
0.00
0.00
0.00
0.00
0.00
0.00
0.00
0.00
0.00
0.00
0.00
0.00
0.00
0.00
0.00
0.00
43.20
0.40
3.60
0.00
16.70
0.20
0.00
0.10
0.00
2.00
5.40
28.60
5.60
0.00
0.00
0.00
0.00
0.00
0.00
4.00
1.00
0.00
0.00
0.00
1.70
0.00
2.20
0.10
2.30
17.00
0.10
0.00
29.60
0.00
0.40
0.00
0.00
0.00
0.00
0.00
0.00
0.00
0.00
0.00
10.10
36.50
4.60
0.00
0.00
0.00
0.00
0.00
4.80
0.00
0.40
0.60
0.00
0.00
0.00
0.20
0.50
0.00
0.00
0.00
0.00
0.00
0.00
0.00
4.70
0.10
0.10
0.30
10.50
7.00
0.10
0.10
0.00
0.20
0.00
0.00
0.00
0.00
0.00
0.10
0.30
0.00
0.40
0.00
0.00
0.00
0.00
0.00
0.00
0.00
0.00
0.00
0.00
0.00
7.00
1.50
1.20
0.00
0.00
0.00
0.00
23.20
3.70
0.10
0.10
0.10
0.00
0.00
0.10
0.20
0.00
0.00
0.00
0.00
0.20
0.00
0.00
0.00
0.00
0.00
0.10
0.00
0.00
0.00
0.00
0.00
0.00
0.00
0.00
0.00
0.10
0.00
0.00
0.00
0.80
0.10
0.00
0.00
0.00
0.10
0.00
0.10
0.00
0.20
0.10
0.00
0.00
0.00
0.00
0.10
0.00
0.00
0.10
0.10
0.10
0.10
0.10
0.00
0.00
0.00
0.00
0.00
0.50
0.00
0.70
0.00
0.00
0.00
0.00
0.00
0.00
0.00
0.00
0.00
0.00
0.00
0.00
0.00
0.00
0.00
0.00
0.00
0.00
0.00
0.00
0.30
0.10
0.10
0.00
0.00
0.00
0.00
0.00
0.10
0.00
0.00
0.00
0.00
4.70
0.10
0.00
0.00
1.00
0.10
2.60
7.60
0.10
0.00
0.00
0.00
0.00
0.00
0.00
0.40
0.00
0.00
0.00
0.00
12.60
4.50
0.00
0.00
0.00
0.00
1.20
0.70
0.00
0.20
0.10
0.00
0.10
0.00
0.00
0.00
0.00
0.00
23.20
5.30
0.00
0.00
8.00
3.10
0.20
0.00
0.00
0.00
0.00
0.00
0.00
0.00
0.00
1.00
7.50
0.00
0.00
4.70
25.60
0.10
0.50
2.30
0.10
0.00
0.40
0.00
0.00
0.00
0.00
0.00
0.00
0.00
0.00
1.80
29.20
0.10
0.80
0.20
0.00
0.00
0.60
3.70
0.00
12.20
0.00
0.00
0.00
0.00
0.00
1.50
1.00
2.60
9.20
4.90
0.60
0.60
4.30
0.10
0.80
0.10
0.00
4.10
0.10
0.00
0.00
2.70
0.00
0.00
0.00
0.00
0.00
1.10
0.00
3.70
0.40
0.00
0.00
0.00
4.60
0.10
0.00
0.00
0.00
0.00
0.00
0.00
0.00
0.00
0.00
5.40
0.00
0.00
9.00
0.10
0.00
0.00
0.00
0.00
0.00
0.00
0.00
0.00
0.00
0.00
0.00
0.00
0.00
0.00
0.00
0.00
0.00
0.00
7.40
0.10
0.00
0.00
0.00
0.10
0.00
0.00
0.00
0.00
0.00
0.00
0.00
0.00
0.80
0.00
0.00
0.00
0.00
49.10
0.10
0.00
0.00
0.00
0.00
0.00
0.00
0.00
0.90
0.00
0.00
0.00
20.80
0.00
0.10
0.00
0.00
0.00
0.00
6.70
8.70
0.10
0.00
2.10
0.00
0.00
0.00
0.00
0.00
0.00
0.00
0.00
0.00
0.30
0.00
0.00
0.00
1.40
0.10
0.00
0.00
0.00
0.00
40.80
2.00
0.10
0.00
8.20
3.80
0.00
0.00
0.00
0.00
0.00
0.00
0.00
0.00
22.00
0.10
5.90
0.10
1.30
0.10
0.00
0.00
3.70
0.10
0.00
9.90
0.00
5.50
0.00
0.00
0.00
0.00
0.00
21.80
33.20
1.90
0.10
0.00
0.80
0.10
0.00
0.00
0.00
1.90
0.10
0.00
3.10
0.00
0.00
0.00
0.20
0.00
0.10
0.00
0.00
0.10
0.30
6.00
0.20
0.00
0.00
0.00
0.00
0.10
0.00
0.00
0.00
0.00
0.00
0.00
0.00
0.00
0.10
16.30
8.50
42.30
0.00
0.00
11.30
2.60
0.10
0.50
0.00
0.00
0.00
0.10
1.70
0.60
0.00
0.10
0.10
0.10
0.10
0.20
0.00
0.00
0.20
0.00
4.30
1.30
0.00
0.40
4.50
0.50
0.00
0.00
0.10
0.10
0.00
0.00
0.10
0.00
0.00
0.10
0.10
0.10
0.00
0.00
0.10
0.10
0.00
0.00
0.00
0.00
0.00
0.00
0.00
0.00
0.00
0.00
0.00
0.00
0.00
4.80
1.30
0.90
6.10
0.00
1.30
2.80
9.90
1.90
0.00
0.00
0.00
0.00
1.90
0.30
0.20
0.00
0.00
0.60
8.70
0.00
0.00
0.00
0.00
12.00
12.70
0.00
0.00
0.00
0.00
0.00
0.00
0.00
0.00
0.00
3.20
0.10
0.00
0.00
0.00
0.00
0.00
6.20
6.90
0.00
0.00
0.00
0.00
0.00
0.00
0.00
2.90
0.10
0.00
0.00
0.00
0.00
0.00
0.00
0.00
0.00
0.00
0.00
20.40
33.70
0.10
0.70
0.00
0.00
0.00
0.10
7.80
0.00
0.00
0.00
2.90
0.10
0.00
0.00
0.00
0.00
0.00
0.00
0.00
0.00
0.00
0.10
0.00
1.40
0.60
0.00
0.00
0.00
0.00
0.00
1.10
17.60
15.60
0.10
0.00
1.30
0.00
6.00
1.00
0.10
0.00
0.40
0.00
0.00
0.00
0.00
6.40
0.00
0.00
4.70
0.00
0.00
0.00
11.10
0.00
0.00
0.00
0.20
0.00
0.00
0.00
0.00
0.00
0.00
0.00
2.60
0.00
9.80
31.20
2.20
4.80
0.10
0.00
0.00
0.00
0.30
0.00
0.00
0.00
0.00
0.00
0.00
0.00
0.00
0.00
0.00
0.00
10.00
1.50
0.00
0.00
1.30
0.50
0.00
1.30
0.00
2.80
0.10
0.00
0.00
0.00
0.00
0.00
0.00
0.20
0.00
0.00
0.00
0.00
0.00
0.00
0.00
0.00
0.00
0.00
0.00
0.00
2.20
0.00
0.40
0.00
1.30
0.00
0.00
0.00
0.00
0.00
0.00
0.90
0.00
0.00
0.00
0.00
2.60
0.00
0.00
13.50
0.50
0.00
0.00
0.00
0.00
0.50
0.00
0.00
0.00
2.30
0.00
0.00
0.00
0.00
0.00
0.00
0.00
0.00
0.00
0.00
0.00
14.50
0.10
0.00
0.00
9.20
0.10
6.40
0.00
0.00
7.10
0.10
0.00
0.00
0.00
0.80
36.20
0.20
0.00
0.60
0.00
0.00
0.00
1.90
0.00
0.00
30.40
1.70
0.00
0.00
0.00
1.20
0.00
0.00
0.00
0.00
0.00
0.00
0.10
0.00
0.00
0.00
0.00
0.00
0.00
0.10
0.00
0.00
0.00
11.80
29.30
0.10
0.10
0.00
0.00
0.00
0.00
0.00
0.10
0.10
0.00
0.00
0.00
0.00
0.00
0.00
4.70
0.10
0.00
0.00
0.00
0.00
0.00
0.00
0.10
0.00
0.00
0.00
0.00
0.00
0.00
0.10
0.00
0.00
0.00
0.00
0.00
0.00
0.00
0.00
0.00
0.10
0.10
0.00
0.00
0.00
0.00
0.00
0.00
0.00
0.00
0.00
0.00
2.30
0.00
0.10
0.00
0.30
0.10
0.00
0.30
0.20
0.00
0.00
0.00
0.00
0.20
0.10
0.00
2.60
0.00
0.00
0.00
0.20
0.00
0.00
0.00
0.00
0.10
0.00
21.00
0.10
0.00
0.00
0.30
0.00
6.00
1.80
0.00
0.00
0.00
0.00
0.00
0.00
0.00
0.00
0.10
0.10
0.30
33.80
0.00
0.00
0.00
0.10
0.10
8.30
0.00
0.00
15.60
28.80
0.10
0.00
0.00
0.00
0.00
0.00
4.10
0.00
0.00
0.00
0.00
3.40
0.10
0.00
0.00
0.00
4.10
0.00
0.10
0.00
13.10
2.60
20.90
3.60
1.30
0.10
0.60
4.30
0.00
0.00
0.00
0.10
0.30
0.30
0.00
0.10
0.10
2.20
0.00
0.00
0.40
6.80
1.30
0.00
0.00
0.00
16.90
0.30
0.00
0.00
0.00
0.10
0.00
0.00
0.00
0.00
0.00
0.00
0.00
0.90
0.10
15.50
3.90
5.60
21.80
0.10
5.80
13.70
0.10
0.00
0.00
0.00
0.00
0.00
0.00
0.00
0.00
0.00
0.90
0.00
3.20
0.30
10.30
0.00
1.00
0.10
0.00
0.00
1.50
4.10
32.60
0.40
0.70
5.70
0.40
20.30
11.30
0.00
0.00
0.00
4.10
0.60
1.00
2.10
20.80
7.10
0.00
0.00
0.50
1.40
0.00
8.00
0.50
25.40
2.70
0.20
0.00
5.80
0.00
3.00
2.20
3.00
0.00
0.00
0.00
0.00
0.50
0.00
0.00
0.00
0.00
0.00
0.00
0.00
0.00
0.00
0.00
0.00
0.00
0.00
0.00
0.00
72.50
0.10
0.00
0.00
0.00
0.00
0.00
0.00
0.00
20.60
0.10
0.30
0.00
0.40
0.70
0.00
0.00
0.00
21.80
0.00
0.00
0.00
0.10
0.00
5.90
0.10
4.80
0.10
0.00
0.00
0.00
0.00
0.00
0.00
0.00
0.60
0.40
0.00
5.10
19.90
0.20
0.60
4.40
2.50
0.00
0.10
4.00
0.20
0.00
0.00
9.40
24.90
0.10
0.00
0.00
9.70
45.90
3.80
0.00
0.00
0.00
0.00
8.20
7.10
102.70
25.70
0.10
0.00
0.00
0.00
9.10
25.30
0.10
0.00
0.00
0.00
4.20
0.00
0.00
0.40
3.10
0.20
0.00
0.10
0.00
0.00
0.00
0.00
0.00
0.00
0.00
0.00
0.00
0.00
0.00
0.00
0.00
0.00
0.00
0.00
0.00
10.90
2.90
80.40
2.10
0.00
0.00
0.00
32.60
29.50
0.00
0.20
20.50
0.00
0.00
0.00
0.10
0.10
0.10
0.10
1.50
19.60
9.40
0.00
2.00
30.20
5.10
0.00
0.00
0.00
14.80
0.10
0.00
0.00
16.80
0.00
0.00
0.00
0.00
0.00
12.20
0.10
9.80
1.00
2.80
4.60
0.00
0.00
6.60
0.00
0.00
2.30
0.00
0.00
0.10
0.80
0.00
0.00
0.00
0.20
0.20
0.20
0.10
0.00
0.10
0.20
0.20
0.10
2.80
0.80
0.00
2.20
0.10
0.10
0.00
0.10
0.10
0.10
0.00
0.20
0.10
0.00
0.00
0.10
0.20
0.10
0.10
0.00
0.00
0.00
0.10
0.10
0.00
0.00
0.00
0.00
0.00
0.00
0.00
0.00
0.00
0.10
0.10
12.10
0.10
0.00
3.00
0.10
0.10
1.50
0.00
0.00
0.00
0.00
0.60
0.00
0.00
0.10
2.00
0.00
0.00
0.00
0.00
0.00
0.10
0.00
0.00
0.00
0.10
0.00
0.00
0.10
0.00
0.00
0.00
0.00
0.00
0.00
0.00
0.00
0.00
0.00
0.00
0.00
0.00
0.00
0.00
0.00
0.00
0.00
0.00
6.20
0.00
0.00
0.00
0.00
0.00
0.00
0.00
0.00
0.00
0.00
0.00
0.00
0.00
0.00
0.00
0.00
0.00
0.00
0.00
0.00
0.00
0.00
0.00
0.00
0.00
0.00
14.50
3.80
0.00
16.50
0.50
0.00
0.00
10.10
0.20
0.00
0.00
0.00
0.00
2.00
0.10
0.00
0.00
0.00
4.20
0.10
0.00
2.00
0.20
5.10
0.00
0.00
0.00
0.20
0.10
0.00
9.10
16.30
0.10
0.00
0.00
0.00
1.30
0.10
0.00
0.00
0.00
0.00
0.00
0.00
1.30
13.00
0.10
2.90
0.90
0.10
0.00
0.00
7.20
0.80
0.00
2.20
21.20
0.10
0.00
0.00
0.00
0.00
0.00
0.00
0.00
0.00
0.00
0.00
0.00
0.00
14.70
0.00
0.00
0.20
0.00
0.00
0.00
0.00
0.00
0.00
1.20
0.00
0.00
0.00
0.00
0.00
0.00
0.00
0.00
0.00
0.00
0.00
0.00
0.00
0.00
0.10
0.00
1.40
30.30
0.00
0.00
0.00
0.00
0.00
0.00
0.00
9.00
0.10
0.00
0.00
0.00
0.00
0.00
0.00
0.00
0.20
7.30
0.00
0.00
0.00
0.00
0.00
0.00
0.00
0.00
0.00
0.00
0.00
0.00
0.00
0.00
0.00
7.70
0.00
0.00
8.00
0.10
0.00
0.00
0.00
0.70
0.00
0.00
0.00
0.00
0.00
0.00
0.20
0.00
0.00
0.00
0.40
11.40
7.70
0.00
0.00
2.70
0.10
0.00
0.00
2.50
38.60
2.90
0.00
0.20
1.50
0.10
0.00
0.00
19.10
11.10
0.10
2.40
0.10
0.00
0.00
0.00
0.00
0.00
0.00
0.00
0.00
0.00
0.00
0.00
0.00
0.00
0.00
0.00
0.00
0.40
0.00
0.00
0.00
0.00
6.50
0.00
0.00
0.00
0.00
0.00
0.50
0.10
66.80
7.10
0.10
0.00
0.00
0.10
0.00
0.00
0.10
0.70
4.30
4.40
2.30
0.60
1.50
0.00
0.10
0.00
0.10
1.70
0.00
0.00
0.00
5.50
0.00
0.00
0.00
0.00
0.10
0.10
0.00
15.20
0.60
0.00
0.00
0.10
0.00
0.00
0.00
0.10
0.60
0.20
0.00
31.10
7.20
0.00
0.00
0.10
0.10
0.00
0.60
0.10
0.00
0.00
0.20
0.10
0.10
0.10
0.60
17.00
5.40
0.00
0.00
0.00
0.20
0.10
0.20
0.20
0.00
0.00
0.00
0.00
0.10
0.00
0.10
0.00
0.10
0.00
0.00
0.10
7.00
0.10
0.00
0.00
0.10
0.10
0.00
0.00
0.00
1.00
1.10
66.40
45.70
29.80
0.20
0.70
0.20
0.00
0.00
0.10
0.00
0.00
0.00
0.00
0.00
0.10
0.00
0.00
0.00
0.00
0.00
0.00
0.00
0.00
0.00
0.00
0.10
0.10
0.00
0.00
0.00
0.00
0.00
0.00
0.00
0.00
0.00
0.00
0.00
0.00
0.00
0.00
6.10
0.00
0.00
0.00
0.00
0.00
0.00
0.00
0.00
0.00
0.00
0.00
0.00
0.00
7.50
0.00
0.10
0.00
0.00
0.00
0.00
0.20
0.10
0.10
0.00
0.20
0.20
0.30
1.00
1.70
3.20
0.30
0.00
0.00
0.00
0.00
0.00
0.00
0.00
0.00
0.00
0.00
15.00
0.80
0.00
0.00
0.00
6.20
23.30
2.40
19.40
1.00
2.60
0.10
0.00
1.90
0.40
0.20
0.00
0.00
0.00
0.00
0.00
0.00
0.00
0.00
0.00
0.00
0.10
14.60
0.00
1.90
2.50
11.20
0.00
1.70
0.10
0.00
0.00
0.00
0.00
0.00
0.00
0.00
0.00
0.00
0.00
0.00
38.90
0.30
0.00
32.70
1.50
23.90
13.00
0.10
0.20
39.30
0.10
1.30
3.80
1.00
2.80
0.00
0.00
0.00
16.90
0.00
6.80
0.00
25.60
0.10
0.00
0.00
0.00
4.10
0.00
0.00
0.00
0.00
0.00
0.00
24.30
12.00
0.00
0.00
0.00
0.00
0.00
0.00
0.00
0.00
0.00
9.00
2.40
0.10
0.00
0.00
0.00
0.00
0.00
0.00
0.00
0.00
0.50
0.00
0.00
0.00
0.00
0.00
0.00
0.00
0.00
0.00
27.20
2.20
0.00
0.00
0.00
0.00
48.10
0.00
0.00
0.00
0.00
2.10
4.40
0.10
0.00
0.00
0.00
0.00
0.00
0.00
0.00
0.00
0.00
0.00
0.00
19.60
21.50
9.50
0.00
0.60
0.10
0.00
0.00
0.00
0.00
2.00
3.40
6.50
2.90
0.10
0.10
0.00
0.00
0.00
0.20
0.10
4.50
0.50
0.00
33.10
1.00
0.00
0.00
0.00
0.50
0.10
0.00
0.00
0.00
0.00
8.00
0.00
0.00
0.00
0.00
0.00
0.00
34.20
2.60
0.00
0.00
0.00
5.50
0.10
0.10
0.00
0.00
0.00
0.00
0.00
4.30
0.10
0.00
0.00
44.60
0.20
0.00
0.00
0.10
0.00
0.00
0.00
9.30
11.90
0.00
0.30
9.90
0.20
0.20
0.10
0.00
0.00
0.00
0.20
0.00
0.00
0.00
0.00
0.10
0.20
0.10
0.10
0.00
0.10
1.40
4.40
16.80
23.70
0.10
0.10
0.10
0.00
0.00
0.00
0.00
0.00
1.60
0.00
0.00
0.00
0.90
0.00
0.10
0.00
0.00
0.10
0.90
12.20
0.00
0.10
0.00
0.20
0.00
0.00
0.00
0.00
0.00
0.00
0.00
0.00
0.00
0.00
0.00
0.00
0.00
0.00
0.00
0.00
0.00
10.00
0.10
0.00
0.00
0.00
0.00
0.00
0.00
0.00
0.00
0.00
0.00
0.00
4.20
0.00
0.00
0.10
0.00
0.00
0.00
0.00
0.00
0.20
0.00
0.00
0.00
0.00
0.00
0.00
3.10
2.40
0.60
0.00
0.10
4.10
0.00
3.80
1.10
0.00
0.00
0.10
0.10
0.00
0.10
18.20
0.00
0.10
0.00
0.10
0.10
0.00
0.00
0.00
0.00
0.00
4.10
12.20
0.10
0.20
0.00
0.00
0.00
1.10
0.10
0.00
