20000101
0.00
0.00
0.00
0.20
0.00
0.00
0.00
0.00
0.20
0.00
0.20
0.20
0.20
0.00
0.00
0.00
0.00
0.20
0.00
0.00
0.00
0.00
0.00
0.00
0.00
0.00
0.00
0.00
0.00
0.00
0.00
0.00
0.40
0.00
0.00
0.00
0.00
0.00
0.00
0.00
0.00
0.00
0.20
0.00
0.00
0.00
0.60
0.00
0.00
0.00
0.00
0.00
0.00
0.00
0.00
0.00
0.00
0.00
0.00
0.00
0.40
0.00
0.00
0.00
0.00
0.00
0.00
0.00
0.00
0.00
0.00
0.00
0.00
0.00
0.00
0.00
0.00
0.00
0.00
3.60
0.00
0.40
33.30
2.40
0.60
0.40
1.20
4.80
1.40
7.60
9.40
0.00
2.60
9.00
0.00
0.60
0.00
0.00
0.00
0.20
32.80
13.80
0.40
0.00
6.60
3.80
15.80
0.00
2.60
0.00
0.20
0.00
1.20
5.40
0.00
0.00
0.00
5.00
0.00
0.20
0.20
0.00
0.00
0.00
0.00
7.00
0.40
53.10
0.20
1.40
16.80
0.20
0.20
0.00
0.00
0.00
0.00
4.60
0.20
0.00
0.00
4.40
2.40
0.00
0.80
0.40
11.40
1.40
0.00
0.00
0.00
0.00
0.20
0.00
0.00
0.60
15.60
0.00
0.00
0.00
0.00
52.60
0.00
0.00
2.60
0.20
0.00
0.00
0.00
0.00
0.00
0.00
0.00
0.00
0.00
0.00
0.00
2.00
0.00
0.00
0.00
1.20
0.00
0.00
0.00
0.00
0.00
0.00
0.00
0.00
0.00
9.50
0.00
0.00
0.00
0.00
0.00
0.00
0.00
0.00
0.00
0.00
0.00
0.00
2.40
0.00
2.40
0.20
0.00
0.00
0.00
0.00
0.00
2.20
0.00
2.60
0.00
0.00
0.00
0.00
0.00
0.00
0.00
0.00
22.70
0.00
0.00
0.00
0.00
0.00
0.00
0.00
0.00
0.00
0.00
0.00
0.00
0.00
0.00
0.00
0.00
0.00
7.20
0.00
0.00
0.00
0.80
0.20
0.00
0.00
0.00
0.00
0.00
0.00
0.00
0.00
0.00
0.00
0.00
0.00
4.00
22.10
27.30
1.80
0.00
0.00
0.00
0.00
0.00
0.00
13.00
43.50
2.00
0.40
4.00
0.20
0.00
0.00
0.00
0.00
0.00
0.00
0.00
0.00
8.20
0.40
1.80
0.00
6.00
0.40
0.20
0.00
0.00
0.00
1.40
0.80
2.00
0.00
0.00
2.00
0.00
0.20
0.00
1.00
10.60
0.00
3.40
0.80
0.20
7.60
10.20
0.00
0.20
0.00
0.00
0.00
0.00
8.40
0.00
0.00
0.20
0.00
0.00
0.00
0.00
0.00
7.20
26.40
0.00
0.20
0.60
0.20
0.20
8.40
5.00
0.20
1.60
0.20
0.00
1.20
4.00
8.20
0.00
0.00
0.00
0.00
0.20
0.00
0.00
0.00
0.40
0.20
0.00
0.00
0.00
0.40
13.20
22.20
30.40
0.80
0.40
0.00
1.80
1.80
3.20
0.00
0.00
0.00
0.00
2.60
0.00
4.20
0.80
0.00
0.00
0.00
10.80
5.20
0.40
7.40
9.40
0.00
0.20
0.20
0.00
0.20
0.20
0.80
0.00
0.80
0.60
2.60
0.40
10.20
0.40
0.00
0.00
0.00
0.00
0.00
0.20
0.00
0.00
0.00
0.00
0.00
0.00
0.00
0.00
0.20
13.80
0.00
0.00
0.00
0.00
0.00
0.20
0.20
0.00
0.00
0.00
0.20
0.00
0.40
0.00
0.40
23.60
5.80
1.40
0.20
0.00
22.60
5.00
0.20
0.60
0.20
11.60
0.00
0.00
0.20
3.00
3.20
0.00
0.00
0.00
0.00
0.00
0.00
0.00
0.00
0.00
0.00
1.20
4.00
0.00
0.00
0.00
0.00
0.00
0.00
0.00
0.00
1.20
0.00
0.00
0.00
0.00
0.00
0.00
0.00
0.00
0.00
0.00
0.00
1.00
0.00
0.00
0.00
0.00
0.00
0.00
0.00
2.40
0.00
4.60
45.00
4.60
5.20
6.40
5.40
0.00
0.00
0.00
0.00
3.00
5.20
0.00
0.00
0.60
0.00
0.00
0.00
3.80
4.60
0.00
0.00
3.00
0.80
8.00
1.60
0.20
0.20
0.00
0.00
0.00
0.00
0.80
0.00
0.00
0.00
0.00
0.00
0.00
0.00
0.00
1.00
6.80
0.00
0.00
0.00
0.00
0.00
0.40
0.00
0.00
0.00
0.00
0.00
0.00
0.00
0.00
0.00
0.00
0.00
0.00
0.00
0.00
0.00
0.00
7.20
2.00
1.20
2.20
0.00
0.00
8.00
0.20
0.00
0.00
0.00
42.00
7.40
1.00
0.00
0.00
9.00
0.00
0.00
0.00
0.00
0.00
0.60
0.00
0.00
0.00
0.00
0.00
0.00
0.00
0.00
0.00
0.00
0.00
0.00
0.00
0.00
2.40
0.20
0.00
1.80
0.00
12.00
0.80
5.00
0.00
0.00
7.20
0.00
0.00
0.00
0.00
0.00
0.00
0.00
0.00
0.00
0.00
0.40
0.00
0.00
0.00
6.80
0.00
0.20
0.00
0.00
0.00
0.00
0.00
0.00
0.00
0.00
0.00
0.00
0.00
0.00
0.00
0.00
0.60
0.00
12.60
8.60
0.20
0.00
0.00
0.00
6.00
2.00
12.70
0.00
0.00
0.00
0.00
0.00
0.00
0.00
0.20
1.40
0.00
0.00
0.00
1.40
0.00
0.00
0.00
1.00
9.20
2.20
20.90
0.00
0.00
0.60
0.00
0.20
0.00
0.00
0.00
0.00
0.00
0.00
0.00
0.00
0.00
0.00
0.00
0.20
0.40
0.00
0.00
0.00
0.00
0.00
0.00
0.00
1.40
19.00
17.60
0.20
0.00
0.00
0.00
0.00
0.20
0.00
0.00
0.20
0.00
0.20
0.20
0.00
0.20
0.00
0.20
0.00
0.00
0.00
0.20
0.00
0.00
0.00
0.00
0.00
0.00
0.00
0.00
0.00
0.00
0.00
0.00
0.00
0.00
0.00
0.00
0.00
0.00
0.00
0.00
0.00
0.00
0.00
3.80
0.60
4.60
0.40
0.20
0.00
0.20
0.00
0.20
0.00
0.00
0.00
0.00
0.00
0.20
0.40
0.00
0.00
0.00
0.20
0.00
0.00
0.20
3.60
0.20
0.00
0.00
0.00
0.00
0.00
0.00
0.00
0.00
0.00
0.00
0.20
10.40
0.80
0.00
0.00
0.00
0.00
0.00
0.00
0.20
1.20
0.60
3.20
1.00
0.20
0.20
0.00
0.00
0.00
0.00
0.00
0.00
0.00
0.00
0.40
2.00
2.20
0.20
0.20
8.40
0.00
0.00
0.20
0.00
0.00
0.00
0.00
7.20
1.80
0.20
0.00
0.00
0.00
0.00
0.00
0.00
0.00
0.00
0.00
0.00
0.00
1.20
0.00
0.60
0.00
0.20
0.00
7.40
50.60
0.00
0.00
7.60
14.20
1.00
1.20
7.80
3.60
0.80
0.20
0.00
0.00
0.00
0.00
0.00
2.80
0.00
0.00
0.00
0.00
0.00
0.00
0.00
0.00
0.00
0.00
0.00
9.40
9.20
0.00
0.00
3.00
3.60
2.80
4.00
3.20
8.20
10.40
0.00
0.00
0.00
0.00
0.00
0.80
0.80
0.00
0.00
0.00
2.40
1.60
0.00
0.00
1.00
2.80
0.00
0.00
0.00
0.00
0.00
0.00
4.40
29.70
13.40
0.20
0.60
38.30
0.00
0.00
0.00
0.00
0.00
0.00
0.00
0.00
0.00
0.00
0.00
0.00
0.00
0.00
0.00
0.00
0.00
0.00
0.00
0.00
11.60
0.20
0.00
0.00
0.00
0.00
0.00
0.60
0.00
2.60
0.00
0.00
0.00
21.90
0.00
0.20
0.00
0.00
0.00
0.00
0.00
0.00
0.00
0.00
0.00
0.00
0.00
0.00
0.00
0.00
0.00
1.20
0.20
3.60
0.00
0.00
0.00
1.00
0.40
0.00
0.00
0.80
1.20
0.00
0.00
0.00
0.00
21.90
0.20
0.00
0.60
0.00
0.00
0.00
18.20
37.20
38.20
0.20
1.60
1.40
0.20
0.00
0.00
7.20
0.00
14.10
2.00
20.60
6.00
0.00
0.60
14.20
0.80
0.00
0.00
0.40
0.00
0.00
0.00
0.20
4.60
0.00
0.00
2.40
0.60
4.60
0.00
0.00
0.00
0.00
0.00
0.00
0.00
0.00
0.40
3.20
0.20
0.20
0.00
0.20
0.00
0.00
2.40
11.60
0.00
0.20
0.20
0.00
0.00
0.00
0.20
0.00
0.00
0.00
19.00
0.20
0.00
0.20
0.00
0.20
0.20
0.20
0.20
0.40
0.00
0.20
0.20
0.00
0.00
0.00
0.20
0.00
0.00
0.00
0.00
0.20
0.40
6.60
14.00
1.10
0.40
0.00
0.40
0.00
16.60
6.20
0.20
0.80
15.20
2.40
0.00
0.00
1.20
0.00
0.20
0.00
0.40
0.00
0.00
0.40
0.00
0.00
0.00
0.40
22.20
3.40
0.20
0.00
3.00
0.00
0.20
0.60
0.00
0.40
0.00
0.00
0.00
0.00
0.00
0.00
0.00
7.60
1.00
0.00
1.80
0.20
0.00
0.00
0.00
0.00
8.00
9.60
0.00
0.20
0.00
0.00
0.00
0.00
0.00
0.00
0.00
0.00
0.00
0.20
1.20
3.40
2.40
0.00
0.00
0.00
0.00
0.00
0.00
0.00
0.00
0.00
0.00
0.00
0.00
0.00
0.20
0.00
0.00
0.00
0.00
0.00
0.00
0.00
0.00
0.00
0.00
2.80
0.00
1.80
2.40
6.20
5.20
0.00
0.00
2.20
0.60
8.40
24.00
1.00
0.20
0.00
0.00
0.00
0.00
0.80
1.60
0.00
0.00
0.00
0.00
0.00
0.00
0.00
0.20
0.20
0.00
0.00
0.00
0.00
0.00
0.00
0.00
0.00
0.00
0.00
0.00
0.40
11.40
9.20
0.80
4.80
0.00
1.00
0.60
0.00
0.00
0.00
0.00
0.00
16.20
0.00
0.60
0.00
0.00
0.00
0.20
0.00
6.40
0.00
2.20
3.00
0.00
0.00
-99.00
0.00
0.00
0.00
0.00
0.00
0.00
0.40
0.00
0.00
0.00
0.00
0.80
3.40
22.10
4.80
0.00
0.00
8.60
0.20
0.00
0.00
0.00
4.80
4.60
0.00
0.00
0.00
0.00
0.00
0.00
11.50
0.40
0.00
0.00
0.00
0.00
0.00
0.00
0.00
0.00
0.00
0.00
1.80
0.00
0.00
0.00
0.00
0.00
0.00
0.00
0.00
11.00
0.00
0.00
5.30
0.00
0.00
0.00
0.00
0.00
0.00
0.00
1.00
0.20
2.00
20.90
0.00
0.00
0.00
0.00
0.00
0.00
0.00
6.50
0.00
14.30
4.80
0.00
1.20
0.00
0.00
0.00
0.00
0.00
0.00
0.00
0.00
0.40
0.00
0.00
2.40
0.00
0.00
0.00
0.00
0.00
0.00
0.00
0.00
0.00
0.00
0.00
0.00
0.00
0.00
0.00
0.00
0.00
0.00
0.00
0.00
0.00
0.00
0.00
1.60
14.20
0.20
0.00
0.00
0.00
0.00
0.80
0.00
0.00
0.00
0.00
0.00
0.00
0.00
50.10
13.30
11.80
0.00
5.60
7.70
0.00
14.00
0.20
0.20
0.00
0.00
0.00
0.00
0.00
0.00
0.00
0.00
0.00
0.00
0.00
0.00
60.00
0.00
0.00
0.60
0.00
20.40
1.00
1.00
20.30
17.50
0.60
0.00
6.10
0.20
0.00
0.00
0.00
0.00
0.20
0.00
0.20
6.10
0.20
0.60
5.40
32.70
4.80
23.30
4.00
0.20
3.50
0.00
0.20
0.20
15.30
6.40
21.00
0.00
2.80
13.00
0.00
0.00
0.20
0.00
0.00
0.00
0.00
4.00
1.80
0.00
0.20
0.00
0.00
0.20
0.60
18.60
0.40
0.20
0.00
0.00
0.20
0.60
7.60
11.80
0.00
2.40
4.20
0.00
0.20
0.00
12.30
0.20
18.60
47.40
2.80
0.60
0.20
0.20
0.00
0.00
0.20
0.00
0.40
0.40
0.00
0.00
0.00
2.00
0.20
0.20
0.20
0.20
0.00
0.00
0.00
0.00
0.00
2.20
0.00
0.00
0.40
0.00
0.00
0.00
0.00
0.00
0.00
0.00
0.00
0.00
0.40
0.40
0.40
0.20
1.00
0.00
0.00
1.80
0.00
0.00
0.00
0.00
0.00
0.20
0.80
0.00
1.40
0.60
0.00
0.00
0.00
0.00
0.00
0.20
0.00
0.00
0.00
0.00
0.00
0.00
0.00
0.00
0.00
0.00
0.00
0.00
0.00
9.20
3.40
0.20
0.00
10.90
1.40
1.20
1.40
0.20
5.00
10.20
0.20
1.60
0.00
0.00
0.00
0.00
0.00
0.00
0.40
0.00
0.00
0.00
0.00
0.00
0.00
5.50
0.00
0.20
0.00
0.00
0.00
0.00
0.00
0.00
0.00
0.00
0.00
0.00
2.20
0.40
11.90
10.40
33.40
6.00
2.40
12.10
0.00
0.00
0.00
0.00
0.00
11.80
0.00
0.40
0.20
1.40
0.00
8.00
0.00
3.60
0.00
3.00
0.00
0.00
0.00
20.60
0.00
0.00
0.00
0.00
3.40
8.40
7.80
2.80
0.00
2.60
4.60
0.80
7.50
1.40
6.90
0.20
0.00
4.70
4.00
0.20
0.00
0.00
0.80
0.00
0.20
5.90
6.70
0.00
0.00
0.00
1.20
0.20
0.00
1.20
0.00
0.20
1.80
2.40
0.00
0.00
0.20
0.00
0.00
0.00
0.00
0.00
0.00
0.00
0.00
16.90
3.20
0.00
0.00
1.40
0.00
0.00
0.00
3.80
0.00
0.00
0.00
0.00
0.00
0.20
0.00
0.00
0.00
0.00
0.00
0.00
0.00
0.00
0.00
0.00
6.60
6.80
0.00
0.00
23.70
4.90
0.00
0.00
0.00
0.00
1.00
0.00
0.00
0.00
0.00
0.00
0.00
0.00
0.00
0.00
0.00
0.00
0.00
1.20
0.00
0.00
0.00
0.00
20.50
43.60
0.20
0.00
0.00
0.00
0.20
0.00
0.00
0.00
0.00
0.00
0.00
0.00
0.00
0.00
0.00
0.00
0.00
0.00
2.20
2.00
0.00
0.00
0.00
0.00
9.90
28.40
3.30
0.20
0.00
0.80
0.00
0.00
1.60
1.80
0.00
0.00
0.00
13.20
0.00
0.00
44.00
1.40
0.00
0.00
0.00
0.00
0.00
0.20
0.00
0.00
0.20
0.00
0.00
0.00
0.00
0.00
0.00
0.00
0.00
0.00
0.00
0.00
0.00
0.00
0.00
0.00
0.00
0.00
0.00
0.20
0.00
0.00
0.00
0.20
2.00
0.80
1.00
0.00
0.20
0.00
0.00
8.60
2.80
12.00
0.00
5.00
0.00
0.20
5.80
0.20
0.00
0.00
0.00
0.00
0.00
0.00
0.80
0.00
0.00
0.00
0.00
0.00
0.00
0.00
0.00
0.00
0.20
0.20
0.00
0.20
0.20
0.20
0.00
0.20
0.00
0.40
0.80
0.00
10.50
0.20
0.00
6.40
3.60
0.20
2.80
7.20
0.80
0.20
0.00
0.00
0.00
0.20
0.00
0.00
0.20
0.00
0.00
0.20
0.00
0.00
0.00
0.20
0.20
0.00
0.00
0.00
0.20
0.00
0.00
0.00
0.00
0.20
0.20
0.00
0.00
0.00
0.00
0.00
0.00
0.00
0.00
0.00
0.00
0.00
0.00
0.00
0.80
0.00
0.00
0.00
0.00
0.20
0.00
0.00
0.00
0.00
0.00
0.00
0.00
0.00
0.00
0.00
0.00
0.00
0.00
0.40
1.20
2.60
2.20
0.00
0.20
0.00
0.40
1.60
0.00
0.00
0.00
0.00
0.00
0.00
0.00
0.00
0.20
0.00
0.00
0.00
0.80
0.00
0.40
0.00
0.60
0.80
0.20
0.00
0.00
0.00
0.00
0.00
0.80
0.00
0.00
0.00
0.00
0.00
0.00
0.00
0.00
0.00
0.00
0.40
2.80
0.00
0.00
0.60
0.00
0.00
15.70
0.20
0.00
0.00
6.60
0.40
0.40
0.00
0.00
0.00
1.40
0.20
0.00
0.00
0.00
0.00
9.80
6.20
0.20
0.00
0.00
0.00
0.00
0.00
0.00
0.00
0.60
0.00
0.00
0.00
0.00
0.00
0.00
0.00
0.00
0.00
1.80
0.00
0.00
0.00
0.00
4.60
6.60
2.40
5.20
14.80
0.60
1.60
8.80
10.60
0.00
0.00
0.00
0.20
1.00
0.20
0.00
0.00
0.00
0.00
0.00
0.00
0.00
0.00
0.00
0.00
0.00
0.00
0.00
0.00
0.00
0.00
0.00
0.00
22.30
0.00
0.20
6.60
0.00
0.00
0.00
0.00
0.00
15.60
6.80
0.00
3.60
0.00
0.00
0.00
0.20
2.40
0.00
0.00
0.00
0.00
0.00
20.90
0.00
0.00
0.00
1.40
3.80
0.00
0.00
0.00
0.00
0.00
0.00
0.00
0.00
0.00
0.00
0.00
0.00
0.00
0.00
0.00
0.20
0.20
0.00
0.00
0.20
0.00
0.60
6.80
1.20
0.00
0.00
0.00
0.00
0.00
0.00
2.80
3.80
0.00
0.00
0.00
0.00
0.00
1.80
0.80
17.90
0.00
10.10
0.00
0.00
0.00
0.00
0.00
0.00
2.00
0.20
0.00
0.00
0.60
0.00
0.00
0.00
0.00
16.50
18.10
4.80
15.40
0.20
0.00
0.00
7.00
7.60
0.00
0.00
0.60
1.20
0.00
0.00
0.00
0.00
0.00
0.00
2.60
0.80
0.00
0.00
0.00
0.00
0.00
0.00
0.00
0.00
0.00
0.00
1.00
0.20
0.00
0.00
2.80
4.20
16.80
39.00
4.00
4.40
0.00
0.00
30.70
0.20
0.20
0.00
0.20
38.10
0.20
0.00
0.00
0.00
0.40
0.60
0.20
1.60
0.20
0.00
0.20
0.00
0.00
0.00
0.00
0.00
14.70
0.20
4.20
3.20
3.60
10.60
1.60
0.00
0.20
0.00
0.00
0.00
0.00
0.00
0.20
0.00
0.40
0.00
0.20
0.00
0.00
0.00
0.00
23.40
0.60
0.40
0.00
0.20
0.00
0.00
0.20
0.00
0.00
0.00
0.00
0.00
0.00
0.00
0.20
0.20
0.20
0.00
0.00
0.00
0.00
0.00
0.00
0.00
0.00
0.00
0.00
0.00
0.00
0.20
0.40
0.00
0.00
0.00
0.60
7.00
4.00
1.00
0.00
0.20
0.00
0.00
0.00
1.20
0.20
0.00
0.00
0.20
0.20
0.40
0.20
0.00
0.20
0.00
0.00
0.00
0.00
12.20
19.00
3.60
0.20
0.00
0.00
0.00
0.00
0.00
0.20
0.20
0.00
0.00
0.20
0.00
0.00
0.20
0.00
0.00
0.00
0.00
4.20
0.00
0.00
0.40
0.20
0.00
0.00
2.00
0.00
0.00
0.00
0.00
0.00
4.00
0.20
0.00
0.00
0.20
0.00
0.00
1.80
0.00
0.00
0.00
0.00
0.00
0.00
0.80
2.80
5.00
0.40
4.60
0.80
0.00
0.00
0.00
1.00
0.00
0.00
0.00
0.00
0.00
0.00
0.00
0.00
0.00
27.90
18.00
0.20
0.00
0.00
0.00
0.00
0.00
0.00
0.60
0.40
12.00
0.20
0.00
5.20
0.20
0.20
0.00
0.00
0.00
0.00
0.00
0.00
0.00
0.00
0.00
0.00
0.00
0.80
1.20
0.20
2.80
0.00
0.00
0.00
0.00
0.00
4.60
0.00
0.20
0.00
0.00
0.00
0.00
0.00
0.00
0.00
2.20
0.00
0.00
0.00
0.00
0.00
0.00
2.80
2.80
0.00
0.00
0.00
0.00
0.00
0.00
0.00
0.00
0.00
0.00
0.00
0.00
0.00
0.00
0.20
18.50
0.00
0.60
0.00
0.00
0.00
0.20
0.00
0.00
0.40
0.00
0.00
0.00
4.20
0.00
0.00
0.00
0.00
0.00
0.00
0.00
0.00
0.00
0.00
0.00
22.90
0.00
0.80
8.20
37.90
3.80
4.80
0.00
0.40
0.00
0.00
0.00
0.00
0.00
2.00
0.00
0.00
0.00
0.00
0.00
0.00
0.00
0.00
0.00
0.00
0.00
0.00
0.00
0.00
0.00
0.00
0.00
0.00
0.00
0.00
66.30
0.00
0.20
0.00
0.00
0.00
0.00
0.00
3.60
0.00
0.00
0.00
0.00
0.00
0.00
0.00
0.00
0.00
0.00
0.20
0.00
0.00
0.00
0.00
12.50
3.80
0.00
0.60
2.20
19.70
13.60
0.00
0.00
0.00
0.00
0.00
0.00
0.00
1.00
19.00
2.80
0.00
0.00
0.00
0.00
0.00
0.00
0.00
0.00
0.00
0.60
0.00
0.00
0.00
0.00
0.20
0.00
20.30
0.00
0.20
0.00
0.00
0.00
0.20
16.90
2.80
0.00
0.20
0.00
4.20
0.00
0.00
0.00
0.00
0.00
0.00
0.00
0.00
0.00
0.00
0.00
0.00
0.00
0.20
0.00
0.00
0.00
0.00
0.20
0.20
0.00
0.00
0.00
13.00
0.80
0.00
0.20
0.20
0.00
0.20
0.00
0.00
0.00
0.00
0.20
0.20
0.20
0.20
0.20
0.00
0.00
0.20
0.00
11.20
0.00
12.80
0.00
0.20
0.20
0.20
0.20
0.00
0.40
0.00
0.40
0.20
0.00
0.00
0.00
0.60
0.40
0.00
0.00
0.00
0.00
0.00
0.00
0.00
0.00
0.20
0.00
0.20
0.00
0.20
0.00
0.00
0.00
0.20
0.00
0.20
0.20
0.00
0.00
0.00
0.00
0.00
0.20
0.20
0.20
0.00
15.80
1.00
0.00
0.00
0.00
0.00
0.00
0.00
0.00
0.40
0.40
0.00
0.00
0.00
0.00
0.00
0.20
3.40
1.60
1.40
0.60
4.60
0.00
0.20
0.20
0.00
3.60
0.00
0.20
0.40
0.60
0.00
0.00
0.20
3.40
0.20
0.00
0.00
0.20
0.00
0.00
0.00
0.00
0.00
10.00
0.20
0.00
0.00
0.20
0.00
0.00
0.00
0.60
2.60
0.20
0.00
1.60
0.20
0.00
0.00
0.00
0.00
0.00
5.80
0.20
0.00
0.40
1.00
17.20
10.20
18.60
22.80
15.80
5.60
4.80
0.00
0.00
0.00
0.40
0.00
4.80
3.80
5.60
0.20
1.20
1.00
1.00
6.20
2.80
19.30
0.00
0.00
0.60
0.00
0.00
0.20
0.20
1.80
6.40
30.60
0.60
3.40
0.20
0.00
0.00
0.00
0.00
0.00
0.00
0.00
0.00
0.00
4.80
0.00
0.00
0.00
0.20
3.60
0.00
0.00
0.00
0.40
0.20
4.80
0.40
1.80
0.00
0.00
0.60
0.00
0.00
0.00
0.00
21.90
25.50
0.40
0.00
0.00
1.20
0.00
0.00
0.60
0.00
1.20
3.20
0.00
0.00
2.40
0.00
0.00
0.00
0.00
0.00
0.00
0.00
0.00
0.00
0.00
0.00
0.00
1.60
0.00
0.00
0.00
0.00
0.00
0.00
0.00
0.00
0.00
0.00
0.00
0.00
0.00
0.00
0.00
0.00
0.00
0.00
0.00
0.20
0.00
0.00
0.00
0.00
0.00
0.00
0.00
0.00
0.00
0.00
0.00
0.00
0.00
0.00
0.00
0.20
7.60
0.00
0.20
0.00
0.00
27.90
0.00
0.00
0.00
0.00
0.00
0.00
16.10
0.20
0.20
0.20
1.40
0.20
2.80
0.00
0.00
0.00
0.40
0.00
0.00
0.00
0.00
0.00
0.00
0.00
0.00
0.00
0.00
0.00
0.00
0.00
0.00
0.00
0.00
0.00
0.00
7.80
0.20
0.00
0.00
0.20
0.60
0.00
0.20
0.00
0.00
0.00
0.00
8.00
0.20
0.00
0.00
5.00
5.60
5.00
0.00
0.20
0.60
0.00
8.20
1.40
0.00
0.00
0.20
0.00
0.00
0.20
0.00
0.20
0.00
0.00
0.00
0.00
0.00
1.00
0.00
0.00
0.00
0.00
0.00
0.00
0.00
0.00
0.00
0.00
0.00
0.20
0.00
0.00
0.00
0.00
0.00
0.00
0.00
0.20
0.00
0.00
0.00
0.00
0.00
17.20
2.60
0.00
3.00
0.00
0.20
0.20
0.20
0.00
0.00
0.20
0.20
0.00
0.20
0.00
0.00
0.00
0.00
0.20
0.00
0.00
0.00
0.00
0.00
0.00
0.00
0.00
0.00
0.00
0.00
0.00
0.00
0.00
0.00
0.00
0.20
0.20
0.00
0.00
0.00
0.00
0.00
0.00
1.80
12.00
0.00
0.20
0.00
0.20
0.20
0.00
0.20
9.00
0.00
0.20
0.40
0.20
1.80
0.00
0.20
0.20
0.40
0.20
0.20
0.00
0.00
0.20
0.00
0.00
0.00
0.00
0.00
0.00
0.20
0.00
7.40
4.20
0.00
0.00
0.00
0.00
0.00
0.00
0.00
0.00
0.00
0.00
0.00
0.00
0.00
2.20
0.40
0.80
0.20
0.20
0.00
0.40
3.40
0.00
0.20
0.20
0.00
0.20
0.20
0.00
0.20
3.00
0.00
0.00
0.00
1.00
0.20
0.00
0.00
0.00
0.00
0.00
0.00
0.00
1.20
0.40
0.00
0.00
4.20
0.00
0.20
0.00
1.60
0.20
0.00
0.00
9.00
0.00
0.00
0.00
0.00
0.00
0.00
0.00
4.00
3.80
16.00
20.50
4.60
1.60
1.80
0.20
0.00
0.00
8.20
19.40
3.00
43.70
1.00
0.00
6.00
0.00
0.00
0.00
0.00
5.00
0.00
0.00
0.00
0.00
0.00
0.00
0.00
0.20
0.00
0.00
21.20
20.80
0.60
18.40
0.00
15.80
4.40
6.60
8.20
0.20
2.00
0.00
0.00
4.60
10.60
5.60
22.40
0.60
12.60
0.20
0.00
0.00
3.40
12.90
6.20
0.20
0.20
10.40
0.00
0.00
0.00
4.60
0.60
8.00
0.00
0.00
0.00
0.00
5.40
10.60
0.00
0.00
0.00
0.00
0.00
0.00
0.00
0.00
9.80
8.80
0.00
0.00
9.60
0.00
0.00
0.00
0.00
0.00
0.00
0.00
0.00
0.00
0.00
16.70
7.00
0.00
0.00
0.00
0.00
0.00
0.00
0.00
1.60
0.00
0.00
0.00
0.00
0.00
0.00
0.00
0.00
0.00
0.00
0.00
0.00
0.00
0.00
0.00
0.00
0.00
0.00
0.00
0.00
0.00
0.00
0.00
0.00
6.80
0.20
0.20
0.20
0.00
0.00
0.00
0.00
31.10
0.00
0.00
0.00
34.20
53.40
0.00
0.00
0.00
10.30
0.00
0.80
0.00
0.20
0.00
3.60
0.20
0.00
0.00
0.00
4.00
3.20
1.00
0.00
0.40
0.00
0.00
45.00
1.00
0.00
0.00
5.20
8.00
5.80
0.00
11.00
0.80
0.00
0.00
0.00
0.00
0.20
0.00
0.00
0.00
0.00
0.00
0.20
0.00
0.00
0.00
4.40
0.00
0.00
0.00
0.20
0.00
18.80
0.00
0.00
0.00
0.40
1.80
1.20
0.00
0.00
0.20
20.00
3.00
4.60
42.40
8.80
56.90
0.00
0.20
0.00
0.00
0.00
0.20
0.00
0.20
0.20
8.60
0.00
0.00
0.00
0.00
0.20
0.20
0.20
0.00
0.20
0.20
0.20
5.60
0.00
0.00
0.00
0.00
5.60
0.00
0.00
0.00
0.00
0.00
0.00
0.00
0.00
0.20
6.40
0.00
0.00
0.00
8.60
4.20
0.20
0.00
0.00
0.00
0.00
0.20
0.40
0.00
0.00
0.00
0.00
4.60
0.00
0.20
8.40
0.80
0.00
0.00
1.00
0.00
0.00
0.00
0.20
0.00
0.00
2.20
7.40
0.20
0.20
0.00
0.20
0.00
0.20
0.00
0.20
1.00
0.00
0.00
1.20
1.00
4.40
0.60
0.00
0.20
0.00
0.00
0.20
7.40
14.20
6.40
0.60
1.00
0.80
1.40
0.00
0.00
0.20
1.20
1.40
0.00
0.00
0.20
0.00
0.00
0.20
0.00
0.20
0.00
0.00
0.20
0.00
0.00
0.20
0.00
0.00
3.80
5.00
3.00
0.80
9.20
0.00
0.00
0.00
0.00
0.00
0.00
0.00
0.00
0.00
0.00
0.00
0.00
0.00
0.00
0.00
0.00
0.00
0.00
0.00
0.00
0.00
0.00
0.00
20.60
1.00
0.60
10.60
0.00
3.80
0.20
1.80
0.20
2.20
30.80
1.00
0.00
1.60
8.20
0.20
0.00
0.20
11.60
6.60
1.40
2.20
0.80
0.00
0.00
0.00
0.00
0.00
0.00
16.60
0.20
0.00
0.00
1.60
0.00
0.00
0.00
0.00
0.00
0.00
0.00
0.00
1.40
1.60
0.00
0.00
2.20
4.80
0.20
0.00
0.00
0.00
0.00
0.00
0.00
0.00
0.20
0.20
0.00
0.00
0.00
0.00
0.00
0.00
0.40
0.00
0.00
0.00
0.80
18.50
0.80
0.00
5.00
0.00
0.00
0.00
0.00
0.00
0.00
0.00
0.60
0.00
0.00
0.00
2.20
0.00
0.00
0.00
0.00
12.70
13.20
0.00
0.00
7.40
4.00
5.20
0.00
0.00
0.20
1.00
19.50
8.00
0.00
0.20
0.00
0.00
0.00
0.00
1.00
0.00
0.00
0.00
0.00
0.00
0.00
1.40
0.00
0.00
0.00
0.00
0.00
0.00
0.00
0.00
0.00
0.00
13.90
0.00
0.60
0.00
0.00
0.00
0.00
6.20
0.00
0.00
0.00
3.80
3.60
0.60
5.80
0.00
0.00
0.00
0.00
0.00
0.00
0.00
0.00
0.00
0.00
0.00
0.00
8.20
0.00
0.00
0.00
17.30
0.00
0.00
0.00
0.00
0.00
0.00
0.00
0.00
0.00
15.50
16.30
5.20
1.20
1.80
0.20
12.40
2.60
0.00
0.00
0.20
0.00
0.00
0.00
0.00
0.20
0.00
0.00
0.00
0.00
4.00
0.00
0.20
0.00
0.00
0.00
1.20
5.20
0.60
0.00
0.00
0.00
0.00
0.00
0.00
0.00
0.00
0.00
0.00
17.10
27.30
9.00
0.00
0.00
0.20
0.20
0.20
0.00
0.20
0.00
0.00
0.40
1.80
0.00
1.00
0.00
0.20
2.80
1.00
0.00
0.20
0.00
0.20
0.00
0.00
0.00
0.00
0.00
0.00
0.00
0.00
0.00
0.20
0.00
0.20
0.00
0.80
0.20
0.20
7.40
0.00
0.00
0.60
0.20
0.00
0.00
0.00
0.20
0.20
0.20
0.00
0.00
0.00
0.00
0.20
0.00
0.00
0.00
0.00
0.00
0.00
13.20
11.20
19.00
16.20
0.00
6.00
0.20
0.80
2.60
0.80
4.60
0.00
0.00
0.20
1.20
12.00
0.20
2.00
1.60
0.00
0.00
0.00
5.40
3.80
14.00
0.00
0.00
0.00
0.00
0.20
0.20
0.20
0.00
0.00
0.00
0.60
1.80
0.00
0.00
0.20
0.00
0.00
0.00
0.00
0.00
5.80
2.40
0.00
0.00
7.00
2.20
0.00
0.00
0.00
0.00
0.00
0.20
5.80
4.00
1.80
1.40
0.00
1.60
2.00
1.00
0.80
0.20
0.00
2.60
0.40
0.00
4.20
10.40
0.40
0.00
0.00
0.20
0.00
0.00
0.00
2.40
0.80
0.20
0.00
0.00
0.00
0.00
0.00
0.20
0.00
8.40
4.40
0.00
0.20
5.40
6.00
0.00
0.00
0.00
3.00
1.00
0.00
0.00
0.00
1.00
0.00
0.00
0.40
0.00
0.00
0.00
0.20
21.60
1.00
0.60
1.40
0.00
0.00
0.00
5.60
0.00
0.00
0.00
4.60
0.20
2.60
2.80
0.00
0.00
0.00
1.20
0.60
3.60
22.40
0.40
0.20
0.00
1.40
1.00
6.40
0.60
0.40
10.80
9.80
4.00
0.00
0.00
0.00
0.00
0.00
0.00
0.00
9.40
0.40
0.00
0.00
0.00
0.00
7.80
0.20
0.00
0.00
0.00
0.00
0.00
0.00
0.00
7.80
0.00
0.60
33.60
13.60
14.80
0.40
4.00
34.40
0.00
0.00
0.20
2.20
0.00
0.00
0.00
0.00
0.00
0.00
0.00
1.60
18.00
10.20
28.50
0.00
0.00
0.00
0.00
24.20
0.00
0.00
0.00
0.00
0.00
0.00
11.20
0.00
0.00
0.00
0.00
0.00
0.00
0.00
5.20
1.20
0.00
3.20
15.00
0.00
0.00
0.00
0.00
0.00
0.20
0.00
0.00
0.00
5.20
0.00
0.20
0.00
0.00
0.00
0.00
0.00
0.00
0.00
6.20
0.00
0.60
0.00
0.20
0.00
0.20
12.60
0.20
0.00
0.00
0.00
0.00
0.00
0.00
0.00
0.00
0.00
0.00
0.00
0.00
0.20
0.00
0.00
0.00
0.00
0.00
0.00
0.00
0.00
0.00
0.00
0.00
0.00
0.00
2.00
14.80
11.40
0.00
18.00
7.60
0.20
0.00
0.00
0.00
0.00
0.00
0.00
0.00
0.00
0.00
0.00
1.40
1.00
0.00
0.00
0.00
0.00
32.80
44.60
7.80
1.40
2.80
0.20
0.00
0.20
0.00
0.00
0.00
0.20
0.00
0.00
0.00
0.00
0.00
0.00
0.00
0.00
0.80
1.60
7.80
0.00
0.00
0.20
0.00
0.00
0.20
0.20
0.60
0.40
0.00
0.00
0.20
0.20
1.00
8.20
0.20
1.00
0.20
0.00
7.20
0.20
0.00
0.00
0.20
0.20
0.00
0.00
0.00
0.00
12.40
0.80
0.20
0.00
0.00
1.20
0.20
0.00
3.00
0.40
0.00
0.20
0.00
0.00
0.00
0.00
0.00
0.00
0.00
0.00
0.20
13.00
7.40
9.80
0.00
0.00
0.00
0.00
0.00
0.00
0.20
0.80
0.00
0.00
0.00
0.20
0.20
0.20
0.00
0.00
0.80
0.00
0.20
0.20
0.00
0.00
0.00
0.00
0.00
0.00
0.00
0.20
0.00
0.00
0.00
0.00
0.00
0.00
0.00
5.60
0.20
2.40
0.40
0.20
0.20
0.00
0.00
0.00
0.00
0.00
0.00
0.00
0.00
0.00
0.00
0.00
2.40
0.00
0.00
1.20
0.00
0.80
0.00
0.20
0.00
0.00
0.00
0.20
0.00
0.00
0.00
0.00
0.00
0.80
0.00
0.00
0.00
0.00
0.00
0.00
0.00
0.40
20.80
0.00
2.40
25.20
0.20
0.00
0.00
0.00
0.00
6.20
0.40
0.00
0.00
0.00
0.00
0.60
0.00
11.00
0.60
0.00
0.00
0.00
0.20
0.20
0.00
0.00
0.00
0.00
0.00
0.20
0.80
0.00
0.00
0.20
0.00
0.00
0.00
0.00
0.00
0.00
1.60
1.40
15.80
1.60
0.00
0.00
9.60
1.80
1.00
13.80
0.60
0.20
1.60
0.00
0.00
0.00
14.40
0.00
0.00
0.00
0.00
0.00
0.00
30.80
0.10
0.00
0.00
0.00
0.00
0.00
12.20
0.00
0.00
0.00
0.00
4.30
0.10
0.00
0.00
18.70
0.00
0.00
1.30
14.20
23.70
0.00
0.00
5.20
0.00
5.20
17.50
0.00
4.80
3.90
0.00
0.00
0.00
0.00
0.00
0.00
0.00
0.00
0.00
0.00
0.00
0.00
0.00
0.00
0.00
0.00
0.00
0.00
0.00
4.50
9.40
0.00
0.00
0.00
0.00
0.00
0.00
0.00
4.10
0.70
0.00
0.00
0.00
3.00
0.00
16.90
0.00
0.00
0.00
0.00
0.00
0.00
3.90
5.00
0.20
0.00
1.30
0.00
0.00
0.00
0.00
0.00
0.00
0.00
0.80
0.00
0.00
0.00
0.00
0.00
0.00
0.00
0.00
0.00
0.00
0.00
0.00
0.00
0.00
0.00
0.00
0.00
0.00
0.00
0.00
0.00
0.00
0.00
9.40
0.00
1.10
0.00
0.10
5.70
0.00
0.00
0.00
0.00
0.00
0.00
0.00
0.00
0.00
0.00
0.00
0.00
12.20
0.00
0.00
0.00
0.00
0.00
59.90
0.00
0.00
0.00
0.00
0.00
0.00
0.00
0.00
0.00
0.00
0.00
0.00
0.00
0.00
0.00
0.00
0.00
0.00
0.00
0.00
0.00
0.00
0.00
0.00
0.50
0.00
0.00
0.00
1.60
13.10
0.10
0.00
10.90
7.50
0.00
0.10
0.00
0.00
2.00
21.30
25.60
0.20
0.50
3.50
0.10
0.10
0.00
0.10
0.00
0.60
2.60
12.00
9.80
0.60
0.10
0.00
0.80
5.10
0.90
0.00
0.00
0.00
0.20
0.00
0.00
0.00
0.00
0.10
0.00
0.00
0.00
0.10
0.10
0.20
0.10
0.10
0.00
0.20
0.10
0.10
0.00
0.00
0.00
0.00
0.00
0.00
0.00
0.00
0.10
0.10
0.10
0.10
0.00
0.00
0.00
0.00
0.00
0.00
0.10
0.10
0.00
0.10
0.10
0.00
0.00
0.00
0.20
0.00
0.00
0.00
0.00
0.10
0.00
0.00
0.00
0.00
0.00
0.00
0.00
0.10
0.10
0.10
0.00
0.00
0.20
0.40
0.00
0.00
0.00
0.20
0.00
0.00
0.00
0.00
0.00
0.00
0.00
0.00
0.00
0.00
0.00
0.00
0.00
0.00
0.00
0.00
0.00
0.00
0.00
0.00
0.00
0.00
0.00
0.00
0.00
0.00
0.00
0.00
0.00
0.00
0.00
0.00
0.00
0.00
0.00
0.00
0.00
0.00
0.00
0.00
0.00
0.00
0.00
0.00
0.00
0.00
0.90
2.20
22.60
24.90
0.10
0.00
0.00
1.10
0.00
0.00
0.00
0.00
0.00
0.00
0.00
12.00
14.60
3.80
9.60
0.10
0.00
0.00
1.10
0.00
4.20
0.10
0.30
0.00
0.00
0.10
0.50
0.40
0.00
3.40
0.00
0.00
0.00
0.00
0.00
0.00
18.10
0.00
21.90
0.10
0.00
0.00
0.00
0.10
2.20
0.10
1.60
0.00
0.00
0.00
11.70
14.70
0.10
0.00
0.00
0.00
0.90
11.50
9.90
0.10
0.00
0.00
0.00
0.10
0.00
0.00
3.20
8.20
0.00
0.00
0.00
0.00
11.30
0.00
0.00
0.00
0.00
0.00
0.00
0.00
0.00
0.80
0.00
0.00
0.00
0.00
0.00
0.00
8.50
0.00
0.00
0.00
0.00
0.00
0.00
0.00
0.00
0.00
0.00
0.00
9.30
0.00
0.00
2.30
14.30
0.00
0.00
0.00
0.00
0.00
0.00
0.00
0.00
0.00
0.00
0.00
0.00
0.00
0.00
0.00
0.00
0.00
0.00
0.00
0.00
0.00
0.90
0.00
0.00
0.00
0.00
0.00
0.00
0.00
0.00
2.00
0.10
0.00
0.00
0.00
0.00
0.00
0.00
0.00
0.00
0.00
0.00
0.00
0.00
0.00
0.00
0.00
0.10
0.00
0.00
0.00
0.00
0.00
0.00
5.80
21.60
0.00
0.00
0.00
0.00
0.00
0.00
0.00
0.00
25.20
48.20
6.10
0.10
0.00
0.00
0.00
0.00
0.00
0.00
0.60
0.00
0.00
0.00
0.00
4.00
0.00
0.00
2.40
0.00
0.60
44.20
0.20
0.00
0.10
0.00
0.00
0.00
0.00
0.00
0.00
0.00
4.00
6.00
0.50
0.00
4.40
0.00
0.10
0.00
0.00
6.30
4.50
14.10
0.00
0.10
0.00
14.30
2.80
0.00
0.00
0.00
2.70
1.00
0.20
0.00
0.00
4.90
0.00
0.10
0.00
0.00
10.20
0.60
0.10
0.10
0.00
0.00
0.00
0.20
11.50
0.60
0.20
0.10
0.00
0.70
0.10
0.00
1.30
9.50
6.70
0.00
0.00
0.00
0.00
0.10
0.10
0.10
0.10
0.00
0.30
0.00
0.00
0.00
0.00
0.00
0.00
1.30
0.80
0.50
0.10
0.20
0.00
0.00
0.00
0.00
0.10
0.00
0.00
0.00
0.10
0.10
0.10
0.20
0.00
0.70
0.00
0.00
0.10
0.00
0.20
0.00
0.00
0.10
0.30
0.20
1.50
1.80
0.10
0.10
0.00
0.00
8.20
36.80
0.50
0.80
0.10
0.00
0.00
0.00
0.70
0.50
0.00
0.00
0.00
0.00
0.10
1.50
0.00
0.00
0.00
0.00
0.00
0.00
0.00
2.70
0.00
0.30
0.00
0.00
0.00
0.00
0.00
8.80
0.20
0.10
1.20
2.40
0.60
0.00
0.00
0.00
0.00
0.00
0.00
0.00
0.00
2.20
11.60
6.30
5.80
3.20
1.00
1.70
6.00
0.80
6.60
0.00
0.00
0.60
9.40
1.40
0.20
1.90
0.00
0.00
0.00
0.00
2.10
4.40
14.50
2.00
6.70
2.50
0.00
4.20
0.10
0.00
9.20
3.10
0.00
0.00
0.00
0.00
0.10
0.00
0.00
0.00
0.00
0.00
0.00
0.00
0.00
5.70
0.00
0.00
0.00
0.00
0.00
11.40
21.20
29.60
11.40
26.80
22.30
0.00
0.00
1.00
0.00
0.00
0.00
0.10
0.30
1.70
0.10
0.00
0.00
0.00
18.90
40.50
0.20
12.80
13.10
7.10
4.30
0.00
0.00
0.00
0.00
0.00
0.00
1.40
0.90
2.80
0.00
0.00
0.00
0.00
0.00
0.00
0.00
0.00
0.00
10.70
2.60
0.10
0.00
0.00
0.50
0.10
0.00
0.00
2.10
3.90
0.90
0.10
0.70
0.00
0.00
0.00
0.00
0.00
0.00
0.00
0.00
0.00
3.70
0.00
0.00
0.00
0.00
0.00
0.00
0.40
0.00
2.10
0.00
2.40
54.90
13.70
0.00
0.40
3.60
17.40
0.00
0.90
0.80
0.00
5.80
0.00
0.00
0.00
0.00
0.20
0.00
0.00
0.00
0.00
0.00
0.20
0.00
0.00
0.00
7.10
0.00
0.00
0.00
0.00
0.00
4.00
0.10
0.00
6.20
0.10
0.00
0.60
0.20
0.00
0.00
0.00
0.00
0.00
0.00
3.20
0.00
3.80
2.80
0.10
0.00
0.00
0.00
0.00
0.00
0.00
17.10
0.20
0.00
20.30
0.00
0.00
0.00
0.00
1.50
0.00
0.00
0.00
0.00
0.00
0.00
0.00
0.00
0.00
0.00
0.00
0.00
0.00
0.10
0.00
0.00
0.00
2.90
13.50
0.10
0.00
0.00
0.00
0.00
0.00
0.00
0.00
0.00
0.00
0.00
0.00
0.00
0.00
0.00
0.00
0.00
2.40
0.00
0.00
0.00
0.00
0.10
0.00
0.00
0.00
0.00
0.00
0.00
0.00
0.00
0.00
0.00
0.00
0.00
0.00
0.00
0.00
0.00
0.00
0.00
0.00
0.70
32.10
4.50
0.00
0.00
0.10
0.00
0.00
0.00
0.00
0.00
0.00
0.00
0.00
0.20
0.00
0.00
0.00
0.00
0.00
0.10
0.10
0.00
0.00
0.00
0.00
0.10
0.10
0.00
0.00
0.00
0.00
0.00
3.10
0.00
0.00
0.00
0.00
4.60
4.70
0.00
0.00
2.10
0.10
0.10
0.00
1.40
0.10
0.00
16.90
0.00
0.10
0.10
0.00
0.00
0.00
0.00
0.00
3.30
0.30
0.10
0.70
0.10
24.80
0.10
0.10
0.00
0.20
0.00
0.00
0.00
0.10
1.10
1.20
5.20
0.00
0.00
2.50
0.00
0.00
2.40
10.70
0.00
1.60
1.80
8.90
1.60
0.00
0.00
0.00
0.00
0.90
12.30
0.20
0.00
0.00
0.00
0.00
0.00
0.00
0.00
4.40
0.40
0.10
0.50
0.00
0.10
3.60
0.20
0.00
0.00
0.00
0.00
0.00
0.00
0.00
0.00
0.00
0.00
0.00
0.00
0.00
0.00
0.00
0.00
0.00
8.20
0.00
0.00
0.30
0.00
0.00
0.00
0.00
4.40
1.00
0.00
1.00
9.40
0.00
0.00
0.00
0.00
0.00
0.00
0.00
5.30
0.80
0.00
0.00
0.20
0.00
0.00
0.00
0.40
4.80
6.50
54.40
0.20
8.70
0.10
2.30
0.00
0.00
0.00
0.00
0.00
0.00
0.00
0.00
0.00
0.00
0.00
0.00
0.00
0.00
0.00
3.30
3.70
0.00
0.00
0.00
0.00
13.90
0.00
0.20
0.00
0.00
0.00
0.00
22.60
17.80
0.00
8.60
4.50
17.00
0.10
0.00
0.80
0.10
0.70
0.30
0.00
0.00
0.00
0.00
0.00
0.00
2.20
0.80
6.60
0.00
3.00
8.70
25.50
0.20
0.00
0.00
0.00
0.10
43.70
1.40
4.10
0.00
0.00
0.00
0.00
0.10
0.80
2.60
0.00
0.00
0.10
36.70
0.10
0.00
0.00
0.00
0.00
0.00
0.00
0.00
0.00
0.00
0.00
1.60
6.30
0.00
0.00
0.00
0.00
2.10
0.00
0.00
9.10
0.00
0.00
0.00
0.60
20.60
0.10
0.00
10.80
0.00
0.00
0.00
0.00
0.00
0.00
0.00
6.00
0.00
0.00
0.00
0.00
1.60
0.00
20.50
14.00
65.30
6.90
0.10
0.00
0.00
0.00
1.10
4.00
0.60
0.00
0.00
0.00
0.00
74.30
0.00
0.00
0.30
0.60
0.00
0.00
0.00
0.00
0.00
11.00
0.00
9.20
0.00
1.00
2.70
0.00
0.00
5.40
0.50
0.00
0.00
0.00
0.00
20.80
0.30
5.50
0.10
0.10
0.00
32.40
0.20
0.00
0.00
0.00
8.20
3.30
0.10
10.50
0.00
0.00
0.00
0.00
0.00
0.00
0.00
0.00
0.00
0.00
0.00
0.00
0.00
0.00
0.00
0.40
0.00
0.10
0.00
0.00
0.10
11.60
25.00
0.10
0.00
0.00
0.00
0.00
0.10
6.20
0.20
0.10
11.80
0.40
0.10
0.00
0.10
0.10
0.10
0.10
0.00
0.00
0.00
1.70
9.60
1.50
20.00
37.40
7.70
0.10
0.00
0.40
1.00
0.20
0.00
0.00
0.00
0.00
0.00
0.00
0.10
0.00
0.40
3.70
0.10
0.10
0.10
0.40
0.30
0.10
0.60
0.00
0.00
0.00
0.10
0.20
0.10
0.00
0.00
0.00
0.00
0.00
0.00
0.00
0.00
0.00
0.00
0.10
0.10
0.10
0.20
0.00
0.00
0.10
0.10
5.20
0.00
0.20
9.40
0.40
0.00
0.10
0.00
0.00
0.00
0.00
0.00
0.00
0.10
0.40
0.30
0.10
0.00
0.90
1.60
0.00
0.00
0.00
0.00
0.00
0.00
0.00
0.00
0.00
0.00
0.00
0.00
0.00
0.00
0.00
0.00
0.20
0.00
2.10
0.00
0.00
0.00
0.00
0.00
0.00
0.00
0.00
0.30
0.10
0.00
0.00
0.00
0.00
0.00
0.00
0.00
0.00
0.50
0.00
0.40
0.00
0.00
0.00
0.00
4.50
10.50
0.40
3.80
0.50
0.00
0.00
0.00
0.00
0.00
0.00
0.00
0.00
0.00
0.00
1.00
0.00
0.00
0.00
0.00
0.00
0.00
0.00
0.00
0.00
0.00
12.70
0.80
3.70
9.70
0.00
0.00
0.00
0.00
0.20
0.10
30.10
0.40
0.00
7.90
0.10
0.00
0.00
0.00
0.00
0.00
0.00
0.00
0.00
0.00
0.00
0.00
0.00
0.00
0.00
0.00
0.00
0.00
0.00
10.70
0.10
0.10
0.00
0.00
0.00
0.00
0.00
0.00
0.00
2.10
0.00
0.00
0.60
0.00
0.00
0.00
0.00
0.00
0.00
3.10
7.90
11.80
5.20
1.30
20.90
0.10
36.90
0.00
0.00
0.00
0.00
0.00
0.00
3.80
32.30
0.10
0.00
0.00
0.00
0.00
0.00
0.00
0.00
0.00
0.00
0.00
0.00
0.00
0.00
0.00
0.00
0.00
0.00
0.00
0.00
0.00
0.00
0.00
0.00
0.00
0.00
2.70
17.10
0.30
0.00
0.00
0.00
0.00
0.00
0.00
1.40
15.50
12.80
0.30
0.00
0.00
0.90
0.00
0.00
0.00
13.80
0.30
0.00
0.00
2.00
0.10
0.00
1.60
0.00
3.20
11.20
0.80
0.00
21.60
7.70
0.80
0.00
0.00
0.00
0.00
0.00
0.00
0.00
6.80
0.10
3.10
29.00
26.80
0.00
0.00
0.00
0.00
0.00
7.40
0.00
0.00
0.00
0.00
0.00
0.00
0.40
0.00
0.00
0.00
0.00
0.00
0.00
0.00
0.00
0.40
9.90
0.00
4.90
0.30
9.20
0.10
1.70
0.00
0.40
0.00
0.00
0.00
0.00
0.00
0.00
5.70
0.10
0.00
0.20
0.00
0.00
0.10
0.00
0.00
0.10
0.00
0.00
0.00
0.00
0.30
1.30
0.10
0.00
0.00
0.00
0.00
79.30
0.30
0.10
0.10
0.00
0.00
0.00
0.10
0.20
0.00
0.00
0.20
0.20
0.00
0.00
0.10
0.00
0.00
0.00
0.30
0.00
0.00
0.00
0.00
0.00
0.00
0.00
0.10
0.00
0.00
0.00
0.00
0.00
1.00
0.00
0.00
0.00
0.00
0.00
0.00
0.00
0.00
0.10
0.10
0.00
0.00
0.00
0.00
0.00
0.00
0.10
0.20
0.00
0.00
0.00
0.00
0.00
0.00
0.00
0.10
0.10
0.30
0.00
3.10
2.00
0.10
0.00
0.00
0.10
0.30
1.40
0.00
0.00
0.00
0.00
0.00
0.00
0.00
0.00
0.00
0.00
0.10
0.00
0.00
0.00
0.20
0.10
0.00
0.00
0.10
0.10
0.00
0.10
0.10
0.00
0.00
0.00
9.40
0.00
1.20
3.90
0.50
2.70
4.10
2.90
0.00
0.00
0.00
0.00
0.00
0.00
0.00
2.10
0.00
0.00
0.30
0.00
21.00
0.10
0.00
0.00
0.00
0.00
3.90
0.20
0.00
0.00
0.00
0.00
0.00
0.00
0.00
0.00
0.00
0.80
18.90
7.50
0.00
4.40
14.70
3.10
0.00
0.00
0.00
0.00
0.00
0.00
0.00
0.00
0.00
0.00
0.10
0.00
0.00
23.90
14.40
0.00
0.00
0.00
0.00
0.20
1.50
1.40
0.10
0.00
0.00
1.10
0.00
0.00
0.00
0.50
37.00
0.40
2.20
0.10
0.00
0.00
4.00
13.20
0.00
0.50
0.00
0.00
0.00
0.00
0.00
0.60
0.00
4.70
55.00
6.90
5.70
1.10
0.20
0.10
0.00
0.00
0.00
0.40
0.00
0.00
0.00
0.00
0.00
0.00
0.00
0.00
0.00
8.60
0.10
9.20
0.00
0.10
0.00
0.00
0.50
0.00
0.60
0.00
0.00
0.00
2.20
1.30
0.00
0.00
0.00
2.70
0.10
1.60
12.40
0.00
0.00
0.00
0.00
0.00
0.00
0.00
0.00
0.00
0.00
0.70
0.00
0.00
0.00
0.00
0.00
0.00
0.00
0.50
1.40
0.00
0.00
0.00
0.00
0.00
0.00
0.00
0.00
0.00
0.00
0.00
0.20
0.00
2.90
0.00
0.00
0.00
0.80
0.00
0.00
0.00
0.00
0.00
0.00
0.00
0.00
0.10
0.10
0.00
0.00
0.00
0.70
0.00
0.00
0.00
0.00
0.00
0.00
0.30
0.00
0.00
0.00
4.70
0.00
0.00
0.00
0.00
0.00
0.00
0.00
0.00
0.70
0.00
0.00
0.70
0.00
0.00
0.00
0.00
0.00
0.00
0.00
12.60
0.10
0.00
3.90
14.40
1.30
0.10
0.00
0.00
0.00
0.00
0.00
0.00
0.00
7.30
0.70
12.90
0.10
0.00
0.00
0.00
0.00
0.00
0.00
0.00
0.00
0.60
5.10
0.00
0.00
0.00
0.00
0.00
3.80
38.80
3.90
0.10
0.00
0.00
0.00
0.00
0.10
0.00
7.50
0.00
0.40
1.70
0.00
0.10
0.00
0.00
0.00
0.00
0.00
0.10
0.00
4.20
11.70
3.80
0.00
0.10
0.00
0.10
0.10
0.00
0.10
0.00
0.00
0.00
0.20
0.00
0.10
1.30
21.90
11.80
40.60
0.20
0.00
20.90
0.00
0.00
0.00
0.00
0.00
0.00
0.00
0.50
0.00
0.00
0.00
0.00
0.00
0.00
0.10
0.00
0.00
0.00
0.00
0.60
0.00
0.00
0.00
5.10
0.10
0.00
0.20
0.10
0.20
0.00
0.00
0.00
0.00
0.00
0.00
0.00
0.00
0.10
0.00
0.00
0.00
0.00
0.00
0.00
0.00
0.00
0.00
0.10
0.00
0.00
1.20
0.00
0.00
0.00
0.00
0.00
0.00
0.00
0.00
11.10
0.50
9.00
3.00
0.00
0.10
0.00
0.00
3.50
2.10
2.40
7.30
0.80
0.00
0.00
0.00
0.00
0.10
0.00
8.20
23.70
0.10
0.00
0.00
0.00
0.00
0.00
0.00
0.00
0.00
0.00
0.00
0.00
0.00
0.00
0.00
0.00
3.70
14.10
0.00
0.00
0.00
0.00
0.00
0.00
0.00
10.30
0.10
0.00
0.00
0.00
0.00
0.00
0.00
0.00
0.00
0.10
0.70
33.30
44.50
0.00
4.60
0.10
0.00
0.00
5.60
5.90
0.10
0.00
0.00
0.00
0.00
0.00
0.00
0.00
1.00
0.00
0.00
0.00
0.00
0.70
0.00
0.00
0.00
0.00
0.00
0.00
0.00
0.00
0.00
15.60
7.30
9.90
0.00
0.00
12.60
0.00
0.00
0.60
0.00
0.20
0.70
0.00
0.00
0.00
3.70
13.70
0.50
0.00
0.00
0.00
0.00
0.00
6.10
0.00
0.00
0.00
2.40
0.00
0.00
0.00
0.00
0.00
0.00
0.00
8.70
0.50
0.00
12.00
4.10
6.30
1.20
0.00
0.00
0.00
1.40
0.00
0.00
0.00
0.00
0.00
0.00
0.00
0.00
0.00
0.00
4.70
0.00
0.00
0.00
0.00
0.00
2.50
0.20
3.00
0.00
0.00
0.10
0.00
0.00
0.00
0.00
0.00
0.00
2.60
0.70
0.20
0.00
0.00
0.00
0.00
0.00
0.00
0.00
0.00
0.20
0.00
4.80
0.00
0.00
0.00
0.00
0.00
0.00
0.00
0.00
0.00
0.00
0.00
0.00
0.00
0.00
0.00
0.40
0.00
0.00
20.40
0.10
0.00
0.00
0.00
0.00
1.70
0.00
0.00
0.00
0.00
0.00
0.00
0.00
0.50
0.50
0.00
0.00
19.10
0.00
0.10
1.10
28.60
0.20
0.00
0.00
4.10
0.00
2.50
0.00
0.00
9.90
0.20
0.00
0.00
0.00
1.40
22.50
3.60
0.10
0.40
0.00
0.00
0.00
8.90
0.00
0.00
0.40
0.00
0.00
0.00
0.00
1.80
0.30
0.00
0.00
0.00
0.20
0.00
0.00
0.00
0.00
0.00
0.00
0.00
0.00
0.00
0.00
0.00
0.00
22.60
12.30
0.00
0.20
0.00
0.00
0.00
0.00
0.00
0.00
0.00
0.00
0.10
0.00
0.00
0.00
0.00
9.30
0.10
0.00
0.00
0.00
0.00
0.00
0.00
0.00
0.00
0.00
0.00
0.00
0.00
0.00
0.00
0.00
0.00
0.00
0.00
0.00
0.00
0.10
0.00
0.00
0.00
0.00
0.00
0.00
0.00
0.00
0.00
0.00
0.00
0.00
0.00
3.30
5.60
0.00
0.10
0.10
0.10
0.10
0.00
2.10
0.10
0.10
0.00
0.10
0.10
0.10
0.00
0.40
5.40
0.00
0.70
0.10
0.10
1.00
0.00
0.10
0.00
0.10
5.80
24.40
0.20
0.00
0.20
0.00
0.00
0.00
2.50
0.00
0.20
0.20
0.00
0.00
0.10
0.10
0.10
0.20
0.00
0.30
20.50
0.00
0.00
0.10
0.00
0.00
0.30
0.00
0.00
11.10
19.50
2.40
0.10
0.00
0.00
0.00
0.00
0.00
0.00
0.00
0.00
2.80
2.40
0.10
0.00
0.00
0.00
0.00
0.00
0.00
0.00
8.40
2.80
41.80
13.00
1.00
1.00
0.00
5.00
1.30
0.20
0.00
2.00
6.90
0.10
0.00
0.00
3.30
6.60
3.50
3.00
0.00
9.20
0.00
0.00
0.00
0.00
22.30
4.90
0.10
0.00
0.00
0.80
0.00
0.00
0.00
0.00
0.00
2.00
0.00
1.10
0.20
24.00
2.40
10.00
32.70
1.60
6.80
4.00
0.00
0.10
0.10
0.00
0.00
0.00
0.00
0.00
0.00
0.00
8.80
0.00
1.90
0.00
10.90
0.00
7.20
0.00
0.00
0.00
0.80
0.80
8.10
0.70
0.70
0.60
0.00
34.90
0.20
0.00
0.00
0.00
8.10
2.10
6.40
6.30
0.00
0.00
0.00
0.00
1.70
0.10
0.00
17.30
12.10
28.20
0.00
23.80
0.00
0.60
0.00
21.10
4.00
3.50
0.00
0.00
3.10
0.00
0.00
0.00
0.00
0.00
0.00
0.00
0.00
0.00
0.00
0.00
5.60
0.00
0.00
0.00
0.00
0.00
36.80
0.10
0.00
0.00
0.00
0.00
0.00
0.00
0.00
0.00
0.00
0.00
0.00
1.50
1.00
0.00
0.00
0.00
11.30
0.00
0.00
0.00
2.90
0.10
0.00
0.00
0.00
0.00
0.00
0.00
0.00
0.00
0.00
0.00
0.00
0.00
0.00
0.00
0.80
0.00
14.70
14.10
37.90
0.80
0.00
5.50
0.00
4.60
0.00
0.00
11.10
0.10
0.60
0.00
0.00
1.60
0.40
0.00
0.00
0.00
0.00
3.20
2.70
0.00
0.10
1.80
0.10
0.60
0.00
15.70
7.30
0.00
0.00
0.00
0.00
0.00
0.40
0.00
0.00
12.70
0.20
0.00
0.00
0.00
0.00
0.00
0.00
0.00
0.00
0.00
0.00
0.00
0.00
0.00
0.00
0.00
0.00
0.00
0.00
0.00
2.00
2.10
1.40
8.80
1.60
0.00
0.00
0.00
88.90
24.60
1.10
0.90
2.10
1.20
1.80
0.00
0.00
0.20
0.00
0.10
3.80
21.70
7.70
0.10
2.40
19.10
2.00
0.00
0.00
0.00
24.60
1.30
0.00
4.80
22.00
0.00
0.00
0.00
0.00
0.00
11.80
0.20
8.10
0.20
8.10
7.60
0.10
0.00
4.20
0.10
0.20
0.20
0.00
0.00
0.00
1.10
0.00
0.00
0.10
0.10
0.10
0.20
0.30
0.10
0.10
0.10
0.00
0.00
3.00
0.00
0.00
5.20
0.00
0.00
0.60
0.10
0.00
0.00
0.00
0.00
0.00
0.00
0.10
0.00
0.10
0.00
0.00
0.00
0.10
0.00
0.00
0.00
0.00
0.00
0.10
0.00
0.00
0.00
0.00
0.00
0.10
0.00
0.00
0.00
0.10
0.40
0.90
0.00
0.00
5.70
0.00
0.00
0.00
0.10
7.10
0.00
0.10
0.00
18.50
0.20
0.00
0.00
0.00
0.00
0.00
0.00
0.00
0.00
0.00
0.00
0.00
0.00
0.00
0.00
0.00
0.00
0.00
0.00
0.00
0.00
0.00
0.00
0.00
0.00
0.00
0.00
0.00
0.00
0.00
0.00
0.00
3.10
0.00
0.00
0.00
0.00
0.00
0.00
0.00
0.00
0.00
0.00
0.00
0.00
0.00
0.00
0.00
0.00
0.00
0.00
0.00
0.00
0.00
0.00
0.00
0.00
0.00
0.00
3.50
3.10
0.00
14.20
10.60
0.20
0.00
15.30
0.10
0.00
0.00
0.00
0.00
4.50
0.10
0.00
0.00
0.00
5.40
0.30
0.00
0.30
6.30
10.30
0.00
0.00
0.00
0.00
0.10
0.80
14.00
3.00
0.10
0.00
0.00
0.00
7.60
0.10
0.00
0.00
0.00
0.00
0.00
0.00
1.90
11.10
0.60
0.00
2.60
0.00
0.00
0.00
23.30
0.00
0.00
0.00
0.30
0.00
0.00
0.00
0.00
0.00
0.00
0.00
0.70
0.00
0.00
0.00
0.00
0.10
14.00
0.00
0.00
0.60
0.00
0.00
0.00
0.00
0.00
2.80
2.80
0.00
0.00
0.00
0.00
0.00
0.00
0.00
0.00
0.00
0.00
0.20
0.00
0.00
0.00
0.50
0.00
9.10
18.70
0.00
0.00
0.00
0.00
4.50
0.00
0.00
1.00
0.00
0.00
0.00
0.00
0.00
0.00
0.00
0.00
1.30
16.90
0.00
0.00
0.00
0.00
0.70
0.00
0.00
0.00
0.00
0.00
0.00
0.00
0.00
0.00
0.00
0.00
0.00
0.00
0.00
0.00
0.00
0.00
0.00
27.00
0.00
0.00
0.00
0.00
0.00
0.00
0.40
0.00
6.10
0.00
16.70
4.40
0.70
0.00
0.00
0.00
0.00
0.00
0.00
0.00
23.40
0.00
0.00
0.10
38.70
3.50
0.00
0.00
0.00
8.50
0.00
0.60
0.50
0.10
0.00
0.00
0.00
0.00
0.00
0.00
0.00
0.00
0.00
0.00
0.00
0.00
0.00
0.00
0.00
0.00
0.00
0.00
0.00
0.00
37.60
0.10
0.00
0.00
0.00
0.00
20.60
0.10
62.20
10.60
0.10
0.10
0.00
0.00
0.00
0.00
0.00
0.00
4.60
3.10
4.90
6.10
0.00
0.00
5.60
0.30
0.20
0.00
0.00
0.00
0.00
7.20
0.10
0.20
0.00
0.00
0.20
0.00
0.00
20.60
0.50
0.00
0.00
0.50
2.20
0.00
0.00
1.10
1.10
0.00
0.10
3.20
0.30
0.00
0.20
0.10
0.20
0.00
0.20
1.90
0.60
0.20
0.10
1.50
2.30
0.20
6.60
38.70
15.50
0.40
0.00
0.10
0.00
0.20
0.10
0.00
0.10
0.00
0.10
0.10
0.10
0.10
0.00
0.20
0.00
0.00
0.00
0.00
2.20
0.00
0.00
0.00
0.10
0.00
0.00
0.00
0.00
0.00
0.00
23.10
32.20
18.40
0.00
0.10
0.00
0.00
0.00
0.00
0.00
0.10
0.10
0.10
0.10
0.10
0.00
0.00
0.00
0.00
0.00
0.00
0.00
0.10
0.10
0.10
0.10
0.10
0.20
0.00
0.00
0.00
0.00
0.00
0.00
0.00
0.00
0.00
0.00
0.00
0.10
0.40
14.40
0.10
0.00
0.50
0.30
0.00
0.00
0.00
0.00
0.00
0.00
0.30
0.10
2.10
18.80
0.10
0.10
0.00
0.00
0.00
2.20
0.50
0.60
0.90
4.60
0.40
0.00
1.00
1.60
4.20
5.00
4.50
0.10
0.00
0.00
0.00
3.90
0.10
0.00
0.00
0.00
0.00
10.50
0.10
0.00
0.00
0.00
1.10
5.20
21.20
30.40
0.20
0.20
17.30
1.70
2.10
4.50
1.00
0.40
0.00
0.00
0.00
0.00
0.00
0.00
0.00
0.00
0.00
0.00
19.80
0.00
0.30
1.20
15.90
12.20
17.50
0.00
0.00
0.00
0.00
0.00
0.00
0.00
0.00
0.00
0.00
0.30
0.00
4.70
9.60
14.80
37.80
0.70
3.00
3.10
0.00
2.90
22.30
0.60
0.10
0.80
10.90
1.20
0.00
0.00
0.00
15.80
0.00
4.70
0.10
0.00
0.00
0.00
0.00
0.00
5.80
0.00
0.00
0.00
0.00
0.70
0.00
63.10
2.30
0.00
0.00
0.00
0.00
0.00
0.00
3.70
0.00
0.20
2.80
0.30
0.00
0.00
0.00
0.00
0.00
0.00
0.00
0.00
0.30
4.30
0.00
0.00
0.10
0.10
0.00
0.00
0.00
0.00
0.00
0.00
0.00
0.00
0.00
0.00
0.00
8.30
0.00
0.00
2.60
0.00
4.50
0.10
0.00
0.00
0.00
0.00
0.00
0.00
0.00
0.00
0.00
0.00
0.00
0.00
3.20
2.20
0.00
0.00
0.00
0.00
0.00
0.00
0.00
0.00
0.00
0.80
11.30
0.30
0.00
0.00
0.00
0.00
0.00
0.00
0.00
15.20
2.90
0.00
3.90
0.10
0.00
0.00
0.40
0.90
0.00
0.00
0.00
0.00
0.00
14.80
0.00
0.00
0.00
0.00
0.00
0.00
0.00
1.80
0.00
0.00
0.00
3.40
0.00
0.00
0.00
0.00
0.00
0.00
0.00
9.50
0.30
0.00
3.30
0.60
0.00
0.00
0.00
0.10
0.00
0.00
0.00
12.00
10.60
0.30
3.50
15.50
0.20
0.10
0.00
0.20
0.00
0.00
0.00
0.00
0.20
0.00
0.00
0.00
0.00
0.00
0.00
0.00
0.00
0.00
0.60
7.80
0.50
0.10
0.10
0.30
0.00
0.00
0.00
0.10
0.00
1.60
0.00
0.00
0.20
2.10
0.10
0.00
0.40
0.00
0.10
0.00
0.00
1.60
1.10
0.10
0.00
0.00
0.20
0.00
0.00
0.00
0.80
0.00
0.10
0.10
0.10
0.00
0.00
0.00
0.00
0.00
0.00
0.00
-99.00
0.00
0.00
0.00
0.00
0.00
0.20
0.00
0.10
0.00
0.00
0.30
0.00
7.90
2.90
0.10
0.00
0.00
0.00
0.10
0.00
0.60
2.80
0.10
0.00
0.00
0.00
0.00
0.30
0.80
0.90
7.80
0.10
0.10
1.00
0.00
1.60
0.10
0.00
0.10
0.00
0.00
0.00
0.00
8.90
0.10
0.00
0.00
0.00
0.10
0.00
0.10
0.00
0.00
0.00
10.80
5.80
0.20
0.80
0.10
0.00
0.10
0.80
0.00
0.00
