20000101
0.00
0.00
0.20
0.40
0.40
0.20
0.00
0.00
0.20
0.20
0.00
0.20
0.00
0.20
0.00
0.20
0.20
0.20
0.20
0.00
0.00
0.20
0.00
0.00
0.00
0.00
0.00
0.00
0.20
0.00
0.20
0.00
0.00
0.20
0.00
0.00
0.00
0.00
0.00
0.00
0.00
0.00
0.00
0.00
0.00
0.00
0.00
0.00
0.00
0.00
0.00
0.00
0.00
0.00
0.00
0.00
0.00
0.00
0.00
0.00
0.00
0.00
0.00
0.00
0.00
0.00
0.00
0.00
0.20
0.00
0.00
0.00
0.00
0.00
0.00
0.00
0.00
0.00
0.00
1.50
0.00
0.00
9.30
0.20
0.20
0.00
0.00
2.20
0.00
8.70
4.40
0.00
3.90
2.90
0.00
0.00
0.00
0.00
0.00
2.00
8.40
0.00
0.00
0.00
0.80
4.40
3.20
0.00
0.90
0.00
0.00
0.00
15.10
1.30
0.00
0.00
0.00
9.10
1.30
0.00
0.00
0.00
0.00
0.00
0.00
5.00
0.20
0.00
0.20
9.50
15.80
0.20
0.00
0.00
0.00
0.00
0.00
9.00
0.00
0.00
0.00
0.40
0.40
0.00
0.00
0.00
6.40
0.40
0.00
0.00
0.00
0.00
0.20
0.00
0.00
0.00
19.30
0.00
0.20
0.00
23.30
26.70
0.00
0.00
0.00
0.00
0.00
0.00
0.00
0.00
0.00
0.00
0.00
0.00
0.00
0.00
0.00
0.40
0.00
0.00
0.00
0.00
0.00
0.00
0.00
0.00
0.00
0.00
0.00
0.00
0.00
0.00
0.00
0.00
0.00
0.00
0.00
0.00
0.00
0.00
0.00
0.00
0.00
0.00
0.40
0.00
0.00
0.00
0.00
0.00
0.00
0.00
0.00
0.20
0.00
0.20
0.00
0.00
0.00
0.00
0.00
0.00
0.00
0.20
0.00
0.00
0.00
0.00
0.00
0.00
0.00
0.00
0.00
0.00
0.00
0.00
0.00
0.00
0.00
0.00
0.00
0.00
2.90
0.00
0.00
0.00
0.00
0.00
0.00
0.00
0.00
0.00
0.00
0.00
0.00
0.00
-99.00
-99.00
-99.00
-99.00
-99.00
-99.00
-99.00
-99.00
-99.00
-99.00
-99.00
-99.00
-99.00
-99.00
-99.00
-99.00
-99.00
-99.00
-99.00
-99.00
-99.00
0.00
0.00
0.00
0.00
0.00
0.00
0.20
5.00
3.60
0.20
0.00
0.00
0.00
0.20
0.00
0.20
0.00
16.80
37.70
0.20
0.00
0.00
0.00
0.20
0.20
1.10
1.30
6.30
0.00
7.60
0.20
0.00
6.10
3.50
0.00
0.00
0.00
0.20
0.00
0.00
5.10
0.00
0.20
0.20
0.00
0.00
0.00
0.00
0.00
5.10
7.50
0.00
0.20
1.70
0.40
0.40
11.00
0.70
0.20
0.40
0.00
0.00
0.20
5.70
3.70
0.00
0.00
0.20
0.20
0.60
0.40
0.00
0.00
0.00
0.20
0.20
0.20
0.00
1.10
4.90
7.90
11.00
1.50
0.40
0.00
1.50
0.00
2.10
0.00
0.00
0.70
0.70
1.30
0.20
0.00
0.20
0.00
0.00
0.00
4.00
0.20
0.20
0.00
0.60
1.30
0.00
1.10
0.00
0.20
0.00
1.30
0.00
0.40
0.20
6.20
0.20
2.40
0.00
0.00
0.00
0.00
0.00
0.00
0.20
0.00
0.00
0.00
0.00
0.00
0.00
0.00
0.20
0.20
3.80
0.00
0.20
0.20
0.20
0.00
0.00
0.00
0.00
0.20
0.00
0.00
0.00
0.40
0.00
1.20
3.50
3.20
0.60
0.40
0.00
5.20
0.00
0.00
1.70
0.20
10.40
0.00
0.00
0.00
3.50
1.10
0.00
0.00
0.00
0.00
0.00
0.00
0.00
0.00
0.00
0.00
0.00
1.30
0.00
0.00
0.00
0.00
0.00
0.00
0.00
0.00
0.00
0.00
0.00
0.00
0.00
0.00
0.00
0.00
0.00
0.00
0.00
0.00
0.00
0.00
0.00
0.00
0.00
0.00
0.00
0.00
0.00
0.00
8.60
37.40
7.60
0.00
0.20
0.90
0.00
0.00
0.00
0.00
3.50
16.20
0.00
0.00
0.00
0.00
0.00
0.00
11.40
0.00
0.20
0.00
0.00
0.00
0.00
0.00
0.00
0.00
0.00
0.00
0.00
0.00
0.00
0.00
0.00
0.00
0.00
0.00
0.00
0.00
0.00
2.40
5.00
0.00
0.00
0.00
0.00
0.20
0.00
0.00
0.00
0.00
0.00
0.00
0.00
0.00
0.00
0.00
0.00
0.00
0.00
0.00
0.00
0.00
0.20
1.40
6.70
0.20
0.00
0.00
0.00
29.30
0.20
0.00
0.00
0.00
46.50
1.80
1.10
0.20
0.00
0.80
0.00
0.00
0.00
0.00
0.00
0.00
0.00
1.50
6.50
0.00
0.00
0.00
0.00
0.00
0.00
0.00
0.00
0.00
0.00
0.00
0.20
0.00
0.00
0.00
0.00
6.60
3.00
0.20
0.00
0.00
0.00
0.20
0.00
0.00
0.00
0.00
0.00
0.00
0.00
0.00
0.00
0.00
0.00
0.00
0.00
0.00
0.00
0.00
0.00
0.00
0.00
0.00
0.00
0.00
0.00
0.00
0.00
0.00
0.00
0.00
0.00
0.00
6.30
0.00
12.70
2.10
0.00
0.00
0.00
0.20
6.00
0.00
0.20
0.20
0.00
0.00
0.00
0.00
0.00
0.00
0.20
3.30
0.00
0.00
0.00
1.90
0.20
0.00
0.00
4.80
14.30
5.30
2.00
0.20
0.00
0.20
0.00
0.00
0.20
0.20
0.00
0.20
0.20
0.20
0.00
0.00
0.20
0.00
0.00
0.00
0.20
0.20
0.00
0.00
0.20
0.20
0.00
1.10
12.10
30.70
13.40
0.20
0.20
0.20
0.20
0.20
0.20
0.00
0.20
0.20
0.20
0.20
0.00
0.20
0.40
0.40
0.00
0.00
0.20
0.40
0.40
0.20
0.00
0.00
0.00
0.00
0.20
0.00
0.00
0.00
0.00
0.00
0.00
0.00
0.00
0.00
0.00
0.00
0.00
0.00
0.00
0.00
0.00
0.00
2.60
1.70
5.40
3.10
2.70
0.00
0.00
0.00
0.00
0.00
0.60
0.20
0.00
5.20
0.40
0.00
0.20
0.20
0.00
0.20
0.20
1.50
2.60
3.50
0.00
0.00
0.00
0.20
0.00
0.00
0.00
0.00
0.00
0.20
0.00
0.20
2.60
0.00
0.00
0.00
0.00
0.00
0.20
0.00
0.20
0.70
0.00
0.00
0.00
0.20
0.00
0.00
0.00
0.00
0.00
0.00
0.00
0.00
0.00
0.00
0.40
0.00
0.00
0.00
5.30
0.00
0.00
0.00
0.00
0.00
0.00
0.00
6.70
0.20
0.00
0.20
0.20
0.00
0.00
0.00
0.00
0.00
0.00
0.00
0.00
0.00
0.00
0.00
2.10
0.00
0.00
0.00
2.00
14.60
0.00
0.00
6.00
3.00
12.70
0.20
2.10
4.60
0.80
0.00
0.00
0.00
0.00
0.00
0.00
0.00
0.00
0.00
0.00
0.00
0.00
0.00
0.00
0.00
0.00
0.00
0.00
0.00
0.00
0.70
0.00
0.00
2.10
13.00
20.80
10.40
0.80
0.20
0.00
0.00
0.00
0.00
0.00
3.50
0.00
0.00
0.00
0.00
1.00
0.00
0.00
0.00
0.00
0.00
0.00
0.00
0.00
0.00
1.10
0.00
0.00
21.00
6.30
0.00
2.50
4.80
0.00
0.00
0.00
0.00
0.00
0.00
0.00
0.00
0.00
0.00
0.00
0.00
0.00
0.00
0.00
0.00
0.00
0.00
0.00
0.00
0.00
0.00
6.30
0.20
0.00
0.00
0.00
0.00
0.00
13.00
0.00
0.00
0.00
0.20
0.20
0.00
0.00
0.00
0.00
0.00
0.00
0.00
0.00
0.00
0.00
0.00
0.00
0.00
0.00
0.00
0.60
0.00
0.20
7.30
0.00
0.00
0.00
0.00
0.00
0.00
0.20
0.60
0.00
0.00
0.00
0.00
0.00
0.90
0.00
0.00
0.00
0.20
0.00
0.00
3.90
4.70
0.00
0.20
0.00
0.20
0.20
0.00
0.00
0.00
0.00
0.00
1.70
10.40
0.00
0.00
0.60
9.80
0.00
0.00
0.20
0.00
0.00
0.00
0.00
1.70
0.40
1.10
0.00
6.70
0.20
0.00
0.00
0.00
0.00
0.00
0.00
0.20
0.00
0.00
0.00
10.20
0.20
0.00
0.20
0.00
0.20
1.10
15.60
4.30
0.00
0.00
0.00
0.20
0.00
0.00
0.40
0.00
0.00
0.60
4.80
0.00
0.00
0.00
0.00
0.00
0.00
0.20
0.20
11.60
0.00
0.40
0.00
0.20
0.00
0.00
0.40
0.00
0.00
0.00
0.00
0.00
0.00
4.20
3.20
0.00
0.40
0.00
0.00
0.90
12.30
0.20
0.00
0.00
3.40
0.00
0.20
0.20
0.80
0.20
0.00
0.80
0.00
0.00
0.00
0.00
0.00
0.00
0.20
0.70
5.50
1.40
0.20
0.20
3.10
0.20
0.20
1.50
0.00
0.60
1.50
0.00
0.20
0.40
0.20
0.00
0.00
1.50
0.00
0.00
6.00
0.00
0.00
0.80
0.60
0.00
11.00
0.80
0.00
0.40
1.70
0.20
0.00
0.00
0.00
0.20
0.00
0.20
0.00
0.00
3.70
0.80
0.60
0.00
0.00
0.00
0.00
0.00
0.00
0.00
0.00
0.20
0.00
0.00
0.00
0.00
0.00
0.00
0.00
0.00
0.00
0.20
0.00
0.00
0.00
0.00
0.00
0.00
0.00
0.00
0.00
12.50
46.20
0.20
0.20
0.20
0.80
0.20
17.10
0.20
0.00
0.00
0.00
0.00
0.00
2.10
0.20
0.20
0.00
0.00
0.00
0.00
0.00
0.00
0.00
1.10
0.00
0.00
0.00
0.00
0.00
0.00
0.00
0.00
0.00
0.00
0.20
4.10
31.00
0.40
1.20
0.20
0.00
0.00
0.00
0.00
0.00
0.00
0.00
0.00
6.90
0.00
0.00
0.00
0.00
2.60
7.40
0.00
0.00
0.00
3.00
9.80
0.00
0.00
0.00
0.00
0.00
0.00
0.00
0.00
0.00
0.00
0.00
0.00
0.00
0.00
2.50
34.20
26.00
0.20
0.00
0.00
0.00
0.00
0.00
0.00
0.00
4.50
0.00
0.00
0.60
0.00
0.00
-99.00
-99.00
-99.00
-99.00
-99.00
-99.00
0.00
0.00
0.00
0.00
0.00
0.00
0.00
0.00
5.80
0.00
0.00
12.10
0.00
0.00
0.00
0.00
0.00
1.10
0.00
0.00
0.00
0.00
0.00
0.00
0.00
0.00
0.00
0.00
1.50
0.20
0.00
0.00
0.00
0.00
0.00
0.00
0.00
0.00
0.70
0.20
0.00
0.00
2.80
0.00
0.00
0.00
0.00
0.00
0.00
0.00
0.00
0.00
0.00
1.50
0.00
0.00
0.60
0.20
0.00
0.00
0.00
0.00
0.00
0.00
0.00
0.00
0.00
0.00
0.00
0.00
0.00
0.00
0.20
0.00
0.00
0.00
0.00
0.00
0.00
0.00
0.60
8.50
0.00
0.00
0.00
0.00
0.00
0.00
0.00
0.00
0.00
0.00
0.00
0.00
0.20
37.90
1.30
0.20
7.50
38.90
0.00
-99.00
-99.00
8.80
0.00
0.00
0.00
0.20
0.00
0.20
0.00
0.00
0.00
0.00
0.00
0.00
0.00
0.40
0.00
0.00
0.00
0.00
4.10
9.30
0.20
45.20
8.20
1.70
0.00
0.00
0.00
0.00
0.00
0.00
0.00
0.00
0.20
0.00
0.00
0.00
3.10
1.90
25.20
3.10
10.80
0.60
0.00
0.00
0.00
0.00
0.00
16.10
6.60
4.50
0.00
0.80
5.40
0.90
0.00
0.00
0.20
0.00
0.20
0.40
2.80
1.10
18.60
0.20
0.00
0.00
0.20
20.30
22.10
0.00
0.20
0.20
0.20
0.00
0.60
3.80
0.00
0.00
3.20
1.70
0.00
0.00
1.10
4.10
0.20
0.00
8.90
3.40
3.60
1.50
7.90
0.00
0.20
0.20
0.20
0.40
0.20
0.00
0.00
0.00
2.00
0.20
0.20
0.20
0.00
0.00
0.00
0.00
0.40
0.20
2.20
0.00
0.00
0.00
0.20
0.00
0.00
0.00
0.20
0.20
0.40
0.20
0.00
0.00
0.00
0.20
0.00
0.00
0.00
0.00
1.30
0.00
0.00
0.00
0.00
0.20
0.20
0.60
0.60
0.60
0.20
0.00
0.00
2.30
0.40
0.20
0.40
0.40
0.40
0.40
0.40
0.20
0.20
0.20
0.00
0.20
0.20
0.00
0.20
0.40
0.20
0.00
0.00
0.20
18.00
3.10
0.00
0.00
5.00
11.60
19.80
0.00
0.00
0.00
0.00
0.00
0.00
0.00
0.00
0.00
0.00
0.00
0.00
0.60
0.00
1.10
0.90
0.20
0.00
0.20
0.00
0.00
0.00
0.00
0.00
0.00
0.00
0.00
0.00
0.00
10.80
8.00
14.40
4.20
2.00
3.60
0.20
0.00
0.00
0.20
0.00
0.00
8.80
0.20
0.00
0.00
0.00
0.00
0.00
0.00
21.20
0.00
0.60
0.00
0.00
1.40
11.20
0.00
0.00
0.00
0.00
6.00
11.40
0.20
0.20
0.00
0.20
21.20
1.00
0.40
0.00
0.60
0.00
0.00
6.80
6.20
13.30
0.20
0.00
0.00
0.00
0.00
0.00
0.00
0.00
0.00
0.00
0.00
0.00
0.00
0.00
0.00
0.00
0.00
0.00
0.00
0.00
0.00
0.00
0.00
0.00
0.00
0.00
0.00
0.00
0.00
0.00
0.00
0.00
0.80
0.00
0.00
0.00
0.00
0.00
0.00
0.00
0.00
0.00
0.00
0.60
0.00
0.00
0.00
0.00
0.00
0.00
0.00
0.00
0.00
0.00
1.40
7.60
0.00
0.00
19.00
0.50
0.00
0.00
0.00
0.00
0.00
0.70
0.00
0.00
0.00
0.00
0.00
0.00
0.00
0.00
0.00
0.00
0.00
1.20
0.00
0.00
0.00
0.60
0.00
0.00
0.00
0.00
0.20
0.00
0.00
0.00
0.00
0.00
0.00
0.00
0.00
0.00
0.60
0.00
0.00
0.00
0.00
0.00
2.20
0.20
0.00
0.00
0.00
0.00
0.00
0.00
0.00
0.00
0.20
0.10
0.00
0.00
0.00
0.00
0.00
0.00
0.00
0.10
0.10
0.10
0.00
0.00
0.00
0.00
0.00
0.00
0.00
0.00
0.00
0.00
0.00
0.00
0.00
0.00
0.00
0.00
0.00
0.00
0.00
0.00
0.00
0.00
0.20
0.00
0.00
0.00
0.00
0.00
0.20
0.00
0.00
0.00
0.00
0.00
0.10
1.20
0.40
0.00
0.00
0.00
0.00
7.80
0.20
14.30
0.00
1.10
0.00
1.30
0.30
0.10
0.00
0.00
0.10
0.00
0.00
0.00
0.20
0.00
0.00
0.10
0.00
0.00
0.00
0.00
0.00
0.10
0.00
0.00
0.00
0.00
0.00
0.00
0.00
0.00
0.00
1.20
2.40
0.00
7.90
0.00
0.50
4.20
3.10
0.00
1.90
5.80
1.20
0.00
0.20
0.00
0.00
0.20
0.10
0.00
0.10
0.00
0.00
0.00
0.00
0.10
0.00
0.10
0.20
0.00
0.00
0.00
0.00
0.00
0.00
0.20
0.10
0.20
0.20
0.20
0.10
0.10
0.10
0.10
0.10
0.10
0.10
0.00
0.00
0.00
0.00
0.10
0.00
0.10
0.00
0.00
0.00
0.00
0.00
0.00
0.10
0.00
0.00
0.00
0.00
0.00
0.00
0.00
0.00
0.00
0.00
0.00
0.00
1.70
4.50
0.10
0.10
0.00
0.00
0.00
0.00
0.00
0.00
0.00
0.00
0.00
0.00
0.40
0.00
0.00
0.00
0.00
0.00
0.00
0.00
0.00
0.10
0.00
0.00
0.00
0.00
0.00
0.00
0.00
0.00
0.00
0.00
0.00
0.00
0.00
0.00
0.00
0.00
0.00
0.00
0.00
8.10
0.00
0.10
0.00
0.00
0.00
0.00
0.00
0.00
0.00
2.20
1.40
0.00
0.20
0.00
0.00
0.00
0.00
0.00
0.00
0.00
0.00
1.60
0.30
0.00
0.00
0.00
0.00
0.00
0.00
2.40
0.00
0.80
0.10
0.00
0.00
0.00
0.00
0.00
0.00
0.00
0.00
0.00
0.00
0.00
0.00
0.00
1.60
0.00
0.10
0.10
13.00
0.10
1.30
29.00
11.70
0.00
0.00
0.00
0.00
10.50
0.00
0.00
0.00
0.00
0.00
0.00
0.00
0.00
0.60
0.10
0.00
0.00
0.00
0.00
0.00
0.00
0.00
0.00
0.00
0.90
0.00
0.70
0.00
0.00
0.00
0.00
0.00
0.00
0.50
3.40
0.00
0.30
1.10
0.00
0.00
5.80
1.20
0.00
0.00
0.00
0.00
0.00
0.00
0.00
0.00
0.00
0.00
0.00
0.00
0.00
0.00
0.00
0.00
0.00
0.00
0.00
0.00
0.00
0.00
0.00
0.00
0.00
0.00
0.00
0.00
0.00
10.90
0.00
0.00
0.00
3.60
0.10
0.00
0.00
0.00
0.00
0.00
0.00
1.70
5.40
0.10
0.00
0.00
0.00
0.00
0.50
0.30
0.10
0.00
0.00
0.00
0.00
0.00
0.00
0.00
0.00
0.00
0.00
0.00
0.00
0.00
0.00
0.00
0.00
0.00
0.00
0.40
0.90
0.50
0.00
0.00
0.00
0.00
0.00
0.00
0.00
1.20
0.20
0.00
0.00
0.00
0.00
0.00
0.00
0.00
0.00
0.00
0.00
0.00
0.00
0.00
0.00
0.00
0.00
0.00
0.00
0.00
0.00
0.00
0.00
0.50
0.00
1.00
17.40
17.80
37.10
0.30
0.10
0.80
0.30
1.30
1.80
8.00
16.90
0.20
0.00
0.10
0.00
2.80
0.20
0.00
2.00
0.00
0.00
0.00
0.00
0.00
0.00
0.10
0.00
13.50
1.20
0.70
0.30
31.10
7.40
0.60
0.10
0.00
0.00
0.10
0.00
0.00
0.00
0.10
0.00
0.00
0.00
0.00
0.00
0.00
0.00
0.00
4.10
0.10
0.10
0.60
0.00
0.00
0.00
0.00
0.00
0.00
0.10
0.00
0.10
0.10
0.00
0.10
0.00
0.00
0.10
0.10
0.00
0.00
0.00
0.00
0.00
0.00
0.20
0.10
0.10
0.30
0.00
0.00
0.00
0.00
0.00
0.80
9.80
3.60
8.30
3.40
0.00
0.00
0.10
0.30
0.00
0.00
0.20
0.00
0.00
0.00
0.00
0.10
0.00
0.10
0.00
0.00
0.00
0.00
2.50
3.10
0.00
0.10
0.00
0.00
0.10
0.00
0.10
0.10
0.00
0.10
0.00
0.00
0.00
0.00
0.00
0.10
0.00
0.00
0.00
0.10
0.00
0.00
0.00
0.00
0.00
0.50
2.40
0.00
0.00
0.00
0.00
0.00
0.20
0.40
0.00
0.00
0.00
0.00
0.00
0.00
0.00
0.00
0.00
0.00
0.00
0.00
0.90
1.80
6.10
0.10
0.00
1.30
0.10
0.00
0.00
0.40
0.00
0.00
0.00
0.00
0.00
0.00
0.00
0.00
0.00
0.00
1.40
0.10
0.00
0.00
0.00
0.00
0.00
0.00
1.00
0.20
0.20
0.00
0.00
0.00
0.00
0.00
0.00
0.00
0.00
0.00
0.00
0.00
0.00
0.00
0.00
0.00
0.00
0.00
0.00
0.00
0.80
0.00
0.00
0.00
0.00
0.00
0.00
0.00
0.00
0.00
0.00
0.20
0.00
0.00
0.00
0.00
0.00
0.00
0.00
0.00
0.00
0.00
0.00
0.00
0.00
0.00
0.00
0.00
0.00
0.00
0.00
0.00
0.00
0.00
0.10
0.00
0.00
0.00
0.00
0.30
0.80
0.70
0.10
0.00
0.00
0.00
0.00
0.00
0.00
0.00
0.00
1.10
0.30
0.00
0.00
0.00
0.00
0.00
0.00
1.20
0.70
0.20
0.00
0.00
0.00
0.00
0.00
0.00
0.00
0.20
0.30
0.00
0.00
0.10
0.10
0.00
0.00
0.00
0.00
0.00
0.00
0.20
0.20
0.00
0.00
0.00
0.00
0.00
0.00
0.00
0.00
0.00
0.00
0.00
0.00
0.00
0.00
0.00
0.00
0.00
0.70
0.40
0.30
0.10
0.10
0.00
0.00
0.00
0.00
0.00
0.00
0.00
0.00
0.00
0.00
0.00
0.00
0.00
0.00
0.00
0.00
0.00
0.00
0.10
0.00
0.00
0.00
0.10
21.90
36.10
14.30
0.00
1.10
0.00
0.00
0.00
0.00
0.10
0.00
6.30
0.00
0.20
0.00
0.00
0.00
0.70
0.00
0.00
0.00
0.00
0.00
0.00
0.00
0.00
0.00
0.00
0.00
8.90
1.60
0.10
0.10
0.10
0.00
0.20
20.40
0.90
0.00
0.10
0.00
2.80
6.80
0.00
0.00
0.00
0.10
0.10
0.10
0.00
0.00
0.00
0.00
0.00
0.20
0.00
0.00
0.00
0.00
0.10
0.20
0.00
0.10
0.00
0.00
6.70
0.40
0.00
0.00
0.10
0.00
0.00
-99.00
-99.00
-99.00
-99.00
2.60
1.00
0.20
0.00
0.40
0.00
0.00
0.00
0.40
23.80
1.60
7.80
0.00
0.00
0.00
0.00
-99.00
-99.00
-99.00
-99.00
-99.00
0.00
0.20
0.20
0.20
0.00
2.40
0.00
0.00
0.00
0.00
-99.00
-99.00
0.20
0.20
0.00
0.00
0.00
0.00
0.20
0.00
0.20
0.20
0.00
-99.00
-99.00
-99.00
-99.00
-99.00
0.00
0.00
0.00
0.20
0.00
0.40
0.20
1.00
0.00
0.00
2.00
0.20
0.00
0.00
0.00
11.40
1.00
0.00
0.20
0.20
0.20
3.80
0.00
0.40
5.00
10.40
1.80
0.00
1.00
0.00
1.00
0.00
0.00
0.20
0.00
0.00
0.00
0.00
0.00
0.00
0.00
0.00
0.00
0.00
0.00
0.00
0.00
0.00
0.00
0.00
0.00
5.40
0.00
0.00
0.00
0.00
0.00
0.00
0.00
0.00
0.00
0.00
0.00
0.00
0.00
0.00
0.00
0.00
0.00
0.00
0.00
0.00
0.00
0.00
0.50
7.60
1.60
29.40
4.30
2.10
5.60
0.70
0.00
0.00
0.00
0.00
0.00
6.50
10.80
4.80
1.20
0.30
6.90
0.20
0.00
0.00
1.80
0.00
0.00
0.00
0.00
0.00
0.00
1.60
0.10
0.10
1.80
0.00
3.40
0.10
0.00
0.00
0.00
0.00
0.00
0.00
0.00
0.00
0.00
3.60
0.00
1.60
0.00
0.00
10.20
1.60
0.00
0.00
0.40
0.00
1.70
0.10
0.00
0.00
0.00
0.00
0.00
0.00
0.00
0.00
0.00
19.50
0.20
0.00
0.00
0.00
0.00
0.00
0.40
0.00
1.20
4.10
0.00
0.10
0.20
0.30
0.00
0.00
0.00
0.00
0.00
0.00
0.00
0.00
0.00
0.00
0.00
0.40
0.00
0.00
0.00
0.00
0.00
0.00
0.00
0.00
0.00
0.00
0.00
0.00
0.00
0.00
0.00
0.00
0.00
0.00
0.00
1.20
0.00
0.00
0.00
0.00
0.00
0.00
0.00
0.00
0.00
0.00
0.00
0.00
0.00
0.00
0.40
0.00
1.00
0.00
0.00
0.00
0.00
0.00
0.00
0.00
0.00
0.00
0.00
0.00
0.00
0.00
0.00
0.00
0.00
0.00
0.00
0.00
0.00
0.00
0.00
0.00
0.00
0.10
0.00
1.00
0.00
0.00
0.00
0.00
0.00
0.00
0.00
0.00
0.00
0.00
0.00
0.00
0.00
5.40
3.10
0.00
0.00
1.00
0.00
0.00
0.00
0.00
0.00
0.00
0.00
1.40
0.10
0.00
0.00
5.60
6.40
0.40
0.10
0.00
0.00
0.00
0.00
0.00
0.00
0.00
0.00
0.00
0.00
0.90
0.00
0.00
0.10
0.00
0.00
0.00
0.00
0.00
0.00
0.00
0.00
0.00
0.00
0.00
0.00
0.00
0.00
0.00
0.00
0.00
0.00
0.00
0.10
0.00
0.00
0.00
0.00
0.00
0.00
0.00
0.00
0.00
0.00
4.30
0.10
0.10
0.00
0.00
0.00
0.10
0.00
0.00
0.10
0.10
0.00
0.00
0.00
0.00
0.00
0.00
0.00
0.00
0.00
0.00
0.00
0.00
0.00
0.00
0.00
0.00
1.50
5.30
0.00
0.50
0.90
0.00
0.00
0.10
0.20
0.10
0.10
0.00
0.00
0.10
0.00
0.00
7.30
4.20
0.20
0.10
0.00
0.10
0.10
0.00
0.00
3.50
0.00
0.00
0.10
0.00
2.00
0.20
0.00
0.10
0.40
0.30
0.00
0.00
0.00
0.00
0.20
0.10
0.20
0.10
0.10
0.10
0.10
0.10
0.10
1.20
0.00
0.00
0.10
0.00
0.00
0.00
0.00
0.00
0.00
0.00
0.00
0.00
0.00
3.30
0.10
6.20
0.00
0.00
0.10
1.40
0.10
0.00
0.00
0.60
0.00
0.00
0.00
0.00
0.00
0.00
0.00
0.00
0.00
0.30
0.00
0.00
0.00
0.00
0.00
0.00
0.00
0.00
0.00
0.00
0.00
0.00
1.80
0.00
0.00
0.00
0.00
1.60
0.00
0.00
3.40
0.10
0.00
0.00
0.00
0.00
0.00
0.00
3.20
2.00
9.00
2.30
4.40
0.00
1.00
0.00
0.00
0.00
2.30
4.10
2.10
10.40
0.00
0.00
0.00
0.00
0.00
0.00
0.00
8.60
0.00
0.00
0.00
0.00
0.00
0.00
0.00
0.00
0.00
0.00
6.10
13.20
1.80
7.40
0.00
8.60
0.00
2.00
0.50
0.40
11.50
0.10
0.00
0.50
18.80
5.20
8.30
2.30
6.70
0.00
0.00
0.00
2.00
4.40
0.00
0.00
0.00
0.00
0.00
0.00
0.00
3.10
0.10
1.80
0.10
0.00
0.00
0.00
15.70
0.50
0.00
0.00
0.00
0.00
0.00
0.00
0.00
0.00
0.10
9.40
0.00
0.00
1.40
0.00
0.00
0.00
0.00
0.10
0.00
0.00
0.00
0.00
0.00
3.80
5.70
0.00
0.00
0.00
0.40
0.00
0.00
0.00
0.00
0.00
0.00
0.00
0.00
0.00
0.00
0.00
0.00
0.00
0.00
0.00
0.00
0.00
0.00
0.00
2.20
0.20
0.00
0.00
0.00
0.00
0.00
0.00
0.00
24.70
0.30
0.00
0.10
0.00
0.00
0.00
0.00
0.90
0.10
0.10
0.00
0.00
0.00
0.00
0.00
0.00
0.00
0.00
2.10
0.00
0.00
0.00
1.20
0.00
0.00
0.20
0.00
7.50
0.00
0.00
0.00
0.00
0.00
0.00
0.20
0.00
0.00
0.00
14.20
10.80
1.00
0.10
0.00
0.00
0.00
0.00
0.00
0.00
0.10
0.00
0.00
0.00
0.00
0.40
0.00
0.00
0.00
0.00
1.80
0.00
0.00
0.10
0.10
0.00
5.00
0.00
0.10
2.40
15.20
0.00
0.00
0.00
0.00
0.10
21.90
3.40
0.80
8.30
6.80
14.10
0.10
0.00
0.00
0.00
0.00
2.00
0.10
0.30
0.00
0.50
0.00
0.00
0.10
0.10
0.10
0.20
0.10
0.00
0.10
0.00
0.00
0.00
0.00
0.00
0.00
0.00
0.40
0.00
0.70
0.00
0.10
0.00
0.00
0.00
0.00
2.70
2.60
0.00
0.00
0.10
10.60
0.00
0.00
0.00
0.10
0.20
0.00
0.00
0.20
0.20
0.10
0.00
0.00
9.40
6.10
0.90
3.80
0.10
0.00
4.10
3.80
0.00
0.00
0.10
0.00
0.00
0.00
7.80
1.30
0.20
0.10
0.00
0.00
0.20
0.10
0.10
0.20
0.30
0.00
0.00
2.60
0.40
0.00
0.00
0.00
0.00
0.00
0.00
0.00
4.90
11.20
0.50
0.00
0.00
0.40
0.00
0.00
0.00
0.00
0.00
0.00
0.00
0.00
0.00
0.00
0.00
0.00
0.00
0.00
0.00
0.00
0.00
0.00
0.00
0.00
0.00
0.10
0.70
4.50
0.80
0.00
7.90
0.10
0.00
0.00
0.00
0.00
0.00
0.00
0.00
0.00
0.00
0.00
0.00
0.00
0.00
0.00
0.00
0.00
0.00
0.00
0.00
0.00
0.00
0.00
12.20
3.80
0.40
5.70
1.10
1.10
0.00
0.00
0.00
1.50
29.70
2.50
0.00
20.70
28.20
0.00
0.00
0.00
17.60
0.20
0.00
0.00
0.00
0.00
0.00
0.00
0.00
0.00
0.00
10.10
0.00
0.00
0.00
0.00
0.00
0.00
0.00
0.00
0.00
0.00
0.20
0.00
0.00
1.40
0.00
0.00
0.40
0.50
0.00
0.00
0.00
0.00
0.00
0.00
0.00
0.00
0.00
0.00
0.00
0.00
0.00
0.00
0.00
4.60
0.00
0.00
0.00
0.00
0.30
3.20
0.00
0.00
0.10
0.00
0.00
0.00
0.00
0.00
0.10
0.00
3.60
0.00
0.00
0.20
3.80
0.00
0.00
0.00
0.00
4.70
0.00
0.00
0.00
0.00
0.70
0.00
0.00
0.30
0.00
0.00
16.90
0.10
0.00
11.70
0.00
0.00
0.00
0.00
0.00
0.00
0.00
0.00
0.00
0.00
0.00
1.70
0.00
0.00
0.00
0.00
0.00
0.00
0.00
0.00
0.00
0.00
20.00
0.00
0.00
0.00
0.00
0.10
0.10
18.30
1.80
0.00
0.00
0.00
0.00
0.00
0.00
0.00
0.00
0.00
0.00
0.00
0.00
0.00
0.00
0.00
0.30
0.00
0.00
0.00
0.00
0.00
0.00
0.20
0.00
0.00
0.00
0.00
0.00
0.00
0.00
0.00
0.00
0.00
1.70
15.20
0.00
0.00
0.00
32.30
0.30
0.00
0.00
0.00
0.00
0.00
0.00
0.00
0.00
0.00
0.00
0.00
3.30
0.00
0.00
0.00
0.00
0.00
0.00
0.50
9.80
0.00
0.00
0.00
0.00
0.00
0.00
0.00
0.00
0.00
0.00
0.00
1.80
8.10
9.70
0.00
0.00
0.00
0.00
0.10
0.10
0.10
0.00
0.20
0.00
0.40
0.00
0.00
0.00
0.00
0.30
0.00
0.00
0.00
0.00
0.00
0.00
0.00
0.00
0.00
0.00
0.00
0.00
0.00
0.00
0.00
0.00
0.00
0.00
0.00
0.00
0.00
0.00
0.50
0.00
0.40
0.80
0.00
0.00
0.00
0.00
0.00
0.00
0.10
0.40
0.30
0.10
1.80
0.00
0.00
0.50
0.00
0.00
0.00
4.60
10.20
4.80
2.90
1.50
8.10
0.00
0.60
4.80
0.10
0.40
0.00
0.00
0.10
6.70
1.70
0.00
20.40
4.80
0.00
0.00
0.00
7.00
7.00
1.00
0.00
0.10
0.10
0.00
0.40
0.00
0.00
0.00
0.00
0.00
13.50
0.00
0.10
0.00
0.20
0.00
0.00
0.00
0.00
0.00
5.30
0.20
0.00
0.00
6.40
0.10
0.00
0.00
0.00
0.00
0.00
0.30
2.90
5.50
0.10
1.50
0.00
0.00
0.00
2.00
0.40
0.00
0.00
2.00
0.00
0.00
8.10
2.30
0.10
0.00
0.00
9.70
3.20
0.00
0.00
0.00
0.00
0.00
0.00
0.00
0.00
0.00
0.00
0.20
0.10
1.00
3.20
0.00
2.90
4.50
0.30
0.00
0.00
0.00
1.80
0.80
0.00
0.00
1.60
0.00
0.00
0.00
5.70
0.00
0.00
0.00
0.00
0.90
0.00
1.60
0.00
0.40
0.00
0.10
0.00
0.00
0.00
0.00
7.60
0.00
0.00
0.00
0.00
0.00
0.00
1.20
0.00
3.90
17.00
0.00
0.00
0.00
0.00
0.00
0.90
1.40
0.10
2.90
0.00
0.10
0.00
0.00
0.00
0.00
0.00
0.00
0.00
0.00
0.00
0.00
0.00
0.00
0.00
0.00
0.00
0.00
0.00
0.00
0.00
0.00
0.00
0.00
5.00
0.00
0.30
11.00
0.90
3.20
2.50
0.10
12.80
0.00
0.00
0.00
0.00
0.00
0.00
0.00
0.00
0.00
0.00
0.00
0.00
0.00
0.00
0.00
0.00
0.00
0.00
0.00
0.10
0.00
0.00
0.00
0.00
0.00
0.00
0.00
0.00
0.00
0.00
0.00
0.00
0.00
0.00
0.00
0.10
0.00
0.00
0.00
0.00
0.00
0.00
0.00
0.00
0.00
0.00
0.00
0.10
0.50
0.00
0.00
0.00
0.00
0.00
0.00
0.00
0.00
0.00
0.00
0.00
0.00
0.00
0.00
0.00
0.00
0.40
0.00
0.00
0.00
0.00
0.00
0.00
0.00
0.00
0.00
0.00
0.00
0.00
0.00
0.10
0.00
0.00
0.00
1.90
0.00
0.00
0.00
0.00
0.00
0.00
0.00
0.00
0.00
0.00
13.10
0.00
0.00
1.90
0.00
0.00
0.80
0.50
0.00
0.00
0.00
0.00
0.00
0.00
0.00
0.00
1.00
0.00
0.00
0.00
0.00
0.00
24.90
9.80
0.80
6.10
0.40
0.00
0.00
0.00
0.00
0.00
0.00
0.00
0.00
0.00
0.00
0.10
0.00
0.00
0.00
0.00
0.10
0.00
1.00
0.00
0.00
0.00
0.00
0.00
0.10
0.00
8.80
0.20
0.00
0.00
0.00
0.00
0.90
0.70
0.00
0.00
0.00
0.00
5.70
0.10
0.00
0.00
0.00
0.00
0.00
0.00
0.00
0.00
2.20
0.20
0.00
0.00
0.00
0.90
0.20
0.20
0.20
0.00
0.00
0.40
0.20
0.10
0.00
0.00
0.00
0.00
0.00
0.00
0.00
4.50
0.30
0.70
0.00
0.00
0.00
0.00
0.00
0.00
0.00
0.00
0.00
0.00
0.00
0.10
2.30
0.10
0.00
0.30
1.20
0.10
0.00
0.00
0.00
0.40
0.30
0.40
0.30
0.20
0.00
0.10
0.00
0.00
0.00
0.00
0.00
0.00
0.00
3.10
0.00
0.00
0.00
0.00
0.00
0.00
0.00
0.00
0.00
0.00
0.00
0.20
0.00
0.10
0.10
0.50
0.40
1.90
0.00
2.30
0.00
3.40
0.10
0.00
0.00
0.00
0.00
0.00
0.00
0.00
0.00
0.00
0.00
3.10
7.60
0.00
0.00
0.00
0.00
0.00
0.00
3.10
20.10
0.10
0.70
38.00
1.40
0.00
0.00
0.00
0.00
0.00
5.40
0.00
0.00
0.00
0.00
0.20
0.00
0.00
2.60
0.00
0.00
0.00
0.40
0.00
0.00
0.00
0.00
0.00
0.00
0.00
0.00
0.00
0.00
0.00
0.00
0.50
0.00
0.00
0.00
0.00
1.30
12.20
1.50
5.30
3.50
0.00
0.00
0.00
0.00
0.00
0.00
0.60
0.00
0.00
0.60
0.00
30.30
0.00
0.00
0.00
0.00
1.50
0.00
0.00
0.00
0.00
0.00
0.00
0.00
0.00
0.00
0.00
0.00
0.00
0.00
1.80
0.00
0.00
0.10
12.00
0.10
0.00
0.00
2.00
5.30
0.00
3.50
12.60
0.00
0.00
1.20
0.00
0.00
0.00
0.00
0.00
0.00
0.00
0.00
0.00
0.00
0.00
0.00
0.00
0.00
0.00
0.00
0.00
0.00
0.00
0.00
0.00
0.00
0.80
0.30
0.00
0.00
0.00
0.00
0.00
0.00
0.00
5.50
0.30
0.00
0.00
0.00
0.00
0.00
0.10
0.00
0.00
0.00
0.00
0.00
0.00
0.00
0.00
0.00
0.00
0.00
0.00
0.00
0.00
0.00
0.00
0.00
0.00
0.00
0.00
0.00
0.00
0.00
0.00
0.40
0.00
0.00
0.00
0.00
0.10
0.00
0.00
0.00
0.00
0.00
0.00
0.00
0.00
0.00
0.00
0.00
0.00
0.00
0.00
15.50
0.20
0.00
0.70
0.00
0.00
0.00
0.00
0.00
0.00
0.00
0.00
0.00
0.00
0.00
0.00
0.00
0.00
0.00
0.00
0.00
0.00
0.00
0.00
0.00
0.00
0.00
0.00
0.00
0.00
0.00
0.00
0.00
0.00
0.00
0.00
0.00
0.00
0.00
0.00
0.00
0.00
0.00
0.00
0.00
0.00
0.00
0.00
0.00
0.00
0.00
0.00
3.10
0.00
0.00
11.20
1.00
0.00
0.00
0.10
0.00
0.00
4.70
11.40
0.00
0.00
0.80
0.00
0.00
0.00
0.00
0.00
0.00
0.00
19.40
0.20
0.00
0.10
0.60
7.90
0.80
6.70
0.20
0.20
0.10
0.10
0.20
0.10
0.20
0.30
0.30
0.10
0.00
0.00
0.00
0.00
0.00
0.00
0.20
0.10
0.10
0.00
0.00
0.00
0.00
0.20
0.00
0.00
0.00
0.00
0.00
0.00
0.20
0.00
0.10
0.10
0.00
0.10
0.10
0.00
0.00
0.00
0.10
0.00
0.00
0.00
0.00
0.00
0.00
0.10
0.50
0.30
0.10
0.10
0.00
0.10
0.00
0.00
0.10
0.10
0.20
0.10
0.00
0.10
0.10
0.00
0.10
0.20
0.20
0.00
0.00
0.00
0.20
0.00
0.00
0.00
0.70
0.00
0.00
0.00
0.00
0.00
0.00
0.00
0.00
0.00
0.00
0.00
0.00
0.00
0.00
0.00
0.00
0.00
0.00
0.00
0.00
0.00
0.00
0.00
0.00
0.00
0.00
0.00
0.00
0.00
0.00
0.00
0.00
0.00
0.00
0.00
0.00
0.00
0.00
0.00
0.00
0.00
0.00
0.00
7.00
12.70
0.80
0.00
0.00
0.00
0.00
0.00
0.00
0.00
0.00
0.00
0.00
0.00
10.60
1.40
3.70
13.10
0.10
0.00
0.00
2.10
0.00
0.00
0.00
1.20
0.00
0.00
0.00
0.10
0.00
0.00
0.40
0.00
0.00
0.00
0.00
0.00
0.00
6.90
0.00
23.40
0.00
0.00
0.00
0.10
0.00
0.00
0.00
3.70
0.00
0.00
0.00
0.40
0.00
0.00
0.00
0.00
0.00
0.10
7.20
7.60
0.00
0.00
0.00
0.00
0.00
0.00
0.00
0.00
0.00
0.00
0.00
0.00
0.30
8.60
0.00
0.00
0.00
0.00
0.00
0.00
0.00
0.00
0.00
0.00
0.00
0.00
0.00
0.00
0.90
21.40
0.00
0.00
0.00
0.00
0.00
0.00
0.00
0.00
0.00
0.00
0.00
0.00
0.00
0.00
0.00
7.30
0.00
0.00
0.00
0.00
0.00
0.30
0.00
0.00
0.00
0.00
0.00
0.00
0.00
0.00
0.00
0.00
0.00
0.00
0.00
0.00
0.00
9.90
0.00
0.00
0.00
0.00
0.00
0.00
0.00
0.00
35.40
0.00
0.00
0.00
0.00
0.00
0.00
0.00
0.00
0.00
0.00
0.00
0.00
0.00
0.00
0.00
0.00
0.00
0.00
0.00
0.00
0.00
0.00
0.00
0.00
0.90
0.00
0.00
0.00
0.00
0.00
0.00
0.00
0.00
0.20
0.00
0.00
0.00
0.00
0.00
0.00
0.00
0.00
0.00
0.00
0.00
0.00
0.00
0.00
0.30
0.00
0.00
0.10
0.00
0.30
30.10
0.10
0.00
0.00
0.00
0.00
0.00
0.00
0.00
0.00
0.00
12.30
10.10
0.00
0.00
5.20
0.00
0.00
0.00
0.00
7.40
13.70
15.40
0.00
0.00
0.20
9.00
6.10
0.10
0.00
0.00
5.50
11.80
0.00
0.00
0.00
4.60
0.00
0.00
0.00
0.40
14.90
0.40
0.00
0.10
0.10
0.00
0.00
0.20
7.20
0.00
0.00
0.30
0.00
0.10
0.10
0.00
0.00
1.20
0.20
0.00
0.00
0.00
0.30
0.00
0.00
0.00
0.00
0.00
0.00
0.00
0.00
0.10
0.00
0.00
0.60
3.90
0.20
0.20
0.30
0.00
0.00
0.00
0.00
0.00
0.00
0.10
0.10
0.00
0.00
0.10
0.20
0.00
0.20
0.10
0.10
0.10
0.10
0.10
0.10
0.10
0.40
0.20
0.20
0.00
2.50
0.40
0.00
0.00
0.00
0.00
2.70
15.60
2.10
0.00
0.00
0.80
2.90
0.60
0.90
4.20
0.00
0.00
0.00
0.00
0.10
0.00
0.00
0.00
0.60
0.00
0.00
0.00
0.00
0.70
0.00
0.00
0.00
0.00
0.00
0.00
0.00
0.00
0.00
0.10
0.00
7.10
5.50
0.00
0.00
0.00
0.00
0.60
1.70
0.10
0.00
0.10
17.30
13.80
0.60
0.50
0.00
0.00
0.00
0.00
0.00
0.00
0.00
0.20
7.20
0.00
2.80
0.40
0.00
0.30
0.00
0.00
5.00
1.40
0.10
0.10
6.60
0.00
0.00
0.40
0.00
2.60
1.90
0.00
0.00
0.00
0.00
0.00
0.00
0.00
0.00
0.00
0.00
0.00
0.00
0.00
0.00
0.20
0.00
0.00
0.00
0.00
0.00
7.40
3.70
12.60
10.50
23.90
11.10
0.00
0.00
0.00
0.00
0.00
0.00
0.00
0.00
1.30
0.00
0.00
0.00
0.00
1.00
3.20
0.00
3.50
0.70
0.00
3.80
0.10
0.00
0.00
0.00
0.00
0.90
0.00
0.10
0.00
0.00
0.00
0.00
0.00
0.00
0.00
0.00
0.00
0.00
10.10
0.30
0.00
0.00
0.00
0.40
0.00
0.00
0.00
5.70
21.30
0.20
0.00
0.10
0.00
0.00
0.00
0.00
0.00
0.00
0.00
0.00
0.00
4.30
0.00
0.00
0.00
0.00
0.00
0.00
0.00
0.00
1.20
0.00
0.00
22.80
0.10
0.00
0.60
1.10
4.90
0.00
2.80
0.00
0.00
0.60
0.00
0.00
0.00
0.00
0.00
0.00
0.00
0.00
0.00
0.00
0.30
0.00
0.00
0.10
9.50
0.10
0.00
0.00
0.00
0.00
0.00
0.00
0.00
12.10
0.00
0.00
0.00
0.00
0.00
0.00
0.00
0.00
0.00
0.00
0.00
0.00
0.00
0.00
0.00
0.00
0.00
0.00
0.00
0.00
0.10
3.00
0.10
0.00
0.00
0.00
0.00
0.00
0.00
0.00
0.00
0.00
0.00
0.00
0.00
0.00
0.00
0.00
0.00
0.00
0.00
0.00
4.00
0.00
0.00
0.00
0.00
1.80
0.70
0.10
0.00
0.00
0.00
0.00
0.00
0.00
0.00
0.00
0.00
0.00
0.00
0.00
0.00
0.00
0.00
0.00
2.70
0.00
0.00
0.00
0.00
0.00
0.00
0.00
0.00
0.00
0.00
0.00
0.00
1.00
0.00
0.00
0.00
0.00
0.00
0.00
0.00
0.00
0.00
0.00
0.00
31.70
20.40
11.40
0.00
0.00
0.00
0.00
0.00
0.00
0.00
0.00
0.10
0.00
0.10
0.00
0.00
0.00
0.00
0.00
0.10
0.20
0.40
0.30
0.30
0.10
0.40
0.20
0.00
0.10
0.10
0.00
0.00
0.10
3.60
0.10
0.10
0.00
0.00
2.50
0.80
0.00
0.00
1.30
0.00
0.00
0.10
1.00
0.20
0.00
2.70
0.00
0.00
0.00
0.10
0.40
0.30
0.00
0.10
3.60
0.00
0.50
0.40
0.20
15.10
0.20
0.00
0.00
0.00
0.00
0.00
0.00
0.00
0.00
4.20
2.60
0.10
0.00
1.50
0.00
0.00
2.50
1.70
0.10
0.00
0.20
4.20
0.40
3.00
0.10
0.00
0.00
1.20
0.30
0.10
0.00
0.00
0.00
0.50
0.00
0.00
0.00
0.10
0.00
0.00
0.80
0.00
0.10
2.10
0.00
0.00
0.00
0.00
0.00
0.00
0.00
0.00
0.00
0.00
0.00
0.00
0.00
0.00
0.00
0.00
0.00
0.20
1.70
0.00
2.40
1.50
0.00
0.00
0.00
0.00
4.80
0.00
0.00
0.80
24.90
0.10
0.00
0.00
0.00
0.00
0.00
0.00
0.10
0.00
0.00
0.00
0.00
0.00
0.00
0.00
0.50
1.90
8.80
0.80
0.00
5.60
0.10
0.60
0.00
0.00
0.00
0.00
0.00
0.00
0.00
0.00
0.00
0.00
0.00
0.00
0.00
0.00
0.00
0.00
0.00
0.00
0.00
0.00
0.00
0.00
0.40
0.00
2.00
0.00
0.10
0.10
0.00
9.30
0.00
9.50
0.00
1.30
0.00
0.00
0.00
0.00
0.70
0.00
0.00
0.00
0.00
0.00
0.00
0.00
0.00
0.00
0.00
0.00
0.40
2.90
0.00
0.00
0.00
0.00
0.00
0.00
6.30
0.10
0.00
0.00
0.00
0.00
0.00
0.10
1.80
1.40
0.00
0.00
0.00
1.70
0.00
0.00
0.00
0.00
0.00
0.00
0.00
0.00
0.00
0.00
0.00
0.60
0.00
0.00
0.00
0.00
0.00
0.30
0.00
0.00
0.10
0.00
0.00
0.00
2.60
5.70
0.10
0.00
0.00
0.00
0.00
0.00
0.00
0.00
0.00
0.00
0.00
0.00
0.00
0.00
0.00
0.90
0.00
0.00
0.00
31.90
0.00
0.00
0.00
0.00
0.00
0.00
0.00
0.00
0.00
0.00
0.00
0.00
1.00
0.00
0.00
37.30
5.30
0.00
0.00
0.00
0.00
0.00
26.20
0.00
9.00
0.00
0.00
1.00
0.00
0.00
17.50
0.20
0.00
0.00
0.00
0.00
19.00
0.20
1.90
0.00
0.20
0.00
0.00
10.40
0.00
0.00
0.10
4.10
0.00
0.20
3.80
0.10
2.50
0.00
0.00
0.00
0.00
0.00
0.00
0.00
0.00
0.00
0.00
0.00
0.00
0.00
0.00
0.00
0.00
0.00
0.00
0.00
3.40
6.30
0.00
0.00
0.00
0.00
3.90
0.10
4.70
0.20
0.00
2.20
0.70
0.10
0.00
0.00
0.00
0.00
0.00
0.00
0.00
0.10
0.00
15.00
8.50
14.50
42.00
6.70
0.00
0.00
1.40
7.60
0.10
0.10
0.00
0.00
0.00
0.00
0.00
0.10
0.10
0.00
1.00
0.00
0.10
0.00
0.10
0.10
0.10
0.20
0.00
0.00
0.00
0.10
0.00
0.00
0.00
0.00
0.00
0.00
0.00
0.00
0.00
0.20
0.10
0.00
0.00
0.00
0.30
0.20
0.40
0.20
0.30
0.20
3.80
0.00
0.00
0.30
0.00
0.10
0.00
0.00
0.00
0.00
0.00
0.00
0.00
0.00
9.60
0.30
0.00
0.30
1.40
11.70
0.00
0.00
0.00
0.00
0.00
0.00
0.00
0.00
0.00
0.50
0.20
0.00
0.00
0.00
0.00
0.00
1.10
0.00
4.40
0.00
0.00
0.00
0.00
0.00
0.10
0.00
0.00
0.00
0.00
0.00
0.00
0.00
0.00
0.00
0.00
0.00
0.00
0.00
0.00
0.00
0.00
0.00
0.00
9.60
4.20
6.70
2.50
3.40
3.10
0.00
0.00
0.00
0.00
0.00
0.00
0.00
0.00
0.00
0.00
0.00
0.00
0.00
0.00
0.00
0.00
0.00
0.00
0.00
0.00
0.00
0.00
0.00
2.90
0.00
0.00
0.00
2.10
0.00
0.20
0.00
2.30
0.00
0.00
1.10
0.00
0.00
0.00
0.00
0.00
0.00
0.00
0.00
0.00
0.00
0.00
0.00
0.00
0.00
0.00
0.00
0.00
0.00
0.00
2.00
0.00
0.00
0.00
0.00
0.00
0.00
0.00
0.00
0.00
0.00
0.00
0.00
0.00
0.00
0.00
0.00
0.00
0.00
0.00
0.00
0.50
1.50
5.60
0.20
2.50
0.10
16.50
0.10
0.00
0.00
0.00
0.00
0.00
0.00
13.80
0.10
0.00
0.00
0.00
0.00
0.00
0.00
0.00
0.00
0.00
0.00
0.00
0.00
0.00
0.00
0.00
0.00
0.00
0.00
0.00
0.00
0.00
0.00
0.00
5.70
0.00
0.00
2.10
0.20
0.00
0.00
0.00
0.00
0.00
0.00
0.00
0.00
21.80
0.10
0.00
2.70
0.00
0.00
0.00
0.00
5.60
0.00
0.00
0.00
0.00
0.00
0.00
0.00
0.00
0.20
5.40
0.00
0.00
0.00
0.30
0.20
0.00
0.00
0.00
0.00
0.00
0.00
0.00
4.50
0.20
0.30
0.80
2.20
0.00
0.00
0.00
0.00
0.00
3.20
0.00
0.00
0.00
0.00
0.00
0.00
0.10
0.00
0.00
0.00
0.00
0.00
0.00
0.00
0.00
2.30
3.80
0.00
0.00
0.00
3.10
0.00
0.00
0.00
0.00
0.50
0.00
0.00
0.00
0.00
0.00
4.70
0.10
0.00
0.00
0.00
0.20
0.50
0.00
0.00
0.00
0.00
0.00
0.00
0.00
0.00
0.20
0.00
0.00
0.00
0.00
0.00
62.90
0.10
0.40
0.10
0.00
0.00
0.10
0.20
0.00
0.00
0.00
0.00
0.00
0.10
0.10
0.00
0.00
0.20
0.10
0.00
0.00
0.00
0.10
0.10
0.00
0.00
0.00
0.00
0.00
0.10
0.20
0.20
0.10
0.00
0.00
0.00
0.00
0.10
0.10
0.30
0.20
0.10
0.00
0.00
0.10
0.00
0.10
0.10
0.10
0.00
0.30
0.20
0.20
0.10
0.20
0.20
0.00
1.30
0.30
0.10
0.10
0.00
2.50
10.90
0.10
0.00
0.00
0.00
0.10
0.00
0.00
0.00
0.00
0.30
0.00
0.00
0.00
0.40
0.00
0.00
0.00
0.00
0.00
0.00
0.00
0.00
0.00
0.00
0.00
0.00
0.00
0.10
0.10
0.00
0.00
0.00
0.10
1.90
0.00
0.00
4.40
1.60
7.00
12.20
0.30
0.00
0.00
0.00
0.00
0.00
0.00
0.00
1.90
0.00
0.00
0.00
3.70
39.10
0.00
0.00
0.00
0.00
0.00
2.40
0.00
0.00
0.20
0.00
1.20
0.00
0.00
0.00
0.00
12.80
5.10
0.10
0.00
0.00
5.70
0.50
0.70
0.20
0.00
0.00
0.00
0.00
0.00
0.00
0.00
0.00
0.00
0.00
0.00
0.70
14.80
20.20
0.00
0.00
0.00
0.00
2.50
0.00
1.10
0.10
0.00
0.00
1.50
0.10
0.00
0.00
2.90
0.70
0.10
0.70
0.00
0.00
0.00
9.80
3.80
0.00
4.30
0.00
0.00
0.00
0.00
0.00
0.00
0.00
4.00
26.70
3.80
3.60
0.00
0.00
0.00
0.00
0.00
0.00
0.00
0.00
0.00
0.00
1.10
0.00
0.00
0.00
0.00
0.00
1.50
0.00
0.00
0.00
0.00
0.00
0.00
0.60
0.00
0.50
0.00
0.00
0.00
0.00
0.00
0.00
0.00
0.00
0.00
0.00
1.60
2.50
0.00
0.00
0.00
0.00
0.00
0.00
0.00
0.00
0.00
0.00
2.30
0.00
0.00
0.00
0.00
0.00
0.00
0.00
0.00
0.00
0.00
0.00
1.40
0.00
0.00
0.00
0.00
0.00
0.00
0.00
0.00
0.20
0.00
0.00
0.00
0.00
0.00
0.00
0.00
0.00
0.00
0.00
0.00
0.00
0.00
0.00
0.00
0.00
0.00
0.00
0.00
0.00
0.00
0.00
0.00
0.00
0.00
0.10
2.90
0.10
0.00
0.00
0.00
0.00
0.00
0.00
0.00
0.00
0.00
0.00
0.00
0.00
0.00
0.00
0.00
0.00
0.00
0.00
0.00
0.00
0.00
0.00
1.90
0.00
0.00
0.00
2.90
0.20
0.00
0.00
0.00
0.00
0.00
0.00
0.00
0.00
0.00
0.00
0.00
0.00
0.00
0.00
0.00
0.00
0.00
0.00
0.00
0.00
0.00
0.90
0.00
0.00
0.00
0.00
0.00
0.50
17.60
4.00
0.00
0.00
0.10
0.00
0.00
0.00
0.00
0.70
0.00
5.30
0.00
0.00
0.10
0.10
0.20
0.40
0.10
0.00
0.20
0.10
6.60
4.80
0.00
0.00
0.00
0.40
0.00
0.00
0.00
0.00
0.00
0.00
0.00
0.00
0.00
0.00
0.30
8.10
20.80
20.70
0.10
0.10
7.60
1.80
0.20
0.20
0.00
0.00
0.20
0.10
0.10
0.00
0.00
0.30
0.40
0.30
0.30
0.30
0.20
0.10
0.20
0.20
2.60
0.00
0.10
0.20
0.00
0.10
0.10
0.20
0.20
0.10
0.20
0.10
0.10
0.10
0.20
0.20
0.30
0.10
0.00
0.20
0.00
0.30
0.10
0.20
0.60
0.20
0.00
0.00
0.00
0.00
0.00
0.00
0.00
0.00
0.00
0.00
0.00
0.10
0.00
0.00
0.00
0.00
10.20
1.60
0.00
0.00
0.00
0.20
3.40
3.50
0.50
0.70
0.00
0.00
0.00
0.00
0.00
0.10
0.00
15.40
0.20
0.00
0.00
0.20
0.30
0.20
0.10
0.20
0.10
0.00
0.10
0.00
0.00
0.00
0.00
0.00
0.00
13.70
10.70
0.00
0.00
0.00
0.00
0.00
0.00
0.00
0.50
1.90
0.00
0.00
0.00
0.00
0.00
0.00
0.00
0.00
0.10
0.70
28.70
32.00
0.00
6.30
0.00
0.00
0.00
8.50
0.20
0.00
0.00
0.00
5.30
0.00
0.00
0.00
0.00
0.00
0.00
0.00
0.00
0.00
0.00
0.00
0.00
0.00
0.00
0.00
0.00
0.00
0.00
0.00
4.00
0.80
6.30
0.00
0.00
1.30
0.00
0.00
0.00
0.00
0.00
0.50
0.00
0.00
0.00
3.40
18.30
0.80
0.00
0.00
0.00
0.00
0.00
4.80
0.00
0.00
0.00
0.00
0.00
0.00
0.00
0.00
0.00
0.00
0.00
0.00
0.00
0.00
3.80
7.40
19.30
0.20
0.00
0.00
0.00
0.50
0.00
0.00
0.00
0.00
0.00
0.00
0.00
0.00
0.00
0.00
0.00
0.00
0.00
0.00
0.00
1.20
3.30
15.00
0.00
0.00
0.00
0.00
0.00
0.00
0.00
0.10
2.60
0.00
3.30
0.10
0.00
0.00
0.00
0.00
0.00
0.00
0.00
0.00
0.00
0.60
0.00
4.70
0.00
0.00
0.00
0.00
0.00
0.00
0.00
0.00
0.00
0.00
0.00
0.00
0.00
0.00
0.00
0.00
0.00
0.00
9.40
0.00
0.00
0.00
0.00
0.00
0.00
0.00
0.00
0.00
0.00
0.00
0.00
0.00
0.90
1.40
0.00
0.20
1.80
0.10
0.40
1.80
0.00
0.30
0.00
0.10
0.00
0.00
0.00
0.00
0.00
0.30
0.00
0.00
0.00
0.00
1.70
9.70
0.10
0.00
0.00
0.00
0.00
0.00
4.60
0.00
0.00
0.00
0.00
0.00
0.00
0.00
0.70
0.00
0.00
0.00
0.00
0.00
0.00
0.00
0.00
0.00
0.00
0.00
0.00
0.00
0.00
0.00
0.00
0.00
29.30
3.70
0.00
0.10
0.00
0.00
0.00
0.00
0.00
0.00
0.00
0.00
0.00
0.00
0.00
0.00
0.00
1.30
0.00
0.00
0.00
0.00
0.00
0.00
0.00
0.00
0.00
0.00
0.00
0.00
0.00
0.00
0.00
0.00
0.10
0.00
0.00
0.00
0.00
0.00
0.00
0.00
0.00
0.00
0.10
0.00
0.00
0.00
0.00
0.00
0.00
0.00
0.40
1.60
0.50
0.00
0.10
0.30
0.30
0.00
0.00
0.00
0.00
0.10
0.10
0.10
0.20
0.40
0.30
1.40
4.30
2.10
0.50
0.10
0.00
0.00
0.00
0.00
0.00
0.00
5.50
5.10
0.00
0.20
0.00
0.00
0.10
1.20
0.50
0.10
0.00
0.00
0.00
0.00
0.00
0.00
0.00
0.00
0.00
4.40
3.60
0.00
0.00
0.10
0.10
0.40
0.20
0.00
0.00
12.00
4.40
1.90
0.00
0.00
0.00
0.00
0.00
0.00
0.10
0.00
0.00
0.50
0.20
0.00
0.00
0.00
0.00
0.00
0.00
0.00
0.00
0.00
0.00
8.00
2.60
1.60
0.00
0.10
3.00
0.00
0.00
0.00
1.40
10.30
0.10
0.00
0.20
0.80
1.80
0.00
3.80
0.00
1.90
0.00
0.00
0.00
0.20
15.90
0.00
0.00
0.00
0.00
0.00
0.00
0.20
0.00
0.00
0.00
0.00
0.00
0.80
2.90
6.80
5.90
10.10
17.40
0.10
10.90
0.10
0.00
13.60
0.00
0.00
0.00
0.00
0.00
0.00
0.10
0.00
0.00
0.00
0.10
5.60
17.00
0.00
0.20
0.00
0.00
0.00
0.00
1.00
0.40
0.20
0.00
0.00
0.00
9.50
0.00
0.00
0.00
0.00
0.00
0.00
11.90
0.20
0.60
0.00
0.00
0.00
1.00
0.00
0.10
23.10
0.00
0.10
0.00
0.00
11.70
0.70
0.40
0.00
1.80
0.00
0.00
0.00
1.30
0.00
0.60
0.00
0.00
0.00
0.00
0.00
0.00
0.00
0.00
0.00
0.00
0.00
0.00
0.00
0.00
0.00
0.00
0.00
0.00
0.00
0.00
0.00
0.00
0.00
0.00
1.60
0.00
0.00
0.00
0.40
0.80
0.00
0.00
0.00
0.20
0.00
2.00
0.00
20.30
0.00
0.80
0.00
0.00
0.00
1.70
0.00
0.00
0.00
0.00
0.00
0.00
0.00
0.00
0.00
0.00
0.00
0.00
1.20
0.20
0.00
0.00
11.30
0.00
0.00
0.00
1.20
7.10
0.00
0.00
0.00
0.00
0.00
0.00
0.00
0.00
0.00
0.00
2.00
0.00
0.00
0.00
0.00
0.00
1.30
0.00
5.20
0.00
0.00
0.00
0.10
0.00
0.00
0.30
0.00
0.00
0.00
0.00
0.00
0.00
0.00
0.00
0.00
0.00
0.00
0.00
0.00
0.00
0.00
0.00
0.00
0.00
0.00
0.00
0.00
0.00
0.00
0.20
0.00
0.00
17.10
5.10
0.00
0.00
0.00
38.30
1.70
0.10
0.10
0.10
12.10
0.20
0.20
0.00
0.00
0.00
0.00
1.50
10.10
1.80
0.00
1.60
18.60
0.00
0.20
0.00
0.00
23.10
0.00
0.00
5.50
5.50
0.20
0.00
0.00
0.00
0.00
1.60
0.00
0.10
7.10
0.00
3.00
0.20
0.00
1.50
0.20
2.90
3.00
0.00
0.00
0.00
1.30
0.00
0.00
0.00
0.10
0.40
0.00
0.00
0.00
0.00
0.00
0.10
0.10
9.80
0.10
0.00
1.70
0.00
0.00
0.80
0.00
0.00
0.00
0.30
0.30
0.20
0.20
0.20
0.10
0.00
0.00
0.00
0.00
0.00
0.00
0.00
0.00
0.00
0.00
0.00
0.00
0.00
0.00
0.00
0.00
0.00
0.00
0.10
0.20
0.00
0.20
1.00
0.00
0.10
0.30
0.00
0.00
0.00
0.00
0.00
1.20
0.40
2.20
7.60
0.00
0.00
0.00
0.00
0.00
0.10
0.00
0.00
0.00
0.00
0.00
0.00
0.00
0.00
0.00
0.00
0.00
0.00
0.00
0.00
0.00
0.00
0.00
0.00
0.00
0.00
0.00
0.00
0.00
0.00
0.00
0.00
0.00
0.00
0.00
0.00
0.00
0.00
0.00
0.00
0.00
0.00
0.00
0.00
0.00
0.00
0.00
0.00
0.00
0.00
0.00
0.00
0.00
0.00
0.00
0.00
0.00
0.00
0.30
0.10
0.00
0.00
10.00
6.00
0.00
0.80
1.60
0.00
0.00
0.00
0.00
0.00
1.10
0.00
0.00
0.00
0.00
4.40
2.20
2.20
2.40
0.40
0.50
0.00
0.00
0.00
0.00
0.00
0.00
0.00
3.70
0.00
0.00
0.00
0.00
0.10
0.00
0.70
0.00
0.00
0.00
0.00
0.00
8.40
2.90
0.00
0.00
0.00
0.00
0.00
2.50
33.20
1.20
0.00
0.00
0.00
0.00
0.00
0.00
0.00
0.00
0.00
0.00
0.00
0.00
0.00
0.00
0.00
0.10
8.30
0.00
0.00
0.10
0.00
0.00
0.00
0.00
0.00
0.70
0.40
0.00
0.00
0.00
0.00
0.00
0.00
0.00
0.00
0.00
0.00
0.00
0.00
0.00
0.00
0.00
0.00
1.70
37.60
0.00
0.00
0.00
0.00
0.10
0.00
0.00
0.60
0.00
0.00
0.00
0.00
0.00
0.00
0.00
0.00
1.00
0.90
0.00
0.00
0.00
0.00
0.00
0.00
0.00
0.00
0.00
0.00
0.00
0.00
0.00
0.00
0.00
0.00
0.00
0.00
0.00
0.00
0.00
0.00
0.00
20.30
0.00
0.00
0.00
0.00
0.00
0.00
1.60
0.00
0.00
0.00
0.00
0.10
0.00
0.00
0.00
0.00
0.00
0.00
0.00
0.00
0.60
0.10
0.00
1.80
0.20
0.00
0.00
0.00
0.00
0.00
0.00
4.40
0.10
0.00
0.00
0.00
0.00
0.00
0.00
0.00
0.00
0.00
0.00
0.00
0.00
0.00
0.00
0.00
0.00
0.00
0.00
0.00
0.00
0.00
19.70
0.00
0.00
0.00
0.20
0.00
5.80
0.00
57.40
4.80
0.10
0.00
0.00
0.00
0.00
0.20
0.20
0.00
0.50
2.80
0.40
1.30
0.00
0.00
0.10
0.00
0.00
0.00
0.00
0.00
3.20
3.20
0.00
0.00
0.00
0.00
0.00
0.00
0.00
5.40
0.40
0.00
0.40
0.20
0.00
0.00
0.00
0.00
0.40
0.00
0.00
10.70
9.60
0.00
0.40
0.30
0.00
0.00
0.30
3.10
0.60
0.00
0.00
0.00
0.00
0.00
1.30
11.20
7.20
0.30
0.00
0.00
0.30
0.30
0.00
0.00
0.10
0.20
0.00
0.00
0.10
0.00
0.00
0.10
0.20
0.10
0.10
0.20
0.10
0.10
0.00
0.10
0.00
0.00
0.10
0.10
0.90
8.80
2.40
32.50
37.20
15.00
0.00
0.60
1.50
0.00
0.00
0.00
0.00
0.00
0.00
0.00
0.10
0.10
0.00
0.00
0.00
0.00
0.00
0.00
0.00
0.10
1.50
0.00
0.00
0.40
0.20
0.00
0.00
0.00
0.00
0.00
0.00
0.00
0.00
0.00
0.00
0.00
0.00
0.20
4.90
1.80
0.00
0.00
0.10
0.00
0.00
0.00
0.00
0.00
0.00
0.00
0.00
3.70
12.10
1.20
0.00
0.00
0.00
0.00
0.00
2.80
2.20
3.30
0.00
0.00
0.00
0.00
0.00
11.60
12.90
0.40
0.00
0.00
0.00
0.00
0.80
0.00
0.00
0.00
0.30
0.00
3.10
0.00
0.80
0.00
0.00
0.00
0.70
7.60
26.90
5.70
0.20
0.00
0.00
0.00
12.70
0.10
0.00
0.00
0.00
0.00
0.00
0.00
0.00
0.00
0.00
0.00
0.20
23.60
0.00
2.70
11.90
12.00
1.00
17.60
0.00
0.00
0.00
0.00
0.00
0.00
0.00
0.00
5.30
0.00
0.00
0.00
0.10
0.00
6.60
0.00
0.00
12.10
3.50
0.00
7.90
0.50
0.00
0.00
0.00
0.50
1.10
0.00
0.00
1.60
11.70
0.10
6.20
0.00
0.00
0.00
0.00
0.00
0.00
1.10
0.00
0.00
0.00
0.00
2.40
0.00
0.50
0.00
0.00
0.00
0.00
0.00
0.00
0.00
0.00
0.00
0.10
0.00
0.00
0.00
0.00
0.00
0.00
0.00
0.00
0.00
0.00
0.00
1.10
0.00
0.00
0.00
0.00
0.00
0.00
0.00
0.00
0.00
0.10
0.00
0.00
0.00
0.00
0.00
0.00
0.50
0.00
1.40
0.00
0.00
0.00
0.00
0.00
0.30
0.00
0.00
0.00
0.00
0.00
0.00
0.00
0.00
0.00
15.50
0.00
0.00
0.00
0.00
0.00
0.00
0.00
0.00
0.00
0.00
0.30
1.80
0.00
0.00
0.00
0.00
0.00
0.00
0.00
0.00
2.10
1.60
0.00
0.00
0.00
0.00
0.00
0.00
0.00
0.00
0.00
0.00
0.00
0.00
13.20
0.00
0.20
0.00
0.00
0.00
0.00
0.00
0.00
0.00
0.00
0.00
0.60
0.00
0.00
0.00
0.00
0.00
0.20
0.00
2.00
0.00
0.00
3.50
0.00
0.00
0.00
0.00
0.00
0.10
0.00
0.00
9.40
20.70
6.50
5.50
25.60
0.20
0.30
0.10
0.30
0.20
0.20
0.50
0.10
0.00
0.00
0.00
0.00
0.00
0.00
0.00
0.00
0.00
0.00
0.60
0.40
3.20
0.10
0.20
0.40
0.10
0.00
0.40
0.10
0.00
9.10
0.00
0.00
2.40
11.20
0.00
0.00
0.10
0.50
0.00
0.10
0.30
4.00
2.10
0.20
0.40
0.30
0.10
0.00
0.00
0.00
1.20
0.00
0.00
0.00
0.00
0.00
0.00
0.00
0.00
0.00
0.00
0.20
30.00
4.60
0.00
0.00
0.00
0.00
0.00
0.00
0.00
0.00
0.00
0.50
0.20
5.80
4.20
0.20
4.10
0.00
0.00
0.00
0.00
0.70
0.00
0.00
0.00
0.00
0.00
0.00
0.00
0.00
4.90
3.10
4.80
0.00
5.40
0.00
0.00
0.00
0.00
0.00
0.10
0.00
0.00
0.00
3.00
0.00
0.00
0.00
0.00
0.20
0.00
0.00
0.00
0.00
0.00
0.00
0.50
0.00
8.80
0.00
0.00
0.00
0.00
0.00
0.00
