20000101
0.00
0.00
0.00
0.00
0.00
0.00
0.20
0.00
0.00
0.00
0.00
0.00
0.00
0.60
4.40
0.00
0.20
0.00
0.20
0.20
0.00
0.00
0.00
0.00
0.00
0.00
0.00
0.00
0.20
0.00
0.00
0.00
0.00
0.00
0.00
0.00
0.00
0.00
0.00
0.00
0.00
0.00
0.00
0.00
0.00
0.00
0.00
0.00
0.00
0.00
0.00
0.00
0.00
0.00
0.00
0.00
0.00
0.00
0.00
0.00
0.00
0.00
0.00
0.00
0.00
0.00
0.00
0.00
0.00
0.00
0.00
0.00
0.00
0.00
0.00
0.00
0.00
0.00
0.00
4.20
0.00
0.00
7.60
0.20
0.00
0.00
0.00
0.40
0.00
10.80
7.60
0.00
0.00
9.20
0.00
0.00
0.00
0.00
0.40
5.60
12.80
3.60
0.00
0.00
5.20
0.00
6.40
0.20
0.00
0.00
0.00
0.00
4.50
0.10
0.00
0.00
0.00
30.60
0.40
0.00
0.00
0.00
0.00
0.00
0.00
0.00
0.00
0.00
0.00
0.00
31.00
0.20
0.00
0.00
0.00
0.00
0.00
0.00
0.00
0.00
0.00
2.60
0.40
0.00
11.80
1.40
8.60
0.80
0.00
0.00
0.00
0.00
0.00
0.00
0.00
0.60
13.00
0.00
0.00
0.00
3.40
37.20
0.20
0.00
2.60
0.00
0.00
0.00
0.00
0.00
0.00
0.00
0.00
0.00
0.00
0.00
0.00
0.80
0.00
0.00
0.00
0.00
0.00
0.00
0.00
0.00
0.00
0.00
0.00
-99.00
-99.00
-99.00
-99.00
-99.00
-99.00
-99.00
-99.00
-99.00
-99.00
-99.00
-99.00
0.00
0.00
0.00
0.60
0.00
0.00
0.00
0.00
0.00
0.00
0.00
0.00
0.00
0.00
0.00
0.00
0.00
0.00
0.00
0.00
0.00
0.00
0.00
0.00
0.00
0.00
0.00
0.00
0.00
0.00
0.00
0.00
0.00
0.80
0.00
0.00
0.00
0.00
0.00
0.00
0.00
1.80
0.00
0.00
0.00
0.00
0.00
0.00
0.00
0.00
0.00
0.00
0.00
0.00
0.00
0.00
0.00
0.00
0.00
0.80
0.00
0.00
0.60
0.00
0.00
0.00
0.00
0.00
0.00
0.20
3.20
0.00
0.00
0.00
0.00
0.00
0.00
0.00
0.00
0.00
0.00
0.00
0.00
7.40
2.20
2.20
0.00
0.00
0.80
0.00
0.00
0.00
0.00
123.20
-99.00
0.20
0.00
7.20
0.20
0.00
0.00
0.00
0.00
7.20
0.00
8.40
0.80
0.00
0.00
4.60
0.00
0.00
0.00
0.00
0.00
0.00
5.60
0.20
0.00
0.00
0.00
0.00
0.00
0.00
-99.00
-99.00
-99.00
-99.00
-99.00
-99.00
-99.00
0.00
22.40
1.80
0.00
0.00
0.00
0.00
0.00
5.20
2.80
0.00
0.00
0.00
0.00
0.00
0.00
0.00
0.00
0.00
0.00
0.00
0.00
0.00
0.60
27.60
18.60
16.00
0.40
1.80
13.80
5.00
2.80
10.00
0.00
0.00
1.00
0.20
0.40
0.40
0.00
0.00
0.00
0.00
0.00
3.20
0.20
0.00
0.00
3.20
-99.00
-99.00
0.60
0.00
0.00
0.00
0.00
0.00
0.60
0.00
4.40
0.40
2.20
0.00
0.00
0.00
0.00
0.00
0.00
0.00
0.00
0.00
0.00
0.00
0.00
0.00
0.00
0.00
0.00
5.60
0.60
0.00
0.00
0.00
0.00
0.00
0.00
0.00
0.00
0.00
0.00
0.00
0.40
0.00
0.20
4.80
0.20
0.00
2.00
0.00
17.20
0.20
0.00
3.60
0.00
2.00
0.00
0.00
0.00
0.00
0.20
0.00
0.00
0.00
0.00
0.00
0.00
0.00
0.00
0.00
0.00
0.00
0.60
0.00
0.00
0.00
0.00
0.00
0.00
0.00
0.00
0.00
0.00
0.00
0.00
0.00
0.00
0.00
0.00
0.00
0.00
0.00
0.20
0.00
0.00
0.00
0.00
0.00
0.00
0.00
0.00
0.00
0.00
0.60
44.80
17.00
0.00
3.00
0.00
0.00
0.00
0.00
0.00
6.20
31.00
0.00
0.00
0.00
0.00
0.00
0.00
2.20
0.20
0.00
2.80
0.00
8.80
0.00
0.40
0.00
0.00
0.00
0.00
0.00
0.00
0.00
0.00
0.00
0.00
0.00
0.00
0.00
0.00
0.00
0.00
2.20
0.00
0.00
0.00
0.00
0.80
0.00
0.00
0.00
0.00
0.00
0.00
0.00
0.00
0.00
0.00
0.00
0.00
0.00
0.00
0.00
0.00
0.00
0.00
0.00
0.00
0.00
0.00
0.00
11.00
0.00
0.00
0.00
0.00
0.00
0.00
7.60
0.00
0.00
17.80
0.00
0.00
0.00
0.00
0.00
0.00
0.00
0.00
0.20
0.00
0.00
0.00
0.40
0.00
0.00
0.00
0.00
0.00
0.00
0.00
0.00
0.00
0.00
0.00
0.00
0.00
0.40
0.20
0.00
0.40
0.00
0.00
0.00
0.00
0.00
0.00
0.00
0.00
0.00
0.00
0.00
0.00
0.00
0.00
0.00
0.00
0.00
0.00
0.00
0.00
0.00
0.00
0.00
0.00
0.00
0.00
0.00
0.00
0.00
0.00
0.00
0.00
2.60
0.00
16.00
4.20
0.60
0.00
0.00
0.00
2.20
0.00
0.00
0.00
0.00
1.60
0.00
0.00
0.00
0.00
0.00
2.00
1.00
0.00
0.00
2.00
0.00
0.00
0.00
0.00
5.80
0.00
12.60
0.00
0.00
0.00
0.00
0.00
0.00
0.00
0.00
0.00
0.00
0.00
0.00
1.00
0.00
0.00
0.00
0.00
0.00
0.00
0.00
0.00
1.80
0.00
0.00
6.40
19.60
40.20
40.00
0.00
0.00
0.00
0.00
0.00
0.00
0.00
0.00
0.00
0.00
0.20
0.00
0.20
0.00
0.00
0.00
0.00
0.00
0.00
0.00
0.00
0.00
0.00
0.00
0.00
0.00
2.80
13.00
0.00
0.00
0.00
0.00
0.00
0.00
0.00
1.20
0.00
0.00
0.00
0.00
0.00
0.00
0.00
2.20
1.40
3.00
3.40
4.40
0.00
0.00
0.00
0.20
0.00
0.00
0.00
0.00
1.00
0.20
0.20
0.00
0.00
0.00
0.00
0.00
0.00
2.40
2.60
0.20
0.00
0.00
0.00
0.00
0.00
0.00
0.00
0.00
0.00
0.00
0.00
7.60
0.20
0.00
0.00
0.00
0.00
0.00
0.00
0.00
0.00
0.00
0.00
0.00
0.00
0.00
0.00
0.00
0.00
0.00
0.00
0.00
0.00
0.00
0.00
0.00
0.60
0.00
7.70
21.50
0.00
0.00
0.00
0.00
0.00
0.00
0.00
11.20
0.20
0.00
0.00
4.40
0.00
0.00
0.00
0.00
0.00
0.00
0.00
0.00
0.00
0.00
0.40
3.20
0.20
0.00
0.00
15.20
18.20
3.80
0.00
13.40
5.00
10.20
0.00
14.20
6.40
1.00
0.00
0.00
0.00
0.00
0.00
0.00
0.20
0.00
0.00
0.00
0.00
0.00
0.00
0.00
0.00
0.00
0.00
0.20
0.00
0.00
0.00
0.00
0.00
0.60
5.40
4.40
0.40
0.20
0.00
0.00
0.00
0.00
0.00
0.00
0.20
0.00
0.00
0.00
0.00
1.80
0.00
0.00
0.00
0.80
0.00
0.00
0.00
0.00
0.00
0.00
0.00
0.00
18.20
5.40
0.00
2.60
14.60
0.00
0.00
0.00
0.00
0.00
0.00
0.00
0.00
0.00
0.00
0.00
0.00
0.00
-99.00
-99.00
-99.00
0.00
0.00
0.00
0.00
0.00
0.00
0.20
0.00
0.00
0.00
0.00
0.00
0.00
0.00
0.00
0.00
0.00
0.00
0.00
0.00
0.00
0.00
0.00
0.00
0.00
0.00
0.00
0.00
0.00
0.00
0.00
0.00
0.00
0.00
0.80
1.60
0.00
0.00
0.00
0.00
0.00
0.00
0.00
0.00
5.60
2.40
0.00
0.00
0.00
0.00
0.00
2.60
0.00
0.00
0.00
0.00
0.00
0.00
2.80
15.40
12.40
0.00
0.00
0.00
0.00
0.00
0.00
0.40
0.00
3.20
1.00
0.20
0.00
0.00
0.20
-99.00
-99.00
0.00
0.00
0.00
0.00
0.00
0.00
0.00
1.20
16.80
0.20
11.80
1.20
0.00
0.00
0.00
0.00
0.00
0.00
0.00
0.00
0.00
0.00
9.80
0.00
0.00
0.00
0.00
0.00
0.00
35.40
8.80
0.00
0.00
0.00
0.00
0.00
0.00
0.00
0.00
0.00
0.60
5.00
0.00
0.00
0.00
0.00
0.00
0.00
0.00
0.00
0.20
0.00
0.00
0.00
0.00
0.00
0.00
1.20
0.60
0.00
0.00
0.00
0.00
0.00
0.40
0.40
0.20
0.00
0.00
0.00
0.40
19.60
0.20
0.00
0.00
2.00
0.00
0.00
0.00
0.40
0.00
0.00
3.40
0.00
0.00
0.00
0.00
0.00
0.00
0.00
1.60
4.80
0.00
0.00
0.00
3.60
0.20
0.00
0.40
0.20
0.80
0.00
0.00
0.00
0.20
0.00
0.00
0.00
1.40
0.60
0.00
2.20
0.00
0.00
0.20
1.20
0.00
8.80
3.60
0.20
1.40
1.40
0.00
0.00
0.00
0.00
0.00
0.00
0.00
0.00
0.00
1.00
3.80
0.20
0.20
0.20
0.00
0.00
0.00
0.00
0.00
0.00
0.00
0.00
0.00
0.00
0.00
0.60
0.00
0.00
0.00
0.00
0.00
0.00
0.00
0.00
0.20
0.00
0.00
0.00
0.00
0.00
14.60
32.60
20.00
1.80
0.00
0.60
4.40
29.40
0.20
0.00
0.00
0.00
0.00
0.00
2.00
1.80
0.00
0.00
0.00
0.00
0.00
0.00
0.00
0.00
0.00
0.00
0.00
0.00
0.00
0.00
0.00
0.80
0.00
0.00
0.00
0.00
0.00
25.80
0.60
0.20
10.40
0.20
0.00
0.00
0.00
0.00
0.00
0.00
0.00
6.40
0.00
0.20
0.00
0.00
1.60
2.00
0.00
0.00
0.00
5.40
2.20
0.00
0.00
0.00
0.00
0.00
0.00
0.00
0.00
0.00
0.00
0.00
0.00
0.00
0.00
3.10
62.30
22.20
3.20
0.00
0.00
0.00
0.00
0.00
0.00
0.00
1.60
1.20
0.00
0.60
0.00
0.00
0.00
0.00
6.00
2.80
0.00
0.00
0.00
0.00
0.00
0.00
0.00
0.00
0.00
0.00
1.60
0.00
0.00
3.20
0.00
0.00
0.00
0.00
0.00
0.00
0.00
0.00
0.00
0.00
0.00
0.00
0.00
0.00
0.00
0.00
0.00
0.00
0.00
0.00
0.00
0.00
0.00
0.00
0.00
0.00
0.00
0.00
0.00
0.00
0.00
0.00
0.00
0.00
0.00
0.00
0.00
0.00
0.00
0.00
0.00
4.80
0.00
0.00
2.40
0.00
0.00
0.00
0.00
0.00
0.00
0.00
0.00
0.00
0.00
0.00
0.00
0.00
-99.00
0.00
0.00
0.00
0.00
0.00
0.00
0.00
0.00
0.00
0.00
16.00
0.00
0.00
0.00
2.40
0.00
0.00
0.00
0.00
0.00
0.00
0.00
0.00
0.00
16.60
0.00
0.00
14.80
10.80
0.00
0.00
6.60
5.60
0.00
0.00
0.00
0.00
0.00
0.00
0.00
0.00
0.00
0.00
0.00
0.00
2.40
1.20
0.00
0.00
0.00
0.00
0.40
0.60
0.20
21.00
15.20
0.00
0.00
0.00
0.00
0.00
0.00
0.00
0.00
0.00
0.00
0.20
0.60
4.60
1.00
1.20
25.80
9.80
5.40
0.20
0.00
0.00
0.00
0.00
0.00
11.20
0.20
2.80
0.00
0.00
5.60
0.00
0.00
0.00
0.00
0.00
0.00
0.00
0.00
1.60
20.80
0.20
0.00
0.00
0.00
11.80
31.80
7.00
0.00
0.00
0.00
0.00
2.00
1.00
0.20
0.00
1.20
1.00
0.00
0.00
0.00
6.00
0.20
0.00
26.80
1.80
1.60
1.20
0.00
0.00
0.00
0.00
0.00
0.00
0.00
0.00
0.00
0.00
1.60
0.20
0.00
0.00
0.00
0.00
0.00
0.00
0.00
0.00
0.80
0.00
0.00
0.00
0.20
0.00
0.00
0.00
0.00
0.00
0.00
0.00
0.00
0.00
0.00
0.00
0.00
0.00
0.00
0.00
0.00
0.00
0.00
0.00
0.00
0.00
0.00
0.20
0.40
0.40
0.80
0.00
0.00
0.40
0.00
0.00
0.00
0.00
0.00
0.00
0.00
0.00
0.00
0.00
0.00
0.00
0.00
0.00
0.00
0.00
0.00
0.00
0.00
0.00
12.20
0.80
0.00
0.00
2.00
16.00
29.40
2.40
0.00
0.00
0.00
0.00
0.00
0.00
0.00
0.00
0.00
0.00
0.00
0.00
0.00
0.10
0.90
0.00
0.00
0.00
0.00
0.00
0.00
0.00
0.00
0.00
0.00
0.00
0.00
0.00
10.00
9.00
27.40
3.00
0.00
0.20
0.40
0.00
0.00
0.00
0.00
0.00
25.80
0.60
0.20
0.00
0.40
0.00
0.00
0.00
16.80
0.00
0.00
0.00
0.00
0.00
41.60
0.00
0.00
0.00
0.00
0.40
5.00
4.60
0.00
0.00
1.40
31.00
3.00
1.60
0.20
0.20
0.00
0.00
6.40
6.60
2.00
0.20
0.00
0.00
0.00
0.00
0.00
0.00
0.00
0.00
0.00
0.00
0.00
0.00
0.60
0.80
0.00
0.00
11.20
0.00
0.00
0.00
0.00
0.00
0.00
0.00
0.00
0.00
0.00
0.00
0.00
1.00
0.20
0.00
0.20
0.00
0.00
0.00
0.20
0.00
0.20
0.00
0.00
0.00
0.00
0.00
0.00
0.00
0.00
0.00
0.00
0.00
0.00
0.00
5.60
4.40
3.20
0.00
0.00
0.00
0.00
0.00
0.00
0.00
0.00
0.00
0.20
0.00
0.00
0.00
0.00
0.00
0.00
0.20
0.00
0.00
0.00
0.00
0.00
0.00
0.00
0.00
0.00
0.00
0.00
0.00
0.00
0.00
0.00
0.00
0.00
0.00
0.00
0.00
0.00
0.00
0.00
0.80
0.00
0.00
0.00
0.00
0.00
0.60
0.00
0.00
0.00
0.00
0.00
0.00
0.00
0.00
0.00
0.00
4.40
0.00
0.00
0.00
0.00
0.00
0.00
0.40
0.80
0.00
0.00
0.00
0.00
0.00
0.00
0.00
0.00
0.00
0.00
0.00
0.00
0.00
0.00
0.00
0.00
0.00
0.00
0.00
0.00
0.00
0.00
0.00
0.00
0.00
0.00
0.00
0.00
0.00
0.00
0.00
0.00
0.00
0.00
0.00
0.00
0.20
0.00
0.00
10.60
0.00
0.00
0.00
9.60
0.60
10.60
0.00
0.60
0.00
0.00
0.00
0.00
0.00
0.00
0.40
0.00
0.00
0.00
0.00
0.00
0.00
0.00
0.00
0.00
0.00
0.00
0.00
0.00
0.00
0.00
0.00
0.00
0.00
0.00
0.00
0.00
0.00
0.00
2.40
0.20
5.20
0.00
0.00
10.00
6.40
0.00
2.80
8.80
12.00
0.00
0.00
0.00
0.00
0.00
0.00
0.00
0.00
0.00
0.00
0.00
0.00
0.00
0.00
0.00
0.00
0.00
0.00
0.00
0.00
0.00
0.00
0.00
0.00
0.00
0.00
0.00
0.00
0.00
0.00
0.00
0.00
0.00
0.00
0.00
0.00
0.00
0.00
0.00
0.00
0.00
0.00
0.00
0.00
0.00
0.00
0.00
0.00
0.00
0.00
0.00
0.00
0.00
0.00
0.00
0.00
0.00
0.00
1.20
0.00
2.80
6.40
0.20
0.00
0.00
0.00
0.00
0.00
0.00
0.00
0.00
0.00
0.00
0.00
0.80
0.00
0.00
0.00
0.00
0.00
0.00
3.60
1.20
0.00
0.00
0.00
0.00
0.00
0.00
0.00
0.00
0.00
0.00
0.00
0.00
0.00
0.00
0.00
0.00
0.00
0.00
0.00
0.00
8.20
0.00
0.00
3.00
0.00
0.00
0.20
0.00
0.00
0.00
6.60
0.00
0.40
0.00
0.00
0.00
0.00
0.00
0.00
0.00
0.00
0.00
1.00
0.20
0.00
0.00
0.00
0.00
0.00
0.00
0.00
0.00
1.00
0.00
0.00
0.00
0.00
0.00
0.00
0.00
0.40
0.20
0.00
0.00
0.00
0.00
0.00
3.40
0.00
1.20
0.00
12.60
0.00
0.80
19.20
6.00
0.00
0.00
0.00
0.00
0.40
0.00
0.00
0.00
0.00
0.00
0.00
0.00
0.00
0.40
0.00
0.00
0.00
0.00
0.00
0.00
0.00
0.00
0.00
0.00
0.40
0.00
2.40
0.00
0.00
0.00
0.00
0.00
0.00
0.00
2.00
0.00
0.00
1.80
0.00
0.00
0.00
1.40
0.00
0.00
0.00
0.00
0.00
2.00
0.00
0.00
0.00
0.00
0.00
0.00
0.00
0.00
0.00
0.00
0.00
0.00
0.00
0.00
0.00
0.00
0.00
0.00
0.00
0.00
0.00
0.00
0.00
2.60
0.00
0.00
0.00
3.40
0.20
0.00
0.00
0.00
0.00
0.00
0.00
18.00
1.00
0.00
0.00
0.00
0.00
0.00
0.40
0.80
0.00
0.00
0.00
0.00
0.00
0.00
0.00
0.00
0.00
0.00
0.00
0.00
0.00
0.00
0.00
0.00
0.00
0.00
0.00
0.00
34.80
2.40
0.00
0.00
0.00
0.00
0.00
0.00
0.00
0.00
0.20
0.00
0.00
0.00
0.00
0.00
0.00
0.00
17.00
1.20
0.00
0.00
0.00
0.00
0.00
0.00
0.00
0.00
0.00
0.00
0.00
0.00
0.00
0.20
0.00
4.60
22.60
17.60
20.80
0.00
0.00
1.80
0.20
0.00
0.00
0.00
13.20
0.00
0.00
0.00
0.00
0.00
0.00
0.00
9.00
0.40
0.00
0.00
0.00
0.00
0.00
0.00
0.00
19.20
11.40
4.00
3.80
33.60
15.40
3.60
0.40
0.00
0.00
0.00
0.00
0.00
0.00
0.00
0.00
0.00
0.00
0.00
0.00
0.00
0.00
0.00
11.20
0.20
0.00
0.00
0.00
0.00
0.00
0.00
0.00
0.00
0.00
0.00
0.00
0.00
0.00
0.00
0.00
0.00
0.00
0.00
0.00
0.00
0.00
0.00
0.00
0.00
0.00
0.00
0.00
0.00
0.00
0.00
0.00
0.00
0.00
2.60
18.20
3.00
11.60
5.40
0.00
0.00
0.00
0.00
0.00
0.00
0.00
0.00
0.00
0.00
0.00
0.00
0.00
0.00
0.00
0.00
0.00
0.00
7.00
4.00
5.40
0.00
0.00
0.00
0.00
0.00
0.00
0.00
0.00
0.00
0.00
0.00
0.00
0.00
0.00
0.00
0.00
0.00
0.00
1.40
0.00
0.00
1.20
0.40
0.00
0.00
5.80
0.00
0.00
0.00
0.00
0.00
0.00
0.00
0.00
0.00
0.00
0.00
0.00
0.00
0.00
0.00
0.00
0.00
0.00
0.00
2.40
0.00
2.20
1.60
0.40
0.80
0.00
0.00
0.00
0.00
0.00
0.00
0.00
0.00
0.00
1.60
0.00
0.00
0.00
0.00
1.40
0.00
0.00
0.00
0.00
0.00
0.00
0.00
1.00
4.20
7.00
0.00
0.00
0.00
0.00
0.00
0.00
0.00
0.00
0.00
0.00
0.00
0.00
0.00
0.00
0.00
0.00
0.00
0.00
0.00
0.60
0.00
0.00
0.00
0.00
0.80
0.00
0.00
0.00
0.00
0.40
0.00
0.00
0.00
0.00
0.00
0.00
0.00
0.00
0.00
0.00
0.00
0.00
0.00
1.20
0.00
0.00
0.00
0.00
0.00
0.00
0.00
0.00
0.80
0.60
0.00
0.00
0.00
0.00
0.00
0.00
0.00
0.00
0.00
0.00
0.00
0.00
0.00
0.00
0.00
0.00
0.00
0.00
0.00
0.00
0.00
0.00
0.00
0.00
0.00
0.00
0.00
0.00
0.00
0.00
0.00
0.00
0.00
0.00
0.00
0.00
0.00
-99.00
0.00
0.20
0.00
0.00
0.00
0.00
0.00
0.00
0.00
0.00
0.00
0.00
0.00
0.00
0.00
0.00
0.00
0.00
0.00
0.00
0.00
0.00
0.00
0.00
0.00
0.00
0.00
0.00
0.00
0.00
0.00
0.00
0.00
0.00
0.00
2.00
0.00
0.00
0.00
0.00
0.00
0.00
0.00
0.00
0.00
0.00
0.00
0.00
0.00
0.00
0.00
0.00
0.00
0.00
0.00
32.20
62.60
12.20
0.00
0.80
0.00
0.00
0.00
0.00
0.00
0.00
13.40
0.00
0.00
0.00
0.00
0.00
0.00
0.00
0.00
0.00
0.00
0.00
0.00
0.00
0.00
0.00
0.00
0.00
12.40
0.40
0.00
0.00
0.00
1.60
0.00
4.00
2.20
5.80
0.40
0.00
2.20
0.00
0.00
0.00
0.00
0.00
0.00
0.00
0.00
0.00
0.00
0.00
0.00
0.00
0.00
0.00
0.00
0.00
0.00
0.00
0.00
0.00
0.00
0.00
2.80
0.40
0.00
0.00
0.00
2.00
0.00
0.00
0.00
0.00
0.00
0.00
0.80
0.60
0.00
0.00
0.00
0.00
0.00
0.00
19.60
0.00
4.20
0.00
0.00
0.00
0.40
0.00
0.00
2.40
0.60
0.00
0.00
0.00
0.00
0.00
3.40
2.80
0.00
0.00
0.00
0.00
0.00
0.00
0.00
0.00
0.00
0.00
0.00
0.00
0.00
0.00
0.00
0.00
0.00
0.00
0.00
0.00
0.00
0.00
0.00
0.00
0.00
0.00
0.00
0.00
0.00
4.30
0.10
0.00
0.10
0.00
0.00
0.00
0.00
2.00
0.00
0.10
0.00
0.00
0.00
0.00
0.00
0.00
3.50
2.00
0.00
0.00
0.30
0.00
0.10
0.00
0.00
1.40
0.10
0.00
0.00
0.00
0.00
0.00
0.00
0.00
0.00
0.00
0.00
0.00
0.00
0.00
0.00
0.00
0.00
4.10
0.00
0.00
0.00
0.00
0.00
-99.00
0.00
0.00
0.00
0.00
0.00
0.00
0.00
0.00
0.00
0.00
0.00
0.00
0.00
0.00
1.00
2.60
0.00
11.40
49.40
12.60
2.20
6.20
7.00
1.00
-99.00
-99.00
0.00
0.00
0.00
13.60
6.20
15.40
7.40
0.20
0.00
0.00
0.00
0.00
0.00
0.00
0.00
0.00
0.00
0.00
0.00
0.00
11.20
8.60
10.60
0.20
2.80
0.20
0.40
0.00
0.00
0.00
0.00
0.00
0.00
0.00
0.00
2.00
0.00
0.00
0.00
0.00
1.60
0.00
0.20
0.00
0.00
0.20
0.20
0.00
0.20
0.00
0.00
0.00
0.00
0.00
0.00
0.00
4.40
16.80
0.00
0.00
0.00
0.00
0.00
0.00
0.00
0.00
0.00
4.00
0.00
0.00
1.20
0.00
0.00
0.00
0.00
0.00
0.00
0.00
0.00
0.00
0.00
0.00
0.00
2.40
0.00
0.00
0.00
0.00
0.00
0.00
0.00
0.00
0.00
-99.00
-99.00
-99.00
-99.00
-99.00
-99.00
-99.00
0.00
0.00
0.00
0.00
0.00
0.00
0.00
0.00
0.00
0.00
0.00
0.00
0.00
0.00
0.00
0.00
0.00
0.00
0.00
0.00
0.00
0.00
0.00
0.00
0.00
0.00
0.00
0.00
0.00
0.00
0.00
0.00
0.00
0.00
0.00
0.00
0.00
0.40
1.00
0.00
0.00
0.00
0.00
0.00
0.00
0.00
0.00
0.00
0.00
0.00
0.00
0.00
0.00
0.00
0.00
0.00
0.00
0.00
0.00
0.00
0.00
0.60
0.00
0.00
0.00
0.60
10.80
0.00
0.00
0.00
0.00
0.00
0.00
0.00
0.00
0.00
0.00
17.40
39.40
6.60
0.20
0.00
0.00
0.00
0.00
0.20
0.00
0.00
0.00
0.00
0.00
7.40
0.00
0.00
0.00
0.00
0.00
0.00
0.00
0.00
0.00
0.00
0.00
0.00
0.00
0.00
0.00
0.00
0.00
0.00
0.00
0.00
0.00
0.00
0.00
0.00
0.00
0.00
0.00
0.00
0.00
0.00
0.00
0.00
0.00
6.20
0.00
0.00
0.00
0.00
0.00
0.00
0.00
0.00
0.00
0.00
0.00
0.00
0.00
0.00
0.00
0.00
0.00
0.00
0.00
0.00
0.00
0.00
0.00
0.00
0.00
0.00
2.80
6.80
0.00
2.00
7.60
1.60
1.80
0.00
0.00
0.00
0.00
0.00
0.00
0.00
0.00
0.00
17.70
5.20
0.00
0.00
0.00
0.00
0.00
0.00
0.80
4.00
0.00
0.00
2.60
0.20
2.60
0.00
0.00
0.00
0.00
0.00
0.00
0.00
0.00
0.00
0.00
0.00
0.00
0.00
0.00
0.00
0.00
0.00
0.00
1.80
0.00
0.00
0.00
0.00
0.00
0.00
0.00
0.00
0.00
0.00
0.00
0.00
0.00
2.00
0.40
1.80
0.00
0.00
0.20
0.80
2.80
0.00
0.00
0.00
0.00
0.00
0.00
0.00
0.00
0.00
0.00
0.00
0.00
0.60
0.00
0.00
0.00
0.00
0.00
0.00
0.00
0.00
11.40
0.00
0.00
0.00
0.00
0.00
0.00
0.00
1.20
0.40
0.00
0.00
7.80
0.00
0.00
0.00
0.00
0.00
0.00
0.00
0.00
0.60
2.40
1.40
2.60
0.00
0.40
0.00
0.00
0.00
1.60
3.00
0.00
25.00
0.20
0.00
0.00
0.00
0.00
0.00
0.00
0.60
0.00
0.00
0.00
0.00
0.00
0.00
0.00
0.00
0.00
0.40
5.80
41.40
7.40
5.40
0.00
12.20
0.00
25.80
0.60
0.70
28.10
0.00
0.00
0.00
2.00
0.00
18.60
1.60
8.40
0.20
0.00
0.00
8.40
9.60
3.80
0.20
0.00
0.20
0.00
0.00
0.00
0.40
1.40
13.50
0.00
0.00
0.00
0.00
14.40
0.20
0.00
0.00
0.00
0.00
0.00
0.00
0.00
0.00
20.60
5.60
0.00
0.00
9.00
0.20
0.00
0.00
0.00
0.00
0.00
0.00
0.00
0.00
0.00
0.00
30.80
0.00
0.00
0.00
0.00
0.00
0.00
0.00
0.40
0.00
8.60
0.00
0.00
0.00
0.00
0.00
0.00
0.00
0.00
0.00
0.00
0.00
0.00
0.00
0.80
0.00
0.00
0.00
0.00
0.00
0.00
0.00
0.00
0.00
0.00
0.00
0.00
0.00
0.00
0.00
0.00
1.00
0.00
0.00
0.00
0.00
0.00
0.00
0.00
0.00
0.00
0.00
0.00
0.00
0.00
0.00
1.60
0.00
0.00
0.20
0.20
9.20
0.00
0.00
0.00
0.00
0.00
0.00
0.00
0.00
0.00
0.00
14.60
11.20
1.00
0.00
0.00
0.00
0.00
0.00
0.20
0.00
0.00
0.00
0.00
0.00
0.00
0.00
0.00
0.00
0.00
0.00
0.00
0.00
0.00
0.00
0.00
0.00
7.20
0.00
0.00
0.00
6.40
4.80
0.00
0.00
0.00
0.00
31.60
15.20
0.20
5.60
5.20
29.60
0.00
0.00
0.00
0.00
0.00
0.40
0.00
0.00
0.00
0.40
0.00
0.00
0.00
0.00
0.00
0.00
0.00
0.00
0.00
0.00
0.00
0.00
0.00
0.00
0.00
0.00
0.00
0.00
0.00
0.00
0.40
0.00
0.00
0.00
0.00
1.20
5.60
0.00
0.80
0.40
10.80
1.20
0.00
0.00
0.00
0.80
2.60
1.70
3.20
2.00
1.20
1.10
0.90
1.60
18.00
3.30
2.90
0.00
0.00
0.40
6.80
0.00
2.80
0.00
0.00
0.00
0.00
13.50
12.90
0.10
0.00
0.10
0.00
0.10
0.00
0.00
0.00
1.30
0.00
0.00
0.20
0.10
0.20
1.60
0.00
0.00
0.00
0.00
0.00
10.20
16.70
4.50
1.60
0.00
0.10
0.00
0.00
0.00
0.00
0.00
0.00
0.00
0.00
0.00
0.00
0.00
0.00
0.00
0.00
0.00
0.00
0.00
0.00
0.00
0.00
0.00
0.00
1.20
1.90
0.00
0.50
4.60
0.20
0.00
0.00
0.00
0.00
0.00
0.00
0.00
0.00
0.00
0.00
0.00
0.00
0.00
0.00
0.00
0.00
0.00
0.00
0.00
0.00
0.00
0.00
21.30
5.90
1.10
9.60
1.30
2.50
0.10
0.00
0.10
1.80
51.00
9.70
0.00
18.40
38.10
0.70
0.00
0.00
6.80
0.40
0.00
0.00
8.90
0.00
0.00
0.00
0.00
0.00
0.00
9.30
0.00
0.00
0.00
0.50
0.00
0.00
0.00
0.00
0.00
0.00
0.00
0.00
0.00
0.40
0.00
0.00
1.60
0.00
0.00
0.00
0.00
0.00
0.00
0.00
0.00
0.00
0.00
0.00
0.00
0.00
0.00
0.00
0.00
0.70
0.10
0.00
0.00
0.00
0.00
9.20
0.00
0.00
0.00
0.00
0.00
0.00
0.00
0.00
0.00
0.00
0.00
0.00
0.00
13.60
0.00
0.00
0.00
0.00
0.00
1.90
0.00
0.00
0.00
0.00
0.00
0.00
0.00
0.00
0.00
0.00
0.00
0.00
0.00
0.20
0.00
0.00
0.00
0.00
1.10
0.00
0.00
0.00
0.00
0.00
0.00
1.00
4.20
0.00
0.00
0.00
0.00
0.00
0.00
0.00
0.00
0.00
11.20
0.00
0.00
0.00
0.00
0.00
0.00
0.00
0.00
0.00
0.00
0.00
0.00
0.00
0.00
0.00
0.00
0.00
0.00
0.00
0.00
0.00
0.00
0.00
1.20
0.00
0.00
0.00
0.00
0.00
0.00
0.00
0.00
0.00
0.00
0.00
0.00
0.00
0.00
0.00
0.00
0.00
4.40
0.50
0.30
0.00
0.00
18.70
0.10
0.00
0.00
0.00
2.30
6.00
0.10
0.00
0.00
0.00
0.00
0.00
10.60
0.00
0.00
0.00
0.00
0.00
0.00
0.20
3.20
0.00
0.00
0.00
0.00
0.00
0.00
0.10
0.00
0.00
0.00
0.00
2.70
21.50
8.00
0.00
0.00
0.00
0.00
0.00
0.00
0.00
0.10
0.00
0.00
0.10
0.00
0.00
0.10
0.50
1.10
0.10
0.00
0.00
0.00
0.00
0.00
0.00
0.00
0.00
0.00
0.00
0.00
0.00
0.10
1.00
0.00
0.00
0.00
0.80
0.20
0.00
2.80
1.00
0.00
2.10
4.00
0.00
0.00
0.00
0.00
0.00
0.00
0.00
0.00
0.10
0.10
1.10
5.50
3.60
6.70
4.40
0.00
0.00
3.90
6.30
3.20
6.10
5.60
7.70
0.10
0.00
2.40
0.00
0.10
0.00
0.00
0.00
5.30
1.60
0.00
8.20
3.70
6.00
7.00
10.80
11.30
5.00
5.70
0.00
0.00
0.00
0.00
0.00
0.00
0.00
0.00
0.00
0.00
7.00
0.00
0.20
0.10
0.00
0.00
0.00
0.00
0.00
0.00
7.10
0.30
0.00
0.00
7.50
0.20
0.00
0.00
0.00
0.00
0.00
1.90
1.10
0.10
8.60
2.10
0.00
0.00
0.00
0.00
0.10
0.20
0.00
3.10
0.00
0.00
0.10
2.50
0.10
0.00
0.00
7.80
0.00
1.20
0.00
0.00
0.00
0.00
0.00
0.00
0.00
0.00
0.00
0.30
0.00
2.10
6.30
0.00
0.50
2.00
1.20
0.00
0.00
0.00
3.20
0.30
0.00
0.00
0.00
0.00
0.00
0.00
5.20
0.00
0.00
0.00
0.00
18.80
0.60
1.40
0.10
0.00
0.00
0.00
0.00
0.00
0.00
0.00
9.00
0.10
0.00
0.00
0.00
0.00
0.00
0.50
2.70
0.70
51.50
0.00
0.00
0.00
0.30
1.40
0.00
2.10
1.10
19.40
2.60
0.10
0.10
0.10
0.00
0.00
0.00
0.00
0.00
0.00
0.00
0.00
0.00
0.00
0.00
0.30
0.00
0.00
0.00
0.00
0.00
0.00
0.00
1.00
9.40
0.00
0.00
24.00
1.20
12.90
0.00
0.00
1.90
0.00
1.30
0.00
0.00
0.00
0.00
0.00
0.00
0.00
0.00
0.00
0.00
0.00
1.80
1.10
0.00
0.00
0.00
0.00
0.00
0.00
0.00
0.00
0.00
0.00
0.00
0.00
0.00
0.00
0.00
0.00
0.00
0.00
0.00
0.00
0.00
0.00
1.20
0.00
0.00
0.00
0.00
0.00
0.00
0.00
0.00
0.00
1.00
15.40
0.00
0.00
0.00
0.00
0.00
0.00
0.00
0.00
0.00
0.00
0.90
0.00
0.00
0.00
0.00
0.00
6.30
0.00
0.00
0.00
0.00
0.00
0.00
0.00
0.00
0.00
0.00
0.00
0.00
0.00
0.00
0.00
0.00
0.00
1.00
2.80
0.00
0.00
0.00
0.00
0.00
0.00
0.00
0.00
0.00
28.70
0.10
0.00
7.10
0.00
0.00
2.00
0.80
0.00
0.00
0.20
0.20
0.20
0.00
0.00
0.00
0.00
0.20
0.00
0.00
0.00
0.00
26.10
3.30
7.40
23.50
0.20
0.00
0.10
0.00
0.00
0.00
0.10
0.20
0.10
0.00
0.00
0.00
0.20
0.10
0.00
0.00
0.00
0.00
0.40
0.00
0.10
0.30
0.00
0.00
0.00
0.20
2.20
0.00
-99.00
0.00
0.00
0.00
1.50
0.90
0.00
0.00
0.10
0.00
2.10
0.10
0.10
0.00
0.10
0.00
0.00
0.00
0.00
0.10
0.80
0.50
0.00
0.00
0.00
0.30
0.00
2.00
0.70
0.20
0.00
0.00
0.20
0.60
0.10
0.00
0.00
0.00
0.00
0.80
0.00
6.20
0.30
0.00
0.00
0.00
0.00
0.00
0.00
0.00
0.00
0.00
0.00
0.00
0.00
0.00
0.00
0.00
0.00
0.00
0.20
0.00
0.00
0.00
0.00
0.00
0.00
0.00
0.00
0.00
0.00
0.00
0.00
0.00
0.00
0.00
0.00
0.00
0.80
7.50
0.00
0.00
0.00
0.00
0.00
0.00
0.00
0.00
0.00
0.00
0.00
0.00
0.00
0.00
0.00
0.00
1.30
2.10
0.00
3.80
0.00
2.00
0.00
0.30
0.00
0.00
0.00
0.00
0.00
0.00
2.30
0.00
0.00
6.30
13.00
0.00
0.00
0.00
0.00
0.00
0.00
1.20
37.00
0.00
2.00
45.80
9.50
0.00
0.00
0.00
0.00
0.00
3.40
0.00
0.00
0.00
0.80
0.00
0.00
0.00
0.70
0.00
0.00
0.00
0.00
0.00
0.00
0.00
0.00
0.00
0.00
0.00
1.90
0.00
0.00
0.00
0.00
0.00
0.00
0.00
0.00
0.00
0.90
10.90
0.30
4.30
0.50
1.40
0.00
1.90
0.00
0.00
0.00
0.00
5.30
0.00
0.00
0.00
30.90
0.00
0.00
0.00
0.00
0.00
0.00
7.70
0.00
0.00
0.00
0.00
0.00
0.00
0.00
0.00
0.00
0.00
0.00
0.80
0.00
0.00
0.10
5.40
0.00
0.00
2.20
0.90
10.00
0.00
0.00
0.00
0.00
0.00
1.30
0.00
0.00
0.00
0.00
0.00
0.00
0.00
0.00
0.00
0.00
0.00
0.00
0.00
0.00
0.00
0.00
0.00
4.20
0.20
0.00
0.00
0.00
13.00
1.90
0.00
0.00
0.00
0.00
0.00
0.00
0.00
4.10
0.40
0.00
0.00
0.00
0.00
0.00
0.20
0.00
0.00
0.00
0.00
0.00
0.00
0.00
0.00
0.00
0.00
0.00
0.00
0.00
0.00
0.00
0.00
0.00
0.00
0.00
0.00
0.00
0.00
0.00
0.00
2.60
0.00
0.00
0.00
0.00
0.00
0.00
0.00
0.00
0.00
0.00
0.00
0.00
0.00
0.00
0.00
0.00
0.00
0.00
0.00
0.10
0.00
0.00
0.00
0.00
0.00
0.00
0.00
0.00
0.00
0.00
0.00
0.00
0.00
0.00
0.00
0.00
0.00
0.00
0.00
0.00
0.00
0.00
0.00
0.00
0.00
0.00
0.00
0.00
0.00
0.00
0.00
0.00
0.00
0.00
0.00
0.00
0.00
0.00
0.00
0.00
0.00
0.00
0.00
0.00
0.00
0.00
0.00
0.00
0.00
0.00
0.00
6.70
0.00
0.00
6.20
10.10
0.50
0.00
0.10
0.00
0.00
15.70
19.10
0.30
1.40
5.10
0.00
0.00
0.00
0.00
0.00
0.00
0.00
35.00
0.10
0.00
0.00
1.30
8.60
0.00
6.20
0.00
0.10
0.00
0.00
0.00
0.00
0.00
0.00
0.00
0.00
0.50
0.00
0.00
0.00
0.00
0.00
0.00
0.00
0.00
0.00
0.00
0.00
0.00
0.00
0.00
0.00
0.00
0.00
0.00
0.00
0.00
0.00
0.00
0.00
0.00
0.00
0.00
0.00
0.00
0.00
0.00
0.00
0.00
0.00
0.00
0.00
0.00
0.00
0.00
0.00
0.00
0.00
0.00
0.00
0.00
0.00
0.00
0.00
0.00
0.00
0.00
0.00
0.00
0.00
0.00
1.00
0.00
0.00
0.00
0.00
1.50
0.00
0.00
0.00
2.00
0.00
0.00
0.00
0.00
0.00
0.00
0.00
0.00
0.00
0.00
0.00
0.00
0.00
0.00
0.00
0.00
0.00
0.00
0.00
0.00
0.00
0.00
0.00
0.00
0.00
0.00
0.00
0.20
0.00
0.00
0.00
0.00
0.00
0.00
0.00
0.00
0.00
0.00
0.00
0.00
0.00
0.00
0.00
7.40
31.90
1.30
0.00
0.00
0.00
0.00
0.00
0.00
0.00
0.00
0.00
0.00
0.00
12.20
0.40
4.20
8.10
0.20
0.00
0.00
5.60
0.00
2.20
0.00
1.20
0.70
0.00
0.00
0.00
0.70
0.10
0.30
0.00
0.00
0.00
0.00
0.00
0.00
18.00
0.10
10.20
0.00
0.00
0.00
2.70
0.70
0.00
0.00
0.00
0.00
0.00
0.00
0.10
0.00
0.00
0.00
0.00
0.00
0.00
3.90
1.40
0.00
0.00
0.00
0.00
0.00
0.00
0.00
0.00
0.60
0.00
0.00
0.00
0.00
4.50
0.00
0.00
0.00
0.00
0.00
0.00
0.00
0.00
0.00
0.00
0.00
0.00
0.00
0.00
0.10
6.40
0.00
0.00
0.00
0.00
0.00
0.00
0.00
1.40
0.00
0.00
0.00
7.90
0.00
0.00
0.00
13.30
0.00
0.00
0.00
0.00
0.00
0.00
5.10
0.00
0.00
0.00
0.00
0.00
0.00
0.00
0.00
0.00
0.00
0.00
0.00
0.00
0.00
0.00
0.00
0.00
0.00
0.00
0.00
0.00
0.00
0.00
0.00
0.00
0.00
0.00
0.00
0.00
0.00
0.00
0.00
0.00
0.00
0.00
0.00
0.00
0.00
0.00
0.00
0.00
0.00
0.00
0.00
0.00
0.00
0.00
0.00
1.80
0.00
0.00
0.00
0.00
0.00
0.00
0.00
0.00
0.00
0.00
0.00
0.00
0.00
0.00
0.00
0.00
0.00
0.00
0.00
0.00
0.00
0.00
0.00
0.00
0.00
0.00
0.10
0.00
2.30
34.10
0.00
0.00
0.00
0.00
0.00
0.00
0.00
0.00
0.00
0.00
8.00
14.10
0.00
0.00
2.60
0.00
0.00
0.00
0.00
29.50
26.00
53.10
0.00
0.00
0.20
30.70
6.30
0.00
0.00
0.00
3.30
7.60
0.00
0.00
0.40
4.90
0.00
0.00
0.00
0.00
9.70
0.00
0.00
0.00
0.10
0.00
0.00
0.00
18.20
1.60
0.20
0.00
0.00
0.00
0.00
0.00
0.00
0.30
1.40
0.00
0.00
0.00
0.00
0.00
0.00
0.00
0.00
0.00
0.00
0.00
0.00
0.00
0.00
0.00
0.00
2.00
0.00
0.00
0.00
0.00
0.00
0.00
0.00
0.00
0.00
0.00
0.00
0.00
0.00
0.00
0.00
0.00
0.00
0.00
0.00
0.00
0.00
0.00
0.00
0.00
0.00
0.00
0.00
0.00
2.30
9.60
0.00
0.00
0.00
0.00
1.40
16.70
3.10
0.00
0.40
0.10
3.40
0.00
2.60
2.10
0.00
0.00
0.00
0.00
0.00
0.60
0.00
0.00
1.10
0.00
0.00
0.00
0.00
0.70
0.00
0.00
0.00
0.00
0.00
0.00
0.00
0.00
0.00
0.00
0.00
10.50
10.70
0.00
0.00
0.00
0.00
20.60
8.50
0.00
0.00
4.10
13.90
34.80
0.50
0.00
0.90
0.00
0.00
0.00
0.20
0.00
0.00
0.00
2.70
0.60
0.50
1.40
0.00
0.00
0.00
0.00
1.10
5.40
0.10
0.00
3.30
0.00
0.00
3.70
0.00
3.20
4.80
1.60
0.00
0.00
0.00
0.00
0.00
0.00
0.00
0.00
0.00
0.00
0.00
0.00
0.00
0.00
0.00
0.00
0.00
0.00
0.00
4.90
0.40
7.20
22.80
38.40
5.10
0.10
0.00
0.00
0.10
0.10
0.00
0.00
0.00
1.50
0.00
0.00
0.00
0.00
6.80
14.30
0.00
11.60
9.60
2.70
6.80
0.00
0.00
0.00
0.00
0.00
0.00
0.10
0.00
0.00
0.00
0.00
0.00
0.00
0.00
0.00
0.00
0.60
0.00
13.00
1.10
0.00
0.00
0.00
0.80
0.20
0.00
0.00
9.30
41.00
0.20
0.00
0.00
0.00
0.00
0.00
0.00
0.00
0.00
0.00
0.00
0.00
0.50
0.00
0.00
0.00
0.00
0.00
0.00
0.00
0.00
0.70
0.60
0.00
0.50
0.00
0.00
0.00
0.00
0.20
0.00
0.00
0.00
0.00
0.00
0.60
0.00
0.00
0.00
0.10
0.00
0.00
0.00
0.00
0.00
0.10
0.00
0.00
0.00
0.10
0.00
0.00
0.00
0.00
0.00
0.00
0.00
0.00
0.00
0.00
0.00
0.00
0.00
0.00
0.00
0.00
0.00
0.00
0.00
0.00
0.00
0.10
3.30
0.00
0.00
0.00
0.00
0.00
0.00
0.00
3.70
0.00
0.00
0.00
0.00
0.00
0.00
0.00
0.00
0.00
0.00
0.00
0.00
0.00
0.00
0.00
0.00
0.00
0.00
0.00
0.00
0.00
0.00
0.00
0.00
0.00
0.80
18.00
0.00
0.00
0.00
0.00
0.00
0.00
0.00
0.00
0.00
0.00
0.00
0.00
0.00
0.00
0.00
0.00
0.00
0.80
0.10
0.00
0.00
0.00
0.00
0.00
0.00
0.00
0.00
0.00
0.00
0.00
0.30
0.30
0.00
0.00
0.00
0.00
0.00
0.00
0.00
0.00
0.00
0.00
84.60
46.50
23.20
0.00
0.00
0.00
0.00
0.00
0.00
0.00
0.00
0.00
0.00
0.00
0.00
0.00
0.00
0.00
0.00
0.00
0.00
0.00
0.00
0.00
0.00
0.00
0.00
0.00
0.00
0.00
0.00
0.00
0.00
9.50
0.50
0.00
0.00
0.00
0.90
5.40
0.00
0.00
0.60
0.00
0.00
0.00
0.80
0.00
0.00
1.90
0.00
0.00
0.00
0.00
0.00
0.00
2.90
0.20
4.90
0.50
1.00
0.80
0.00
36.30
0.40
0.10
0.00
0.80
0.00
0.00
0.00
0.00
0.10
4.70
5.30
0.00
0.00
0.10
0.00
0.00
1.50
0.10
0.00
0.00
0.00
11.50
0.40
0.70
0.00
0.00
0.00
2.50
4.80
0.00
0.00
0.00
0.00
0.00
0.00
0.00
0.00
0.90
0.00
0.00
0.60
0.00
0.70
1.40
0.10
0.00
0.00
0.00
0.00
0.00
0.00
0.00
0.00
0.00
0.00
0.00
0.00
0.00
0.00
0.00
0.00
2.00
0.20
0.00
1.40
3.40
0.00
0.00
0.00
0.00
3.20
0.00
0.00
0.10
82.40
0.00
0.00
0.00
0.00
0.00
0.00
0.00
1.10
0.00
0.00
0.00
0.00
0.00
0.00
0.00
0.30
15.50
7.50
2.70
0.00
5.70
0.30
1.40
0.00
0.00
0.00
0.00
0.00
0.00
0.00
0.00
0.00
0.00
0.00
0.00
0.00
0.00
0.00
0.00
0.00
0.00
0.00
0.00
0.00
0.00
0.00
0.00
0.00
1.10
0.60
0.00
0.00
5.70
0.00
16.10
0.00
5.30
0.00
0.00
0.00
0.00
0.00
0.00
0.00
0.00
0.00
0.00
0.00
0.00
0.10
0.00
0.00
0.00
0.00
0.20
0.00
0.00
0.00
0.00
0.00
0.00
9.40
1.20
0.00
0.00
0.00
0.00
0.00
0.00
0.00
3.70
6.00
0.00
0.90
0.00
0.00
0.00
0.00
0.00
0.00
0.00
0.00
0.00
0.00
0.00
1.10
0.00
0.00
0.00
0.00
0.00
0.00
0.00
0.00
0.00
2.00
0.00
0.00
0.00
0.80
0.00
0.00
0.00
0.00
0.00
0.00
0.00
0.00
0.00
0.00
0.00
0.00
0.00
0.00
0.00
0.00
0.00
0.00
0.00
0.00
26.80
0.00
0.00
0.00
0.00
0.00
0.00
0.00
0.00
0.00
0.00
0.00
0.00
0.00
29.20
0.00
0.90
0.10
0.00
0.00
0.00
0.00
0.00
0.00
0.00
0.70
0.00
0.00
7.30
0.00
1.10
6.80
0.00
0.00
0.00
0.00
0.00
20.00
0.00
13.20
0.00
0.00
0.00
0.00
0.70
0.00
0.00
0.00
0.00
1.60
0.00
0.80
0.00
0.80
0.00
0.00
0.00
0.00
0.00
0.00
0.00
0.00
0.00
0.00
0.00
0.00
0.00
0.00
0.00
0.00
0.00
0.00
0.00
3.60
10.00
0.00
0.00
0.00
0.00
3.70
0.00
2.80
0.00
0.00
3.30
0.00
0.00
0.00
0.00
0.00
0.00
0.00
0.00
0.00
0.00
0.00
14.10
17.70
31.90
57.20
12.30
1.70
0.00
3.20
12.20
0.00
0.00
0.00
0.00
0.00
0.00
0.00
0.00
0.00
0.00
6.50
0.00
0.00
0.00
0.00
0.00
0.00
0.00
0.00
0.00
0.00
0.00
0.00
0.00
0.00
0.00
0.00
0.00
0.00
0.00
0.00
0.00
0.00
0.00
0.00
0.00
0.00
0.00
0.00
0.00
0.00
0.00
3.10
0.00
0.80
0.90
0.00
0.00
0.00
0.00
0.00
0.00
0.00
0.00
0.00
0.00
18.30
2.80
0.00
0.50
2.10
17.00
0.00
0.00
0.00
0.00
0.00
0.00
0.00
0.00
0.00
0.20
0.00
0.00
0.00
0.00
0.00
0.00
1.40
0.00
1.60
0.00
0.00
0.00
0.00
0.00
0.00
0.00
0.00
0.00
0.00
0.00
0.00
0.00
0.00
0.00
0.00
0.00
0.00
0.10
0.30
0.00
0.00
0.00
0.00
2.60
20.00
3.10
0.80
15.50
1.80
0.00
0.00
0.00
0.00
0.00
0.00
0.00
0.00
0.00
0.00
0.00
0.00
0.00
0.00
0.00
0.00
0.00
0.00
0.00
0.00
0.00
0.10
0.00
5.50
0.20
0.00
0.00
0.00
0.00
0.00
0.00
25.40
0.10
0.00
0.00
0.00
0.00
0.00
0.00
0.00
0.00
0.00
0.00
0.00
0.00
0.00
0.00
0.00
0.00
0.00
0.00
0.00
0.00
0.00
5.30
0.00
0.00
0.00
0.00
0.00
0.00
0.00
0.00
0.00
0.00
0.00
0.00
0.00
0.00
0.00
0.00
0.00
0.00
0.00
0.00
0.00
0.50
3.30
0.10
5.50
0.00
2.10
1.60
0.00
0.00
0.00
0.00
0.00
0.00
9.60
0.00
0.00
0.00
0.00
0.00
0.00
0.00
0.00
0.00
0.00
0.00
0.00
0.00
0.00
0.00
0.00
0.00
0.00
0.00
0.00
0.00
0.00
0.00
0.00
0.00
0.10
0.00
0.70
1.00
0.00
6.90
0.00
0.00
0.00
0.00
0.00
3.50
7.60
0.10
0.00
0.00
0.00
0.00
0.00
0.00
4.60
0.00
0.00
0.00
0.00
0.00
0.00
0.00
0.00
0.00
2.30
0.00
0.00
0.00
1.60
0.00
0.00
0.00
0.00
0.00
0.00
0.00
0.00
0.90
0.00
4.80
0.60
3.80
0.00
0.00
0.00
0.00
0.00
0.40
1.00
2.00
0.00
0.00
0.00
0.00
0.00
0.00
0.00
0.00
0.00
0.00
0.00
0.00
0.00
0.00
0.00
0.00
0.00
0.10
0.10
0.00
0.00
0.00
0.00
0.10
0.00
0.00
0.00
0.00
0.00
0.00
0.00
0.00
0.00
0.00
0.00
0.00
0.00
0.10
0.00
0.00
0.00
0.00
0.00
0.00
0.40
0.00
0.00
0.00
0.00
0.00
63.70
0.20
0.00
0.00
0.00
0.00
0.00
0.00
0.00
0.00
0.00
0.00
0.00
0.00
0.00
0.00
0.00
0.00
0.00
0.10
0.00
0.00
0.00
0.20
0.00
0.00
0.00
0.00
0.00
0.00
0.00
0.00
0.00
0.00
0.00
0.00
0.00
0.00
0.00
0.00
0.00
0.00
0.00
0.00
0.00
0.00
0.00
0.00
0.00
0.00
0.00
0.00
0.00
0.00
0.00
0.00
0.00
0.50
0.00
0.00
0.00
0.10
1.20
3.30
0.00
0.00
0.00
0.00
0.00
0.00
0.00
0.00
0.00
0.10
0.00
0.00
0.00
0.70
0.00
0.00
0.00
0.00
0.00
0.00
0.00
0.00
0.00
0.00
0.00
0.00
0.00
0.00
0.00
0.00
0.00
0.00
0.00
0.70
0.00
0.10
3.10
9.60
0.50
12.40
2.30
0.00
0.00
0.00
0.00
0.00
0.00
0.00
0.30
0.00
0.00
0.00
2.60
38.50
0.10
0.00
0.00
0.00
0.00
2.30
0.00
0.00
0.00
0.00
2.20
0.00
0.00
0.00
0.00
3.80
5.10
0.00
0.00
0.00
3.00
8.00
1.90
0.00
0.00
0.00
0.00
0.00
0.00
0.00
0.00
0.00
0.00
3.70
0.00
0.00
11.60
29.40
0.40
0.00
0.00
0.00
0.00
0.90
0.00
0.00
0.00
0.00
0.20
0.00
0.00
0.00
1.30
0.10
0.20
0.00
0.00
0.00
0.00
6.60
9.40
0.00
5.60
0.00
0.00
0.00
0.00
0.00
0.00
0.00
2.70
20.60
1.90
3.30
0.00
0.00
0.00
0.00
0.00
0.00
1.70
0.00
0.00
0.00
0.70
0.00
0.00
0.00
0.00
0.00
7.10
0.00
0.00
0.00
0.00
0.00
0.00
10.90
0.10
0.40
0.00
0.00
0.00
0.00
0.00
0.00
0.00
0.00
9.60
0.00
3.30
0.00
0.00
0.00
0.00
0.00
0.00
0.10
0.00
0.00
0.00
0.00
0.00
0.00
0.00
0.00
0.00
0.00
0.00
0.00
0.00
0.00
0.00
0.00
0.10
0.00
0.00
0.00
0.00
0.00
0.00
0.00
0.00
0.00
0.00
0.00
0.00
0.00
0.00
0.00
0.00
0.00
0.00
0.00
0.00
0.00
0.00
0.00
0.00
0.00
0.00
0.00
0.00
0.00
0.00
0.00
0.00
0.00
0.00
1.10
0.00
0.00
0.00
0.00
0.00
0.00
0.00
0.00
0.00
0.00
0.00
0.00
0.00
1.10
0.00
0.00
0.00
0.00
0.00
0.00
0.00
0.00
0.00
0.00
0.00
0.00
0.00
0.00
2.80
1.20
0.00
0.00
0.00
0.00
0.00
0.00
0.00
0.00
4.70
0.00
0.00
0.00
0.00
0.00
0.00
0.00
0.00
0.00
0.00
0.00
0.00
2.10
0.00
0.00
0.00
0.00
0.00
1.00
12.70
12.40
0.00
0.00
0.50
0.00
0.00
0.00
0.00
0.40
0.00
0.10
0.40
0.00
0.00
0.00
0.00
0.00
0.00
0.00
0.00
0.00
1.00
3.10
0.00
0.00
0.00
0.10
0.00
0.00
0.00
0.20
0.00
0.00
0.00
0.00
0.00
0.00
1.90
15.40
8.10
38.30
0.00
0.00
2.70
42.20
0.00
0.00
0.00
0.00
0.00
0.00
0.10
0.00
0.00
0.00
0.00
0.00
0.00
0.00
0.00
0.00
0.00
0.70
51.80
0.00
0.00
1.30
0.00
0.80
0.00
0.00
0.00
0.00
0.00
0.00
0.00
0.00
0.00
0.00
0.00
0.00
0.00
0.00
0.00
0.00
0.00
0.00
0.00
0.00
0.00
0.00
0.00
0.00
0.00
0.00
0.00
0.00
0.00
0.00
0.20
1.80
3.50
0.00
0.00
0.00
12.00
2.90
0.00
0.00
0.00
0.00
1.50
0.00
0.00
2.80
0.00
0.00
0.00
0.00
0.00
0.20
0.00
9.60
0.00
0.00
0.00
0.00
0.00
0.00
0.00
0.00
0.00
0.00
0.00
0.00
0.00
0.00
0.00
0.00
0.00
17.00
12.80
0.00
0.00
0.00
0.00
0.00
0.00
0.00
0.00
0.00
0.00
0.00
0.00
0.00
0.00
0.00
0.00
0.00
0.00
0.00
28.40
7.50
0.00
9.50
0.00
0.00
0.00
9.90
0.10
0.00
0.00
0.00
0.00
0.00
0.00
0.00
0.00
0.00
0.00
0.00
0.00
0.00
0.00
0.00
0.00
0.00
0.00
0.00
0.00
0.00
0.00
0.00
1.80
1.00
8.40
0.00
0.40
0.00
0.00
0.00
0.00
0.00
0.00
0.40
0.00
0.00
4.00
2.00
7.70
0.60
0.00
0.00
0.00
0.00
0.00
16.10
0.00
0.00
0.00
0.00
0.00
0.00
0.00
0.00
0.00
0.00
0.00
0.00
0.00
0.00
0.00
5.10
24.50
3.40
0.00
0.00
0.00
0.00
0.00
0.00
0.00
0.00
0.00
0.00
0.00
0.00
0.00
0.00
0.00
0.00
0.00
0.00
0.00
0.00
1.10
0.00
1.30
0.00
0.00
0.00
0.00
0.00
0.00
0.00
0.00
0.20
30.30
0.00
0.00
0.00
0.00
0.00
0.00
0.00
0.00
0.00
7.20
0.10
0.00
11.00
0.00
7.10
0.00
0.00
0.00
0.00
0.00
0.00
0.00
0.00
1.10
0.00
0.00
0.00
0.00
0.00
0.00
0.00
3.80
0.00
0.00
0.00
0.00
0.00
0.00
0.00
0.00
0.00
0.00
0.00
0.00
0.00
0.40
0.20
0.00
0.00
0.00
0.00
1.00
2.20
0.00
0.00
0.00
0.80
0.00
0.00
0.00
0.00
0.00
2.20
0.00
0.00
0.00
0.00
0.00
9.60
0.10
0.00
0.00
0.00
0.00
0.00
8.70
0.00
0.00
0.00
0.00
0.00
0.00
0.00
0.10
0.00
0.00
0.00
0.00
0.00
0.00
0.00
0.00
0.00
0.00
0.00
0.00
0.00
0.00
0.00
0.00
0.00
62.80
8.00
0.10
0.00
0.00
0.00
0.00
0.00
0.00
0.00
0.00
0.00
0.00
0.00
0.00
0.00
0.00
11.00
0.00
0.00
0.00
0.00
0.00
0.00
0.00
0.00
0.00
0.00
0.00
0.00
0.00
0.00
0.00
0.00
0.00
0.00
0.00
0.00
0.00
0.00
0.00
0.00
0.00
0.00
1.60
0.00
0.00
0.00
0.00
0.00
0.00
0.00
0.30
0.00
2.70
0.00
0.00
0.00
0.00
0.00
0.00
0.00
0.00
0.00
0.00
0.00
0.00
0.00
0.00
1.10
1.50
0.60
0.20
0.00
0.00
0.10
0.00
0.00
0.00
0.00
25.10
5.60
0.00
0.00
0.00
0.00
0.00
0.10
0.20
0.00
0.00
0.00
0.00
0.00
0.00
0.00
0.00
0.00
0.00
3.30
12.70
0.00
0.00
0.00
0.00
0.00
0.00
0.00
0.60
17.40
13.90
5.50
0.00
0.00
0.00
0.00
0.00
0.00
0.00
0.30
0.00
0.00
0.00
0.00
0.00
0.00
0.00
0.00
0.00
0.00
0.00
0.00
3.00
8.80
1.40
3.50
0.00
0.00
3.80
0.10
0.00
0.00
0.70
1.40
0.00
0.50
0.50
0.00
2.30
0.00
6.40
0.00
1.10
0.00
0.00
0.00
0.00
17.00
0.60
0.00
0.00
0.00
0.00
0.00
0.10
0.00
0.00
0.00
0.00
0.00
0.50
1.00
10.90
3.00
23.20
23.10
1.80
22.70
0.10
0.00
3.90
0.00
0.00
0.00
0.00
0.00
0.00
0.00
0.00
0.00
0.00
5.60
0.00
5.00
0.00
0.30
0.00
0.00
0.00
0.00
0.00
5.50
0.60
0.00
0.00
0.00
20.80
0.00
0.00
0.00
0.00
0.00
0.90
0.00
5.00
0.00
0.00
1.70
0.00
0.40
0.00
0.00
16.40
0.00
19.10
0.10
0.00
0.00
0.30
0.00
0.00
0.70
0.00
0.00
0.00
0.00
0.00
0.00
0.00
0.00
0.00
0.00
0.00
0.00
0.00
0.00
0.00
0.00
0.00
0.00
0.00
0.00
0.00
0.20
0.00
0.00
0.00
0.00
0.00
0.00
0.00
0.00
0.00
0.00
1.30
0.00
0.50
2.00
0.00
0.00
0.00
0.00
0.00
0.40
0.00
0.90
0.00
0.00
0.00
0.00
0.00
0.00
0.00
0.00
0.00
0.00
0.00
0.00
0.00
0.00
0.00
0.00
0.00
0.00
0.00
0.20
0.00
0.00
0.00
0.00
0.00
0.00
0.00
5.80
0.00
0.00
0.00
0.00
2.90
0.00
0.00
0.00
0.00
0.00
9.00
0.00
0.00
0.20
0.00
0.00
0.00
0.00
1.40
0.00
0.00
0.00
0.00
2.90
0.00
24.10
0.10
0.00
0.00
0.00
0.10
0.00
0.00
0.00
0.00
0.00
0.00
0.00
0.00
0.00
0.00
0.00
0.00
0.00
0.00
0.00
0.00
0.00
0.00
0.00
0.00
0.00
11.10
0.10
0.00
0.00
0.00
85.90
3.10
0.00
0.00
7.90
38.80
0.00
0.00
0.10
0.00
0.00
0.00
2.00
9.50
0.40
0.00
3.40
31.80
0.00
0.10
0.20
0.00
30.80
0.10
0.00
8.20
12.20
0.00
0.00
0.00
0.00
0.00
12.40
1.00
0.00
0.00
0.00
9.10
0.20
0.00
3.40
0.00
0.90
3.20
0.00
0.00
0.00
0.90
0.00
0.00
0.00
0.00
0.00
0.00
0.00
0.00
0.00
0.00
0.00
0.00
8.10
0.00
0.00
0.10
0.00
0.00
0.10
0.00
0.00
0.00
0.00
0.00
0.00
0.00
0.00
0.00
0.00
0.00
0.00
0.00
0.00
0.00
0.00
0.00
0.00
0.00
0.00
0.00
0.00
0.00
0.00
0.00
0.00
0.00
0.00
0.10
0.00
0.20
1.30
0.00
0.40
2.20
0.00
0.00
0.00
0.00
0.00
2.60
0.00
1.60
3.40
0.00
0.00
0.00
0.00
0.00
0.00
0.00
0.00
0.00
0.00
0.00
0.00
0.00
0.00
0.00
0.00
0.00
0.00
0.00
0.00
0.00
0.00
0.00
0.00
0.00
0.00
0.00
0.00
0.00
0.00
0.00
0.00
1.90
0.00
0.00
0.00
0.00
0.00
0.00
0.00
0.00
0.00
0.00
0.00
0.00
0.00
0.00
0.00
0.00
0.00
0.00
0.00
0.00
0.00
0.00
0.00
0.00
0.80
0.30
0.00
0.50
0.00
7.10
0.70
0.10
3.10
3.60
0.00
0.00
0.00
0.00
0.00
0.50
0.00
0.00
0.00
0.00
22.80
0.80
2.90
0.50
0.00
2.10
0.00
0.00
0.00
0.00
0.00
0.00
0.00
0.40
0.00
0.00
0.00
0.00
0.00
0.00
0.00
0.00
0.00
0.00
0.00
0.00
0.20
6.60
0.00
0.00
0.00
0.00
0.00
0.10
21.60
0.00
0.00
0.00
0.00
0.00
0.00
0.00
0.00
0.00
0.00
0.00
0.00
0.00
0.00
0.00
0.00
0.00
0.60
0.00
0.00
0.00
0.00
0.00
0.00
0.00
0.00
0.00
0.40
0.00
0.00
0.00
0.00
0.00
0.00
0.00
0.00
0.00
0.00
0.00
0.00
0.00
0.00
0.20
11.90
2.40
15.20
0.00
0.00
0.00
0.00
0.00
0.00
0.00
0.00
0.00
0.00
0.00
0.00
0.00
0.00
0.00
0.00
0.00
0.00
0.00
0.00
0.00
0.00
0.00
0.00
0.00
0.00
0.00
0.00
0.00
0.00
0.00
0.00
0.00
0.00
0.00
0.00
0.00
0.00
0.00
0.00
0.50
6.50
0.00
0.00
0.00
0.00
0.00
0.00
5.40
0.00
0.00
0.00
0.50
0.00
0.00
0.00
0.00
0.00
0.00
0.00
0.00
0.00
2.50
6.20
0.00
0.70
0.00
0.00
0.00
0.00
0.00
0.00
0.00
6.30
0.00
0.00
0.00
0.00
0.00
0.00
0.00
0.00
0.00
0.00
0.00
0.00
0.00
0.00
0.00
0.00
0.00
0.00
0.00
0.00
0.00
0.00
3.60
0.00
0.00
0.00
0.00
0.00
4.20
0.00
133.50
0.40
0.00
0.00
0.00
0.00
0.00
0.00
0.00
0.00
0.20
0.00
3.90
2.00
0.00
0.00
0.00
0.00
0.60
0.30
0.00
0.00
8.70
2.50
0.00
0.00
1.00
0.00
0.00
0.00
0.00
13.10
0.40
0.00
0.00
0.00
0.00
0.00
0.00
0.00
0.00
0.00
0.10
19.20
6.40
0.30
0.00
0.50
0.00
0.00
0.00
3.50
3.10
0.00
0.00
0.00
0.00
0.00
2.40
12.10
0.70
1.00
0.00
0.00
0.00
0.00
0.00
0.00
0.00
0.00
0.00
0.00
0.00
0.00
0.00
0.00
0.00
0.00
0.00
0.00
0.90
0.00
0.00
0.00
0.00
0.00
0.00
0.00
0.10
11.70
1.20
45.30
106.30
25.80
0.00
0.00
0.00
0.10
0.00
0.00
0.00
0.00
0.00
0.00
0.00
0.00
0.00
0.00
0.00
0.00
0.00
0.00
0.00
0.00
0.10
0.00
0.00
0.00
0.00
0.00
0.00
0.00
0.00
0.00
0.00
0.00
0.00
0.00
0.00
0.00
0.00
0.00
2.10
0.40
0.00
0.00
0.00
0.00
0.00
0.00
0.00
0.00
0.00
0.00
0.00
1.40
3.60
0.80
0.00
0.00
0.00
0.00
0.00
3.80
0.00
1.20
1.10
0.00
0.00
0.00
0.60
9.50
23.00
1.90
0.30
0.00
0.00
0.00
2.10
0.00
0.00
0.00
0.00
0.00
3.00
0.00
0.00
0.00
0.00
1.70
14.40
18.40
27.10
3.30
0.90
0.00
0.00
0.00
8.30
0.10
0.00
0.00
0.00
0.00
0.00
0.00
0.00
0.00
0.00
0.00
0.00
30.90
1.10
1.70
7.00
24.40
12.70
2.30
0.00
0.00
0.00
0.00
0.00
0.00
0.00
0.00
15.50
0.00
0.00
0.00
0.50
0.00
11.10
0.10
0.00
13.40
4.20
0.00
2.40
1.00
0.00
0.00
0.00
0.00
0.00
0.00
0.00
0.00
23.40
0.00
9.10
0.00
0.00
0.00
0.00
0.00
0.00
0.00
0.00
0.00
0.00
0.00
0.00
0.00
0.00
0.00
0.00
0.00
0.00
0.00
0.00
0.00
0.00
0.00
0.60
0.00
0.00
0.00
0.00
0.00
0.00
0.00
0.00
0.00
0.00
0.00
0.00
0.00
0.00
0.00
0.00
0.00
0.00
0.00
0.00
0.00
0.00
0.00
0.00
0.00
0.00
0.00
0.00
0.80
0.00
0.10
0.00
0.00
0.00
0.00
0.00
0.00
0.00
0.00
0.00
0.00
0.00
0.00
0.00
0.00
0.00
1.10
0.00
0.00
0.00
0.00
0.00
0.00
0.00
0.00
0.00
0.00
0.00
0.10
0.00
0.00
0.00
0.00
0.00
0.00
0.00
0.00
3.50
0.30
0.00
0.00
0.00
0.00
1.00
0.00
0.00
0.00
0.00
0.00
0.00
0.00
13.40
0.00
0.00
0.00
0.00
0.00
0.00
0.00
0.00
0.00
0.00
0.00
1.10
0.00
0.00
0.00
0.00
0.00
0.00
0.00
2.20
0.00
0.00
2.10
0.00
0.00
0.00
0.00
0.00
0.00
0.00
0.00
1.30
12.00
15.00
14.60
25.50
0.00
0.00
0.00
0.00
0.00
0.00
0.00
0.10
0.00
0.00
0.00
0.00
0.00
0.00
0.00
0.00
0.00
0.00
2.30
16.40
11.00
0.00
0.00
0.00
0.00
0.00
0.10
0.40
0.00
5.00
0.00
0.00
1.80
7.40
0.00
0.00
0.00
0.00
0.00
0.00
0.00
2.50
0.50
0.00
0.00
0.10
0.00
0.00
0.00
0.00
1.50
0.00
0.00
0.80
0.00
0.00
0.00
0.00
0.00
0.00
0.00
1.80
26.30
6.80
0.00
0.00
0.00
0.00
0.10
0.00
0.00
0.00
0.00
0.50
0.00
4.40
2.80
1.20
1.90
0.00
0.00
0.00
0.00
0.50
0.00
0.00
0.00
0.00
0.00
0.00
1.20
0.00
4.00
2.50
4.00
0.00
3.00
0.00
0.20
0.00
0.00
0.00
0.00
0.00
0.00
0.00
2.00
0.00
0.00
0.00
0.00
0.00
0.00
0.00
0.00
0.00
0.00
0.00
0.00
0.00
4.00
0.00
0.00
0.00
0.00
0.00
0.00
