20000101
-99.00
-99.00
-99.00
-99.00
-99.00
-99.00
-99.00
-99.00
-99.00
-99.00
-99.00
-99.00
-99.00
-99.00
-99.00
-99.00
-99.00
-99.00
-99.00
-99.00
-99.00
-99.00
-99.00
-99.00
-99.00
-99.00
-99.00
-99.00
-99.00
-99.00
-99.00
-99.00
-99.00
-99.00
-99.00
-99.00
-99.00
-99.00
-99.00
-99.00
-99.00
-99.00
-99.00
-99.00
-99.00
-99.00
-99.00
-99.00
-99.00
-99.00
-99.00
-99.00
-99.00
-99.00
-99.00
-99.00
-99.00
-99.00
-99.00
-99.00
-99.00
-99.00
-99.00
-99.00
-99.00
-99.00
-99.00
-99.00
-99.00
-99.00
-99.00
-99.00
-99.00
-99.00
-99.00
-99.00
-99.00
-99.00
-99.00
-99.00
-99.00
-99.00
-99.00
-99.00
-99.00
-99.00
-99.00
-99.00
-99.00
-99.00
-99.00
-99.00
-99.00
-99.00
-99.00
-99.00
-99.00
-99.00
-99.00
-99.00
-99.00
-99.00
-99.00
-99.00
-99.00
-99.00
-99.00
-99.00
-99.00
-99.00
-99.00
-99.00
-99.00
-99.00
-99.00
-99.00
-99.00
-99.00
-99.00
-99.00
-99.00
-99.00
-99.00
-99.00
-99.00
-99.00
-99.00
-99.00
-99.00
-99.00
-99.00
-99.00
-99.00
-99.00
-99.00
-99.00
-99.00
-99.00
-99.00
-99.00
-99.00
-99.00
-99.00
-99.00
-99.00
-99.00
-99.00
-99.00
-99.00
-99.00
-99.00
-99.00
-99.00
-99.00
-99.00
-99.00
-99.00
-99.00
-99.00
-99.00
-99.00
-99.00
-99.00
-99.00
-99.00
-99.00
-99.00
-99.00
-99.00
-99.00
-99.00
0.20
0.00
0.00
0.00
0.00
0.00
0.00
0.00
0.00
0.00
0.00
0.00
0.00
0.00
0.00
0.00
0.00
0.00
0.00
0.00
0.00
0.00
0.00
0.00
0.00
0.00
0.00
1.00
0.00
0.00
0.00
0.00
0.00
0.60
0.00
1.20
0.00
0.00
0.00
0.00
0.00
0.00
0.20
0.00
0.00
0.00
0.00
0.00
0.00
0.00
0.00
0.00
0.20
1.60
0.00
0.00
0.00
0.00
0.00
0.00
0.00
0.00
0.00
1.00
0.00
0.00
0.00
0.00
0.00
0.00
0.00
9.40
0.00
0.20
0.00
0.00
0.00
0.00
0.00
0.00
0.00
0.00
0.00
0.00
0.00
0.00
0.00
0.00
0.00
1.40
0.00
0.00
0.20
0.00
0.00
0.00
0.00
0.00
0.00
0.20
4.40
0.20
0.00
0.00
0.00
0.00
0.00
0.00
0.00
0.00
0.00
0.00
0.00
2.20
1.20
0.60
0.00
0.00
0.40
0.00
0.00
0.00
0.00
41.00
110.60
20.50
0.00
8.40
0.20
0.40
0.20
0.20
0.00
5.00
0.00
8.80
0.40
0.00
0.20
2.40
0.00
0.00
0.00
0.00
0.00
0.00
4.00
0.20
0.00
0.20
0.00
0.00
0.00
0.00
0.00
4.60
8.80
0.80
0.00
0.00
0.00
0.20
18.90
0.40
0.00
0.00
0.00
0.00
0.20
3.80
3.80
0.00
0.00
0.20
0.00
0.20
0.20
0.00
0.00
0.00
0.20
0.00
0.00
1.80
5.40
15.40
9.80
9.60
0.40
0.40
2.00
0.80
0.00
1.60
0.00
0.00
0.00
0.00
1.40
0.00
0.00
0.00
0.00
0.00
0.00
1.20
0.20
0.20
0.20
4.40
0.20
0.00
1.40
1.20
0.00
0.00
0.20
0.00
0.20
0.20
4.00
0.20
1.20
0.00
0.00
0.00
0.00
0.00
0.00
0.00
0.00
0.00
0.00
0.20
0.00
0.00
0.00
0.20
0.20
8.20
4.40
0.20
0.20
0.00
0.00
0.00
0.00
0.00
0.00
0.00
0.00
0.00
0.00
0.00
0.20
0.40
0.00
0.00
1.80
0.00
17.40
0.00
0.00
3.20
0.00
1.40
0.00
0.00
0.00
0.00
0.00
0.00
0.00
0.00
0.00
0.00
0.00
0.00
0.00
0.00
0.00
0.00
0.80
0.00
0.00
0.00
0.00
0.00
0.00
0.00
0.00
0.00
0.00
0.00
0.00
0.00
0.00
0.00
0.00
0.00
0.00
0.00
0.80
0.00
0.00
0.00
0.00
0.00
0.00
0.00
0.00
0.00
0.00
1.60
40.50
11.30
0.20
0.40
0.20
0.00
0.00
0.00
0.00
2.20
34.20
0.00
0.00
0.00
0.00
0.00
0.00
5.80
6.20
0.00
1.40
0.20
21.80
7.40
0.00
0.20
0.00
0.00
0.00
0.00
0.00
0.00
0.00
0.00
0.00
0.00
0.00
0.00
0.00
0.00
0.00
2.60
0.00
0.00
0.00
0.00
0.00
0.00
0.00
0.00
0.00
0.00
0.00
0.00
0.00
0.00
0.00
0.00
0.00
0.00
0.00
0.00
0.00
0.00
0.00
0.00
0.00
0.00
0.00
0.20
40.70
0.00
0.00
0.00
0.00
0.20
0.00
26.20
0.20
0.00
16.10
0.00
0.00
0.00
0.00
0.00
0.00
0.00
0.00
0.00
0.00
0.00
0.00
0.80
0.20
0.00
0.00
0.00
0.00
0.00
0.00
0.00
0.00
0.00
0.00
0.00
0.00
0.00
1.60
0.00
0.00
0.00
0.00
0.00
0.00
0.00
0.00
0.00
0.00
0.00
0.00
0.00
0.00
0.00
0.00
0.00
4.20
0.20
0.00
0.00
0.00
0.00
0.00
0.00
0.00
0.00
0.00
0.00
0.00
0.00
0.00
0.00
0.00
0.00
0.00
20.50
1.40
0.00
0.00
0.00
1.80
4.00
0.00
0.00
0.20
0.00
0.00
0.00
0.00
0.00
0.00
0.00
1.40
3.00
0.00
0.20
1.20
0.00
0.20
0.00
0.20
14.80
0.00
2.80
0.00
0.00
0.20
0.00
0.00
0.20
0.20
0.20
0.20
0.20
0.20
0.00
2.60
0.20
0.20
0.20
0.00
0.20
0.00
0.00
0.00
0.20
0.00
0.00
2.40
27.20
24.20
9.70
0.00
0.20
0.00
0.20
0.20
0.00
0.00
0.20
0.00
0.00
0.00
0.20
0.00
0.20
0.00
0.00
0.20
0.00
0.20
0.20
0.20
0.00
0.20
0.20
0.00
0.20
0.00
0.00
0.00
0.00
0.00
0.00
0.00
0.00
0.00
0.00
0.00
0.00
0.00
0.00
0.00
0.00
0.00
0.40
0.00
5.80
1.20
3.60
0.00
0.00
0.00
3.20
0.00
0.40
0.00
0.00
0.60
0.20
0.40
0.00
0.00
0.00
0.20
0.20
1.20
1.20
1.60
0.00
0.00
0.00
0.00
0.20
0.00
0.20
0.00
0.00
0.00
0.00
0.00
5.60
0.00
0.00
0.00
0.00
0.00
0.00
0.20
0.00
0.00
0.00
0.00
0.00
0.00
0.00
0.00
0.00
0.00
0.00
0.00
0.00
0.00
0.00
0.00
0.00
0.40
0.00
9.60
20.40
0.00
0.00
0.00
0.20
0.00
0.00
0.00
6.50
0.40
0.00
0.20
16.40
0.00
0.00
0.00
0.00
0.00
0.00
0.00
0.00
0.00
0.00
0.40
4.80
0.20
0.00
0.00
13.60
10.80
2.80
0.00
13.30
1.00
8.60
0.20
10.20
5.40
8.00
0.00
0.00
0.00
0.00
0.00
0.00
0.00
0.00
0.00
0.00
0.00
0.00
0.00
0.00
0.00
0.00
0.00
0.00
0.00
0.00
0.00
0.00
0.00
0.80
54.00
59.00
1.60
0.00
0.00
0.00
0.00
0.00
0.00
0.00
0.00
0.00
0.00
0.00
0.00
0.00
0.00
0.00
0.00
0.40
0.00
0.00
0.00
0.00
0.00
1.40
0.00
0.00
22.70
4.80
0.00
1.60
7.20
0.00
0.00
0.00
0.00
0.00
0.00
0.00
0.00
0.00
0.00
0.00
0.00
0.00
0.00
0.00
0.00
0.00
0.00
0.00
0.00
0.00
0.00
0.00
0.00
0.00
0.00
0.00
0.00
0.00
0.40
0.40
0.00
0.00
0.00
0.00
0.00
0.00
0.00
0.00
0.00
0.00
0.00
0.00
0.00
0.00
0.00
0.00
0.00
0.00
0.00
0.00
0.00
0.00
0.00
0.00
0.00
0.00
0.00
0.00
0.00
9.30
7.30
0.00
0.00
0.00
0.00
0.00
2.00
0.20
0.00
0.00
0.00
0.00
0.40
24.20
21.00
8.50
0.20
0.20
0.00
0.00
0.00
0.00
2.60
0.00
4.80
0.20
7.80
0.00
0.00
0.00
4.60
0.00
0.00
0.00
0.00
0.00
0.00
0.00
0.80
4.40
1.40
0.00
35.90
5.40
0.20
0.00
0.00
0.00
0.00
0.00
0.00
0.00
0.00
0.00
8.80
0.00
0.20
0.00
0.20
0.00
0.00
26.10
5.00
0.20
0.00
0.00
0.00
0.20
0.00
0.00
0.00
0.00
0.60
2.40
0.00
0.00
0.00
0.00
0.00
0.20
0.00
0.20
0.00
0.00
0.20
0.00
0.00
0.00
0.00
1.00
0.40
0.00
0.00
0.00
0.00
0.20
0.60
0.40
0.20
0.20
0.00
0.20
0.00
15.90
0.00
0.00
0.20
1.60
0.00
0.20
0.00
0.00
0.00
0.00
1.60
0.00
1.00
0.00
0.00
0.00
0.00
0.00
1.00
1.20
0.20
0.20
0.20
4.80
0.20
0.00
0.60
0.60
3.60
1.20
0.00
0.20
0.20
0.20
0.00
0.00
3.00
0.20
0.00
1.20
0.00
0.00
0.00
0.00
0.00
4.00
1.60
0.20
1.40
1.00
0.40
0.00
0.00
0.20
0.00
0.00
0.00
0.00
0.20
1.80
2.40
0.20
0.40
0.00
0.00
0.00
0.00
0.00
0.00
0.00
0.20
0.00
0.00
0.00
0.00
1.20
0.00
0.00
0.00
0.00
0.00
0.00
0.00
0.00
0.00
0.00
0.20
0.00
0.00
0.00
4.60
50.90
0.00
1.00
0.40
0.60
1.60
4.80
-99.00
0.00
0.00
0.00
0.00
0.00
2.00
1.60
0.00
0.00
0.00
0.20
0.00
0.20
0.00
0.00
0.00
0.00
0.00
0.00
0.00
0.00
0.00
0.40
0.00
0.00
0.00
0.00
1.00
21.80
0.20
4.00
0.80
0.00
0.00
0.00
0.00
0.00
0.00
0.00
0.00
1.60
0.00
0.00
0.00
0.00
1.80
6.00
0.00
0.00
0.00
3.40
0.60
0.00
0.00
0.00
0.00
0.00
0.00
0.00
0.00
0.00
0.00
0.00
0.00
0.00
0.00
2.80
96.60
21.00
2.40
0.20
0.00
0.00
0.00
0.00
0.00
0.00
1.60
0.80
0.00
9.90
0.00
0.00
0.00
0.00
9.80
0.60
0.00
0.00
0.00
0.00
0.00
0.00
0.00
0.00
0.20
0.00
2.20
0.00
0.00
1.80
0.00
0.00
0.00
0.00
0.00
0.00
0.00
0.00
0.00
0.00
0.00
0.00
0.00
0.00
0.00
0.00
0.00
0.00
0.20
0.20
0.00
0.00
0.00
0.00
0.00
0.00
0.00
0.00
0.00
0.00
0.00
0.00
0.00
0.00
0.00
0.00
0.00
0.00
0.00
0.00
0.00
0.40
0.00
0.00
8.10
0.20
0.00
0.00
0.00
0.00
0.00
0.00
0.00
0.00
0.00
0.00
0.00
0.00
0.00
0.00
0.00
0.00
0.00
0.00
0.00
0.00
0.00
0.00
0.20
24.20
0.20
0.00
0.00
0.20
0.00
0.20
0.00
0.00
0.00
0.00
0.00
0.00
0.00
14.90
0.40
0.00
12.80
10.00
0.00
0.00
7.60
5.60
0.40
0.00
0.00
0.00
0.00
0.00
0.00
0.00
0.00
0.00
0.00
0.00
1.40
0.20
0.00
0.00
0.00
0.00
1.40
2.00
2.80
24.40
14.20
0.00
0.00
0.00
0.00
0.00
0.00
0.00
0.00
0.00
0.00
0.80
0.00
0.00
2.60
2.60
18.50
11.40
5.60
0.20
0.00
1.20
0.00
0.00
0.00
7.20
0.60
3.00
0.20
0.00
1.00
0.40
0.00
0.00
0.00
0.20
0.00
0.00
0.80
3.00
19.70
0.00
0.00
0.20
0.20
5.80
36.90
4.80
0.20
0.00
0.20
0.20
0.80
1.20
0.00
0.00
1.40
0.40
0.00
0.00
0.00
6.00
0.00
0.00
9.40
5.20
0.40
2.20
0.40
0.00
0.00
0.20
0.00
0.20
0.20
0.00
0.00
0.00
1.80
0.20
0.00
0.00
0.00
0.00
0.00
0.00
0.20
0.00
0.40
0.00
0.00
0.00
0.20
0.00
0.00
0.00
0.00
0.20
0.00
0.20
0.00
0.00
0.00
0.20
0.00
0.00
0.00
0.00
0.00
0.00
0.00
0.00
0.00
0.00
0.00
1.20
0.20
0.40
0.00
0.00
0.00
0.80
0.00
0.20
0.00
0.00
0.20
0.00
0.00
0.00
0.00
0.20
0.00
0.20
0.00
0.20
0.00
0.20
0.00
0.00
0.00
0.00
12.30
0.20
0.00
0.00
2.60
20.60
15.40
0.60
0.00
0.20
0.20
0.00
0.00
0.00
0.00
0.00
0.00
0.00
0.00
0.00
0.20
0.00
0.40
0.00
0.00
0.20
0.00
0.00
0.00
0.00
0.00
0.00
0.00
0.00
0.00
0.00
19.80
3.60
36.20
0.80
0.80
0.40
1.20
0.00
0.00
0.20
0.00
0.00
12.40
0.20
0.80
0.00
8.50
0.00
0.00
0.00
27.80
0.00
0.20
0.00
0.00
0.00
32.60
0.00
0.00
0.00
0.00
0.00
5.00
2.60
0.20
0.00
1.80
39.00
1.40
0.80
0.40
0.00
0.00
0.00
0.00
8.60
4.00
0.00
0.00
0.00
0.00
0.00
0.00
0.00
0.00
0.00
0.00
0.00
0.00
0.00
0.00
0.00
0.00
0.00
1.80
0.00
0.00
0.00
0.00
0.00
0.00
0.00
0.00
0.00
0.00
0.00
0.00
1.80
0.00
0.00
13.50
0.20
0.00
0.00
2.00
0.00
0.00
0.00
0.00
0.00
0.00
0.00
0.00
0.00
0.00
0.00
0.00
0.00
0.00
0.00
5.60
4.20
1.40
0.00
0.00
0.00
0.00
0.00
0.00
0.00
0.00
0.60
0.80
0.00
0.00
0.00
0.00
0.00
0.00
0.00
0.00
0.00
0.00
0.40
3.60
0.00
0.00
0.00
0.20
0.00
0.00
0.00
0.00
0.00
0.00
0.00
0.00
0.00
0.00
0.00
0.00
0.00
0.00
0.60
0.00
0.00
0.00
0.00
0.00
0.20
0.00
0.00
0.00
0.00
0.00
0.00
0.00
0.00
0.00
0.00
3.80
0.00
0.20
1.40
0.20
0.00
0.00
0.00
2.20
0.00
0.00
0.00
0.20
0.00
0.00
0.00
0.00
0.00
0.00
0.00
0.00
0.00
0.00
0.00
0.00
0.00
0.00
0.00
0.00
0.00
0.00
0.00
0.00
0.00
0.00
0.00
0.00
0.00
0.00
0.00
0.00
0.00
0.00
0.00
0.00
0.40
0.20
0.00
6.40
0.20
0.00
0.00
10.00
0.00
8.80
0.00
0.40
0.80
0.00
0.00
0.00
0.20
0.00
2.20
0.00
0.00
0.00
0.00
0.00
0.00
0.00
0.00
0.00
0.00
0.00
0.00
0.00
0.00
0.20
0.20
0.00
0.00
0.00
0.00
0.00
0.00
0.20
2.20
0.00
9.40
0.00
2.20
16.40
9.20
0.00
9.80
11.40
19.80
0.20
0.00
2.80
0.40
0.20
0.00
0.00
0.00
0.00
0.00
0.00
0.00
0.00
0.00
0.20
0.20
0.00
0.00
0.00
0.00
0.00
0.00
0.00
0.00
0.00
0.00
0.20
0.20
0.00
0.00
0.00
0.00
0.20
0.00
0.00
0.00
0.00
0.00
0.00
0.00
0.00
0.00
0.00
0.00
0.00
0.00
0.00
0.00
0.00
0.00
0.00
0.00
0.00
0.00
0.00
0.00
0.00
0.00
6.40
0.00
3.00
4.80
0.20
0.00
0.00
0.00
0.00
0.00
0.00
0.00
0.00
0.00
0.00
0.00
3.20
0.80
0.00
0.00
0.20
0.00
0.00
2.00
0.60
0.20
0.00
0.00
0.00
0.00
0.00
0.00
0.00
0.00
0.00
0.20
0.00
0.00
0.00
0.20
0.00
0.00
0.00
0.00
0.00
9.90
0.00
0.00
0.20
0.00
0.00
0.80
0.00
0.00
0.00
8.20
0.00
0.00
0.00
0.00
0.00
0.00
0.00
0.00
0.00
0.00
0.00
0.20
0.00
0.00
0.00
0.00
0.00
0.00
0.00
0.00
0.00
2.60
0.00
0.00
0.00
0.00
0.00
0.00
0.00
0.00
3.20
0.00
0.00
0.00
0.00
0.00
0.20
0.20
0.20
0.20
6.40
0.00
1.80
26.80
3.00
0.00
0.00
0.00
0.00
1.40
0.00
0.00
0.00
0.00
0.00
0.00
0.00
0.00
0.00
0.60
0.20
0.00
0.00
0.00
0.00
0.00
0.00
0.00
0.00
0.20
0.00
4.60
0.20
0.00
0.00
0.00
0.00
0.00
0.00
9.90
0.00
0.00
1.40
0.00
0.00
0.00
0.20
0.00
0.00
0.00
0.00
0.00
0.20
0.00
0.00
0.00
0.00
0.00
0.00
0.00
0.00
0.00
0.00
0.00
0.00
0.00
0.00
0.00
0.00
0.00
0.00
0.00
0.00
0.00
0.00
0.00
0.00
0.00
0.00
0.20
7.40
0.00
0.00
0.00
0.00
0.00
0.00
0.00
10.30
11.50
2.00
0.00
0.00
0.00
0.00
0.00
0.80
0.00
0.00
0.00
0.00
0.00
0.00
0.00
0.00
0.00
0.00
0.00
0.00
0.00
0.00
0.00
0.00
0.00
0.00
0.00
0.00
56.60
21.40
0.00
0.00
0.00
0.00
0.00
0.00
0.20
0.00
0.00
0.00
0.00
0.00
0.00
0.00
0.00
0.00
34.70
0.20
0.00
0.20
0.00
0.00
0.00
0.00
0.00
0.00
0.00
2.20
0.20
0.00
0.20
0.80
0.40
3.00
15.90
51.90
16.70
0.20
0.00
4.00
0.20
0.00
0.20
0.00
3.20
0.20
0.00
0.20
0.00
0.40
0.00
0.00
2.20
0.20
0.00
0.20
0.00
0.00
0.00
0.20
0.00
14.00
26.60
1.00
4.20
39.20
42.60
4.80
0.00
0.00
0.00
0.20
0.00
0.00
0.00
0.00
0.00
1.00
0.00
0.00
0.00
0.20
0.00
0.00
7.60
0.60
0.20
1.20
0.00
0.00
0.00
0.00
0.00
0.20
0.00
0.00
0.20
0.00
0.20
0.00
0.00
0.00
0.20
0.00
0.20
0.00
0.00
0.00
0.00
1.60
0.00
0.20
0.00
0.00
0.00
0.00
0.00
0.00
0.00
5.20
34.30
5.60
15.20
5.80
0.00
0.20
0.00
0.20
0.00
0.80
0.20
0.00
0.00
0.20
0.00
0.00
0.00
0.20
0.00
0.20
0.40
3.60
0.60
10.40
12.80
0.40
0.20
0.00
0.00
0.00
0.20
0.00
0.00
0.00
0.20
0.40
1.00
0.00
0.00
0.00
0.00
0.00
0.00
0.60
0.00
0.00
0.60
0.00
0.00
0.00
6.40
0.00
0.00
0.00
0.00
0.00
0.00
0.00
0.00
0.00
0.00
0.00
0.00
0.00
0.00
0.00
0.00
0.00
0.00
0.00
4.40
0.20
2.00
0.20
0.20
0.20
0.00
0.00
0.00
0.00
0.00
0.00
0.00
0.00
0.00
0.20
0.00
0.00
0.00
0.00
2.00
0.00
0.00
0.00
0.00
0.00
0.00
0.00
2.40
4.40
17.60
0.00
0.00
0.00
0.20
0.00
0.00
0.00
0.20
0.00
0.00
0.00
0.00
0.00
0.00
0.00
0.20
0.00
0.00
0.00
0.40
0.00
0.00
0.00
0.00
2.40
0.00
0.00
0.00
0.00
0.00
0.00
0.00
0.00
0.00
0.00
0.20
0.00
0.00
0.00
0.00
0.00
0.00
0.00
3.40
0.00
0.00
0.00
0.00
0.00
0.00
0.00
0.00
0.00
0.40
0.00
0.00
0.00
0.00
0.00
0.00
0.00
0.00
0.00
0.00
0.00
0.00
0.60
0.00
0.00
0.00
0.00
0.00
0.00
0.00
0.00
0.00
0.00
0.00
0.00
0.00
0.00
0.00
0.00
0.00
0.00
0.00
0.00
0.00
0.00
0.00
0.00
0.00
0.00
0.00
0.00
0.00
0.00
0.00
0.00
0.00
1.40
0.00
0.00
0.00
0.00
0.00
0.00
0.00
0.00
0.00
0.00
0.00
0.00
0.00
0.00
0.00
0.00
0.00
0.00
23.20
0.20
8.10
0.20
0.00
0.00
0.00
0.20
2.20
0.00
0.00
0.00
0.00
0.00
0.00
0.00
0.00
0.00
0.00
0.00
0.00
0.00
0.00
0.00
0.00
0.00
0.00
0.00
81.60
28.20
9.20
0.00
0.80
0.00
0.00
0.00
0.00
0.00
0.20
9.60
0.00
0.00
0.00
0.00
0.00
0.00
0.00
0.20
0.00
0.00
0.00
0.40
0.00
0.00
0.00
0.00
0.00
9.40
0.00
0.00
0.00
4.40
15.00
0.00
3.60
1.40
5.00
0.00
0.20
3.80
0.00
0.00
0.20
0.40
0.00
0.20
0.00
0.20
0.00
0.00
0.00
0.00
0.00
0.20
0.00
0.00
0.20
0.20
0.20
0.00
0.00
0.00
0.20
3.80
0.80
0.00
0.00
0.20
0.00
0.00
0.00
0.00
0.00
0.20
0.00
0.20
0.00
0.20
0.00
0.00
0.00
0.20
0.00
11.20
0.00
4.40
0.00
0.00
0.20
0.00
0.00
0.20
2.00
0.20
0.20
0.20
0.00
0.00
0.20
6.60
5.00
0.00
0.00
0.20
0.00
0.20
0.00
0.20
0.00
0.20
0.00
0.00
0.00
0.00
0.00
0.00
0.20
0.00
0.20
0.00
0.20
0.20
0.00
0.00
0.00
0.20
0.00
0.00
0.20
0.00
0.60
0.00
0.00
0.20
0.00
0.00
0.00
0.00
6.40
0.00
0.00
0.20
0.00
0.20
0.00
0.00
0.00
6.40
4.00
0.00
0.00
0.00
0.00
0.60
0.00
0.00
2.20
0.20
0.00
0.00
0.00
0.20
0.00
0.00
0.00
0.00
0.00
0.00
0.00
0.00
0.00
0.00
0.00
0.00
6.50
0.00
0.00
0.00
0.00
0.00
0.00
0.00
0.00
0.00
0.00
0.00
0.00
0.00
0.00
0.00
0.00
0.00
0.00
0.00
0.00
5.40
2.40
0.00
12.40
61.20
5.20
0.20
9.30
6.20
6.20
0.00
0.00
1.20
0.80
0.80
14.20
8.40
19.00
0.40
0.00
0.20
0.00
0.20
0.00
0.00
0.20
0.00
0.00
0.00
0.00
0.00
0.20
7.20
8.00
7.00
0.00
14.60
1.00
0.20
0.00
0.00
0.00
0.00
0.00
0.00
0.00
0.00
0.40
0.00
0.00
0.00
0.00
1.40
0.00
0.20
0.00
0.00
2.00
0.00
0.00
0.00
0.00
0.00
0.00
0.00
0.00
0.00
0.00
0.80
0.00
0.00
0.00
0.00
0.00
0.00
0.00
0.00
0.00
0.00
1.80
0.00
0.00
1.00
0.00
0.00
0.00
0.00
0.00
0.00
0.00
0.00
0.00
0.60
0.60
0.00
0.80
0.00
0.00
0.00
0.00
0.00
0.00
0.00
0.00
0.00
0.00
0.00
0.00
0.00
0.00
0.00
0.00
0.00
0.00
0.00
0.20
0.00
0.00
0.00
0.00
0.00
0.00
0.00
0.00
0.00
0.00
0.00
0.00
0.00
0.00
0.00
0.00
2.00
0.00
0.00
0.00
0.00
0.00
0.00
0.00
0.00
0.00
0.00
0.00
0.00
0.00
0.00
0.00
0.00
0.20
1.20
0.00
0.00
0.00
0.00
0.00
0.00
0.00
0.00
0.00
0.00
0.00
0.00
0.00
0.00
0.00
0.00
0.00
0.00
0.00
0.00
0.00
0.00
1.00
0.00
0.00
0.00
0.80
38.70
0.00
0.20
0.00
0.00
0.00
0.00
1.00
0.20
0.00
0.00
8.40
2.60
18.70
0.00
0.20
0.00
0.00
0.00
2.00
0.20
0.20
0.00
0.20
0.40
11.60
0.20
0.20
0.20
0.00
0.00
0.00
0.00
0.00
0.00
0.80
0.20
0.00
0.00
0.00
0.00
0.00
0.00
0.00
0.00
0.20
0.00
0.00
0.00
0.00
0.00
0.00
0.00
0.00
0.00
0.00
0.00
0.00
0.00
5.60
0.20
0.20
0.00
0.00
0.00
0.00
0.00
0.00
0.20
0.00
0.00
0.00
0.00
0.00
0.00
0.00
0.00
0.00
0.00
0.00
0.00
0.00
0.00
0.00
0.00
0.00
4.20
5.20
0.00
12.40
8.60
2.00
3.60
0.20
0.20
0.00
0.20
0.00
0.00
0.00
0.20
0.20
7.00
2.20
0.20
0.20
0.00
0.00
0.20
0.00
1.00
1.40
0.00
0.00
3.60
0.20
3.40
0.00
0.00
0.20
0.00
0.20
0.20
0.00
0.00
0.00
0.20
0.20
0.20
0.00
2.00
0.00
0.00
0.00
0.00
1.00
0.00
0.00
0.00
0.20
0.20
0.20
0.00
0.00
1.60
0.00
0.00
0.00
0.00
0.40
0.20
1.00
0.20
0.00
0.20
5.20
3.40
0.20
0.00
0.00
0.00
0.20
0.00
0.00
0.00
0.00
0.00
0.00
0.00
1.80
0.20
0.00
0.00
0.00
0.00
0.00
0.00
0.00
0.00
0.00
0.00
0.00
0.00
0.00
0.00
0.00
0.60
0.20
0.00
0.00
3.60
0.00
0.00
0.00
0.00
0.00
0.00
0.00
0.00
0.00
2.00
1.60
3.20
0.00
0.20
0.00
0.00
0.00
4.20
1.60
0.20
25.10
0.40
0.00
0.00
0.00
0.00
0.00
0.00
0.20
0.00
0.00
0.00
0.00
0.00
0.00
0.00
0.00
0.00
0.00
13.20
48.60
7.40
10.60
0.20
23.40
0.00
7.60
1.60
2.40
42.30
0.20
0.00
0.00
1.20
1.60
16.60
1.80
12.00
0.20
0.20
0.00
13.30
0.40
0.00
0.00
0.00
0.80
0.00
0.00
0.00
2.00
0.40
19.80
0.20
0.00
0.00
0.00
4.40
0.00
0.00
0.00
0.00
0.00
0.00
0.00
0.00
0.00
0.00
7.10
0.00
0.00
0.00
0.00
0.00
0.00
0.00
1.20
0.00
0.00
0.00
0.00
0.00
0.00
32.40
0.00
0.00
0.00
0.00
0.00
0.00
0.00
0.40
0.00
0.00
0.00
0.00
0.00
0.00
0.00
0.00
0.00
0.00
0.00
0.00
0.00
0.00
0.00
0.00
0.00
0.00
0.00
0.00
0.00
0.00
0.00
0.20
0.00
0.00
0.00
0.00
0.00
0.00
0.00
0.00
5.60
0.00
0.00
0.00
0.00
0.00
0.20
0.00
0.00
0.00
0.00
0.00
0.00
0.00
0.00
1.60
0.00
0.00
0.00
0.00
7.60
0.00
0.00
0.00
0.00
0.00
0.00
0.00
0.00
0.00
0.00
17.10
23.60
0.60
0.00
0.00
0.00
0.00
0.20
0.00
0.20
0.00
0.00
0.00
0.00
0.00
0.80
0.60
0.00
0.00
0.00
0.20
0.00
0.00
0.20
0.00
0.00
13.90
0.20
0.00
0.00
8.50
11.20
0.00
0.00
0.00
0.20
33.80
13.40
0.00
7.80
10.80
13.60
0.00
0.20
0.00
0.00
0.20
0.80
0.00
0.20
0.20
0.00
0.00
0.20
0.00
0.20
0.00
0.20
0.00
0.20
0.00
0.00
0.00
1.20
0.00
0.00
0.00
0.00
0.20
0.00
0.00
0.00
0.00
0.00
0.60
0.00
0.00
0.80
15.60
0.00
0.00
0.00
8.00
0.40
0.00
0.00
0.00
0.00
0.00
0.20
0.00
0.20
0.00
0.00
0.00
21.80
24.70
5.60
3.00
0.00
0.00
0.60
4.20
0.00
1.40
0.20
0.00
0.00
0.00
18.80
15.00
0.20
0.00
0.20
0.20
0.00
0.20
0.00
0.00
1.00
0.00
0.00
0.20
0.20
0.40
1.60
0.00
0.00
0.00
0.00
0.20
5.80
8.00
1.60
0.00
0.20
0.60
0.40
0.00
0.00
0.00
0.00
0.00
0.00
0.00
0.00
0.00
0.00
0.00
0.00
0.00
0.00
0.20
0.00
0.00
0.00
0.00
0.00
0.20
1.00
2.20
0.00
0.60
1.80
0.00
0.00
0.00
0.00
0.00
0.00
0.00
0.00
0.20
0.00
0.00
0.00
0.00
0.00
0.00
0.00
0.00
0.00
0.00
0.00
0.00
0.00
0.00
12.20
4.20
3.80
10.60
3.40
2.20
0.20
0.00
0.00
4.60
50.90
10.00
0.00
17.50
22.10
1.00
0.00
0.20
8.40
1.80
0.20
0.00
1.00
0.00
0.00
0.00
0.00
0.00
0.00
4.40
0.00
0.00
0.00
0.00
0.00
0.00
0.00
0.00
0.00
0.00
0.00
0.00
0.00
0.00
0.00
0.20
0.20
0.00
0.00
0.00
0.00
0.00
0.00
0.00
0.00
0.00
0.00
0.00
0.00
0.00
0.00
0.00
0.00
0.00
0.00
0.00
0.00
0.00
0.00
17.60
1.20
0.00
0.00
0.00
0.00
0.00
0.00
0.60
0.00
0.00
0.00
0.00
0.00
0.00
0.00
0.00
0.00
0.00
0.00
0.00
0.20
0.00
0.00
0.00
0.00
0.00
0.00
0.00
0.00
0.00
0.00
0.00
0.00
0.40
0.00
0.00
0.00
0.00
0.40
0.00
0.00
0.00
0.00
0.00
0.00
0.00
0.60
0.00
0.00
0.00
0.00
0.00
0.00
0.00
0.00
0.00
0.60
0.00
0.00
0.00
0.00
0.00
0.00
3.00
0.00
0.00
0.00
0.00
0.00
0.00
0.00
0.00
0.00
0.00
0.00
0.00
0.00
0.00
0.00
0.00
0.40
0.00
0.00
0.00
0.00
0.00
0.00
0.00
0.00
0.00
0.00
0.00
0.00
0.00
0.00
0.00
0.00
0.00
0.00
0.00
0.00
0.00
0.00
9.90
3.20
0.00
0.00
0.00
0.00
0.20
0.00
0.00
0.00
0.00
0.00
1.00
10.40
0.00
0.00
0.00
0.00
0.00
0.00
1.20
0.80
0.00
0.00
0.00
0.00
0.00
0.00
0.00
0.00
0.00
0.00
0.20
1.10
18.90
7.50
0.00
0.00
0.00
0.00
0.00
0.00
0.00
0.00
0.00
0.00
0.00
0.00
0.00
0.20
0.00
0.30
0.80
0.00
0.00
0.00
0.00
0.00
0.00
0.00
0.00
0.00
0.10
0.00
0.00
0.00
1.20
0.00
0.00
0.00
0.20
0.00
0.00
2.00
0.30
0.00
0.00
4.80
0.00
0.00
0.00
0.00
0.00
0.00
0.00
0.00
0.00
1.80
2.20
22.80
0.00
0.00
0.00
0.10
0.00
1.40
7.80
1.40
3.10
4.20
5.70
0.00
0.00
3.60
0.10
0.00
0.00
0.00
0.00
8.10
0.00
0.00
17.80
7.00
13.20
1.70
0.40
8.90
3.30
2.80
0.00
0.00
0.00
0.00
0.00
0.00
0.00
0.00
0.00
0.00
4.90
0.00
0.00
0.00
0.00
0.00
0.00
0.00
0.00
0.00
8.80
0.50
0.00
0.00
7.40
0.10
0.00
0.00
0.00
0.00
0.00
3.10
3.30
0.20
11.10
0.80
0.00
0.10
0.10
0.20
0.00
0.00
0.00
2.10
0.00
0.00
0.50
2.40
0.00
0.00
0.00
14.30
5.90
0.00
0.00
0.00
0.00
0.00
0.00
0.00
0.00
0.00
0.00
0.70
0.00
3.80
3.90
0.00
0.20
0.90
0.00
0.00
0.00
0.00
3.10
0.10
0.00
0.00
0.00
0.00
0.00
0.00
2.70
0.00
0.00
0.00
0.00
14.50
0.40
1.60
0.00
0.00
2.30
0.50
0.00
0.00
0.00
0.00
0.40
0.10
0.00
0.00
0.00
0.00
0.00
0.00
0.70
1.10
41.30
0.00
0.00
0.00
0.30
0.00
-99.00
-99.00
0.20
0.00
3.10
0.20
0.00
0.00
0.00
0.00
0.00
0.00
0.00
0.00
0.00
0.00
0.00
0.00
0.90
0.30
0.00
0.00
0.00
0.00
0.00
0.00
0.00
0.50
4.20
0.00
0.00
20.70
0.80
2.60
0.00
0.00
3.70
0.10
0.30
0.00
0.00
0.00
0.00
0.00
0.00
0.00
0.00
0.00
0.00
0.00
0.00
0.00
0.00
0.00
0.00
0.00
0.00
0.00
0.00
0.00
0.00
0.00
0.00
0.00
0.00
0.00
0.00
0.00
0.00
0.00
0.00
0.00
0.00
0.00
3.20
0.00
0.00
0.00
0.00
0.00
0.00
0.00
0.00
0.00
3.70
10.00
0.00
0.00
0.00
0.00
0.00
0.00
0.00
0.00
0.00
0.00
9.60
0.00
0.00
0.00
0.00
0.00
6.50
0.00
0.00
0.00
0.00
0.00
0.00
0.00
0.00
0.00
0.00
0.00
0.00
0.00
0.00
0.00
0.00
0.00
2.30
1.80
0.00
0.00
0.00
0.00
0.00
0.00
0.00
0.00
0.00
63.70
0.00
0.00
29.00
0.00
0.00
7.60
0.60
0.00
0.00
0.00
0.00
0.00
0.00
0.00
0.00
0.20
0.10
0.00
0.00
0.00
0.00
19.50
0.50
8.20
37.10
5.10
0.00
0.00
0.00
0.00
0.00
0.00
0.00
0.00
0.00
0.00
0.00
0.00
0.00
0.00
0.00
0.00
0.00
0.40
0.00
0.00
0.00
0.00
0.00
0.10
0.00
2.90
0.10
0.00
0.00
0.00
0.00
1.50
1.00
0.00
0.00
0.00
0.00
1.70
0.20
0.00
0.00
0.00
0.00
0.00
0.00
0.00
0.10
0.00
0.00
0.00
0.00
0.00
0.30
0.10
1.50
0.30
0.50
0.00
0.00
0.00
0.50
0.10
0.00
0.00
0.00
0.00
0.40
0.20
4.90
0.10
0.10
0.00
0.00
0.00
0.00
0.00
0.00
0.00
0.00
0.20
0.00
0.00
0.00
0.40
0.00
0.10
0.10
0.00
0.00
0.00
0.00
0.00
0.00
0.00
0.10
0.10
0.00
0.00
0.00
0.00
0.00
0.00
0.00
0.00
0.00
0.50
5.50
0.00
0.00
0.00
0.00
0.00
0.00
0.00
0.00
0.00
0.00
0.00
0.00
0.00
0.10
0.00
0.00
0.70
0.90
0.00
2.50
0.00
1.00
0.00
0.20
0.00
0.00
0.00
0.00
0.00
0.00
2.00
0.10
0.00
16.10
6.60
0.00
0.10
0.00
0.00
0.00
0.00
0.20
34.30
0.10
0.90
39.10
13.10
0.00
0.00
0.00
0.00
0.00
3.60
0.00
0.00
0.00
0.00
0.40
0.00
0.00
0.50
0.00
0.00
0.00
0.00
0.00
0.00
0.00
0.00
0.00
0.00
0.00
0.60
0.00
0.00
0.00
0.00
0.00
0.00
0.00
0.00
0.00
0.20
9.20
0.00
5.50
2.30
0.70
0.00
0.40
0.00
0.00
0.00
3.30
0.00
0.00
0.00
0.00
31.40
0.20
0.00
0.00
0.00
0.00
0.00
27.10
0.00
0.00
0.00
0.00
0.00
0.00
0.00
0.00
0.00
0.00
0.00
0.20
0.10
0.20
1.60
3.10
0.00
0.00
1.70
3.60
10.00
0.10
0.00
0.00
0.00
0.00
1.80
0.00
0.00
0.00
0.00
0.00
0.00
0.00
0.00
0.00
0.00
0.00
0.00
0.00
0.00
0.00
0.00
0.00
0.00
0.00
0.00
0.00
0.00
12.90
0.10
0.00
0.00
0.00
0.00
0.00
0.00
0.00
1.10
0.00
0.00
0.00
0.00
0.00
0.00
0.00
0.00
0.00
0.00
0.00
0.00
0.00
0.00
0.00
0.00
0.00
0.00
0.00
0.00
0.00
0.00
0.00
0.40
0.00
0.00
0.00
0.00
0.00
0.00
0.00
0.30
0.00
0.00
0.00
0.00
0.00
0.00
0.00
0.00
0.00
0.00
0.00
0.00
0.00
0.00
0.00
0.00
0.00
0.00
0.00
0.00
0.00
0.00
0.00
0.00
0.00
0.00
0.00
0.00
0.00
0.00
0.00
0.00
0.00
0.00
0.00
0.00
0.00
0.00
0.00
0.00
0.00
0.00
0.00
0.00
0.00
0.00
0.00
0.00
0.00
0.00
0.00
0.00
0.00
0.00
0.00
0.00
0.00
0.00
0.00
0.00
0.00
0.00
0.00
0.00
0.00
0.00
0.00
0.00
0.00
0.00
0.00
5.00
0.20
0.00
4.80
12.40
2.50
0.00
0.00
0.00
0.00
26.20
29.10
0.10
0.80
5.50
0.00
0.00
0.00
0.10
0.00
0.00
0.00
24.10
0.20
0.00
0.00
6.70
20.70
0.10
6.90
0.20
0.10
0.10
0.00
0.10
0.00
0.00
0.00
0.00
0.20
1.90
0.00
0.00
0.00
0.00
0.00
0.10
0.00
0.00
0.00
0.00
0.00
0.00
0.00
0.00
0.00
0.00
0.00
0.00
0.00
0.00
0.00
0.00
0.00
0.20
0.00
0.00
0.00
0.00
0.00
0.00
0.00
0.00
0.00
0.00
0.00
0.00
0.00
0.00
0.10
0.00
0.00
0.00
0.00
0.10
0.20
0.10
0.00
0.10
0.00
0.00
0.00
0.00
0.00
0.00
1.30
0.00
0.00
0.00
0.00
0.40
0.00
0.00
0.00
3.30
0.10
0.00
0.00
0.00
0.00
0.00
0.00
0.00
0.00
0.00
0.00
0.00
0.00
0.00
0.00
0.00
0.00
0.00
0.00
0.00
0.00
0.00
0.00
0.10
0.00
0.00
0.00
0.00
0.00
0.00
0.00
0.00
0.00
0.00
0.00
0.00
0.00
0.00
0.00
0.00
0.00
0.00
0.00
10.20
28.20
0.40
0.00
0.00
0.00
0.00
0.00
0.00
0.00
0.00
0.00
0.00
0.00
18.20
4.60
8.20
7.40
0.10
0.00
0.00
1.60
0.00
2.20
0.00
0.00
0.00
0.00
0.00
0.30
0.00
0.00
0.20
4.30
0.70
0.00
0.00
0.00
0.00
9.80
1.60
9.40
0.00
0.00
0.00
6.30
0.00
0.00
0.00
0.00
0.00
0.00
0.00
0.00
0.00
0.00
0.00
0.00
0.00
0.00
2.20
1.70
0.00
0.00
0.00
0.00
0.00
0.00
0.00
0.00
0.00
0.00
0.00
0.00
0.30
2.20
0.00
0.00
0.00
0.00
0.00
0.00
0.00
0.00
0.00
0.00
0.00
0.00
0.00
0.00
0.10
3.60
0.10
0.00
0.00
0.00
0.00
0.00
0.00
0.00
0.00
0.00
0.00
8.10
0.00
0.00
0.00
0.20
0.00
0.00
0.00
0.00
0.00
0.00
0.00
0.00
0.00
0.00
0.00
0.00
0.00
0.00
0.00
0.00
0.00
0.00
0.00
0.00
0.00
0.00
0.00
0.00
0.00
0.00
0.00
0.00
0.00
0.00
0.00
0.00
0.00
0.00
0.00
0.00
0.00
0.00
0.00
0.00
0.00
0.00
0.00
0.00
0.00
0.00
0.00
0.40
0.00
0.00
0.00
0.00
0.00
0.00
0.00
1.30
0.00
0.00
0.00
0.00
0.00
0.00
0.00
0.00
0.00
0.00
0.00
0.00
0.00
0.00
0.00
0.00
0.00
0.00
0.00
0.00
0.00
0.00
0.00
0.00
0.00
0.00
0.30
0.10
7.40
40.70
0.10
0.00
0.00
0.00
0.00
0.00
0.00
0.00
0.00
0.00
10.80
1.60
0.00
0.00
0.30
0.00
0.00
0.00
0.00
1.70
26.20
14.00
0.10
0.10
0.10
57.90
1.10
0.00
0.00
0.00
12.00
6.70
0.00
0.00
0.30
5.70
0.00
0.00
0.00
0.00
8.00
0.10
0.00
0.10
0.10
0.50
0.00
0.50
26.00
8.10
0.00
0.10
0.00
0.00
0.10
0.00
0.00
0.10
0.30
0.00
0.00
0.00
0.20
0.00
0.00
0.00
0.00
0.00
0.00
0.00
0.00
0.00
0.00
0.10
0.20
1.70
1.20
0.00
0.00
0.00
0.00
0.00
0.00
0.00
0.00
0.20
0.10
0.00
0.00
0.00
0.00
0.00
0.00
0.00
0.00
0.00
0.00
0.00
0.00
0.00
0.00
0.00
0.00
0.00
1.10
3.80
0.00
0.00
0.00
0.00
0.40
7.90
0.80
0.20
0.40
0.00
3.40
0.00
1.60
1.30
0.00
0.00
0.00
0.00
0.00
1.10
0.00
0.00
1.90
0.00
0.00
0.00
0.00
0.40
0.00
0.00
0.00
0.00
0.00
0.00
0.00
2.70
0.00
0.00
0.10
11.30
7.00
0.00
0.00
0.00
0.00
28.40
8.00
0.10
0.00
9.60
19.20
20.30
0.10
1.30
0.00
0.10
0.00
0.00
1.20
0.00
0.00
0.10
2.00
0.00
0.40
0.50
0.00
0.00
0.00
0.00
0.50
3.50
0.10
0.00
4.40
0.00
0.00
0.90
0.00
2.60
3.30
0.70
0.20
0.00
0.00
0.00
0.00
0.00
0.00
0.00
0.10
0.00
0.00
0.00
0.00
0.00
0.00
0.00
0.00
0.00
0.00
4.90
1.60
8.60
30.00
50.20
2.00
2.30
0.00
0.00
0.20
0.10
0.00
0.00
0.00
3.80
0.00
0.00
0.00
0.00
8.60
12.70
0.00
2.00
6.40
0.40
1.60
0.00
0.00
0.00
0.00
0.00
0.00
0.00
0.00
0.00
0.00
0.00
0.00
0.00
0.00
0.00
0.00
0.20
0.00
17.10
0.10
0.00
0.00
0.00
0.00
0.00
0.00
0.00
3.80
29.30
0.00
0.00
0.00
0.00
0.00
0.00
0.00
0.00
0.00
0.00
0.00
0.00
2.20
0.00
0.00
0.00
0.00
0.00
0.00
0.00
0.00
1.30
1.00
0.00
1.30
0.00
0.00
0.00
0.20
1.20
0.00
0.00
0.00
0.00
1.00
0.00
0.00
0.00
0.00
0.00
0.00
0.00
0.00
0.00
0.00
0.10
0.00
0.00
0.00
1.10
0.00
0.00
0.00
0.00
0.00
0.00
0.00
0.00
0.00
0.00
0.00
0.00
0.00
0.00
0.00
0.00
0.00
0.00
0.00
0.00
0.90
0.00
3.00
0.00
0.00
0.00
0.00
0.00
0.00
0.00
3.00
0.00
0.00
0.00
0.00
0.00
0.00
0.00
0.00
0.00
0.00
0.00
0.00
0.00
0.00
0.00
0.00
0.00
0.00
0.00
0.00
0.00
0.00
0.00
0.00
0.00
1.30
2.20
0.20
0.00
0.00
0.00
0.00
0.00
0.00
0.00
0.00
0.00
0.00
0.00
0.00
0.00
0.00
0.00
0.00
1.90
0.30
0.00
0.00
0.00
0.00
0.00
0.00
0.00
0.00
0.00
0.00
0.00
0.90
0.00
0.00
0.00
0.00
0.00
0.00
0.00
0.00
0.00
0.00
0.00
107.20
52.90
18.00
0.00
0.00
0.00
0.00
0.00
0.00
0.00
0.00
0.00
0.00
0.10
0.00
0.00
0.00
0.00
0.00
0.00
0.00
0.00
0.10
0.00
0.00
0.10
0.00
0.00
0.00
0.20
0.10
0.00
0.10
10.10
0.20
0.00
0.10
0.00
0.20
3.40
0.00
0.00
0.00
0.00
0.00
0.00
1.00
0.00
0.00
0.90
0.00
0.00
0.00
0.10
0.10
0.00
2.10
0.10
3.70
0.10
0.40
1.40
0.00
59.70
0.40
0.00
0.00
0.90
0.00
0.00
0.00
0.00
0.10
1.90
3.40
0.10
0.00
0.00
0.00
0.00
1.80
0.10
0.00
0.10
0.00
9.50
0.40
0.50
0.00
0.00
0.00
2.30
3.90
0.10
0.00
0.00
0.00
0.00
0.00
0.00
0.00
1.30
0.00
0.00
0.80
0.00
0.40
2.20
0.00
0.00
0.00
0.00
0.00
0.00
0.00
0.00
0.00
0.00
0.00
0.00
0.00
0.00
0.00
0.00
0.00
0.40
3.00
0.00
0.40
5.30
0.00
0.00
0.20
0.00
4.70
0.00
0.00
0.00
81.30
0.00
0.00
0.00
0.00
0.00
0.00
0.00
5.80
0.00
0.00
0.00
0.00
0.00
0.00
0.00
1.50
2.00
21.00
0.00
0.00
6.00
0.00
0.80
0.00
0.00
0.00
0.00
0.00
0.00
0.00
0.00
0.00
0.00
0.00
0.10
0.00
0.00
0.30
1.00
0.20
0.00
0.00
0.00
0.00
0.00
0.00
0.00
0.00
1.00
7.20
0.00
0.00
2.50
0.00
16.30
0.00
0.90
0.00
0.00
0.00
0.00
0.00
0.00
2.40
0.00
0.00
0.00
0.00
0.00
0.00
0.00
0.00
0.20
0.00
1.50
0.00
0.00
0.00
0.00
0.00
0.00
8.40
0.50
0.00
0.00
0.00
0.00
0.00
0.00
0.00
3.20
11.50
0.00
0.00
0.00
0.00
0.00
0.00
0.00
0.00
0.00
0.00
0.00
0.00
0.00
0.00
0.00
0.00
0.00
0.00
0.00
0.00
0.30
0.00
0.00
0.80
0.00
0.00
0.00
0.10
2.10
0.10
0.00
0.00
0.00
0.00
0.00
0.00
0.00
0.00
0.10
0.00
0.00
0.00
0.00
0.00
0.00
0.00
0.60
0.00
1.30
0.00
0.00
0.00
0.00
0.00
0.00
0.00
0.00
0.00
0.00
0.00
0.00
0.00
0.70
0.00
0.00
0.00
3.00
0.10
0.00
0.00
0.00
0.00
0.00
0.60
0.20
0.00
6.70
0.10
0.80
14.10
0.10
0.00
0.00
0.00
0.00
24.20
0.00
25.10
0.10
0.10
0.00
0.00
0.00
0.00
0.00
0.00
0.00
3.50
0.10
0.30
0.00
0.90
0.10
0.00
0.00
0.00
0.00
0.00
0.00
0.00
0.00
0.00
0.00
0.00
0.00
0.00
0.00
0.00
0.00
0.00
0.00
3.90
5.60
0.00
0.00
0.00
0.00
0.50
0.10
2.50
0.10
0.00
5.40
0.10
0.00
0.10
0.00
0.00
0.10
0.00
0.00
0.00
0.00
0.00
10.70
3.40
15.30
72.60
22.00
6.30
0.10
5.80
12.60
0.10
0.00
0.00
0.00
0.00
0.00
0.00
0.00
0.20
0.10
9.60
0.00
0.00
0.00
0.00
0.10
0.00
0.20
0.00
0.00
0.00
0.00
0.00
0.00
0.00
0.00
0.00
0.00
0.00
0.00
0.00
0.00
0.00
0.00
0.00
0.20
0.00
0.00
0.00
0.00
0.10
0.10
2.70
0.00
0.40
0.60
0.00
0.00
0.00
0.00
0.00
0.00
0.00
0.00
0.00
0.00
20.00
3.30
0.00
0.00
1.80
13.90
0.00
0.00
0.00
0.00
0.00
0.00
0.00
0.00
0.10
0.00
0.00
0.00
0.00
0.00
0.00
0.00
1.40
0.00
2.90
0.00
0.00
0.00
0.00
0.00
0.00
0.00
0.00
0.00
0.00
0.00
0.00
0.00
0.00
0.00
0.00
0.00
0.00
0.40
0.00
0.00
0.00
0.10
0.00
6.60
40.60
13.20
1.80
16.70
0.60
0.00
0.00
0.00
0.00
0.00
0.00
0.00
0.00
0.00
0.00
0.00
0.00
0.00
0.00
0.10
0.00
0.00
0.00
0.00
0.00
0.00
6.90
0.10
0.70
0.10
0.00
0.00
0.00
0.00
0.00
0.00
22.60
0.00
0.00
0.00
0.00
0.00
0.00
0.00
0.00
0.00
0.00
0.00
0.00
0.00
0.00
0.00
0.00
0.00
0.00
0.00
0.00
0.00
0.00
5.80
0.00
0.00
0.00
0.00
0.00
0.00
0.00
0.00
0.00
0.00
0.00
0.00
0.00
0.00
0.00
0.00
0.00
0.00
0.00
0.00
0.10
1.30
2.30
0.00
9.30
0.00
2.10
6.90
0.00
0.00
0.00
0.00
0.00
0.00
38.00
0.00
0.00
0.00
0.00
0.00
0.00
0.00
0.00
0.00
0.00
0.00
0.00
0.00
0.00
0.00
0.00
0.00
0.00
0.00
0.00
0.00
0.00
0.00
0.00
0.00
0.00
0.00
0.20
0.10
0.00
0.00
0.00
0.00
0.00
0.00
0.00
0.50
18.50
0.00
0.00
0.00
2.50
0.00
0.00
0.00
3.40
0.00
0.00
0.00
0.00
0.00
0.00
0.00
0.00
0.00
0.50
0.00
0.00
0.00
2.40
0.00
0.00
0.00
0.00
0.00
0.00
0.00
0.00
3.30
0.40
5.90
4.00
7.00
0.20
0.00
0.00
0.00
0.00
1.10
0.20
0.20
0.00
0.00
0.00
0.00
0.00
0.00
0.00
0.00
0.00
0.00
0.00
0.00
0.00
0.00
0.00
0.00
0.10
2.60
0.10
0.60
0.10
0.00
0.00
0.00
0.00
0.00
0.00
0.00
0.00
0.00
0.00
0.30
0.00
0.00
0.00
0.00
0.00
0.20
0.00
0.00
0.00
0.00
0.00
0.00
0.90
0.00
0.00
0.00
0.00
0.00
80.20
0.00
1.20
0.10
0.00
0.00
0.00
0.00
0.00
0.00
0.00
0.00
0.00
0.10
0.00
0.00
0.10
0.10
0.20
0.00
0.00
0.00
0.00
0.10
0.00
0.00
0.00
0.00
0.00
0.00
0.00
0.10
0.00
0.00
0.00
0.00
0.00
0.00
0.00
0.00
0.00
0.10
0.00
0.10
0.00
0.00
0.10
0.00
0.00
0.00
0.20
0.00
0.00
0.10
0.10
0.20
0.00
0.80
0.00
0.00
0.10
0.00
0.30
1.80
0.00
0.00
0.00
0.30
0.00
0.00
0.00
0.00
0.00
0.00
0.00
0.00
0.00
0.30
0.00
0.00
0.00
0.00
0.00
0.00
0.00
0.00
0.00
0.00
0.00
0.00
0.00
0.00
0.00
0.00
0.00
0.00
0.00
0.40
0.00
0.00
0.00
6.10
0.80
3.70
1.40
0.00
0.00
0.00
0.00
0.00
0.00
0.00
0.40
0.00
0.00
0.00
1.00
17.30
0.10
0.00
0.00
0.00
0.00
0.60
0.00
0.00
0.00
0.00
1.30
0.00
0.00
0.00
0.00
18.40
17.40
0.20
0.00
0.00
9.10
6.40
0.00
0.00
0.00
0.00
0.00
0.00
0.00
0.00
0.00
0.00
0.00
0.60
0.00
0.00
11.10
40.20
0.10
0.00
0.00
0.00
0.00
1.00
0.00
0.00
0.00
0.00
0.30
1.50
0.00
0.00
0.60
0.40
0.20
0.00
0.00
0.00
0.00
7.60
1.80
0.10
4.00
0.00
0.00
0.00
0.00
0.10
0.00
0.00
0.40
20.60
4.00
1.40
0.00
0.00
0.00
0.00
0.00
0.00
0.30
0.00
0.00
0.00
3.90
0.00
0.00
0.00
0.00
0.00
5.80
0.00
0.00
0.00
0.00
0.00
0.00
2.90
0.10
1.20
0.00
0.00
0.00
0.00
0.00
0.00
0.00
0.00
3.30
0.00
0.00
0.10
0.00
0.00
0.00
0.00
0.00
0.20
0.00
0.00
0.00
0.00
0.00
0.00
0.00
0.00
0.00
0.00
0.00
0.00
0.00
0.00
0.00
0.00
0.40
0.00
0.00
0.00
0.00
0.00
0.00
0.00
0.00
0.00
0.00
1.40
0.00
0.00
0.00
0.00
0.00
0.00
0.00
0.00
0.00
0.00
0.00
1.80
0.70
0.00
0.00
0.00
0.00
0.20
0.00
0.00
0.00
0.00
0.00
0.60
0.00
0.00
0.00
0.00
0.00
0.00
0.00
0.00
0.00
0.00
0.00
0.00
0.00
0.00
0.00
0.00
0.00
0.00
0.00
0.00
0.00
0.00
0.00
0.00
0.00
0.00
0.00
0.00
2.00
2.00
0.10
0.00
0.00
0.00
0.00
0.00
0.00
0.00
6.20
0.10
0.00
0.00
0.00
0.00
0.00
0.00
0.00
0.00
0.00
0.00
0.00
0.20
0.00
0.00
0.00
0.00
0.00
0.90
18.50
5.20
0.00
0.10
0.10
0.10
0.00
0.00
0.40
0.70
0.00
0.00
0.40
0.00
0.10
0.00
0.10
0.10
0.10
0.00
0.00
0.00
0.80
3.70
0.10
0.00
0.00
0.00
0.00
0.00
0.00
0.60
0.10
0.00
0.00
0.00
0.00
0.00
2.70
10.80
9.10
27.80
0.10
0.10
3.50
20.30
1.20
0.00
0.00
0.20
0.10
0.00
2.00
0.00
0.00
0.10
0.10
0.00
0.10
0.00
0.00
0.00
0.10
1.00
23.10
0.20
0.10
5.80
0.30
0.10
0.00
0.00
0.10
0.10
0.00
0.00
0.00
0.00
0.00
0.00
0.00
0.10
0.00
0.10
0.00
0.00
0.00
0.00
0.00
0.00
0.00
0.00
0.00
0.00
0.00
0.00
0.00
0.00
0.00
2.20
0.30
3.70
3.20
0.00
0.00
0.00
9.20
4.70
0.00
0.00
0.00
0.00
1.30
0.10
0.00
3.50
0.00
0.00
0.00
0.00
0.00
2.90
0.00
8.40
0.10
0.00
0.00
0.00
0.10
0.00
0.10
0.00
0.00
0.00
1.00
0.00
0.00
0.00
0.00
0.00
0.00
13.30
8.60
0.00
0.00
0.00
0.00
0.00
0.00
0.00
0.10
2.10
0.10
0.00
0.00
0.00
0.00
0.00
0.00
0.00
0.00
0.00
8.80
1.70
0.00
11.40
0.10
0.00
0.00
5.90
0.00
0.00
0.00
0.00
0.00
0.00
0.00
0.00
0.00
0.00
0.00
0.00
0.00
0.00
0.00
0.00
0.00
0.00
1.20
0.00
0.00
0.00
0.00
0.00
1.80
0.40
5.60
0.00
1.40
0.20
0.00
0.00
0.00
0.00
0.00
0.00
0.00
0.00
5.90
0.40
4.10
0.00
0.10
0.00
0.00
0.00
0.00
9.50
0.00
0.00
0.00
0.00
0.00
0.00
0.00
0.00
0.00
0.00
0.00
0.00
0.00
0.00
0.00
4.20
21.70
0.20
0.00
0.00
0.00
0.00
0.00
0.00
0.00
0.00
0.00
0.00
0.00
0.00
0.00
0.00
0.00
0.00
0.00
0.00
0.00
0.30
0.10
2.10
3.60
0.00
0.00
0.00
0.00
0.00
0.00
0.00
0.00
0.00
1.60
0.00
0.00
0.00
0.00
0.00
0.00
0.00
0.00
0.00
0.00
0.40
0.00
3.20
0.00
18.70
0.10
0.00
0.00
0.00
0.00
0.00
0.00
0.00
1.10
0.00
0.00
0.00
0.00
0.00
0.00
0.00
0.70
0.00
0.00
0.00
0.00
0.00
0.00
0.00
0.00
0.00
0.00
0.00
0.00
0.00
0.10
0.00
0.00
0.00
0.00
0.00
1.30
2.20
0.80
0.00
0.00
0.40
0.00
0.00
0.00
0.00
0.00
2.90
0.00
0.00
0.00
0.00
0.00
5.90
0.10
0.00
0.00
0.00
0.00
0.00
2.10
0.10
0.00
0.00
0.00
0.00
0.00
0.00
0.10
0.00
0.00
0.00
0.00
0.00
0.00
0.00
0.00
0.00
0.00
0.00
0.00
0.00
0.00
0.00
0.00
0.00
37.30
3.20
0.10
0.00
0.00
0.00
0.00
0.00
0.00
0.10
0.00
0.00
0.00
0.00
0.00
0.00
0.00
12.70
0.00
0.00
0.00
0.00
0.00
0.00
0.00
0.00
0.00
0.00
0.00
0.00
0.00
0.00
0.00
0.00
0.00
0.00
0.10
0.00
0.00
0.00
0.00
0.00
0.00
0.00
0.40
0.00
0.00
0.00
0.00
0.10
0.10
0.00
0.20
0.00
0.20
0.00
0.00
0.00
0.00
0.00
0.00
0.00
0.00
0.00
0.00
0.00
0.00
0.00
0.00
1.10
3.20
0.10
0.10
0.00
0.00
0.00
0.00
0.00
0.00
0.00
1.80
5.60
0.10
0.20
0.00
0.00
0.00
0.00
0.00
0.00
0.00
0.00
0.00
0.00
0.00
0.00
0.00
0.00
0.00
0.90
6.70
0.00
0.00
0.10
0.00
0.10
0.00
0.00
0.20
14.80
10.60
9.80
0.00
0.00
0.10
0.00
0.00
0.00
0.00
0.00
0.00
0.00
0.00
0.00
0.00
0.00
0.00
0.00
0.00
0.00
0.00
0.50
0.70
4.40
0.50
1.70
0.10
0.00
9.00
0.20
0.10
0.00
1.30
2.80
0.10
0.30
0.30
0.00
1.20
0.00
5.30
0.00
1.20
0.00
0.00
0.00
0.10
9.00
0.00
0.00
0.00
0.00
0.00
0.00
0.10
0.00
0.00
0.00
0.00
0.00
1.90
1.10
9.60
1.30
8.70
16.20
0.10
7.10
0.10
0.00
2.80
0.00
0.00
0.00
0.00
0.00
0.00
0.00
0.00
0.00
0.00
2.60
0.00
3.70
0.20
1.20
0.10
0.00
0.00
0.00
0.00
0.20
0.30
0.00
0.00
0.00
24.80
0.00
0.00
0.00
0.00
0.00
0.60
1.60
0.10
0.00
0.00
0.10
0.10
0.30
0.00
0.00
38.30
0.10
24.10
0.20
0.00
0.00
0.70
0.00
0.00
0.70
0.00
0.00
0.00
0.00
0.50
0.00
0.00
0.00
0.00
0.00
0.00
0.00
0.00
0.00
0.00
0.00
0.00
0.00
0.00
0.00
0.00
0.00
0.00
0.00
0.00
0.00
0.00
0.00
0.00
0.00
0.00
0.00
3.20
0.00
3.00
0.00
0.00
0.00
0.00
0.00
0.00
0.00
0.00
0.20
0.00
0.80
0.00
0.00
0.00
0.00
0.00
0.00
0.00
0.00
0.00
0.00
0.00
0.00
0.00
0.00
0.00
0.00
0.00
1.20
0.00
0.00
0.00
0.00
0.00
0.00
0.00
10.70
0.00
0.00
0.00
0.00
2.70
0.00
0.00
0.00
0.00
0.00
0.90
0.00
0.00
0.00
0.00
0.00
0.00
0.00
0.30
0.00
0.00
0.00
0.00
0.00
0.00
0.10
0.00
0.00
3.00
0.10
0.10
0.00
0.00
0.00
0.00
0.00
0.00
0.00
0.00
0.00
0.00
0.00
0.00
0.00
0.00
0.00
0.00
0.00
0.00
0.00
0.00
3.00
8.80
0.10
0.10
0.00
0.00
62.40
0.60
0.00
0.10
16.40
43.10
0.00
0.10
0.10
0.10
0.00
0.00
1.10
8.20
0.00
0.00
2.60
31.20
0.00
0.10
0.10
0.00
9.30
0.10
0.10
4.00
6.60
0.00
0.00
0.00
0.00
0.00
20.50
0.30
0.00
2.10
0.00
4.60
0.10
0.10
2.70
0.10
1.40
4.90
0.00
0.00
0.00
1.90
0.00
0.00
0.00
0.20
0.10
0.10
0.00
0.00
0.00
0.00
0.00
0.00
6.00
0.10
0.00
0.00
0.00
0.00
0.20
0.00
0.00
0.20
0.00
0.10
0.10
0.00
0.00
0.00
0.00
0.10
0.10
0.10
0.20
0.10
0.10
0.00
0.00
0.00
0.00
0.00
0.00
0.00
0.00
0.00
0.00
0.00
0.00
0.00
0.00
1.20
0.30
0.20
0.20
1.40
0.00
0.00
0.00
0.00
0.00
3.90
0.00
0.70
2.80
0.00
0.00
0.00
0.00
0.00
0.00
0.00
0.00
0.00
0.00
0.00
0.00
0.00
0.00
0.10
0.00
0.00
0.00
0.10
0.00
0.00
0.00
0.00
0.00
0.00
0.00
0.00
0.00
0.00
0.00
0.00
0.00
1.20
0.00
0.00
0.00
0.00
0.00
0.00
0.00
0.00
0.00
0.00
0.00
0.00
0.00
0.00
0.00
0.00
0.00
0.00
0.00
0.00
0.00
0.00
0.00
0.00
0.90
0.20
0.00
0.20
0.00
1.40
1.90
0.00
4.10
0.10
0.00
0.00
0.00
0.00
0.00
0.00
0.00
0.00
0.00
0.00
6.60
0.20
5.00
0.30
0.00
1.70
0.00
0.00
0.00
0.00
0.00
0.00
2.40
1.20
0.00
0.00
0.00
0.00
0.10
0.00
1.10
0.10
0.00
0.00
0.00
0.00
0.00
4.20
0.00
0.00
0.00
0.00
0.00
0.00
22.20
0.70
0.00
0.00
0.00
0.00
0.00
0.00
0.00
0.00
0.00
0.00
0.00
0.00
0.00
0.00
0.00
1.30
0.10
0.00
0.00
0.00
0.00
0.00
0.00
0.00
0.00
0.00
1.80
0.00
0.00
0.00
0.00
0.00
0.00
0.00
0.00
0.00
0.00
0.00
0.00
0.00
0.00
0.00
0.80
2.90
17.90
0.00
0.00
0.00
0.00
0.10
0.00
0.00
0.00
0.00
0.00
0.00
0.00
0.00
0.00
0.00
0.00
0.40
0.00
0.00
0.00
0.00
0.00
0.00
0.00
0.00
0.00
0.00
0.00
0.00
0.00
0.00
0.00
0.00
0.00
0.00
0.00
0.00
0.00
0.00
0.00
0.10
7.70
0.00
0.00
0.00
0.00
0.00
0.30
7.50
0.10
0.00
0.00
0.00
0.10
0.00
0.00
0.00
0.00
0.00
0.00
0.00
0.00
5.50
17.90
0.00
2.60
0.10
0.00
0.00
0.00
0.00
0.00
0.00
11.60
0.40
0.00
0.00
0.00
0.00
0.00
0.00
0.00
0.00
0.00
0.00
0.00
0.00
0.00
0.00
0.00
0.00
0.00
0.00
0.00
0.00
0.00
3.80
0.00
0.00
0.00
0.00
0.00
2.20
0.20
151.10
0.60
0.10
0.00
0.00
0.00
0.10
0.00
0.10
0.00
0.10
0.10
1.20
1.10
0.10
0.00
0.00
0.00
0.60
0.70
0.00
0.00
7.10
1.90
1.20
0.10
0.20
0.10
0.00
0.00
0.00
6.40
0.40
0.00
0.00
0.00
0.00
0.00
0.00
0.00
0.00
0.00
2.10
36.70
9.90
0.30
0.20
0.10
0.10
0.00
0.00
1.00
0.00
0.00
0.00
0.00
0.00
0.00
1.10
9.70
1.70
0.60
0.00
0.00
0.10
0.10
0.00
0.20
0.00
0.00
0.00
0.00
0.00
0.00
0.00
0.10
0.10
0.00
0.00
0.10
0.00
0.30
0.10
0.00
0.10
0.10
0.00
0.10
0.20
18.00
13.50
76.70
62.30
18.60
0.10
0.00
0.00
0.10
0.00
0.00
0.00
0.00
0.00
0.00
0.00
0.10
0.00
0.00
0.00
0.00
0.10
0.00
0.00
0.00
0.00
0.00
0.00
0.00
0.00
0.00
0.00
0.00
0.00
0.00
0.00
0.00
0.00
0.00
0.00
0.00
0.00
0.00
0.70
0.00
0.00
0.00
0.00
0.00
0.00
0.00
0.00
0.00
0.00
0.00
0.00
0.00
3.70
0.00
0.00
0.00
0.00
0.00
1.00
3.20
0.00
0.70
2.30
0.10
0.00
0.00
0.60
4.10
32.60
8.30
0.00
0.10
0.00
0.00
1.10
0.00
0.00
0.10
0.30
0.00
2.90
0.00
0.00
0.00
0.00
3.50
11.60
15.60
15.30
3.80
1.30
0.00
0.00
0.00
7.60
0.10
0.00
0.00
0.00
0.00
0.00
0.00
0.00
0.00
0.00
0.00
0.00
28.90
0.00
1.50
1.50
56.80
1.20
0.30
0.00
0.00
0.00
0.00
0.00
0.00
0.00
0.00
3.10
0.00
0.00
0.00
0.10
0.00
10.40
0.10
0.00
13.70
2.10
0.00
0.00
1.20
0.00
0.00
0.00
0.00
0.00
0.00
0.00
0.00
9.60
0.10
10.00
0.00
0.00
0.00
0.00
0.00
0.00
0.00
0.00
0.00
0.00
0.00
0.00
0.00
0.00
0.00
0.00
0.00
0.00
0.00
0.00
0.00
0.00
0.00
0.60
0.00
0.00
0.00
0.00
0.00
0.00
0.00
0.00
0.00
0.30
0.00
0.00
0.00
0.00
0.00
0.00
0.00
0.00
0.00
0.00
0.00
0.00
0.00
0.00
0.00
0.00
1.20
0.00
5.70
0.00
0.00
0.00
0.00
0.00
0.00
0.00
0.00
0.00
0.00
0.00
0.00
0.00
0.00
0.00
0.00
0.00
4.00
0.20
0.00
0.00
0.00
0.00
0.00
0.00
0.00
0.00
0.00
0.00
1.80
0.00
0.00
0.00
0.00
0.00
0.00
0.00
0.00
3.50
0.00
0.00
0.00
0.00
2.80
0.10
0.00
0.00
0.00
0.00
0.00
0.00
0.00
9.60
0.00
3.80
0.30
0.00
0.00
0.00
0.00
0.00
0.00
0.00
0.00
0.10
0.00
0.00
0.00
0.00
0.00
0.10
0.00
1.00
0.00
0.00
0.40
0.00
0.00
0.00
0.00
0.00
0.00
0.00
0.00
0.50
14.80
8.50
3.10
18.90
0.20
0.10
0.10
0.10
0.10
0.10
0.30
0.00
0.00
0.00
0.10
0.00
0.00
0.00
0.00
0.00
0.10
0.00
0.90
12.70
11.20
0.10
0.30
0.00
0.00
0.00
0.00
0.00
0.00
3.00
0.10
0.00
1.70
9.10
0.00
0.00
0.00
0.30
0.10
0.10
0.00
1.20
0.70
0.10
0.10
0.30
0.10
0.00
0.00
0.00
1.70
0.00
0.00
0.00
0.00
0.00
0.00
0.00
0.00
0.00
0.40
2.70
26.40
6.60
0.00
0.00
0.10
0.00
0.00
0.00
0.00
0.00
0.00
0.80
0.20
3.20
0.60
1.30
0.70
0.00
0.00
0.10
0.00
0.00
0.00
0.00
0.00
0.00
0.00
0.00
0.20
0.00
3.20
1.70
4.60
0.00
1.30
0.00
0.10
0.00
0.00
0.00
0.00
0.10
0.10
0.00
0.50
0.30
0.00
0.00
0.00
0.00
0.50
0.00
0.00
0.00
0.00
0.00
0.00
0.00
1.40
0.00
0.00
0.00
0.00
0.00
0.00
