20000101
0.00
0.00
0.20
0.00
0.00
0.20
0.00
0.00
0.20
0.20
0.00
0.00
0.00
1.40
6.80
0.00
0.20
0.00
0.00
0.00
0.00
0.00
0.00
0.00
0.00
0.40
0.60
0.00
0.00
0.00
0.00
0.00
0.00
0.00
0.00
0.00
0.00
0.00
0.00
0.00
0.00
0.00
0.20
0.00
0.00
0.00
0.00
0.00
0.00
0.00
0.00
0.00
0.00
0.00
0.00
0.00
0.00
0.00
0.00
0.00
0.00
0.00
0.00
0.00
0.00
0.00
0.20
0.20
0.00
0.00
0.00
0.00
0.00
0.00
0.00
0.00
0.00
0.00
0.00
0.00
0.00
0.60
4.00
0.00
0.80
0.20
0.00
4.40
0.00
14.00
16.40
0.00
0.40
2.20
0.00
0.00
0.00
0.00
0.60
1.80
22.00
4.60
0.00
0.00
0.80
0.00
10.40
0.00
0.20
0.00
0.00
0.00
0.00
0.80
0.00
0.00
0.00
0.40
1.40
0.00
0.00
0.00
0.00
0.00
0.00
0.00
0.00
0.00
0.00
0.00
10.00
0.00
0.00
0.00
0.00
0.00
0.00
1.80
0.00
0.00
3.00
8.00
1.80
0.00
0.00
1.60
2.20
1.00
0.00
0.00
0.00
0.00
0.00
0.00
0.00
0.40
11.80
0.00
0.00
0.00
60.00
93.60
0.80
0.00
0.00
0.20
0.00
0.00
0.00
0.00
0.00
0.00
0.00
0.00
0.40
0.00
0.00
0.20
0.00
0.00
0.00
0.00
0.00
0.00
0.00
0.00
0.00
0.00
0.00
0.00
0.00
1.40
0.20
0.00
0.00
0.00
0.00
5.40
0.00
0.40
0.00
0.00
0.00
0.00
1.40
0.00
0.00
0.00
0.00
0.80
0.20
1.20
0.00
0.00
0.00
0.00
15.80
0.00
0.00
0.00
0.00
0.00
0.00
0.20
0.20
0.00
0.00
0.00
0.00
0.00
0.00
0.00
0.00
0.00
0.00
0.00
0.00
0.00
0.00
0.00
0.00
0.00
5.40
0.00
0.00
0.00
0.00
0.00
0.00
0.20
0.00
0.00
0.00
0.00
0.00
1.60
0.20
0.00
0.00
0.00
0.40
3.20
17.40
0.00
0.00
0.00
0.00
0.00
0.00
0.20
0.40
31.00
5.40
0.00
0.00
0.00
0.00
0.00
0.00
0.00
0.00
0.00
0.00
1.60
1.20
0.40
3.60
0.00
0.00
0.00
0.00
0.00
0.00
0.00
1.80
19.20
1.80
0.40
0.00
18.60
0.20
0.00
0.00
0.20
10.40
0.00
3.20
0.20
0.00
1.80
3.00
0.20
0.00
0.00
0.00
0.00
0.00
4.80
0.00
0.00
0.00
0.00
0.00
0.00
0.00
0.00
1.00
16.80
0.00
0.00
0.40
1.20
0.20
5.60
0.00
0.00
0.20
0.00
0.00
0.20
1.80
4.40
0.00
0.00
0.00
0.00
0.00
0.00
0.00
0.00
0.00
0.00
0.00
0.00
0.00
2.20
13.40
32.80
58.20
0.20
1.00
0.00
2.00
0.00
0.00
0.00
0.00
0.00
0.00
0.20
0.00
0.00
0.00
0.00
0.00
0.00
0.20
0.00
2.40
5.20
3.80
0.00
0.00
0.00
0.20
0.00
0.00
0.00
0.00
0.00
0.00
0.60
0.60
3.20
0.00
0.00
0.00
0.00
0.00
0.00
0.00
0.00
0.00
0.00
0.00
0.00
0.00
0.00
0.00
12.20
23.40
0.20
0.00
0.00
0.00
0.00
0.00
0.00
0.00
0.00
1.20
1.00
0.00
0.40
0.20
0.40
3.40
0.20
0.00
3.00
0.00
8.60
3.40
0.00
0.00
0.00
0.80
0.00
0.00
0.00
0.00
0.20
0.00
0.00
0.00
0.00
0.00
0.00
0.00
0.00
0.00
3.80
0.00
1.20
0.00
0.00
0.00
0.00
0.00
0.00
0.00
0.20
0.00
0.00
0.00
0.00
0.00
0.00
0.00
0.00
0.00
0.00
0.00
0.00
0.00
0.00
0.00
0.00
0.00
0.00
0.00
0.00
0.20
0.00
1.40
29.20
3.40
0.00
1.20
0.20
0.40
0.00
0.00
0.00
3.00
4.00
0.00
0.00
0.00
0.00
0.00
0.00
5.60
1.60
0.00
0.00
0.00
0.00
1.40
0.20
0.20
0.00
0.00
0.00
0.00
0.00
0.00
0.00
0.00
0.00
0.00
0.00
0.20
0.00
0.00
0.00
2.80
0.00
0.00
0.00
0.00
0.00
0.00
0.00
0.00
0.00
0.00
0.00
0.00
0.00
0.00
0.00
0.00
0.00
0.00
0.00
0.00
0.00
0.00
0.00
0.00
1.00
0.80
0.00
0.00
0.60
0.00
0.00
0.00
0.00
2.40
0.20
14.00
0.00
0.00
29.20
0.00
0.00
0.00
0.00
0.00
0.00
0.00
0.00
0.00
0.00
0.00
0.00
0.00
0.00
0.00
0.00
0.00
0.00
0.00
0.00
0.00
0.00
0.00
0.20
0.00
0.00
0.00
0.00
0.00
0.00
0.00
0.00
0.00
0.00
0.00
0.00
0.00
0.00
0.00
0.00
0.00
0.00
0.60
0.00
0.00
5.60
0.00
0.00
0.00
0.00
0.00
0.00
0.00
0.60
0.00
0.00
0.00
0.00
0.00
0.00
0.00
0.00
0.80
0.00
46.60
4.00
0.00
0.00
0.00
0.00
7.00
8.20
0.00
0.00
0.00
0.80
4.20
0.00
0.00
0.00
0.00
29.80
1.20
0.00
0.00
0.60
0.00
0.00
0.00
3.80
15.00
19.80
11.60
0.00
0.00
0.00
0.00
0.00
0.00
0.00
0.00
0.00
0.20
0.00
0.20
0.20
0.00
0.20
0.00
0.00
0.00
0.20
0.00
0.00
10.80
0.20
0.00
0.00
14.00
55.20
8.00
0.20
0.00
0.00
0.00
0.00
0.00
0.00
0.00
0.00
0.00
0.00
0.00
0.00
0.00
0.00
0.00
0.00
0.00
0.00
0.00
0.00
0.00
0.00
0.00
0.00
0.00
0.00
0.00
0.00
0.00
1.00
0.00
0.00
0.00
0.00
0.00
0.00
0.00
0.00
0.00
0.00
0.00
0.00
0.60
1.00
8.40
12.40
6.40
0.20
0.00
0.00
0.20
0.20
3.20
0.20
0.00
0.00
0.00
0.80
0.00
0.00
0.00
0.00
0.00
0.00
0.60
2.60
0.00
0.00
0.00
0.00
0.00
0.00
0.00
0.00
0.00
0.00
0.00
0.00
2.00
0.40
0.00
0.00
0.00
0.00
0.00
0.00
0.00
0.00
0.00
0.80
0.00
0.00
0.00
0.00
0.00
0.00
0.00
0.00
0.00
0.00
0.00
0.00
0.00
2.40
0.00
2.40
19.20
0.00
0.00
0.00
0.00
0.00
0.00
0.00
2.40
0.00
0.00
0.00
1.40
0.00
0.00
0.00
0.00
0.00
0.00
0.00
0.00
0.00
0.00
0.00
6.00
0.00
0.00
0.20
5.00
20.40
11.20
0.00
5.80
17.60
0.80
0.00
20.00
1.00
7.80
0.00
1.00
0.00
0.20
0.00
0.00
0.00
0.00
0.00
0.00
0.00
0.00
0.00
0.00
0.00
0.00
0.00
0.00
4.80
2.20
4.60
0.00
0.00
5.40
15.40
21.60
3.60
0.60
8.60
0.20
0.00
0.00
0.00
0.00
0.00
0.00
0.00
0.00
0.00
2.80
0.20
0.00
0.00
1.40
0.00
0.00
0.00
0.00
0.00
0.00
0.00
0.00
13.40
1.40
0.00
0.80
9.40
0.00
0.00
0.00
0.00
0.00
0.00
0.00
0.00
0.00
0.00
0.00
0.00
0.00
0.00
0.00
0.00
0.00
0.00
0.00
0.00
0.80
0.20
0.20
0.00
0.00
0.00
0.00
0.00
0.00
0.00
0.00
0.00
0.00
0.80
0.20
0.00
0.00
0.00
0.00
0.00
0.00
0.00
0.00
0.00
0.00
0.00
0.00
0.00
0.00
0.00
0.00
1.20
0.00
3.80
0.00
0.00
0.20
0.00
0.00
0.00
4.60
7.40
0.00
0.00
0.00
0.00
0.20
0.00
0.00
0.00
2.40
0.00
0.00
0.00
18.00
3.20
16.80
0.40
0.00
34.80
0.00
0.00
0.00
36.40
0.00
8.40
3.60
2.00
0.80
0.40
0.20
0.20
0.00
0.00
0.00
0.20
0.00
0.00
0.00
14.60
13.20
0.00
0.00
8.40
2.00
0.00
0.00
0.00
0.00
0.00
0.00
0.00
0.00
0.00
0.60
4.20
0.00
0.00
0.00
0.00
0.20
15.00
60.00
7.40
0.20
0.00
0.00
0.00
0.00
0.20
0.00
0.00
0.00
0.20
0.00
0.00
0.00
0.00
0.00
0.20
0.20
0.00
0.00
0.00
0.20
0.00
0.00
0.20
0.00
0.00
0.80
3.40
0.00
0.00
0.00
0.00
0.40
3.20
7.40
1.20
0.20
16.80
0.00
0.00
24.80
0.20
0.00
1.60
24.80
0.20
0.00
0.00
0.00
0.00
0.00
0.60
0.00
0.00
0.00
0.00
0.00
0.00
0.00
16.20
51.00
0.00
0.20
0.00
1.40
0.00
0.00
0.00
0.00
5.80
2.60
0.00
0.00
0.00
0.00
0.00
0.00
0.40
0.00
0.00
5.00
0.00
0.00
0.00
0.20
0.00
7.60
2.40
0.00
0.20
0.20
0.00
0.00
0.00
0.00
0.00
0.00
0.00
0.00
0.00
0.60
2.40
0.80
0.40
0.00
0.00
0.00
0.00
0.00
0.00
0.00
1.20
0.00
0.00
0.00
0.00
0.00
0.00
0.00
0.00
0.00
0.00
0.00
0.00
2.40
15.60
15.80
0.40
0.00
0.00
0.60
14.60
31.60
0.40
0.40
0.00
0.20
33.40
24.60
0.00
0.00
0.00
0.20
0.00
0.00
3.00
3.80
0.00
0.00
0.00
0.00
0.00
0.00
0.00
0.00
0.60
0.00
0.00
0.00
0.00
0.00
0.00
0.00
0.00
0.00
0.00
0.00
0.00
21.80
0.00
2.60
16.00
1.00
0.00
0.00
0.00
0.00
0.00
0.00
0.20
10.20
0.00
0.00
0.00
0.00
2.80
1.60
0.00
0.00
0.20
4.40
2.20
0.00
0.00
0.00
0.00
0.00
0.20
0.00
0.00
0.00
0.20
0.00
0.60
0.00
0.00
0.20
29.80
47.20
3.20
0.00
0.00
0.00
0.00
0.00
0.00
1.60
2.40
1.60
0.20
6.40
0.00
0.00
0.00
0.00
3.40
11.00
0.00
0.00
0.00
0.00
0.00
0.00
0.00
0.00
0.00
0.00
2.80
0.00
0.00
0.00
0.00
0.00
0.00
0.00
0.00
0.00
0.00
0.00
0.20
0.00
0.00
0.00
0.00
0.00
0.00
0.00
0.00
0.00
0.00
5.60
0.00
0.00
0.00
0.00
1.80
0.00
0.60
0.00
0.00
0.00
0.20
0.00
0.00
0.00
0.00
0.00
0.00
0.00
0.00
0.00
0.00
0.20
0.00
0.00
0.00
0.00
0.00
0.00
0.00
0.00
0.00
0.00
0.00
0.00
0.00
0.00
0.00
0.00
0.00
0.00
0.00
0.00
0.00
0.00
0.00
0.00
0.00
0.00
0.00
35.40
0.20
0.00
0.00
0.00
0.80
4.20
0.00
0.20
0.00
0.00
0.20
0.00
0.00
23.20
0.80
0.80
7.40
0.00
0.00
0.00
10.00
5.40
0.00
0.00
0.00
0.00
0.00
0.00
0.00
0.00
0.00
0.00
0.00
0.20
0.00
9.20
0.20
0.00
0.00
0.20
27.80
0.00
0.80
11.20
18.00
0.00
0.00
0.00
0.00
0.00
0.00
0.00
0.00
0.00
0.20
7.20
1.20
0.00
7.80
26.80
57.80
6.40
17.60
0.00
0.00
4.20
0.20
0.00
0.00
17.80
5.20
4.80
0.00
0.00
4.40
0.00
0.00
0.00
0.00
0.00
0.20
0.00
1.80
1.80
11.60
0.20
0.00
0.00
0.00
0.20
23.00
3.40
0.00
0.00
0.00
1.80
0.20
4.80
6.80
0.00
1.80
0.80
0.00
0.00
0.00
9.40
0.00
6.20
24.00
17.00
0.20
0.80
4.40
0.00
0.00
0.00
0.00
0.00
0.00
0.00
0.00
0.00
1.20
0.00
0.00
0.00
0.00
0.00
0.00
0.00
0.00
0.00
1.60
0.00
0.00
0.00
0.00
0.00
0.00
0.00
0.00
0.00
0.00
0.00
0.00
0.00
0.00
0.00
0.00
0.00
0.00
0.00
0.00
0.00
0.00
0.00
0.00
0.00
1.00
3.00
0.40
0.40
0.60
0.00
0.00
2.20
0.60
0.00
0.00
0.00
0.20
0.00
0.00
0.00
0.00
0.00
0.00
0.00
0.00
0.00
0.00
0.20
5.80
8.40
0.00
4.20
45.80
2.40
0.60
0.00
3.60
21.20
34.20
0.20
0.00
0.20
0.00
0.00
0.00
0.00
0.00
0.20
0.00
0.00
0.00
0.20
0.00
0.40
0.20
0.00
0.20
0.00
0.00
0.00
0.00
0.00
0.00
1.60
0.40
0.00
0.00
0.00
8.80
13.40
42.40
7.20
1.00
1.00
15.40
0.00
0.00
0.00
0.00
0.00
24.00
2.00
0.00
0.00
0.00
0.00
0.00
1.20
23.20
1.20
8.00
0.00
0.00
0.00
0.00
0.00
0.00
0.00
0.00
0.00
0.00
0.00
0.00
0.00
0.00
0.00
0.00
0.00
0.00
0.00
0.00
0.20
0.40
14.20
2.00
3.00
0.20
0.00
0.00
0.00
0.00
0.00
0.00
0.00
0.00
0.00
0.00
0.00
0.00
0.80
0.00
0.00
0.20
0.00
0.00
0.00
0.00
0.00
0.00
0.00
0.00
0.00
0.00
0.00
0.00
8.40
0.00
1.40
6.40
0.00
0.00
0.00
10.80
0.00
0.00
0.00
0.00
0.00
0.00
0.00
0.00
0.00
0.00
0.00
0.00
0.00
0.00
0.00
3.00
2.80
0.60
0.00
0.00
8.00
19.80
0.00
0.00
0.00
0.00
0.00
0.00
0.00
0.00
0.00
0.00
0.00
0.00
0.00
0.00
0.00
0.00
0.00
0.60
0.00
0.00
0.00
0.00
0.00
2.60
0.00
0.00
0.00
0.00
0.00
0.00
0.00
0.00
0.00
0.00
0.00
0.00
0.00
0.00
0.00
0.00
0.00
0.00
0.20
0.20
0.00
0.00
0.00
0.00
6.40
0.00
6.60
0.00
8.60
8.20
0.00
0.20
5.60
2.80
0.00
0.20
0.00
1.60
0.00
0.20
0.00
0.40
0.20
0.00
0.20
0.00
0.20
0.00
0.00
0.00
0.20
0.00
0.00
0.00
0.00
0.00
0.00
0.20
0.00
0.20
0.00
0.00
0.20
0.00
0.20
0.20
0.00
0.00
2.80
0.00
0.00
0.00
0.00
0.00
1.00
0.40
0.00
2.00
0.00
0.00
0.00
5.40
1.60
10.80
0.00
0.00
0.00
0.00
6.60
0.20
0.00
0.00
0.60
0.00
0.00
0.00
0.00
0.00
0.00
0.00
0.00
0.00
0.00
0.00
0.00
0.00
0.00
0.00
0.20
0.20
0.00
0.00
0.20
0.20
0.00
0.00
6.00
0.00
20.20
0.00
2.20
3.80
2.00
0.00
4.60
9.60
3.60
0.00
0.00
0.00
0.20
0.20
0.00
0.20
0.00
0.00
0.00
0.00
0.00
0.00
0.00
0.00
0.00
0.00
0.00
0.00
0.00
0.00
0.00
0.00
0.00
0.00
0.00
0.00
0.00
0.00
0.00
0.20
0.20
0.00
0.20
0.00
0.00
0.00
0.00
0.00
0.00
0.00
0.00
0.00
0.00
0.00
0.00
0.00
0.00
0.00
0.00
0.00
0.00
0.00
0.00
0.00
0.00
0.20
1.00
10.60
15.60
6.20
3.20
0.00
0.00
0.00
0.00
0.00
0.00
0.00
0.00
0.00
0.00
0.00
0.00
0.00
0.40
0.00
0.00
0.00
0.00
3.00
4.00
1.00
0.00
0.00
0.20
0.00
0.00
0.00
0.00
0.00
2.60
0.00
0.20
0.00
0.00
0.00
0.00
0.00
0.00
0.00
0.80
1.40
6.40
0.60
0.00
0.20
0.00
0.00
2.60
0.00
0.00
0.00
0.80
0.00
0.20
0.00
0.00
0.00
1.20
0.00
0.00
0.00
0.00
0.00
0.00
0.00
0.00
0.00
0.00
0.00
0.00
0.00
0.00
0.20
7.00
0.00
0.00
0.00
0.00
0.00
0.00
0.00
0.20
6.40
0.00
0.20
0.00
0.00
0.00
1.40
0.00
0.00
0.40
11.60
0.40
0.00
33.40
11.40
0.20
0.00
0.00
0.00
0.80
0.00
0.00
0.00
0.00
0.00
0.00
0.00
0.00
0.00
0.00
0.00
0.00
0.00
0.00
0.00
0.00
0.00
0.00
0.00
0.40
0.00
2.60
0.20
0.00
0.00
0.00
0.00
0.00
0.80
0.60
0.00
0.00
0.00
0.00
0.00
0.00
3.20
0.00
0.00
0.00
0.00
0.00
0.00
0.00
0.00
2.80
3.60
13.60
0.00
0.00
0.00
0.00
0.00
0.00
0.00
0.00
0.00
0.00
0.00
0.00
0.00
0.00
0.00
0.00
0.00
0.00
0.00
0.00
8.20
0.00
9.40
3.80
0.00
0.00
0.00
0.00
0.00
0.00
1.40
0.60
13.20
0.20
0.00
0.00
0.00
0.80
1.00
2.20
0.00
0.20
0.00
0.00
0.00
0.00
0.00
0.00
0.20
0.00
0.00
0.00
0.00
0.00
0.00
0.00
0.00
0.40
20.20
30.20
36.60
0.00
0.00
0.00
0.00
2.60
0.00
0.00
0.80
1.60
0.00
0.00
0.00
0.00
0.00
0.00
0.00
16.20
0.40
0.00
0.20
0.40
0.00
0.00
0.00
0.00
0.00
0.00
1.40
0.00
0.00
0.20
1.80
15.60
6.80
18.60
29.40
2.80
0.00
0.00
7.60
0.00
0.00
0.00
0.00
13.00
0.00
0.20
0.00
0.00
0.20
0.00
0.20
4.80
0.00
0.00
0.00
0.00
0.00
0.00
0.00
0.20
17.20
4.60
5.40
3.60
44.80
24.20
7.20
0.20
0.00
0.00
0.20
0.00
0.00
0.00
0.00
0.00
0.00
0.00
0.20
0.00
0.00
0.00
0.00
7.80
0.00
0.00
1.00
0.00
0.00
0.00
0.00
0.00
0.00
0.00
0.00
0.00
0.00
0.00
0.00
0.00
0.00
0.00
0.00
0.00
0.00
0.00
0.00
0.00
0.00
0.00
0.00
0.00
0.40
0.20
0.00
0.00
0.00
3.60
1.20
26.00
12.80
15.60
4.20
0.00
0.00
0.00
0.00
3.20
4.20
0.20
0.20
0.00
0.00
0.00
0.00
0.00
0.00
0.20
0.00
0.80
0.00
31.20
13.00
0.00
0.00
0.00
0.00
0.00
0.00
0.00
0.00
0.00
0.00
0.00
0.00
0.00
0.00
0.00
0.00
0.00
0.00
0.00
2.20
0.00
0.00
1.20
0.00
0.00
0.00
5.60
0.00
0.00
0.00
0.00
0.00
0.00
0.00
0.00
0.00
0.00
0.00
0.00
0.00
0.00
2.00
0.20
0.20
0.00
0.00
3.20
0.00
0.80
0.00
0.00
0.00
0.00
0.00
0.00
0.00
0.00
0.00
0.00
0.00
0.00
0.00
0.00
0.00
0.00
0.00
0.00
0.20
0.00
0.00
0.00
0.00
0.00
0.00
1.00
0.00
7.60
0.00
0.00
6.00
0.00
0.00
0.00
0.00
0.00
0.00
0.20
0.00
0.00
0.00
0.00
0.00
0.00
0.00
0.00
0.00
0.00
0.00
0.00
0.00
0.20
0.00
0.00
0.00
0.00
0.00
0.00
0.00
0.00
0.00
0.00
0.00
0.00
0.00
0.00
0.00
0.00
0.00
0.00
1.60
9.00
0.00
0.00
0.00
0.00
0.00
0.00
0.00
0.00
0.00
0.60
0.00
0.00
0.00
0.00
0.60
0.20
0.00
0.00
0.00
0.00
0.00
0.00
0.00
0.00
0.40
0.00
0.00
0.00
0.00
0.00
0.00
0.00
-99.00
0.00
0.00
0.00
0.00
0.00
0.00
0.00
0.00
0.00
0.00
0.00
0.00
0.00
0.00
0.00
0.00
0.00
0.00
0.00
0.00
0.00
0.00
0.00
0.60
0.00
0.00
0.00
0.00
0.00
0.00
0.00
0.00
0.00
0.00
0.00
9.80
0.00
0.00
0.00
0.60
0.00
2.40
20.00
0.00
0.20
0.00
0.00
4.40
0.20
0.00
2.60
0.40
0.00
0.00
0.00
0.00
2.40
0.00
0.00
0.00
0.40
0.20
0.00
0.00
0.00
0.00
0.00
0.00
0.00
0.20
23.00
43.80
32.40
0.40
0.00
0.00
0.00
0.20
0.00
0.00
1.60
38.20
0.20
0.00
0.00
0.00
0.00
0.00
0.00
0.00
0.00
0.40
0.00
0.00
0.00
0.00
2.80
0.40
0.20
12.40
1.60
0.20
0.00
0.20
0.00
1.00
14.00
0.40
3.00
0.00
0.00
1.60
0.00
0.00
0.00
0.00
0.00
0.00
0.00
0.00
0.00
1.60
0.00
0.00
0.00
0.00
2.60
0.00
0.00
0.00
0.20
0.00
0.00
0.00
0.00
5.00
1.80
0.00
0.00
0.00
0.00
0.00
0.00
0.00
0.00
0.00
0.00
0.20
0.20
0.00
0.00
3.20
0.20
0.00
0.00
14.20
0.00
2.20
0.00
0.00
0.00
0.00
0.00
0.00
7.00
1.00
0.00
0.00
0.00
0.00
0.00
3.20
1.00
0.00
0.00
0.00
0.00
0.00
0.00
0.00
0.00
0.00
0.00
0.00
0.00
0.00
0.00
0.00
0.00
0.00
0.00
0.00
0.00
0.00
0.00
0.00
2.00
0.00
0.00
0.00
0.00
0.00
3.80
0.40
0.00
0.00
0.00
0.00
0.00
0.00
0.00
0.20
0.00
0.00
0.00
0.20
0.40
0.00
0.00
7.00
3.00
0.20
0.00
0.20
0.00
0.00
0.00
0.00
12.00
0.00
0.00
0.20
2.60
0.20
0.00
0.00
0.00
0.00
0.00
0.00
0.00
0.00
0.00
0.00
0.00
0.00
9.60
0.00
0.00
0.00
0.00
0.00
0.00
2.60
0.00
2.00
0.00
0.00
0.00
0.00
0.00
0.00
0.00
0.00
0.00
0.00
0.40
1.20
0.60
0.00
20.00
8.20
32.40
13.60
14.20
4.80
0.40
0.00
0.00
0.00
1.00
0.00
9.20
13.20
10.60
0.00
0.00
0.00
0.00
0.00
0.00
0.00
0.00
0.00
0.00
0.00
0.00
0.00
13.20
10.20
0.80
18.20
0.00
9.40
0.20
1.00
0.00
0.00
0.00
0.00
0.00
0.00
0.00
0.00
2.80
0.00
0.00
0.00
0.00
2.60
0.00
0.40
0.00
0.20
0.00
0.00
0.00
2.20
0.00
0.00
0.00
0.00
0.00
0.00
0.00
0.00
0.00
3.20
0.00
0.00
0.00
0.00
0.00
0.00
0.00
0.00
3.40
0.00
0.00
1.40
0.00
0.00
0.00
0.00
0.00
0.00
1.60
0.00
0.00
0.00
0.00
0.00
2.00
0.00
0.00
0.00
0.00
0.00
0.00
0.00
0.00
0.00
0.00
0.00
0.00
0.00
0.00
0.00
0.00
0.00
0.00
0.00
2.20
0.00
0.00
0.00
0.00
0.00
0.00
0.00
0.00
0.00
0.00
0.00
0.00
0.00
0.00
0.00
33.40
27.00
4.40
0.00
0.00
0.00
26.00
0.40
0.00
0.00
0.00
0.00
1.80
18.00
0.00
0.00
16.60
0.20
1.80
0.00
0.00
0.00
0.00
0.40
0.00
0.00
0.00
0.00
0.00
0.00
0.00
0.00
0.00
0.00
0.00
0.00
0.00
0.00
0.00
0.40
0.00
0.00
0.00
1.80
0.20
0.00
0.00
6.00
0.00
0.00
0.40
0.00
0.00
0.00
2.20
0.00
0.00
0.20
0.80
20.20
1.80
0.00
0.00
0.00
0.00
4.00
4.40
0.00
0.00
0.20
0.20
2.00
11.80
0.00
0.00
0.00
0.00
0.00
0.00
0.00
0.00
0.00
3.20
0.00
0.00
0.00
0.00
0.00
0.00
0.00
0.00
0.00
0.20
0.00
0.00
0.00
0.00
0.00
0.00
0.00
0.00
0.00
0.00
0.00
0.00
0.00
4.20
1.00
0.00
0.00
0.00
0.00
0.00
0.00
0.00
0.00
0.00
0.00
0.00
0.00
0.00
0.00
0.00
0.00
0.00
0.00
0.00
0.00
0.00
0.00
0.00
0.60
0.00
4.40
20.80
0.20
2.40
17.20
0.00
1.00
0.20
0.00
0.00
0.00
0.00
0.00
0.00
0.00
0.00
8.00
11.20
0.00
0.00
0.20
0.00
0.60
0.00
0.40
3.80
0.00
0.00
0.60
0.00
1.20
0.00
0.00
0.00
0.00
0.20
0.00
0.00
0.60
0.00
0.00
0.00
0.00
0.00
0.00
0.00
0.00
0.00
5.80
1.80
0.00
0.00
0.00
0.00
0.20
0.00
0.00
0.00
0.00
0.40
0.00
0.20
0.00
2.60
3.60
1.60
0.00
0.00
0.00
2.60
4.40
0.00
0.00
0.00
0.00
0.00
0.00
0.00
0.00
0.40
0.00
0.00
0.00
0.60
0.00
0.00
0.00
0.00
0.00
0.00
0.00
0.00
0.00
0.00
0.00
0.00
0.60
0.20
0.40
0.00
0.00
0.20
0.00
0.00
5.40
0.00
0.00
0.00
0.00
0.00
0.00
0.00
0.40
0.20
4.80
1.60
12.60
0.00
0.00
0.40
0.00
0.00
6.80
3.20
0.60
20.20
0.00
0.00
0.00
0.00
0.00
0.00
0.00
1.40
0.00
0.00
0.00
0.00
0.00
0.00
0.00
0.00
0.00
0.40
52.40
82.40
1.00
0.00
0.00
2.40
0.20
0.20
11.00
0.00
16.80
0.00
0.00
1.80
0.80
2.00
22.00
1.00
5.00
0.20
0.00
0.00
2.80
0.20
1.00
3.40
0.00
4.60
0.00
0.00
1.80
0.20
2.80
26.00
0.00
0.00
0.00
0.20
2.20
0.00
0.00
0.00
0.00
0.00
0.00
0.00
0.00
0.00
0.00
5.80
0.00
0.00
0.20
0.00
0.00
0.00
0.00
0.00
0.40
1.00
0.00
0.00
0.60
0.00
17.60
0.00
1.00
0.60
0.00
0.00
0.00
0.00
0.00
0.60
0.00
0.00
0.00
0.00
0.00
0.00
0.00
0.00
0.00
0.00
0.00
0.00
0.00
0.00
0.20
0.00
0.00
0.00
0.00
0.00
0.00
0.00
0.00
0.00
0.00
0.00
0.00
0.00
0.00
0.20
0.00
6.40
0.20
0.00
2.60
0.40
0.00
0.00
0.00
0.00
1.40
1.60
0.00
0.00
0.00
0.00
0.80
1.80
0.00
0.20
0.00
1.20
0.00
0.00
0.00
0.00
0.00
0.00
0.00
0.00
0.00
0.00
46.40
6.40
0.00
0.60
27.00
0.20
0.00
0.20
0.00
0.00
0.00
0.00
0.00
0.00
0.00
0.20
2.80
1.60
0.00
0.00
0.20
0.00
0.20
0.20
0.00
0.00
4.40
0.00
0.20
0.60
0.20
6.80
0.00
1.80
0.00
0.00
19.20
23.40
0.00
46.80
4.60
18.80
0.00
0.00
0.20
0.00
0.00
0.80
0.00
0.00
0.00
0.00
0.00
0.00
0.00
0.00
0.00
0.00
0.00
0.00
0.00
0.00
0.00
0.00
0.00
0.00
0.80
10.80
0.20
0.00
0.00
0.00
0.00
0.00
0.20
0.00
0.20
0.80
2.60
1.80
0.00
0.00
8.60
0.40
2.00
0.60
0.00
0.00
0.00
0.00
0.00
0.00
0.00
0.00
0.00
27.20
24.20
8.80
2.60
0.60
1.80
0.00
6.60
0.00
0.00
0.00
0.20
0.40
0.00
16.60
9.00
0.00
0.00
0.00
0.00
0.00
0.00
0.00
0.00
2.80
0.00
0.00
0.20
0.20
0.40
0.00
0.20
0.00
0.00
0.40
0.00
27.00
4.00
0.60
0.00
0.00
0.20
0.20
0.00
0.00
0.00
0.00
0.00
0.00
0.00
0.00
0.00
0.00
0.00
0.00
0.00
0.00
0.00
0.00
0.00
0.00
0.00
0.00
0.00
0.80
0.60
0.80
0.00
9.00
0.20
0.00
0.00
0.00
0.40
0.20
0.00
0.00
0.00
0.00
0.00
0.00
0.00
0.00
0.00
0.00
0.00
0.00
0.00
0.00
0.00
0.00
0.00
11.00
3.00
7.00
13.40
1.80
9.00
0.40
0.00
0.00
0.60
45.60
2.60
0.80
3.60
19.60
2.40
0.00
0.00
2.40
0.00
0.00
11.80
0.60
0.00
0.00
0.00
0.00
0.00
0.00
15.00
0.00
0.00
0.00
9.20
1.60
0.00
0.00
0.00
0.00
0.00
0.00
0.00
0.80
0.20
0.00
0.00
0.00
1.00
0.00
0.00
0.00
0.00
0.00
0.00
0.00
0.00
0.00
0.00
0.00
0.00
0.00
0.00
0.00
0.00
0.00
0.00
0.00
0.00
0.00
9.60
0.60
0.00
0.00
0.00
0.00
0.00
0.00
0.00
0.00
0.00
0.00
0.00
0.00
0.00
1.20
0.00
0.00
0.00
0.00
1.40
0.00
0.00
0.00
0.00
0.00
0.00
0.00
0.00
0.00
0.00
1.80
0.20
18.60
5.00
0.00
0.00
0.00
0.00
0.40
0.00
0.00
0.00
0.00
0.00
0.00
0.20
6.00
0.00
0.00
0.00
0.00
0.00
0.00
0.00
0.00
0.00
4.60
0.00
0.00
0.00
0.00
0.00
0.00
0.00
0.60
0.00
0.20
0.00
0.00
0.00
0.00
0.00
0.00
0.00
0.00
0.00
0.00
0.00
0.00
0.00
3.20
0.00
0.00
0.00
0.00
0.00
0.00
0.00
0.00
0.20
0.20
0.20
0.00
0.00
0.00
0.00
0.00
0.00
0.00
2.00
0.20
3.00
0.00
3.40
0.20
0.00
0.00
0.00
0.00
0.20
0.00
0.00
0.00
0.00
0.00
0.00
6.20
2.20
0.00
0.20
0.00
0.00
0.00
0.00
0.00
0.00
0.00
0.00
0.00
0.00
0.20
0.00
0.00
0.00
0.00
0.00
79.00
20.90
35.80
0.00
0.00
0.00
0.00
0.00
0.00
0.00
0.00
0.00
0.10
0.00
0.00
0.00
0.00
0.00
0.00
0.00
0.00
0.00
0.00
0.00
0.00
0.00
0.00
0.00
0.00
0.00
0.00
0.00
0.00
0.70
0.00
0.00
0.00
1.90
0.10
0.00
3.20
0.00
0.00
0.00
0.00
0.00
0.00
0.00
0.00
0.00
0.00
0.00
0.00
2.20
7.60
7.20
0.00
0.00
0.10
0.00
0.00
0.00
10.40
12.10
7.00
15.20
2.90
6.60
0.00
0.00
2.20
0.00
0.40
0.00
0.00
0.10
13.00
13.20
0.00
14.10
2.90
0.00
0.00
0.00
11.50
3.20
3.30
0.00
0.00
0.00
3.80
1.10
0.00
0.00
0.00
0.00
0.20
8.30
0.00
0.00
0.00
0.00
0.00
1.00
0.00
0.00
0.00
9.00
0.20
0.00
0.00
10.20
5.70
0.00
0.00
0.00
0.00
0.00
5.50
6.60
0.50
10.80
2.00
0.00
4.00
0.00
0.00
0.00
0.00
0.00
2.50
0.00
0.00
0.80
14.20
0.00
0.40
0.00
6.10
22.80
0.00
0.00
0.00
0.00
0.00
0.00
0.00
0.00
0.00
0.00
0.20
0.00
4.80
7.80
0.00
0.30
0.90
0.00
0.00
0.00
0.00
3.90
0.00
0.00
0.00
0.00
4.00
0.00
0.00
3.90
0.00
0.00
0.00
0.00
4.50
0.00
1.30
0.00
0.20
0.00
0.00
0.00
0.00
0.00
0.20
3.00
0.00
0.00
0.00
0.00
0.00
0.00
0.00
0.60
1.00
51.70
10.60
0.00
0.00
7.90
2.80
4.70
0.00
1.70
18.90
3.50
0.20
0.00
0.00
0.00
0.00
0.00
0.00
0.00
0.00
0.00
0.00
0.00
0.00
0.10
1.60
0.00
0.00
0.00
0.00
0.00
0.00
0.00
0.00
2.30
0.00
0.00
28.70
0.40
4.10
0.00
0.00
13.20
0.30
1.30
0.00
1.30
0.00
0.00
0.00
0.00
0.00
0.00
0.00
0.00
0.00
0.70
0.00
0.00
0.00
0.00
0.00
0.00
0.00
0.00
0.00
0.00
0.00
0.00
0.00
0.00
0.00
0.00
0.00
0.00
0.00
0.00
0.00
0.00
0.00
0.00
1.80
0.00
0.00
0.00
0.00
0.00
0.00
0.20
0.60
0.50
2.40
0.00
0.00
4.00
0.00
0.00
0.00
0.00
0.00
0.00
61.10
0.20
0.00
0.00
0.00
0.00
0.00
33.40
0.00
0.00
0.00
0.00
0.00
0.00
0.00
0.00
0.00
0.00
0.00
0.10
0.00
0.00
0.00
0.00
0.00
0.10
0.00
0.00
0.00
0.00
0.00
0.00
0.00
0.00
0.00
0.90
82.10
0.00
0.00
7.40
3.80
0.10
0.00
0.00
0.00
0.00
0.00
0.00
0.00
0.00
0.00
0.00
0.00
0.10
0.00
0.00
0.00
0.00
56.90
10.00
29.50
17.00
0.80
0.00
0.00
0.00
0.00
0.00
0.00
0.00
0.00
0.00
0.10
0.00
0.00
0.00
0.00
0.00
0.00
0.20
22.40
0.00
0.00
0.00
0.00
0.00
0.10
0.00
1.40
0.00
0.00
0.00
0.00
0.00
0.00
0.80
0.00
0.50
0.00
0.00
2.60
0.00
0.00
0.00
0.00
0.00
0.00
0.00
0.00
0.20
10.10
0.10
0.00
0.00
0.00
0.10
0.20
2.50
1.60
0.60
0.00
0.00
0.00
0.00
3.60
0.00
0.00
0.00
0.00
0.50
0.00
11.30
3.40
0.10
0.00
0.00
0.00
0.00
0.00
0.00
0.00
0.00
0.10
0.00
0.00
0.00
0.70
0.00
0.00
0.00
0.00
0.00
0.00
0.00
0.00
0.00
0.00
0.00
0.00
0.00
0.00
0.00
0.00
0.00
0.00
0.00
0.00
0.00
1.90
30.10
0.00
1.10
0.60
0.00
0.00
0.00
0.00
0.00
0.00
0.00
0.00
0.00
0.20
0.10
0.00
0.00
1.60
0.30
1.10
8.60
0.00
2.00
0.10
0.00
0.00
0.00
0.00
0.00
0.00
0.00
0.30
0.00
0.00
15.20
1.70
0.10
0.00
0.00
0.10
0.00
0.00
3.80
122.00
0.10
5.60
33.20
0.60
0.00
0.00
0.00
0.00
0.00
2.20
0.00
0.00
0.10
0.00
7.70
0.00
0.00
0.20
0.00
0.00
0.00
0.00
0.00
0.00
0.00
0.00
0.00
0.00
0.00
0.00
0.00
0.00
0.00
0.00
0.00
0.00
0.00
0.00
0.00
0.50
5.60
17.30
6.40
0.20
10.10
0.00
1.80
6.10
0.10
0.00
0.00
19.90
0.00
0.00
0.00
26.60
0.40
0.00
0.00
0.00
0.00
0.00
18.50
0.10
0.00
0.10
0.00
0.00
0.00
0.00
0.00
0.00
0.00
0.00
0.00
1.50
2.20
0.10
0.00
75.30
0.00
4.30
5.70
10.70
0.30
0.80
36.40
0.00
0.00
14.80
0.00
0.00
0.70
0.00
0.00
0.00
0.00
0.00
0.00
0.30
0.00
0.00
0.00
0.00
0.00
0.00
0.00
0.00
0.00
0.00
0.00
0.00
0.00
17.40
0.00
0.00
0.00
0.00
0.00
0.00
0.00
1.40
0.00
0.00
0.00
0.00
0.00
0.70
0.00
0.00
0.10
6.40
0.00
0.00
0.00
0.00
0.30
0.00
1.20
3.50
0.00
0.00
0.00
0.00
0.00
0.00
0.00
2.10
0.10
0.00
0.00
0.00
0.00
0.10
0.00
0.00
0.00
0.00
0.00
0.00
0.00
0.00
0.00
0.00
0.00
0.00
6.20
0.00
0.00
0.00
0.00
0.00
0.00
0.00
0.00
0.00
0.00
0.00
0.00
0.00
0.00
0.00
0.00
0.00
0.00
0.00
0.00
0.00
0.10
0.00
0.00
0.00
0.00
0.00
0.10
1.40
0.00
0.00
0.00
0.00
0.00
0.00
0.00
0.00
0.00
0.00
0.00
0.00
0.00
0.00
0.00
0.00
0.00
0.00
0.00
0.00
0.00
0.00
0.00
0.00
0.00
0.00
0.00
0.00
7.90
8.30
0.00
0.00
43.60
7.10
0.00
0.00
0.10
0.30
7.80
100.10
40.10
3.00
4.10
0.20
0.00
0.00
0.00
0.10
0.00
3.30
2.40
36.40
2.20
0.80
0.10
4.60
2.90
1.70
0.30
0.00
0.00
0.00
0.00
0.00
0.00
0.00
0.00
0.00
0.00
0.00
0.00
0.00
0.00
0.00
0.00
0.00
0.00
0.00
0.00
0.00
0.00
0.00
0.00
0.00
0.00
0.00
0.00
0.00
0.00
0.00
0.00
0.00
0.00
0.00
0.00
0.00
0.00
0.00
0.00
0.00
0.00
0.00
0.00
0.00
0.00
0.00
0.00
0.00
0.00
0.20
0.10
0.00
0.00
0.20
0.00
0.00
0.00
0.00
0.00
0.00
0.00
0.00
0.00
0.00
4.20
2.60
0.00
0.00
0.00
2.00
1.60
0.00
0.00
0.30
0.00
0.00
0.00
0.00
0.00
0.00
0.00
0.00
0.00
0.00
0.00
0.00
0.00
0.00
0.00
0.00
0.00
0.00
0.00
0.00
0.00
0.00
0.00
0.00
0.00
0.00
0.00
0.00
0.00
0.00
0.00
0.00
0.00
0.00
0.00
0.00
0.00
0.00
0.00
0.00
0.00
0.00
0.00
6.40
11.40
9.10
0.00
0.00
0.00
0.00
0.00
0.00
0.00
0.00
0.00
0.00
0.00
20.00
7.30
17.70
0.00
0.00
0.00
0.00
0.00
0.00
2.80
0.10
1.50
3.90
0.00
0.00
0.00
0.50
0.00
2.30
0.60
0.00
0.00
0.00
0.00
0.00
19.60
1.60
18.80
0.00
0.00
0.00
1.60
0.30
0.00
0.00
0.00
0.00
0.00
0.00
2.00
0.00
0.00
0.00
0.00
2.10
0.00
0.50
13.40
0.00
0.00
0.00
0.00
0.00
0.00
0.00
0.00
0.00
0.00
0.00
0.00
0.00
1.30
0.00
0.10
0.00
0.00
0.90
0.00
0.00
0.40
0.00
0.00
0.00
0.00
0.00
0.00
0.70
1.20
0.00
0.00
0.00
0.00
0.00
0.00
0.00
0.00
0.00
0.00
0.00
31.10
0.00
0.00
0.00
2.40
4.60
0.00
0.00
0.00
0.00
0.00
0.00
0.00
0.00
1.30
10.80
0.00
0.00
0.00
0.00
0.00
0.00
0.00
0.00
0.10
0.00
0.00
0.00
0.00
0.00
0.00
0.00
0.00
0.00
0.00
0.00
14.40
0.00
0.00
0.00
0.00
0.00
0.00
0.00
0.00
0.00
0.00
0.00
0.00
0.00
0.00
0.00
0.00
0.00
0.00
0.00
0.00
2.90
0.00
0.00
6.50
0.00
0.00
0.00
0.00
0.00
0.00
0.00
0.00
0.00
0.00
0.00
0.00
0.00
0.00
0.00
0.00
0.00
0.00
0.00
0.80
1.50
0.00
0.10
0.00
0.00
0.00
0.90
0.00
2.10
43.30
0.00
0.00
0.00
0.00
0.00
0.00
0.00
0.00
0.00
0.00
6.60
12.90
9.00
0.30
2.40
0.00
0.00
0.00
0.60
8.30
6.30
36.70
0.10
0.00
0.30
27.40
12.70
0.10
0.00
0.00
2.40
21.40
0.00
0.00
0.00
1.90
0.00
0.00
0.00
0.00
6.00
0.00
0.80
0.00
0.10
0.00
0.00
0.10
4.50
3.40
0.00
0.00
0.00
0.00
0.00
0.00
0.00
0.00
10.60
0.00
0.00
0.00
0.00
0.00
0.00
0.00
0.00
0.00
0.00
0.00
0.00
0.00
0.00
0.00
0.00
1.50
0.00
0.00
0.00
0.00
0.00
0.00
0.00
0.00
0.00
0.00
0.00
0.00
0.00
0.00
0.00
0.00
0.00
0.00
0.00
0.00
0.00
0.00
0.00
0.00
0.00
0.00
0.00
0.00
1.70
0.80
0.00
0.20
0.00
0.00
1.80
27.20
0.00
0.00
0.00
0.00
0.10
0.00
0.60
1.20
0.00
0.00
0.00
0.00
0.00
0.00
0.00
0.00
0.00
0.00
0.00
0.00
0.00
0.30
0.00
0.00
0.00
0.00
0.00
0.00
0.20
6.20
0.00
0.10
0.10
7.20
14.90
0.00
0.00
0.00
0.00
18.60
12.10
0.00
0.00
4.00
66.00
29.50
0.40
0.50
0.00
0.00
0.80
0.00
0.40
0.00
0.00
1.10
2.90
0.10
0.30
1.70
0.00
0.00
0.00
0.00
0.00
0.60
0.70
0.00
1.90
0.00
0.00
1.10
0.00
0.00
0.10
1.70
0.20
0.00
0.00
0.00
0.00
0.00
0.00
0.00
0.00
0.00
0.00
0.00
0.00
0.00
0.00
0.00
0.00
0.00
0.00
14.60
11.50
39.80
13.20
50.80
6.30
0.20
0.00
0.00
0.00
0.00
0.00
0.00
0.00
0.10
0.10
0.00
0.00
0.00
3.00
29.10
0.40
5.00
3.00
2.10
13.90
0.10
0.00
0.00
0.00
0.00
0.00
0.00
0.00
0.00
0.00
0.00
0.00
0.00
0.00
0.00
0.00
0.00
0.00
35.50
4.70
0.00
0.00
0.00
0.00
0.20
0.00
2.60
0.10
6.00
0.10
0.00
0.00
0.00
0.00
0.00
0.00
0.50
0.00
0.00
0.00
0.00
0.00
0.00
0.00
0.00
0.00
0.00
0.00
0.00
0.00
0.00
3.10
0.00
0.00
0.00
0.00
0.00
7.00
5.60
0.40
0.00
0.00
0.00
0.00
0.00
0.00
0.00
0.00
1.30
0.00
0.00
0.00
0.00
0.00
0.00
0.00
0.00
0.00
2.60
1.30
0.00
0.00
0.00
0.00
0.00
0.00
0.00
0.20
0.00
0.10
0.00
0.50
0.00
0.00
0.00
0.10
0.00
0.40
0.00
1.40
6.30
0.00
0.00
0.00
0.00
0.00
0.00
0.00
0.00
84.60
0.50
0.00
0.00
0.00
0.00
0.00
0.00
0.00
0.00
0.00
0.00
0.00
0.00
0.00
0.00
0.00
0.00
0.00
0.00
0.00
0.00
0.00
0.00
0.00
0.00
0.10
18.40
0.00
0.00
0.00
0.00
0.00
0.00
0.10
0.00
0.00
0.00
0.00
0.00
0.00
0.00
0.00
0.00
0.00
0.60
0.20
0.00
0.00
0.00
0.00
0.00
0.00
0.00
0.00
0.00
0.00
0.00
0.00
0.00
0.00
0.00
0.00
0.00
0.00
0.00
0.00
0.00
0.00
0.00
56.50
34.80
51.50
0.00
0.00
0.00
0.00
0.00
0.00
0.00
0.00
0.00
0.00
0.00
0.00
0.00
0.00
0.00
0.00
0.00
0.00
0.00
0.00
0.00
0.00
0.00
0.00
0.00
0.00
0.00
0.00
0.00
0.00
8.20
1.60
0.00
0.00
0.00
1.00
1.90
0.00
0.00
0.00
0.00
0.00
0.00
0.50
0.00
0.00
3.10
0.00
0.00
0.00
0.00
0.00
0.00
2.00
2.80
2.40
0.00
0.20
1.70
0.10
7.90
0.70
0.00
0.00
1.50
0.00
0.00
0.00
0.00
0.00
1.70
2.50
0.00
0.00
0.80
0.00
0.00
2.80
1.20
0.00
0.00
1.60
15.70
0.10
0.00
0.00
0.00
0.00
0.00
4.80
0.00
0.00
0.00
0.00
0.00
0.00
0.00
0.00
0.00
0.00
0.00
0.00
0.00
0.00
4.60
0.00
0.00
0.00
0.00
0.00
0.00
0.00
0.00
0.00
0.00
0.00
0.00
0.00
0.00
0.00
0.00
0.00
0.30
0.40
0.00
0.10
0.00
0.30
0.00
0.00
0.00
14.80
1.30
0.00
0.90
25.70
0.10
0.00
0.00
0.00
0.00
0.00
0.00
0.00
0.00
0.00
0.00
0.00
0.00
0.00
0.00
4.00
4.10
14.30
0.10
0.00
1.90
0.00
0.00
0.00
0.00
0.00
0.00
0.00
0.00
0.00
0.00
0.00
0.00
0.00
0.00
0.00
0.00
0.40
0.80
1.60
0.00
0.00
0.00
0.00
0.00
0.00
0.50
0.00
0.30
0.30
0.00
0.20
10.00
0.00
8.30
1.40
2.80
2.30
0.00
0.00
0.00
0.00
0.00
0.00
0.00
0.00
0.00
0.00
0.00
0.00
0.10
0.00
5.10
0.00
14.30
0.10
0.00
0.00
0.00
0.00
0.00
19.30
0.00
0.00
0.00
0.00
0.00
0.00
0.30
0.60
0.20
12.70
0.00
0.00
36.50
0.00
0.00
0.20
0.00
0.00
0.00
0.00
0.00
0.00
0.00
0.00
0.00
0.00
0.00
0.00
0.00
0.00
2.80
0.00
0.00
4.90
0.00
0.00
0.00
0.00
17.00
0.10
0.00
0.00
0.00
0.00
0.00
0.00
0.00
0.00
0.10
2.40
0.00
0.00
0.50
0.00
0.00
0.00
0.00
0.00
68.00
0.00
0.00
0.10
0.00
0.00
0.00
0.00
0.00
0.00
0.00
0.00
0.00
0.00
0.00
0.10
0.00
2.60
0.00
0.00
0.00
0.00
0.00
37.60
0.00
6.10
0.10
0.00
0.10
0.00
0.00
4.20
8.50
0.10
0.00
0.00
0.00
41.20
0.10
15.60
0.00
0.00
0.00
0.00
15.00
0.00
0.00
0.00
0.00
2.40
0.00
0.90
0.00
1.90
0.10
0.00
0.00
0.00
0.00
0.00
0.00
0.00
0.00
0.00
0.00
0.00
0.00
0.00
0.00
0.10
0.10
0.00
0.10
9.40
19.30
0.00
0.00
0.00
0.00
0.10
0.00
2.30
0.00
0.00
5.00
0.00
0.00
0.00
0.00
0.00
0.00
0.00
0.00
0.00
0.00
14.80
16.30
5.60
23.40
45.80
52.00
0.00
0.00
4.50
7.20
0.00
0.00
0.00
0.00
0.00
0.00
0.00
0.00
0.10
0.60
8.60
0.00
0.00
0.00
0.00
0.00
0.00
0.00
0.00
0.00
0.00
0.00
0.00
1.90
0.00
0.00
0.00
0.00
0.00
0.00
0.00
0.00
0.10
0.00
0.00
0.00
0.00
0.00
0.00
0.00
0.00
0.00
2.20
0.00
3.40
10.80
0.60
0.10
0.00
0.00
0.00
0.00
0.00
0.00
0.00
0.00
5.40
0.00
0.00
0.00
2.40
15.30
0.00
0.00
0.00
0.00
0.00
0.00
0.00
0.00
0.00
0.00
0.00
0.00
0.00
0.00
0.00
0.00
2.40
0.00
0.20
0.00
0.00
0.00
0.00
0.00
0.00
0.00
0.00
0.00
0.00
0.00
0.00
0.00
0.00
0.00
0.00
0.00
0.00
2.90
0.50
0.80
0.10
0.10
0.00
10.80
39.80
1.30
3.40
8.10
2.70
0.00
0.00
0.00
0.00
0.00
0.00
0.00
0.00
0.00
0.00
0.00
0.00
0.00
0.00
0.00
0.00
0.00
0.00
0.00
0.00
0.00
0.00
0.00
0.00
0.50
0.00
0.00
0.40
0.00
0.00
0.00
17.30
0.10
0.00
0.00
0.00
0.00
0.00
0.00
0.00
0.00
0.00
0.00
0.00
0.00
0.00
0.00
0.00
0.00
0.00
0.00
0.00
0.00
0.00
6.40
0.00
0.00
0.00
0.00
0.00
0.00
0.00
0.00
0.00
0.00
0.00
0.00
0.00
0.00
0.00
0.00
0.00
0.00
0.00
0.00
0.00
0.00
1.90
0.00
0.80
0.30
10.30
40.20
0.00
0.00
0.00
0.00
0.00
0.00
0.00
0.00
0.00
0.00
0.00
0.00
0.00
0.00
0.00
0.00
0.00
0.00
0.00
0.00
0.00
0.00
0.00
0.00
0.00
0.00
0.00
0.00
0.00
0.00
0.00
0.00
0.00
0.00
1.90
4.80
0.10
1.10
0.10
0.00
0.00
0.00
5.10
0.00
14.60
0.40
0.00
0.00
0.40
0.00
0.00
0.00
5.40
0.00
0.00
0.00
0.00
0.00
0.00
2.10
0.00
0.40
18.30
0.00
0.00
0.00
4.30
0.00
0.00
0.00
0.00
0.00
0.00
0.00
0.00
0.80
0.00
18.50
3.40
5.00
0.00
0.00
0.00
0.00
0.00
21.80
0.70
0.60
0.30
0.00
0.00
0.00
0.20
0.00
0.00
0.00
0.00
0.00
0.00
0.00
0.00
1.30
9.10
0.00
20.80
4.40
8.30
0.80
1.70
0.00
0.10
0.00
0.00
0.00
0.00
0.00
0.00
0.10
0.10
1.50
0.00
0.00
0.00
0.00
0.00
0.20
0.00
0.00
0.00
0.00
0.00
0.10
6.70
0.00
0.00
0.00
0.00
0.10
111.30
0.00
0.00
0.00
0.00
0.00
0.00
0.00
0.00
0.00
0.00
0.00
0.00
0.00
0.00
0.00
0.00
0.00
0.00
0.20
0.00
0.00
0.00
0.00
0.00
0.00
0.00
0.00
0.00
0.00
0.00
0.00
0.00
0.00
1.20
0.70
1.40
0.00
0.00
0.00
0.00
0.00
0.00
0.00
0.00
0.00
0.00
0.10
0.00
0.00
0.00
0.00
0.00
0.00
0.10
0.00
0.00
0.10
0.00
0.00
0.50
1.00
0.00
1.00
0.00
0.00
0.00
0.00
0.00
0.00
1.00
0.00
0.00
0.00
0.00
0.00
0.00
0.00
0.00
0.00
0.00
0.00
0.00
0.20
0.10
0.00
0.00
0.10
0.00
0.00
0.00
0.00
0.00
0.00
0.00
0.00
1.20
1.00
0.00
0.00
1.60
4.00
0.20
6.00
0.00
0.00
0.00
0.00
0.60
0.00
0.00
0.00
0.30
0.00
0.00
0.00
2.00
30.40
1.30
0.00
0.00
0.00
0.00
0.00
0.00
0.00
0.00
0.00
1.10
0.00
0.00
0.00
0.00
0.20
5.70
5.90
7.20
0.00
9.00
10.50
0.60
0.00
0.00
0.00
0.00
0.00
0.00
0.00
0.00
0.00
0.00
6.00
0.00
0.00
17.00
47.90
0.00
0.00
0.00
0.00
0.20
0.20
0.00
0.00
0.00
0.00
0.00
0.10
0.00
0.00
0.40
22.80
0.10
0.20
0.00
0.00
0.00
5.40
9.60
0.00
1.60
0.00
0.00
0.00
0.00
0.00
1.70
0.00
2.90
13.10
7.50
2.10
0.00
0.00
0.00
0.00
0.00
0.00
0.00
0.00
0.00
0.00
4.70
0.00
0.00
0.00
0.00
0.00
0.00
0.00
0.00
0.00
0.00
0.00
0.00
0.00
0.00
0.00
0.00
0.00
0.00
0.70
0.10
0.00
0.00
0.00
7.30
0.00
0.30
1.80
0.00
0.00
0.00
0.00
0.00
0.00
0.00
0.00
0.00
0.00
0.00
0.00
0.00
0.00
0.00
0.00
0.00
0.00
0.00
0.20
0.00
0.00
0.10
0.00
0.00
0.00
0.00
0.00
0.00
0.00
0.00
0.00
0.30
35.50
0.00
0.00
0.00
0.00
0.00
0.00
0.00
0.00
0.00
0.00
0.00
0.00
0.00
0.00
0.00
0.00
0.00
9.40
0.00
0.00
0.00
0.00
0.00
0.00
0.10
0.00
0.00
0.00
0.00
0.00
0.00
0.00
0.00
0.00
0.00
0.00
0.00
0.70
0.00
0.00
0.00
0.00
0.00
0.00
0.00
0.00
0.00
0.00
0.00
1.90
0.00
0.00
15.20
2.30
0.00
0.00
0.00
0.00
0.00
0.00
0.00
0.00
20.50
0.00
5.10
0.00
0.00
0.00
0.00
0.10
0.10
0.00
0.00
0.00
0.00
15.00
0.10
0.00
2.20
0.30
0.00
5.90
34.60
0.10
0.00
0.00
0.00
0.00
0.00
0.20
1.70
0.70
0.00
0.50
1.30
0.00
0.00
0.10
0.00
0.00
0.10
0.00
0.00
0.00
0.10
1.80
0.80
0.00
0.00
0.00
0.00
0.00
0.00
0.00
0.00
0.00
0.00
0.00
0.00
0.30
0.20
20.00
9.30
32.20
0.00
0.00
1.90
36.10
0.10
0.00
0.00
0.10
0.00
0.00
1.20
0.00
0.00
0.00
0.00
0.00
0.00
0.00
0.00
0.00
0.00
3.30
3.90
0.50
0.00
13.00
4.70
1.30
0.00
0.00
0.00
0.00
0.00
0.00
0.00
0.00
0.00
0.00
0.00
0.00
0.00
0.00
0.00
0.00
0.00
0.00
0.00
0.00
0.00
0.00
0.00
0.00
0.00
0.00
0.00
0.00
0.00
0.90
0.10
0.60
2.10
0.00
7.50
2.00
21.20
3.30
0.00
0.00
0.00
0.00
0.40
0.10
0.00
1.00
0.00
0.00
0.00
0.00
0.00
0.30
0.00
25.60
0.70
0.10
0.00
0.00
0.00
0.00
0.00
0.00
0.00
0.00
12.20
0.00
0.10
0.00
0.00
0.00
0.00
13.20
23.70
0.00
0.00
0.00
0.00
0.00
0.00
0.00
1.10
0.00
0.00
0.00
0.00
0.00
0.00
0.00
0.00
0.00
0.00
0.00
46.30
6.80
0.00
0.90
0.00
0.00
0.00
7.10
0.10
0.00
0.00
0.00
0.20
0.00
0.00
0.00
0.00
0.00
0.00
0.00
0.00
0.00
0.00
0.00
0.00
0.10
0.10
0.00
0.00
0.00
0.00
0.00
0.20
11.60
13.60
0.00
0.70
3.70
0.00
0.00
0.80
0.00
0.00
0.00
0.00
0.00
1.70
1.00
15.30
0.00
0.00
0.80
0.00
0.00
0.00
2.10
0.00
0.00
0.00
0.00
0.00
0.00
0.00
0.00
0.00
0.00
0.00
0.00
0.00
0.00
0.00
2.40
2.40
5.50
0.00
0.00
0.00
0.50
0.00
0.00
0.00
0.00
0.00
0.00
0.00
0.00
0.00
0.00
0.00
0.00
0.00
0.00
0.00
0.30
0.20
0.00
4.00
0.10
0.00
0.30
0.00
0.00
0.00
0.00
0.00
0.00
0.50
0.00
0.00
0.00
0.00
0.00
0.00
0.00
0.00
0.00
0.00
0.00
0.00
1.30
0.00
9.50
0.00
0.00
0.00
0.00
0.00
0.00
0.00
0.00
0.80
0.00
0.00
0.00
0.00
0.00
0.00
0.10
22.10
0.10
0.00
0.00
0.00
0.00
0.00
0.00
0.00
0.00
0.00
0.00
0.00
0.00
0.60
0.20
0.00
0.00
0.00
0.00
0.60
4.50
4.30
0.00
0.00
0.40
0.10
0.00
0.00
0.00
0.00
6.00
0.00
0.00
0.00
0.00
5.50
12.30
0.10
0.00
0.90
0.00
0.00
0.00
6.00
0.00
0.00
0.00
0.00
0.00
0.00
0.00
1.20
3.30
0.00
0.00
0.10
0.00
0.00
0.00
0.00
0.10
0.10
0.00
0.00
0.00
0.00
0.00
0.00
2.00
44.20
22.60
0.00
0.10
0.00
0.00
0.00
0.00
0.00
0.00
0.00
0.00
0.00
0.00
0.00
0.00
0.00
10.30
0.10
0.00
0.00
0.00
0.00
0.00
0.00
0.00
0.00
0.00
0.00
0.00
0.00
0.00
0.00
0.00
0.00
0.00
0.00
0.00
0.00
0.00
0.00
0.00
0.00
0.00
0.00
0.00
0.00
0.00
0.00
0.00
0.00
0.00
0.10
1.30
5.30
0.00
0.00
0.00
0.00
0.00
0.00
0.00
0.00
0.00
0.00
0.00
0.00
0.00
0.00
0.00
5.00
0.00
0.00
0.00
0.00
0.00
0.00
0.00
0.00
0.00
0.30
6.70
0.00
0.00
0.00
0.00
0.00
2.80
0.00
0.00
0.00
0.00
0.00
0.00
0.00
0.00
0.00
0.00
0.00
1.20
25.20
0.00
0.00
0.00
0.00
0.00
9.70
1.40
0.00
22.80
54.20
4.40
0.00
1.40
0.10
0.00
0.00
8.00
0.00
0.20
0.00
0.00
0.00
0.00
0.00
0.00
0.00
0.60
0.00
0.00
0.00
0.30
3.50
11.80
6.90
4.80
0.10
4.30
5.90
0.30
0.00
0.00
0.00
1.20
0.50
0.00
0.20
0.00
2.50
0.00
6.10
0.00
2.30
3.60
0.00
0.00
0.10
27.80
6.60
0.00
0.00
0.00
0.00
0.10
0.30
0.00
0.00
0.00
0.00
0.00
1.10
0.00
14.30
0.80
26.80
36.10
1.00
2.00
4.10
0.00
0.90
0.00
0.00
0.00
0.00
0.00
0.00
0.00
0.00
0.00
0.00
1.00
1.90
13.50
0.10
3.10
0.10
0.00
0.10
0.20
1.00
0.20
10.40
9.60
0.30
0.00
13.10
1.30
0.00
0.00
0.00
0.00
1.40
10.20
0.20
0.00
0.20
0.00
0.00
1.00
0.00
0.00
14.80
0.40
0.30
0.00
0.00
0.00
7.40
0.00
8.00
13.00
6.80
0.00
0.00
0.00
0.00
0.80
1.50
0.00
0.00
0.00
0.00
0.00
0.00
0.00
0.00
0.00
0.00
0.00
0.00
0.00
0.00
1.00
0.00
0.00
0.00
0.00
0.00
0.00
0.00
0.00
0.00
0.00
0.00
0.00
0.10
0.40
0.00
0.00
0.00
0.00
0.00
0.10
0.00
0.00
0.70
0.60
0.00
0.00
0.00
0.00
0.00
0.00
0.00
0.00
0.00
0.00
0.00
0.00
0.00
0.00
0.00
0.00
0.20
6.20
0.10
0.00
0.00
21.00
0.00
0.00
0.00
24.10
0.00
0.00
0.00
0.00
0.00
20.20
0.00
0.00
0.00
0.00
0.60
0.10
0.30
3.50
0.10
0.40
7.40
0.10
1.60
0.20
0.00
0.00
0.00
0.00
0.00
11.30
0.10
0.00
0.00
0.00
0.10
9.40
0.10
0.00
0.00
0.00
0.00
3.70
0.00
0.00
0.00
0.00
0.00
0.00
0.00
0.00
0.00
0.00
0.00
0.00
0.00
0.00
32.40
3.10
0.10
0.00
0.00
133.10
0.10
3.90
5.30
6.40
57.50
1.30
0.00
0.00
0.00
0.00
0.00
1.90
10.60
14.50
0.00
5.50
53.60
0.10
0.00
0.00
0.00
25.10
0.00
0.00
0.10
14.10
0.00
0.00
0.00
0.00
0.00
5.00
0.10
6.10
3.40
0.20
5.30
0.10
0.00
6.30
0.00
0.20
2.20
0.00
0.00
0.00
1.20
0.00
0.00
0.00
0.00
0.00
0.00
0.00
0.00
0.00
0.00
0.00
0.00
5.90
0.20
0.00
0.00
0.00
0.00
0.00
0.00
0.00
0.00
0.00
0.00
0.00
0.00
0.00
0.00
0.00
0.00
0.00
0.00
0.00
0.00
0.00
0.00
0.00
0.00
0.00
0.00
0.00
0.00
0.00
0.00
0.00
0.00
0.00
0.70
0.10
0.60
7.50
0.00
0.00
1.20
0.00
0.00
0.00
0.00
0.00
0.80
0.00
0.40
6.00
0.00
0.00
0.00
0.00
0.00
0.00
0.00
0.00
0.00
0.00
0.00
0.00
0.00
0.00
0.00
0.00
0.00
0.00
0.00
0.00
0.00
0.00
0.00
0.00
0.00
0.00
0.00
0.00
0.00
0.00
0.00
0.00
4.40
0.00
0.00
0.00
0.00
0.00
0.00
0.00
0.00
0.00
0.00
0.00
0.00
0.20
0.00
0.00
0.00
0.00
0.00
0.00
0.00
0.00
0.00
0.00
0.00
0.00
0.00
1.10
1.30
0.00
14.20
5.90
0.00
0.00
2.00
0.00
1.00
0.00
0.00
0.00
0.80
0.00
0.00
0.00
0.00
10.40
0.20
0.10
1.60
0.00
1.70
0.00
0.00
0.30
0.30
0.50
0.00
0.00
7.70
0.00
0.00
0.00
0.10
2.30
0.00
1.00
0.10
0.00
0.00
0.00
0.00
0.40
12.50
0.00
9.40
0.00
0.00
0.00
0.00
28.20
0.90
0.00
0.00
0.00
0.00
0.00
0.00
0.00
0.00
0.00
0.00
0.00
0.00
0.00
0.00
0.00
0.00
15.10
0.00
0.00
0.00
0.00
0.00
0.00
0.00
0.00
0.00
0.00
0.00
0.00
0.00
0.00
0.00
0.00
0.00
0.00
0.00
0.00
0.00
0.00
0.00
0.00
0.00
2.60
3.70
0.00
0.00
0.00
0.00
0.00
0.00
0.00
0.00
0.00
0.00
0.00
0.00
0.00
0.00
0.00
0.00
0.00
0.10
12.60
0.00
0.00
0.00
0.50
0.00
0.00
0.00
0.00
0.00
0.00
0.00
0.00
0.00
0.00
0.00
65.30
0.00
0.00
0.00
0.00
0.00
0.00
0.00
0.20
0.00
0.00
0.00
0.00
0.00
0.10
2.00
0.00
0.00
0.00
0.80
0.00
0.00
0.00
0.00
0.00
0.00
0.00
0.00
0.00
6.10
6.10
0.00
1.50
0.00
0.00
0.00
0.00
0.00
0.00
0.00
3.90
0.10
0.00
0.00
0.00
0.00
0.00
0.00
0.00
0.00
0.10
0.00
0.00
0.00
0.00
0.00
0.00
0.00
2.70
0.80
0.10
0.20
0.00
0.80
0.00
0.00
0.00
0.00
0.00
4.80
0.00
47.30
6.80
0.10
0.00
0.00
0.00
0.00
0.20
0.00
0.00
0.00
2.30
3.40
0.00
0.00
0.00
0.00
0.00
0.00
0.50
0.00
0.00
3.90
5.80
0.00
0.00
0.00
0.00
0.00
0.00
0.00
25.30
0.20
0.00
0.00
0.00
0.00
0.00
0.00
0.00
0.70
0.20
0.00
41.50
6.50
0.00
0.00
0.00
0.00
0.00
0.00
0.00
0.00
0.00
0.00
0.00
0.10
0.00
2.20
16.50
4.60
0.00
0.00
0.00
0.00
0.00
0.00
0.00
0.10
0.00
0.00
0.10
0.10
0.00
0.00
0.00
0.10
0.10
0.00
0.20
2.70
0.00
0.00
0.00
0.00
0.00
0.00
0.00
0.70
1.10
1.10
86.60
8.20
34.30
0.00
0.30
0.00
0.00
0.00
0.00
0.00
0.00
0.00
0.00
0.00
0.00
0.00
0.00
0.00
0.00
0.10
0.00
0.00
1.00
0.10
0.00
0.00
0.20
0.90
0.00
0.00
0.00
0.00
0.00
0.00
0.00
0.00
0.00
0.00
0.50
0.10
0.00
1.40
0.00
0.00
1.10
0.00
0.00
0.00
0.00
0.00
0.00
0.00
0.00
0.00
1.10
53.70
0.10
0.00
0.00
0.00
0.00
2.80
1.20
0.00
0.10
0.80
0.60
0.00
0.00
3.80
3.00
8.50
0.20
0.10
0.00
0.00
0.00
0.00
0.00
0.00
0.00
0.00
0.00
11.20
0.60
0.70
0.10
0.00
9.30
32.80
18.50
50.50
1.20
0.70
0.00
0.00
0.00
6.30
0.90
0.00
0.00
0.00
0.00
0.00
0.00
0.00
0.00
0.00
0.00
0.00
26.10
0.00
0.20
0.00
21.40
0.10
1.60
0.00
0.00
0.00
0.00
0.00
0.00
0.00
0.00
0.00
0.00
0.00
0.00
1.30
0.00
1.80
0.00
0.00
13.30
1.60
0.00
0.50
23.70
5.60
0.30
0.00
2.90
0.30
0.00
0.00
0.00
7.60
0.00
12.80
0.00
0.00
0.00
0.10
0.00
0.00
0.00
0.00
0.00
0.00
0.00
0.00
0.00
0.00
0.00
0.00
0.00
0.00
0.00
0.00
0.00
0.00
0.00
0.00
0.00
0.00
0.00
0.00
0.00
0.10
0.00
0.00
0.00
0.00
0.00
0.20
0.00
0.00
0.00
0.00
0.00
0.00
0.00
0.00
0.00
1.00
0.00
0.00
0.00
0.00
0.00
0.00
0.00
0.00
0.60
0.00
0.00
0.10
0.00
6.20
0.00
0.00
0.00
0.00
0.00
0.00
0.00
0.00
0.00
0.10
60.60
4.50
0.00
0.00
0.00
0.00
0.00
0.00
0.00
0.00
3.20
0.00
13.40
8.20
0.00
0.00
0.00
0.00
0.00
0.00
0.00
27.50
0.90
0.00
18.20
0.60
0.00
0.80
0.00
0.00
0.00
0.00
0.00
0.00
0.00
6.90
0.00
0.00
0.00
0.00
0.20
0.00
0.00
1.30
0.00
0.00
0.00
3.50
0.00
0.00
0.00
0.00
0.00
0.00
0.00
2.90
2.10
0.00
0.00
0.00
0.00
0.00
0.00
0.00
0.00
0.00
0.00
22.60
11.00
1.40
2.70
12.20
0.10
0.00
0.00
0.00
0.00
0.10
0.10
0.00
0.00
0.00
0.00
0.00
0.00
0.00
0.00
0.10
0.00
0.30
0.10
6.60
10.40
0.00
0.00
0.00
0.00
0.00
0.00
0.00
0.00
0.00
0.10
0.00
0.20
8.00
0.00
0.00
0.00
0.80
0.00
0.00
0.10
0.30
0.50
0.00
0.00
0.00
0.00
0.00
0.00
0.00
0.00
0.00
0.00
0.00
0.20
0.00
0.00
0.00
0.00
0.00
0.00
0.00
13.90
8.10
0.10
0.00
0.00
0.00
0.00
0.00
0.00
0.00
0.10
0.10
0.00
4.80
0.00
0.00
0.30
0.00
0.00
0.00
0.00
0.00
0.40
0.60
0.00
0.00
0.00
0.00
0.00
0.00
5.50
1.80
0.80
0.00
3.80
0.00
8.80
1.90
0.20
0.10
0.00
0.00
0.00
0.00
12.40
0.10
0.00
0.00
0.10
0.00
0.00
0.00
0.00
0.00
0.00
0.00
0.00
1.20
11.20
0.10
0.00
0.00
0.00
0.00
0.00
