20000101
0.00
0.00
0.00
0.00
0.00
0.00
0.00
0.00
0.40
0.00
0.00
0.00
1.20
0.40
0.00
0.00
0.00
0.00
0.00
0.00
0.00
0.00
0.00
0.00
0.00
0.00
0.00
0.00
0.00
0.00
0.00
0.00
0.00
0.00
0.00
0.00
0.00
0.40
0.00
0.00
0.00
0.00
0.00
0.00
0.00
0.00
0.00
0.00
0.00
0.00
0.00
0.00
0.00
0.00
0.00
0.00
0.00
0.00
0.00
0.00
0.00
0.00
0.00
0.00
0.00
0.00
0.00
0.00
0.00
0.00
0.00
0.00
0.00
0.00
0.00
0.00
0.00
0.00
0.00
0.00
0.00
0.00
1.20
0.00
0.00
0.20
0.00
2.00
0.00
1.40
3.20
0.00
0.00
0.60
0.00
0.00
0.00
0.00
0.00
0.00
7.40
2.20
0.00
0.00
0.40
0.20
0.80
0.00
0.00
0.00
0.00
0.00
0.00
0.00
0.00
0.00
0.00
0.00
0.80
0.00
0.00
0.00
0.00
0.00
0.00
0.00
0.00
0.00
0.00
0.00
3.00
0.00
0.00
0.00
0.00
0.00
0.00
1.00
0.00
0.00
0.00
1.00
4.00
0.00
0.00
0.00
0.00
2.40
0.00
0.00
0.00
0.00
0.00
0.00
0.00
0.00
2.80
0.20
0.00
0.00
0.00
19.20
5.00
0.00
0.00
0.00
0.00
0.00
0.00
0.00
0.00
0.00
0.00
0.00
0.00
0.00
0.00
0.00
0.20
0.00
0.00
0.00
0.00
0.00
0.00
0.00
0.00
0.00
0.00
0.00
0.00
0.00
0.00
0.00
0.00
0.00
0.00
0.00
0.00
0.00
0.00
0.00
0.00
0.00
0.20
0.00
4.80
0.00
0.00
0.00
0.00
0.00
0.00
0.00
0.00
0.00
2.60
0.00
0.00
0.00
0.00
0.00
0.00
0.60
0.60
0.00
0.00
0.00
0.00
0.00
0.00
0.00
0.00
0.00
0.00
0.00
0.00
0.00
0.00
0.00
0.00
0.00
1.20
0.00
0.00
0.00
0.00
0.00
0.00
0.00
0.00
0.00
0.00
0.00
0.00
0.00
0.00
0.00
0.00
0.00
0.00
0.00
2.00
0.00
0.00
0.00
0.00
0.00
0.00
0.00
0.40
-99.00
-99.00
-99.00
-99.00
-99.00
-99.00
-99.00
-99.00
-99.00
-99.00
-99.00
-99.00
-99.00
-99.00
-99.00
-99.00
-99.00
-99.00
-99.00
-99.00
-99.00
-99.00
-99.00
-99.00
-99.00
-99.00
-99.00
-99.00
-99.00
-99.00
-99.00
-99.00
-99.00
-99.00
-99.00
-99.00
-99.00
-99.00
-99.00
-99.00
-99.00
-99.00
-99.00
-99.00
-99.00
-99.00
-99.00
-99.00
-99.00
-99.00
-99.00
-99.00
-99.00
-99.00
-99.00
-99.00
-99.00
-99.00
-99.00
-99.00
-99.00
-99.00
-99.00
-99.00
-99.00
-99.00
0.00
0.20
0.00
0.00
0.00
-99.00
-99.00
-99.00
-99.00
-99.00
-99.00
1.40
0.00
0.00
0.00
0.00
0.00
0.00
1.20
3.20
11.80
7.60
0.00
0.00
0.00
0.20
0.00
0.00
-99.00
0.00
0.00
0.00
0.40
0.00
0.00
0.00
0.00
0.00
0.00
0.20
0.20
0.60
1.40
0.60
0.00
0.00
0.00
0.00
0.00
0.00
0.00
0.00
0.00
0.00
0.00
0.00
0.40
0.00
0.00
0.00
1.60
0.00
0.00
0.00
0.00
0.00
0.00
0.00
0.00
0.00
0.00
0.00
0.20
7.20
0.00
0.00
-99.00
-99.00
1.40
0.00
0.00
0.00
0.00
0.00
0.60
0.00
0.00
0.00
0.00
2.00
0.00
0.00
2.20
-99.00
3.40
-99.00
0.00
0.00
0.00
0.00
0.00
0.00
0.00
0.00
0.00
0.00
0.00
0.00
0.00
0.00
0.00
0.00
0.00
0.00
0.00
0.20
0.00
0.00
0.00
0.00
0.00
0.00
0.00
0.00
0.00
0.00
0.00
0.80
0.00
0.00
0.00
0.00
0.00
0.00
0.00
0.00
-99.00
-99.00
-99.00
-99.00
-99.00
0.00
0.00
0.00
0.00
0.40
0.00
0.00
7.60
2.00
0.80
1.20
2.40
2.40
0.00
0.00
0.00
0.50
6.70
0.20
0.00
0.00
0.00
0.00
0.00
0.20
3.80
0.00
0.00
0.00
1.60
0.00
1.80
0.00
0.00
0.00
0.00
0.00
0.00
0.00
0.00
0.00
0.00
0.00
0.00
0.00
0.00
0.00
0.00
1.40
0.00
0.00
0.00
0.00
0.00
0.00
0.00
0.00
0.00
0.00
0.00
0.00
0.00
0.00
0.00
0.00
0.00
0.00
-99.00
-99.00
-99.00
-99.00
-99.00
-99.00
-99.00
-99.00
-99.00
-99.00
-99.00
-99.00
-99.00
-99.00
-99.00
-99.00
-99.00
-99.00
-99.00
-99.00
-99.00
-99.00
-99.00
-99.00
-99.00
-99.00
-99.00
-99.00
-99.00
-99.00
-99.00
-99.00
-99.00
-99.00
-99.00
-99.00
-99.00
-99.00
-99.00
-99.00
-99.00
-99.00
-99.00
-99.00
-99.00
-99.00
-99.00
-99.00
-99.00
-99.00
-99.00
-99.00
-99.00
-99.00
-99.00
-99.00
-99.00
-99.00
-99.00
-99.00
-99.00
-99.00
-99.00
-99.00
-99.00
-99.00
-99.00
-99.00
-99.00
-99.00
-99.00
-99.00
-99.00
-99.00
-99.00
-99.00
-99.00
-99.00
-99.00
-99.00
-99.00
-99.00
-99.00
-99.00
-99.00
-99.00
-99.00
-99.00
-99.00
-99.00
-99.00
-99.00
-99.00
-99.00
-99.00
-99.00
-99.00
-99.00
-99.00
-99.00
-99.00
-99.00
-99.00
-99.00
-99.00
-99.00
-99.00
-99.00
-99.00
-99.00
-99.00
-99.00
-99.00
-99.00
-99.00
-99.00
-99.00
-99.00
-99.00
-99.00
-99.00
-99.00
-99.00
-99.00
-99.00
-99.00
-99.00
-99.00
-99.00
-99.00
-99.00
-99.00
-99.00
-99.00
-99.00
-99.00
-99.00
-99.00
-99.00
-99.00
-99.00
-99.00
-99.00
-99.00
-99.00
-99.00
-99.00
0.00
0.00
0.00
0.00
0.00
0.00
0.00
0.00
0.00
0.00
0.00
0.00
0.00
0.00
0.00
0.00
0.00
0.00
0.00
0.00
0.00
3.20
3.00
0.00
0.00
0.00
0.00
0.00
0.00
0.00
0.00
0.00
0.00
0.00
0.00
0.00
0.00
0.00
1.20
0.00
3.00
4.60
0.00
0.00
0.00
0.00
0.40
0.00
0.40
0.00
0.00
0.00
0.00
0.00
0.00
0.00
0.00
0.00
0.00
0.00
0.00
3.00
0.00
0.00
-99.00
-99.00
-99.00
0.00
0.00
0.00
0.00
0.00
0.00
0.00
0.40
0.20
0.00
0.00
0.00
0.00
0.00
0.00
0.00
0.00
0.00
1.20
0.00
0.00
0.00
0.00
0.00
0.00
0.00
0.00
0.00
0.00
0.00
-99.00
-99.00
-99.00
-99.00
-99.00
-99.00
-99.00
-99.00
-99.00
-99.00
-99.00
-99.00
0.00
-99.00
-99.00
-99.00
0.00
0.00
0.00
0.00
0.00
0.00
0.00
0.00
0.00
0.00
0.00
0.00
0.00
-99.00
-99.00
-99.00
-99.00
-99.00
-99.00
-99.00
-99.00
0.00
2.80
0.00
0.00
11.60
0.20
-99.00
-99.00
-99.00
-99.00
-99.00
-99.00
-99.00
-99.00
-99.00
0.00
0.00
0.00
0.00
0.00
0.00
0.00
-99.00
-99.00
-99.00
-99.00
-99.00
-99.00
-99.00
-99.00
-99.00
-99.00
-99.00
-99.00
-99.00
-99.00
-99.00
-99.00
-99.00
-99.00
-99.00
-99.00
-99.00
-99.00
-99.00
0.00
-99.00
0.00
0.00
-99.00
-99.00
-99.00
-99.00
0.00
0.00
0.00
0.00
0.00
0.00
6.20
4.20
0.00
0.40
8.00
0.00
0.00
0.00
0.00
0.00
0.00
0.00
0.00
0.00
0.00
0.00
0.00
0.00
0.00
0.00
0.00
0.00
0.00
0.00
0.00
0.40
0.00
0.00
0.00
0.00
0.00
0.00
0.00
0.00
0.00
0.00
-99.00
-99.00
0.00
0.20
0.00
0.00
0.00
0.00
0.00
0.00
0.00
0.00
0.00
0.00
0.00
0.00
0.00
0.00
0.00
0.00
2.80
0.00
0.80
0.00
0.00
0.00
0.00
0.00
0.00
0.40
0.00
6.40
0.20
0.00
0.00
0.00
0.40
0.00
0.00
0.10
0.30
0.00
0.00
1.00
0.60
8.40
0.00
0.00
27.80
0.60
0.00
0.00
1.00
0.00
0.00
3.40
0.80
0.40
0.40
0.00
4.00
0.00
0.00
0.00
0.00
0.00
0.00
0.00
1.20
2.80
0.40
0.60
2.20
7.00
0.00
0.00
0.00
0.00
0.00
0.00
0.00
0.00
0.00
0.00
1.40
0.00
0.00
0.00
0.00
0.00
7.20
41.00
8.80
0.00
0.00
0.00
0.00
0.00
0.00
0.00
0.00
0.00
0.00
0.40
0.00
0.00
0.00
0.00
0.00
0.00
0.00
0.00
0.00
0.00
0.00
0.00
0.00
0.00
0.00
0.40
3.20
0.00
0.00
0.00
0.00
0.00
0.00
5.20
1.40
0.00
0.00
0.00
0.00
12.40
1.00
0.00
1.40
26.40
0.20
0.00
0.00
0.00
0.00
0.00
0.40
0.00
0.00
0.00
0.00
0.00
0.00
0.00
3.40
23.20
0.40
0.00
0.00
0.80
0.00
0.00
0.00
0.00
0.60
0.80
0.00
0.00
0.00
0.00
0.00
0.00
0.00
0.00
0.00
1.80
0.00
0.00
0.00
0.00
0.00
9.40
5.00
0.00
0.00
0.00
0.00
0.00
0.00
0.00
0.00
0.00
0.00
0.00
0.00
0.80
2.20
1.00
0.00
0.00
0.00
0.00
0.00
0.00
0.00
0.00
0.00
0.00
0.00
0.00
0.00
0.80
0.00
0.00
0.00
0.00
0.00
0.40
0.00
0.00
21.80
6.00
0.60
0.00
0.00
2.40
11.60
17.40
0.20
1.20
0.00
0.00
14.80
27.40
0.20
0.00
0.00
0.00
0.00
0.00
0.00
2.00
0.00
0.00
0.00
0.00
0.00
0.00
0.00
0.00
1.60
0.00
0.00
0.00
0.00
0.00
0.00
0.00
0.00
0.00
0.00
0.00
0.00
26.40
0.00
0.00
0.00
0.00
0.00
0.00
0.00
0.00
0.00
0.00
0.00
9.80
0.00
0.00
0.00
0.00
0.20
0.60
0.00
0.00
0.00
1.40
2.00
0.00
0.00
0.00
0.00
0.00
0.40
0.00
0.00
0.00
0.20
0.00
0.00
0.00
0.00
0.00
8.40
24.80
7.40
0.00
0.00
0.20
0.00
0.00
0.00
0.00
0.50
1.50
0.00
5.60
0.00
0.00
0.00
0.00
1.60
9.40
0.00
0.00
0.00
0.00
0.00
0.00
0.00
1.60
0.00
0.00
4.40
0.00
0.00
0.00
0.00
0.00
0.00
0.00
0.00
0.40
0.00
5.80
1.40
0.00
0.00
0.00
0.00
0.00
0.00
0.00
0.00
0.00
0.00
0.00
0.00
0.00
0.00
0.00
0.00
0.00
0.00
0.40
0.00
0.00
0.20
0.00
0.00
0.00
0.00
0.00
0.00
0.00
0.00
0.00
0.00
0.00
0.00
0.00
3.00
0.00
0.00
0.00
0.00
0.00
0.00
0.00
0.00
0.00
0.00
0.00
0.00
0.00
0.00
0.00
0.00
0.00
0.00
0.00
0.00
0.00
0.00
0.00
0.00
50.80
0.40
0.00
0.00
0.00
0.00
0.00
0.00
0.00
0.00
0.00
0.00
0.00
0.00
37.20
0.60
0.00
0.40
0.00
0.00
0.40
22.60
2.60
0.00
0.00
0.00
0.00
0.00
0.00
0.00
0.00
0.00
0.00
0.00
0.00
0.00
9.40
0.00
0.00
0.00
0.00
12.40
0.20
1.60
9.20
31.80
0.00
0.00
0.00
0.00
0.00
0.00
0.00
0.00
0.00
0.00
0.60
0.00
0.00
0.00
16.00
47.80
9.00
9.00
0.00
0.00
0.40
0.00
0.00
0.00
27.40
1.80
9.80
0.00
0.00
5.20
0.20
0.00
0.00
0.00
0.00
0.00
0.20
1.40
2.00
1.00
0.80
0.00
0.00
0.00
0.20
15.00
0.60
0.00
0.00
0.00
0.80
0.20
4.50
9.10
0.00
0.60
0.80
0.00
0.00
0.00
10.60
0.00
6.20
19.40
6.60
0.00
0.80
1.60
0.00
0.20
0.00
0.00
0.00
0.00
0.00
0.00
0.00
0.60
0.00
0.00
0.00
0.00
0.00
0.00
0.00
0.00
0.20
0.20
0.00
0.00
0.00
0.00
0.00
0.00
0.00
0.00
0.00
0.00
0.00
0.00
0.00
0.00
0.00
0.00
0.00
0.00
0.00
0.00
0.00
0.00
0.00
0.00
0.00
0.00
0.00
0.00
0.20
0.20
0.00
0.00
0.00
0.00
0.00
0.00
0.00
0.00
0.00
0.00
0.20
0.00
0.00
0.00
0.00
0.00
0.00
0.00
0.00
3.40
15.40
0.00
0.10
21.90
0.60
0.00
0.00
0.00
15.40
34.80
0.00
0.80
0.00
0.00
0.00
0.00
0.00
0.00
0.40
0.00
0.00
0.00
0.20
0.00
0.00
0.40
0.00
0.00
0.00
0.00
0.00
0.00
0.00
0.00
0.00
0.00
0.00
0.00
0.00
14.20
3.40
30.00
17.40
1.80
0.40
10.60
0.00
0.00
0.00
0.00
0.00
17.40
1.60
1.60
0.00
1.60
0.00
0.00
0.00
15.40
0.00
0.00
0.00
0.00
0.00
17.60
0.00
0.00
0.00
0.00
0.00
6.80
21.80
0.20
3.40
1.00
8.00
0.80
0.00
0.00
0.00
0.00
0.00
3.00
12.80
1.60
0.00
0.00
0.00
0.00
0.00
0.00
0.00
0.00
0.00
0.00
0.00
0.00
0.00
0.00
2.00
0.00
0.00
1.20
0.00
0.00
0.00
0.00
0.00
0.00
0.00
0.00
0.00
0.00
0.00
0.00
5.20
0.00
4.00
2.00
0.00
0.00
0.00
17.20
0.00
0.00
0.00
0.00
0.00
0.00
0.00
0.00
0.00
0.00
0.00
0.00
-99.00
-99.00
-99.00
0.00
0.00
0.60
0.00
0.00
1.40
51.40
0.00
0.00
0.00
0.00
0.00
0.00
0.00
0.00
0.00
0.00
0.00
0.00
0.00
0.00
0.00
0.00
0.00
0.00
0.00
0.00
0.00
0.00
0.00
13.20
0.00
0.00
0.00
0.00
0.00
0.00
0.00
0.00
0.00
0.00
0.00
0.00
0.00
0.00
0.00
0.00
0.00
0.00
4.60
0.20
0.00
0.00
0.00
0.00
20.20
1.80
1.00
0.00
3.80
7.60
0.00
0.00
0.20
0.00
0.00
0.00
0.00
0.40
0.00
0.00
9.20
0.00
0.00
0.00
0.00
0.00
0.00
0.00
0.00
0.00
0.00
0.00
0.00
0.00
0.00
0.00
0.00
0.00
0.00
0.00
0.00
0.00
0.00
0.00
0.00
0.00
0.00
0.00
0.40
0.00
0.00
0.00
0.00
0.00
0.00
0.20
0.00
0.60
0.20
0.00
0.00
5.00
1.80
7.00
0.00
0.00
0.00
0.00
3.20
0.00
0.00
0.00
0.00
0.00
0.00
0.00
0.00
0.00
0.00
0.00
0.00
0.00
0.00
0.00
0.00
0.00
0.00
0.00
0.00
0.00
0.00
0.00
0.00
0.00
0.00
0.00
1.00
0.00
26.00
0.00
0.00
7.20
6.20
0.00
3.40
14.60
3.80
0.00
0.00
0.00
0.00
0.00
0.00
0.00
0.00
0.00
0.00
0.00
0.00
0.00
0.00
0.00
0.20
0.20
0.00
0.00
0.00
0.00
0.00
0.00
0.00
0.00
0.00
0.00
0.00
0.00
0.20
0.00
0.00
0.00
0.00
0.00
0.20
0.00
0.00
0.00
0.00
0.00
0.00
0.00
0.00
0.00
0.00
0.00
0.00
0.00
0.00
0.00
0.00
0.00
0.00
0.00
0.00
0.00
0.00
6.40
2.80
3.80
4.00
0.00
0.00
0.00
1.00
0.00
0.00
0.00
0.00
0.00
0.00
0.00
0.00
0.00
0.00
0.00
0.00
0.00
0.00
0.00
0.00
0.40
0.20
0.00
0.00
0.00
0.00
0.00
0.00
0.00
6.00
0.00
0.00
0.00
0.00
0.00
0.00
0.00
0.00
0.00
0.00
0.00
3.20
0.00
0.00
0.40
0.00
0.00
7.20
0.00
0.00
0.00
0.00
0.00
0.00
0.00
0.00
0.00
0.00
0.00
0.00
0.00
0.00
0.00
0.00
0.00
0.00
0.00
0.00
0.00
0.00
0.00
0.00
0.00
1.40
0.20
0.00
0.00
0.00
0.00
0.00
0.00
0.00
0.00
0.00
0.20
0.00
0.00
0.00
0.60
1.80
0.00
0.00
9.60
0.20
0.20
17.60
10.40
0.00
0.00
0.00
0.00
0.00
0.00
0.00
0.00
0.00
0.00
0.00
0.00
0.00
0.00
0.00
0.00
0.00
0.00
0.00
0.00
0.00
0.00
0.00
0.00
0.40
0.00
1.60
0.00
0.00
0.00
0.00
0.00
0.00
3.20
0.40
0.00
0.00
0.00
0.00
0.00
0.00
0.40
0.00
0.00
0.00
0.00
0.00
0.80
0.00
0.00
0.00
0.20
3.20
0.40
0.00
0.00
0.00
0.00
0.00
0.00
0.00
0.00
0.00
0.00
0.00
0.00
0.00
0.00
0.00
0.00
0.00
0.00
0.00
0.80
0.00
6.60
0.20
0.00
0.00
0.00
0.00
0.00
0.00
1.00
0.40
6.80
0.00
0.00
0.00
0.00
0.00
0.60
1.80
0.00
2.20
0.00
0.00
0.00
0.00
0.00
0.00
0.00
0.00
0.00
0.00
0.00
0.00
0.00
0.00
0.00
0.00
67.20
55.60
42.20
0.00
0.00
0.00
3.40
24.20
0.20
0.00
0.00
4.80
0.00
0.00
0.00
0.00
0.00
0.00
0.00
11.60
1.00
0.00
0.00
0.00
0.00
0.00
0.00
0.00
0.00
0.00
0.00
0.00
0.00
0.00
1.00
1.20
2.80
19.40
21.20
9.20
0.00
0.00
9.40
0.20
0.00
0.00
0.00
7.60
0.00
0.00
0.00
0.00
0.00
0.00
0.00
2.00
0.00
0.00
0.00
0.00
0.00
0.00
0.00
0.00
26.80
4.20
4.60
5.80
30.20
37.60
5.40
0.00
0.00
0.00
0.00
0.00
0.00
0.00
0.00
0.00
0.00
0.00
0.00
0.00
0.00
0.00
0.00
4.80
0.20
0.00
0.00
0.00
0.00
0.00
0.40
0.00
0.00
0.00
0.00
0.00
0.00
0.00
0.00
0.00
0.00
0.00
0.00
0.00
0.40
0.00
0.00
0.00
0.00
0.00
0.00
0.00
0.20
0.00
0.00
0.00
0.00
1.40
0.20
38.40
17.00
4.40
2.00
0.00
0.00
0.00
0.00
0.40
0.80
0.00
0.00
0.00
0.00
0.00
0.40
0.00
0.00
0.00
0.40
5.80
0.00
22.50
26.70
0.00
0.00
0.40
0.00
0.00
0.00
0.00
0.00
0.00
0.00
0.00
0.00
0.00
0.00
0.00
0.00
0.00
0.00
0.00
3.80
0.00
2.60
1.20
0.40
0.00
0.00
5.00
0.00
0.00
0.00
0.00
0.00
0.00
0.00
0.00
0.00
0.00
0.00
0.00
0.00
0.00
0.00
0.00
0.00
0.00
0.00
5.40
0.40
0.00
0.00
0.00
0.00
0.00
0.00
0.00
0.00
0.00
0.00
0.00
0.00
0.00
0.00
0.00
0.00
0.00
0.00
0.00
1.00
0.00
0.00
0.00
0.00
0.00
0.00
4.20
0.20
12.20
0.00
0.00
1.20
0.00
0.00
0.00
0.00
0.00
0.00
13.40
0.40
0.00
0.00
0.00
0.00
0.00
0.00
0.00
0.00
0.00
0.00
0.00
0.00
0.00
0.40
0.00
0.00
0.00
0.00
0.00
0.00
0.00
0.00
0.00
0.00
0.00
0.00
0.00
0.00
0.00
0.00
0.00
0.00
2.20
0.00
0.00
0.00
0.00
0.00
0.00
0.00
0.00
0.00
0.00
0.00
0.00
0.00
0.00
0.00
0.00
0.00
0.00
0.00
0.00
0.00
0.00
0.00
0.00
2.60
0.00
0.00
0.00
0.00
0.00
0.00
0.00
0.00
0.00
8.20
0.00
0.00
0.00
0.00
0.00
0.00
0.40
2.80
4.80
2.80
0.00
0.40
0.00
0.00
0.00
0.00
0.60
0.00
0.00
0.00
0.00
0.00
0.00
0.00
0.00
0.00
0.00
0.00
0.00
0.00
0.00
0.00
0.00
6.60
0.00
0.00
0.00
0.00
0.00
0.00
40.00
0.20
0.40
0.00
0.00
0.00
0.00
0.00
0.60
0.20
0.00
0.00
0.00
0.00
0.00
0.00
0.00
0.00
0.00
0.00
0.00
0.00
0.00
0.00
0.00
0.00
0.00
3.20
15.40
59.00
11.20
2.80
0.00
0.00
0.00
0.00
0.00
0.00
1.00
24.00
0.40
0.00
0.00
3.20
0.00
0.00
0.00
0.00
0.00
0.00
0.00
0.00
0.00
0.00
0.00
0.00
0.00
12.80
2.80
0.60
0.20
0.00
0.00
1.20
62.20
1.60
0.40
0.00
0.00
0.60
0.00
0.00
0.00
0.00
0.00
0.00
0.00
0.00
0.00
0.00
0.00
0.00
0.00
0.00
0.00
0.00
0.00
0.00
0.00
0.00
0.00
-99.00
-99.00
4.40
2.20
0.00
0.00
0.00
0.00
0.00
0.00
0.00
0.00
0.00
0.00
0.00
0.00
0.00
0.00
2.00
0.40
0.00
0.00
11.00
0.00
3.80
0.00
0.00
0.00
0.00
0.00
0.00
2.40
0.00
0.00
0.00
0.00
0.00
0.00
3.00
0.40
0.00
0.00
0.00
0.00
0.00
0.00
0.00
0.00
0.00
0.00
0.00
0.00
0.00
0.00
0.00
0.00
0.00
0.00
0.00
0.00
0.00
0.00
0.00
0.00
0.00
0.00
0.00
0.00
0.00
2.60
0.10
0.00
0.00
0.00
0.00
0.00
0.00
0.00
0.00
0.00
0.00
0.00
0.00
0.00
0.00
0.00
3.50
0.20
0.00
0.00
0.00
0.00
0.00
0.00
0.00
3.10
0.20
0.10
0.00
0.10
0.10
0.00
0.00
0.00
0.00
0.00
0.00
0.00
0.00
0.00
0.00
0.00
0.00
5.40
0.00
0.00
0.00
0.20
0.00
-99.00
0.00
0.00
10.80
0.00
0.00
1.40
0.00
0.00
0.00
0.00
0.00
0.00
0.00
0.00
0.70
0.90
0.20
31.40
3.40
52.20
18.00
51.30
2.80
0.30
-99.00
-99.00
0.00
0.00
0.00
3.80
8.40
14.00
0.20
0.00
0.00
0.00
0.00
0.00
0.00
0.00
0.00
0.00
0.00
0.00
3.60
0.00
1.00
0.00
15.40
0.00
17.60
0.40
0.20
0.00
0.00
0.00
0.00
0.00
0.00
0.00
0.00
1.40
0.00
0.00
0.00
0.00
2.20
0.00
0.80
0.00
0.00
0.00
2.40
0.20
0.00
0.00
0.00
0.00
0.00
0.00
0.00
0.00
0.00
0.00
0.00
0.00
0.00
0.00
0.00
0.00
4.60
0.00
0.00
3.00
0.00
0.00
3.20
4.60
0.00
0.00
0.00
0.00
0.00
0.00
0.00
0.00
0.00
0.00
0.00
2.00
0.00
0.00
0.00
0.00
0.00
0.00
0.00
0.00
0.00
0.00
0.00
0.00
0.00
0.00
0.00
0.00
0.00
0.00
0.00
2.80
0.00
0.00
0.00
0.00
0.00
0.00
0.00
0.00
0.00
0.00
0.00
15.00
0.00
0.00
0.00
96.20
5.40
0.00
0.00
0.00
0.00
39.00
0.00
0.00
0.00
0.00
0.00
0.00
4.00
0.00
1.20
26.80
0.00
0.40
0.00
0.00
0.00
0.00
0.00
0.00
0.00
0.00
0.00
0.00
0.00
0.00
0.00
0.00
0.00
0.00
0.00
0.00
0.00
0.00
0.00
0.00
0.00
0.00
0.00
0.00
0.00
0.00
0.00
0.00
0.00
14.20
0.00
0.00
0.00
0.40
0.00
0.00
0.00
15.70
23.30
17.60
0.40
0.00
0.00
0.00
2.60
3.60
0.00
0.00
0.00
0.00
2.40
23.20
0.20
0.00
0.00
0.00
0.00
0.00
0.00
0.00
0.00
2.80
0.00
0.00
0.00
0.00
0.00
0.00
0.00
0.00
0.00
0.00
0.00
0.00
0.00
0.00
0.00
0.00
0.00
0.00
14.20
0.00
0.00
0.00
0.00
3.20
0.60
0.00
0.00
0.00
0.00
0.00
0.00
0.00
0.00
0.00
0.00
0.00
0.00
0.00
0.00
0.00
0.00
0.00
0.00
0.00
0.00
0.00
0.00
0.00
-99.00
-99.00
1.20
2.40
0.00
0.80
7.60
-99.00
-99.00
-99.00
-99.00
-99.00
0.00
0.00
-99.00
0.00
0.00
0.00
7.20
13.80
0.60
0.00
0.00
0.00
0.00
0.00
0.00
1.20
0.00
0.00
1.00
0.00
1.20
0.00
0.00
0.00
0.00
0.00
0.00
0.00
0.00
0.00
0.00
0.00
0.00
0.00
0.00
0.00
0.00
0.00
3.40
7.50
0.00
0.00
0.00
0.00
0.00
0.00
0.00
0.00
22.80
4.60
0.00
0.00
0.00
3.40
0.20
0.10
0.00
0.00
0.00
1.20
6.40
0.00
0.00
0.00
0.00
0.00
0.00
0.00
0.00
0.20
0.00
0.00
0.00
0.00
0.00
0.00
0.00
0.00
0.00
0.00
0.00
0.00
0.00
1.60
0.00
0.00
4.00
0.70
0.00
0.00
0.00
0.00
0.00
0.00
8.20
0.00
0.00
0.00
0.00
0.00
0.00
0.00
0.20
0.00
5.20
1.40
27.40
0.20
0.00
0.40
0.00
0.00
6.20
2.80
0.20
34.80
0.00
0.00
0.00
0.00
0.00
0.00
0.00
0.00
10.00
0.00
0.00
0.00
0.00
0.00
0.00
0.00
0.00
0.00
42.80
80.70
12.60
-99.00
0.00
3.00
0.40
31.20
15.00
0.20
21.60
0.00
0.00
3.00
1.00
1.40
28.80
1.00
7.40
2.20
0.00
0.00
0.20
4.60
16.80
6.80
0.40
8.80
0.40
0.00
0.00
0.00
0.60
34.20
0.00
0.00
0.00
0.00
8.60
0.40
0.00
0.00
0.00
0.00
0.00
0.00
0.00
0.00
0.00
10.40
0.00
0.00
0.00
0.00
0.00
0.00
0.00
0.00
0.00
0.60
0.00
0.00
0.00
-99.00
-99.00
-99.00
9.80
0.00
0.00
0.00
0.00
0.00
0.00
0.00
0.00
0.00
0.00
0.00
0.00
0.00
0.00
0.00
0.00
0.00
0.00
0.00
0.00
0.00
0.60
0.00
0.00
0.00
0.00
0.00
0.00
0.00
0.00
1.20
0.00
0.00
0.00
0.00
0.00
0.00
0.00
38.20
0.00
0.00
0.00
0.00
0.00
0.00
0.00
0.00
0.20
3.60
0.00
0.00
0.00
0.00
1.20
0.00
0.00
0.00
0.00
5.20
0.00
0.00
0.00
0.00
0.00
0.00
0.00
9.20
0.00
0.00
5.80
5.60
0.00
0.00
0.00
1.60
0.00
0.40
0.00
0.00
0.00
0.00
0.00
0.00
0.00
0.00
0.00
0.00
0.00
0.00
0.00
0.00
0.00
0.00
0.00
0.00
0.00
0.00
0.00
0.00
0.00
5.00
0.00
0.00
0.00
0.00
21.00
30.40
0.00
34.20
7.40
27.80
0.00
0.00
0.00
0.00
0.00
0.00
0.00
0.00
0.00
0.00
0.80
0.00
0.00
0.00
0.00
0.00
0.00
0.00
0.00
0.00
0.00
1.60
0.00
0.00
0.40
5.00
0.40
0.00
0.00
0.00
0.00
0.00
0.00
0.00
0.00
0.50
8.00
0.30
0.00
0.00
4.70
3.30
1.10
0.00
0.00
0.00
0.00
0.00
0.00
0.00
0.00
0.10
0.00
13.30
21.80
5.10
-99.00
-99.00
-99.00
-99.00
-99.00
-99.00
-99.00
-99.00
-99.00
-99.00
0.10
17.70
9.40
0.00
0.00
0.10
0.00
0.00
0.00
0.00
0.00
0.40
0.00
0.00
0.20
0.00
0.10
0.00
0.00
0.00
0.00
0.00
0.00
23.30
8.80
1.70
2.30
0.00
0.00
0.40
0.00
0.00
0.00
0.00
0.20
0.00
0.00
0.00
0.00
0.00
0.00
0.00
0.00
0.00
0.00
0.00
0.00
0.00
0.00
0.00
0.00
1.90
0.50
1.10
0.00
2.70
0.10
0.00
0.00
0.00
0.00
0.50
0.00
0.00
0.10
0.00
0.00
0.00
0.00
0.00
0.00
0.00
0.00
0.00
0.00
0.00
0.00
0.00
0.00
16.40
5.60
3.40
21.40
0.30
7.20
0.10
0.00
0.00
1.00
36.50
3.20
0.10
2.20
13.70
4.40
0.00
0.00
2.60
0.40
0.00
0.10
15.50
0.00
0.00
0.00
0.00
0.00
0.00
14.00
0.00
0.00
0.00
16.20
1.60
0.00
0.00
0.00
0.00
0.00
0.00
0.00
0.80
0.20
0.00
0.00
0.00
6.90
0.00
0.00
0.00
0.00
0.00
0.00
0.00
0.00
0.00
0.00
0.00
0.00
0.00
0.00
0.00
0.00
0.00
0.00
0.00
0.00
0.00
7.70
0.10
0.00
0.00
0.00
0.00
0.00
0.00
0.00
0.00
0.00
0.00
0.00
0.00
0.00
1.40
0.00
0.00
0.00
0.00
21.10
23.60
0.00
0.00
0.00
0.00
0.00
0.00
0.00
0.00
0.00
2.20
3.00
0.30
39.90
0.10
0.00
0.00
0.00
0.10
0.00
0.00
0.20
0.00
0.00
0.00
0.20
4.80
0.00
0.00
0.00
0.00
0.00
0.00
0.00
0.00
0.00
2.20
0.00
0.00
0.00
0.00
0.00
0.00
3.00
22.80
0.10
0.00
0.00
0.00
0.00
0.00
0.00
0.00
0.00
0.00
0.00
0.00
0.00
0.00
0.00
1.50
0.00
0.00
0.00
0.00
0.00
0.00
0.80
0.00
0.00
0.00
0.00
0.00
0.00
0.00
0.00
0.00
0.00
3.20
0.70
0.00
0.00
0.00
7.10
0.10
0.00
0.00
0.00
0.00
0.00
0.00
0.00
0.00
0.00
0.00
0.00
0.70
35.30
0.10
0.00
0.00
0.00
0.10
0.00
0.00
0.00
0.00
0.10
0.00
0.00
0.00
0.00
0.00
0.00
0.00
0.00
21.40
14.00
22.70
0.00
0.00
0.00
0.00
0.00
0.00
0.00
0.10
0.00
0.10
0.10
0.00
0.00
0.00
0.00
0.00
0.00
0.00
0.00
0.00
0.00
0.00
0.00
0.00
0.00
0.00
0.00
0.00
0.10
0.10
0.40
0.00
0.00
0.00
0.40
0.20
0.00
0.20
0.10
0.00
0.10
0.10
0.00
0.00
0.00
0.00
0.00
0.00
0.00
0.00
0.00
0.10
4.40
0.10
0.00
0.10
0.00
0.00
0.00
10.70
0.10
-99.00
-99.00
-99.00
-99.00
-99.00
0.00
0.60
0.10
0.60
0.00
0.00
0.00
5.40
6.10
0.00
12.40
2.60
0.00
0.00
0.30
4.80
0.50
3.80
0.00
0.00
0.00
0.30
0.00
0.10
0.00
0.00
0.00
0.00
9.40
0.10
0.00
0.00
0.00
0.00
0.00
0.00
0.00
0.00
7.40
0.00
0.00
0.00
10.30
6.60
0.00
0.00
0.00
0.00
0.00
4.60
2.20
0.30
8.40
7.30
0.10
3.20
0.10
0.00
0.00
0.00
0.00
1.00
0.00
0.00
1.90
11.20
0.00
4.20
0.00
7.40
0.00
24.40
0.00
0.00
0.00
0.00
0.00
0.00
0.00
0.10
0.10
0.00
0.00
11.90
13.80
0.00
0.00
0.10
0.20
0.00
0.00
0.00
1.80
0.30
0.00
0.00
0.00
8.90
0.00
0.00
0.80
0.10
0.00
0.00
0.00
2.40
0.10
1.30
0.10
0.00
0.00
1.00
0.00
0.00
0.00
0.00
2.60
0.10
0.90
0.00
0.00
0.00
0.00
0.00
25.10
0.60
56.00
6.20
0.00
0.00
0.10
2.10
0.40
1.20
0.70
9.50
3.50
0.00
0.00
0.00
0.00
0.00
0.00
0.00
0.00
0.00
0.00
0.00
0.00
0.00
0.00
5.70
0.10
0.00
0.00
0.00
0.00
0.00
0.00
0.00
1.90
0.00
0.00
24.20
5.70
11.30
0.00
0.00
5.90
0.10
49.40
0.10
0.00
0.00
0.00
0.00
0.00
0.00
0.00
0.00
0.00
0.00
1.70
2.50
0.00
0.00
0.00
0.00
27.80
0.00
0.00
0.00
0.00
0.00
0.00
0.00
0.00
0.00
0.00
0.00
0.00
0.00
0.00
0.00
0.00
0.00
9.30
9.80
0.00
0.00
0.00
0.00
0.00
0.00
0.00
0.00
0.00
2.90
0.10
0.00
0.00
0.30
0.00
0.00
0.00
0.00
0.00
20.00
0.00
0.30
0.00
0.00
0.00
0.00
32.30
0.00
0.00
0.00
0.00
0.00
0.00
0.00
0.00
0.00
0.00
0.00
0.00
0.00
0.00
0.00
0.00
0.00
2.10
15.20
0.10
0.00
0.00
0.00
0.00
0.00
0.00
0.00
0.30
32.00
0.00
0.00
1.90
5.40
0.00
0.00
0.00
0.00
0.00
0.00
0.00
0.10
0.00
0.00
0.00
0.00
0.20
0.00
0.00
0.00
0.00
42.10
25.20
3.70
7.00
1.40
0.00
0.00
0.00
0.00
0.00
0.00
0.00
0.00
0.10
0.00
0.00
0.00
0.00
0.00
0.00
0.00
0.60
0.50
0.00
0.00
0.00
0.00
0.00
0.10
0.00
2.20
0.00
0.00
0.00
0.00
0.00
0.00
1.50
0.00
0.40
0.00
0.00
2.90
0.20
0.00
0.00
0.00
0.10
0.00
0.00
0.00
0.00
8.20
0.00
0.00
0.00
0.00
0.00
0.00
0.40
2.10
0.00
0.00
0.10
0.10
0.00
0.00
0.00
0.00
0.00
0.00
0.10
0.00
7.40
0.40
0.10
0.00
0.00
0.00
0.00
0.00
0.00
1.20
1.20
0.00
0.00
0.10
0.00
0.20
0.10
0.00
0.00
0.00
0.00
0.00
0.00
0.00
0.00
0.00
0.20
0.20
0.00
0.00
0.00
0.00
0.00
0.00
0.00
0.00
0.00
0.30
20.80
0.10
0.00
0.00
0.00
0.00
0.00
0.00
0.00
0.00
0.00
0.10
0.20
0.10
0.00
0.00
0.00
0.80
0.10
0.00
11.20
0.00
3.00
0.10
0.00
0.00
0.00
0.00
0.00
0.00
0.00
0.70
0.00
0.00
9.20
0.60
0.00
0.00
0.00
0.00
0.00
0.00
0.00
62.60
0.00
4.90
26.90
0.00
0.00
0.00
0.00
0.00
0.70
0.00
0.00
0.00
0.00
0.90
0.70
0.00
0.00
0.30
0.00
0.00
0.00
0.00
0.00
0.00
0.00
0.00
0.00
0.00
0.20
0.00
0.00
0.00
0.00
0.00
0.00
0.00
0.00
0.00
0.00
0.10
0.70
14.30
4.50
0.60
5.80
0.10
5.20
1.50
0.00
0.00
0.00
6.70
0.10
0.00
0.00
20.00
1.30
0.00
0.00
0.00
0.00
0.00
4.30
0.00
0.00
0.00
0.00
0.00
0.00
0.00
0.10
0.00
0.00
0.00
0.20
0.00
0.00
0.00
0.20
60.20
0.00
1.90
0.10
3.80
2.80
0.00
68.40
2.50
0.00
28.40
0.00
0.00
0.70
0.00
0.00
0.00
0.00
0.00
0.00
0.00
0.00
0.10
0.00
0.00
0.00
0.00
0.00
0.00
0.00
0.00
0.00
0.00
0.60
0.40
0.00
0.00
0.00
0.00
0.00
0.00
0.00
2.60
1.10
0.00
0.00
0.00
0.00
0.00
0.00
0.00
0.00
3.00
0.00
1.50
0.00
0.00
0.10
0.00
0.00
0.00
0.00
0.00
0.00
0.40
0.00
0.00
0.30
0.00
0.00
0.00
0.00
0.00
0.00
0.00
0.00
0.00
0.00
0.00
0.00
0.00
0.00
0.00
0.00
0.00
0.00
0.00
0.00
0.00
0.00
0.00
0.00
0.00
0.00
0.00
0.00
0.00
0.00
0.00
0.00
0.00
0.00
0.00
0.00
0.00
0.00
0.00
0.00
0.00
0.00
0.00
0.00
0.00
0.00
0.00
0.00
10.80
0.00
0.00
0.00
0.00
0.00
0.00
0.00
0.00
0.00
0.00
0.00
0.00
0.00
0.00
0.00
0.00
0.00
0.00
0.00
0.00
0.00
0.00
0.00
0.00
0.00
0.00
0.00
0.00
0.00
4.50
0.00
0.00
26.50
8.80
0.00
0.00
0.10
0.00
2.70
202.90
34.60
4.50
0.70
0.20
0.00
0.00
0.00
0.00
0.00
0.00
2.40
43.50
9.90
0.00
0.00
0.40
0.20
5.90
0.40
0.00
0.10
0.10
0.00
0.00
0.00
0.00
0.00
0.00
0.00
0.00
0.00
0.00
0.00
0.00
0.00
0.00
0.00
0.00
0.00
0.00
0.00
0.00
0.00
0.00
0.00
0.00
0.00
0.00
0.00
0.00
0.00
0.00
0.00
0.00
0.00
0.00
0.00
0.00
0.00
0.00
0.00
0.00
0.00
0.00
0.00
0.00
0.00
0.00
0.00
0.00
0.00
0.00
0.00
0.20
0.00
0.00
0.00
0.00
0.00
0.00
0.00
0.00
0.00
0.00
1.00
0.00
0.00
0.00
0.00
13.50
2.70
0.00
0.00
0.00
0.00
0.00
0.00
0.00
0.00
0.00
0.00
0.00
0.00
0.00
0.00
0.00
0.00
0.00
0.00
0.00
0.00
0.00
0.00
0.00
0.00
0.00
0.00
0.00
0.00
0.00
0.00
0.00
0.00
0.00
0.00
0.00
0.00
0.00
0.00
0.00
0.00
0.00
0.00
0.00
0.00
0.00
0.10
3.10
33.10
16.70
0.00
0.00
0.00
0.00
0.00
0.00
0.00
0.00
0.00
0.00
0.00
11.80
33.50
6.40
3.90
0.00
0.00
0.00
2.30
0.00
15.80
0.20
0.40
0.30
0.00
0.00
0.00
0.00
0.00
0.70
0.00
0.00
0.00
0.00
0.00
0.00
15.70
0.00
14.30
0.00
0.00
0.00
2.70
0.00
0.00
0.00
0.00
0.00
0.00
0.00
0.00
0.00
0.00
0.00
0.00
0.00
0.00
0.00
8.20
0.00
0.00
0.00
0.00
0.00
0.00
0.00
0.00
0.00
0.00
0.00
0.00
0.00
37.30
0.10
0.00
0.00
0.00
0.00
0.00
0.00
0.00
0.00
0.00
0.00
0.00
0.00
0.00
0.50
0.10
0.00
0.00
0.00
0.00
0.00
0.00
0.00
0.00
0.00
0.00
0.00
9.30
0.00
0.00
0.00
3.80
0.00
0.00
0.00
0.00
0.00
0.00
0.00
0.00
0.00
0.00
0.10
0.00
0.00
0.00
0.00
0.00
0.00
0.00
0.00
0.00
0.00
0.00
0.00
0.00
0.00
0.00
0.00
0.00
0.00
0.00
0.00
5.10
0.00
0.00
0.00
0.00
0.00
0.00
0.00
0.00
0.00
0.00
0.00
0.00
0.00
0.00
0.00
0.00
0.00
0.00
0.00
0.00
0.00
0.00
0.00
23.40
0.00
0.00
0.00
0.00
0.00
0.00
0.00
0.00
0.20
0.20
0.00
0.00
0.00
0.00
0.00
0.00
0.00
0.00
0.00
0.00
0.00
0.00
0.00
0.00
0.00
0.00
0.10
0.00
1.10
44.40
0.00
0.00
0.00
0.00
0.00
0.00
0.00
0.00
0.00
0.00
2.20
4.60
0.00
0.00
5.90
0.00
0.00
0.00
0.50
2.30
8.90
14.50
0.20
0.00
0.00
17.70
20.40
0.00
0.00
0.00
2.10
20.60
0.00
0.00
0.00
0.80
0.00
0.00
0.00
0.00
6.80
0.00
0.10
0.00
0.00
0.00
0.00
0.10
6.00
0.10
0.00
0.00
0.00
0.00
0.00
0.00
0.00
0.70
7.60
0.00
0.00
0.00
0.00
0.00
0.00
0.00
0.00
0.00
0.00
0.00
0.00
0.00
0.00
0.00
0.00
0.20
0.00
0.10
0.00
0.00
0.00
0.00
0.00
0.00
0.00
0.00
0.10
0.00
0.00
0.00
0.00
0.00
0.00
0.00
0.00
0.00
0.00
0.00
0.00
0.00
0.00
0.00
0.00
0.00
3.90
0.10
0.00
0.00
0.00
0.00
0.10
19.40
0.00
0.00
0.00
0.00
0.00
0.00
0.10
0.00
0.00
0.00
0.00
0.00
0.00
0.00
0.00
0.00
0.00
0.00
0.00
0.00
0.00
0.10
0.00
0.00
0.00
0.00
0.00
0.00
0.00
0.00
0.00
0.00
0.00
5.20
8.20
0.00
0.00
0.00
0.00
7.50
2.70
0.00
0.00
4.00
46.00
24.00
0.00
0.40
0.00
0.00
0.80
0.00
5.00
0.00
0.00
0.00
3.70
0.10
0.40
1.30
0.00
0.00
0.00
1.40
1.60
0.00
2.80
0.00
4.20
0.00
0.00
2.50
0.00
0.00
0.40
1.80
0.00
0.00
0.00
0.00
0.00
0.00
0.00
0.00
0.00
0.00
0.00
0.00
0.00
0.40
0.00
0.00
0.00
0.00
0.00
8.70
21.60
24.70
11.50
35.50
5.30
0.00
0.00
0.00
0.60
1.40
0.00
0.00
0.00
0.50
0.00
0.00
0.00
0.00
3.90
49.50
0.50
9.20
4.10
6.10
1.10
0.00
0.00
0.00
0.00
0.00
0.00
0.70
0.00
0.00
0.00
0.00
0.00
0.00
0.00
0.00
0.00
0.00
0.00
39.70
0.20
0.00
0.00
0.00
0.00
0.90
0.00
0.00
0.30
1.40
0.00
0.00
0.40
0.00
0.00
0.00
0.00
0.00
1.00
0.00
0.00
0.00
0.00
0.00
0.00
0.00
0.00
0.00
0.00
0.00
0.00
0.10
0.80
0.00
0.00
0.00
0.00
0.00
0.00
15.20
0.00
0.00
0.00
0.00
0.00
0.00
0.00
0.00
0.00
17.70
0.10
0.00
0.00
0.00
0.00
0.00
0.00
0.00
0.00
1.00
0.90
0.00
0.00
0.00
0.00
0.70
0.00
0.00
0.60
0.10
0.00
0.90
1.70
0.00
0.00
0.00
0.00
0.00
4.90
0.00
0.00
0.00
7.10
0.00
0.00
0.00
0.00
0.00
0.00
0.00
16.40
0.00
0.00
0.00
0.00
0.00
0.00
0.00
0.00
0.00
0.00
0.00
0.00
0.00
0.00
0.00
0.00
0.00
0.00
0.00
0.00
0.10
0.00
0.00
0.00
0.00
0.00
17.10
0.20
0.00
0.00
0.00
0.00
0.10
0.00
0.00
0.00
0.00
0.00
0.00
0.00
0.00
0.00
0.00
0.00
1.30
0.10
0.00
0.00
0.00
0.00
0.00
0.00
0.00
0.00
0.00
0.00
0.00
0.00
0.00
0.00
0.00
0.00
0.00
0.00
0.00
0.00
0.00
0.00
0.00
38.40
37.00
35.40
0.00
0.00
0.00
0.00
0.00
0.00
0.00
0.00
0.00
0.00
0.00
0.00
0.00
0.00
0.00
0.00
0.00
0.00
0.00
0.00
0.00
0.00
0.00
0.00
0.00
0.00
0.00
0.00
0.00
0.00
4.90
1.90
0.00
0.00
0.00
0.20
2.00
0.00
0.00
0.00
0.00
0.00
0.00
0.10
0.00
0.00
4.20
0.00
0.00
0.00
0.00
0.00
0.00
0.50
1.20
1.80
0.00
0.00
2.10
0.00
15.00
1.10
0.00
0.00
2.10
0.00
0.00
0.00
0.00
0.00
0.20
4.70
0.40
0.00
1.70
0.00
0.00
0.40
1.40
0.00
0.00
0.10
11.80
0.10
0.00
0.00
0.00
0.00
0.00
7.50
0.00
0.00
0.00
0.00
0.00
0.00
0.00
0.00
0.00
0.00
0.00
0.00
0.00
0.00
0.30
0.00
0.00
0.00
0.00
0.00
0.00
0.00
0.00
0.00
0.00
0.00
0.00
0.00
0.00
0.00
0.00
0.00
0.00
1.60
0.00
0.10
0.00
0.00
0.00
0.00
0.00
14.30
0.60
0.00
0.90
28.50
0.10
0.00
0.00
0.00
0.00
0.00
0.00
5.30
7.50
0.00
0.00
0.00
0.00
0.00
0.00
0.10
5.00
9.90
3.00
0.00
1.40
0.00
0.00
0.00
0.00
0.00
0.00
0.00
0.00
0.00
0.00
0.00
0.00
0.00
0.00
0.00
0.00
0.90
2.00
2.00
0.00
0.00
0.00
0.00
0.00
0.00
0.00
0.10
0.00
0.20
0.00
0.00
12.50
0.00
1.00
0.50
2.00
0.00
0.00
0.00
0.00
0.00
0.00
0.00
0.00
0.00
0.00
0.00
0.00
0.00
12.60
0.10
0.00
0.00
27.80
0.10
0.00
0.00
0.00
0.00
0.00
23.30
0.00
0.00
0.00
0.00
0.00
0.00
0.00
1.90
0.10
0.20
0.00
0.00
16.50
0.00
0.00
0.00
0.00
0.00
0.00
0.00
0.00
0.00
0.00
0.80
0.00
0.00
0.00
0.00
0.00
0.00
2.60
0.00
0.00
3.20
0.00
0.00
0.00
3.40
4.30
0.90
0.00
0.00
0.00
0.00
1.30
0.00
0.00
0.00
0.00
0.00
0.00
0.00
0.00
0.00
0.40
0.00
0.00
0.90
24.50
0.20
0.00
0.00
0.00
0.00
0.00
1.00
0.00
0.00
0.00
0.00
0.00
0.00
1.00
0.00
0.00
0.00
0.60
0.00
0.00
0.00
0.00
15.60
0.00
0.00
1.00
0.00
0.10
0.00
0.20
6.60
4.60
0.00
0.00
0.00
0.00
48.20
0.00
4.00
0.10
0.10
0.00
0.00
11.40
0.00
0.10
0.00
0.00
1.70
0.10
0.80
0.00
0.00
0.00
0.00
0.00
0.00
0.00
0.00
0.00
0.00
0.00
0.00
0.00
0.00
0.00
0.00
0.00
0.00
0.00
0.00
0.00
1.50
14.70
0.00
0.00
0.00
0.00
0.20
0.00
2.90
0.00
0.00
8.60
0.10
0.00
0.00
0.00
0.00
0.00
0.00
0.00
0.00
0.10
0.80
12.30
3.80
19.80
42.50
19.60
0.10
0.00
2.00
5.60
0.00
0.00
0.00
0.00
0.00
0.00
0.00
0.00
0.00
5.50
10.30
0.00
0.00
0.00
0.00
0.00
0.00
0.00
0.00
0.00
0.00
0.00
0.00
0.00
0.00
0.00
0.00
0.00
0.00
0.00
0.00
0.00
0.00
0.00
0.00
0.00
0.00
0.00
0.00
0.00
0.00
0.00
2.80
0.00
1.40
7.80
0.10
0.00
0.00
0.00
0.00
0.00
0.00
0.00
0.00
0.00
0.60
0.00
0.00
0.00
2.50
13.10
0.00
0.00
0.00
0.00
0.00
0.00
0.00
0.00
0.00
0.00
0.00
0.00
0.00
0.00
0.00
0.00
0.00
0.00
1.10
0.00
0.00
0.00
0.00
0.00
0.00
0.00
0.00
0.00
0.00
0.00
0.00
0.00
0.00
0.00
0.00
0.00
0.00
4.00
0.00
0.00
0.00
0.00
0.00
2.50
19.10
6.60
0.10
8.60
0.50
0.00
0.00
0.00
0.00
0.00
0.00
0.00
0.00
0.00
0.00
0.00
0.00
0.00
0.00
0.00
0.00
0.00
0.00
0.00
0.00
0.00
0.00
0.00
0.00
0.50
0.00
0.00
0.10
0.00
0.00
0.00
15.60
0.00
0.00
0.00
0.00
0.00
0.00
0.00
0.00
0.00
0.00
0.00
0.00
0.00
0.00
0.00
0.00
0.00
0.00
0.00
0.00
0.00
0.00
7.90
0.00
0.00
0.00
0.00
0.00
0.00
0.00
0.00
0.00
0.00
0.00
0.10
0.00
0.00
0.00
0.00
0.00
0.00
0.00
0.30
0.00
0.00
1.40
0.00
0.00
1.00
4.60
10.20
0.00
0.00
0.00
0.00
0.00
0.00
2.60
0.00
0.00
0.00
0.00
0.00
0.00
0.00
0.00
0.00
0.00
0.00
0.00
0.00
0.00
0.00
0.00
0.00
0.00
0.00
0.00
0.00
0.00
0.00
0.00
0.00
0.00
7.40
0.00
0.80
0.00
1.00
0.00
0.00
0.00
0.00
0.30
0.00
18.00
1.00
0.00
0.00
0.00
0.00
0.00
0.00
4.10
0.00
0.00
0.00
0.00
5.40
0.00
21.80
0.00
0.00
7.80
0.00
0.00
0.00
0.70
0.00
0.00
0.00
0.00
0.00
0.00
0.00
0.00
0.50
0.00
6.30
1.90
2.10
0.00
0.00
0.00
0.00
0.00
8.90
0.00
0.20
0.00
0.00
0.00
0.00
0.00
0.00
0.00
0.00
0.00
0.00
0.00
0.00
0.00
5.30
17.20
0.00
1.40
2.70
22.40
0.20
0.00
0.00
0.00
0.00
0.00
0.00
0.00
0.00
0.00
0.60
0.40
0.10
0.00
0.00
0.00
0.00
0.00
0.30
0.00
0.00
0.00
0.00
0.00
0.00
2.50
0.20
0.00
0.00
0.00
0.00
52.70
0.00
0.00
0.00
0.00
0.00
0.10
0.10
0.10
0.00
0.10
0.00
0.00
0.00
0.00
0.00
0.00
0.00
0.00
0.10
0.00
0.00
0.00
0.00
0.00
0.00
0.00
0.00
0.00
0.00
0.00
0.00
0.00
0.10
0.00
0.50
0.10
0.00
0.00
0.00
0.00
0.00
0.00
0.00
0.00
0.00
0.00
0.00
0.00
0.00
0.00
0.00
0.00
0.00
0.00
0.00
0.10
0.00
0.00
0.00
0.00
0.30
0.00
0.20
0.00
0.00
0.00
0.00
0.00
0.00
0.20
0.00
0.00
0.00
0.00
0.00
0.00
0.00
0.00
0.00
0.00
0.00
0.00
0.00
0.00
0.00
0.00
0.00
0.00
0.00
0.00
0.00
0.00
0.00
0.00
0.00
0.40
0.30
0.00
0.00
0.30
0.90
0.20
5.20
0.10
0.00
0.00
0.00
0.00
0.00
0.00
0.00
0.20
0.00
0.00
0.00
1.80
28.50
1.30
0.00
0.00
0.00
0.00
0.00
0.00
0.00
0.00
0.00
0.40
0.00
0.00
0.00
0.00
0.00
0.00
7.80
2.60
0.00
1.30
12.90
0.50
0.10
0.00
0.00
0.00
0.00
0.00
0.00
0.00
0.00
0.00
6.60
0.00
0.00
5.70
20.40
0.10
0.00
0.00
0.00
0.00
0.20
0.00
0.00
0.00
0.00
0.00
0.00
0.00
0.00
0.10
20.20
0.20
0.70
0.00
0.00
0.00
4.90
9.40
0.00
1.60
0.00
0.00
0.00
0.00
0.00
1.00
0.00
0.50
15.90
7.30
0.20
0.00
0.00
0.00
0.00
0.00
0.00
2.40
0.00
0.00
0.00
5.60
0.00
0.00
0.00
0.00
0.00
4.10
0.00
0.00
0.00
0.00
0.00
0.00
0.10
0.00
0.00
0.00
0.00
0.00
0.00
4.30
0.00
0.00
0.00
4.90
0.00
1.00
0.00
0.00
0.00
0.00
0.00
0.00
0.00
0.00
0.00
0.00
0.00
0.00
0.00
0.00
0.00
0.00
0.00
0.00
0.00
0.00
0.20
0.00
0.00
0.00
0.00
0.00
0.00
0.00
0.00
0.00
0.00
0.00
0.00
0.00
4.70
0.00
0.00
0.00
0.00
0.00
0.00
0.00
0.00
0.00
0.00
0.00
0.00
0.00
0.00
0.00
0.00
0.00
0.20
0.00
0.00
0.00
0.00
0.00
0.40
0.00
0.00
0.00
0.00
4.30
0.00
0.00
0.00
0.00
0.00
0.00
0.00
0.00
0.00
2.60
0.00
0.00
0.00
0.00
0.00
0.00
0.00
0.00
0.00
8.80
0.10
0.00
0.00
4.30
5.40
0.20
0.00
0.00
0.00
0.00
0.00
0.00
0.00
14.00
0.00
24.10
0.00
0.00
0.00
0.00
0.00
0.00
9.70
0.00
0.00
0.00
5.60
0.00
0.00
0.60
0.00
0.00
5.70
31.90
0.00
0.10
0.00
0.20
0.00
0.00
0.00
0.20
1.90
0.00
0.20
2.50
0.00
0.00
0.00
0.10
0.00
0.00
0.00
0.00
0.00
0.00
3.50
0.00
0.00
0.00
0.00
0.00
0.00
0.00
0.00
0.00
0.00
0.00
0.00
0.00
0.00
0.00
5.30
7.00
40.60
0.00
0.00
4.10
14.40
0.10
0.00
0.00
0.00
0.00
0.00
3.40
0.00
0.10
0.00
0.00
0.00
0.00
0.00
0.00
0.00
0.00
0.00
8.70
0.20
0.00
4.10
8.20
3.10
0.00
0.00
0.00
0.00
0.00
0.00
0.00
0.00
0.00
0.00
0.00
0.00
0.00
0.00
0.00
0.00
0.00
0.00
0.00
0.00
0.00
0.00
0.00
0.00
0.00
0.00
0.00
0.00
0.00
0.20
0.10
0.00
9.70
0.00
2.20
1.60
24.10
3.50
0.00
0.00
0.00
0.00
0.50
0.10
0.00
0.10
0.00
0.00
0.60
0.00
0.00
0.10
0.00
51.90
2.20
0.00
0.00
0.00
0.00
0.00
0.00
0.00
0.00
0.00
3.00
0.00
0.00
0.00
0.00
0.00
0.00
13.40
11.40
0.00
0.00
0.00
0.00
0.00
0.00
0.00
0.00
0.00
0.00
0.00
0.00
0.00
0.00
0.00
0.00
0.00
0.00
0.10
51.40
16.20
0.00
0.50
0.00
0.00
0.00
2.00
0.20
0.00
0.00
0.00
3.80
0.00
0.00
0.00
0.00
0.00
0.00
0.00
0.00
0.00
0.80
0.00
0.00
0.00
0.20
0.00
0.00
0.00
0.00
0.00
0.40
8.70
10.30
0.00
0.00
1.40
0.00
0.00
2.00
0.00
0.40
0.00
0.00
0.00
0.00
0.00
6.30
0.00
0.00
0.00
0.00
0.00
0.00
1.60
0.00
0.00
0.00
0.00
0.00
0.00
0.00
0.00
0.00
0.00
0.00
0.10
0.00
0.00
0.10
0.80
18.40
1.90
0.00
0.00
0.00
1.50
0.00
0.00
0.00
0.00
0.00
0.00
0.00
0.00
0.00
0.00
0.00
0.00
0.00
0.00
0.00
0.90
0.30
0.00
0.60
0.00
0.00
0.10
0.00
0.00
0.00
0.00
0.00
0.00
1.00
0.00
0.00
0.00
0.00
0.00
0.00
0.00
0.00
0.00
0.00
0.00
0.00
2.80
0.00
1.70
0.00
0.00
0.00
0.00
0.00
0.00
0.00
0.00
1.50
0.00
0.00
0.00
0.00
0.00
0.00
0.00
4.30
0.00
0.00
0.00
0.00
0.00
0.00
0.00
0.00
0.00
0.00
0.00
0.00
0.00
0.00
0.40
0.00
0.00
0.00
0.00
0.10
2.60
11.30
0.50
0.00
0.30
1.00
0.00
0.00
0.00
0.00
1.90
0.00
0.00
0.00
0.00
2.30
9.40
0.00
0.00
2.80
0.00
0.00
0.00
1.70
0.00
0.00
0.20
0.00
0.00
0.00
0.00
1.20
0.00
0.00
0.00
0.00
0.00
0.00
0.00
0.00
0.00
0.00
0.00
0.00
0.00
0.00
0.00
0.00
0.20
20.90
36.60
0.10
0.00
0.00
0.00
0.00
0.00
0.00
0.20
0.00
0.00
0.00
0.00
0.00
0.00
0.00
7.60
0.10
0.00
0.00
0.00
0.00
0.00
0.00
0.00
0.00
0.00
0.00
0.00
0.00
0.00
0.00
0.00
0.00
0.00
0.00
0.00
0.00
0.00
0.00
0.00
0.00
0.00
0.00
0.00
0.00
0.00
0.00
0.00
0.00
0.00
0.00
0.40
1.20
0.00
0.00
0.00
0.60
0.00
0.00
0.00
0.00
0.00
0.00
0.00
0.00
0.00
0.00
0.00
2.30
0.00
0.60
0.00
0.00
0.00
0.00
0.00
0.00
0.00
10.10
14.30
0.00
0.00
0.00
0.00
0.00
2.80
0.00
0.00
0.00
0.00
0.00
0.00
0.00
0.00
0.00
0.00
0.00
1.60
36.50
0.00
0.00
0.00
0.00
0.00
2.10
0.30
0.00
20.10
52.20
0.90
0.00
0.00
0.00
0.00
0.00
4.10
0.00
0.00
0.00
0.00
0.00
0.00
0.00
0.00
0.00
0.00
0.00
0.00
0.00
0.00
1.10
19.90
3.30
2.80
0.10
0.00
6.70
0.10
0.00
0.00
0.10
0.80
0.10
0.00
0.20
0.00
1.60
0.00
2.80
0.00
1.40
5.40
0.00
0.00
0.00
19.10
0.80
0.00
0.00
0.00
0.00
0.00
0.10
0.00
0.00
0.00
0.00
0.00
1.20
0.00
8.70
0.20
13.70
35.10
0.00
2.20
6.70
0.00
0.10
0.00
0.00
0.00
0.00
0.00
0.00
0.00
0.00
0.00
0.00
0.00
0.60
10.30
0.00
3.80
0.00
0.00
0.60
0.10
2.00
7.60
13.20
0.00
0.00
0.00
11.30
2.10
0.00
0.00
0.00
0.00
0.00
3.50
1.70
0.00
1.30
0.00
0.00
0.10
0.00
0.00
15.50
0.10
5.60
0.10
0.10
0.00
4.90
16.60
41.60
12.90
0.20
0.00
0.00
0.30
0.00
2.40
0.00
0.00
0.00
0.00
0.00
0.00
0.00
0.00
0.00
0.00
0.00
0.00
0.00
0.00
0.00
3.50
0.00
0.00
0.00
0.00
0.00
0.00
0.00
0.00
0.00
0.00
0.80
0.00
2.00
9.70
0.00
0.00
0.00
0.40
0.00
0.00
0.00
0.00
0.00
0.00
0.00
1.00
0.00
0.00
0.00
0.00
0.00
0.00
0.00
0.00
0.00
0.00
0.00
0.00
0.00
0.00
0.00
23.90
0.30
0.00
0.00
22.10
0.20
0.00
20.20
6.30
0.10
0.00
0.00
0.00
0.00
9.00
0.10
0.00
0.00
0.00
0.00
9.30
0.00
0.00
0.00
0.00
0.00
0.00
0.50
0.60
0.00
0.10
1.00
0.00
0.00
28.60
0.10
0.10
0.00
0.00
0.00
8.60
0.00
0.00
0.00
0.00
0.00
1.60
0.00
0.00
0.00
0.00
0.00
0.00
0.00
0.00
0.00
0.00
0.00
0.60
0.00
0.00
2.10
0.80
0.10
0.00
0.00
107.30
0.00
0.00
4.60
1.70
6.50
1.20
0.10
0.00
0.10
0.00
0.00
1.90
9.40
16.60
0.00
2.60
38.30
1.20
0.00
0.00
0.00
22.60
0.10
0.00
0.00
12.60
0.00
0.00
0.00
0.10
0.00
14.90
0.10
2.50
1.90
3.20
5.10
0.20
0.00
4.30
0.10
0.00
2.60
0.00
0.00
0.00
1.00
0.00
0.00
0.00
0.00
0.10
0.00
0.20
0.00
0.00
0.00
0.00
0.00
3.40
0.00
0.00
0.00
0.00
0.10
0.00
0.00
0.10
0.00
0.00
0.00
0.00
0.30
0.00
0.00
0.00
0.00
0.10
0.00
0.00
0.10
0.00
0.00
0.00
0.00
0.00
0.00
0.00
0.00
0.00
0.00
0.00
0.00
0.00
0.00
0.00
0.00
12.00
0.00
0.00
0.30
0.00
0.00
0.00
0.00
0.00
0.00
0.00
0.00
0.60
0.00
0.00
0.00
0.00
0.00
0.00
0.00
0.00
0.00
0.00
0.00
0.00
0.00
0.00
0.00
0.00
0.00
0.00
0.00
0.00
0.00
0.00
0.00
0.00
0.00
0.00
0.00
0.00
0.00
0.00
0.00
0.00
1.20
0.00
0.00
0.00
0.00
0.00
0.00
0.00
0.00
0.00
0.00
0.00
0.00
0.10
0.00
0.00
0.00
0.00
0.00
0.00
0.00
0.00
0.00
0.00
0.00
0.00
0.00
0.00
0.50
0.00
9.10
3.20
1.60
0.00
0.20
1.20
0.00
0.00
0.00
0.00
0.20
0.00
0.00
0.00
0.00
14.90
0.10
2.50
5.40
0.00
5.20
0.10
0.00
0.00
0.00
0.00
0.00
0.00
15.10
0.10
0.00
0.00
0.00
0.00
0.00
0.20
0.00
0.00
0.00
0.00
0.00
2.00
7.20
1.10
5.60
0.10
0.00
0.00
0.20
16.70
0.40
0.00
0.90
0.00
0.00
0.00
0.00
0.00
0.00
0.00
0.00
0.00
0.00
0.00
0.00
0.00
0.00
7.80
0.00
0.00
0.00
0.00
0.00
0.00
0.00
0.00
0.00
6.20
0.00
0.00
0.00
0.00
0.00
0.00
0.00
0.00
0.00
0.00
0.00
0.00
0.00
0.00
0.80
1.70
6.20
1.80
0.00
0.00
0.00
0.00
2.20
0.00
0.00
0.70
0.00
0.00
0.00
0.00
0.00
0.00
0.00
0.00
0.30
13.40
0.00
0.00
0.00
0.00
0.10
0.00
0.00
0.00
0.00
0.00
0.00
0.00
0.00
0.00
0.60
16.90
0.00
0.00
0.00
0.00
0.00
0.00
0.00
1.70
0.00
0.00
0.00
0.00
0.00
0.00
6.80
0.00
0.00
0.00
0.50
0.00
0.00
0.00
0.00
0.00
0.00
0.00
0.00
0.00
11.00
2.40
0.00
0.80
0.00
0.00
0.00
0.00
0.30
0.00
0.00
32.40
0.00
0.00
0.00
0.00
0.00
0.00
0.00
0.00
0.00
0.00
0.00
0.00
0.00
0.00
0.00
0.00
0.00
0.00
0.00
0.00
0.00
0.00
2.60
0.10
0.00
0.00
0.00
0.00
2.30
0.10
66.90
5.60
0.10
0.00
0.00
0.00
0.00
0.00
0.00
0.00
0.30
0.20
2.00
0.00
0.00
0.00
0.00
0.00
0.00
0.00
0.00
0.00
0.00
1.30
0.00
0.00
0.00
0.00
0.00
0.00
0.00
17.00
0.00
0.00
0.00
0.00
0.00
0.00
0.00
0.00
0.00
0.00
0.00
69.00
9.50
0.10
0.00
0.00
0.00
0.00
0.00
0.00
0.00
0.00
0.00
0.00
0.50
0.00
2.40
8.70
2.30
1.10
0.00
0.00
0.00
0.00
0.00
0.00
0.00
0.00
0.00
0.00
0.00
0.00
0.00
0.00
0.00
0.00
0.00
0.00
7.00
0.00
0.00
0.00
0.00
0.00
0.00
0.00
0.00
0.00
0.80
91.00
23.80
11.90
0.00
0.70
0.00
0.00
0.00
0.00
0.00
0.00
0.00
0.00
0.00
0.00
0.00
0.00
0.00
0.00
0.00
0.00
0.00
0.00
0.00
0.00
0.00
0.00
0.00
0.00
0.00
0.00
0.00
0.00
0.00
0.00
0.00
0.00
0.00
0.00
0.00
0.00
2.30
0.00
0.00
0.10
0.00
0.00
0.00
0.00
0.00
0.00
0.00
0.00
0.00
0.10
38.10
0.00
0.00
0.00
0.00
0.00
0.00
4.20
0.00
0.20
0.30
0.60
0.00
0.00
0.70
3.50
6.90
0.00
0.00
0.00
0.00
0.00
0.00
0.00
0.00
0.00
0.00
0.00
19.10
0.20
0.00
0.00
0.00
5.50
27.30
20.20
39.90
2.00
1.00
0.00
0.00
0.00
5.80
1.00
0.00
0.00
0.00
0.00
0.00
0.00
0.00
0.00
0.00
0.00
0.00
12.30
0.00
0.20
0.00
14.50
0.10
9.20
0.10
0.00
0.00
0.00
0.00
0.00
0.00
0.00
0.00
0.00
0.00
0.00
2.10
0.00
0.00
8.80
0.00
5.40
5.00
0.00
0.30
17.60
9.00
10.90
0.10
0.00
0.70
0.00
0.00
0.40
15.20
0.00
7.00
0.00
0.00
0.00
0.00
0.00
0.00
0.00
0.00
0.00
0.00
0.00
0.00
0.00
3.80
0.40
0.00
0.00
0.00
0.00
0.00
0.00
0.00
0.00
0.10
6.20
0.00
0.00
0.00
0.00
0.00
0.00
0.00
0.00
0.00
0.00
1.40
0.00
0.00
0.00
0.00
0.00
0.00
0.00
0.00
0.00
0.00
0.00
0.00
0.00
0.00
0.00
0.00
0.00
0.00
0.00
1.90
0.00
0.00
0.00
0.00
0.00
0.00
0.00
0.00
0.00
0.00
0.00
0.00
0.00
0.00
27.50
4.70
0.00
0.00
0.00
0.00
0.00
0.00
0.00
0.00
15.30
0.70
14.90
1.70
0.00
0.00
0.00
0.00
0.00
0.00
0.00
8.10
11.40
0.00
19.80
0.00
0.00
0.00
0.00
0.00
0.00
0.00
0.00
0.00
0.00
3.80
0.00
0.00
0.00
0.00
0.00
0.00
0.00
0.20
0.00
0.00
0.00
0.30
0.00
0.00
0.00
0.00
0.00
0.00
0.00
2.00
0.50
0.00
0.00
0.00
0.00
0.00
0.00
0.00
0.00
0.00
0.00
6.10
12.50
0.20
1.00
3.10
0.20
0.10
0.00
0.00
0.00
0.00
0.10
0.00
0.00
0.00
0.00
0.00
0.00
0.00
0.00
0.00
0.00
0.30
0.00
6.90
7.90
0.00
0.00
0.00
0.00
0.00
0.00
0.00
0.00
1.40
0.00
0.00
0.00
3.10
0.00
0.00
0.00
0.00
0.00
1.00
1.50
0.60
0.90
0.00
0.00
0.00
0.00
0.00
0.00
0.00
0.00
0.00
0.00
0.00
0.50
0.00
0.00
0.00
0.00
0.00
0.00
0.00
16.90
2.90
0.00
0.00
0.00
0.00
0.00
0.00
0.00
0.00
0.00
0.00
0.10
3.50
0.10
0.30
0.00
0.00
0.00
0.00
0.00
0.00
0.30
0.60
0.00
0.00
0.00
0.00
0.00
0.00
1.40
0.30
0.00
0.00
0.40
0.10
1.20
0.00
0.00
0.00
0.10
0.10
0.10
0.00
13.60
3.00
0.00
0.00
0.00
0.00
0.00
0.00
0.00
0.00
0.00
0.00
0.00
0.00
8.30
0.00
0.00
0.00
0.00
0.00
0.00
