20000101
-99.00
-99.00
-99.00
-99.00
-99.00
-99.00
-99.00
-99.00
-99.00
-99.00
-99.00
-99.00
-99.00
-99.00
-99.00
-99.00
-99.00
-99.00
-99.00
-99.00
-99.00
-99.00
-99.00
-99.00
-99.00
-99.00
-99.00
-99.00
-99.00
-99.00
-99.00
-99.00
-99.00
-99.00
-99.00
-99.00
-99.00
-99.00
-99.00
-99.00
-99.00
-99.00
-99.00
-99.00
-99.00
-99.00
-99.00
-99.00
-99.00
-99.00
-99.00
-99.00
-99.00
-99.00
-99.00
-99.00
-99.00
-99.00
-99.00
-99.00
-99.00
-99.00
-99.00
-99.00
-99.00
-99.00
-99.00
-99.00
-99.00
-99.00
-99.00
-99.00
-99.00
-99.00
-99.00
-99.00
-99.00
-99.00
-99.00
-99.00
-99.00
-99.00
-99.00
-99.00
-99.00
-99.00
-99.00
-99.00
-99.00
-99.00
-99.00
-99.00
-99.00
-99.00
-99.00
-99.00
-99.00
-99.00
-99.00
-99.00
-99.00
-99.00
-99.00
-99.00
-99.00
-99.00
-99.00
-99.00
-99.00
-99.00
-99.00
-99.00
-99.00
-99.00
-99.00
-99.00
-99.00
-99.00
-99.00
-99.00
-99.00
-99.00
-99.00
-99.00
-99.00
-99.00
-99.00
-99.00
-99.00
-99.00
-99.00
-99.00
-99.00
-99.00
-99.00
-99.00
-99.00
-99.00
-99.00
-99.00
-99.00
-99.00
-99.00
-99.00
-99.00
-99.00
-99.00
-99.00
-99.00
-99.00
-99.00
-99.00
-99.00
-99.00
-99.00
-99.00
-99.00
-99.00
-99.00
-99.00
-99.00
-99.00
-99.00
-99.00
-99.00
-99.00
-99.00
-99.00
-99.00
-99.00
-99.00
-99.00
-99.00
0.00
0.00
0.00
0.00
1.00
0.00
0.00
0.00
0.40
0.00
0.00
0.00
0.00
0.00
0.00
0.00
1.60
0.00
1.80
0.00
0.00
0.00
0.00
0.00
0.00
0.00
0.00
0.00
0.00
0.00
0.00
1.60
0.00
0.20
0.00
0.00
0.00
0.00
0.00
0.00
0.20
0.00
8.10
0.00
0.00
0.00
0.00
0.00
0.00
0.00
0.00
1.20
0.20
0.00
0.00
0.00
0.00
0.00
0.00
0.00
0.00
0.00
0.00
0.00
0.00
0.00
0.00
0.00
0.00
5.60
0.00
0.00
0.00
0.00
0.00
0.00
0.00
0.00
0.00
0.00
0.00
0.00
0.00
0.00
0.00
0.00
0.00
1.00
11.30
33.30
1.00
0.00
0.00
0.00
0.00
0.00
0.00
1.20
38.20
1.00
0.20
0.20
0.00
0.00
0.20
0.00
0.00
0.00
0.20
0.00
0.00
6.80
0.80
1.40
0.00
8.20
0.20
0.20
0.20
0.00
0.00
2.60
0.80
8.20
0.00
0.00
0.00
0.00
0.20
0.20
1.00
8.40
0.20
3.80
0.60
0.00
5.80
9.40
0.00
0.20
0.00
0.20
0.00
0.20
6.80
0.20
0.20
0.00
0.00
0.00
0.20
0.00
0.00
7.20
25.20
0.00
0.00
0.60
0.20
0.20
9.60
1.20
0.20
1.00
0.20
0.00
0.40
4.00
6.80
0.20
0.20
0.00
0.00
0.20
0.20
0.00
1.00
0.00
0.40
0.00
0.00
0.20
0.20
9.20
26.40
36.30
0.60
0.40
0.20
3.20
0.00
1.20
0.00
0.20
0.20
0.00
2.80
0.00
2.20
0.40
0.00
0.00
0.00
11.60
4.20
0.40
5.80
7.20
0.20
0.20
0.00
0.20
0.00
0.20
0.80
0.00
1.00
0.20
3.00
0.40
9.00
0.40
0.00
0.00
0.00
0.00
0.00
0.20
0.00
0.00
0.00
0.40
0.00
0.00
0.00
0.20
0.20
12.00
0.00
0.00
0.00
0.00
0.20
0.00
0.20
0.00
0.20
0.00
0.00
0.00
0.20
0.00
0.00
21.20
4.00
1.60
0.40
0.00
17.20
5.80
0.00
0.00
0.20
6.80
0.00
0.00
0.00
2.40
3.00
0.00
0.00
0.00
0.00
0.00
0.00
0.00
0.00
0.00
0.20
0.60
7.80
0.00
0.00
0.00
0.00
0.00
0.00
0.00
0.00
1.40
0.00
0.00
0.00
0.00
0.00
0.00
0.00
0.00
0.00
0.00
0.00
0.20
0.80
0.00
0.00
0.00
0.00
0.00
0.00
4.00
0.00
6.40
42.10
5.80
3.60
13.30
0.40
8.80
0.20
0.00
0.00
2.60
4.40
0.00
0.00
0.00
0.00
0.00
0.00
2.00
1.40
0.20
0.00
0.60
3.40
16.40
5.20
0.20
0.00
0.00
0.00
0.00
0.00
2.80
0.00
0.00
0.00
0.00
0.00
0.00
0.00
0.00
0.60
9.40
0.00
0.00
0.00
0.00
0.20
0.00
0.00
0.00
0.00
0.00
0.00
0.00
0.00
0.00
0.00
0.00
0.00
0.00
0.00
0.00
0.00
0.00
4.20
5.20
3.60
0.00
0.00
0.00
4.60
0.00
0.00
0.00
0.00
15.50
5.20
1.20
0.20
0.00
14.20
0.00
0.00
0.00
0.00
0.00
0.00
0.00
0.00
0.00
0.00
0.00
0.00
0.00
0.00
0.00
0.00
0.00
0.00
0.00
0.00
0.00
0.00
0.00
0.00
0.00
14.70
0.60
18.10
0.00
0.00
0.00
0.00
0.00
0.00
0.00
0.00
0.00
0.00
0.00
0.00
0.00
0.00
0.00
0.00
0.00
5.20
0.00
0.00
0.00
0.00
0.00
0.00
0.00
0.00
0.00
0.00
0.00
0.00
0.00
0.00
0.00
0.00
0.00
0.00
20.20
5.00
0.20
0.20
0.00
0.00
5.00
1.20
0.00
0.20
0.00
0.00
0.20
0.00
0.00
0.00
0.00
1.60
0.00
0.00
0.00
1.20
0.00
0.00
0.00
0.40
10.50
2.80
15.70
0.00
0.20
0.00
0.20
0.20
0.20
0.00
0.00
0.00
0.00
0.00
0.00
0.00
0.00
0.00
0.00
0.20
0.00
0.20
0.20
0.00
0.00
0.00
0.00
0.00
0.40
15.60
10.70
0.40
0.00
0.00
0.20
0.20
0.00
0.00
0.20
0.00
0.00
0.00
0.20
0.20
0.20
0.20
0.00
0.00
0.20
0.20
0.00
0.00
0.00
0.00
0.00
0.00
0.20
0.00
0.00
0.00
3.00
6.80
2.80
0.20
0.00
0.00
0.20
0.00
0.00
0.00
0.00
0.00
1.00
1.20
4.20
0.40
4.00
0.20
0.40
0.00
0.20
0.00
0.00
0.00
0.00
0.20
0.00
0.00
0.00
0.20
0.20
0.00
0.00
0.00
0.00
0.20
0.20
4.00
0.20
0.00
0.20
0.20
0.20
0.00
0.00
0.00
0.20
0.00
0.00
0.00
11.00
2.40
0.00
0.00
0.00
0.20
0.20
0.00
0.20
0.60
0.80
2.60
0.60
0.20
0.20
0.00
0.00
0.00
0.00
0.00
0.00
0.00
0.20
0.00
4.00
0.60
0.20
0.00
5.60
0.00
0.00
0.20
0.00
0.20
0.00
0.00
5.00
4.40
0.20
0.00
0.00
0.00
0.00
0.20
0.00
0.00
0.00
0.00
0.00
0.00
3.40
0.20
0.40
0.20
0.00
0.00
4.00
58.50
0.00
0.00
15.70
21.30
0.00
0.20
5.80
3.60
0.40
0.20
0.40
0.00
0.00
0.00
0.00
1.80
0.20
0.00
0.00
0.00
0.00
0.00
0.00
0.00
0.00
0.00
0.00
14.20
3.20
0.20
0.00
1.80
4.20
2.60
4.80
2.40
10.00
3.80
0.00
0.00
0.00
0.20
0.00
0.00
1.80
0.00
0.00
0.00
5.20
1.00
0.00
0.00
0.00
0.60
0.00
0.00
0.00
0.00
0.00
0.00
3.00
19.00
9.40
0.00
0.40
29.40
0.20
0.00
0.00
0.00
0.00
0.00
0.00
0.00
0.00
0.00
0.00
0.00
0.00
0.00
0.00
0.00
0.00
0.00
0.00
0.00
11.10
0.00
0.00
0.00
0.00
0.00
0.00
0.00
0.00
1.20
0.20
0.00
0.00
41.00
0.00
0.00
0.00
0.00
0.00
0.00
0.00
0.00
0.00
0.00
0.00
0.00
0.00
0.00
0.00
0.00
0.00
1.60
0.00
4.60
0.00
0.00
0.00
1.60
0.20
0.00
0.00
0.40
16.70
0.20
0.00
0.00
0.00
25.30
0.20
0.00
0.60
0.00
0.00
0.00
16.90
33.60
35.20
0.20
1.60
1.40
0.20
0.00
0.00
6.50
0.00
0.00
1.80
18.80
3.40
0.00
0.40
22.10
2.20
0.20
0.00
0.40
0.00
0.00
0.20
0.00
13.30
2.00
0.20
9.70
0.80
2.00
0.40
0.00
0.00
0.00
0.00
0.00
0.00
0.00
0.00
6.40
0.20
0.20
0.20
0.00
0.20
0.20
24.90
21.60
0.00
0.20
0.20
0.20
0.20
0.00
0.20
0.00
0.20
0.40
21.40
0.20
0.00
0.20
0.00
0.20
0.20
0.20
0.40
0.40
0.00
0.20
0.20
0.00
0.00
0.00
0.20
0.00
0.00
0.00
0.00
0.20
0.60
7.40
15.60
1.20
0.40
0.00
0.40
0.20
22.50
5.60
0.40
0.40
14.60
0.60
0.00
0.20
0.60
0.20
0.00
0.00
0.00
0.00
0.00
0.20
0.00
0.00
0.00
1.20
36.00
1.60
0.00
0.00
1.60
0.20
0.00
0.80
0.20
0.40
0.00
0.00
0.00
0.20
0.00
0.20
0.00
7.80
1.20
0.00
1.40
0.00
0.00
0.00
0.20
0.00
7.00
8.40
0.20
0.20
0.20
0.00
0.00
0.00
0.00
0.00
0.00
0.00
0.00
0.20
1.60
3.60
1.80
0.00
0.00
0.00
0.00
0.00
0.00
0.00
0.00
0.00
0.00
0.00
0.00
0.00
0.20
0.00
0.00
0.00
0.00
0.20
0.00
0.00
0.00
0.40
0.00
5.80
0.40
1.00
0.80
15.00
8.20
0.00
1.00
0.00
0.00
11.60
24.90
0.00
0.20
0.20
0.00
0.00
0.00
1.60
2.00
0.20
0.00
0.00
0.20
0.00
0.00
0.00
0.00
0.80
0.00
0.20
0.00
0.00
0.00
0.00
0.00
0.00
0.00
0.00
0.00
0.20
17.80
7.60
0.00
0.20
0.00
1.40
1.80
0.00
0.00
0.00
0.00
0.00
14.20
0.00
0.60
0.00
0.00
0.00
0.60
0.00
0.20
0.00
0.80
2.80
0.00
0.00
0.00
0.00
0.00
0.00
0.00
0.00
0.00
0.20
0.00
0.00
0.00
0.00
2.20
9.00
15.20
11.00
0.20
0.00
4.80
0.20
0.00
0.00
0.00
4.00
3.60
0.00
0.00
0.00
0.00
0.00
0.00
9.40
0.20
0.00
0.00
0.00
0.00
0.00
5.00
0.00
0.00
0.00
0.00
0.20
0.00
0.00
0.00
0.00
0.00
0.00
0.00
0.00
1.00
0.00
0.00
20.60
0.20
0.00
0.00
0.00
0.00
0.00
0.00
0.60
0.00
1.40
26.90
0.00
0.00
0.00
0.00
0.00
0.00
0.00
7.60
0.00
10.50
5.60
0.00
0.00
0.00
0.00
0.00
0.00
0.00
0.00
0.00
0.00
0.00
0.00
0.00
7.20
0.00
0.00
0.00
0.00
0.00
0.00
0.00
0.00
0.00
0.00
0.00
0.00
0.00
0.00
0.00
0.00
0.00
0.00
0.00
0.00
0.00
0.00
0.00
5.10
36.10
0.20
0.00
0.00
0.60
0.00
0.20
0.00
0.00
0.00
0.00
0.00
0.00
0.00
30.10
4.40
11.40
0.00
11.70
2.00
0.00
20.40
0.40
0.00
0.00
0.00
0.00
0.00
0.00
0.00
0.00
0.00
0.00
0.00
0.00
0.00
29.50
0.20
0.00
0.00
0.00
13.00
5.00
0.40
30.30
21.20
0.60
0.20
0.60
0.20
0.00
0.00
0.20
0.00
0.20
0.20
0.00
23.20
0.00
0.60
4.60
30.90
5.00
20.70
3.00
0.00
2.80
0.20
0.00
0.20
13.20
6.60
17.40
0.20
1.80
13.00
0.20
0.20
0.40
0.20
0.00
0.20
0.20
5.20
0.60
0.80
0.20
0.00
0.00
0.00
1.40
18.70
0.00
0.00
0.20
0.00
0.60
0.20
4.80
7.40
0.20
2.40
5.00
0.20
0.00
0.00
13.00
0.00
16.70
40.30
3.40
0.20
0.00
0.00
0.20
0.00
0.00
0.20
0.40
0.00
0.20
0.00
0.20
1.60
0.00
0.20
0.20
0.20
0.00
0.00
0.20
0.00
0.20
2.40
0.00
0.20
0.20
0.00
0.20
0.00
0.00
0.00
0.20
0.20
0.00
0.00
0.40
0.20
0.00
0.20
0.20
0.20
0.20
1.40
0.00
0.00
0.00
0.00
0.00
0.00
0.40
0.00
1.40
0.40
0.00
0.00
0.00
0.00
0.00
0.20
0.20
0.40
0.20
0.20
0.20
0.00
0.00
0.20
0.00
0.00
0.20
0.00
0.20
7.80
0.80
0.20
0.00
9.00
1.80
1.00
0.20
0.20
5.60
13.00
0.00
0.00
0.00
0.00
0.00
0.00
0.00
0.20
3.00
0.00
0.20
0.00
0.00
0.00
0.00
3.60
0.00
0.20
0.00
0.00
0.00
0.00
0.00
0.20
0.60
0.00
0.00
4.00
0.40
9.00
7.00
9.20
30.80
8.60
3.00
9.10
0.00
0.20
0.00
0.20
0.00
9.20
0.20
0.00
0.20
0.00
0.00
1.60
0.00
2.80
0.00
2.60
0.00
0.00
0.00
21.50
0.00
0.00
0.00
0.00
3.20
8.60
6.00
2.20
0.20
6.40
3.80
1.20
1.00
1.60
5.60
0.00
0.00
10.80
8.20
0.20
0.00
0.00
2.60
0.20
1.40
20.70
0.20
0.00
0.00
0.00
5.00
0.00
0.00
0.20
0.00
0.20
3.20
2.80
0.00
2.00
0.00
0.00
0.00
0.00
0.00
0.00
0.00
0.00
0.00
4.20
2.00
0.20
0.00
0.00
0.00
0.00
0.00
9.90
0.00
0.00
0.00
0.00
0.00
0.00
0.00
0.00
0.00
0.00
0.00
0.00
0.00
0.00
0.00
0.00
3.80
8.40
0.00
0.00
11.20
2.80
0.00
0.00
0.00
0.00
0.00
0.00
0.80
0.00
0.00
0.00
0.00
0.00
0.00
0.00
0.00
0.00
0.00
26.30
0.20
0.00
0.00
0.00
5.30
30.40
0.00
0.00
0.00
0.00
0.00
0.00
0.00
0.00
0.00
0.00
0.00
0.00
0.00
0.00
0.00
0.00
0.00
0.00
1.20
3.00
0.00
0.00
0.00
0.00
19.70
1.60
4.60
0.20
0.00
0.20
0.00
0.00
11.30
3.80
0.00
0.00
0.00
12.20
0.20
0.00
53.60
2.40
0.00
0.00
0.00
0.00
0.00
0.20
0.00
0.20
0.00
0.00
0.00
0.00
0.00
0.20
0.00
0.00
0.00
0.20
0.00
0.00
0.00
0.00
0.00
0.20
0.00
0.00
0.00
0.00
0.00
0.00
0.00
0.00
1.20
0.40
0.60
0.20
0.20
0.00
0.00
9.60
1.60
10.40
0.20
3.00
0.20
1.00
18.90
0.00
0.00
0.00
0.20
0.00
0.00
0.00
0.00
0.20
0.00
0.00
0.00
0.00
0.00
0.00
0.00
0.00
0.20
0.20
0.20
0.20
0.20
0.20
0.00
0.20
0.00
0.20
0.40
0.20
13.30
0.00
0.20
4.40
3.00
0.00
2.80
5.00
0.60
0.20
0.00
0.00
0.00
0.00
0.00
0.20
0.00
0.00
0.00
-99.00
-99.00
0.00
0.00
0.20
0.20
0.00
0.00
0.00
0.00
0.00
0.00
0.00
0.20
0.00
0.20
0.00
0.00
0.20
0.00
0.20
0.00
0.00
0.00
0.00
0.00
0.00
0.00
0.00
0.60
0.20
0.00
0.00
0.00
0.20
0.00
0.00
0.00
0.00
0.00
0.00
0.00
0.00
0.00
0.00
0.00
0.00
0.00
0.00
0.20
3.40
4.60
0.20
0.20
0.00
0.20
0.40
0.00
0.00
0.00
0.00
0.00
0.00
0.00
0.00
0.00
0.00
0.00
0.00
0.00
0.00
0.00
0.00
0.00
0.00
0.00
0.00
0.00
0.00
0.00
0.00
0.00
0.00
0.00
0.00
0.00
0.00
0.00
0.00
0.00
0.00
0.00
0.00
1.20
0.00
0.00
0.20
0.00
0.00
1.60
0.20
0.00
0.00
2.20
0.60
0.60
0.00
0.00
0.00
0.80
0.00
0.00
0.00
0.00
0.00
4.40
3.40
0.20
0.00
0.00
0.00
0.00
0.00
0.00
0.00
0.40
0.00
0.00
0.00
0.00
0.00
0.00
0.00
0.00
0.00
1.20
0.20
0.00
0.00
0.00
6.00
7.20
2.60
5.20
14.70
1.00
0.20
11.20
16.00
0.00
0.00
0.00
0.00
1.20
0.00
0.00
0.00
0.00
0.00
0.00
0.00
0.00
0.00
0.00
0.00
0.00
0.00
0.00
0.00
0.00
0.00
0.20
0.00
21.40
0.00
0.60
0.20
0.20
0.00
0.00
0.00
0.00
7.40
14.90
0.00
1.00
0.00
0.00
0.00
0.00
1.40
0.00
0.00
0.00
0.00
0.00
8.70
0.00
0.00
0.00
0.00
0.40
0.00
0.00
0.00
0.00
0.00
0.00
0.00
0.00
0.00
0.00
0.00
0.00
0.20
0.00
0.00
0.00
0.00
0.00
0.60
1.40
0.00
0.00
7.60
2.20
0.00
0.00
0.00
0.00
0.00
0.00
3.00
7.50
0.00
0.00
0.00
0.00
0.00
1.00
0.60
3.00
0.20
10.90
0.00
0.00
0.00
0.00
0.00
0.00
4.20
0.60
0.00
0.00
1.00
0.00
0.00
0.00
0.00
26.80
22.00
5.80
11.30
0.20
0.00
0.00
0.80
0.40
0.00
0.00
1.40
1.60
0.00
0.00
0.00
0.00
0.00
0.00
6.50
0.80
0.00
0.20
0.00
0.00
0.20
0.00
0.00
0.00
0.00
0.00
2.20
0.20
0.20
0.00
3.20
6.70
14.00
17.00
9.40
6.00
0.20
0.00
11.00
0.40
0.20
0.20
0.20
14.90
0.00
0.20
0.20
0.00
0.40
0.60
0.20
0.60
0.20
0.20
0.00
0.20
0.00
0.20
0.20
0.00
7.60
0.40
3.40
8.30
4.20
8.80
1.20
0.00
0.00
0.20
0.00
0.00
0.00
0.00
0.20
0.00
0.20
0.00
0.00
0.20
0.20
0.00
0.00
22.20
0.40
0.60
0.20
0.20
0.00
0.00
0.20
0.00
0.00
0.20
0.00
0.00
0.00
0.00
0.00
0.20
0.00
0.00
0.20
0.00
0.20
0.00
0.00
0.00
0.00
0.00
0.00
0.00
0.00
0.20
0.00
0.00
0.00
0.00
0.60
9.00
3.20
2.00
0.20
0.00
0.20
0.00
0.00
0.60
0.20
0.20
0.00
0.20
0.20
0.20
0.20
0.20
0.20
0.00
0.00
0.80
0.00
2.80
13.40
7.00
1.20
0.20
0.20
0.00
0.00
0.00
0.20
0.00
0.20
0.00
0.20
0.00
0.20
0.00
0.20
0.00
0.00
0.00
4.40
0.00
0.20
0.00
0.00
0.20
0.00
1.80
0.00
0.00
0.00
0.00
0.00
3.60
0.20
0.00
0.00
0.00
0.20
0.00
0.40
0.00
0.00
0.00
0.00
0.20
0.00
0.60
7.70
14.10
2.60
0.20
0.80
0.20
0.00
0.00
0.60
0.20
0.00
0.00
0.00
0.00
0.00
0.00
0.00
1.20
23.60
1.80
0.20
0.00
0.00
0.00
0.00
0.20
0.00
1.80
1.80
3.80
0.00
0.00
4.00
0.40
0.00
0.00
0.00
0.00
0.00
0.00
0.20
0.00
0.00
0.00
0.00
0.00
0.80
2.60
0.00
3.00
0.00
0.00
0.00
0.00
0.00
4.00
0.00
0.20
0.00
0.00
0.00
0.00
0.00
0.00
0.00
5.20
0.00
0.00
0.00
0.00
0.00
0.00
1.00
1.00
0.00
0.00
0.00
0.00
0.00
0.00
0.00
0.00
0.00
0.00
0.00
0.00
0.00
0.00
0.00
11.60
0.00
0.00
0.00
0.00
0.00
0.00
0.00
0.20
2.20
0.00
0.00
0.00
0.00
0.00
0.00
0.00
0.00
0.00
0.00
0.40
0.00
0.00
0.00
0.00
0.00
0.00
2.00
17.00
32.40
0.00
5.00
0.00
1.60
0.00
0.00
0.00
0.00
0.00
0.40
0.00
0.00
0.00
0.00
0.00
0.00
0.00
0.00
0.20
0.00
0.00
0.00
0.00
0.00
0.00
0.00
0.00
0.00
0.00
0.00
25.40
0.00
0.20
0.00
0.00
0.00
0.00
0.00
7.00
0.00
0.00
0.00
0.00
0.00
0.00
0.00
0.00
0.00
0.00
0.00
0.00
0.00
0.00
0.00
6.40
3.20
0.20
0.00
2.20
18.20
23.20
0.00
0.20
0.00
0.00
0.00
0.20
0.00
0.60
15.00
2.60
0.00
1.00
0.00
0.00
0.00
0.20
0.00
0.00
0.20
8.00
0.20
0.20
0.00
0.00
0.00
0.00
14.30
0.00
0.00
0.20
0.00
0.00
0.20
26.30
5.20
0.20
0.20
0.00
4.40
0.20
0.00
0.00
0.00
0.00
0.20
0.20
0.20
0.20
0.00
0.00
0.00
0.00
0.20
0.00
0.20
0.20
0.40
0.00
0.00
0.00
0.20
0.20
16.60
0.60
0.20
0.20
0.00
0.20
0.00
0.00
0.00
0.20
0.00
0.00
0.20
0.60
0.00
0.00
0.20
0.00
0.20
0.20
5.00
0.00
10.00
0.00
0.20
0.00
0.00
0.00
0.00
0.40
0.00
0.40
0.00
0.00
0.00
0.00
0.20
0.20
0.00
0.00
0.00
0.00
0.00
0.00
0.20
0.00
0.20
0.20
0.00
0.20
0.20
0.20
0.00
0.20
0.00
0.20
0.00
0.00
0.20
0.20
0.20
0.00
0.00
0.00
0.20
0.20
0.00
12.30
1.20
0.00
0.00
0.00
0.00
0.00
0.00
0.00
0.20
0.00
0.00
0.20
0.00
0.00
0.00
0.00
1.40
1.80
0.40
0.20
3.40
0.00
0.40
0.00
0.00
6.80
0.00
0.20
0.80
0.40
0.00
0.20
0.00
4.00
0.20
0.00
0.00
0.20
0.00
0.00
0.00
0.00
0.00
8.60
0.20
0.00
0.00
0.00
0.00
0.00
0.00
0.00
1.60
0.00
0.00
1.20
0.00
0.00
0.00
0.00
0.00
0.00
0.00
0.00
0.00
0.20
0.80
14.60
8.60
24.70
19.00
8.80
3.60
0.20
0.00
0.00
0.00
0.20
0.00
5.60
4.40
5.20
0.00
0.00
2.40
1.60
0.20
0.00
3.00
0.00
0.00
0.00
0.00
0.00
0.00
0.80
0.20
5.60
44.70
0.60
1.40
0.20
0.00
0.00
0.00
0.00
0.00
0.00
0.00
0.00
0.00
2.20
0.00
0.00
0.00
0.00
4.00
0.00
1.00
0.00
0.00
2.80
10.50
0.40
0.40
0.00
0.00
0.20
0.20
0.00
0.00
0.00
4.60
11.10
0.00
0.00
0.00
0.40
0.00
0.00
0.20
0.00
1.80
3.00
0.00
0.00
1.80
0.00
0.00
0.00
0.00
0.00
0.60
0.00
0.00
0.00
0.00
0.00
0.00
1.60
0.20
0.00
0.00
0.00
0.00
0.00
0.00
0.00
0.00
0.00
0.00
0.00
0.00
0.00
0.00
0.00
0.00
0.00
0.00
0.00
0.00
0.00
0.00
0.00
0.00
0.00
0.00
0.00
0.00
0.00
0.00
0.00
0.00
0.00
0.00
2.00
11.30
0.00
0.00
0.00
0.00
19.90
0.00
0.00
0.00
0.00
0.00
0.00
7.00
0.00
0.00
0.20
1.20
0.00
0.20
0.00
0.00
0.00
0.00
0.00
0.00
0.00
0.00
0.00
0.00
0.00
0.00
0.00
0.00
0.00
0.00
0.00
0.00
0.00
0.00
0.00
0.00
0.20
0.00
0.00
0.00
0.00
0.20
0.00
0.00
0.00
0.00
0.00
0.00
4.20
0.00
0.00
0.00
6.00
7.00
0.00
0.20
0.00
0.80
0.00
6.00
0.80
0.00
0.00
0.00
0.20
0.00
0.00
0.20
0.00
0.00
0.00
0.00
0.00
0.00
2.80
0.00
0.00
0.00
0.20
0.00
0.00
0.00
0.00
0.00
0.20
0.20
0.20
0.00
0.20
0.00
0.20
0.00
0.20
0.00
0.00
0.00
0.00
0.00
0.00
0.00
18.20
2.20
0.00
1.60
0.00
0.00
0.00
0.20
0.20
0.20
0.00
0.20
0.20
0.00
0.20
0.20
0.20
0.20
0.20
0.00
0.00
0.00
0.00
0.00
0.00
0.00
0.00
0.00
0.00
0.00
0.00
0.00
0.00
0.00
0.00
0.00
0.00
0.20
0.00
0.00
0.00
0.00
0.00
4.80
11.40
0.00
0.00
0.20
0.20
0.00
0.00
0.20
6.00
0.20
0.00
0.80
0.20
1.40
0.00
0.00
0.20
0.00
0.00
0.00
0.20
0.20
0.00
0.00
0.20
0.00
0.20
0.00
0.20
0.00
0.00
6.40
2.40
0.00
0.00
0.40
0.00
0.00
0.00
0.00
0.00
0.00
0.00
0.00
0.20
0.00
1.60
0.00
0.80
0.20
0.00
0.20
0.20
2.40
0.00
0.00
0.40
0.00
0.20
0.20
0.20
0.40
2.40
0.00
0.00
0.00
6.40
0.00
0.00
0.00
0.00
0.00
0.00
0.00
0.00
0.60
0.20
0.00
0.00
2.80
0.00
0.00
0.00
2.00
0.00
0.20
0.00
8.00
0.00
0.00
0.00
0.00
0.00
0.00
0.00
3.60
3.40
14.20
11.30
4.80
0.80
1.40
0.00
0.00
0.00
5.60
16.20
3.80
31.30
0.20
0.00
3.40
0.20
0.00
0.00
0.00
0.00
0.00
0.00
0.00
0.00
0.00
0.00
0.00
0.00
0.00
0.20
21.90
18.20
0.40
1.60
0.00
15.10
1.80
13.10
11.90
0.40
3.20
0.00
0.00
3.40
6.80
15.20
18.80
2.80
10.20
1.40
0.00
0.20
3.80
2.40
4.40
7.20
0.00
3.80
0.20
0.00
0.20
9.70
0.20
4.40
0.00
0.00
0.00
0.00
2.40
15.00
0.00
0.00
0.00
0.00
0.00
0.00
0.00
0.00
12.70
6.40
0.00
0.00
6.70
0.00
0.00
0.00
0.00
0.00
0.00
0.00
0.00
0.00
0.00
10.10
10.80
0.00
0.00
0.00
0.00
0.00
0.00
0.00
1.20
0.00
0.00
0.00
0.00
0.00
0.00
0.00
0.00
0.00
0.00
0.00
0.00
0.00
0.00
0.00
0.20
0.00
0.00
0.00
0.00
0.00
0.00
0.00
0.00
10.90
0.00
0.00
0.20
0.00
0.00
0.40
0.00
2.40
0.00
0.00
0.00
0.20
10.70
0.00
0.00
0.00
0.00
0.60
0.00
0.00
0.00
0.00
1.80
0.00
0.00
0.20
0.00
5.00
1.80
0.00
0.00
0.40
0.00
0.00
29.10
0.20
0.00
0.00
4.00
4.80
9.00
0.20
15.70
1.40
0.00
0.00
0.00
0.20
0.00
0.00
0.00
0.00
0.00
0.00
0.60
0.00
0.00
0.00
3.40
0.00
0.20
0.00
4.00
0.00
24.60
0.00
0.20
0.00
0.00
0.60
0.20
0.20
0.00
0.20
17.40
3.20
4.20
28.80
9.40
31.00
0.20
0.00
0.00
0.20
0.00
0.00
0.20
0.00
0.20
7.60
0.20
0.00
0.00
0.20
0.00
0.00
0.20
0.20
0.00
0.00
0.20
3.00
0.00
0.00
0.00
0.00
4.20
0.00
0.00
0.00
0.00
0.00
0.00
0.20
0.00
0.00
4.20
0.00
0.00
0.00
9.40
3.80
0.00
0.00
0.20
0.00
0.20
0.20
0.00
0.20
0.20
0.00
0.00
0.80
0.00
0.00
6.20
0.20
0.00
0.20
0.40
0.00
0.00
0.00
1.00
0.00
0.00
0.80
10.00
0.00
0.00
0.20
0.00
0.00
0.00
0.00
0.00
0.80
0.00
0.00
1.00
0.40
3.80
0.00
0.20
0.00
0.00
0.20
0.00
7.20
19.60
1.60
0.20
0.40
1.00
2.20
0.20
0.00
0.00
0.00
1.60
0.00
0.00
0.20
0.00
0.00
0.20
0.00
0.20
0.00
0.20
0.00
0.20
0.00
0.00
0.20
0.20
5.40
3.20
1.40
1.00
8.40
0.00
0.00
0.00
0.00
0.00
0.00
0.20
0.00
0.00
0.20
0.00
0.00
0.00
0.00
0.00
0.00
0.00
0.00
0.00
0.20
0.00
0.00
0.00
18.00
0.00
0.40
12.00
0.00
3.80
0.00
0.20
0.00
2.00
37.30
1.40
0.00
0.80
10.10
0.20
0.00
0.20
7.70
15.60
0.60
0.20
1.40
0.00
0.00
0.00
0.00
0.00
0.00
26.00
0.00
0.00
0.00
2.00
0.00
0.00
0.00
0.00
0.00
0.00
0.00
0.00
1.80
0.60
0.00
0.00
2.40
16.10
0.00
0.20
0.00
0.00
0.00
0.00
0.00
0.00
0.20
0.00
0.00
0.00
0.00
0.00
0.00
0.20
2.00
0.00
0.00
0.00
0.40
16.70
0.80
0.00
2.80
0.00
0.00
0.00
0.00
0.00
0.00
0.00
6.10
0.00
0.00
0.00
0.40
0.00
0.20
0.00
0.00
17.10
3.60
0.20
0.00
2.00
9.10
9.70
0.00
0.00
0.00
6.70
28.70
11.90
0.00
0.00
0.00
0.00
0.00
0.00
2.60
0.00
0.00
0.60
0.00
0.00
0.00
0.60
0.00
0.00
0.00
0.00
0.00
0.00
0.00
0.00
0.00
0.00
15.10
0.00
0.40
0.00
0.20
0.00
0.60
6.20
0.80
0.00
0.00
0.00
1.40
0.20
1.40
0.00
0.00
0.00
0.00
0.00
0.00
0.00
0.00
0.00
0.60
0.00
0.00
2.60
0.00
0.00
0.00
12.50
0.00
0.00
0.00
0.00
0.00
0.00
0.00
0.00
0.00
15.10
0.40
2.40
11.70
3.40
0.40
9.40
0.20
0.00
0.20
0.00
0.00
0.00
0.00
0.00
9.50
0.00
0.00
0.00
0.00
1.60
0.20
0.20
0.20
0.00
0.00
0.20
5.60
0.00
0.00
0.20
0.00
0.00
0.00
0.00
0.00
0.20
0.00
0.00
18.60
25.60
11.50
0.00
0.00
0.40
0.00
0.40
0.20
0.20
0.00
0.20
0.40
1.60
0.00
0.20
0.00
0.20
1.40
0.40
0.20
0.00
0.00
0.20
0.00
0.00
0.20
0.00
0.00
0.00
0.00
0.00
0.00
0.20
0.20
0.20
0.00
1.00
0.20
0.20
8.00
0.20
0.20
0.20
0.00
0.20
0.00
0.00
0.20
0.20
0.40
0.20
0.00
0.20
0.20
0.00
0.00
0.00
0.00
0.00
0.00
0.00
12.00
10.40
20.20
15.60
0.20
4.60
0.20
0.60
2.80
0.60
3.80
0.00
0.20
0.00
1.20
10.00
0.00
4.20
1.40
0.00
0.00
0.00
4.40
4.80
12.20
0.00
0.00
0.00
0.00
0.20
0.00
0.40
0.20
0.00
0.00
2.20
0.60
0.00
0.00
0.00
0.00
0.20
0.00
0.00
0.20
5.00
2.40
0.00
0.20
4.40
0.20
0.00
0.00
0.00
0.00
0.00
1.00
9.20
2.00
0.40
0.80
0.00
1.40
1.60
0.80
0.80
0.00
0.00
2.60
0.60
0.00
5.60
11.00
2.20
0.20
0.00
3.00
0.00
0.00
0.00
2.20
0.20
0.00
0.20
0.00
0.00
0.00
0.00
0.00
0.00
5.60
8.50
0.20
0.60
6.40
6.90
0.00
0.00
0.20
3.40
0.80
0.00
0.00
0.00
0.40
0.00
0.00
1.40
0.00
0.00
0.00
0.00
17.60
0.00
0.60
1.20
1.40
0.00
0.00
7.40
0.00
0.00
0.00
5.90
0.20
0.20
0.20
0.00
0.00
0.00
3.60
3.80
3.20
16.80
0.00
1.60
0.00
1.40
0.80
8.00
0.20
1.00
17.90
7.70
4.40
0.00
0.00
0.00
0.20
0.00
0.00
0.00
5.40
4.60
0.00
0.00
0.00
0.00
9.40
0.20
0.00
0.00
0.00
0.00
0.00
0.00
0.00
6.00
0.00
0.00
31.80
17.40
24.80
0.00
3.60
23.00
0.00
0.60
0.40
1.60
0.00
0.00
0.00
0.00
0.00
0.00
0.00
2.20
17.40
2.60
16.60
0.00
0.00
0.00
0.00
17.80
0.00
0.00
0.00
0.00
0.00
0.00
1.20
0.00
0.00
0.00
0.00
0.00
0.00
0.00
8.80
0.00
0.00
6.80
10.00
0.00
0.00
0.00
0.00
0.00
6.20
0.00
0.00
0.20
5.60
0.20
0.00
0.00
0.00
0.00
0.00
0.00
0.00
0.00
5.40
0.00
0.00
0.00
0.00
0.00
0.00
7.00
0.20
0.00
0.00
0.00
0.00
0.00
0.00
0.00
0.00
0.00
0.00
0.00
0.00
0.00
0.00
0.00
0.00
0.00
0.00
0.00
0.00
0.00
0.00
0.00
0.00
0.00
0.00
0.40
23.60
16.00
0.00
20.00
1.60
0.00
0.00
0.20
0.00
0.00
0.00
0.00
0.20
0.00
0.00
0.00
1.60
1.60
0.00
0.20
0.00
0.00
19.20
41.40
6.40
1.20
3.40
0.20
0.00
0.20
0.00
0.00
0.00
0.20
0.20
0.00
0.20
0.00
0.00
0.00
0.00
0.00
1.20
1.60
6.60
0.00
0.00
0.20
0.20
0.20
0.40
0.00
1.40
0.20
0.00
0.20
0.20
0.20
1.80
1.60
0.20
0.60
0.20
0.20
7.40
0.20
0.00
0.20
0.20
0.20
0.00
0.20
0.00
0.00
10.60
0.60
0.20
0.00
0.00
1.00
0.40
0.20
2.20
0.00
0.00
0.20
0.20
0.00
0.00
0.00
0.00
0.00
0.00
0.00
0.20
13.80
11.00
8.40
0.00
0.00
0.00
0.00
0.00
0.00
0.00
1.20
0.00
0.20
0.00
0.00
0.40
0.40
0.00
0.20
1.40
0.00
0.20
0.20
0.20
0.30
0.10
0.10
0.10
0.10
0.00
0.00
0.00
0.00
0.00
0.00
0.00
0.00
0.00
9.40
0.00
2.40
0.00
0.00
0.10
0.00
0.00
0.10
0.00
0.00
0.00
0.00
0.00
0.00
0.10
0.10
1.50
0.00
0.00
2.40
0.00
2.50
0.00
0.10
0.00
0.00
0.00
0.10
0.00
0.00
0.00
0.00
0.00
0.60
0.00
0.00
0.10
0.00
0.00
0.00
0.00
2.30
27.70
0.00
2.40
34.30
3.40
0.00
0.00
0.00
0.00
11.40
0.10
0.00
0.00
0.00
0.00
0.20
0.00
7.20
0.80
0.10
0.00
0.00
0.20
0.00
0.10
0.00
0.00
0.00
0.00
0.50
0.00
0.00
0.00
0.00
0.00
0.00
0.00
0.00
0.00
0.00
0.00
0.30
3.60
20.50
0.00
0.00
2.70
3.80
1.40
4.00
0.30
2.00
20.00
0.20
0.00
0.00
17.00
0.00
0.00
0.00
0.00
0.00
0.00
13.60
0.00
0.00
0.00
0.00
0.00
0.00
0.00
0.20
0.00
0.00
0.00
2.10
0.00
0.00
0.00
20.40
0.70
0.00
0.10
12.60
20.40
0.00
10.80
6.10
0.00
3.60
14.50
0.00
3.10
7.40
0.00
0.00
0.00
0.00
0.00
0.00
0.00
0.50
0.00
0.00
0.00
0.00
0.00
0.00
0.00
0.00
0.00
0.00
0.00
14.80
6.20
0.00
0.00
0.00
0.00
0.00
0.00
0.00
1.50
1.20
0.00
0.00
0.00
1.10
0.00
7.00
0.00
0.00
0.00
0.00
0.00
0.00
7.70
0.30
0.00
0.00
34.80
0.00
0.00
0.00
0.00
0.00
0.00
0.00
0.60
0.00
0.00
0.00
0.00
0.00
0.00
0.00
0.00
0.00
0.00
0.00
0.00
0.00
0.00
0.00
0.00
0.00
0.00
0.00
0.00
0.00
0.00
0.00
0.00
0.00
0.40
1.30
0.30
0.10
0.00
0.00
0.00
0.00
0.00
0.00
0.00
0.00
0.00
0.00
0.00
0.00
14.10
0.00
0.00
0.00
0.00
0.00
16.90
0.10
0.00
0.00
0.00
0.00
0.00
0.00
0.00
0.00
0.00
0.00
0.00
0.00
0.00
0.00
0.00
0.00
0.00
0.00
0.00
0.00
0.00
0.00
0.00
0.00
0.00
0.00
0.00
0.50
16.50
0.00
0.00
10.60
4.90
0.00
0.00
0.00
0.00
0.30
20.90
18.10
0.10
0.20
9.60
0.10
0.20
0.10
0.00
0.10
0.10
3.10
21.60
4.90
0.80
0.10
0.00
0.20
6.20
1.10
0.00
0.10
0.00
0.00
0.10
0.00
0.20
0.00
0.10
0.20
0.00
0.10
0.00
0.20
0.20
0.30
0.10
0.10
0.10
0.00
0.00
0.10
0.00
0.10
0.00
0.00
0.00
0.20
0.10
0.20
0.00
0.00
0.10
0.10
0.00
0.10
0.10
0.00
0.00
0.10
0.20
0.10
0.20
0.20
0.00
0.00
0.10
0.10
0.30
0.00
0.10
0.00
0.00
0.00
0.00
0.00
0.10
0.20
0.10
0.10
0.20
0.10
0.00
0.10
0.10
0.00
3.00
0.00
0.00
0.00
0.00
1.50
0.00
0.00
0.00
0.00
0.00
0.00
0.00
0.00
0.00
0.00
0.00
0.00
0.00
0.00
0.00
0.00
0.00
0.00
0.00
0.00
0.00
0.00
0.00
0.00
0.00
0.00
0.00
0.00
0.00
0.00
0.00
0.00
0.00
0.00
0.00
0.00
0.00
0.00
0.00
0.00
0.00
0.00
0.00
0.00
0.00
0.50
2.40
10.50
18.70
0.00
0.00
0.00
0.00
0.00
0.00
0.00
0.00
0.00
0.00
0.00
24.20
10.10
5.30
13.80
0.20
0.00
0.00
0.60
0.00
2.50
0.00
3.20
0.00
0.00
0.20
0.90
0.00
0.00
2.60
0.00
0.00
0.00
0.00
0.00
0.60
16.00
0.10
28.70
0.10
0.00
0.00
0.00
0.00
0.60
0.00
0.00
0.10
0.00
0.00
0.00
0.10
0.00
0.00
0.00
0.00
0.70
12.80
19.70
0.00
0.00
0.00
0.00
0.00
0.00
0.00
9.10
0.10
9.40
0.00
0.00
0.00
12.40
0.00
0.00
0.00
0.00
0.00
0.00
0.00
0.00
0.10
0.00
0.00
0.00
0.00
0.00
0.00
9.60
0.00
0.00
0.00
0.00
0.00
0.00
0.00
0.00
0.00
0.00
0.00
47.90
0.00
0.00
0.00
16.90
0.00
0.00
0.00
0.00
0.00
0.00
0.00
0.00
0.00
0.00
0.00
0.00
0.00
0.00
0.00
0.00
0.00
0.00
0.00
0.00
0.00
1.50
0.00
0.00
0.00
0.00
0.00
0.00
0.00
0.00
3.60
0.20
0.00
0.00
0.00
0.00
0.00
0.00
0.00
0.00
0.00
0.00
0.00
0.00
0.00
0.00
0.00
0.00
0.00
0.00
0.00
0.00
0.00
0.00
4.90
16.40
0.00
0.00
0.00
0.00
0.00
0.00
0.00
0.00
12.40
3.40
3.60
0.10
0.00
0.00
0.00
0.00
0.00
0.00
0.00
0.00
0.00
0.00
0.00
11.60
0.10
0.00
0.40
0.00
0.50
63.00
0.00
0.00
0.10
0.00
0.00
0.00
0.00
0.00
0.00
0.00
3.40
8.70
0.90
0.10
2.80
0.00
0.00
0.10
0.10
5.10
4.70
14.90
0.00
0.10
0.00
16.40
2.90
0.00
0.00
0.00
2.10
1.40
0.10
0.00
0.00
3.50
0.00
0.10
0.00
0.00
11.70
1.20
0.10
0.00
0.00
0.00
0.10
0.10
13.60
0.00
0.00
0.10
0.00
0.30
0.00
0.20
0.60
6.20
11.40
0.00
0.00
0.00
0.00
0.00
0.10
0.00
0.00
0.10
0.20
0.10
0.00
0.00
0.30
0.00
0.00
1.80
0.80
0.70
0.10
0.10
0.00
0.00
0.00
0.30
0.10
0.00
0.00
0.00
0.20
0.20
0.10
0.10
0.10
0.70
0.00
0.00
0.10
0.10
0.20
0.10
0.10
0.10
0.10
0.10
1.50
4.00
0.00
0.00
0.00
0.00
4.50
35.10
0.50
0.00
0.00
0.00
0.00
0.00
0.10
0.60
0.00
0.00
0.10
0.20
0.40
1.10
0.00
0.00
0.00
0.00
0.00
0.00
0.00
2.20
0.00
0.10
0.00
0.00
0.00
0.00
0.00
9.60
0.10
0.20
0.50
2.80
0.80
0.00
0.00
0.00
0.00
0.00
0.00
0.00
0.00
0.40
8.40
2.80
5.30
4.20
0.40
1.70
3.90
0.40
4.80
0.00
0.00
0.70
9.40
0.80
0.40
1.50
0.00
0.00
0.00
0.80
1.30
0.10
9.70
0.20
7.60
0.60
0.00
5.20
0.80
0.10
2.00
4.00
0.00
0.00
0.10
0.00
0.00
0.00
0.00
0.00
0.00
0.00
0.00
0.00
0.00
6.70
0.00
0.00
0.00
0.00
0.00
7.10
20.20
27.30
7.60
24.80
10.70
0.10
0.00
0.10
0.00
0.90
0.00
0.20
0.00
2.00
0.50
0.00
0.00
0.00
11.10
36.30
0.00
12.00
5.40
7.10
2.30
0.10
0.00
0.00
0.00
0.00
0.00
3.00
1.00
2.10
0.20
0.00
0.00
0.00
0.00
0.00
0.00
0.00
0.00
9.30
0.60
0.10
0.00
0.00
0.40
0.00
0.00
0.00
3.10
3.10
0.90
0.00
0.70
0.00
0.00
0.00
0.00
0.00
4.30
0.00
0.00
0.00
0.50
0.00
0.00
0.00
0.00
0.00
0.00
1.00
0.00
3.20
0.00
3.00
8.20
14.20
0.00
0.80
0.10
7.70
0.00
0.00
4.00
0.00
0.50
0.00
0.00
0.00
0.00
0.10
0.00
0.00
0.00
0.00
0.00
0.50
0.00
0.00
0.00
11.30
0.00
0.00
0.00
0.00
0.00
3.40
0.00
0.00
13.20
0.10
0.00
0.20
0.00
0.00
0.00
0.00
0.00
0.00
0.00
0.10
0.90
7.90
14.80
0.00
0.00
0.00
0.00
0.00
0.00
0.00
35.00
0.00
0.00
0.80
0.00
0.00
0.00
0.00
1.60
0.00
0.00
0.00
0.00
0.00
0.00
0.00
0.00
0.00
0.00
0.00
0.00
0.00
0.00
0.00
0.00
0.00
5.60
19.90
0.10
0.00
0.00
0.00
0.10
0.10
0.00
0.00
0.00
0.00
0.00
0.00
0.00
0.00
0.00
0.00
0.00
2.20
0.10
0.00
0.00
0.00
0.00
0.00
0.00
0.00
0.00
0.00
0.00
0.00
0.00
0.00
0.00
0.10
0.10
0.00
0.00
0.00
0.00
0.00
0.00
0.00
1.20
31.50
6.60
0.00
0.00
0.00
0.00
0.00
0.00
0.00
0.00
0.00
0.00
0.10
0.10
0.00
0.00
0.10
0.00
0.30
0.00
0.00
0.20
0.10
0.10
0.10
0.10
0.00
0.00
0.00
0.00
0.00
0.00
3.00
0.00
0.00
0.00
0.00
5.20
4.50
0.00
0.10
2.40
0.10
0.20
0.10
1.30
0.10
0.00
16.50
0.00
0.20
0.10
0.10
0.00
0.00
0.00
0.00
2.90
0.10
0.00
0.40
0.10
26.50
0.20
0.00
0.00
0.50
0.00
0.00
0.00
0.00
0.20
1.10
2.50
0.40
0.10
1.40
0.10
0.00
2.50
7.10
0.00
1.10
1.40
9.10
2.60
0.00
0.00
0.00
0.00
0.70
5.90
0.10
0.00
0.00
0.10
0.00
0.00
0.00
0.10
3.00
1.00
0.10
0.10
0.00
0.00
3.30
0.00
0.00
0.00
0.00
0.00
0.00
0.00
0.00
0.00
0.00
0.00
0.00
0.00
0.00
0.00
0.00
0.00
0.00
9.10
0.00
0.00
0.00
0.00
0.00
0.00
0.00
6.30
1.70
0.10
2.30
11.50
0.00
0.00
0.00
0.00
0.00
0.00
0.10
10.60
0.30
0.00
0.00
0.00
0.00
0.00
0.00
0.70
2.70
6.50
4.00
0.10
6.10
0.00
0.60
0.00
0.00
0.00
0.00
0.00
0.00
0.00
0.00
0.00
0.00
0.00
0.00
0.00
0.00
0.00
2.80
2.20
0.00
0.00
0.00
0.00
4.00
0.10
0.00
0.00
0.00
0.10
0.00
23.50
11.40
0.00
16.00
4.60
7.60
0.00
0.00
0.40
0.10
0.60
0.00
0.00
0.00
0.00
0.00
0.00
0.00
0.00
5.10
5.10
0.00
3.90
0.90
37.40
0.00
0.00
0.00
0.00
0.00
33.20
2.70
6.80
0.00
0.00
0.00
0.00
0.30
1.00
4.40
0.00
0.00
0.00
19.50
0.10
0.00
0.00
0.00
0.00
0.00
0.00
0.00
0.00
0.00
0.00
0.90
0.00
0.00
0.00
0.00
0.00
0.90
0.00
0.00
1.40
0.00
0.00
0.00
3.30
8.40
0.00
0.00
25.80
0.00
0.00
0.00
0.00
0.00
0.00
0.00
8.70
0.00
0.00
0.00
0.00
1.70
0.00
13.60
11.20
47.20
6.00
0.00
0.00
0.00
0.00
3.20
2.30
0.90
0.00
0.00
0.00
0.00
23.60
0.60
0.00
34.70
1.10
0.00
0.00
0.00
0.00
0.00
8.00
0.00
2.00
0.10
0.50
6.00
0.00
0.00
9.30
0.90
0.00
0.00
0.00
0.00
17.50
0.10
2.00
0.40
0.00
0.00
2.90
1.70
0.00
0.00
0.00
4.70
1.10
0.20
9.90
0.00
0.00
0.00
0.00
0.10
0.00
0.00
0.00
0.00
0.00
0.00
0.00
0.00
0.00
0.00
0.00
0.00
0.00
0.00
0.00
0.10
10.50
24.60
0.00
0.00
0.00
0.00
0.20
0.10
5.60
0.20
0.10
5.90
0.80
0.10
0.00
0.20
0.10
0.00
0.20
0.00
0.00
0.00
6.30
14.50
1.70
8.50
25.00
8.00
0.00
0.00
0.20
0.40
0.00
0.00
0.00
0.00
0.00
0.00
0.00
0.20
0.00
0.50
2.50
0.00
0.00
0.00
0.10
0.00
0.00
0.10
0.20
0.10
0.00
0.00
0.10
0.30
0.00
0.00
0.00
0.10
0.00
0.10
0.10
0.10
0.10
0.00
0.00
0.00
0.20
0.10
0.00
0.00
0.20
0.10
5.20
0.00
0.20
2.90
0.10
0.00
0.10
0.00
0.00
0.00
0.00
0.00
0.00
0.70
0.60
0.10
0.00
0.00
0.10
0.10
0.00
0.00
0.00
0.00
0.10
0.00
0.00
0.00
0.00
0.00
0.00
0.00
0.00
0.00
0.00
0.10
1.20
0.00
2.20
0.10
0.00
0.10
0.00
0.00
0.00
0.00
0.00
0.80
0.00
0.00
0.00
0.00
0.00
0.00
0.00
0.00
0.00
0.00
0.00
0.00
0.00
0.00
0.00
0.00
5.00
15.30
1.70
9.90
0.70
0.00
0.00
0.00
0.00
0.00
0.10
0.00
0.00
0.00
0.00
0.10
0.00
0.00
0.00
0.00
0.00
0.00
0.00
0.00
0.00
0.10
5.00
0.20
0.60
8.40
0.10
0.00
0.00
0.00
1.20
0.10
22.50
1.90
0.00
7.40
0.10
0.00
0.00
0.00
0.00
0.00
0.00
0.00
0.00
0.00
0.00
0.00
0.00
0.00
0.00
0.00
0.00
0.00
0.00
9.40
0.30
0.00
0.00
0.00
0.00
0.00
0.00
0.00
0.00
0.80
0.00
0.00
0.00
0.00
0.00
0.00
0.00
0.00
1.90
24.30
2.80
1.80
2.40
1.20
9.20
0.00
14.20
0.10
0.00
0.00
0.00
0.00
0.00
1.00
28.50
0.00
0.00
0.00
0.00
0.00
0.00
0.00
0.00
0.00
0.00
0.00
0.00
0.00
0.00
0.00
0.00
0.00
0.00
0.00
0.00
0.00
0.00
0.00
0.00
0.60
0.00
0.00
13.00
0.30
0.00
0.00
0.00
0.00
0.00
0.00
2.90
10.70
15.40
0.10
0.00
0.00
0.90
0.00
0.00
0.00
12.00
0.30
0.00
0.00
0.00
0.00
0.00
1.40
0.00
1.20
17.20
0.00
0.00
17.20
1.70
3.50
0.00
0.00
0.00
0.00
0.00
0.00
0.00
6.30
0.00
8.00
22.80
12.20
0.00
0.00
0.00
0.00
0.00
6.50
0.00
0.20
0.00
0.00
0.00
0.00
0.10
0.00
0.00
0.00
0.00
0.00
0.00
0.00
0.00
1.00
1.60
0.10
6.40
0.00
21.50
0.00
12.30
0.00
0.30
0.00
0.00
0.00
0.00
0.00
0.00
8.10
0.20
0.00
0.10
0.10
0.00
0.30
0.00
0.00
0.10
0.00
0.00
0.00
0.00
0.00
20.50
0.20
0.00
0.00
0.00
0.00
74.40
0.40
0.00
0.10
0.10
0.00
0.20
0.20
0.00
0.00
0.20
0.00
0.10
0.10
0.00
0.00
0.00
0.10
0.20
0.10
0.00
0.00
0.00
0.00
0.00
0.00
0.00
0.20
0.20
0.10
0.00
0.20
0.10
0.20
0.00
0.00
0.00
0.00
0.00
0.00
0.00
0.10
0.10
0.10
0.10
0.00
0.00
0.10
0.10
0.00
0.10
0.10
0.10
0.10
0.00
0.00
0.00
0.00
0.10
0.00
0.10
0.50
0.10
2.90
0.00
0.20
0.00
0.00
0.00
0.10
0.30
0.00
0.00
0.00
0.00
0.00
0.00
0.00
0.00
0.00
0.10
0.10
0.20
0.00
0.10
0.10
0.00
0.10
0.00
0.00
0.00
0.20
0.10
0.00
0.00
0.00
0.00
10.30
0.00
2.10
1.50
0.80
3.50
4.30
7.50
0.00
0.00
0.00
0.00
0.10
0.10
0.00
0.90
0.00
0.10
0.00
0.10
33.60
0.10
0.10
0.00
0.00
0.00
2.70
0.00
0.00
0.00
0.00
0.40
0.00
0.00
0.00
0.10
1.70
0.40
12.20
3.10
0.00
7.30
8.20
4.20
0.10
0.00
0.00
0.00
0.00
0.00
0.00
0.00
0.00
0.00
0.00
0.00
0.10
26.50
30.40
0.00
0.00
0.00
0.00
0.30
0.80
1.40
0.10
0.00
0.00
0.50
0.00
0.00
0.00
2.00
26.50
1.40
4.10
0.10
0.00
0.00
3.80
8.30
0.00
0.30
0.00
0.00
0.00
0.00
0.00
0.40
0.00
6.20
62.10
6.70
6.50
2.90
9.70
0.10
0.00
0.00
0.00
0.00
0.00
0.00
0.00
0.00
0.00
0.00
0.00
0.00
0.00
13.40
0.00
4.40
0.40
0.00
0.00
0.00
1.90
0.10
0.00
0.00
0.00
0.00
2.30
2.00
0.00
0.00
0.00
0.60
0.10
1.70
23.60
0.10
0.00
0.00
0.00
0.00
0.00
0.00
0.00
0.00
0.00
0.00
0.00
0.00
0.00
0.00
0.00
0.00
0.00
0.00
0.10
0.00
0.00
0.10
0.00
0.00
0.00
0.00
0.00
0.00
0.00
0.00
0.00
0.00
4.80
0.00
0.00
0.00
0.00
0.00
0.00
0.00
0.00
0.00
0.00
0.00
0.00
0.00
0.00
0.00
0.00
0.00
0.40
0.00
0.00
0.00
0.00
0.00
0.00
5.50
1.00
0.00
0.00
0.00
0.00
0.00
0.00
0.00
0.00
0.00
0.00
0.00
0.00
0.00
2.10
2.20
0.00
0.00
0.00
0.00
0.00
0.00
0.00
5.90
0.10
0.00
0.00
7.30
0.00
0.00
0.00
0.00
0.00
0.00
0.00
0.00
0.00
32.00
2.70
7.70
0.10
0.00
0.00
0.00
0.00
0.00
0.00
0.00
0.00
8.00
5.10
0.00
0.10
0.00
0.00
0.00
4.20
37.70
4.60
0.10
0.00
0.00
0.00
0.10
0.10
0.10
2.80
0.00
0.70
0.20
0.00
0.00
0.00
0.20
0.10
0.20
0.00
0.20
0.00
4.70
8.30
1.00
0.00
0.10
0.00
0.10
0.10
0.00
0.10
0.00
0.10
0.10
0.10
0.10
0.00
1.20
20.50
9.00
48.80
0.50
0.00
6.30
0.00
0.00
0.00
0.00
0.20
0.00
0.00
0.00
0.00
0.00
0.00
0.00
0.10
0.10
0.10
0.10
0.10
0.00
0.00
0.40
0.00
0.00
0.00
4.80
0.00
0.10
0.10
0.00
0.00
0.20
0.20
0.00
0.00
0.10
0.00
0.00
0.00
0.00
0.10
0.00
0.20
0.10
0.10
0.10
0.00
0.00
0.00
0.10
0.00
0.00
0.50
0.00
0.00
0.00
0.00
0.00
0.00
0.00
0.00
11.60
1.00
15.10
2.90
0.00
0.10
0.00
0.00
3.70
2.60
3.20
6.50
0.40
0.10
0.10
0.00
0.00
0.20
0.00
6.70
15.30
5.60
0.00
0.10
0.20
0.00
0.00
0.00
0.10
0.00
0.00
0.00
0.10
0.00
0.00
0.00
0.00
4.90
12.70
0.00
0.00
0.00
0.00
0.00
0.00
0.00
6.70
0.10
0.00
0.20
0.00
0.00
0.00
0.00
0.00
0.00
0.40
0.20
40.20
46.10
0.00
8.70
0.00
0.00
0.00
15.00
2.70
0.00
0.00
0.00
0.00
0.00
0.00
0.00
0.00
0.00
0.00
0.00
0.00
0.00
5.90
0.00
0.00
0.00
0.00
0.00
0.00
0.00
0.00
0.00
22.80
8.90
11.70
0.00
0.00
14.00
0.00
0.10
0.20
0.00
0.00
2.70
0.00
0.00
0.00
4.40
15.70
0.00
0.00
0.00
0.00
0.00
0.00
7.80
0.10
0.00
0.00
0.00
0.00
0.00
0.00
0.00
0.00
0.00
0.00
6.30
0.20
0.10
6.70
6.20
5.40
5.20
0.10
0.00
0.00
0.60
0.00
0.00
0.00
0.00
0.00
0.00
0.00
0.00
0.00
0.00
0.00
1.00
0.00
0.00
0.00
0.00
2.80
0.00
0.90
0.00
0.00
0.00
0.00
0.00
0.00
0.00
0.00
0.00
0.10
0.00
0.30
0.00
0.00
0.00
0.00
0.00
0.00
0.00
0.00
0.10
0.00
5.00
0.00
0.00
0.00
0.00
0.00
0.00
0.00
0.00
0.00
0.00
0.00
0.00
0.00
0.00
0.00
1.20
0.00
0.00
20.90
0.90
0.00
0.00
0.00
0.00
3.10
0.00
0.00
0.00
0.00
0.00
0.00
0.00
0.00
0.10
0.00
0.00
0.10
0.00
0.00
0.90
0.40
0.10
0.00
0.00
10.40
0.10
1.70
0.00
0.00
10.60
0.00
0.00
0.00
0.00
0.40
23.50
0.00
0.00
0.40
0.00
0.00
0.00
3.30
0.00
0.00
0.00
0.00
0.00
0.00
0.00
2.20
0.30
0.00
0.00
0.00
0.00
0.10
0.00
0.00
0.00
0.00
0.00
0.00
0.00
0.00
0.00
0.00
0.00
31.40
4.30
0.10
0.20
0.00
0.00
0.10
0.10
0.00
0.10
0.00
0.10
0.20
0.00
0.10
0.00
0.00
11.40
0.00
0.00
0.00
0.10
0.00
0.00
0.10
0.20
0.00
0.00
0.00
0.00
0.00
0.20
0.10
0.10
0.10
0.00
0.00
0.00
0.60
0.10
0.10
0.00
0.50
0.00
0.10
0.00
0.00
0.00
0.00
0.00
0.10
0.00
0.10
3.90
5.50
0.00
0.00
0.30
0.10
0.10
0.00
1.50
0.20
0.10
0.10
0.10
0.00
0.10
0.10
0.40
5.10
0.10
0.70
0.10
0.10
1.30
0.10
0.00
0.00
0.10
6.70
17.60
0.00
0.00
0.20
0.10
0.00
0.00
2.10
0.20
0.10
0.20
0.00
0.20
0.00
0.10
0.10
0.10
0.10
0.40
26.30
0.00
0.00
0.20
0.10
0.10
0.10
0.10
0.00
25.10
40.40
3.30
0.00
0.00
0.00
0.00
0.00
0.00
0.00
0.00
0.00
4.60
2.60
0.10
0.00
0.00
0.00
0.00
0.00
0.00
0.00
11.70
3.10
48.30
15.40
0.70
0.20
0.00
4.90
0.50
0.10
0.00
2.10
8.20
0.10
0.00
0.00
4.70
8.60
8.50
2.30
0.00
12.70
0.00
0.00
0.00
0.10
23.40
13.10
0.90
0.00
0.00
0.70
0.00
0.00
0.00
0.00
0.00
0.30
0.00
1.20
0.30
17.50
1.30
18.90
43.80
1.10
16.60
7.50
0.00
0.50
0.00
0.00
0.00
0.00
0.00
0.00
0.00
0.00
0.50
0.00
3.10
0.00
27.80
0.10
0.10
0.10
0.00
0.00
1.20
0.60
8.00
3.90
2.50
1.40
0.00
61.80
0.00
0.00
0.00
0.00
1.60
23.70
0.00
0.30
9.10
1.50
0.00
0.00
2.10
0.00
0.20
16.30
8.10
19.00
0.10
1.00
0.00
0.50
0.30
5.70
2.10
2.60
0.10
0.00
1.20
0.00
0.00
0.00
0.00
0.90
0.00
0.00
0.00
0.00
0.00
0.00
0.00
0.00
0.00
0.00
0.00
0.00
38.50
0.00
0.00
0.00
0.00
0.00
0.00
0.00
0.00
0.00
0.00
0.00
0.00
0.00
0.60
0.00
0.00
0.00
15.80
0.00
0.00
0.00
5.20
0.10
0.00
0.00
0.00
0.00
0.00
0.00
0.00
0.00
0.00
0.00
0.00
0.00
0.00
0.00
0.00
0.00
21.00
3.20
32.10
1.00
0.00
2.70
0.00
0.90
0.00
0.00
8.70
0.00
0.00
0.00
0.00
0.10
0.90
0.00
0.00
0.00
0.00
1.80
2.30
0.00
0.00
0.00
0.00
0.00
0.00
22.00
1.60
0.00
0.00
0.00
1.10
0.00
0.30
0.00
0.00
0.00
0.50
0.00
0.00
0.00
0.00
0.00
0.00
0.00
0.00
0.00
0.00
0.00
0.00
0.00
0.00
0.00
0.00
0.00
0.00
0.00
1.70
3.00
5.60
3.50
1.40
0.00
0.00
0.00
76.00
11.60
2.20
0.20
0.60
0.90
4.60
0.10
0.10
0.20
0.10
0.20
2.70
15.80
6.60
0.00
3.30
29.90
1.00
0.10
0.00
0.00
24.30
4.30
0.10
3.40
13.10
0.00
0.00
0.00
0.00
0.00
7.70
0.40
7.00
3.10
13.70
5.50
0.30
0.20
3.10
0.10
0.10
0.30
0.30
0.20
0.00
1.40
0.00
0.20
0.10
0.10
0.20
0.00
0.30
0.00
0.20
0.20
0.10
0.10
2.50
0.00
0.00
4.70
0.30
0.10
0.20
0.10
0.20
0.00
0.20
0.20
0.20
0.00
0.00
0.10
0.00
0.00
0.00
0.20
0.10
0.00
0.00
0.00
0.10
0.00
0.10
0.10
0.00
0.00
0.00
0.10
0.10
0.10
0.10
0.20
0.00
0.30
0.40
0.10
0.00
6.50
0.00
0.00
0.00
0.40
5.50
0.20
0.30
0.00
12.90
0.00
0.00
0.00
0.00
0.10
0.10
0.10
0.10
0.10
0.00
0.00
0.10
0.00
0.00
0.00
0.00
0.00
0.00
0.00
0.10
0.00
0.20
0.00
0.00
0.00
0.00
0.00
0.10
0.10
0.00
0.00
0.00
3.30
0.00
0.00
0.00
0.00
0.00
0.00
0.00
0.00
0.00
0.00
0.00
0.00
0.00
0.00
0.00
0.00
0.00
0.00
0.00
0.00
0.00
0.00
0.00
0.00
0.00
0.00
4.60
1.70
0.00
13.60
11.70
0.10
0.00
19.60
0.10
0.00
0.00
0.00
0.00
4.80
0.00
0.00
0.00
0.00
7.80
0.30
0.40
2.90
5.20
6.90
0.10
0.00
0.00
0.00
0.00
0.40
7.40
1.00
0.00
0.00
0.00
0.00
4.70
0.00
0.00
0.00
0.00
0.00
0.00
0.00
1.40
15.70
8.40
0.20
3.60
0.00
0.00
0.00
18.50
0.10
0.00
0.00
0.00
0.00
0.00
0.00
0.00
0.00
0.00
0.00
2.00
0.00
0.00
0.00
0.00
0.30
14.00
0.00
0.00
0.30
0.00
0.00
0.00
0.00
0.00
2.80
2.70
0.00
0.00
0.00
0.00
0.00
0.00
0.00
0.00
0.00
0.00
4.10
0.00
0.00
0.00
0.00
0.00
5.70
22.10
0.00
0.00
0.00
0.00
2.40
0.00
0.00
8.30
0.00
0.00
0.00
0.00
0.00
0.00
0.00
0.00
0.00
17.10
0.00
0.00
0.00
0.20
0.30
0.00
0.00
0.00
0.00
0.00
0.00
0.00
0.00
0.00
0.00
0.40
0.00
0.00
0.00
0.00
0.00
0.00
0.20
29.50
0.00
0.00
0.00
0.00
0.00
0.00
0.20
0.00
2.80
0.00
1.20
2.30
0.30
0.00
0.00
0.00
0.00
0.00
0.00
0.00
19.70
0.00
0.00
0.30
10.60
0.40
0.00
0.00
0.00
3.20
0.00
9.70
0.00
0.10
0.00
0.00
0.00
0.00
0.00
0.00
0.00
0.00
0.00
0.00
0.00
0.00
0.00
0.00
0.00
0.00
0.00
0.10
0.00
0.00
24.80
0.10
0.00
0.00
0.00
0.00
12.70
0.10
44.90
14.70
0.00
0.00
0.00
0.00
0.00
0.20
0.10
0.70
4.30
2.70
4.20
5.40
0.00
0.00
5.30
0.00
0.80
0.10
0.00
0.00
0.20
5.50
0.30
0.10
0.10
0.00
0.00
0.10
0.00
31.60
0.20
0.00
0.20
0.70
1.00
0.00
0.00
0.80
0.10
0.00
0.00
2.60
0.40
0.00
0.00
0.00
0.10
0.00
0.20
3.60
0.30
0.20
0.20
0.20
2.20
0.10
6.90
40.80
14.20
0.70
0.10
0.20
0.30
0.10
0.00
0.00
0.20
0.00
0.00
0.10
0.00
0.10
0.00
0.00
0.20
0.10
0.00
0.20
2.30
0.00
0.20
0.20
0.10
0.10
0.00
0.20
0.00
0.00
0.00
20.80
32.30
23.00
0.00
0.80
0.00
0.00
0.10
0.10
0.00
0.00
0.20
0.10
0.20
0.20
0.00
0.00
0.00
0.20
0.00
0.00
0.10
0.10
0.00
0.20
0.10
0.20
0.20
0.00
0.00
0.10
0.10
0.30
0.00
0.10
0.10
0.10
0.00
0.00
0.00
0.20
17.80
0.00
0.00
0.50
0.30
0.00
0.00
0.10
0.00
0.00
0.00
1.50
0.10
6.70
41.60
0.30
0.10
0.10
0.10
0.00
0.40
2.30
0.00
1.00
0.00
1.00
0.10
1.60
1.00
10.10
9.80
4.50
0.10
0.00
0.10
0.00
2.90
0.10
0.00
0.00
0.00
0.00
12.00
0.00
0.10
0.00
0.00
8.80
9.20
34.90
50.20
0.40
0.10
6.40
6.40
2.70
5.60
0.70
0.30
0.10
0.00
0.00
0.00
0.00
0.00
0.00
0.00
0.00
0.00
14.40
0.00
0.40
2.40
13.50
0.20
4.00
0.00
0.00
0.00
0.00
0.00
0.00
0.00
0.00
0.00
0.00
2.40
0.00
28.60
0.10
18.00
19.00
7.50
4.30
2.00
0.00
2.80
14.80
3.00
0.10
1.00
14.60
6.20
0.00
0.00
0.00
10.60
0.00
5.00
0.00
0.00
0.00
0.00
0.00
0.00
0.70
0.00
0.00
0.00
0.00
0.60
0.00
41.80
4.20
0.00
0.00
0.00
0.00
0.00
0.00
0.00
0.00
0.00
1.90
0.30
0.00
0.00
0.00
0.00
0.00
0.00
0.00
0.00
0.80
2.00
0.00
0.00
0.20
0.10
0.00
0.00
0.00
0.00
0.00
0.00
0.00
0.00
0.00
0.00
0.00
0.70
0.00
0.00
6.60
0.00
1.20
0.00
0.00
0.00
0.00
0.00
0.00
0.00
0.00
0.00
0.00
0.00
0.00
0.00
2.90
0.60
1.70
0.00
0.00
0.00
0.00
0.00
0.00
0.00
0.00
1.10
15.20
0.10
0.00
0.00
0.00
0.00
0.00
17.10
0.00
12.20
3.30
0.00
0.80
0.10
0.00
0.00
0.10
0.30
0.00
0.00
0.00
0.00
0.00
16.40
0.10
0.00
0.00
0.10
0.00
0.10
0.00
4.70
0.00
0.00
0.00
2.90
0.10
0.00
0.10
0.00
0.00
0.00
0.00
10.50
0.80
0.20
2.40
0.60
0.00
0.10
0.10
0.20
0.00
0.00
0.00
12.80
9.30
0.30
4.90
17.50
0.30
0.10
0.10
0.00
0.20
0.00
0.00
0.00
0.00
0.10
0.10
0.20
0.00
0.10
0.10
0.20
0.00
0.00
0.30
7.20
0.70
0.10
0.10
0.00
0.00
0.00
0.00
0.10
0.00
1.70
0.00
0.00
0.00
2.10
0.00
0.10
0.10
0.00
0.10
0.00
0.00
1.90
0.90
0.00
0.10
0.10
0.20
0.00
0.00
0.00
0.90
0.00
0.10
0.40
1.00
0.10
0.00
0.00
0.10
0.00
0.00
0.00
18.70
11.40
0.00
0.00
0.00
0.00
0.00
0.00
0.10
0.20
0.10
0.40
0.00
6.40
2.80
0.10
0.00
0.00
0.10
0.00
0.10
1.60
2.20
0.10
0.00
0.10
0.00
0.00
1.20
1.60
1.90
7.60
0.00
0.10
1.50
0.10
3.30
0.10
0.00
0.10
0.00
0.00
0.00
0.00
15.10
0.20
0.00
0.00
0.10
0.00
0.90
0.00
0.00
0.00
0.00
7.00
1.40
0.00
0.20
0.00
0.20
0.10
0.40
0.10
0.00
