20000101
0.00
0.00
0.00
0.00
0.00
0.00
0.00
0.20
1.40
0.00
0.00
0.00
0.00
2.20
3.00
0.00
0.00
0.00
0.00
0.00
0.00
0.00
0.00
0.00
0.00
0.00
0.00
0.00
0.00
0.00
0.00
0.00
0.60
0.00
0.00
0.00
0.00
0.00
0.00
0.00
0.00
0.00
0.00
0.00
0.00
0.00
0.00
0.20
0.00
0.00
0.00
0.00
0.00
0.00
0.00
0.00
0.00
0.00
0.00
0.00
0.00
0.00
0.00
0.00
0.00
0.00
0.00
0.00
0.00
0.00
0.00
0.00
0.00
0.00
0.00
0.00
0.00
0.00
0.00
0.00
0.00
0.00
0.80
7.60
0.20
0.00
23.60
12.40
2.20
0.00
0.80
0.00
3.00
3.00
4.60
4.40
7.40
0.00
0.00
0.00
0.70
12.90
0.00
0.00
0.00
0.00
8.80
13.80
0.00
0.00
0.00
0.00
0.00
0.20
0.00
0.00
0.00
8.90
16.50
0.00
0.00
0.00
0.00
0.00
0.00
1.40
0.20
0.00
0.00
0.00
47.80
0.00
0.00
0.00
0.00
0.00
0.00
14.60
0.40
0.00
0.00
1.60
3.40
0.20
1.00
4.60
0.80
10.60
0.00
0.00
0.00
0.00
0.00
0.00
0.00
0.00
8.40
0.00
0.00
0.00
10.70
45.90
1.20
0.00
0.80
5.60
0.00
0.00
0.00
0.00
0.00
0.00
0.00
0.00
0.00
0.00
0.00
0.00
0.00
0.00
3.60
0.20
0.00
0.00
0.00
1.20
0.00
0.00
0.00
0.00
0.00
21.60
-99.00
-99.00
-99.00
-99.00
-99.00
-99.00
-99.00
-99.00
-99.00
-99.00
-99.00
-99.00
-99.00
-99.00
-99.00
-99.00
-99.00
-99.00
-99.00
-99.00
-99.00
-99.00
0.00
0.60
2.20
0.00
0.00
0.00
0.00
0.00
0.00
0.00
3.80
0.00
0.00
0.00
0.00
0.00
0.00
0.00
0.00
0.20
0.00
0.00
0.00
0.00
0.00
0.00
0.00
0.00
3.80
0.60
0.00
0.60
14.00
0.20
0.00
0.00
0.00
0.00
0.00
0.00
0.00
14.80
0.00
0.00
0.00
0.00
0.00
9.60
17.00
0.20
0.00
0.00
0.00
0.00
0.00
0.00
4.40
1.80
1.80
7.40
0.00
0.00
0.00
0.00
0.40
0.00
0.00
0.00
0.00
1.00
6.80
0.00
8.40
0.00
15.40
0.00
0.00
0.00
0.00
0.00
22.60
19.40
11.40
0.00
0.00
0.00
0.00
0.00
0.00
0.00
1.20
0.00
0.00
0.60
0.00
0.00
2.60
0.00
0.00
0.00
0.00
0.00
0.00
0.40
1.80
0.00
0.00
0.00
0.00
0.00
0.00
0.00
0.00
1.80
0.00
0.00
0.10
0.10
0.00
8.20
5.40
0.00
0.00
0.00
0.00
0.00
0.40
3.40
0.00
0.00
0.00
0.00
0.00
0.00
0.00
0.00
0.00
0.00
0.00
0.00
7.60
36.60
24.00
30.20
11.00
0.00
0.00
0.00
0.00
0.00
0.00
0.00
0.00
0.00
0.00
0.00
0.00
3.40
1.60
0.00
0.00
0.00
0.00
0.40
3.20
9.00
12.40
7.60
0.00
0.00
0.00
0.00
0.00
0.00
0.00
0.00
0.00
0.00
0.00
7.00
0.80
0.00
0.00
0.00
0.00
0.00
0.00
0.00
0.00
0.00
0.00
0.00
0.00
0.00
0.00
2.60
19.00
1.80
0.00
0.00
0.00
0.00
0.00
0.00
0.00
0.00
1.40
0.20
0.00
0.00
0.00
0.00
2.20
0.00
0.00
0.40
0.00
1.60
2.40
0.00
1.60
0.00
11.80
0.00
0.00
0.00
0.20
0.00
0.00
0.00
0.00
0.00
0.00
0.00
0.00
0.00
10.20
1.40
2.60
2.40
0.00
0.00
0.00
0.00
0.00
0.00
0.00
0.00
5.20
0.00
0.00
0.00
0.00
0.00
0.00
0.00
0.00
1.80
1.60
0.00
12.20
2.80
0.60
0.00
0.00
0.00
0.00
0.00
0.20
0.00
0.00
8.20
5.80
0.00
2.40
0.20
7.60
0.00
0.00
0.00
0.00
0.80
1.60
0.80
0.00
0.00
0.00
0.00
1.00
1.40
0.00
4.40
0.00
16.20
17.40
8.80
0.00
0.00
0.00
0.00
0.00
0.00
1.60
0.00
0.00
0.00
0.00
0.00
0.00
0.00
0.00
0.60
31.20
0.00
0.00
4.40
0.00
0.40
0.00
0.00
0.00
0.00
0.00
0.00
0.00
0.00
0.00
0.00
0.00
17.80
0.00
0.00
0.00
0.00
0.00
1.80
0.00
0.00
0.00
0.00
0.00
2.20
0.00
0.00
0.00
0.00
14.20
24.00
0.20
0.00
0.00
11.60
0.00
0.00
0.00
0.00
0.00
0.00
0.00
0.00
7.60
0.00
0.00
0.00
0.00
0.00
0.00
3.00
0.00
0.00
0.00
0.00
0.00
0.00
0.00
0.00
0.00
0.00
0.00
0.00
0.00
17.80
0.00
0.00
0.00
0.00
0.00
0.00
0.00
0.00
0.00
0.00
0.00
35.20
0.20
0.00
0.00
42.80
0.20
0.00
0.00
0.00
0.00
0.00
0.00
0.00
0.00
0.00
0.00
0.00
0.00
0.00
0.00
0.00
0.00
22.00
13.40
0.00
0.60
1.60
0.00
0.00
2.60
0.00
0.00
0.00
0.00
0.00
0.00
0.00
0.00
0.00
0.00
26.40
0.60
0.00
0.00
0.00
0.00
0.00
0.00
0.00
17.00
1.80
13.00
0.00
0.00
0.00
0.00
0.00
0.00
0.00
0.00
0.00
0.00
0.00
0.00
0.00
0.00
0.00
0.00
0.00
0.00
0.00
0.00
0.00
5.60
0.00
0.00
0.00
23.80
23.60
29.60
0.00
0.40
0.00
0.00
0.00
0.00
0.00
0.00
0.00
0.00
0.00
0.00
0.00
0.00
0.00
0.00
0.00
0.00
0.00
0.00
0.00
0.00
0.00
0.00
0.00
0.00
6.00
7.80
0.00
0.00
0.00
0.00
0.00
0.00
0.00
0.00
0.00
0.00
0.00
0.00
0.00
0.00
0.00
0.00
0.00
0.00
5.20
3.40
0.00
0.00
0.00
0.00
0.00
0.00
0.00
0.00
0.20
0.00
0.00
0.00
0.00
0.00
0.00
0.00
0.00
0.00
0.00
0.00
0.00
0.00
0.00
0.00
0.00
0.00
0.00
0.00
0.00
0.00
0.00
5.60
2.80
0.00
0.00
0.00
0.00
0.00
0.00
0.00
11.60
0.00
5.20
0.60
0.00
0.00
0.00
0.00
0.00
0.00
0.00
0.00
0.00
0.00
0.00
0.00
5.40
0.00
0.80
27.40
0.00
0.00
0.00
0.00
0.00
0.00
0.00
2.80
1.20
0.00
0.00
0.00
0.00
0.00
0.00
0.00
0.00
0.00
0.00
0.00
0.00
0.00
3.80
7.60
0.00
0.00
0.00
1.00
46.60
0.80
0.00
0.00
21.00
0.40
12.60
23.80
30.00
1.80
10.00
8.80
1.40
0.00
0.00
0.00
0.00
0.00
0.00
0.00
0.00
0.00
0.00
0.00
0.00
0.00
0.00
0.00
34.00
18.60
3.60
8.20
1.00
1.40
37.60
69.60
3.60
10.40
13.00
0.00
0.00
0.00
0.00
0.00
0.00
9.00
0.00
0.00
0.00
0.00
16.40
0.00
0.00
10.60
2.60
0.00
0.00
0.00
0.00
0.00
0.00
0.00
7.60
53.40
4.00
0.00
33.00
0.00
0.00
0.00
0.00
0.00
0.00
-99.00
-99.00
-99.00
0.00
0.00
0.00
0.00
0.00
0.00
0.00
0.00
0.00
0.00
0.00
24.40
0.40
0.00
0.00
0.00
0.00
0.00
0.20
0.00
0.20
0.00
0.00
0.00
19.60
22.40
0.20
0.00
0.00
0.00
0.00
0.00
0.00
0.00
0.00
0.00
0.00
0.00
0.00
0.00
0.00
0.00
31.80
23.40
24.40
0.00
0.00
0.40
20.40
1.00
0.00
23.40
36.80
0.20
0.00
0.00
0.00
0.00
1.20
0.00
0.00
0.00
22.20
0.20
0.00
6.00
0.00
9.20
7.40
30.60
8.20
0.80
0.00
11.60
2.60
0.00
0.00
49.80
2.50
26.10
0.00
1.00
0.20
13.80
0.00
0.00
35.00
0.80
0.00
0.00
0.00
5.20
0.00
0.00
1.30
3.10
0.40
0.00
0.00
0.00
0.00
0.00
0.00
0.00
0.00
0.00
0.00
0.00
0.00
0.00
0.00
0.00
0.00
44.20
10.80
0.00
0.00
0.00
0.00
0.00
0.00
0.60
0.00
0.00
0.00
7.00
0.00
9.40
0.00
0.00
0.00
0.00
0.00
0.00
0.00
1.80
0.00
0.00
0.60
0.20
0.00
4.80
1.80
0.00
0.00
0.00
0.00
0.00
0.20
5.60
0.20
0.00
0.00
0.00
0.00
8.80
0.00
0.00
0.00
24.20
0.00
0.00
0.00
0.00
0.20
0.00
0.00
0.20
0.00
0.00
0.00
0.00
0.00
0.00
0.40
43.20
0.40
0.00
0.00
0.00
0.00
0.00
0.00
0.00
0.20
0.00
0.00
0.00
0.00
0.00
0.00
0.00
0.00
0.00
0.00
1.80
0.20
0.00
0.00
0.00
0.00
0.40
26.20
0.00
6.00
0.00
0.00
0.00
0.00
0.00
0.00
0.00
0.00
0.00
0.00
5.20
0.00
0.20
0.00
0.00
0.00
0.00
1.00
0.00
0.00
0.00
0.00
0.00
0.00
0.00
0.00
1.20
0.00
0.00
0.00
0.00
0.00
1.00
0.00
0.00
0.20
0.00
0.00
0.00
3.20
0.60
9.60
79.60
5.80
0.00
0.00
0.20
13.20
59.30
0.10
0.00
0.00
0.40
0.20
0.00
0.00
6.40
0.00
0.00
0.00
0.00
0.00
0.00
0.00
0.00
4.40
0.00
0.00
0.00
0.00
0.00
0.00
0.00
0.00
0.00
0.00
0.00
0.00
26.00
0.20
2.60
0.00
0.00
2.80
0.20
0.00
0.00
0.00
0.00
0.00
11.60
6.80
0.00
0.00
0.00
2.10
0.10
0.00
0.00
0.00
0.20
0.00
0.00
0.00
0.00
0.00
0.00
2.20
0.20
0.00
0.00
0.20
0.00
0.00
0.00
0.00
0.00
0.10
7.70
0.00
0.00
0.00
17.40
0.20
0.40
0.20
0.00
19.50
3.50
0.00
20.20
0.00
0.00
0.00
0.00
1.20
14.20
0.20
0.00
0.00
0.00
0.00
0.00
0.00
10.40
0.00
0.00
1.20
6.60
0.00
0.00
0.00
0.00
0.00
0.00
0.00
0.00
3.20
0.00
8.00
0.00
0.00
0.00
0.00
0.00
0.00
0.00
0.00
0.00
46.00
1.80
0.00
0.00
0.00
5.60
14.00
0.00
0.20
10.60
3.00
0.60
0.80
0.00
0.00
0.00
0.00
0.00
0.00
0.00
0.00
0.00
0.00
4.00
0.00
0.00
4.40
0.00
0.00
0.00
0.00
0.00
0.00
7.00
0.00
0.00
0.00
0.00
0.00
0.00
0.00
0.00
0.00
0.00
0.00
0.00
0.00
0.00
0.00
0.00
0.00
33.40
18.00
0.20
76.40
1.00
0.00
0.00
9.20
0.00
11.20
0.00
0.00
0.00
0.00
15.70
26.30
8.60
0.00
0.20
8.00
19.00
5.20
0.00
0.20
0.00
0.00
0.00
0.00
0.00
0.00
0.00
0.00
0.00
0.00
0.00
0.00
6.20
0.40
0.20
0.00
0.00
11.80
21.60
1.00
2.10
16.90
0.00
0.00
12.00
0.00
0.00
0.00
0.00
0.00
0.00
0.00
0.00
5.60
0.00
28.20
4.60
137.40
18.20
16.00
0.00
0.00
0.20
0.00
0.00
0.00
12.20
0.60
3.00
0.00
0.00
6.20
0.20
0.00
0.00
0.00
0.00
0.00
0.00
0.00
1.80
0.00
0.00
0.80
0.00
0.00
0.20
24.80
0.00
0.00
0.00
0.00
2.40
8.00
7.60
5.60
0.00
0.00
5.60
0.00
0.00
0.00
9.00
1.20
41.40
50.80
4.80
0.00
6.20
4.20
0.00
0.00
0.00
0.00
0.00
0.00
0.00
0.00
0.00
0.20
0.40
0.00
0.00
0.00
0.00
0.00
0.00
0.00
0.00
1.60
0.00
0.00
0.00
0.00
0.00
0.00
0.00
0.00
0.00
0.00
0.00
0.00
0.00
0.00
0.00
0.00
0.20
0.00
0.00
4.60
0.00
0.00
0.00
0.00
0.00
0.00
0.40
0.00
0.00
7.00
0.00
0.00
0.00
0.00
0.00
0.00
0.00
0.00
0.00
0.00
0.00
0.00
0.00
0.00
0.00
0.00
0.00
0.00
0.00
15.00
0.00
0.00
4.20
47.20
11.00
0.00
7.00
0.00
0.80
16.20
1.20
0.20
0.00
0.00
0.00
0.00
0.00
0.00
6.40
0.20
0.00
0.00
0.00
0.00
0.00
3.60
0.00
0.00
0.00
0.00
0.00
0.00
0.00
0.00
0.20
0.00
0.00
5.40
0.00
6.40
0.00
35.60
40.20
2.80
0.00
6.20
0.00
0.00
0.00
0.00
16.00
6.80
0.00
1.80
0.00
0.40
0.00
6.80
0.00
65.80
0.00
19.20
0.20
0.00
0.00
6.80
0.00
0.00
0.00
0.00
0.00
3.00
20.80
0.00
0.00
0.40
19.20
1.60
25.00
0.00
1.20
0.00
0.00
0.00
12.80
4.20
0.20
0.00
0.00
0.00
0.00
0.00
0.00
0.00
7.80
29.40
0.00
0.00
0.00
0.00
5.60
0.00
8.60
4.00
3.40
0.80
-99.00
0.00
0.00
0.00
0.00
0.00
0.00
0.00
0.00
10.40
34.20
0.00
4.20
2.20
0.40
0.00
0.00
40.80
1.20
0.00
0.00
0.00
2.00
0.00
0.00
0.00
0.00
0.00
0.00
0.00
0.00
0.00
0.00
0.00
2.00
0.00
0.00
0.00
7.90
7.50
0.00
0.00
0.00
0.00
1.40
0.00
0.00
0.00
0.00
0.00
0.00
0.00
8.20
0.00
0.00
0.00
0.00
2.60
0.00
0.00
0.00
0.00
0.00
8.20
1.60
0.00
0.00
0.00
0.00
0.20
0.00
0.00
0.00
0.00
0.20
0.00
0.40
0.00
0.00
0.00
0.00
0.00
0.60
0.00
0.00
0.00
0.00
2.40
7.60
16.00
0.40
9.80
0.20
7.60
0.00
0.00
1.00
0.60
0.00
0.00
0.00
1.20
3.20
0.00
1.00
46.00
0.00
0.00
0.00
0.00
0.00
0.00
0.00
0.00
0.00
0.00
0.00
0.00
0.00
0.00
0.00
0.00
0.00
0.00
0.00
0.00
0.00
0.00
0.00
0.00
0.00
18.40
14.80
0.20
1.00
0.00
0.00
0.00
0.00
0.00
0.00
0.00
0.00
0.00
0.00
3.80
7.80
0.00
0.00
0.00
4.00
7.40
0.00
0.00
0.00
0.00
0.00
0.00
0.00
0.00
0.00
0.00
0.00
0.20
0.00
0.00
0.00
0.00
0.00
0.00
0.00
0.00
0.00
0.00
0.00
0.00
0.00
0.00
0.00
0.00
7.80
0.00
24.00
0.20
0.00
4.40
0.40
0.40
34.00
18.60
8.60
-99.00
-99.00
-99.00
0.00
0.00
0.00
0.00
0.00
0.00
0.00
0.00
0.00
0.00
0.00
0.00
0.80
0.00
0.00
0.00
0.00
0.00
0.00
0.00
0.00
0.00
0.00
0.00
0.00
0.00
0.00
0.00
0.00
0.00
0.00
0.00
0.00
0.00
0.00
0.00
0.40
0.00
0.00
0.00
0.00
0.00
0.00
0.00
0.00
0.00
0.00
0.00
0.00
0.00
0.00
0.00
0.00
0.00
0.00
10.20
30.20
16.00
2.80
0.00
0.00
0.00
0.00
0.60
0.00
0.00
0.00
0.00
0.00
0.00
0.00
0.00
0.00
2.40
0.00
0.20
0.00
0.00
0.00
0.00
9.40
0.00
0.00
0.00
0.00
0.00
0.00
0.00
1.00
0.00
0.00
0.00
0.00
0.00
0.00
0.00
0.00
0.00
0.00
0.00
0.60
0.00
0.00
0.00
3.10
3.10
2.70
3.90
2.20
0.00
1.00
2.10
1.10
0.00
0.00
0.00
14.20
0.00
0.00
0.00
0.00
0.00
0.00
10.20
0.20
0.00
4.60
0.00
0.00
0.00
0.00
0.00
1.40
0.00
0.00
0.00
0.00
0.00
0.00
0.00
0.00
0.00
17.80
0.00
0.00
0.00
0.00
0.00
3.20
0.60
0.00
1.30
0.10
0.00
5.50
34.90
0.00
0.00
0.00
0.00
11.40
0.40
0.00
0.00
0.00
0.00
0.00
0.00
0.00
0.00
0.00
0.00
0.00
0.00
0.00
2.40
0.40
0.00
0.00
0.00
0.40
0.00
0.00
8.20
0.00
0.00
0.00
0.00
0.00
0.80
2.60
0.00
0.00
0.00
0.00
0.00
0.00
0.40
0.00
0.00
0.00
0.00
0.00
3.60
0.00
0.00
0.40
14.40
17.60
0.00
0.00
0.00
0.00
0.00
0.00
0.00
0.00
0.00
0.00
0.00
0.00
2.60
0.20
0.00
0.00
0.00
0.00
0.00
0.00
0.00
0.00
17.00
3.20
0.00
0.00
0.00
0.00
0.00
0.00
0.20
1.20
8.40
12.60
6.20
0.00
0.00
0.00
1.00
2.60
1.40
36.80
0.00
0.00
0.00
0.00
0.00
0.00
10.60
0.00
0.00
0.00
0.00
0.00
0.00
0.00
0.00
0.00
11.00
37.20
11.80
0.20
0.00
2.00
0.20
8.20
0.00
0.00
0.80
2.60
0.00
0.00
0.00
0.00
0.00
0.00
0.00
53.40
0.20
0.00
0.00
2.00
0.00
13.60
1.00
0.00
0.00
0.20
1.80
0.20
0.00
0.00
0.00
0.60
22.00
67.20
29.00
14.00
0.00
0.00
13.00
0.00
0.00
0.00
0.00
1.20
0.00
0.00
0.00
0.00
0.00
0.00
0.00
1.60
0.00
0.00
0.00
3.60
0.00
0.00
0.00
0.00
9.80
0.80
0.00
6.60
41.60
74.20
5.60
0.00
0.00
0.00
0.00
0.00
0.00
0.00
0.00
0.00
0.40
0.60
0.00
0.00
0.00
0.00
0.00
2.20
1.80
0.00
0.00
0.00
0.00
0.00
0.00
0.00
0.00
0.00
0.00
0.00
0.00
0.00
0.00
0.00
0.00
0.00
0.00
0.00
0.00
0.00
0.00
0.00
0.00
0.00
0.00
0.00
0.00
0.00
0.00
0.00
0.00
0.00
0.00
34.40
21.00
0.00
0.40
0.00
0.00
0.00
0.00
0.00
0.00
0.00
0.00
0.00
0.00
0.00
0.00
0.00
0.00
0.00
0.60
10.60
36.20
67.80
31.20
0.00
0.00
0.00
0.00
0.00
0.00
0.00
0.00
0.00
0.00
0.00
0.00
0.00
0.00
0.00
0.00
0.00
0.00
0.00
3.00
0.00
5.40
0.00
0.00
0.00
0.00
3.80
0.00
0.00
0.00
0.00
0.00
0.00
1.60
0.00
0.00
0.00
12.40
0.00
6.20
0.00
0.00
0.00
0.00
0.00
0.00
7.80
5.20
0.00
17.40
7.60
0.00
0.00
0.00
0.00
0.00
0.00
0.00
0.00
0.00
0.00
21.00
0.00
0.00
20.80
0.80
6.20
0.00
0.00
0.00
0.00
0.00
0.00
0.00
0.00
0.00
0.00
0.00
0.00
15.40
0.00
0.00
0.00
0.00
0.00
0.00
0.00
0.00
0.00
0.00
0.00
0.00
0.00
0.00
0.00
1.00
0.00
0.00
0.00
0.00
0.00
0.00
0.40
0.00
0.00
0.00
0.00
0.00
0.00
0.00
0.00
0.00
0.00
0.00
0.00
0.00
0.00
0.00
0.00
6.80
5.60
0.00
0.00
0.00
0.00
0.00
0.00
0.00
0.00
0.00
0.00
0.00
0.00
0.00
0.00
2.80
2.00
0.00
0.00
0.00
0.00
0.00
3.40
0.00
0.00
0.00
0.00
0.00
0.40
0.00
0.00
5.20
0.00
0.00
0.00
0.00
0.00
0.00
15.00
0.00
0.00
0.00
0.00
0.40
0.60
7.80
0.00
0.00
0.00
0.00
0.00
0.00
0.00
17.60
8.80
0.60
0.00
0.00
0.80
4.60
0.00
0.00
0.00
0.00
0.00
0.00
0.00
0.00
0.00
0.80
0.00
14.00
0.00
11.60
0.00
0.00
25.80
0.00
0.00
0.00
0.00
0.00
0.00
0.00
5.20
25.20
1.80
0.40
0.00
0.00
0.00
0.00
0.00
0.00
0.00
0.00
0.00
0.00
0.00
0.00
34.60
0.00
0.00
0.00
4.40
95.00
9.80
9.20
0.40
0.00
0.00
0.00
0.00
0.00
2.40
9.80
3.40
0.80
0.00
0.00
0.00
0.00
0.00
0.00
0.00
0.00
2.40
0.00
0.00
0.00
0.00
0.00
0.00
3.00
19.20
1.00
0.00
0.00
0.00
0.00
13.80
0.00
0.00
0.00
0.00
0.00
0.00
0.00
0.00
0.00
0.00
0.00
0.00
0.00
0.00
0.00
0.00
0.00
0.00
0.00
0.00
0.00
0.00
0.00
0.00
0.00
0.00
0.00
0.00
0.60
1.00
0.00
0.00
0.00
0.00
0.00
0.00
0.00
0.00
0.00
0.00
0.00
0.00
0.00
0.00
0.00
0.00
0.00
0.00
6.00
0.00
0.40
0.00
0.00
0.00
1.60
0.00
0.00
14.80
0.20
0.00
0.00
0.00
0.00
0.00
0.40
0.00
0.00
0.00
0.00
0.00
0.00
0.00
0.00
0.00
0.00
0.00
0.00
0.00
0.00
0.00
0.00
0.00
0.00
0.00
0.00
0.00
0.00
0.00
0.00
0.00
0.00
0.00
0.00
0.00
0.00
0.90
0.00
0.00
0.00
0.00
0.00
0.00
0.00
0.00
0.60
0.00
0.00
0.00
0.00
1.70
1.70
0.10
2.70
0.50
0.10
0.10
0.10
0.50
0.00
0.00
0.00
9.40
1.00
0.00
0.00
0.10
0.00
3.90
0.00
3.50
0.00
0.00
0.00
0.00
0.00
0.00
0.00
0.00
0.00
0.00
0.00
0.00
0.00
0.00
0.00
-99.00
0.00
0.00
0.00
0.00
0.00
1.40
0.00
0.00
0.00
0.00
0.00
1.80
1.00
0.00
4.20
0.00
12.00
9.00
3.20
27.50
38.10
7.60
1.60
0.00
-99.00
-99.00
0.20
5.00
1.20
37.00
30.60
19.80
0.00
0.00
0.00
0.20
0.00
0.00
0.00
0.00
0.00
0.00
0.00
0.00
0.00
0.20
0.20
0.40
25.20
4.00
0.40
1.60
0.20
0.00
0.00
0.00
0.00
0.00
0.00
0.00
0.00
40.00
0.20
0.00
0.00
0.00
0.20
0.00
0.40
0.00
6.20
0.00
0.00
20.20
13.40
0.60
0.00
0.00
0.60
1.20
0.00
0.00
12.40
0.00
10.20
0.00
0.00
4.20
0.00
0.00
2.80
0.00
0.00
0.60
0.00
0.00
0.60
0.00
0.00
0.00
0.00
0.00
0.00
0.00
1.00
0.00
0.00
2.20
0.20
0.00
0.00
0.00
0.20
0.00
0.00
0.00
0.00
0.00
0.80
4.80
0.00
0.00
0.00
0.00
0.00
8.60
0.00
0.00
0.00
0.20
0.20
0.00
0.20
0.00
0.00
0.00
0.00
5.60
0.00
0.00
0.00
0.00
0.00
0.00
0.00
25.60
1.40
11.20
0.00
0.00
0.00
41.40
0.00
0.00
0.00
1.40
0.00
0.00
20.60
0.00
6.20
2.40
1.20
15.20
0.00
0.00
0.00
0.00
0.00
5.20
0.00
0.00
0.00
2.00
0.00
0.00
0.00
0.00
0.00
0.00
0.00
0.00
0.00
0.00
4.20
0.00
0.00
0.60
0.00
0.00
0.00
0.00
23.00
0.00
0.40
0.00
0.00
0.00
0.00
0.00
0.00
0.00
0.00
0.00
5.80
11.20
0.00
5.20
7.80
0.20
38.00
0.00
0.00
0.00
0.00
0.00
0.00
0.20
0.00
0.00
0.00
0.00
0.00
0.00
0.00
2.80
1.20
0.00
0.00
0.00
0.00
0.00
0.00
0.00
0.00
0.00
10.40
0.00
0.00
0.00
0.00
0.00
0.00
0.00
0.00
0.00
0.00
0.00
0.00
0.00
0.00
2.00
0.80
3.60
0.40
0.00
0.00
0.00
0.00
0.00
0.00
0.00
0.00
0.00
0.00
0.00
0.00
0.00
0.00
0.00
0.00
0.00
0.00
0.00
0.00
0.00
7.60
0.00
0.00
0.20
0.00
0.80
7.80
24.00
0.40
0.00
0.00
0.00
0.00
0.00
0.00
0.00
0.00
0.00
0.00
17.00
0.20
0.00
0.00
0.00
0.00
0.80
0.00
2.40
1.00
0.00
0.00
0.00
0.80
0.00
0.00
0.00
0.00
0.00
0.00
0.00
0.00
0.00
0.00
0.00
0.00
0.00
0.00
0.00
0.00
0.00
5.00
11.10
0.00
0.00
0.00
0.00
0.00
0.00
0.00
0.00
0.00
0.00
0.00
0.00
0.00
0.00
0.80
0.40
0.00
0.00
0.00
0.00
2.20
1.20
0.00
0.00
5.20
0.00
0.00
0.00
0.60
0.00
0.00
0.00
0.00
6.20
0.20
0.00
0.00
0.00
0.00
0.00
0.00
0.00
1.80
10.40
0.00
0.00
10.40
0.20
0.00
0.00
14.00
0.00
0.00
0.00
23.60
4.50
0.00
0.00
0.00
0.00
0.00
0.00
0.00
0.00
0.40
9.40
10.60
0.00
0.00
5.80
0.00
0.00
1.40
6.40
0.00
1.60
35.80
2.80
7.60
0.00
0.00
0.00
0.00
11.80
0.40
0.20
0.40
0.00
0.00
0.00
0.00
0.20
0.00
0.00
16.60
39.60
4.00
0.00
1.80
0.00
0.80
1.60
26.20
2.00
0.00
0.20
2.00
7.80
0.00
3.00
46.60
2.40
10.70
0.00
0.00
0.00
0.20
8.40
38.20
3.20
0.00
8.80
0.00
19.20
0.00
0.00
5.20
0.00
0.00
23.00
0.40
9.40
0.80
6.20
0.00
0.00
0.00
0.00
0.00
0.00
0.00
0.00
6.00
9.00
0.00
0.00
47.80
0.00
0.00
0.20
0.00
0.00
5.00
2.90
0.00
0.00
0.00
3.20
31.60
1.80
0.00
0.00
0.00
0.00
0.00
0.00
0.40
1.40
0.00
0.00
0.00
29.00
0.20
0.00
0.00
0.00
0.00
0.00
0.00
0.00
0.00
1.20
0.00
0.00
0.00
0.00
0.00
5.20
5.20
0.00
0.00
0.80
9.00
0.00
0.20
0.00
0.00
0.00
0.00
61.80
0.00
0.00
0.00
0.00
0.00
0.00
0.00
0.20
0.60
0.60
0.00
0.00
0.00
0.00
0.80
0.20
0.00
0.00
0.00
15.60
3.00
0.20
0.00
0.00
0.00
0.00
0.20
0.20
0.00
0.00
0.00
0.20
0.00
0.00
0.00
0.00
0.00
0.00
0.00
0.00
0.00
0.00
0.00
0.00
0.00
0.20
9.40
0.00
0.00
0.00
0.00
1.20
1.20
0.20
3.40
2.00
3.80
0.00
0.00
0.00
0.00
3.00
0.00
0.20
0.00
0.00
12.60
4.80
0.20
4.60
12.00
75.80
0.00
0.00
0.40
1.60
0.00
0.00
0.00
0.00
0.00
14.40
0.40
0.00
0.00
0.00
0.00
0.00
0.00
0.00
0.00
0.00
0.00
0.00
0.00
0.00
1.00
1.00
0.00
0.00
2.00
0.40
0.00
0.00
0.00
0.00
0.00
0.00
13.20
0.00
0.00
0.00
0.60
5.60
0.40
0.00
0.00
0.00
0.00
0.00
0.40
0.30
0.00
0.00
0.00
25.60
84.60
34.90
8.90
0.90
0.00
0.00
0.00
0.00
0.00
0.00
6.20
2.80
0.00
5.40
10.40
0.10
0.00
0.00
0.00
0.00
0.00
0.00
0.00
1.20
1.30
0.10
0.70
2.10
0.40
3.20
0.10
0.00
0.00
0.00
0.20
24.60
21.00
2.90
17.50
0.00
0.30
0.00
0.00
0.00
0.00
1.20
0.10
0.00
0.00
0.00
0.00
0.00
0.00
0.00
0.00
0.00
0.00
0.00
0.00
0.00
0.00
0.00
0.00
0.00
2.60
0.60
1.90
2.50
0.00
0.00
0.00
0.00
0.00
0.00
0.00
0.00
0.00
0.00
0.00
0.00
0.00
0.00
0.00
0.00
0.00
0.00
0.00
0.00
0.00
0.00
0.00
24.90
2.10
0.00
12.60
1.50
13.50
0.00
0.00
0.00
0.00
26.60
7.70
0.00
7.60
21.00
10.00
0.10
0.00
3.10
0.20
8.60
2.10
0.90
0.20
0.10
0.00
0.00
0.00
0.00
20.40
0.20
10.30
0.60
19.00
2.00
0.00
0.00
0.00
0.00
0.00
2.30
0.00
0.20
1.10
0.00
0.10
0.10
8.00
0.00
0.00
0.60
0.10
0.00
0.00
0.00
0.00
0.00
0.00
0.00
0.50
0.00
0.00
0.00
0.00
7.90
0.00
0.00
0.00
0.00
8.40
0.60
0.10
0.90
0.00
0.30
0.00
0.00
0.50
0.00
0.00
0.50
0.00
0.00
10.60
0.80
0.00
0.00
0.00
11.80
7.60
35.10
0.00
0.30
0.00
3.90
0.80
0.60
0.00
7.80
17.90
10.80
2.80
5.00
0.20
0.00
0.00
0.00
0.00
4.60
0.00
0.00
0.00
0.00
0.00
0.00
0.60
0.00
0.00
0.00
0.00
0.00
0.00
0.00
1.40
0.00
0.00
0.00
0.00
0.00
0.00
0.00
0.00
2.70
1.00
1.00
9.50
0.00
0.00
0.00
0.00
0.10
0.00
0.50
0.00
0.00
0.00
0.00
0.30
0.00
0.00
6.90
0.40
1.40
0.00
0.00
0.00
0.00
2.40
0.00
0.00
0.10
0.00
0.00
0.00
0.00
0.00
0.00
0.00
3.90
3.00
24.50
1.40
0.40
7.40
1.40
3.50
3.50
0.40
0.00
0.40
0.00
0.00
3.70
0.00
0.00
0.00
0.00
0.00
0.00
0.00
0.00
0.00
0.00
0.00
1.50
3.40
0.00
0.00
0.00
0.00
0.00
0.00
0.00
0.00
0.00
0.00
15.20
17.50
3.90
0.00
0.00
0.00
0.00
0.00
0.00
0.00
0.00
0.00
0.00
1.00
0.00
2.50
5.70
0.00
8.70
0.00
0.00
0.00
0.00
0.00
0.00
0.00
0.00
0.00
0.00
0.00
0.00
0.00
0.00
0.50
0.00
0.00
0.00
0.00
0.00
1.10
0.20
1.90
0.00
0.00
0.00
0.00
0.00
0.00
0.00
0.00
0.00
0.00
0.00
0.00
0.00
0.00
0.00
0.00
0.00
0.00
0.00
0.00
1.90
0.10
3.70
7.20
0.00
3.40
0.00
0.10
0.00
0.30
0.00
0.00
0.00
0.00
0.20
8.70
0.20
6.90
0.00
0.00
0.00
0.00
0.40
0.00
3.50
0.00
0.00
0.00
0.00
0.00
3.70
0.00
0.00
0.00
1.60
0.10
0.10
0.00
0.00
0.00
0.00
6.30
1.20
0.00
0.00
4.40
0.10
0.00
0.00
11.60
15.00
0.10
4.00
0.00
0.00
0.00
2.60
12.20
0.20
6.40
9.90
0.00
0.20
0.00
0.00
0.00
0.00
0.00
0.00
0.00
0.00
3.70
28.90
2.00
2.30
0.00
8.90
27.10
0.00
0.00
0.00
0.00
0.00
0.00
0.00
0.00
0.00
0.00
0.00
0.00
7.50
6.10
0.00
0.00
0.00
0.00
0.00
0.00
0.00
1.30
0.00
6.10
0.00
3.20
14.90
0.00
0.00
0.40
0.00
0.00
0.00
0.30
14.80
1.50
0.00
0.30
0.60
0.10
0.00
0.30
0.00
0.00
0.00
0.40
1.00
0.10
0.10
0.00
0.20
0.10
0.10
19.90
20.90
31.90
21.90
14.60
0.80
0.10
1.00
0.60
1.10
0.10
7.50
17.10
0.00
0.10
0.00
0.10
0.00
0.00
0.00
0.00
0.00
0.00
0.00
0.00
0.00
1.60
3.40
0.00
0.00
0.00
0.00
0.00
0.00
0.00
0.00
0.30
0.00
0.00
5.00
6.00
2.70
0.00
3.70
36.60
0.90
0.00
0.40
20.10
11.20
0.00
0.00
0.00
0.10
0.00
0.00
0.00
20.00
1.00
0.00
9.10
4.40
0.00
0.00
15.50
0.00
0.00
0.00
0.00
0.00
0.00
0.00
0.00
0.00
0.00
0.00
0.00
0.00
0.00
0.00
0.00
0.00
0.20
10.60
0.00
0.00
0.00
0.00
3.00
0.00
0.00
0.00
0.00
7.60
0.00
0.00
0.00
0.00
0.00
0.00
11.40
0.70
26.90
12.30
0.10
7.80
0.00
0.00
0.00
6.90
5.70
0.00
0.00
0.00
0.00
0.00
0.00
0.10
0.00
0.00
0.00
0.00
0.00
0.00
0.00
0.00
0.00
0.00
0.10
8.00
5.60
0.10
0.00
0.00
0.60
0.00
0.00
0.00
37.30
26.20
1.00
0.00
1.20
3.10
0.00
0.00
25.40
0.00
0.00
0.00
0.00
0.00
0.00
0.00
0.00
0.00
1.80
0.00
0.00
0.00
0.00
3.10
81.40
112.70
32.70
1.70
0.00
0.00
0.00
0.10
0.00
0.00
0.00
0.00
0.00
0.00
0.00
0.00
0.00
0.00
0.00
0.00
0.10
4.90
0.00
0.00
0.00
0.00
0.00
0.00
4.20
0.00
0.00
0.00
0.00
0.00
0.00
0.00
7.90
0.10
0.10
0.10
0.00
0.90
0.10
0.00
0.00
0.00
0.10
0.00
0.00
0.10
0.40
15.30
0.10
0.10
0.00
0.10
0.00
0.00
0.00
0.00
0.00
0.00
0.00
0.00
0.00
0.00
0.00
0.00
0.00
0.00
0.00
0.10
0.40
13.40
7.70
3.70
0.10
0.00
0.00
0.00
0.00
0.50
4.20
0.00
0.20
0.00
0.00
0.00
0.00
0.00
0.00
0.10
0.00
0.00
0.00
0.00
0.00
0.00
0.00
0.00
0.00
0.00
0.00
0.00
0.00
0.00
0.00
0.00
0.00
4.70
23.20
8.00
6.20
0.20
0.00
0.00
0.00
0.00
0.00
0.00
0.00
0.00
0.10
0.10
0.00
0.00
0.10
2.50
0.00
0.00
3.00
0.10
0.00
0.20
0.20
0.00
0.00
0.00
0.00
0.00
0.00
0.00
0.00
6.70
3.10
1.40
0.50
0.00
0.10
4.20
0.00
0.00
0.00
70.50
0.80
31.50
76.20
2.50
0.00
0.00
0.00
0.00
0.00
1.80
0.00
0.00
0.00
1.00
0.30
4.10
14.20
0.20
0.00
0.00
0.00
0.00
0.00
0.00
0.00
0.00
0.00
0.00
9.10
0.10
0.00
0.00
0.00
0.00
0.00
0.00
0.00
0.00
0.00
0.90
5.90
18.80
4.00
1.10
0.20
0.60
15.10
7.40
0.00
0.00
0.00
0.20
0.10
8.70
0.00
1.80
0.00
0.00
0.30
0.00
37.10
0.10
49.60
0.40
0.00
0.00
0.00
0.00
0.00
0.00
0.20
0.00
0.00
0.00
0.40
0.20
0.00
0.00
9.10
12.60
0.10
0.00
0.10
13.20
9.10
4.70
25.70
25.50
0.10
23.20
0.60
0.30
7.10
0.00
0.00
0.70
0.10
0.00
0.00
0.00
0.00
0.00
0.00
0.00
0.00
0.00
0.00
0.00
0.00
0.00
0.00
0.00
1.70
5.20
0.10
6.20
0.00
0.00
0.00
0.00
0.00
16.00
13.80
0.60
0.00
0.00
1.60
0.10
6.00
0.00
1.10
0.50
0.00
0.00
1.80
49.80
7.30
0.00
0.00
18.00
0.00
0.00
0.00
5.00
0.10
24.90
0.00
0.20
0.00
0.00
0.00
0.00
0.00
0.00
4.00
0.10
0.00
0.00
0.00
0.00
0.00
0.00
0.00
0.00
0.10
0.00
0.00
0.00
0.00
8.60
0.00
9.90
0.00
0.00
0.40
19.10
2.80
0.00
0.00
0.00
0.00
0.00
0.00
0.00
0.00
0.00
0.00
0.00
0.00
81.90
0.20
0.00
0.00
0.00
0.00
10.10
0.00
0.00
0.00
0.00
0.00
0.00
0.10
0.00
0.00
0.00
0.00
0.00
0.00
0.00
0.00
0.00
0.00
0.00
0.00
0.00
0.00
0.00
0.00
0.00
7.20
0.00
0.00
0.00
1.20
6.50
0.20
0.00
19.10
21.90
0.40
0.10
0.00
0.00
0.90
28.90
27.10
5.40
17.40
0.10
0.10
0.00
0.10
0.10
0.00
0.60
2.50
47.50
12.80
0.10
0.00
4.30
12.80
56.20
24.00
0.00
0.00
0.00
0.00
0.00
0.00
0.10
0.00
0.00
0.00
0.00
0.30
0.00
0.00
0.00
0.00
0.10
0.00
0.00
0.00
0.00
0.00
0.00
0.00
0.00
0.00
0.00
0.00
0.00
0.00
0.00
0.00
0.10
0.00
0.00
0.10
0.00
0.00
0.00
0.00
0.00
0.00
0.00
0.00
0.00
0.00
0.00
0.00
0.10
0.10
0.10
0.10
0.00
0.00
5.50
4.30
0.00
0.00
0.00
0.00
0.00
0.00
0.00
0.00
0.00
0.00
6.50
0.00
0.00
0.00
0.10
0.30
0.00
0.00
0.00
0.00
0.00
0.00
0.00
0.00
0.00
0.00
0.00
0.00
0.00
0.00
0.00
0.00
0.30
0.00
0.00
0.00
0.00
0.00
0.00
0.00
0.00
0.00
0.00
0.00
0.00
1.10
0.00
0.00
0.00
0.00
0.00
0.00
0.00
0.00
0.00
0.00
0.00
0.00
0.00
0.00
0.00
0.00
7.00
38.40
27.70
0.00
0.00
0.00
0.00
0.00
0.00
0.00
0.00
0.00
0.00
0.00
5.80
21.60
1.00
0.90
1.30
0.00
0.00
0.20
0.00
1.50
0.60
1.30
0.00
0.00
0.10
0.70
4.20
2.30
0.00
0.00
0.10
2.00
0.00
0.00
0.00
7.10
0.10
7.50
0.00
0.00
0.00
0.00
0.00
13.90
0.00
0.00
0.00
0.00
0.00
0.00
3.00
3.80
0.00
0.00
2.30
0.30
0.00
12.60
5.80
0.10
0.00
0.00
0.00
0.30
0.00
16.40
0.00
8.60
0.00
0.00
0.00
22.20
0.10
0.00
0.00
0.00
0.00
0.00
0.10
3.10
12.20
0.00
0.00
0.00
0.00
0.00
0.00
0.20
0.70
0.00
0.00
0.00
0.00
0.00
0.00
0.00
0.00
0.00
0.00
3.70
0.00
0.00
0.00
2.40
0.00
0.00
0.00
0.00
0.00
0.00
0.00
0.00
0.00
0.00
0.00
0.00
0.00
0.00
0.00
0.00
0.00
0.00
0.00
0.00
0.00
0.10
0.00
0.00
0.00
0.00
0.00
0.00
0.00
0.00
1.10
15.20
0.00
0.00
0.00
0.00
1.70
0.00
0.00
0.00
0.00
0.00
0.00
0.00
0.00
3.90
0.00
0.00
0.00
0.00
1.20
0.00
0.00
22.40
1.50
26.30
0.00
0.00
0.00
0.00
0.00
0.00
0.00
0.00
1.00
25.60
0.00
3.30
5.20
0.00
0.00
0.00
0.00
0.00
13.10
0.00
0.00
0.00
0.20
0.00
0.00
0.00
0.40
0.00
1.00
64.40
0.40
0.00
0.00
0.00
0.00
0.00
0.00
0.00
0.00
0.00
3.30
3.60
2.80
0.00
7.40
0.00
0.00
0.00
1.70
2.00
10.90
25.30
0.60
0.10
0.00
8.10
5.30
0.10
0.00
0.00
14.00
34.90
0.00
0.00
0.00
0.20
0.00
0.40
0.00
0.00
0.80
0.00
0.00
0.00
0.10
0.50
0.00
0.00
2.20
9.70
0.00
0.10
0.00
0.00
0.00
0.00
0.00
7.70
13.30
0.10
0.00
0.00
0.00
0.00
0.00
0.00
0.00
0.00
0.00
0.00
0.00
0.00
0.00
0.00
0.00
0.00
0.00
0.00
0.00
0.00
0.00
0.00
0.00
0.00
0.00
0.00
0.00
0.00
0.00
0.00
0.00
0.00
0.00
0.70
0.00
0.00
0.00
0.00
0.00
0.00
0.00
0.00
0.00
0.00
0.00
0.00
0.00
0.80
0.00
0.00
0.00
6.70
0.20
0.30
0.00
0.00
0.00
0.00
0.00
0.80
0.00
0.00
0.00
0.00
0.00
1.70
0.00
0.00
0.00
0.00
0.00
0.00
0.00
0.00
0.30
0.00
0.00
0.00
0.00
0.00
0.10
2.50
0.00
0.00
1.40
4.70
1.20
0.00
0.00
0.00
0.30
15.40
5.70
0.00
0.00
12.30
68.40
63.60
0.00
0.00
0.20
0.00
0.00
9.60
1.90
0.00
0.00
1.10
6.10
0.90
0.00
3.30
0.00
0.00
4.90
2.50
0.10
5.20
5.70
17.50
0.00
0.00
5.30
10.20
4.90
0.00
10.80
9.30
0.20
0.00
3.40
0.00
0.00
0.00
0.00
0.00
0.00
0.00
0.00
0.00
0.00
6.70
0.00
0.00
0.00
0.00
0.00
21.40
3.70
26.90
3.20
28.90
3.70
0.00
3.50
0.00
1.30
0.50
0.00
0.10
5.30
0.00
1.20
0.00
0.00
0.00
0.40
16.40
1.70
3.50
14.30
22.20
6.40
0.00
0.00
0.30
3.80
0.20
0.00
0.00
17.00
14.20
0.00
0.20
0.00
0.00
0.00
6.60
0.20
0.00
0.00
8.40
4.20
0.00
0.00
0.00
0.00
0.00
0.00
0.00
0.00
2.00
1.40
0.00
17.40
0.00
2.30
0.00
0.00
0.00
0.00
0.00
0.00
0.00
0.00
0.00
0.60
0.00
0.00
0.00
0.00
0.00
0.00
0.20
0.50
0.70
0.00
15.50
0.10
10.00
14.30
9.00
33.00
1.10
0.10
0.00
7.20
0.30
0.00
0.00
0.00
3.70
0.80
0.00
0.00
0.00
0.00
0.00
0.00
0.00
0.00
0.00
2.20
0.00
0.00
0.00
0.20
29.10
0.10
0.00
0.30
8.60
0.00
31.00
0.20
0.00
0.00
0.00
23.90
0.00
13.20
2.10
0.80
0.00
0.00
0.00
0.00
0.00
0.00
0.00
0.00
0.00
17.30
0.00
0.00
27.00
0.70
0.00
0.00
0.00
14.10
0.00
0.00
0.00
0.00
0.00
0.00
0.00
0.00
0.00
0.00
0.00
0.00
0.00
20.70
0.00
0.00
0.00
2.10
19.00
4.00
6.30
0.00
0.00
0.00
0.70
0.80
0.20
0.00
0.00
0.00
0.00
0.00
0.00
0.00
0.00
0.00
0.00
0.00
0.00
0.00
0.00
0.00
0.00
0.00
0.00
0.00
0.00
0.00
0.00
2.20
0.00
0.00
0.00
0.00
0.00
0.00
0.00
0.00
0.00
0.00
0.00
27.00
101.80
45.10
1.50
0.00
0.00
0.00
0.00
0.00
0.00
0.00
0.00
0.00
0.00
0.10
0.00
0.00
0.00
0.00
0.00
0.00
0.00
0.00
0.00
0.00
0.00
0.00
0.00
0.00
0.00
0.00
0.00
0.00
9.40
0.10
0.00
0.00
0.00
0.00
0.40
0.00
0.00
0.00
0.00
0.00
0.00
0.00
0.00
0.00
5.60
0.00
0.00
0.00
0.00
0.00
0.00
0.00
0.00
0.10
0.00
0.00
0.00
0.00
14.10
0.40
2.80
0.00
1.70
0.00
0.00
0.00
0.00
0.00
0.00
10.00
1.60
0.00
8.40
0.00
0.00
0.00
0.50
0.00
11.00
0.00
1.20
3.20
0.00
0.00
0.00
0.00
0.30
18.20
0.00
0.00
0.00
0.00
2.30
0.00
0.00
0.00
0.00
5.30
0.00
0.50
0.00
0.00
12.00
2.70
0.60
0.00
0.00
0.00
0.00
0.00
0.00
0.00
0.00
0.00
0.00
0.00
0.00
0.00
0.00
0.00
0.00
1.10
0.00
0.00
21.30
0.00
0.90
0.00
0.30
6.80
0.00
0.00
0.00
54.20
0.30
0.00
0.00
0.00
0.10
0.00
0.00
12.00
0.00
0.00
0.00
0.00
0.00
0.00
0.00
0.00
1.70
18.10
3.20
0.00
0.00
3.20
9.70
0.10
0.10
4.70
0.10
10.80
0.20
0.00
0.00
0.00
0.00
0.00
0.00
0.00
0.00
1.20
1.60
9.70
0.00
0.00
0.00
0.00
0.00
0.00
3.70
1.50
0.10
0.00
0.00
0.00
15.70
5.10
14.30
3.00
4.90
0.80
0.00
0.00
0.00
0.00
0.10
0.00
0.00
0.00
0.00
0.00
0.00
0.00
0.90
10.40
24.80
0.00
28.50
3.60
0.00
0.00
0.00
0.00
19.30
3.50
0.60
2.20
0.10
0.00
14.80
0.00
0.00
4.50
0.60
2.70
0.00
3.60
39.30
1.40
0.00
0.00
0.10
0.00
6.90
0.00
0.00
0.00
0.00
0.30
0.50
4.40
0.00
0.00
0.00
0.00
10.70
0.00
0.00
48.80
2.90
0.00
0.00
2.40
11.20
0.00
0.00
4.10
1.00
13.90
0.00
0.70
0.00
0.00
0.00
41.20
1.10
0.00
0.00
0.00
0.10
25.60
17.50
1.30
50.90
0.90
0.00
0.00
0.00
0.30
0.00
4.40
9.50
0.00
0.00
0.00
0.00
6.80
25.00
3.40
0.10
4.50
22.80
0.00
0.00
0.00
0.00
3.00
0.00
0.00
0.00
0.00
0.00
0.00
0.00
0.00
0.00
1.40
0.60
0.00
0.00
51.50
12.00
0.60
0.00
0.00
0.00
39.00
2.60
0.00
0.00
0.00
0.00
0.40
0.00
7.00
0.00
0.10
0.00
0.00
0.00
0.00
0.00
0.00
0.00
0.00
0.00
0.00
0.00
0.00
0.00
0.00
0.00
0.00
0.00
0.00
0.00
10.70
3.30
0.50
0.00
0.00
0.00
0.90
0.20
0.00
0.00
0.00
3.50
0.00
0.00
0.00
0.00
0.00
0.00
0.00
0.00
0.00
7.70
8.60
6.70
0.70
38.90
125.10
60.90
0.10
0.00
0.40
2.10
0.00
0.10
0.10
0.00
0.00
0.00
0.00
0.00
0.00
2.00
16.20
0.10
0.60
0.00
0.00
0.00
0.00
0.00
0.00
0.00
0.00
0.00
0.00
0.10
0.00
0.00
0.00
0.00
0.00
0.00
0.00
0.00
0.00
0.00
0.00
0.00
0.00
0.00
0.00
0.00
0.00
0.00
0.50
0.00
0.00
14.10
0.10
0.00
0.00
0.00
0.00
0.00
0.10
0.00
0.00
1.20
0.50
0.00
0.00
0.00
0.80
0.00
0.00
0.00
0.00
0.00
0.00
0.00
0.00
0.00
0.00
0.00
0.00
0.00
0.10
0.00
0.00
0.00
0.00
0.00
8.40
0.00
0.00
0.00
0.00
0.00
0.00
0.00
0.00
26.80
0.00
0.00
0.00
0.00
0.00
0.00
0.00
0.00
15.40
11.20
0.90
0.50
0.80
1.30
0.00
0.00
118.90
1.70
7.70
4.20
2.20
0.00
0.00
0.00
0.00
0.00
0.00
0.00
0.00
0.00
0.00
0.00
0.00
0.00
0.00
0.00
0.00
0.00
0.00
0.00
0.00
0.00
9.60
6.40
0.10
14.20
0.10
0.00
0.00
6.10
0.10
0.00
6.00
0.10
0.00
10.70
0.00
0.00
0.00
0.00
0.00
0.00
0.00
0.00
0.00
0.00
0.00
0.00
0.00
0.00
0.00
0.00
0.00
0.00
0.00
21.60
3.20
0.00
0.00
0.00
0.00
0.00
0.00
0.00
0.00
0.00
1.60
41.80
5.10
0.00
0.00
0.00
0.00
0.00
0.00
2.30
8.80
115.20
0.90
1.50
1.50
57.20
17.50
18.70
0.00
0.00
0.00
0.00
0.00
13.40
10.90
0.00
0.00
0.00
0.00
0.00
0.00
0.00
0.00
0.00
0.00
0.00
0.00
0.00
0.00
0.00
0.00
0.00
0.00
0.00
0.00
0.00
0.00
0.00
0.00
0.00
0.00
3.70
0.00
27.90
0.00
16.50
0.00
0.00
0.00
0.00
0.00
17.80
21.00
5.30
0.00
0.00
0.00
0.00
0.00
0.00
3.50
16.20
0.00
0.00
0.00
1.70
17.90
8.90
0.10
10.40
26.60
0.10
0.00
0.00
3.00
0.00
0.00
0.00
0.00
0.00
0.00
0.00
0.00
1.50
0.40
2.50
21.90
5.50
0.20
0.00
0.00
0.00
0.00
5.30
0.00
0.20
0.00
0.00
0.00
0.00
0.40
0.00
0.00
0.00
0.00
0.00
0.00
0.00
0.00
0.00
0.00
0.00
18.70
55.50
5.60
0.10
4.20
0.00
0.20
0.00
0.00
0.00
0.00
0.00
0.00
5.30
16.40
13.70
0.00
0.00
0.00
0.20
0.00
0.00
0.00
0.00
0.00
0.00
0.00
5.20
0.00
0.30
0.00
0.00
0.00
0.00
45.20
16.10
0.00
0.00
0.00
0.00
0.00
0.10
0.10
0.00
0.00
0.00
0.00
0.00
0.00
0.00
0.00
0.00
0.00
0.70
0.00
0.00
0.00
0.00
0.00
0.00
0.00
0.00
0.00
0.00
0.00
0.00
0.00
0.10
0.00
0.00
0.00
0.10
0.00
0.00
0.00
0.00
0.00
0.00
0.00
0.00
0.00
0.00
0.00
0.00
0.00
0.00
0.00
0.00
0.00
0.00
0.00
0.00
0.00
0.00
0.00
0.00
0.00
0.40
7.30
0.00
0.00
0.00
0.00
0.00
0.00
0.00
0.00
0.00
0.00
0.00
0.00
0.00
0.00
0.00
0.00
0.00
0.00
0.00
0.00
0.00
0.00
0.00
0.00
0.00
0.00
0.00
0.00
0.00
0.00
0.00
0.00
2.60
0.00
0.00
0.10
0.70
0.00
0.10
5.10
0.00
0.00
0.00
0.00
0.00
0.00
0.00
0.80
0.00
0.00
0.10
0.00
24.50
9.10
0.00
0.00
0.00
0.00
2.10
2.90
0.00
4.20
0.00
0.00
0.00
0.00
0.00
0.00
0.00
0.00
29.40
10.80
2.80
0.00
20.90
0.00
0.00
0.00
0.00
0.00
0.00
0.00
0.00
0.00
0.00
0.10
1.30
0.70
0.00
0.80
32.40
0.10
1.90
3.90
0.00
0.00
0.00
0.00
0.00
0.00
0.00
0.00
0.00
0.00
0.00
4.50
20.20
18.80
10.70
0.00
0.00
0.00
0.70
7.20
0.00
1.30
0.00
0.00
0.00
0.00
0.00
0.10
0.00
5.00
17.10
5.00
0.20
9.50
2.30
5.50
0.80
0.10
0.00
15.30
0.10
0.00
0.00
0.60
0.00
0.00
0.00
0.00
0.00
0.80
11.00
4.70
8.00
2.10
0.00
11.90
22.90
0.10
12.60
0.00
0.10
0.10
0.00
5.50
0.00
2.40
0.00
16.40
0.00
0.00
8.40
0.10
0.00
0.00
0.00
0.00
0.00
0.00
0.00
0.00
0.00
0.10
43.30
0.10
0.00
0.00
0.00
0.00
0.00
0.00
3.00
0.00
0.00
0.00
1.70
3.70
0.10
0.00
0.00
0.00
0.00
0.00
0.00
0.00
5.00
0.00
0.00
0.00
0.00
1.50
0.00
0.00
0.00
18.70
0.00
0.00
0.00
0.00
2.00
0.00
0.00
0.00
30.50
0.00
0.00
0.00
0.00
0.00
0.00
6.30
1.20
0.10
1.20
1.10
0.00
0.00
0.00
0.00
0.00
0.00
0.00
0.00
19.10
0.10
0.00
0.00
0.00
0.40
0.00
0.00
0.00
0.00
0.00
3.40
16.80
0.10
0.00
4.20
3.50
0.00
0.00
11.90
0.00
0.00
0.00
0.00
0.00
11.00
0.00
3.70
0.00
0.00
0.00
0.00
0.00
11.90
0.50
0.00
0.00
0.00
11.80
0.00
0.00
0.00
0.00
0.00
26.30
31.90
5.40
0.10
0.00
0.00
0.00
0.00
0.00
0.00
0.00
0.00
0.00
3.20
0.00
0.00
0.00
0.10
0.00
0.00
0.00
0.00
0.00
0.00
11.00
6.00
9.80
0.00
0.00
0.00
0.00
0.00
0.00
0.00
0.00
0.00
0.00
0.00
0.00
0.20
25.80
9.00
16.30
0.00
0.00
30.90
2.30
0.00
15.70
0.00
0.00
0.00
0.00
19.60
43.90
0.10
0.00
0.00
0.00
0.00
0.00
0.00
0.00
0.00
0.00
23.90
3.00
0.00
1.80
2.50
1.40
0.00
0.00
0.00
0.00
0.00
0.00
0.00
0.00
0.00
0.00
0.00
0.00
0.00
0.00
0.00
0.00
0.00
0.00
0.00
0.00
0.00
0.00
0.10
0.00
0.00
0.10
0.00
0.00
0.20
20.10
3.30
5.40
7.10
0.00
8.80
1.00
18.30
7.40
0.00
0.00
0.00
0.00
0.50
0.20
0.00
0.20
0.00
25.00
5.30
0.00
0.00
2.10
1.10
33.40
15.70
0.70
0.00
0.00
0.00
0.00
0.00
0.00
0.00
0.00
0.00
0.00
0.00
0.00
0.00
0.00
0.00
5.00
14.80
0.00
0.00
0.00
0.00
0.00
0.00
0.00
0.00
0.00
0.00
0.00
0.00
0.00
0.00
0.00
0.00
0.00
0.00
0.00
34.70
24.40
0.00
0.10
0.00
0.00
0.00
0.00
2.00
0.00
0.00
0.00
0.00
0.00
0.00
0.00
0.00
15.70
0.00
0.00
0.00
6.70
9.30
0.00
0.00
0.00
0.00
0.00
0.00
0.00
0.00
0.00
0.30
32.70
17.50
0.00
0.00
1.00
0.00
1.10
5.80
0.00
0.00
0.90
0.00
0.00
0.00
0.00
1.40
0.00
0.00
7.10
0.10
0.00
0.00
4.70
0.10
0.00
0.00
0.10
0.00
0.00
0.00
0.00
0.00
0.00
0.00
1.70
0.00
9.50
13.90
3.90
5.40
2.60
0.00
0.00
0.00
0.30
0.00
0.00
0.00
0.00
0.00
0.00
0.00
0.00
0.00
0.00
0.00
0.00
0.00
0.00
0.00
0.00
0.00
0.00
5.60
0.00
11.40
5.60
0.00
0.00
0.00
0.00
0.00
0.00
0.00
19.10
17.30
0.00
0.00
0.00
0.00
0.00
0.00
0.00
0.00
0.00
0.00
1.20
0.00
31.50
0.10
0.10
0.00
0.00
0.00
0.00
0.00
0.00
2.30
0.00
0.00
0.00
0.00
1.80
0.00
0.00
5.50
7.90
0.00
0.00
0.00
0.00
2.80
0.00
0.00
0.00
0.00
0.00
0.00
0.00
0.00
0.00
0.00
0.00
0.00
0.00
0.00
0.00
41.50
0.10
0.10
0.00
0.00
0.00
5.60
0.00
0.00
21.50
0.00
0.00
0.00
0.00
5.80
31.80
1.90
0.00
6.40
0.10
0.00
0.00
2.70
0.00
0.00
6.80
0.30
0.00
0.00
0.00
8.90
0.00
0.40
0.00
0.00
0.00
0.00
0.00
0.00
0.00
0.00
0.00
0.00
0.00
0.30
0.00
0.00
0.00
8.00
29.60
0.10
0.00
0.00
0.00
0.00
0.00
0.10
0.00
0.00
0.10
0.00
0.00
0.00
0.00
0.00
3.90
0.10
0.00
0.00
0.00
0.00
0.00
0.00
0.00
0.00
0.00
0.00
0.00
0.00
0.00
0.00
0.00
0.00
0.00
0.00
0.00
0.00
0.00
0.00
0.00
0.10
0.00
0.00
0.00
0.00
0.00
0.00
0.00
0.00
0.00
0.00
0.00
0.20
1.10
0.00
0.00
1.60
0.00
0.00
2.80
0.00
0.00
0.00
0.00
0.00
0.00
0.00
0.00
0.00
0.00
0.70
0.00
0.00
0.00
0.00
0.00
0.00
0.00
2.90
29.00
0.00
0.00
0.60
0.50
0.00
0.30
3.00
0.00
0.00
0.00
0.00
0.00
0.00
0.00
0.00
0.00
0.00
0.00
17.50
0.00
0.00
0.00
0.00
0.00
13.90
0.00
0.00
23.10
38.30
2.30
0.00
0.00
0.00
0.00
0.00
0.00
0.00
0.00
0.00
1.10
14.00
0.00
0.50
0.10
0.10
0.00
0.00
0.00
0.00
19.80
0.60
24.60
8.00
0.10
0.00
12.60
0.30
0.00
1.20
0.00
0.00
0.00
0.00
0.20
0.00
0.00
2.40
0.00
0.00
0.60
3.40
0.00
0.00
0.00
0.00
15.20
0.60
0.70
0.00
0.00
0.00
0.00
0.00
0.00
0.00
0.00
0.00
0.00
0.50
0.30
53.20
1.30
12.10
55.70
3.40
6.60
15.50
0.00
0.00
0.00
0.00
0.00
0.00
0.00
0.00
0.00
0.00
0.00
0.00
0.00
0.00
11.90
0.00
0.40
0.00
0.00
0.00
0.00
4.90
8.80
3.90
7.60
12.60
0.10
31.70
7.80
1.10
0.00
0.00
0.00
0.40
11.80
5.00
0.00
15.40
7.30
0.00
0.10
1.90
0.00
4.50
0.00
12.10
1.70
22.00
0.00
12.10
9.00
24.40
4.70
2.60
0.00
0.00
0.10
0.20
0.00
0.00
0.00
0.00
0.00
0.00
0.00
0.00
0.00
0.10
0.00
0.00
0.00
0.00
0.00
0.00
8.20
0.00
0.00
0.00
0.00
0.00
0.00
3.80
0.00
17.10
0.70
0.20
5.70
8.50
0.00
0.00
0.00
0.00
17.50
0.00
0.00
0.00
0.00
0.00
4.00
0.00
4.40
0.00
0.00
0.00
0.00
0.60
0.00
0.00
0.00
0.00
0.00
0.00
0.00
0.00
0.20
0.20
22.60
6.70
0.00
2.10
4.40
1.10
0.00
0.00
18.60
0.00
0.00
0.00
0.00
0.00
0.30
0.80
0.10
0.00
0.00
0.00
5.70
0.10
1.60
0.10
0.00
35.80
4.90
2.50
4.00
1.50
0.00
1.20
0.00
0.00
5.00
0.00
0.00
0.00
5.10
0.10
0.00
0.00
0.00
0.00
0.00
0.00
0.00
0.00
0.00
0.00
0.00
6.80
0.00
0.00
0.00
0.00
0.00
0.00
0.00
15.80
4.60
26.90
3.90
0.00
0.00
0.00
33.40
44.20
1.30
1.40
15.90
0.30
0.10
0.00
0.00
0.00
0.00
0.00
1.50
24.00
5.90
0.00
0.00
30.30
3.80
0.00
0.00
0.00
15.80
0.10
0.00
0.00
15.80
0.00
0.00
0.00
0.00
0.00
21.10
3.80
22.10
36.80
6.60
0.40
0.00
0.00
3.40
0.00
0.00
0.10
0.00
0.00
0.00
0.20
0.00
0.00
0.00
0.00
0.00
0.00
0.00
0.00
0.00
0.00
0.00
0.00
4.50
0.10
0.00
2.20
0.00
0.00
0.00
0.00
0.00
0.00
0.00
0.00
0.00
0.00
0.00
0.00
0.00
0.00
0.00
0.00
0.00
0.00
0.00
0.00
0.00
0.00
0.00
0.00
0.00
0.00
0.00
0.00
0.00
0.00
0.00
0.00
0.00
0.00
0.20
0.00
0.00
0.10
0.00
0.00
0.00
1.90
2.40
0.00
0.00
0.00
0.20
2.00
0.00
0.00
0.00
0.00
0.00
0.00
0.00
0.00
0.00
0.00
0.00
0.00
0.00
0.00
0.00
0.00
0.00
0.00
0.00
0.00
0.00
0.00
0.00
0.00
0.00
0.00
0.00
0.00
0.00
0.00
0.00
7.60
0.00
0.00
0.00
0.00
0.10
0.00
0.00
0.00
0.00
0.00
0.00
0.00
0.00
0.00
0.00
0.00
0.00
0.00
0.00
0.00
0.00
0.00
0.00
0.00
0.00
0.00
12.60
9.80
0.00
10.70
0.20
1.80
2.40
10.90
1.00
0.00
0.00
0.00
0.00
1.90
2.10
0.00
0.00
0.00
7.40
0.50
3.60
1.70
0.20
3.60
0.00
0.00
0.00
0.00
0.00
2.30
13.20
11.20
0.30
0.10
0.00
0.00
1.30
0.00
0.50
8.60
0.00
0.00
0.00
0.00
0.60
12.10
4.30
10.80
0.00
0.00
0.00
0.00
6.50
0.30
0.00
0.00
5.70
0.00
0.00
0.00
0.00
0.00
0.00
0.00
0.00
0.00
0.00
0.00
0.00
0.00
19.70
0.10
0.00
1.70
0.00
0.00
0.00
0.00
0.00
0.00
2.10
0.00
0.00
0.00
0.00
0.00
0.00
0.00
0.00
0.00
0.00
0.00
4.30
0.00
0.00
0.00
0.10
1.80
2.80
0.00
0.00
0.00
0.00
3.80
0.00
0.00
1.30
2.10
0.10
0.00
0.00
0.00
0.00
0.00
0.00
0.00
23.70
0.00
0.00
0.00
0.00
0.00
0.20
0.00
1.40
0.10
0.00
17.20
0.00
0.00
0.00
0.00
0.30
0.00
0.00
0.60
0.00
0.00
0.00
0.00
0.20
0.00
0.00
0.00
1.90
0.00
0.00
0.00
0.00
0.00
0.00
0.00
10.70
0.00
0.00
0.00
0.60
0.00
0.40
0.00
0.00
14.10
3.90
0.00
0.20
0.10
2.30
0.00
0.00
14.00
8.00
0.10
5.90
0.30
0.00
0.00
0.00
0.00
0.00
0.00
0.00
0.00
9.70
27.80
0.00
0.00
0.00
0.10
0.10
0.00
1.10
0.10
0.00
0.00
0.00
1.00
0.00
0.00
0.00
0.00
0.00
6.00
0.00
70.10
22.70
0.00
0.00
0.00
0.00
0.00
0.00
0.00
1.40
4.60
0.20
8.40
2.00
0.40
0.00
1.60
0.60
0.10
0.70
0.00
0.00
0.00
6.30
0.00
0.00
0.00
0.00
0.00
0.00
0.00
19.10
1.40
0.00
0.00
0.00
0.00
0.00
0.00
0.00
2.40
0.00
0.00
69.30
13.60
0.00
0.00
0.00
0.00
0.00
0.00
0.00
0.30
0.00
0.00
0.00
0.00
0.00
0.00
26.60
7.10
0.00
0.00
0.00
0.00
0.00
0.00
0.00
0.00
0.00
0.00
0.00
0.00
0.00
0.00
0.00
0.00
0.00
0.00
0.00
4.50
0.00
0.00
0.00
0.00
0.00
0.00
0.00
0.00
0.00
7.50
132.50
131.60
55.80
0.00
0.00
0.20
0.10
0.00
0.00
0.00
0.00
0.00
0.00
0.00
0.00
0.00
0.00
0.00
0.00
0.00
0.00
0.00
0.30
0.10
0.10
0.00
0.00
1.40
0.00
0.00
0.00
0.00
0.00
0.00
0.00
0.00
0.00
0.00
0.00
0.00
0.00
6.10
0.00
0.00
1.30
0.10
0.10
0.00
0.00
0.00
0.00
0.00
0.00
0.00
0.00
15.30
0.00
0.00
0.00
0.00
0.00
0.20
8.30
0.00
0.60
4.50
0.00
0.00
0.60
1.40
4.70
16.60
0.80
0.00
0.00
0.00
0.00
0.00
0.00
0.00
0.00
0.00
0.00
17.40
0.50
1.90
0.00
0.00
6.00
9.10
2.70
65.80
12.00
0.40
0.10
0.00
10.90
0.10
0.60
0.00
0.00
2.40
0.30
0.00
0.00
0.00
0.00
0.00
0.00
1.20
29.90
0.10
2.10
2.10
12.80
0.40
2.80
0.00
0.00
0.00
0.00
0.00
0.00
0.00
0.00
0.00
0.00
0.00
0.00
0.40
0.80
0.40
58.90
2.10
5.10
25.50
0.00
2.10
40.80
12.80
0.00
15.90
1.50
3.30
0.10
1.10
1.30
9.40
9.30
10.30
0.00
4.20
0.10
0.00
0.00
0.00
1.60
0.00
0.10
0.00
0.00
0.00
0.10
22.70
8.70
0.00
0.00
0.00
0.00
0.00
0.00
0.10
1.20
0.80
24.20
0.40
1.60
0.00
0.00
0.00
0.00
0.00
0.00
0.00
19.50
24.80
0.10
0.00
0.00
0.00
0.00
0.00
0.00
0.00
0.00
1.70
0.00
0.00
0.00
0.00
0.00
11.10
0.00
0.00
0.00
0.00
5.50
0.00
0.00
0.30
0.00
0.00
0.00
0.00
0.00
0.00
0.00
0.00
0.00
11.00
30.10
23.10
2.40
0.10
1.80
0.00
0.00
0.00
0.00
29.40
0.00
7.20
18.40
0.10
0.00
0.00
0.00
0.00
0.00
0.00
0.00
1.70
0.00
2.80
9.40
0.90
0.00
0.00
6.10
1.80
0.10
0.00
0.00
0.00
0.00
1.90
0.00
0.00
0.00
0.00
0.00
0.00
0.00
31.50
0.10
0.00
4.20
18.50
0.00
0.00
0.00
0.00
0.00
0.00
0.00
1.50
0.00
0.00
0.00
0.00
0.00
0.00
0.00
0.00
0.00
0.00
0.00
8.00
5.80
0.00
0.40
21.90
0.10
0.00
0.10
0.10
0.00
0.00
0.00
0.00
0.00
0.00
0.00
0.00
0.00
0.00
0.00
0.00
0.00
0.00
10.60
38.00
52.20
0.10
0.00
0.00
0.00
0.00
0.00
0.00
0.00
2.40
0.00
0.10
0.00
0.00
0.20
0.00
0.00
0.00
0.00
0.30
3.40
0.00
0.00
0.00
0.00
0.00
0.00
0.00
0.00
0.00
0.60
0.00
0.00
0.00
0.00
0.00
0.00
0.00
0.00
0.00
0.00
0.00
25.70
3.70
0.00
0.00
0.00
0.00
0.00
0.00
0.00
0.00
0.00
0.00
0.00
7.00
0.00
0.00
0.00
0.00
0.00
0.00
0.00
7.50
0.00
0.00
0.00
0.00
0.00
0.00
0.00
5.00
7.80
0.00
0.00
0.00
5.30
2.00
4.90
0.10
0.00
0.00
0.00
0.00
0.00
4.70
18.10
1.00
0.00
0.00
0.00
0.00
0.00
0.00
0.00
0.00
0.00
9.70
2.30
3.20
0.00
2.20
0.00
0.00
9.20
0.00
0.00
