20000101
0.00
0.00
0.20
0.40
0.20
0.20
0.20
0.20
0.00
0.20
0.00
0.20
0.20
0.00
0.00
0.00
0.20
0.20
0.20
0.00
0.20
0.00
0.20
0.00
0.00
0.00
0.00
0.00
0.40
0.00
0.20
0.00
0.00
0.00
0.00
0.00
0.00
0.00
0.00
0.00
0.00
0.00
0.00
0.00
0.00
0.00
0.20
0.00
0.00
0.00
0.00
0.20
0.00
0.00
0.00
0.00
0.00
0.00
0.20
0.00
0.00
0.00
0.00
0.00
0.00
0.00
0.20
0.20
0.00
0.00
0.00
0.00
0.00
0.00
0.00
0.00
0.00
0.00
0.00
2.00
0.00
0.20
10.60
0.20
10.60
0.20
0.00
0.00
0.40
7.80
5.00
0.00
10.60
7.00
0.00
0.00
0.00
0.00
0.00
0.40
23.00
1.60
0.00
0.00
4.20
4.40
4.60
0.20
0.00
0.00
0.00
0.00
0.00
0.00
0.00
0.00
0.00
0.00
0.00
0.00
0.00
0.00
0.00
0.00
0.00
0.00
0.80
0.20
0.00
0.40
5.00
0.80
0.00
0.00
0.00
0.00
0.00
2.20
0.00
0.00
0.00
5.60
0.60
0.20
0.00
0.00
3.60
0.00
0.00
0.20
0.00
0.00
0.00
0.00
0.00
0.00
17.60
0.00
0.00
0.00
17.40
30.50
1.40
0.00
2.30
0.20
0.00
0.00
0.00
0.00
0.00
0.00
0.00
0.00
0.00
0.00
0.00
1.20
0.00
0.00
0.00
0.20
0.00
0.00
0.00
0.00
0.00
0.00
0.00
0.00
0.00
0.00
0.00
0.00
0.00
0.00
0.00
0.00
0.20
0.00
0.00
0.00
0.00
0.00
3.60
0.00
0.00
0.00
0.00
0.00
0.00
0.00
0.00
0.40
0.00
0.00
8.60
0.20
0.00
0.00
0.00
0.00
0.00
0.00
0.00
0.00
0.00
0.00
0.00
0.00
0.00
0.00
0.00
0.00
0.00
0.00
0.20
0.00
0.00
0.00
0.00
0.00
4.20
0.00
0.00
0.00
0.00
0.00
0.00
0.00
0.00
0.00
0.00
0.00
0.00
0.20
0.00
0.00
0.00
0.00
33.60
6.60
7.20
2.60
0.00
0.00
0.00
0.00
0.00
0.00
0.00
26.60
0.20
0.00
2.60
0.00
0.00
0.00
0.00
0.00
0.00
0.00
0.00
0.00
4.20
2.20
0.40
0.00
2.60
0.20
0.00
0.20
0.00
0.00
36.20
55.80
1.80
0.00
0.20
0.00
0.00
0.40
0.20
2.60
9.00
0.20
6.40
0.20
0.00
12.00
8.20
0.00
0.00
0.00
0.00
0.20
0.20
11.20
0.00
0.00
0.20
0.20
0.00
0.00
0.20
0.00
9.00
15.40
0.00
0.00
3.40
2.00
0.20
11.80
0.20
0.20
0.20
0.00
0.00
0.20
7.00
5.60
0.00
0.00
0.00
0.00
0.20
0.00
0.00
0.00
0.20
0.20
0.00
0.00
0.40
2.60
10.60
23.20
26.60
1.00
0.60
0.00
3.60
0.40
2.20
0.00
0.00
0.00
0.60
7.60
0.00
0.20
0.00
0.00
0.00
0.00
12.60
0.60
0.20
1.60
1.60
1.40
0.00
0.40
0.00
0.20
0.40
0.80
0.00
1.00
0.20
6.80
0.00
12.20
0.00
0.20
0.00
0.00
0.00
0.00
0.20
0.00
0.00
0.00
0.00
0.00
0.00
0.00
0.20
0.40
2.00
0.20
0.00
0.00
0.40
0.00
0.00
0.20
0.20
0.00
0.00
0.00
0.00
0.20
0.00
2.20
20.40
3.40
2.20
0.00
0.00
12.40
0.80
0.00
0.80
0.20
5.60
0.00
0.00
0.00
2.40
1.40
0.00
0.00
0.00
0.00
0.00
0.00
0.00
0.00
0.00
0.00
0.80
1.80
0.00
0.00
0.00
0.00
0.00
0.00
0.00
0.00
0.00
0.00
0.00
0.00
0.00
0.00
0.00
0.00
0.00
0.00
0.00
0.00
0.00
0.00
0.00
0.20
0.60
0.00
0.00
0.00
0.00
0.00
13.60
91.60
6.80
0.00
0.00
0.20
3.80
0.00
0.00
0.00
6.20
11.20
0.00
0.00
0.00
0.00
0.00
0.00
4.20
0.60
0.00
0.00
0.00
0.80
4.00
2.80
0.20
0.00
0.00
0.00
0.00
0.00
1.00
0.00
0.00
0.00
0.00
0.00
0.00
0.00
0.00
3.40
9.40
0.00
0.00
0.00
0.00
0.40
0.20
0.00
0.00
0.00
0.00
0.00
0.00
0.00
0.00
0.00
0.00
0.00
0.00
0.00
0.00
0.00
0.00
0.20
3.80
1.20
0.00
0.00
0.00
6.80
0.00
0.00
0.00
0.00
4.80
1.40
0.40
0.00
0.00
8.60
0.00
0.00
0.00
0.00
0.00
0.00
0.00
0.00
1.80
0.00
0.00
0.00
0.00
0.00
0.00
0.00
0.00
0.00
0.00
0.00
0.00
0.00
0.00
0.00
0.00
18.20
0.40
0.60
0.00
0.00
0.00
0.00
0.00
0.00
0.00
0.00
0.00
0.00
0.00
0.00
0.00
0.00
0.00
0.00
0.00
0.00
0.00
0.00
0.00
0.00
0.00
0.00
0.00
0.00
0.00
0.00
0.00
0.00
0.00
0.00
0.00
0.00
11.40
0.00
41.20
3.00
0.00
0.00
0.00
0.00
10.40
0.00
0.00
0.20
0.00
0.00
0.00
0.00
0.60
0.00
0.20
4.00
0.40
0.00
0.00
0.40
0.20
0.00
0.00
1.00
17.60
6.40
2.80
0.00
0.00
0.00
0.00
0.00
0.00
0.20
0.20
0.20
0.00
0.00
0.20
0.00
0.00
0.00
0.00
0.20
0.20
0.20
0.00
0.00
0.80
0.20
0.00
0.00
10.80
48.00
13.00
0.20
0.00
0.20
0.40
0.40
0.00
0.20
0.20
0.20
0.20
0.20
0.20
0.00
0.20
0.20
0.00
0.20
0.20
0.20
0.40
0.00
0.00
0.00
0.20
0.00
0.20
0.00
0.00
0.00
0.00
0.00
0.00
0.00
0.00
0.00
0.00
0.00
0.00
0.00
0.00
0.00
0.00
0.00
3.80
2.40
4.60
2.00
2.40
0.00
0.20
0.00
0.00
0.00
0.20
0.20
0.20
0.80
0.40
0.40
0.40
0.00
0.00
0.00
0.00
0.60
1.20
3.80
0.20
0.00
0.00
0.00
0.20
0.20
0.00
0.00
0.20
0.00
0.00
0.20
9.40
0.00
0.00
0.00
0.00
0.20
0.20
0.00
0.20
0.60
0.00
0.00
0.20
0.20
0.00
0.20
0.00
0.00
0.00
0.00
0.20
0.00
0.00
0.00
6.40
0.00
0.00
0.00
3.60
0.00
0.00
0.20
0.20
0.00
0.00
0.00
9.60
1.80
0.00
0.20
0.00
0.00
0.00
0.00
0.00
0.00
0.00
0.00
0.20
0.00
5.00
0.00
1.40
0.00
0.20
0.00
3.80
26.00
1.20
0.20
12.80
12.00
16.80
0.20
5.00
11.60
0.60
0.00
0.00
0.00
0.00
0.00
0.00
0.00
0.00
0.00
0.00
0.00
0.00
0.00
0.00
0.00
0.00
0.00
0.20
0.60
0.00
1.20
0.00
0.00
3.60
18.40
16.00
12.20
1.80
1.60
0.20
0.00
0.00
0.00
0.00
7.40
0.00
0.00
0.00
0.00
7.60
0.00
0.00
0.00
0.40
0.00
0.00
0.00
0.00
0.00
0.00
0.00
0.00
26.00
7.60
0.00
1.00
13.60
0.00
0.00
0.00
0.00
0.00
0.00
0.00
0.00
0.00
0.00
0.00
0.00
0.00
0.00
0.00
0.00
0.00
0.00
0.00
0.00
7.80
0.20
3.40
0.00
0.00
0.00
0.00
0.00
0.00
10.40
0.00
0.00
0.00
1.40
0.00
0.00
0.00
0.00
0.00
0.00
0.00
0.00
0.00
0.00
0.00
0.00
0.00
0.00
0.00
0.00
1.20
0.20
0.00
2.40
0.00
0.00
0.00
12.00
0.00
0.00
0.00
0.20
0.00
0.00
0.00
0.00
0.00
0.00
0.00
0.00
0.00
0.00
0.00
19.80
21.40
3.70
12.60
0.00
0.00
0.60
0.20
0.00
0.00
0.00
0.00
0.00
30.40
7.00
1.40
0.00
1.20
13.40
0.20
0.00
0.00
0.00
0.00
0.00
0.00
16.60
5.60
6.00
0.00
4.80
0.00
0.20
0.00
0.00
0.00
0.00
0.00
0.00
0.20
0.20
0.00
10.00
0.00
0.20
0.00
0.20
0.00
0.80
24.00
17.60
0.20
0.00
0.00
0.00
0.00
0.60
0.00
0.00
0.00
0.40
7.00
0.00
0.20
0.00
0.00
0.00
0.20
0.20
0.40
2.00
0.20
0.20
0.20
0.20
0.00
0.00
1.60
1.40
0.00
0.00
0.00
0.00
0.40
4.80
3.20
0.00
0.20
0.00
0.20
0.20
19.00
2.00
0.00
0.80
19.60
0.00
0.40
0.00
0.40
0.20
0.00
0.00
0.20
0.00
0.00
0.00
0.00
0.00
0.00
0.80
15.00
3.20
0.20
0.20
3.80
0.20
0.20
1.20
0.00
1.00
1.40
0.00
0.20
0.20
0.00
0.00
0.00
2.20
0.00
0.00
3.60
0.00
0.40
0.00
0.40
0.00
10.00
4.60
0.00
0.20
0.20
0.20
0.00
0.00
0.00
0.20
0.00
0.00
0.00
0.20
2.80
2.20
1.40
0.00
0.00
0.00
0.00
0.00
0.00
0.00
0.00
0.20
0.00
0.00
0.00
0.20
0.00
0.00
0.00
0.20
0.00
0.20
0.00
0.00
0.00
0.00
6.00
0.40
0.00
0.00
0.00
24.60
37.60
0.20
0.00
0.00
0.40
4.00
18.20
0.00
0.00
0.00
0.00
0.00
0.00
2.80
1.40
0.20
0.00
0.20
0.00
0.00
0.00
0.00
0.00
1.80
0.00
0.00
0.00
0.00
0.00
0.00
0.00
0.00
0.00
0.00
0.00
4.40
30.60
0.00
0.20
3.60
0.00
0.00
0.00
0.00
0.00
0.00
0.00
0.00
8.40
0.00
2.00
0.00
0.00
1.80
3.40
0.00
2.80
0.00
0.40
4.80
0.20
0.00
0.00
0.00
0.00
0.00
0.00
0.00
0.00
0.00
0.00
0.00
0.00
0.00
0.20
41.00
41.00
2.00
0.00
0.00
0.00
0.00
0.20
0.00
0.00
3.80
0.00
0.00
0.00
0.00
0.00
0.00
0.00
1.80
1.40
0.00
0.00
0.00
0.00
0.00
0.00
0.00
0.00
0.00
0.00
5.40
0.00
0.00
0.20
0.00
0.00
0.00
0.00
0.00
6.00
0.00
0.00
0.40
0.00
0.00
0.00
0.00
0.00
0.00
0.00
0.20
0.00
0.00
0.00
0.00
0.00
0.00
0.00
0.00
0.00
0.00
5.60
0.00
1.20
6.20
0.00
0.00
0.00
0.00
0.00
0.00
0.00
0.00
0.00
0.00
0.00
0.00
0.00
0.40
0.00
0.00
0.00
0.00
0.00
0.00
0.00
0.00
0.00
0.00
0.00
0.00
0.00
0.00
0.00
0.00
0.00
0.00
0.00
0.00
0.00
0.00
0.00
1.20
15.40
0.00
0.00
0.00
0.00
0.00
0.00
0.00
0.00
0.00
0.00
0.00
0.00
1.40
34.00
2.20
5.40
1.80
46.40
0.20
0.00
4.60
3.20
0.00
0.00
0.00
0.00
0.00
0.20
0.00
0.00
0.00
0.00
0.00
0.00
0.00
1.40
0.00
0.00
0.20
0.00
10.20
0.40
0.20
29.40
16.80
0.60
0.00
0.00
0.00
0.00
0.00
0.00
0.00
0.20
0.00
0.40
2.80
0.00
5.60
5.00
36.00
5.40
23.20
0.20
0.00
0.60
0.00
0.00
0.00
18.00
14.00
16.20
0.00
3.40
14.20
0.20
0.20
0.00
0.00
0.00
0.20
0.20
6.60
6.20
19.80
0.00
0.00
0.20
0.20
10.00
13.00
0.20
0.20
0.20
0.00
0.00
4.40
6.00
0.40
0.00
3.20
2.20
0.00
0.00
0.60
12.00
0.20
4.60
23.60
2.80
2.40
0.20
1.20
0.00
0.00
0.00
0.40
0.60
0.40
0.20
0.20
0.20
2.00
0.20
0.00
0.20
0.00
0.00
0.00
0.20
0.20
0.40
2.80
0.00
0.00
0.00
0.00
0.00
0.00
0.00
0.20
0.20
0.20
0.40
0.00
0.00
0.20
0.20
0.00
0.00
0.00
0.20
0.00
0.00
0.00
0.00
0.00
0.20
0.00
0.00
1.20
2.00
1.00
0.00
0.00
0.80
0.00
0.00
0.40
0.40
0.80
0.40
0.40
0.60
0.60
0.00
0.40
0.20
0.20
0.00
0.20
0.20
2.60
3.00
0.00
0.00
12.40
6.00
0.20
0.00
3.20
11.40
11.60
0.00
0.00
0.00
0.20
0.00
0.00
0.00
0.00
0.00
0.20
0.00
0.00
0.20
0.00
0.80
2.40
0.20
0.20
0.00
0.00
0.00
0.00
0.20
0.00
0.00
0.00
0.00
0.00
0.00
5.00
22.60
11.20
20.60
3.00
7.00
1.20
0.00
0.00
0.00
0.00
0.00
16.20
2.60
0.00
0.00
0.00
0.20
0.00
0.00
15.80
0.00
4.60
0.00
0.00
2.60
7.40
0.00
0.00
0.00
0.00
6.40
18.60
0.00
0.60
0.00
1.60
15.00
1.80
0.40
0.00
0.60
0.00
0.00
1.60
6.20
3.00
0.00
0.00
0.00
0.20
0.00
0.00
0.00
0.00
0.00
0.00
0.00
0.00
0.00
0.00
3.60
0.20
1.00
1.20
0.20
0.00
0.00
0.00
0.00
0.00
0.00
0.00
0.00
0.00
0.00
0.00
0.20
0.20
7.80
0.20
0.00
0.00
0.00
3.00
0.00
0.00
0.00
0.00
0.00
0.00
0.00
0.00
0.00
0.00
0.00
0.00
0.00
0.00
0.00
0.20
7.80
9.80
0.00
0.00
10.20
0.00
0.00
0.00
0.00
0.00
0.00
0.00
0.00
0.00
0.00
0.00
0.00
0.00
0.00
0.00
0.00
0.00
0.00
6.60
0.00
0.00
0.00
0.00
0.00
1.40
0.00
0.00
0.40
0.00
2.20
0.20
0.00
0.00
0.00
0.00
0.00
0.00
0.00
0.00
0.00
0.00
0.00
0.00
4.00
0.00
0.00
0.00
0.00
0.00
1.60
0.40
0.00
0.00
0.00
1.00
1.00
0.20
0.20
0.00
0.00
0.00
0.00
7.40
0.00
0.20
0.00
0.20
0.20
0.00
0.00
0.00
0.00
0.00
0.00
0.00
0.00
0.00
0.00
0.00
0.00
0.00
0.20
0.00
0.00
0.20
0.00
0.00
0.00
0.00
0.00
0.20
0.00
0.00
0.00
0.00
0.00
0.00
0.00
0.00
0.20
0.60
1.40
0.00
0.00
0.00
0.00
7.80
0.80
21.00
0.20
2.60
0.00
1.00
0.00
0.20
0.20
0.00
0.00
0.40
0.00
0.00
0.00
0.20
0.00
0.00
0.00
0.00
0.00
0.00
0.00
0.20
0.20
0.20
0.00
0.20
0.20
0.00
0.20
0.00
0.00
1.80
2.60
0.20
12.40
0.00
0.20
7.00
2.60
0.40
3.40
7.80
1.00
0.20
0.40
0.00
0.20
0.40
0.40
0.00
0.20
0.00
0.00
0.00
0.20
0.00
0.00
0.20
0.60
0.00
0.00
0.00
0.00
0.00
0.00
0.20
0.20
0.00
0.40
0.20
0.40
0.20
0.00
0.20
0.20
0.40
0.20
0.00
0.40
0.00
0.00
0.60
0.00
0.00
0.00
0.20
0.20
0.00
0.20
0.00
0.00
0.00
0.00
0.00
0.00
0.00
0.00
0.00
0.00
0.00
0.00
0.20
1.00
1.80
4.20
0.00
0.00
0.00
0.00
0.00
0.00
0.00
0.00
0.00
0.00
0.00
0.00
0.00
2.20
0.80
0.00
0.00
0.00
0.00
0.00
1.60
0.00
0.00
0.20
0.00
0.00
0.00
0.00
0.00
0.00
0.00
0.00
0.00
0.00
0.00
0.00
0.00
0.00
0.00
0.00
0.20
9.40
0.00
0.20
0.00
0.00
0.00
0.20
0.20
0.00
0.00
4.60
2.00
0.00
0.00
0.20
0.00
0.20
0.00
0.00
0.00
0.00
0.00
4.80
0.40
0.00
0.00
0.00
0.00
0.00
0.00
0.60
0.00
1.00
0.00
0.00
0.00
0.00
0.00
0.00
0.00
0.00
0.00
0.00
0.00
0.00
0.00
0.00
1.40
0.80
7.00
1.20
17.60
0.20
0.40
15.60
21.20
0.00
0.00
0.00
0.00
2.40
0.00
0.00
0.00
0.00
0.00
0.00
0.00
0.80
0.80
0.00
0.00
0.00
0.00
0.00
0.00
0.00
0.00
0.00
0.00
4.40
0.00
0.40
0.00
0.00
0.00
0.00
0.00
0.00
16.00
4.20
0.00
1.20
0.60
0.00
0.00
1.40
2.80
0.00
0.00
0.00
0.00
0.00
0.60
0.00
0.00
0.00
0.00
0.00
0.00
0.00
0.00
0.00
0.00
0.00
0.00
0.00
0.00
0.00
0.00
0.00
0.00
0.00
0.00
0.00
0.00
0.00
3.00
0.00
0.00
0.40
9.60
14.20
0.20
0.00
0.00
0.00
0.00
0.00
4.20
1.60
0.00
0.00
0.00
0.00
0.00
0.80
1.20
0.00
0.60
0.00
0.00
0.00
0.00
0.00
0.00
0.00
0.00
0.00
0.00
0.00
0.00
0.00
0.00
0.00
0.00
0.80
0.80
7.80
7.80
0.20
0.00
0.00
0.00
0.00
0.00
0.00
1.00
12.20
0.00
0.00
0.00
0.00
0.00
0.00
0.00
0.00
0.00
0.00
0.00
0.00
0.00
0.00
0.00
0.00
0.00
0.00
0.00
0.00
0.20
0.00
1.60
0.00
7.40
18.00
24.60
20.00
0.20
0.00
5.40
0.40
0.20
1.40
2.00
19.40
0.40
0.20
0.00
0.00
2.00
0.20
0.20
0.40
0.00
0.00
0.00
0.00
0.00
0.20
0.00
0.00
6.80
0.80
2.80
1.20
25.40
15.20
3.20
0.20
0.00
0.20
0.40
0.00
0.00
0.20
0.00
0.00
0.20
0.00
0.00
0.00
0.00
0.00
0.20
12.40
0.00
0.80
0.80
0.00
0.00
0.00
0.20
0.00
0.00
0.20
0.20
0.00
0.20
0.20
0.00
0.40
0.00
0.20
0.20
0.20
0.20
0.20
0.00
0.00
0.00
0.20
0.20
0.20
0.40
0.00
0.00
0.00
0.00
0.00
2.20
18.80
11.40
3.80
2.20
0.40
0.00
0.20
0.00
0.20
0.00
0.00
0.00
0.00
0.40
0.20
0.20
0.20
0.00
0.00
0.20
0.20
0.00
1.60
7.20
6.80
3.00
1.20
1.40
0.40
0.00
0.20
0.20
0.20
0.00
0.20
0.20
0.00
0.00
0.20
0.20
0.00
0.00
0.00
4.60
0.00
0.00
0.00
0.20
0.00
0.80
1.60
0.00
0.00
0.00
0.20
0.00
0.80
0.20
0.00
0.00
0.00
0.00
0.40
0.00
0.00
0.00
0.00
0.20
0.00
0.00
0.60
0.60
13.60
0.20
0.00
1.60
0.20
0.00
0.00
0.60
0.00
0.00
0.00
0.00
0.00
0.00
0.00
0.00
0.00
1.60
0.20
0.20
0.00
0.00
0.00
0.00
0.00
0.00
1.20
0.00
2.00
0.20
0.00
0.00
0.00
0.00
0.00
0.00
0.00
0.00
0.80
0.00
0.00
0.00
0.00
0.00
0.00
0.20
0.60
0.00
1.00
0.20
0.00
0.00
0.00
0.00
12.80
0.00
0.00
0.00
0.00
0.00
0.00
0.00
0.00
0.00
0.00
0.00
0.00
0.00
0.00
0.00
0.00
0.00
0.00
0.00
0.00
0.00
0.00
0.00
0.00
0.00
0.00
1.20
0.00
0.00
0.00
0.00
0.00
0.00
19.80
0.00
0.00
0.00
0.00
0.00
1.00
0.00
0.00
-99.00
-99.00
-99.00
-99.00
-99.00
-99.00
-99.00
-99.00
-99.00
-99.00
-99.00
1.00
0.00
0.00
0.00
0.00
0.00
0.00
0.00
0.00
1.40
2.80
0.00
0.00
2.40
0.00
0.00
-99.00
0.00
0.00
0.00
0.00
5.40
0.00
0.00
0.00
0.00
0.00
0.00
0.00
0.00
0.00
0.00
0.00
0.00
0.00
0.00
0.00
0.00
0.00
0.00
24.40
0.00
0.00
0.00
0.00
0.00
0.00
0.00
0.20
0.00
0.00
0.00
0.00
0.00
0.00
0.00
0.00
0.00
0.00
0.00
0.00
0.00
0.00
0.00
0.00
0.00
0.00
0.00
34.40
32.40
20.40
0.00
1.20
0.00
0.00
0.00
0.00
0.00
0.80
9.40
0.60
0.00
0.00
0.00
0.00
0.00
0.00
0.00
0.00
0.00
0.00
0.00
0.00
0.00
0.00
0.00
0.00
4.20
0.40
0.20
0.00
0.00
0.00
0.00
22.20
6.00
1.40
0.20
0.20
9.60
0.20
0.00
0.00
0.00
0.00
0.20
0.20
0.00
0.20
0.00
0.00
0.00
0.00
0.20
0.00
0.00
0.00
0.40
0.60
0.20
0.40
0.20
0.00
15.80
0.80
0.00
0.00
0.00
0.00
0.00
0.00
0.00
0.00
0.00
0.20
0.00
0.20
0.20
0.20
0.00
0.00
0.00
0.20
10.60
0.20
8.80
0.00
0.20
0.20
0.00
0.20
0.20
0.20
0.20
0.60
0.20
0.20
0.20
0.00
0.40
0.20
0.20
0.40
0.20
0.20
0.00
0.00
0.00
0.00
0.00
0.00
0.20
0.00
0.20
0.20
0.40
0.40
0.20
1.20
0.60
0.40
0.20
0.40
0.20
0.00
0.20
0.20
0.20
0.20
0.20
2.80
0.00
0.00
1.20
0.00
0.00
0.00
0.00
4.00
1.60
0.00
0.20
0.20
0.20
0.00
0.20
0.20
3.40
4.20
0.80
0.00
1.00
0.00
0.00
0.00
0.00
4.80
0.00
0.00
0.20
0.00
0.00
0.00
0.00
0.00
0.00
0.00
0.20
0.00
0.00
0.00
0.00
0.00
0.00
12.40
0.00
0.00
0.00
0.00
0.00
0.00
0.00
0.60
3.40
0.20
0.00
0.00
0.00
0.00
0.00
0.00
0.00
0.00
0.00
0.00
0.20
0.00
1.20
11.80
41.80
30.00
20.00
4.60
8.80
0.60
0.00
0.00
0.00
0.00
0.00
7.20
13.00
5.40
0.80
0.20
1.40
0.00
0.00
0.00
2.40
0.00
0.00
0.00
0.00
2.20
0.00
2.20
0.20
3.60
23.20
0.20
4.60
2.00
0.20
0.00
0.00
0.00
0.00
0.00
0.00
0.00
0.00
5.00
0.00
0.00
0.00
0.00
6.60
0.20
0.00
0.80
0.00
0.00
4.00
1.20
1.00
0.20
0.00
0.40
0.20
0.00
0.00
0.00
4.40
0.00
0.00
0.00
0.00
0.00
0.00
0.00
0.00
0.00
1.80
3.00
0.00
0.00
1.00
0.40
0.00
0.00
0.00
0.00
1.80
0.00
1.80
0.00
0.00
0.00
0.00
4.80
0.00
0.00
0.00
0.00
0.00
0.00
0.00
0.00
0.00
0.00
0.00
0.00
0.00
0.00
0.00
0.00
0.00
0.00
0.00
0.00
0.00
0.00
0.00
0.00
0.00
0.00
0.00
0.00
0.00
0.00
0.00
0.00
0.00
0.00
2.40
0.00
1.80
0.00
0.00
0.00
0.00
0.00
0.00
0.00
0.00
0.00
0.00
0.00
0.20
0.00
0.40
0.00
0.80
0.20
0.20
0.00
0.00
0.00
1.20
0.00
0.00
0.00
0.00
0.00
0.00
0.00
0.00
0.00
0.00
0.00
0.00
0.00
0.00
0.00
0.00
0.00
0.00
3.20
0.00
0.00
0.00
1.00
0.00
0.00
0.00
0.00
0.00
0.00
0.00
7.60
0.00
0.00
0.20
10.40
17.40
13.00
0.20
0.20
0.60
0.20
0.00
0.40
0.00
0.00
0.00
0.20
0.00
1.00
0.20
0.00
0.20
0.00
0.00
1.20
0.00
0.00
0.00
0.00
0.00
0.00
0.00
0.00
0.00
0.00
0.00
0.00
0.00
0.20
0.20
0.00
0.00
0.20
0.00
0.00
0.00
0.00
0.00
0.00
0.00
0.00
0.00
14.60
0.40
0.20
0.00
0.20
0.20
0.20
0.20
0.20
0.20
0.20
0.20
0.00
0.00
0.00
0.20
0.20
0.00
0.00
0.00
0.00
0.00
0.00
0.00
0.00
0.00
0.00
0.20
0.40
0.00
0.40
0.20
0.00
0.00
0.40
0.40
0.20
0.20
0.20
0.00
0.40
0.20
0.00
7.20
7.80
0.20
0.20
0.00
0.40
1.00
0.00
0.00
6.60
0.00
0.00
0.60
0.20
4.40
0.00
0.00
0.40
0.40
0.60
0.40
0.40
0.00
0.20
0.20
0.20
0.60
0.20
0.20
0.00
0.80
0.00
2.40
1.40
0.00
0.00
0.00
0.00
0.00
0.00
0.00
0.00
0.00
0.00
0.00
0.00
0.20
3.20
0.20
1.00
0.00
0.20
0.20
0.40
4.00
0.00
0.20
0.40
0.00
0.20
0.20
0.00
0.00
0.40
0.00
0.00
0.00
1.00
0.00
0.00
0.00
0.00
0.00
0.00
0.00
0.00
0.00
0.20
0.00
0.00
0.00
0.00
0.40
0.00
0.20
1.40
0.20
0.00
2.40
0.00
0.00
0.00
0.00
0.00
0.00
0.00
0.00
0.00
12.80
7.60
2.60
0.20
2.20
1.80
0.00
0.00
6.40
11.60
4.00
21.20
0.20
0.00
0.00
0.00
0.00
0.00
0.00
0.20
0.00
0.00
0.00
0.00
0.00
0.00
0.00
0.00
0.00
0.40
10.80
22.60
2.20
8.00
0.00
13.40
0.40
4.80
2.40
0.80
12.00
0.20
0.00
0.60
10.00
17.20
19.40
3.60
1.60
11.60
0.00
0.00
3.80
14.00
0.80
10.40
0.20
0.20
0.00
0.00
0.00
0.80
2.00
0.60
0.00
0.00
0.00
0.00
11.00
1.80
0.00
0.00
0.00
0.00
0.00
0.00
0.00
0.00
11.40
10.60
0.00
0.00
9.00
0.00
0.00
0.00
0.00
0.00
0.00
0.00
0.00
0.00
0.00
22.60
24.80
0.00
0.00
0.00
0.00
0.00
0.00
0.00
0.00
0.00
0.00
0.00
0.00
0.00
0.00
0.00
0.00
0.00
0.80
0.00
0.00
0.00
0.00
0.00
1.00
0.20
0.00
0.00
0.00
0.00
0.00
0.00
0.00
38.80
0.00
3.20
2.40
0.00
3.00
0.00
0.00
0.20
0.00
0.00
0.00
0.00
3.60
0.00
0.00
0.00
0.00
0.00
0.00
0.00
0.00
0.00
2.20
0.20
0.00
0.00
0.00
7.00
0.00
0.20
0.00
0.00
0.00
0.00
0.00
0.00
0.00
0.00
1.60
6.00
0.80
0.00
1.20
0.00
0.00
0.20
0.00
0.00
0.00
0.00
0.00
0.00
0.00
0.00
0.00
0.00
0.00
0.00
2.60
0.00
0.60
0.20
0.00
0.00
22.40
0.00
0.00
0.20
15.40
0.60
0.00
0.00
0.20
0.20
18.00
7.00
1.20
9.60
8.60
61.20
0.20
0.00
0.00
0.00
0.60
0.20
0.20
0.00
0.20
3.40
0.20
0.00
0.00
0.40
0.20
0.00
0.20
0.20
0.20
0.20
0.20
0.00
0.20
0.00
0.00
0.00
2.00
0.00
0.20
0.00
0.00
0.00
0.20
0.00
0.00
1.20
4.40
0.00
0.00
0.20
15.60
0.60
0.00
0.00
0.20
0.20
0.00
0.40
0.40
0.20
0.20
0.00
0.20
6.40
4.20
0.20
9.60
0.00
0.00
0.20
5.80
0.00
0.00
0.20
0.00
0.00
0.00
5.20
3.20
0.00
0.00
0.00
0.00
0.20
0.20
0.00
0.20
0.40
0.00
0.00
3.60
1.40
0.40
0.20
0.00
0.00
0.00
0.00
0.20
9.80
21.60
2.20
0.00
0.20
1.40
1.00
0.20
0.00
0.00
0.00
0.00
0.00
0.00
0.00
0.00
0.00
0.20
0.00
0.00
0.20
0.20
0.20
0.00
0.20
0.00
0.20
0.20
0.80
4.60
0.40
0.00
9.60
0.20
0.00
0.00
0.00
0.00
0.00
0.00
0.20
0.00
0.00
0.00
0.00
0.00
0.00
0.00
0.00
0.00
0.00
0.00
0.00
0.00
0.00
0.00
19.00
3.40
0.80
9.40
0.00
4.00
0.00
0.00
0.00
1.00
39.60
1.80
0.00
10.60
19.80
0.40
0.00
0.20
13.60
0.20
10.40
0.20
0.00
0.20
0.00
0.00
0.00
0.00
0.20
27.60
0.00
0.00
0.00
0.20
0.00
0.00
0.00
0.00
0.00
0.00
0.00
0.00
0.20
1.80
0.00
0.00
0.20
0.40
0.00
0.00
0.00
0.00
0.00
0.00
0.00
0.00
0.00
0.00
0.00
0.00
0.00
0.00
0.00
0.40
2.80
0.20
0.00
0.00
0.00
10.80
0.20
0.00
10.60
0.00
0.00
0.00
0.00
0.00
0.00
0.00
1.60
0.00
0.00
0.00
1.40
0.00
0.00
0.00
0.00
3.00
0.00
0.00
0.00
0.00
0.00
0.00
0.00
4.60
1.60
0.00
24.00
1.00
0.00
0.00
0.00
0.00
0.00
0.00
0.00
0.00
0.00
0.00
0.00
0.00
0.00
2.20
0.00
0.00
0.00
0.00
0.00
0.00
0.00
0.00
0.00
0.00
3.00
0.00
0.60
0.00
0.20
0.00
0.40
14.40
15.00
0.20
0.20
0.60
0.00
0.00
0.00
0.00
0.00
0.00
0.00
0.00
0.00
0.00
0.00
0.40
0.60
0.00
0.00
0.00
0.00
0.00
0.00
0.40
0.00
0.00
0.00
0.00
0.00
0.00
0.00
0.00
0.00
6.00
0.80
6.80
0.00
0.40
0.00
19.00
2.80
0.00
0.00
0.20
0.00
0.00
0.00
0.00
0.00
9.40
0.20
0.00
1.00
54.00
0.20
0.00
0.00
0.00
0.00
1.00
11.80
0.00
0.00
0.00
0.00
0.00
0.00
0.00
0.00
0.00
0.00
0.00
6.80
17.20
9.60
0.00
0.20
0.00
0.00
0.40
0.20
0.40
0.20
0.20
1.00
4.00
0.00
0.00
0.00
0.00
0.00
0.00
0.00
0.00
0.00
0.00
0.00
0.00
0.00
0.00
0.00
0.00
0.00
0.00
0.20
0.40
0.00
0.20
0.00
1.20
0.20
0.00
5.60
0.00
0.00
0.20
0.00
0.00
0.20
0.20
0.00
0.00
0.20
0.20
0.20
0.40
0.20
4.20
0.00
0.00
0.00
0.00
0.00
0.00
2.20
12.60
11.60
8.40
1.40
9.80
0.40
0.80
2.00
1.40
2.20
0.00
0.00
0.20
7.20
5.80
0.00
5.40
1.00
1.00
0.00
0.00
9.00
8.60
6.80
0.00
0.20
0.00
0.40
0.80
0.00
0.00
0.20
0.00
0.00
12.40
3.80
0.00
0.20
0.20
0.00
0.00
0.20
0.00
0.00
5.80
0.80
0.00
0.00
6.00
0.20
0.00
0.00
0.00
0.00
0.00
0.80
7.20
1.80
0.20
2.80
0.00
0.80
0.80
2.00
0.60
1.00
0.00
3.00
0.00
0.00
7.60
5.60
0.20
0.00
0.00
7.80
8.20
0.00
0.00
0.60
0.00
0.00
0.00
0.00
0.00
0.00
0.00
0.20
0.00
10.40
1.80
0.00
2.80
8.60
0.60
0.00
0.00
0.00
2.80
1.00
0.00
0.00
2.60
0.00
0.00
0.00
1.40
0.20
0.00
0.00
0.00
8.60
0.20
1.00
1.00
0.00
0.00
0.00
0.20
0.00
0.00
0.00
11.40
0.20
0.00
0.00
0.00
0.00
0.00
0.80
2.00
2.80
18.80
0.00
0.00
0.00
0.20
0.20
3.80
3.00
0.20
1.40
0.20
1.80
4.60
0.00
0.00
0.00
0.00
0.00
0.00
0.00
0.20
0.00
0.00
0.00
0.00
17.00
0.00
0.00
0.00
0.00
0.00
0.00
0.00
0.00
1.00
0.00
4.20
35.60
13.60
6.60
1.20
0.20
3.60
0.00
0.00
0.00
0.00
0.00
0.00
0.00
0.00
0.00
0.00
0.00
0.00
0.00
0.40
0.00
0.00
0.00
0.00
0.00
9.40
0.00
0.00
0.00
0.00
0.00
0.00
0.00
0.00
0.00
0.00
0.00
0.00
0.00
0.00
0.00
0.60
0.00
0.00
0.00
0.00
0.00
0.00
0.00
0.00
0.00
0.00
0.00
0.60
11.20
0.00
0.00
0.00
0.00
0.00
0.00
0.00
0.00
0.00
0.00
0.00
0.00
0.00
0.00
0.00
0.00
1.60
0.20
0.00
0.00
0.00
0.00
0.00
0.00
0.00
0.00
0.00
0.00
0.00
0.20
0.00
0.00
0.00
0.00
0.60
0.00
0.00
0.00
0.00
0.00
0.00
0.00
0.00
0.00
0.20
32.00
8.40
0.00
18.20
7.20
0.00
8.00
0.60
0.00
0.00
0.00
0.00
0.00
0.00
0.20
0.00
2.60
0.40
0.00
0.00
0.00
0.00
63.00
4.20
6.20
3.20
0.20
0.20
0.20
0.20
0.00
0.00
0.20
0.00
0.00
0.20
0.20
0.00
0.00
0.00
0.00
0.00
0.80
1.80
3.80
0.00
0.00
0.00
0.20
0.20
0.20
0.00
9.00
0.00
0.00
0.00
0.00
0.40
1.20
0.80
0.00
0.00
0.20
0.00
8.60
0.20
0.20
0.00
0.20
0.20
0.00
0.00
0.00
0.00
6.00
0.60
0.00
0.00
0.00
0.60
0.60
0.20
1.00
0.00
0.20
0.20
0.40
0.20
0.20
0.00
0.00
0.00
0.00
0.00
0.00
15.40
3.00
2.00
0.00
0.00
0.00
0.00
0.00
0.00
0.00
0.00
0.00
0.20
0.20
0.20
1.40
0.40
0.00
1.00
0.80
0.00
0.00
0.00
0.20
0.20
0.40
0.00
0.20
0.20
0.20
0.20
0.20
0.00
0.00
0.00
0.00
0.00
0.00
16.60
0.00
0.20
0.00
0.20
0.00
0.00
0.00
0.20
0.00
0.00
0.00
0.00
0.00
0.00
0.20
0.20
1.00
0.20
0.00
9.80
0.20
3.80
0.00
0.20
0.00
0.00
0.00
0.00
0.00
0.00
0.00
0.00
0.00
2.40
1.80
0.00
0.00
0.00
0.00
0.00
0.20
4.80
43.60
0.00
2.20
19.20
2.20
0.00
0.00
0.20
0.00
0.00
0.40
0.00
0.00
0.00
0.00
0.80
0.00
0.00
1.20
0.00
0.00
0.00
0.60
0.00
0.00
0.00
0.00
0.00
0.00
0.00
0.00
0.00
0.20
0.00
0.20
0.00
0.00
0.00
0.00
0.00
0.00
2.60
15.80
1.80
8.20
0.00
0.00
3.30
0.10
0.00
0.00
1.40
0.10
0.00
0.60
0.00
29.50
0.10
0.00
0.00
0.00
0.00
0.00
0.00
0.00
0.00
0.00
0.00
0.00
0.00
0.00
0.00
0.00
0.00
0.00
4.10
0.00
0.00
0.00
8.70
8.80
0.00
0.70
6.40
17.40
0.10
0.00
51.50
0.10
0.00
7.70
0.00
2.40
0.00
0.00
0.00
0.00
0.00
0.00
0.00
0.00
0.00
0.00
0.00
0.00
0.00
0.00
0.00
0.00
0.00
0.00
0.00
0.00
11.30
3.50
0.00
0.00
0.00
0.00
0.00
0.00
0.00
7.00
0.40
0.00
0.00
0.00
0.00
0.00
2.30
0.00
0.00
0.00
0.00
0.00
0.00
0.00
0.00
0.00
0.00
8.20
0.00
0.00
0.00
0.00
0.00
0.00
0.00
0.00
0.00
0.00
0.00
0.00
0.00
0.10
0.00
0.00
0.00
0.00
0.00
0.00
0.00
0.00
0.00
0.00
0.00
0.00
0.00
0.00
0.00
0.00
0.00
0.40
0.00
23.00
0.30
0.00
0.10
0.00
0.00
0.00
0.00
0.00
0.00
0.00
0.00
0.00
0.00
0.00
0.00
0.00
0.00
0.00
0.00
0.00
0.00
3.60
0.00
0.00
0.00
0.00
0.00
0.00
0.00
0.00
0.00
0.00
0.00
0.00
0.00
0.00
0.00
0.00
0.00
0.00
0.00
0.00
0.00
0.00
0.00
0.00
0.00
0.00
0.00
0.00
0.10
10.50
0.10
1.20
21.00
5.10
0.50
0.10
0.10
0.00
0.10
11.90
46.60
1.20
0.00
0.60
0.10
0.20
0.00
0.00
0.10
0.00
1.50
44.30
3.60
0.10
0.20
1.60
0.90
4.90
6.20
0.00
0.30
0.50
0.40
0.20
0.30
0.30
0.50
0.30
0.00
0.00
0.00
0.10
0.10
0.00
0.20
0.10
0.40
0.10
0.00
0.10
0.00
0.00
0.30
0.00
0.00
0.00
0.10
0.00
0.10
0.40
0.20
0.20
0.20
0.00
0.00
0.10
0.00
0.10
0.20
0.10
0.00
0.10
0.10
0.00
0.00
0.10
0.10
0.20
0.30
0.20
0.30
0.10
0.10
0.00
0.00
0.20
0.20
0.10
0.10
0.00
0.10
0.20
0.10
0.20
0.30
0.30
0.00
0.00
0.00
5.40
0.10
0.00
0.00
0.00
0.00
0.00
0.00
0.00
0.00
0.00
0.00
0.00
0.00
0.00
0.00
0.00
0.00
0.00
0.00
0.00
0.00
0.00
0.00
0.00
0.00
0.00
0.00
0.00
0.00
0.00
0.30
0.00
0.00
0.00
0.00
0.00
0.00
0.00
0.00
0.00
0.00
0.00
0.00
0.00
0.00
0.00
0.00
5.30
72.20
6.30
0.10
0.00
0.00
0.00
0.00
0.00
0.00
0.00
0.00
0.00
0.00
13.40
0.90
3.80
8.30
0.00
0.00
0.00
1.90
0.00
0.00
0.40
0.00
0.00
0.00
1.00
1.10
1.10
0.00
5.70
0.10
0.00
0.00
0.00
0.00
0.00
10.50
0.00
21.40
0.10
0.00
0.00
1.60
4.30
0.10
0.00
1.30
0.00
0.00
0.00
1.20
0.40
0.00
0.00
0.00
0.00
7.40
27.20
8.40
0.20
0.00
0.00
0.00
0.00
0.00
0.00
0.00
4.90
0.00
0.00
0.00
0.00
7.70
0.00
0.00
0.00
0.00
0.00
0.00
0.00
0.00
0.00
0.00
0.00
0.00
0.00
0.00
0.30
17.30
0.10
0.00
0.00
0.00
0.00
0.00
0.00
0.00
0.00
0.00
0.00
0.00
0.00
0.00
0.00
19.60
0.00
0.00
0.00
0.00
0.00
0.00
0.00
0.00
0.00
0.00
0.00
0.00
0.00
0.00
0.00
0.00
0.00
0.00
0.00
0.00
0.00
5.20
0.00
0.00
0.00
0.00
0.00
0.00
0.00
0.00
9.20
0.10
0.00
0.00
0.00
0.00
0.00
0.00
0.00
0.00
0.00
0.00
0.00
0.00
0.00
0.00
0.00
6.10
0.00
0.00
0.00
0.00
0.00
0.00
8.80
0.90
0.00
0.00
0.00
0.00
0.00
0.00
0.00
0.00
22.90
0.00
0.00
0.00
0.00
0.00
0.00
0.00
0.00
0.00
0.00
0.00
0.00
0.00
0.00
4.30
0.20
0.00
0.40
0.00
1.20
53.80
0.20
0.10
0.00
0.00
0.00
0.00
0.00
0.00
0.00
0.00
5.60
3.20
0.00
0.00
1.80
0.10
0.00
0.00
0.00
18.40
9.00
17.50
0.00
0.00
0.10
18.70
16.30
0.10
0.00
0.00
6.10
4.80
0.00
0.00
0.00
4.60
0.00
0.00
0.00
0.60
11.20
3.50
0.10
0.20
0.10
0.10
0.20
0.20
12.50
0.30
0.10
0.20
0.00
0.10
0.20
0.00
0.00
2.10
2.00
0.00
0.00
0.00
0.20
0.10
0.10
0.00
0.00
0.00
0.10
0.00
0.00
0.00
0.10
0.10
0.50
8.30
0.60
1.70
0.10
0.00
0.00
0.00
0.00
0.00
0.10
0.00
0.00
0.00
0.30
0.20
0.20
0.10
0.20
0.10
0.10
0.10
0.20
0.20
0.10
0.10
0.20
0.30
0.20
0.30
1.50
0.50
0.00
0.10
0.00
0.00
2.10
24.00
2.90
0.10
0.00
0.00
0.90
0.00
0.20
2.60
0.00
0.00
0.10
0.10
1.10
0.00
0.00
0.00
0.00
0.00
0.00
0.00
0.00
1.30
0.00
0.00
0.00
0.00
0.10
0.10
0.00
0.00
0.00
0.10
0.10
0.40
1.70
0.00
0.00
0.00
0.00
0.30
0.00
0.00
0.00
0.30
19.10
35.90
3.30
4.00
0.20
0.10
0.90
0.00
0.00
0.00
0.00
0.40
8.20
2.00
0.70
0.70
0.00
1.10
0.10
0.00
7.60
0.10
4.10
0.70
8.80
0.00
0.10
3.40
0.00
2.10
6.40
0.10
0.00
0.00
0.00
0.00
0.00
0.00
0.00
0.00
0.00
0.00
0.00
0.00
0.00
1.20
0.00
0.00
0.00
0.00
0.00
6.60
11.00
16.80
9.70
18.70
8.60
0.10
0.00
0.00
0.00
0.00
0.00
0.00
0.00
2.90
0.00
0.00
0.00
0.00
1.70
11.10
0.10
7.90
0.30
0.30
4.10
0.10
0.00
0.00
0.00
0.00
0.50
0.10
0.00
0.00
0.00
0.00
0.00
0.00
0.00
0.00
0.00
0.00
0.00
13.80
1.80
0.00
0.00
0.00
1.10
0.00
0.00
0.00
14.10
8.00
0.40
0.00
0.00
0.00
0.00
0.00
0.00
0.00
0.00
0.00
0.00
0.00
1.00
0.00
0.00
0.00
0.00
0.00
0.00
0.00
0.00
78.70
0.30
0.00
9.80
15.00
0.00
0.00
0.60
4.10
0.00
0.90
0.00
0.00
5.10
0.00
0.00
0.00
0.00
0.20
0.00
0.00
0.00
0.00
0.00
0.00
0.00
0.00
0.00
13.50
0.10
0.00
0.00
0.00
8.10
0.00
0.00
0.00
22.00
0.00
0.00
0.00
0.00
0.00
0.00
0.00
0.00
0.00
0.00
0.00
0.00
0.00
0.00
0.00
0.00
0.00
0.00
0.00
0.00
1.30
15.00
0.20
0.10
10.30
0.00
0.00
0.00
0.00
0.00
0.00
0.00
0.00
0.00
0.00
0.00
0.00
0.00
0.00
0.00
0.00
0.00
0.00
0.00
0.00
0.00
0.00
2.80
5.90
0.10
0.00
0.00
0.00
0.00
0.00
0.00
0.00
0.00
0.00
0.00
0.00
0.00
0.00
0.00
0.10
0.40
3.40
0.10
0.00
0.00
0.00
0.00
0.00
0.00
0.00
0.00
0.00
0.00
0.00
1.10
0.00
0.00
0.00
0.00
0.00
0.00
0.00
0.00
0.00
0.10
0.00
18.70
22.60
13.30
0.00
0.00
0.00
0.00
0.00
0.00
0.10
0.10
0.10
0.00
0.10
0.00
0.00
0.20
0.00
0.10
0.20
0.10
0.50
0.10
0.30
0.10
0.10
0.20
0.50
0.10
0.40
0.00
0.00
0.00
3.10
0.10
0.00
0.00
0.10
7.40
3.00
0.00
0.00
2.80
0.00
0.10
0.20
1.10
0.20
0.00
8.20
0.00
0.10
0.10
0.10
0.00
0.00
0.00
0.10
2.90
0.00
0.20
0.20
0.20
24.60
0.10
0.00
0.00
1.60
0.10
0.00
0.00
0.00
0.00
3.30
1.90
0.10
0.00
2.00
0.00
0.20
4.80
2.80
0.20
0.30
1.10
6.40
1.40
0.10
0.10
0.00
0.00
0.40
1.30
0.20
0.00
0.00
0.10
0.00
0.00
0.00
0.00
1.30
0.00
0.00
0.50
0.00
0.10
4.40
0.00
0.00
0.00
0.10
0.00
0.00
0.00
0.00
0.00
0.00
0.00
0.00
0.00
0.00
0.00
0.00
0.00
0.00
3.10
0.00
0.90
0.00
0.00
0.00
0.00
0.00
24.00
5.90
0.00
1.60
53.20
0.00
0.00
0.00
0.00
0.00
0.00
0.00
0.10
0.00
0.00
0.00
0.00
0.00
0.00
0.00
0.90
2.00
7.10
0.10
0.00
5.30
0.00
0.10
0.00
0.00
0.00
0.00
0.00
0.00
0.00
0.00
0.00
0.00
0.00
0.00
0.00
0.00
0.00
0.40
0.00
0.00
0.00
0.00
0.00
0.00
0.00
0.00
1.00
0.00
0.00
0.00
2.20
10.20
0.00
27.70
0.30
1.70
8.80
0.00
0.00
0.00
0.30
0.00
0.00
0.00
0.00
0.00
0.00
0.00
0.40
0.00
0.00
0.00
0.00
10.90
0.00
0.00
0.00
0.00
0.00
0.00
29.20
0.20
0.10
0.00
0.00
0.00
0.00
3.40
9.70
6.20
0.00
0.00
0.00
4.60
0.00
0.00
0.00
0.00
0.00
0.00
0.00
0.00
0.00
0.00
0.50
0.30
0.10
0.00
0.00
0.00
0.00
1.50
0.00
0.00
0.00
0.00
0.00
0.00
2.20
10.30
0.00
0.00
2.40
0.00
0.00
0.00
0.00
0.00
0.00
0.00
0.00
0.00
0.00
0.00
0.00
0.90
0.00
3.00
0.20
38.20
0.00
0.00
0.00
0.00
0.00
0.50
0.00
0.00
0.00
0.00
0.00
0.00
3.90
0.00
0.00
0.00
13.70
0.00
0.00
0.80
0.00
0.00
3.00
0.00
13.80
0.10
0.00
21.40
0.00
0.00
12.80
25.40
0.10
0.00
0.00
0.00
9.50
0.00
3.50
0.10
0.10
0.00
0.00
4.30
0.00
0.00
0.00
5.40
0.10
0.10
25.00
0.10
1.10
0.00
0.00
0.00
0.00
0.00
0.00
0.00
0.00
0.00
0.00
0.00
0.00
0.00
0.00
0.00
0.00
0.10
0.00
0.20
4.10
15.60
0.20
0.10
0.00
0.10
3.50
0.10
4.60
0.00
0.00
4.10
1.20
0.10
0.00
0.00
0.00
0.00
0.10
0.00
0.00
0.50
0.00
24.00
6.90
22.00
52.40
6.50
0.00
0.00
0.80
4.90
0.10
0.10
0.00
0.00
0.00
0.00
0.00
0.10
0.00
0.00
2.50
0.10
0.20
0.00
0.30
0.40
0.30
0.30
0.20
0.40
0.30
0.20
0.20
1.30
0.00
0.00
0.00
0.00
0.00
0.00
0.00
0.00
0.20
0.10
0.30
0.30
0.10
0.30
0.20
0.00
0.10
0.10
7.00
0.00
0.20
0.00
0.00
0.10
0.00
0.00
0.00
0.00
0.00
0.00
0.00
0.00
1.60
0.10
0.00
0.00
1.40
8.20
0.00
0.00
0.00
0.00
0.00
0.00
0.00
0.00
0.00
0.00
0.00
0.00
0.00
0.00
0.00
0.00
1.60
0.00
4.50
0.00
0.00
0.00
0.00
0.00
0.00
0.00
0.00
0.00
0.00
0.00
0.00
0.00
0.00
0.00
0.00
0.00
0.00
1.80
1.70
0.00
0.00
0.00
0.00
3.40
1.70
16.00
0.70
3.80
0.60
0.00
0.10
0.00
0.00
0.00
0.00
0.00
0.00
0.00
0.00
0.00
0.00
0.00
0.00
0.00
0.00
0.00
0.00
0.00
0.00
0.10
5.70
0.10
5.30
0.20
0.00
0.00
0.80
0.00
1.10
0.10
1.10
0.00
0.00
0.80
0.00
0.00
0.00
0.00
0.00
0.00
0.00
0.00
0.00
0.00
0.00
0.00
0.00
0.00
0.00
0.00
0.00
0.00
0.00
2.50
0.00
0.00
0.00
0.00
0.00
0.00
0.00
0.00
0.00
0.00
0.00
0.00
0.00
0.00
0.00
0.00
0.00
0.00
0.00
3.60
17.20
0.80
15.00
4.00
16.20
0.10
26.80
9.50
0.00
0.00
0.00
0.00
0.00
0.00
14.40
0.00
0.00
0.00
0.00
0.00
0.00
0.00
0.00
0.00
0.00
0.00
0.00
0.00
0.00
0.00
0.00
0.00
0.00
0.00
0.00
0.00
0.00
0.00
0.00
12.90
0.00
0.00
0.80
0.20
0.00
0.00
0.00
0.00
0.00
0.00
0.60
1.90
19.30
0.10
0.00
0.80
0.00
0.00
0.00
0.00
4.60
0.00
0.00
0.00
0.00
0.00
0.00
6.20
0.10
5.10
22.90
0.00
0.00
0.00
0.10
0.00
0.00
0.00
0.00
0.00
0.00
0.00
0.00
6.80
0.00
28.80
30.20
10.50
0.00
0.00
0.00
0.00
0.00
2.70
0.00
0.00
0.00
0.00
0.00
0.00
0.00
0.00
0.00
0.00
0.00
0.00
0.00
0.00
0.00
3.70
0.00
0.00
0.00
0.00
1.50
0.00
1.30
0.00
0.20
0.30
0.00
0.00
0.00
0.00
0.00
9.90
0.70
0.00
0.00
0.00
0.00
0.50
0.00
0.00
0.00
0.00
0.00
0.00
0.00
0.30
4.80
0.00
0.00
0.00
0.00
0.00
37.90
0.00
0.40
0.00
0.00
0.00
0.00
0.30
0.50
0.40
0.50
0.70
0.00
0.50
0.50
0.30
0.20
0.10
0.10
0.20
0.00
0.00
0.00
0.00
0.00
0.00
0.00
0.00
0.00
0.10
0.00
0.10
0.00
0.00
0.00
0.00
0.00
0.00
0.20
0.00
0.30
0.50
0.10
0.00
0.00
0.00
0.00
0.00
0.00
0.00
0.10
0.00
0.00
0.00
0.00
0.00
0.00
0.30
0.20
0.00
0.20
0.10
2.60
7.60
0.10
0.00
0.00
0.00
0.20
0.20
0.60
0.00
0.00
0.40
0.10
0.00
0.00
0.00
0.00
0.00
0.10
0.10
0.00
0.00
0.00
0.20
0.00
0.00
0.00
0.00
0.00
0.00
0.20
0.00
0.00
0.00
0.50
4.70
0.00
0.00
3.60
1.00
8.00
15.90
1.50
0.00
0.00
0.00
0.00
0.10
0.00
0.00
3.50
0.00
0.00
0.00
3.50
48.00
0.10
0.00
0.00
0.00
0.00
1.60
0.10
0.00
0.00
0.00
0.80
0.00
0.00
0.00
0.60
3.90
4.00
0.20
0.40
0.00
11.90
4.20
3.10
0.00
0.00
0.00
0.00
0.00
0.00
0.00
0.00
0.00
0.00
0.00
0.00
1.40
23.90
31.70
0.00
0.00
0.00
0.00
5.20
0.10
0.70
0.10
0.00
0.00
1.60
0.00
0.00
0.00
2.70
0.60
0.00
0.20
0.00
0.00
0.00
7.60
10.20
0.00
1.70
0.00
0.00
0.00
0.00
0.00
0.20
0.00
7.50
36.70
4.40
3.20
0.00
0.00
9.80
0.00
0.00
0.00
0.00
0.00
0.00
0.10
0.20
0.00
0.00
0.00
0.00
0.00
5.20
0.00
1.00
0.00
0.00
0.00
0.00
0.20
0.00
0.20
0.00
0.00
0.00
0.00
0.00
0.00
0.00
0.00
2.00
0.00
1.80
2.80
0.00
0.00
0.00
0.00
0.00
0.00
0.00
0.00
0.00
0.00
0.00
0.00
0.00
0.00
0.00
0.00
0.00
0.00
0.00
0.00
0.00
0.00
1.10
0.00
0.00
0.00
0.00
0.00
0.00
0.00
0.00
0.60
0.00
18.10
0.10
0.00
0.00
0.00
0.00
0.00
0.10
0.00
0.00
0.00
0.00
0.00
0.00
0.00
0.00
0.00
0.00
0.00
0.00
0.00
0.00
0.00
0.00
0.00
22.00
0.10
0.00
0.00
0.00
0.00
0.00
0.00
0.00
0.00
0.00
0.00
0.00
0.00
0.00
0.00
0.00
0.00
0.00
0.00
0.00
0.00
0.00
0.00
10.50
0.00
0.00
0.00
8.90
0.10
0.00
0.00
0.00
0.00
0.00
0.00
0.00
0.00
0.20
0.00
0.00
0.00
0.00
0.00
0.00
0.00
0.00
0.00
0.00
0.00
0.00
0.40
0.00
0.00
0.00
0.00
0.00
4.90
17.30
0.90
0.00
0.00
0.00
0.00
0.10
0.00
0.00
5.00
0.10
9.90
0.00
0.00
0.10
0.10
0.20
0.20
0.10
0.00
0.30
0.20
5.40
14.20
0.20
0.00
0.10
0.20
0.00
0.00
0.00
0.00
0.10
0.00
0.10
0.00
0.00
0.00
1.40
15.80
5.80
34.00
0.10
0.20
1.80
0.00
0.10
0.10
0.00
0.00
0.20
0.20
0.10
0.00
0.00
0.10
0.10
0.10
0.40
0.50
0.30
0.20
0.00
0.00
2.20
0.00
0.00
0.00
0.00
0.00
0.20
0.20
0.40
0.50
0.40
0.30
0.30
0.30
0.20
0.20
0.40
0.10
0.20
0.30
0.30
0.20
0.20
0.10
0.10
0.00
0.00
0.00
0.00
0.00
0.00
0.00
0.00
0.00
0.00
0.00
0.00
0.00
0.00
0.00
0.00
0.00
15.30
3.70
0.00
0.00
0.00
0.00
4.40
3.00
1.80
3.10
0.00
0.00
0.00
0.00
0.00
0.30
0.00
17.10
0.10
0.10
0.00
0.10
0.10
0.00
0.20
0.20
0.20
0.00
0.00
0.10
0.00
0.00
0.00
0.00
0.00
11.60
8.60
0.00
0.00
0.00
0.00
0.00
0.00
0.00
0.60
0.80
0.00
0.00
0.00
0.00
0.00
0.00
0.00
0.00
0.00
0.20
39.30
37.90
0.00
6.40
0.10
0.00
0.00
8.30
0.00
0.00
0.00
0.00
6.40
0.00
0.00
0.00
0.00
0.00
0.00
0.00
0.00
0.00
0.00
0.00
0.00
0.00
0.00
0.00
0.00
0.00
0.00
0.00
18.20
0.50
10.80
0.00
0.00
1.70
0.00
0.00
0.30
0.00
0.00
1.00
0.00
0.00
0.00
2.40
17.10
0.70
0.00
0.00
0.00
0.00
0.00
13.00
0.20
0.00
0.00
0.00
0.00
0.00
0.00
0.00
0.00
0.00
0.00
0.00
0.00
0.00
3.50
7.80
10.10
2.60
0.00
0.00
0.00
1.40
0.00
0.00
0.00
0.00
0.00
0.00
0.00
0.00
0.00
0.00
4.10
0.00
0.00
0.00
0.00
1.60
3.70
0.70
6.00
0.00
0.00
0.00
0.00
0.00
0.00
0.00
0.20
0.00
3.20
0.00
0.00
0.00
0.00
0.00
0.00
0.00
0.00
0.00
0.00
0.60
0.00
4.60
0.00
0.00
0.00
0.00
0.00
0.00
0.00
0.00
0.00
0.10
0.00
0.00
0.00
0.00
0.00
0.00
0.00
0.00
19.10
0.00
0.00
0.00
0.00
0.00
2.10
0.00
0.00
0.10
4.30
0.00
0.00
0.00
0.00
0.60
0.00
0.00
0.00
0.20
0.20
9.00
0.10
0.00
0.00
0.60
0.10
0.00
0.00
0.00
0.00
0.60
0.00
0.00
0.00
0.00
1.20
17.50
0.00
0.00
0.40
0.00
0.00
0.00
12.50
0.10
0.00
0.00
0.00
0.00
0.00
0.00
1.70
0.00
0.00
0.00
0.00
0.00
0.00
0.00
0.00
0.00
0.00
0.00
0.00
0.00
0.00
0.00
0.10
0.00
29.40
10.50
0.10
0.00
0.00
0.00
0.00
0.00
0.00
0.00
0.00
0.10
0.00
0.00
0.00
0.00
0.00
1.30
0.10
0.00
0.00
0.00
0.00
0.00
0.00
0.00
0.00
0.00
0.00
0.00
0.00
0.00
0.00
0.00
0.00
0.00
0.00
0.00
0.00
0.00
0.00
0.00
0.00
0.10
0.00
0.00
0.00
0.00
0.00
0.10
0.00
0.00
0.50
2.90
4.50
0.00
0.10
2.00
0.00
0.00
0.00
0.00
0.20
0.10
0.10
0.00
0.30
0.40
0.20
0.90
6.00
0.10
0.40
0.00
0.00
0.00
0.00
0.00
0.00
0.00
6.20
9.70
0.10
0.00
0.60
0.00
0.10
0.00
1.60
0.10
0.00
0.00
0.10
0.00
0.10
0.00
0.00
0.10
0.10
11.70
6.10
0.10
0.00
0.00
0.10
0.10
0.20
0.10
0.00
15.80
39.00
2.60
0.10
0.00
0.00
0.00
0.00
0.20
0.00
0.00
0.00
1.00
0.00
0.00
0.00
0.00
0.00
0.00
0.00
0.00
0.00
0.00
3.50
34.90
7.10
2.60
0.10
0.00
4.20
0.10
0.00
0.00
3.00
5.30
3.30
0.30
0.00
2.40
3.60
0.00
3.20
0.10
7.20
0.00
0.00
0.00
0.10
25.80
0.00
1.70
0.00
0.00
0.00
0.00
1.40
0.00
0.00
0.00
0.90
0.00
1.80
0.60
12.80
4.10
24.80
42.00
0.20
21.10
0.10
0.00
3.50
0.10
0.00
0.00
0.00
0.00
0.00
0.20
0.00
0.00
0.00
0.00
0.40
12.00
0.00
1.00
0.00
0.00
0.00
0.00
1.70
3.80
30.30
0.10
0.00
0.00
47.00
0.00
0.00
0.00
0.00
6.90
0.00
2.10
1.00
21.00
0.10
0.00
0.00
0.90
0.00
0.00
29.70
0.10
13.40
0.00
0.00
0.00
1.20
0.00
4.40
13.30
1.40
0.00
0.00
4.30
0.20
0.70
0.00
0.00
0.00
0.00
0.00
0.00
0.00
0.00
0.00
0.00
0.00
0.00
0.00
0.00
2.30
6.70
0.00
0.00
0.00
0.00
0.90
0.00
0.00
0.00
0.00
0.00
0.00
0.00
0.10
3.30
0.00
0.00
0.00
1.80
0.00
0.10
0.00
3.00
0.00
0.20
0.00
0.00
0.00
0.00
0.00
0.00
0.00
0.00
0.00
0.00
0.00
0.00
0.00
0.00
0.00
0.20
1.00
0.10
0.00
0.00
3.10
0.00
0.00
0.00
11.30
0.20
0.20
0.00
0.00
0.00
34.30
0.00
0.00
0.00
0.00
0.00
2.30
0.00
0.00
0.00
0.00
0.00
0.10
0.00
0.30
0.00
0.00
0.00
0.00
1.30
0.00
0.70
0.00
0.00
0.00
0.00
0.00
0.00
0.00
0.00
0.00
0.00
0.00
0.00
0.00
0.00
0.00
0.00
0.00
0.00
0.00
0.00
0.00
0.00
0.00
0.50
0.00
0.00
20.10
5.20
0.10
0.00
0.00
71.30
8.40
0.00
0.30
0.30
1.30
0.70
0.10
0.50
0.20
0.20
0.10
1.30
10.50
4.40
0.20
4.70
39.70
0.00
0.00
0.10
0.00
39.20
0.00
0.00
5.40
10.40
0.10
0.00
0.00
0.00
0.00
2.00
0.00
1.30
2.60
0.10
3.30
0.10
0.10
3.20
0.30
0.50
1.20
0.00
0.00
0.10
4.80
0.10
0.10
0.10
0.10
0.60
0.50
0.30
0.10
0.20
0.10
0.20
0.20
6.00
0.20
0.10
2.20
0.00
0.20
0.10
0.00
0.00
0.00
0.10
0.50
0.20
0.20
0.70
0.10
0.20
0.40
0.10
0.10
0.50
0.40
0.10
0.10
0.10
0.00
0.10
0.10
0.00
0.00
0.00
0.10
0.10
0.20
0.10
0.50
0.30
0.50
2.70
0.00
0.10
3.10
0.00
0.00
0.00
0.00
0.00
1.00
0.00
1.70
13.00
0.00
0.00
0.00
0.00
0.10
0.10
0.00
0.00
0.00
0.00
0.00
0.00
0.10
0.00
0.00
0.00
0.00
0.00
0.00
0.10
0.00
0.00
0.00
0.00
0.00
0.00
0.00
0.00
0.00
0.00
0.00
0.00
0.70
0.00
0.00
0.00
0.00
0.00
0.00
0.00
0.00
0.00
0.00
0.00
0.00
0.00
0.00
0.00
0.00
0.00
0.00
0.00
0.00
0.00
0.00
0.00
0.00
0.00
0.20
0.00
0.40
0.00
10.70
7.90
1.40
0.30
0.60
1.50
0.00
0.00
0.00
0.00
2.00
0.00
0.00
0.00
0.00
3.20
1.30
0.80
1.70
1.30
3.30
0.00
0.00
0.00
0.00
0.00
0.10
0.20
3.90
0.10
0.00
0.00
0.00
0.10
0.00
0.20
0.00
0.00
0.00
0.00
0.00
4.30
5.00
0.00
4.80
0.00
0.00
0.00
1.20
21.80
0.30
0.00
0.00
0.00
0.00
0.00
0.00
0.00
0.00
0.00
0.00
2.80
0.00
0.00
0.00
0.00
0.00
11.00
0.00
0.00
0.10
0.00
0.00
0.00
0.00
0.00
1.70
0.30
0.00
0.00
0.00
0.00
0.00
0.00
0.00
0.00
0.00
0.00
0.00
0.00
0.00
0.00
0.00
0.00
4.50
24.60
0.00
0.00
0.00
0.00
0.30
0.00
0.00
0.50
0.00
0.00
0.00
0.00
0.00
0.00
0.00
0.00
0.10
0.30
0.00
0.00
0.00
0.00
0.00
0.00
0.00
0.00
0.00
0.00
0.00
0.00
0.00
0.00
0.00
0.00
0.00
0.00
0.00
0.00
0.00
0.00
0.30
29.20
0.10
0.00
0.00
0.00
0.00
0.00
2.60
0.00
0.00
0.00
1.20
0.10
0.00
0.00
0.00
0.00
0.00
0.00
0.00
0.00
0.20
0.00
0.00
0.80
8.90
0.00
0.00
0.00
0.00
0.00
0.00
2.00
0.00
0.00
0.00
0.00
0.00
0.00
0.00
0.00
0.00
0.00
0.00
0.00
0.00
0.00
0.00
0.00
0.00
0.00
0.00
0.00
0.00
0.00
12.90
0.00
0.00
0.00
0.00
0.00
6.10
0.20
87.50
9.60
0.10
0.00
0.00
0.00
0.00
0.10
0.10
0.80
1.80
2.90
2.10
3.50
0.00
0.00
0.20
0.00
0.10
0.00
0.00
0.00
0.00
5.50
1.20
0.10
0.10
0.00
0.20
0.10
0.00
16.20
0.20
0.00
0.00
0.90
0.60
0.00
0.00
0.00
0.20
0.10
0.10
8.50
6.50
0.20
0.40
0.30
0.10
0.00
0.00
3.20
0.50
0.00
0.00
0.00
0.20
0.10
4.60
26.40
6.40
0.40
0.00
0.00
0.20
0.40
0.40
0.20
0.20
0.20
0.50
0.00
0.30
0.60
0.40
0.20
0.40
0.40
0.20
0.00
1.10
0.30
0.20
0.10
0.10
0.10
0.10
0.00
0.10
5.60
0.00
21.80
63.90
19.20
0.00
0.00
1.50
0.10
0.00
0.00
0.00
0.00
0.10
0.20
0.10
0.00
0.10
0.10
0.00
0.00
0.10
0.00
0.00
0.00
0.00
0.00
0.10
0.00
0.20
0.00
0.10
0.00
0.00
0.10
0.00
0.10
0.10
0.00
0.00
0.00
0.00
2.30
15.80
0.60
0.00
0.00
0.00
0.00
0.00
0.00
0.00
0.00
0.00
0.00
0.20
9.90
19.90
1.70
0.00
0.00
0.00
0.00
0.00
0.10
3.20
1.70
5.20
0.10
0.00
0.00
0.10
13.60
15.70
2.10
0.00
0.00
0.00
0.00
2.80
0.00
0.00
0.00
0.10
0.00
5.50
7.20
1.60
0.10
0.00
0.00
2.30
11.00
31.50
0.40
1.00
0.30
0.00
0.00
11.90
0.10
0.00
0.00
0.00
0.00
0.00
0.00
0.00
0.00
0.00
0.00
0.00
28.20
0.00
2.50
6.00
18.10
0.70
6.20
0.00
0.00
0.00
0.00
0.00
0.00
0.00
0.00
0.00
0.00
1.90
0.00
1.30
0.00
10.80
0.00
2.60
2.00
3.40
0.00
0.60
0.10
0.60
2.60
0.10
15.20
3.60
0.10
0.00
0.30
8.80
0.10
9.10
0.00
0.00
0.00
0.00
0.00
0.00
0.40
0.00
0.00
0.00
0.00
0.50
4.50
3.90
1.00
0.00
0.00
0.00
0.00
0.00
0.00
0.10
0.00
0.30
6.30
2.00
0.00
0.00
0.00
0.00
0.00
0.00
0.00
0.00
0.50
4.20
0.00
0.00
0.00
0.30
0.00
0.00
0.00
0.00
0.00
0.00
0.00
0.00
0.00
0.00
0.00
0.70
0.30
0.20
0.40
0.00
0.00
0.00
0.00
0.00
0.00
0.00
0.00
0.00
0.00
0.00
0.00
0.00
0.00
0.00
2.00
0.00
0.00
0.00
0.00
0.00
0.00
0.00
0.00
0.00
0.00
0.70
28.30
0.10
0.00
0.00
0.00
0.00
0.00
0.00
0.00
3.70
1.30
0.00
0.00
0.00
0.00
0.00
0.00
1.00
0.00
0.00
0.00
0.00
0.00
18.00
0.00
0.00
0.00
0.00
0.00
0.00
0.00
0.10
0.00
0.00
0.00
0.00
0.00
0.00
0.00
0.00
0.00
0.30
2.00
6.00
0.00
0.00
3.90
0.00
0.00
0.00
0.00
0.00
0.00
0.00
0.00
16.20
22.20
4.10
6.40
36.70
0.10
0.20
0.10
0.20
0.00
0.00
0.30
0.00
0.00
0.00
0.10
0.10
0.00
0.10
0.00
0.10
0.00
0.00
0.00
4.60
1.00
0.00
0.50
0.70
0.10
0.00
0.00
0.00
0.00
5.60
0.10
0.00
1.20
5.90
0.10
0.00
0.00
1.80
0.30
0.00
0.00
2.80
1.40
0.20
0.00
0.10
0.30
0.00
0.00
0.00
0.60
0.00
0.00
0.40
0.00
0.10
0.00
0.10
0.00
0.20
0.00
0.10
34.80
9.40
0.00
0.00
0.10
0.10
0.20
0.10
0.00
0.00
0.20
1.30
0.10
6.00
4.60
0.10
0.70
0.10
0.00
0.10
0.00
1.50
0.20
0.00
0.00
0.00
0.00
0.00
0.00
0.70
1.50
4.20
3.40
0.00
2.40
0.10
2.00
0.00
0.00
0.00
0.10
0.00
0.00
0.00
19.20
0.30
0.00
0.00
0.00
0.50
0.20
0.00
0.00
0.00
0.00
0.00
0.00
0.00
0.00
0.20
0.10
0.00
0.00
0.00
0.00
