20000101
0.00
0.00
0.00
0.00
0.00
0.00
0.00
0.00
0.00
0.00
0.00
0.00
0.00
0.00
0.00
0.00
0.00
0.00
0.00
0.00
0.00
0.00
0.00
0.00
0.00
0.00
0.00
0.00
0.00
0.00
0.00
0.00
0.00
0.00
0.00
0.00
0.00
0.00
0.00
0.00
0.00
0.00
0.00
0.00
0.00
0.00
0.00
0.00
0.00
0.00
0.00
0.00
0.00
0.00
0.00
0.00
0.00
0.00
0.00
0.00
0.00
0.00
0.00
0.00
0.00
0.00
0.00
0.00
0.00
0.00
0.00
0.00
1.80
0.00
0.00
0.00
0.00
0.00
0.00
0.20
0.00
0.00
23.60
5.00
0.40
0.80
0.20
1.80
0.00
4.80
7.80
0.00
2.70
11.10
0.20
0.00
0.00
0.00
0.00
0.20
11.60
1.80
0.60
0.00
4.20
3.60
15.20
0.00
3.40
1.60
0.00
0.00
7.80
2.60
0.00
0.00
0.00
-99.00
-99.00
-99.00
-99.00
-99.00
-99.00
-99.00
0.00
14.40
0.00
0.40
0.00
11.40
8.90
1.30
0.00
0.00
0.00
0.00
0.00
22.20
0.00
0.00
0.00
16.80
0.20
0.00
0.00
0.60
5.80
2.20
0.00
0.00
0.00
0.00
3.00
0.00
0.00
0.40
5.20
0.00
0.00
0.00
2.20
41.80
0.00
0.00
2.00
0.00
0.00
0.00
0.00
0.00
0.00
0.00
0.00
0.00
0.00
0.00
0.00
1.00
0.00
0.00
0.00
0.00
0.00
0.00
0.40
0.00
0.00
0.00
0.00
0.00
0.00
0.20
0.00
0.00
0.00
0.00
0.00
0.00
0.00
0.00
0.00
0.00
0.00
0.00
0.00
0.00
0.00
0.00
0.00
0.00
0.00
0.00
0.00
0.80
0.00
3.20
0.00
0.00
0.00
0.00
0.00
0.00
0.00
0.20
0.20
11.60
0.00
0.00
0.00
0.00
0.00
0.00
0.00
0.00
0.00
0.00
0.00
0.00
0.00
0.00
0.00
0.00
16.60
0.00
0.00
0.00
1.60
0.00
0.00
0.00
0.00
0.00
0.00
0.00
0.00
0.40
0.00
0.00
0.00
0.00
0.40
2.60
20.60
5.40
0.00
0.00
0.00
0.00
0.00
15.40
8.20
22.30
0.10
1.20
0.00
0.00
0.00
0.00
0.00
0.00
0.00
0.00
0.00
0.00
7.40
3.80
0.20
0.00
5.00
0.00
0.00
0.00
0.00
0.00
7.80
5.70
5.50
0.00
0.00
0.00
0.00
0.00
0.00
2.60
14.20
0.00
3.20
1.60
0.00
11.60
17.00
0.00
0.00
0.00
0.00
0.00
0.00
13.60
0.00
0.00
0.00
0.00
0.00
0.00
0.00
0.00
9.60
23.60
0.00
0.00
0.40
0.00
0.00
0.60
0.20
0.60
9.00
0.00
0.00
0.00
5.60
7.60
0.00
0.00
0.00
0.00
0.00
0.00
0.00
0.00
0.00
0.00
0.00
0.00
0.00
0.20
8.20
26.40
20.60
1.60
1.20
0.00
2.80
0.60
3.00
0.00
0.60
3.00
0.00
7.00
1.40
0.40
0.40
0.00
0.00
0.00
10.60
4.20
0.00
3.80
1.40
0.40
0.40
0.00
0.00
0.00
0.00
0.20
0.20
1.20
2.60
4.20
0.00
4.00
0.00
0.00
0.00
0.00
0.00
0.00
0.00
0.00
0.00
0.00
0.60
0.00
0.00
0.00
0.00
0.00
3.40
0.00
0.00
0.00
0.00
0.00
0.00
0.00
0.00
0.00
0.00
0.00
0.00
0.00
0.00
0.20
35.00
8.40
7.60
0.20
0.00
15.60
6.20
0.20
0.20
0.00
7.80
0.00
0.00
0.00
1.40
2.20
0.00
0.00
0.00
0.00
0.00
0.00
0.00
0.00
3.40
0.00
3.20
1.40
0.00
0.00
0.00
0.00
0.00
0.00
0.00
0.00
0.00
0.00
0.00
0.00
0.00
0.00
0.00
0.00
0.00
0.00
0.00
0.00
0.60
0.00
0.00
0.00
0.00
2.20
0.20
0.00
6.20
0.00
12.20
53.80
10.60
0.60
0.00
0.00
0.20
0.00
0.00
0.00
4.80
8.80
-99.00
-99.00
-99.00
-99.00
0.00
2.00
7.20
0.00
0.00
0.00
0.00
12.40
3.60
0.00
0.00
0.00
0.00
0.00
0.00
0.00
4.60
0.00
0.00
0.00
0.00
0.00
0.00
0.00
0.00
1.00
8.60
0.00
0.00
0.00
0.00
0.40
0.00
0.00
0.00
0.00
0.00
0.00
0.00
0.00
0.00
0.00
0.00
0.00
0.00
0.00
0.00
0.00
0.00
12.80
2.80
4.20
0.00
0.00
0.00
7.60
0.00
0.00
0.00
0.00
6.80
5.20
0.00
0.00
0.00
22.00
0.00
0.00
0.00
0.00
0.00
0.00
0.00
1.00
0.00
0.00
0.00
0.00
0.00
0.00
0.00
0.00
0.00
0.00
0.00
0.00
0.00
0.00
0.00
0.00
0.00
3.00
0.40
2.60
0.40
0.00
0.00
0.00
0.00
0.00
1.20
0.00
0.00
0.00
0.00
0.00
0.00
2.40
0.00
0.00
0.00
17.40
0.00
0.00
0.00
0.00
0.00
0.00
0.00
0.00
0.00
0.00
0.00
0.00
0.00
0.00
0.00
0.00
0.00
0.00
33.80
0.00
0.00
0.00
0.00
0.00
6.60
5.40
0.00
0.00
0.00
0.00
0.00
0.00
0.00
0.20
0.40
4.20
1.60
0.00
0.00
2.20
0.00
0.00
0.00
0.00
18.20
12.80
7.60
0.20
0.00
0.00
0.00
0.00
0.00
0.00
0.00
0.00
0.00
0.00
0.00
0.00
0.00
0.00
0.00
0.00
0.00
0.00
0.00
0.00
0.00
0.00
0.00
0.00
0.00
10.80
16.60
0.00
0.20
0.00
0.00
0.00
0.00
0.00
0.00
0.00
0.00
0.00
0.00
0.00
0.00
0.00
0.00
0.00
0.00
0.00
0.00
0.00
0.00
0.00
0.00
0.00
0.00
4.60
6.60
0.00
0.00
0.00
0.00
0.00
0.00
0.00
0.00
0.00
0.00
0.00
0.00
0.00
0.00
0.00
1.20
0.80
4.20
0.60
1.60
0.00
0.00
0.00
0.00
0.00
0.00
0.00
0.00
0.00
0.00
0.00
0.00
0.00
0.00
-99.00
-99.00
-99.00
0.00
5.80
0.00
0.00
0.00
0.00
0.00
0.00
0.00
0.00
0.00
0.00
0.00
0.00
11.20
1.80
0.00
0.00
0.00
0.00
0.00
0.00
0.00
1.00
0.00
0.00
1.00
0.00
0.00
0.00
0.00
0.00
0.00
0.00
0.00
0.00
0.00
0.00
2.40
1.00
0.00
0.00
0.00
0.00
0.00
0.00
0.00
0.00
0.00
0.00
8.80
7.00
0.00
0.40
0.00
0.00
0.00
0.00
0.00
0.00
0.00
0.00
0.00
0.00
0.20
0.00
0.00
2.00
0.00
0.00
1.00
35.80
0.00
0.00
13.40
37.20
2.40
13.60
3.80
18.40
0.20
0.00
0.00
0.20
0.00
0.00
2.40
0.00
0.00
0.00
0.00
0.00
0.00
0.00
0.00
0.00
0.00
0.00
0.00
0.00
0.00
0.20
0.00
3.80
5.40
6.80
0.30
9.30
14.50
0.10
0.00
0.00
0.00
0.00
0.00
1.00
0.20
0.00
0.00
0.00
1.80
0.00
0.00
0.00
0.00
0.20
0.00
0.00
0.00
0.00
0.00
0.00
1.20
43.40
12.80
0.00
0.40
17.80
0.00
0.00
0.00
0.00
0.00
0.00
0.00
0.00
0.00
0.00
0.00
0.00
0.00
0.00
0.00
0.00
0.00
0.00
0.00
0.00
4.80
0.00
0.00
0.00
0.00
0.00
0.00
0.00
0.00
17.80
4.60
0.80
0.00
5.20
0.00
0.00
0.00
0.00
0.00
0.00
0.00
0.00
0.00
0.00
0.00
0.00
0.00
0.00
0.00
0.00
5.80
36.40
0.40
6.60
0.00
0.00
0.00
8.20
0.40
0.00
2.80
0.60
0.00
0.00
0.00
0.00
0.00
0.40
2.20
0.00
18.00
0.20
0.00
11.60
5.20
15.60
6.00
4.80
1.80
0.20
0.00
0.00
0.00
0.00
0.00
0.00
0.20
-99.00
4.60
0.00
0.00
-99.00
0.00
0.00
0.00
0.00
0.00
0.00
0.00
0.00
4.20
-99.00
0.00
18.60
1.40
0.00
0.00
0.00
0.00
0.00
0.00
0.00
0.00
0.00
0.00
12.20
0.00
0.00
0.00
0.00
0.00
2.20
27.60
17.60
0.00
0.00
0.00
0.00
0.00
0.00
0.20
0.00
0.00
0.00
20.60
0.00
0.00
0.00
0.00
0.00
0.00
0.00
0.00
0.00
0.00
0.00
0.00
0.00
0.00
0.00
0.00
0.00
0.00
0.00
0.00
0.00
1.40
1.80
4.60
0.20
0.00
0.00
0.00
0.00
18.80
9.00
0.00
3.00
12.80
2.60
0.00
0.00
0.00
0.00
0.00
0.00
0.00
0.00
0.00
0.00
0.00
0.00
0.00
0.30
14.30
5.60
0.00
0.00
1.60
0.60
0.00
0.80
0.00
0.00
0.00
0.00
0.00
0.00
0.00
0.00
0.00
6.20
0.60
0.00
1.40
0.00
0.00
0.50
1.50
0.00
4.00
10.60
0.00
0.00
0.00
0.00
0.00
0.00
0.00
0.00
0.00
0.00
0.00
0.00
2.60
5.00
2.40
0.00
0.00
0.00
0.00
0.00
0.00
0.00
0.00
2.60
0.20
0.00
0.00
0.00
0.00
0.00
0.00
0.00
0.00
0.00
0.00
0.00
0.00
7.60
1.20
0.20
0.00
0.00
0.00
8.60
5.40
0.00
0.20
0.00
0.20
6.80
25.40
3.80
0.00
0.00
0.00
0.00
0.00
4.60
2.80
0.00
0.00
0.00
0.00
0.00
0.00
0.00
0.00
0.80
0.00
0.00
0.00
0.00
0.00
0.00
0.00
0.00
0.00
0.00
0.00
0.20
18.80
4.80
1.80
0.20
7.60
3.80
2.00
0.00
0.00
0.00
0.00
0.00
3.80
0.00
0.20
0.00
0.00
0.00
0.40
0.00
0.20
0.00
0.00
1.80
0.20
0.00
0.00
0.00
0.00
0.80
0.00
0.00
0.00
0.20
0.00
0.00
0.00
0.00
2.40
23.20
16.80
2.80
0.00
0.00
2.80
0.20
0.00
0.00
0.00
19.60
1.00
0.00
0.00
0.00
0.00
0.00
0.00
10.60
0.00
0.00
0.00
0.00
0.00
0.00
0.00
0.00
0.00
0.00
0.00
2.60
0.00
0.00
0.20
0.00
0.00
0.00
0.00
0.00
0.00
0.00
0.00
21.40
0.00
0.00
0.00
0.00
0.00
0.00
0.00
7.80
0.00
0.00
6.80
0.00
0.00
0.00
0.00
0.00
0.00
0.40
33.00
0.00
0.20
1.60
0.00
0.80
0.00
0.00
0.00
0.00
0.00
0.00
0.00
0.00
0.20
0.00
0.00
0.20
0.00
0.00
0.00
0.00
0.00
0.00
0.00
0.00
0.00
0.00
0.00
0.00
0.00
0.00
0.00
0.00
0.00
0.00
0.00
0.00
0.00
0.00
0.00
0.40
32.40
0.00
0.00
0.00
11.20
1.80
0.00
0.00
0.00
0.00
0.00
0.00
0.00
0.10
5.30
16.40
1.60
0.00
30.80
4.80
0.20
15.40
0.40
0.00
0.00
0.00
0.00
0.00
0.00
0.00
0.00
0.00
0.00
0.00
0.00
0.00
0.40
0.00
0.00
0.00
0.00
12.80
4.60
0.40
14.60
10.00
0.00
0.00
3.40
0.00
0.00
0.00
0.00
0.00
0.00
0.00
0.20
0.00
0.00
1.40
1.20
21.80
2.20
27.80
0.00
0.00
7.60
0.00
0.00
0.00
15.60
4.40
23.60
0.40
5.20
25.60
0.00
0.00
0.00
0.00
0.00
0.00
0.00
4.20
45.20
12.00
2.80
0.00
0.00
0.00
5.00
10.00
0.20
0.00
0.00
0.00
0.40
0.80
14.40
8.80
0.00
5.80
10.20
0.00
0.00
2.60
18.40
2.20
4.20
31.60
3.00
0.40
1.00
0.40
0.00
0.00
0.00
0.00
0.00
0.00
0.00
0.00
0.00
2.40
0.00
0.00
0.00
0.00
0.00
0.00
0.00
0.00
0.00
4.00
0.00
0.00
0.00
0.00
0.00
0.00
0.00
0.00
0.00
0.00
0.00
0.00
0.00
0.00
0.00
0.00
0.00
0.00
0.00
0.60
0.00
0.00
0.00
0.00
0.00
0.00
0.00
0.00
2.40
0.20
0.00
0.00
0.00
0.00
0.00
0.00
0.00
0.00
0.00
0.00
0.00
0.00
0.00
0.00
0.00
0.00
0.00
0.00
0.00
8.40
0.00
0.00
0.00
6.60
2.40
2.20
0.60
0.00
4.20
10.60
0.00
0.00
0.00
0.00
0.00
0.00
0.00
0.00
0.40
0.00
0.00
0.00
0.00
0.00
0.20
3.20
0.00
0.00
0.00
0.00
0.00
0.00
0.00
0.00
0.00
0.00
0.00
0.00
0.00
5.00
2.40
2.20
17.60
9.20
6.00
6.60
0.00
0.00
0.00
0.00
0.00
2.20
0.40
0.00
0.00
0.00
0.00
1.00
0.00
2.20
0.20
2.40
0.00
0.00
1.20
6.80
0.00
0.00
0.00
0.00
3.60
20.20
3.60
4.80
0.60
2.40
5.00
0.60
2.20
0.00
3.40
0.00
0.00
0.20
0.20
0.00
0.00
0.00
0.00
0.00
0.00
12.60
2.40
0.20
13.80
0.20
0.80
0.00
0.00
0.00
7.40
0.00
5.80
6.00
0.00
0.00
0.00
0.00
0.00
0.00
0.00
0.00
0.00
0.00
0.00
3.60
28.60
0.00
0.00
0.00
0.00
0.00
0.00
4.80
0.00
0.00
0.00
0.00
0.00
0.00
0.00
0.00
0.00
0.00
0.00
0.00
0.00
0.00
0.00
0.00
6.40
18.80
0.00
0.00
2.80
0.20
0.00
0.00
0.00
0.00
0.00
0.00
0.00
0.00
0.00
0.00
0.00
0.00
0.00
0.00
0.00
0.00
0.00
7.00
0.20
0.00
0.00
0.00
0.60
2.20
0.00
0.00
0.00
0.00
1.80
0.00
0.00
0.00
0.00
0.00
0.00
0.00
0.00
0.00
0.00
0.00
0.00
0.00
0.00
0.60
0.00
0.00
0.00
0.00
10.80
13.80
0.40
0.00
0.00
0.00
0.00
0.00
0.20
0.40
0.00
0.00
0.00
0.00
0.00
0.00
3.40
3.20
0.00
0.00
0.00
0.00
0.00
0.00
0.00
0.00
0.00
0.00
0.00
0.00
0.00
0.00
0.00
0.00
0.00
0.00
0.00
0.00
2.60
0.40
0.00
0.00
0.00
0.00
0.00
0.00
0.00
0.00
0.40
0.00
0.60
0.60
0.80
0.20
0.00
0.00
0.00
7.00
4.40
21.40
0.20
3.20
0.00
9.00
1.20
0.00
0.00
0.00
0.00
0.00
0.00
0.00
0.00
0.00
0.00
0.00
0.00
0.00
0.00
0.00
0.00
0.00
0.00
0.00
0.00
0.00
0.00
0.00
0.00
0.00
0.00
0.00
0.00
0.00
8.20
0.00
0.00
0.00
0.20
0.00
0.00
0.00
0.00
0.00
0.00
0.00
0.00
0.00
0.00
0.00
0.00
0.00
0.00
0.00
0.00
0.00
0.00
0.00
0.00
0.00
0.00
0.00
0.00
0.00
0.00
0.00
0.00
0.00
0.00
0.00
0.00
0.00
0.00
0.00
0.00
0.00
0.00
0.00
0.00
0.00
0.00
0.00
0.00
0.00
0.00
0.00
0.00
0.00
0.00
0.00
0.00
0.00
0.00
0.00
0.00
0.00
0.00
0.00
0.00
0.00
0.00
0.00
0.00
0.00
0.60
0.00
0.00
0.00
0.00
0.00
0.00
0.00
0.00
0.00
0.00
0.00
0.00
0.00
0.00
0.00
0.00
0.00
0.00
0.00
0.00
0.00
0.00
0.00
0.00
0.00
0.00
0.00
0.00
0.00
0.00
0.00
0.00
0.00
0.00
0.00
0.00
0.00
0.00
0.00
0.00
0.00
4.80
0.40
0.20
0.60
0.00
0.00
2.00
0.00
0.00
0.00
2.60
0.00
1.00
0.20
0.00
0.00
0.00
0.00
0.00
0.00
0.00
0.00
5.00
2.20
0.00
0.00
0.00
0.00
0.00
0.00
0.00
0.00
0.00
0.00
0.00
0.00
0.00
0.00
0.00
0.00
0.60
0.00
0.00
0.00
0.00
0.00
0.00
1.60
2.00
0.20
5.80
21.80
3.00
0.00
0.00
4.40
0.00
0.00
0.00
0.00
0.00
0.00
0.00
0.00
0.00
0.00
0.00
0.00
0.00
0.00
0.00
0.00
0.00
0.00
0.00
0.00
0.00
0.00
0.00
0.00
15.80
3.20
9.60
0.20
0.00
0.00
0.00
0.00
0.00
1.20
9.80
0.00
0.20
0.00
0.00
0.00
0.00
1.40
0.00
0.00
0.00
0.00
0.00
0.00
0.00
0.00
0.00
0.00
0.00
0.00
0.00
0.00
0.00
0.00
0.00
0.00
0.00
0.00
0.00
0.00
0.00
45.00
0.00
0.00
0.00
0.00
0.00
1.00
0.60
0.00
0.00
38.00
13.00
0.00
0.00
0.00
0.00
0.00
0.00
0.60
9.00
0.00
0.00
0.00
0.00
0.00
0.00
0.00
34.60
0.00
1.20
0.00
0.00
0.00
0.00
0.00
0.00
0.00
0.00
0.00
0.00
0.00
0.00
0.00
0.00
0.00
15.00
7.80
1.40
10.20
0.00
0.00
0.00
0.60
0.00
0.00
0.00
0.00
0.00
0.00
0.00
0.00
0.00
0.00
0.00
5.40
17.20
0.00
0.00
0.00
0.00
0.00
0.00
0.00
0.00
0.00
0.00
0.00
0.00
0.00
0.00
0.00
0.20
3.80
10.20
3.20
2.80
0.00
0.00
9.60
0.00
0.00
0.00
0.00
6.80
0.00
0.00
0.00
0.00
1.00
2.80
0.00
0.80
0.00
0.00
0.00
0.00
0.00
0.00
0.00
0.00
1.20
0.00
2.40
1.40
4.60
1.60
2.60
0.00
0.00
0.00
0.00
0.00
0.00
0.00
0.00
0.00
0.00
0.00
0.00
0.00
0.00
0.00
0.00
11.20
0.00
0.00
0.00
0.00
0.00
0.00
0.00
0.00
0.00
0.00
0.00
0.00
0.00
0.00
0.00
0.00
0.00
0.00
0.00
0.00
0.00
0.00
0.00
0.00
0.00
0.00
0.00
0.00
0.00
0.00
0.00
0.00
0.00
0.00
0.00
1.80
2.20
0.00
0.00
0.00
0.00
0.00
0.00
0.00
0.00
0.00
0.00
0.00
0.00
0.00
0.00
0.00
0.00
0.00
0.00
0.80
10.40
30.40
1.00
0.00
0.00
0.00
0.00
0.00
0.00
0.00
0.00
0.00
0.00
0.00
0.00
0.00
0.00
0.00
0.00
0.00
0.00
0.40
4.20
0.00
0.00
0.00
0.00
0.00
0.00
0.00
0.00
0.00
0.00
19.60
0.00
3.20
0.40
0.00
0.00
0.00
0.00
0.00
0.40
0.00
0.00
0.00
0.00
0.00
0.00
0.00
0.00
4.00
10.60
1.60
0.40
0.60
0.00
0.00
0.00
0.00
0.00
0.00
0.00
0.00
0.00
0.00
0.00
0.00
14.60
1.20
0.00
0.00
0.40
0.00
0.00
0.00
0.00
5.00
0.20
2.80
0.00
0.00
1.60
0.00
0.00
0.00
0.00
0.00
0.00
0.00
0.00
0.00
0.00
0.00
0.00
0.00
2.00
1.20
0.00
9.60
0.40
0.00
0.00
0.00
0.00
2.20
0.00
0.40
0.00
0.40
0.20
0.00
0.00
0.00
0.00
0.00
0.00
0.00
0.00
0.00
0.00
0.00
0.00
0.00
0.00
0.00
0.00
0.00
0.00
0.00
0.00
0.00
1.80
0.00
0.00
0.00
0.00
0.00
0.00
11.20
0.40
0.00
0.00
0.00
0.00
0.00
0.00
1.90
0.30
0.00
9.60
0.00
0.00
0.00
0.40
0.00
0.00
0.00
9.20
1.00
0.00
0.00
0.00
0.00
0.00
0.00
15.20
8.40
20.00
5.20
0.40
0.00
2.00
1.60
0.40
0.00
0.00
0.00
0.00
0.00
0.00
0.40
0.20
1.00
1.20
0.80
0.00
0.00
0.00
0.00
0.00
0.00
0.00
0.00
0.00
0.00
0.00
0.00
0.00
0.00
0.40
0.40
0.00
0.00
0.00
0.00
0.00
6.80
0.00
0.00
0.00
0.00
0.00
0.00
0.00
0.00
0.00
0.00
0.00
0.00
0.00
0.00
8.00
7.40
1.20
0.00
0.00
13.00
27.60
21.00
0.40
1.00
0.00
0.00
0.00
0.00
0.00
16.20
14.20
3.40
0.80
0.00
0.00
0.00
0.00
1.80
0.00
0.00
0.40
10.80
0.00
0.00
0.00
0.00
0.00
0.00
8.80
0.20
0.00
0.00
0.00
0.00
0.00
34.40
9.80
0.40
0.00
0.00
15.20
0.40
0.00
0.00
0.00
0.00
0.00
0.00
0.00
0.00
0.00
0.00
0.00
0.00
0.00
0.00
0.00
0.00
0.00
0.00
0.00
0.00
0.00
0.00
16.60
2.40
0.00
0.00
0.00
0.40
0.00
0.00
0.00
0.00
0.00
0.00
0.00
0.00
0.00
0.00
0.00
0.00
0.00
10.20
13.80
0.00
7.20
0.00
0.00
0.00
0.00
0.00
0.00
0.00
0.00
0.00
0.00
0.00
0.00
0.00
0.00
0.00
0.00
0.00
0.00
0.00
0.00
0.00
0.00
0.00
0.00
0.00
0.00
0.00
0.00
0.00
0.00
0.00
0.00
0.00
0.00
0.00
0.00
0.00
0.00
0.00
0.00
0.00
0.00
0.00
0.00
1.50
0.10
0.00
0.00
0.00
0.00
0.00
0.00
0.00
0.00
0.00
0.00
0.00
0.00
0.00
0.00
0.00
0.70
1.20
0.70
1.30
0.80
0.00
0.10
0.00
0.00
1.20
0.00
0.00
0.00
0.00
0.00
0.00
0.00
0.90
0.00
0.00
0.00
0.00
0.00
0.00
0.00
0.00
0.00
5.80
0.00
0.00
0.00
0.00
0.00
-99.00
0.00
4.80
0.40
0.00
0.00
0.60
1.20
0.00
0.00
0.00
0.00
0.00
0.00
0.00
0.00
0.00
0.80
11.20
37.80
22.80
15.20
0.20
1.60
1.60
-99.00
-99.00
0.00
0.00
0.00
10.80
5.40
2.40
0.00
0.20
0.00
0.00
0.20
0.00
1.40
0.00
0.00
0.00
0.00
6.60
0.60
0.60
1.20
8.80
41.20
1.60
2.00
0.00
0.00
0.00
0.00
0.00
0.00
0.00
0.00
0.00
0.00
7.00
0.00
0.00
0.00
0.00
10.60
0.40
0.00
0.00
0.20
0.40
27.20
7.40
0.60
0.00
0.00
0.00
0.00
0.00
0.00
0.00
9.20
2.60
0.40
0.00
0.00
0.00
0.10
0.10
0.00
0.00
0.20
1.40
0.00
2.00
0.00
0.00
0.00
0.00
0.00
0.00
0.20
0.00
0.00
21.80
0.00
0.00
0.00
0.60
0.20
0.00
1.20
0.00
0.00
0.00
0.00
0.00
0.00
0.00
0.00
0.00
0.00
0.00
0.00
0.00
0.00
0.00
0.00
58.00
0.20
0.00
0.00
0.00
0.00
0.00
0.00
0.00
0.00
0.00
0.00
0.00
0.00
0.00
0.60
5.00
4.30
0.70
0.00
0.00
0.00
9.20
0.00
0.00
0.00
0.00
0.00
0.00
0.00
0.00
1.00
5.80
1.00
0.00
0.00
0.00
0.00
0.00
0.40
0.00
0.00
0.00
0.00
0.00
0.00
0.00
7.60
0.00
0.00
0.00
0.00
0.00
0.00
0.00
0.00
0.00
0.00
0.40
0.00
0.00
0.00
0.00
0.60
0.00
0.00
0.00
0.00
0.00
0.00
0.60
0.00
0.00
0.00
8.60
8.40
1.40
0.00
0.00
16.40
0.00
4.40
0.00
0.00
0.00
0.00
0.00
0.00
0.20
0.00
0.00
0.00
0.00
0.00
0.00
0.00
2.60
0.00
0.00
0.00
0.00
0.00
0.00
0.00
0.00
0.00
0.00
0.00
0.00
0.00
0.00
0.00
0.00
0.00
0.00
0.00
0.00
0.00
0.00
0.00
0.00
0.00
13.20
2.20
0.00
2.60
0.00
0.00
0.00
0.00
0.00
0.00
0.00
0.00
0.00
0.00
8.60
0.00
0.00
0.00
0.00
0.00
0.00
0.00
0.00
0.00
0.00
0.00
0.00
0.00
0.00
0.00
0.00
0.00
0.00
0.00
0.00
0.00
0.00
0.00
0.00
0.00
0.00
0.00
0.00
2.80
10.60
0.60
0.00
0.20
0.00
0.00
0.00
0.00
8.60
0.00
0.00
0.60
0.00
5.80
0.00
0.00
0.00
0.00
0.00
0.00
0.00
0.00
0.00
0.00
0.00
0.00
0.00
0.00
0.00
0.00
0.00
3.20
3.60
0.00
0.00
0.00
0.00
0.00
0.00
0.00
0.00
0.00
0.00
0.00
0.00
0.00
0.00
0.00
0.00
0.00
0.00
0.00
0.00
1.20
0.00
0.00
0.00
0.00
0.00
0.00
0.00
3.60
0.20
0.00
0.00
0.00
0.40
0.00
0.00
10.60
0.00
0.00
0.00
0.00
0.00
0.40
9.20
0.00
0.00
0.00
0.00
1.80
0.00
1.40
0.40
0.00
0.00
7.60
0.00
0.00
0.00
0.00
0.00
0.00
0.00
9.40
8.40
30.10
12.30
14.00
3.00
5.20
1.20
0.00
0.20
8.90
21.20
1.60
31.00
0.60
0.00
1.20
0.00
0.00
0.00
0.00
0.00
0.00
0.00
0.00
0.00
0.00
0.00
0.00
2.60
0.20
15.80
12.20
8.30
0.10
2.40
0.00
19.80
0.20
4.20
21.20
2.50
0.00
0.00
0.00
1.60
12.40
8.00
30.00
5.20
4.40
4.40
0.00
0.00
1.80
23.00
3.60
6.00
0.00
10.20
0.00
0.00
0.00
10.40
7.00
10.50
0.00
0.00
0.00
0.00
2.00
4.60
0.00
0.00
0.00
0.00
0.00
0.00
0.00
0.00
12.20
0.90
0.00
0.00
1.40
0.00
0.20
0.00
0.00
0.00
0.00
0.00
0.00
0.00
0.00
2.00
5.80
0.00
0.00
0.00
0.00
0.00
0.00
0.00
3.40
0.00
0.00
0.00
0.00
0.00
0.00
0.00
0.00
0.00
0.00
0.00
0.00
0.00
0.00
0.00
0.00
0.60
0.00
0.00
0.00
0.00
0.00
0.00
0.00
4.00
0.00
0.00
0.00
0.00
0.00
0.00
0.00
0.00
0.00
0.00
0.00
0.20
7.60
0.00
0.00
0.00
1.20
2.40
0.00
0.00
0.00
0.00
0.40
0.20
0.00
0.20
0.00
13.80
2.20
0.00
0.00
0.00
0.00
0.00
8.40
0.00
0.00
0.00
0.00
5.80
6.00
0.00
0.00
0.80
0.00
0.00
0.00
0.20
0.00
0.00
0.00
0.00
0.00
0.00
1.80
0.00
0.00
0.00
1.80
0.00
0.20
0.00
1.40
0.00
5.20
0.00
0.00
0.00
0.20
0.40
0.00
0.00
0.00
0.00
18.40
0.20
6.20
16.20
7.40
35.80
0.00
0.00
0.00
0.40
0.00
0.00
0.00
0.00
0.00
12.20
0.00
0.00
0.00
0.00
0.00
0.00
0.80
0.00
0.00
0.00
0.00
2.20
0.00
0.00
0.00
0.00
7.00
0.00
0.00
0.00
0.00
0.00
0.40
0.00
0.00
0.00
3.40
0.00
0.00
0.00
11.40
10.60
0.00
0.00
0.00
0.00
0.00
0.00
0.00
0.00
0.00
0.00
0.00
3.60
0.00
0.00
8.10
1.30
0.00
0.00
1.80
0.00
0.00
0.10
0.00
0.00
0.00
0.70
3.30
0.00
0.00
0.00
0.00
0.00
0.00
0.00
0.00
8.10
0.30
0.00
1.50
1.70
6.50
0.70
1.50
0.00
0.00
0.00
0.00
0.10
13.40
1.60
0.30
1.50
1.30
5.10
0.10
0.00
0.00
0.00
3.00
0.10
0.00
0.00
0.00
0.00
0.00
0.00
0.00
0.00
0.00
0.00
0.00
0.00
0.00
0.00
0.00
2.90
6.30
3.70
0.80
11.40
0.50
0.10
0.00
0.00
0.00
0.00
0.00
0.00
0.00
0.00
0.00
0.00
0.00
0.00
0.00
0.00
0.00
0.00
0.00
0.00
0.00
0.00
0.00
15.40
0.10
0.00
1.90
0.00
4.90
0.00
0.00
0.00
2.90
25.50
0.10
0.00
6.10
2.00
0.00
0.00
0.00
12.20
3.20
1.70
0.00
0.30
0.00
0.00
0.00
0.00
0.00
7.10
29.60
0.00
0.00
0.00
1.10
0.00
0.00
0.00
0.40
0.00
0.00
0.00
0.00
0.20
2.50
0.20
0.00
2.60
1.20
0.00
0.00
0.90
0.00
0.00
0.00
0.00
0.00
0.10
0.00
0.00
0.00
0.00
0.00
0.00
15.40
11.60
0.00
0.00
0.00
0.00
39.80
1.30
0.00
0.40
0.00
0.00
0.00
0.00
0.00
0.00
0.00
2.70
0.00
0.00
0.00
0.00
0.00
0.00
0.00
0.00
1.70
4.20
0.00
0.00
0.00
10.40
0.60
0.00
0.10
0.00
0.30
37.60
6.70
0.00
0.00
0.00
0.00
0.00
0.00
1.70
0.00
0.00
0.00
0.00
0.00
0.00
1.40
0.00
0.00
0.00
0.00
0.00
0.00
0.00
0.00
0.00
0.00
2.50
0.00
0.00
0.00
0.40
0.00
0.00
13.50
11.80
0.00
0.00
0.00
0.00
3.10
18.10
0.00
0.00
0.00
0.00
0.00
0.00
0.00
0.00
0.00
2.60
0.00
0.00
0.10
0.00
0.00
0.00
10.00
0.00
0.00
0.00
0.00
0.00
0.00
0.00
0.00
0.00
4.40
4.00
5.50
0.10
4.90
0.00
5.10
5.30
0.00
0.40
0.00
0.00
0.00
0.00
0.00
0.00
0.00
0.00
0.00
0.00
0.00
0.00
0.00
0.00
0.00
0.00
3.20
10.70
0.00
0.00
0.00
0.00
0.00
0.00
0.00
0.00
0.00
0.00
0.00
4.70
19.20
8.50
0.00
0.00
0.10
0.00
0.00
0.00
0.00
0.00
0.00
2.40
0.70
0.00
0.00
0.00
0.00
0.30
4.20
0.30
0.10
0.00
0.00
0.00
0.00
0.00
0.00
0.00
0.00
0.00
0.00
0.00
1.00
1.30
0.00
0.00
1.90
0.10
0.00
9.70
0.10
0.00
2.40
0.20
0.00
0.00
0.00
0.00
0.00
0.00
0.00
0.00
0.00
0.00
0.00
0.00
0.00
0.00
0.00
0.00
0.00
13.10
9.20
16.50
24.40
0.00
5.80
0.00
2.50
4.40
1.60
5.40
0.00
0.00
0.00
0.30
4.40
0.00
0.40
2.30
0.00
0.00
0.00
6.80
4.80
11.40
0.00
0.00
0.00
0.00
0.40
0.00
0.00
0.00
0.00
0.00
1.90
0.00
0.00
0.00
0.00
0.00
0.00
0.00
0.00
0.00
5.30
2.40
0.00
0.00
1.70
1.50
0.00
0.00
0.00
0.00
0.00
0.00
7.40
3.80
0.00
0.00
0.00
1.10
4.80
0.50
2.70
0.90
0.00
4.20
0.10
0.00
1.30
12.80
0.00
0.00
0.00
2.10
11.60
0.00
0.00
0.00
0.00
0.00
0.00
0.00
0.00
0.00
0.00
0.00
0.30
1.30
6.60
0.00
0.00
10.90
1.60
0.10
0.00
0.00
2.50
1.30
0.00
0.00
0.90
1.10
0.00
0.00
6.40
0.00
0.00
0.00
0.00
21.50
0.00
0.30
1.40
0.00
0.00
0.00
2.80
0.00
0.00
0.00
0.30
0.00
1.30
11.20
0.00
0.00
0.60
3.70
3.00
1.60
9.50
0.00
0.10
0.00
1.20
1.30
19.20
6.00
0.30
2.20
1.40
3.90
0.00
0.00
0.00
0.00
0.00
0.00
0.00
0.00
1.60
0.00
0.00
0.00
0.00
3.30
0.00
0.00
0.00
0.00
0.00
0.00
0.00
0.00
12.40
0.00
1.80
26.80
13.00
4.20
0.10
0.00
19.00
0.00
0.00
0.10
0.00
0.00
0.00
0.00
0.00
0.00
0.00
0.00
1.50
12.70
1.50
19.10
0.00
0.00
0.00
3.70
42.70
0.00
0.00
0.00
0.00
0.00
0.00
0.00
0.00
0.00
0.00
0.00
0.00
0.00
0.00
0.00
0.00
0.50
1.20
3.80
0.00
0.00
0.00
0.00
0.00
0.00
0.00
0.00
0.00
1.90
0.00
0.00
0.00
0.00
0.00
0.00
0.00
0.00
0.00
20.20
0.00
0.30
0.00
0.00
0.00
0.00
0.80
0.00
0.00
0.00
0.00
0.00
0.00
0.00
0.00
0.00
0.00
0.00
0.00
0.00
49.90
0.00
0.00
0.00
0.30
0.00
0.00
0.00
0.00
0.00
0.00
0.00
0.00
0.00
0.10
23.30
1.10
0.00
0.60
0.00
0.00
1.00
0.30
0.00
0.00
0.00
0.00
0.00
0.00
0.00
0.00
2.30
1.90
0.00
0.00
0.00
0.00
19.90
27.40
3.90
1.30
0.30
0.00
0.00
0.00
0.00
0.00
0.00
0.00
0.00
0.00
0.00
0.00
0.00
0.00
0.00
0.00
2.00
1.60
7.20
0.00
0.00
0.00
0.00
0.00
0.00
0.00
1.30
2.50
0.00
0.00
0.00
0.00
1.30
5.60
0.00
1.00
0.00
0.00
7.20
0.00
0.00
0.00
0.00
0.00
0.00
0.00
0.00
0.00
3.30
0.60
0.00
0.00
0.00
1.30
4.10
0.50
6.10
0.10
0.00
0.00
0.00
0.00
0.00
0.00
0.00
0.00
0.00
0.00
0.00
14.60
1.80
6.80
0.00
0.00
0.00
0.00
0.00
0.00
0.00
0.00
0.00
0.00
0.00
0.00
1.80
1.70
0.10
1.10
4.00
0.00
0.00
0.00
0.00
0.00
0.00
0.00
0.00
0.00
0.10
0.00
0.00
0.00
0.00
0.00
0.00
0.00
0.00
9.60
0.10
0.00
0.00
0.00
0.00
0.00
0.00
0.00
0.00
0.00
0.00
0.00
0.00
0.00
0.00
1.00
1.90
0.00
0.10
2.20
0.00
2.40
0.00
0.00
0.00
0.00
0.00
0.00
0.00
0.00
0.00
0.00
0.00
0.00
0.00
0.00
0.00
0.00
0.00
0.00
0.00
1.40
34.80
0.00
1.20
14.60
0.60
0.10
0.00
0.00
0.00
0.00
8.30
0.00
0.00
0.00
0.50
0.20
6.20
1.70
0.80
0.00
0.00
0.00
1.50
0.00
0.00
0.00
0.00
0.00
0.00
0.00
0.00
0.00
0.00
0.00
0.00
0.00
0.00
0.00
0.00
0.00
0.20
1.20
9.10
0.40
0.00
0.00
1.80
7.40
0.10
1.20
0.00
6.60
2.30
0.00
0.00
0.00
20.20
0.10
0.00
0.00
4.10
1.30
0.10
0.00
0.00
0.00
0.00
2.00
0.00
1.90
0.00
0.00
0.00
0.00
0.00
4.80
0.50
0.00
0.00
10.50
3.50
0.00
0.00
10.90
10.10
0.00
25.70
14.80
0.00
6.50
8.60
0.00
1.00
2.50
0.00
0.20
0.00
0.00
0.00
0.00
0.00
0.90
6.50
0.00
0.00
0.00
0.00
0.00
0.00
0.00
0.00
0.00
0.00
1.50
1.40
0.00
0.00
0.00
0.00
0.00
0.00
0.00
7.00
2.50
5.00
0.00
0.00
4.60
0.00
13.50
0.00
0.00
0.00
0.00
0.00
0.00
0.70
0.50
0.00
0.00
1.00
0.10
0.00
0.00
0.00
0.00
0.10
0.00
0.00
0.00
0.00
0.00
0.00
0.00
0.10
4.00
0.10
0.00
0.00
0.00
0.00
0.00
0.00
0.00
0.00
0.00
2.40
0.00
0.00
0.00
0.00
0.00
0.00
0.00
2.40
1.20
0.00
0.00
0.00
0.00
0.00
0.00
0.00
0.00
0.00
0.00
0.00
0.00
0.00
0.10
0.10
0.00
0.00
0.00
1.50
0.00
6.40
0.00
0.00
0.00
0.00
0.00
0.00
0.00
0.00
0.00
0.00
0.00
0.00
0.00
0.00
0.00
0.00
0.00
0.00
0.00
0.00
0.00
0.00
0.00
0.00
0.00
0.00
0.00
0.00
0.00
15.80
0.00
0.00
14.70
2.40
0.00
0.00
0.00
0.00
0.30
17.60
12.90
7.60
0.00
1.10
0.10
0.00
0.20
0.00
0.00
0.00
0.90
21.90
1.10
1.10
0.10
0.50
2.50
3.20
3.40
0.00
0.00
0.00
0.00
0.00
0.00
0.00
0.00
0.00
0.00
0.00
0.00
0.00
0.00
0.00
0.00
0.00
0.00
0.00
0.00
0.00
0.00
0.00
0.40
0.00
0.00
0.00
0.00
0.00
0.00
0.00
0.00
0.00
0.00
0.00
0.00
0.00
0.00
0.00
0.00
0.10
0.00
0.00
0.00
0.00
0.00
0.00
0.00
0.00
0.00
0.00
0.00
0.00
0.00
0.00
0.00
0.00
0.00
0.00
0.00
0.00
0.00
0.00
0.00
0.00
0.00
2.10
0.00
0.00
0.00
0.00
0.00
0.00
0.00
0.00
0.00
0.00
0.00
0.00
0.00
0.00
0.00
0.00
0.00
0.00
0.00
0.00
0.00
0.00
0.00
0.00
0.00
0.00
0.00
0.00
0.00
0.00
0.00
0.00
0.00
0.00
1.50
0.00
0.00
0.00
0.00
0.00
0.00
0.00
0.00
0.00
0.00
0.00
0.00
0.00
0.80
0.00
0.00
0.70
19.30
17.30
0.00
0.00
0.00
0.00
0.00
0.00
0.00
0.00
0.00
0.00
0.00
5.90
0.80
7.40
6.20
0.00
0.00
0.00
0.30
0.00
7.50
0.00
0.40
0.00
0.00
0.00
3.20
0.70
0.10
4.80
0.00
0.00
0.00
0.00
0.00
0.70
15.60
0.00
16.60
0.10
0.00
0.10
5.40
0.00
0.80
0.10
1.90
0.00
0.00
0.00
0.10
1.10
0.00
0.00
0.00
0.00
2.60
13.70
14.50
0.00
0.00
0.00
0.00
0.00
0.00
0.00
0.80
0.00
0.00
0.00
0.00
0.00
15.80
0.00
0.00
0.00
0.50
0.00
0.00
0.10
0.00
4.80
0.00
0.00
0.00
0.00
0.00
0.10
22.50
0.00
0.00
0.00
0.00
0.00
0.00
0.00
0.00
0.00
0.00
0.00
1.10
0.00
0.00
1.20
11.60
0.00
0.00
0.00
0.00
0.00
0.00
0.00
0.00
0.00
0.00
0.00
0.00
0.00
0.00
0.00
0.00
0.00
0.00
0.00
0.00
0.00
22.90
0.70
0.00
0.00
0.00
0.00
0.00
0.00
9.40
4.90
0.00
0.00
0.00
0.00
0.00
0.00
0.00
0.00
0.00
0.00
0.00
0.00
0.00
0.10
0.00
0.00
0.00
0.00
0.00
0.00
0.00
0.00
0.00
5.90
5.80
0.00
0.00
0.00
0.00
0.00
0.00
0.00
0.00
0.10
2.20
0.00
0.00
0.00
0.00
0.00
0.00
0.00
0.00
0.60
0.00
0.00
0.00
0.00
0.20
0.00
0.00
2.50
0.00
0.80
2.90
0.00
0.00
0.00
0.00
0.00
0.00
0.00
0.00
0.00
0.00
2.20
1.10
16.20
0.00
2.60
0.00
0.00
0.00
0.10
11.00
2.60
7.40
0.00
0.00
0.00
13.30
12.70
0.00
0.00
0.00
2.00
0.10
0.10
0.10
0.00
8.60
0.00
0.00
0.00
1.10
9.10
10.00
0.20
0.00
0.00
0.00
0.00
0.00
6.00
1.30
0.00
0.00
0.00
0.40
0.00
0.00
0.20
7.80
4.30
0.00
0.00
0.00
0.00
0.00
0.00
0.00
0.00
0.00
0.00
0.00
0.00
0.00
0.00
0.00
0.50
9.30
0.70
1.50
0.00
0.00
0.00
0.00
0.00
0.00
0.00
0.00
0.00
0.00
0.00
0.00
0.00
0.00
0.00
0.10
0.00
0.00
0.00
0.00
0.00
0.00
0.00
0.00
0.00
0.00
0.20
2.60
0.00
0.40
0.00
0.00
13.00
37.80
1.70
0.20
0.00
0.00
0.10
0.00
0.50
2.50
0.00
0.00
0.00
0.00
0.10
1.70
0.00
0.00
0.00
0.00
0.20
0.10
0.00
5.30
0.00
0.40
0.00
0.00
0.00
0.00
0.00
0.00
0.00
0.00
0.00
0.00
0.00
0.00
0.00
0.00
0.00
0.00
0.00
0.00
0.00
1.10
12.80
7.20
4.50
5.70
1.10
4.70
6.40
0.50
0.50
0.00
0.00
0.60
9.00
0.50
0.70
0.80
0.00
3.20
0.10
0.00
7.20
0.10
1.60
3.90
10.80
0.70
0.00
5.10
4.90
0.00
10.90
0.10
0.00
0.00
0.00
0.00
0.00
0.50
0.10
0.00
0.00
0.00
0.00
0.00
0.00
6.40
0.00
0.00
0.00
0.00
0.00
2.60
19.10
14.40
2.00
10.20
7.20
0.00
0.00
0.40
0.70
0.50
0.00
0.00
0.90
5.00
0.20
0.00
0.00
0.00
8.60
19.80
0.00
8.40
1.20
0.20
0.00
0.00
0.00
0.00
0.00
0.00
0.00
5.20
2.00
3.60
0.60
0.00
0.00
0.00
0.00
0.00
0.00
0.50
0.00
15.50
4.20
0.00
0.00
0.00
0.00
0.50
0.00
0.00
16.60
21.00
6.40
0.20
8.60
0.00
0.00
0.00
0.00
0.00
0.00
0.00
0.00
0.00
2.40
0.00
0.00
0.00
0.00
0.00
0.00
0.00
4.50
3.30
0.00
0.00
30.20
49.00
0.00
6.50
2.40
6.90
5.30
1.60
10.10
0.00
42.80
0.00
0.00
0.00
0.00
0.90
0.00
0.00
0.00
0.00
1.30
1.40
0.00
0.00
0.20
12.70
0.10
0.00
0.00
0.00
3.30
15.60
0.00
0.00
43.90
0.00
0.00
0.00
0.00
0.00
0.00
0.00
0.00
0.00
0.00
0.00
0.00
0.00
0.00
0.00
0.00
0.00
0.00
0.00
0.00
0.00
36.80
1.40
0.00
11.00
0.00
0.00
0.00
0.00
0.50
0.00
0.00
0.00
0.00
0.00
0.00
0.00
0.00
0.00
0.00
0.00
0.00
0.00
0.20
0.00
0.00
0.00
6.00
6.10
0.00
0.00
0.00
0.00
0.00
0.00
0.00
0.00
0.00
0.00
0.00
0.00
0.00
0.00
0.00
0.60
0.00
5.00
1.20
0.00
0.00
0.00
0.00
0.00
0.00
0.00
0.00
0.00
0.00
0.00
0.30
0.10
0.00
0.00
0.00
0.00
0.00
0.00
0.00
0.00
0.00
0.00
0.00
20.00
0.80
0.00
0.00
0.10
0.00
0.00
0.00
0.00
0.00
0.00
0.00
0.00
0.00
0.00
0.00
0.00
0.10
0.00
0.00
0.00
0.00
0.00
0.00
0.00
0.00
0.00
0.00
0.00
0.00
0.00
0.00
6.00
0.00
0.00
0.00
0.00
18.80
6.80
0.10
0.10
2.20
0.10
0.00
0.00
4.20
1.50
0.30
21.10
0.10
0.00
0.00
0.10
0.00
0.10
0.00
0.00
2.70
0.10
0.00
0.40
0.00
29.30
0.40
0.10
0.00
1.30
0.10
0.00
0.00
0.00
0.00
3.00
0.00
0.00
0.00
2.10
0.00
0.00
3.60
11.30
0.20
0.40
5.70
8.80
0.80
0.00
0.10
0.00
0.00
3.50
1.30
0.00
0.00
0.00
0.00
0.10
0.00
0.00
0.00
0.40
2.10
0.00
2.00
0.00
0.00
6.40
1.10
0.00
0.00
0.00
0.00
0.00
0.00
0.00
0.00
0.00
0.00
0.00
0.00
0.00
0.00
0.00
0.00
0.00
2.10
0.00
0.00
0.00
0.00
0.00
0.00
0.00
11.10
4.00
0.00
3.50
19.30
0.10
0.00
0.00
0.00
0.00
0.00
1.40
6.20
4.70
0.00
0.00
0.00
0.00
0.00
0.00
3.70
2.40
12.40
1.30
0.00
15.90
0.00
0.10
0.00
0.00
0.00
0.00
0.00
0.00
0.00
0.00
0.00
0.00
0.00
0.00
0.00
0.00
0.50
0.00
0.20
0.00
0.00
0.00
0.00
0.00
0.20
0.30
7.50
0.00
1.30
0.10
0.80
11.20
0.00
8.10
3.70
3.00
0.00
0.00
0.00
0.00
0.80
2.20
0.00
0.00
0.00
0.00
0.00
0.00
0.00
43.00
3.10
0.00
0.00
1.40
14.90
0.00
0.00
0.00
0.00
0.00
23.80
0.00
2.00
0.00
1.20
0.00
0.00
0.00
0.20
10.00
0.10
0.00
0.00
18.70
0.00
0.00
0.00
0.00
0.00
0.00
0.00
0.00
0.10
0.00
0.30
1.80
0.30
0.00
0.00
0.00
0.00
1.40
0.00
0.00
0.90
0.00
0.00
0.00
3.50
9.70
0.00
0.00
15.00
0.00
0.00
2.90
0.00
0.00
0.00
0.70
14.90
0.00
0.00
0.00
0.00
7.80
0.00
42.60
0.00
54.80
2.30
0.00
0.00
0.00
0.00
0.40
0.00
0.00
0.00
0.00
0.00
0.00
8.70
0.00
0.00
21.60
7.80
0.10
0.00
0.40
0.00
0.00
36.30
0.00
7.40
0.40
0.00
2.70
0.00
0.00
2.80
3.40
0.00
0.00
0.00
0.00
6.10
0.40
0.10
0.00
0.00
0.00
0.00
0.40
0.00
0.00
0.00
12.80
0.20
0.10
25.00
0.00
0.00
0.00
0.00
0.00
0.00
0.00
0.00
0.00
0.00
0.00
0.00
0.00
0.00
0.00
0.00
0.00
0.00
0.00
0.00
0.00
8.20
21.00
0.00
0.00
0.00
0.00
5.80
0.00
2.70
0.00
0.00
10.00
0.50
0.20
0.10
0.00
0.00
0.00
0.00
0.00
0.00
0.20
8.40
8.80
1.80
15.00
14.30
4.20
0.00
0.00
0.00
0.30
0.00
0.00
0.00
0.00
0.00
0.00
0.00
0.00
0.00
1.20
1.10
0.00
0.00
0.00
0.00
0.00
0.00
0.10
0.10
0.10
0.00
0.00
0.10
0.00
0.00
0.00
0.00
0.00
0.00
0.00
0.00
0.00
0.00
0.00
0.00
0.10
0.00
0.00
0.00
0.10
0.00
0.00
10.30
0.10
0.00
0.00
0.00
0.00
0.00
0.00
0.00
0.00
0.00
0.00
0.00
1.80
0.70
0.10
0.00
0.50
1.60
0.00
0.00
0.00
0.00
0.00
0.00
0.00
0.00
0.10
0.10
0.00
0.00
0.00
0.00
0.00
0.00
0.00
2.70
0.00
2.40
0.00
0.00
0.00
0.00
0.00
0.00
0.00
0.00
0.50
0.00
0.00
0.00
0.00
0.00
0.00
0.00
0.00
0.00
0.10
0.00
0.00
0.00
0.00
0.00
0.40
1.60
10.90
2.20
19.80
0.00
0.00
0.00
0.00
0.00
0.00
0.00
0.00
0.00
0.00
0.00
0.00
0.00
0.00
0.00
0.00
0.00
0.00
0.00
0.00
0.00
0.00
10.60
0.20
8.90
0.20
0.00
0.00
0.00
0.00
0.10
0.00
3.90
0.10
0.00
5.90
0.00
0.00
0.00
0.00
0.10
0.10
0.00
0.00
0.00
0.00
0.00
0.00
0.00
0.00
0.00
0.00
0.00
0.00
0.10
14.60
0.00
0.00
0.00
0.00
0.00
0.00
0.00
0.00
0.00
2.60
0.10
0.00
0.00
0.00
0.00
0.00
0.00
0.00
0.00
7.40
15.50
2.70
1.90
1.20
9.80
0.00
1.50
0.00
0.00
0.00
0.00
0.00
0.00
1.60
4.60
0.00
0.00
0.00
0.00
0.00
0.00
0.00
0.00
0.00
0.00
0.00
0.00
0.00
0.00
0.00
0.00
0.00
0.00
0.00
0.00
0.00
0.00
0.80
0.00
0.60
0.00
0.00
22.70
31.10
2.90
0.00
0.00
0.00
0.00
0.00
0.00
39.60
41.70
0.00
0.00
5.40
4.60
0.00
0.00
0.00
12.30
0.00
0.00
0.00
0.70
6.00
0.00
1.60
0.00
5.30
12.70
0.70
0.00
0.00
5.50
5.40
0.00
0.00
0.00
0.00
0.00
0.00
0.00
2.20
0.00
16.00
6.20
20.10
0.00
0.00
0.00
0.00
0.00
8.60
0.00
6.80
0.00
0.00
0.00
0.40
1.60
0.00
0.00
0.00
0.00
0.00
0.00
0.00
0.00
2.40
18.60
0.00
2.80
0.10
0.30
3.80
4.80
0.00
0.50
0.10
0.00
0.00
0.00
0.00
0.10
18.00
0.10
0.00
0.00
0.00
0.00
0.00
0.00
0.00
0.00
0.00
0.00
0.00
0.00
0.00
24.80
0.90
0.00
0.00
0.00
0.00
19.60
0.20
0.00
0.00
0.00
0.00
0.00
0.00
0.10
0.10
0.00
0.00
0.10
0.10
0.00
0.00
0.00
0.00
0.00
0.00
0.00
0.00
0.00
0.00
0.00
0.00
0.00
0.00
0.00
0.00
0.00
0.00
0.00
0.10
0.00
0.00
0.00
0.00
0.00
0.00
0.00
0.00
0.00
0.00
0.00
0.00
0.00
0.00
0.00
0.00
0.00
0.10
0.00
0.00
0.10
0.00
0.00
0.10
0.00
0.00
0.70
1.10
0.20
6.50
0.00
0.00
0.00
0.00
0.00
3.20
2.60
0.00
0.00
0.00
0.00
0.00
0.00
0.00
0.00
0.00
0.00
0.10
0.00
0.00
0.00
0.00
0.00
0.00
0.00
0.00
0.00
0.00
0.00
0.00
0.00
0.00
0.30
9.70
0.00
2.10
0.20
0.00
7.00
6.40
1.10
0.00
0.00
0.00
0.00
0.00
0.00
0.00
5.00
0.00
0.00
0.00
0.00
21.50
0.00
0.00
0.00
0.00
0.00
4.30
0.10
0.00
0.10
0.00
0.20
0.00
0.00
0.00
0.00
2.40
0.20
20.30
4.10
0.00
4.40
3.60
3.50
0.00
0.00
0.00
0.00
0.00
0.00
0.00
0.00
0.00
0.00
0.00
0.00
1.60
25.30
10.20
0.00
0.00
0.00
0.00
4.20
2.00
4.10
0.20
0.00
0.00
5.30
0.10
0.00
0.00
0.50
4.60
7.40
10.80
0.00
0.00
0.00
4.10
7.30
0.00
1.00
0.00
0.00
0.00
0.00
0.00
0.00
0.00
6.90
53.00
2.10
3.80
0.60
0.90
0.00
0.00
0.00
0.00
0.40
0.00
0.00
0.50
0.40
0.00
0.00
0.00
0.00
0.00
5.50
0.10
1.80
0.00
0.00
0.00
3.30
11.50
0.10
15.80
0.00
0.00
0.00
2.70
0.20
0.00
0.00
0.00
0.00
0.00
0.10
8.30
0.00
0.00
0.00
0.00
0.00
0.90
0.00
0.00
0.00
0.00
0.00
0.00
0.00
0.00
0.00
9.60
0.80
0.00
29.50
2.40
0.00
0.00
1.10
0.00
0.00
0.00
0.00
0.00
0.00
0.00
0.00
0.60
0.00
21.30
0.10
0.00
0.00
18.30
0.00
0.00
0.00
0.00
0.00
0.00
0.00
0.00
0.00
0.00
0.00
0.00
0.00
1.50
0.00
0.00
0.00
0.00
0.00
0.00
0.00
0.20
0.00
0.00
0.00
0.00
0.00
0.00
0.00
0.00
0.00
0.00
0.00
0.10
0.00
0.20
0.00
0.00
0.00
0.00
0.00
0.00
0.00
0.00
3.40
0.00
0.00
0.00
13.60
0.10
0.00
0.00
0.00
0.00
0.00
0.00
0.00
0.00
22.00
0.00
0.00
15.40
0.00
0.00
0.00
0.00
0.00
0.00
0.00
0.00
0.00
2.90
0.00
0.00
0.00
0.00
0.00
9.20
9.70
3.90
0.00
0.00
0.20
0.00
0.00
0.00
0.00
0.90
0.00
13.20
0.00
0.00
0.00
0.00
0.00
0.00
0.00
0.00
0.00
0.00
8.90
14.40
0.10
3.80
0.10
0.10
0.00
0.00
0.00
0.00
0.00
0.00
0.00
0.00
-99.00
-99.00
-99.00
-99.00
-99.00
-99.00
-99.00
-99.00
-99.00
-99.00
-99.00
-99.00
-99.00
-99.00
-99.00
-99.00
-99.00
-99.00
-99.00
-99.00
-99.00
-99.00
-99.00
-99.00
-99.00
-99.00
-99.00
-99.00
-99.00
-99.00
-99.00
-99.00
-99.00
-99.00
-99.00
-99.00
-99.00
-99.00
-99.00
-99.00
-99.00
-99.00
-99.00
-99.00
-99.00
-99.00
-99.00
-99.00
-99.00
-99.00
-99.00
-99.00
-99.00
-99.00
-99.00
-99.00
-99.00
-99.00
-99.00
-99.00
-99.00
-99.00
-99.00
-99.00
-99.00
-99.00
-99.00
-99.00
-99.00
-99.00
-99.00
-99.00
-99.00
-99.00
-99.00
-99.00
-99.00
-99.00
-99.00
-99.00
-99.00
-99.00
-99.00
-99.00
-99.00
-99.00
-99.00
-99.00
-99.00
-99.00
-99.00
-99.00
-99.00
-99.00
-99.00
-99.00
-99.00
-99.00
-99.00
-99.00
-99.00
-99.00
-99.00
-99.00
-99.00
-99.00
-99.00
-99.00
-99.00
-99.00
-99.00
-99.00
-99.00
-99.00
-99.00
-99.00
-99.00
-99.00
-99.00
-99.00
-99.00
-99.00
-99.00
-99.00
-99.00
-99.00
-99.00
-99.00
-99.00
-99.00
-99.00
-99.00
-99.00
-99.00
-99.00
-99.00
-99.00
-99.00
-99.00
-99.00
-99.00
-99.00
-99.00
-99.00
-99.00
-99.00
-99.00
-99.00
-99.00
-99.00
-99.00
-99.00
-99.00
-99.00
-99.00
-99.00
-99.00
-99.00
-99.00
-99.00
-99.00
-99.00
-99.00
-99.00
-99.00
-99.00
-99.00
-99.00
-99.00
-99.00
-99.00
-99.00
-99.00
-99.00
-99.00
-99.00
-99.00
-99.00
-99.00
-99.00
-99.00
-99.00
-99.00
-99.00
-99.00
-99.00
-99.00
-99.00
-99.00
-99.00
-99.00
-99.00
-99.00
-99.00
-99.00
-99.00
-99.00
-99.00
-99.00
-99.00
-99.00
-99.00
-99.00
-99.00
-99.00
-99.00
-99.00
-99.00
-99.00
-99.00
-99.00
-99.00
-99.00
-99.00
-99.00
-99.00
-99.00
-99.00
-99.00
-99.00
-99.00
-99.00
-99.00
-99.00
-99.00
-99.00
-99.00
-99.00
-99.00
-99.00
-99.00
-99.00
-99.00
-99.00
-99.00
-99.00
-99.00
-99.00
-99.00
-99.00
-99.00
-99.00
-99.00
-99.00
-99.00
-99.00
-99.00
-99.00
-99.00
-99.00
-99.00
-99.00
-99.00
-99.00
-99.00
-99.00
-99.00
-99.00
-99.00
-99.00
-99.00
-99.00
-99.00
-99.00
-99.00
-99.00
-99.00
-99.00
-99.00
-99.00
-99.00
-99.00
-99.00
-99.00
-99.00
-99.00
-99.00
-99.00
-99.00
-99.00
-99.00
-99.00
-99.00
-99.00
-99.00
-99.00
-99.00
-99.00
-99.00
-99.00
-99.00
-99.00
-99.00
-99.00
-99.00
-99.00
-99.00
-99.00
-99.00
-99.00
-99.00
-99.00
-99.00
-99.00
-99.00
-99.00
-99.00
-99.00
-99.00
-99.00
-99.00
-99.00
-99.00
-99.00
-99.00
-99.00
-99.00
-99.00
-99.00
-99.00
-99.00
-99.00
-99.00
-99.00
-99.00
-99.00
-99.00
-99.00
-99.00
-99.00
-99.00
-99.00
-99.00
-99.00
-99.00
-99.00
-99.00
-99.00
-99.00
-99.00
-99.00
-99.00
-99.00
-99.00
-99.00
-99.00
-99.00
-99.00
-99.00
-99.00
-99.00
-99.00
-99.00
-99.00
-99.00
-99.00
-99.00
-99.00
-99.00
-99.00
-99.00
-99.00
-99.00
-99.00
-99.00
-99.00
-99.00
-99.00
-99.00
-99.00
-99.00
-99.00
-99.00
-99.00
-99.00
-99.00
-99.00
-99.00
-99.00
-99.00
-99.00
-99.00
-99.00
-99.00
-99.00
-99.00
-99.00
-99.00
-99.00
-99.00
-99.00
-99.00
-99.00
-99.00
-99.00
-99.00
-99.00
-99.00
-99.00
-99.00
-99.00
-99.00
-99.00
-99.00
-99.00
-99.00
-99.00
-99.00
-99.00
-99.00
-99.00
-99.00
-99.00
-99.00
-99.00
-99.00
-99.00
-99.00
-99.00
-99.00
-99.00
-99.00
-99.00
-99.00
-99.00
-99.00
-99.00
-99.00
-99.00
-99.00
-99.00
-99.00
-99.00
-99.00
-99.00
-99.00
-99.00
-99.00
-99.00
-99.00
-99.00
-99.00
-99.00
-99.00
-99.00
-99.00
-99.00
-99.00
-99.00
-99.00
-99.00
-99.00
-99.00
-99.00
-99.00
-99.00
-99.00
-99.00
-99.00
-99.00
-99.00
-99.00
-99.00
-99.00
-99.00
-99.00
-99.00
-99.00
-99.00
-99.00
-99.00
-99.00
-99.00
-99.00
-99.00
-99.00
-99.00
-99.00
-99.00
-99.00
-99.00
-99.00
-99.00
-99.00
-99.00
-99.00
-99.00
-99.00
-99.00
-99.00
-99.00
-99.00
-99.00
-99.00
-99.00
-99.00
-99.00
-99.00
-99.00
-99.00
-99.00
-99.00
-99.00
-99.00
-99.00
-99.00
-99.00
-99.00
-99.00
-99.00
-99.00
-99.00
-99.00
-99.00
-99.00
-99.00
-99.00
-99.00
-99.00
-99.00
-99.00
-99.00
-99.00
-99.00
-99.00
-99.00
-99.00
-99.00
-99.00
-99.00
-99.00
-99.00
-99.00
-99.00
-99.00
-99.00
-99.00
-99.00
-99.00
-99.00
-99.00
-99.00
-99.00
-99.00
-99.00
-99.00
-99.00
-99.00
-99.00
-99.00
-99.00
-99.00
-99.00
-99.00
-99.00
-99.00
-99.00
-99.00
-99.00
-99.00
-99.00
-99.00
-99.00
-99.00
-99.00
-99.00
-99.00
-99.00
-99.00
-99.00
-99.00
-99.00
-99.00
-99.00
-99.00
-99.00
-99.00
-99.00
-99.00
-99.00
-99.00
-99.00
-99.00
-99.00
-99.00
-99.00
-99.00
-99.00
-99.00
-99.00
-99.00
-99.00
-99.00
-99.00
-99.00
-99.00
-99.00
-99.00
-99.00
-99.00
-99.00
-99.00
-99.00
-99.00
-99.00
-99.00
-99.00
-99.00
-99.00
-99.00
-99.00
-99.00
-99.00
-99.00
-99.00
-99.00
-99.00
-99.00
-99.00
-99.00
-99.00
-99.00
-99.00
-99.00
-99.00
-99.00
-99.00
-99.00
-99.00
-99.00
-99.00
-99.00
-99.00
-99.00
-99.00
-99.00
-99.00
-99.00
-99.00
-99.00
-99.00
-99.00
-99.00
-99.00
-99.00
-99.00
-99.00
-99.00
-99.00
-99.00
-99.00
-99.00
-99.00
-99.00
-99.00
-99.00
-99.00
-99.00
-99.00
-99.00
-99.00
-99.00
-99.00
-99.00
-99.00
-99.00
-99.00
-99.00
-99.00
-99.00
-99.00
-99.00
-99.00
-99.00
-99.00
-99.00
-99.00
-99.00
-99.00
-99.00
-99.00
-99.00
-99.00
-99.00
-99.00
-99.00
-99.00
-99.00
-99.00
-99.00
-99.00
-99.00
-99.00
-99.00
-99.00
-99.00
-99.00
-99.00
-99.00
-99.00
-99.00
-99.00
-99.00
-99.00
-99.00
-99.00
-99.00
-99.00
-99.00
-99.00
-99.00
-99.00
-99.00
-99.00
-99.00
-99.00
-99.00
-99.00
-99.00
-99.00
-99.00
-99.00
-99.00
-99.00
-99.00
-99.00
-99.00
-99.00
-99.00
-99.00
-99.00
-99.00
-99.00
-99.00
-99.00
-99.00
-99.00
-99.00
-99.00
-99.00
-99.00
-99.00
-99.00
-99.00
-99.00
-99.00
-99.00
-99.00
-99.00
-99.00
-99.00
-99.00
-99.00
-99.00
-99.00
-99.00
-99.00
-99.00
-99.00
-99.00
-99.00
-99.00
-99.00
-99.00
-99.00
-99.00
-99.00
-99.00
-99.00
-99.00
-99.00
-99.00
-99.00
-99.00
-99.00
-99.00
-99.00
-99.00
-99.00
-99.00
-99.00
-99.00
-99.00
-99.00
-99.00
-99.00
-99.00
-99.00
-99.00
-99.00
-99.00
-99.00
-99.00
-99.00
-99.00
-99.00
-99.00
-99.00
-99.00
-99.00
-99.00
-99.00
-99.00
-99.00
-99.00
-99.00
-99.00
-99.00
-99.00
-99.00
-99.00
-99.00
-99.00
-99.00
-99.00
-99.00
-99.00
-99.00
-99.00
-99.00
-99.00
-99.00
-99.00
-99.00
-99.00
-99.00
-99.00
-99.00
-99.00
-99.00
-99.00
-99.00
-99.00
-99.00
-99.00
-99.00
-99.00
-99.00
-99.00
-99.00
-99.00
-99.00
-99.00
-99.00
-99.00
-99.00
-99.00
-99.00
-99.00
-99.00
-99.00
-99.00
-99.00
-99.00
-99.00
-99.00
-99.00
-99.00
-99.00
-99.00
-99.00
-99.00
-99.00
-99.00
-99.00
-99.00
-99.00
-99.00
-99.00
-99.00
-99.00
-99.00
-99.00
-99.00
-99.00
-99.00
-99.00
-99.00
-99.00
-99.00
-99.00
-99.00
-99.00
-99.00
-99.00
-99.00
-99.00
-99.00
-99.00
-99.00
-99.00
-99.00
-99.00
-99.00
-99.00
-99.00
-99.00
-99.00
-99.00
-99.00
-99.00
-99.00
-99.00
-99.00
-99.00
-99.00
-99.00
-99.00
-99.00
-99.00
-99.00
-99.00
-99.00
-99.00
-99.00
-99.00
-99.00
-99.00
-99.00
-99.00
-99.00
-99.00
-99.00
-99.00
-99.00
-99.00
-99.00
-99.00
-99.00
-99.00
-99.00
-99.00
-99.00
-99.00
-99.00
-99.00
-99.00
-99.00
-99.00
-99.00
-99.00
-99.00
-99.00
-99.00
-99.00
-99.00
-99.00
-99.00
-99.00
-99.00
-99.00
-99.00
-99.00
-99.00
-99.00
-99.00
-99.00
-99.00
-99.00
-99.00
-99.00
-99.00
-99.00
-99.00
-99.00
-99.00
-99.00
-99.00
-99.00
-99.00
-99.00
-99.00
-99.00
-99.00
-99.00
-99.00
-99.00
-99.00
-99.00
-99.00
-99.00
-99.00
-99.00
-99.00
-99.00
-99.00
-99.00
-99.00
-99.00
-99.00
-99.00
-99.00
-99.00
-99.00
-99.00
-99.00
-99.00
-99.00
-99.00
-99.00
-99.00
-99.00
-99.00
-99.00
-99.00
-99.00
-99.00
-99.00
-99.00
-99.00
-99.00
-99.00
-99.00
-99.00
-99.00
-99.00
-99.00
-99.00
-99.00
-99.00
-99.00
-99.00
-99.00
-99.00
-99.00
-99.00
-99.00
-99.00
-99.00
-99.00
-99.00
-99.00
-99.00
-99.00
-99.00
-99.00
-99.00
-99.00
-99.00
-99.00
-99.00
-99.00
-99.00
-99.00
-99.00
-99.00
-99.00
-99.00
-99.00
-99.00
-99.00
-99.00
-99.00
-99.00
-99.00
-99.00
-99.00
-99.00
-99.00
-99.00
-99.00
-99.00
-99.00
-99.00
-99.00
-99.00
-99.00
-99.00
-99.00
-99.00
-99.00
-99.00
-99.00
-99.00
-99.00
-99.00
-99.00
-99.00
-99.00
-99.00
-99.00
-99.00
-99.00
-99.00
-99.00
-99.00
-99.00
-99.00
-99.00
-99.00
-99.00
-99.00
-99.00
-99.00
-99.00
-99.00
-99.00
-99.00
-99.00
-99.00
-99.00
-99.00
-99.00
-99.00
-99.00
-99.00
-99.00
-99.00
-99.00
-99.00
-99.00
-99.00
-99.00
-99.00
-99.00
-99.00
-99.00
-99.00
-99.00
-99.00
-99.00
-99.00
-99.00
-99.00
-99.00
-99.00
-99.00
-99.00
-99.00
-99.00
-99.00
-99.00
-99.00
-99.00
-99.00
-99.00
-99.00
-99.00
-99.00
-99.00
-99.00
-99.00
-99.00
-99.00
-99.00
-99.00
-99.00
-99.00
-99.00
-99.00
-99.00
-99.00
-99.00
-99.00
-99.00
-99.00
-99.00
-99.00
-99.00
-99.00
-99.00
-99.00
-99.00
-99.00
-99.00
-99.00
-99.00
-99.00
-99.00
-99.00
-99.00
-99.00
-99.00
-99.00
-99.00
-99.00
-99.00
-99.00
-99.00
-99.00
-99.00
-99.00
-99.00
-99.00
-99.00
-99.00
-99.00
-99.00
-99.00
-99.00
-99.00
-99.00
-99.00
-99.00
-99.00
-99.00
-99.00
-99.00
-99.00
-99.00
-99.00
-99.00
-99.00
-99.00
-99.00
-99.00
-99.00
-99.00
-99.00
-99.00
-99.00
-99.00
-99.00
-99.00
-99.00
-99.00
-99.00
-99.00
-99.00
-99.00
-99.00
-99.00
-99.00
-99.00
-99.00
-99.00
-99.00
-99.00
-99.00
-99.00
-99.00
-99.00
-99.00
-99.00
-99.00
-99.00
-99.00
-99.00
-99.00
-99.00
-99.00
-99.00
-99.00
-99.00
-99.00
-99.00
-99.00
-99.00
-99.00
-99.00
-99.00
-99.00
-99.00
-99.00
-99.00
-99.00
-99.00
-99.00
-99.00
-99.00
-99.00
-99.00
-99.00
-99.00
-99.00
-99.00
-99.00
-99.00
-99.00
-99.00
-99.00
-99.00
-99.00
-99.00
-99.00
-99.00
-99.00
-99.00
-99.00
-99.00
-99.00
-99.00
-99.00
-99.00
-99.00
-99.00
-99.00
-99.00
-99.00
-99.00
-99.00
-99.00
-99.00
-99.00
-99.00
-99.00
-99.00
-99.00
-99.00
-99.00
-99.00
-99.00
-99.00
-99.00
-99.00
-99.00
-99.00
-99.00
-99.00
-99.00
-99.00
-99.00
-99.00
-99.00
-99.00
-99.00
-99.00
-99.00
-99.00
-99.00
-99.00
-99.00
-99.00
-99.00
-99.00
-99.00
-99.00
-99.00
-99.00
-99.00
-99.00
-99.00
-99.00
-99.00
-99.00
-99.00
-99.00
-99.00
-99.00
-99.00
-99.00
-99.00
-99.00
-99.00
-99.00
-99.00
-99.00
-99.00
-99.00
-99.00
-99.00
-99.00
-99.00
-99.00
-99.00
-99.00
-99.00
-99.00
-99.00
-99.00
-99.00
-99.00
-99.00
-99.00
-99.00
-99.00
-99.00
-99.00
-99.00
-99.00
-99.00
-99.00
-99.00
-99.00
-99.00
-99.00
-99.00
-99.00
-99.00
-99.00
-99.00
-99.00
-99.00
-99.00
-99.00
-99.00
-99.00
-99.00
-99.00
-99.00
-99.00
-99.00
-99.00
-99.00
-99.00
-99.00
-99.00
-99.00
-99.00
-99.00
-99.00
-99.00
-99.00
-99.00
-99.00
-99.00
-99.00
-99.00
-99.00
-99.00
-99.00
-99.00
-99.00
-99.00
-99.00
-99.00
-99.00
-99.00
-99.00
-99.00
-99.00
-99.00
-99.00
-99.00
-99.00
-99.00
-99.00
-99.00
-99.00
-99.00
-99.00
-99.00
-99.00
-99.00
-99.00
-99.00
-99.00
-99.00
-99.00
-99.00
-99.00
-99.00
-99.00
-99.00
-99.00
-99.00
-99.00
-99.00
-99.00
-99.00
-99.00
-99.00
-99.00
-99.00
-99.00
-99.00
-99.00
-99.00
-99.00
-99.00
-99.00
-99.00
-99.00
-99.00
-99.00
-99.00
-99.00
-99.00
-99.00
-99.00
-99.00
-99.00
-99.00
-99.00
-99.00
-99.00
-99.00
-99.00
-99.00
-99.00
-99.00
-99.00
-99.00
-99.00
-99.00
-99.00
-99.00
-99.00
-99.00
-99.00
-99.00
-99.00
-99.00
-99.00
-99.00
-99.00
-99.00
-99.00
-99.00
-99.00
-99.00
-99.00
-99.00
-99.00
-99.00
-99.00
-99.00
-99.00
-99.00
-99.00
-99.00
-99.00
-99.00
-99.00
-99.00
-99.00
-99.00
-99.00
-99.00
-99.00
-99.00
-99.00
-99.00
-99.00
-99.00
-99.00
-99.00
-99.00
-99.00
-99.00
-99.00
-99.00
-99.00
-99.00
-99.00
-99.00
-99.00
-99.00
-99.00
-99.00
-99.00
-99.00
-99.00
-99.00
-99.00
-99.00
-99.00
-99.00
-99.00
-99.00
-99.00
-99.00
-99.00
-99.00
-99.00
-99.00
-99.00
-99.00
-99.00
-99.00
-99.00
-99.00
-99.00
-99.00
-99.00
-99.00
-99.00
-99.00
-99.00
-99.00
-99.00
-99.00
-99.00
-99.00
-99.00
-99.00
-99.00
-99.00
