20000101
0.00
0.00
0.00
0.00
0.00
0.00
0.00
0.20
6.40
0.00
0.00
0.00
0.00
3.10
14.79
0.10
0.00
0.00
0.00
0.00
0.00
0.00
0.40
0.00
0.00
1.00
0.40
0.00
0.00
0.00
0.00
0.10
0.20
0.00
0.00
0.00
0.00
0.00
0.00
0.00
0.00
0.00
0.00
0.00
0.00
0.00
1.10
6.80
0.00
0.00
0.00
0.00
0.00
0.00
0.00
0.00
0.00
0.00
0.00
0.00
0.05
0.05
0.00
0.00
0.00
0.00
0.00
0.00
0.00
0.00
0.00
0.00
0.00
0.00
0.00
0.00
0.00
0.00
0.00
0.00
1.40
0.00
2.90
0.10
11.80
5.80
15.69
0.00
2.00
0.10
3.50
0.00
3.00
0.00
0.00
0.00
0.00
0.00
0.00
0.00
2.60
10.69
0.00
0.00
0.00
0.00
0.00
2.20
1.60
0.00
0.00
0.00
0.00
10.50
0.00
0.00
0.00
12.79
0.50
0.00
0.00
0.00
0.00
0.00
0.00
0.00
0.00
0.10
0.00
2.80
7.10
0.00
0.00
0.20
0.00
0.00
0.00
9.19
0.00
0.00
0.00
0.00
1.20
0.40
0.00
0.00
2.20
15.59
0.00
0.00
0.00
0.00
0.00
0.00
0.00
0.00
5.30
1.20
0.00
0.00
0.00
46.67
1.90
0.00
0.90
11.29
0.00
0.00
0.00
0.00
0.00
0.00
0.00
0.00
0.00
0.00
0.00
0.30
0.00
0.10
0.00
1.10
0.00
0.00
0.00
0.00
0.00
0.00
0.00
0.00
0.00
10.20
5.00
0.90
0.00
0.00
0.00
0.00
0.00
0.00
2.20
0.00
0.00
0.00
2.10
0.00
0.10
0.00
0.00
11.10
0.00
0.00
0.00
0.00
0.00
0.00
0.00
0.00
0.00
0.00
0.00
0.00
0.00
0.00
0.00
0.00
0.00
0.00
0.00
0.00
0.00
0.00
0.00
0.00
0.00
0.00
0.00
0.00
0.00
0.00
0.00
0.00
0.00
0.00
0.00
0.00
0.00
0.00
0.00
0.00
0.00
0.00
0.00
0.00
0.00
0.00
0.00
0.00
0.00
0.00
0.00
0.00
0.30
2.50
0.00
0.00
0.00
0.00
0.00
0.00
0.00
3.40
0.70
3.70
0.10
0.10
0.00
0.00
0.00
0.00
0.00
0.00
0.00
2.00
5.50
0.30
3.70
0.00
22.79
0.40
0.00
0.00
0.00
0.00
0.00
0.00
0.00
0.00
0.00
0.00
0.00
0.00
0.00
0.00
0.00
-99.00
-99.00
-99.00
-99.00
-99.00
-99.00
-99.00
-99.00
-99.00
-99.00
-99.00
-99.00
-99.00
-99.00
-99.00
-99.00
-99.00
-99.00
-99.00
-99.00
-99.00
-99.00
-99.00
-99.00
-99.00
-99.00
-99.00
-99.00
-99.00
-99.00
0.00
0.00
0.00
0.00
0.00
0.00
0.00
0.00
0.00
0.00
0.00
0.00
0.00
0.00
6.49
0.00
0.00
0.00
0.00
1.40
21.29
65.85
74.09
10.20
0.10
0.00
0.00
0.00
0.00
0.00
0.00
0.00
0.00
0.00
0.00
0.00
0.70
4.25
0.05
0.00
0.00
0.10
3.46
5.63
9.35
22.74
44.36
0.00
0.00
2.20
0.00
0.00
0.00
0.00
0.00
0.00
0.00
0.00
19.18
3.00
0.00
0.00
0.20
0.00
0.00
0.00
0.00
0.00
0.00
1.30
0.00
0.00
0.00
0.00
0.00
8.20
1.90
0.00
0.00
0.00
0.00
0.00
0.00
0.00
0.00
0.00
0.00
0.00
0.60
0.00
0.00
0.50
0.00
0.00
0.80
0.00
0.20
14.79
0.00
6.50
0.10
9.84
0.15
0.00
0.00
1.70
0.60
0.00
0.00
0.00
0.00
0.00
0.00
0.00
26.59
2.20
6.50
1.70
4.20
0.00
0.00
0.00
0.00
0.00
2.60
0.00
0.00
4.50
0.00
0.00
0.00
0.00
0.00
0.00
0.00
0.00
1.10
0.40
0.00
6.20
1.60
1.50
0.00
0.00
0.00
0.00
0.00
0.00
0.00
0.00
4.70
7.80
0.40
2.10
0.00
0.30
0.00
0.00
0.00
0.00
0.10
0.00
0.00
0.00
0.00
0.00
0.00
13.59
0.10
0.00
0.00
2.10
0.00
0.00
0.00
0.00
0.00
0.00
0.00
0.00
0.00
0.00
0.00
0.00
0.00
0.00
0.00
0.30
0.00
0.00
0.70
8.30
0.00
0.00
0.30
0.00
0.00
0.00
0.00
0.00
0.00
0.00
0.00
0.00
0.00
0.00
0.00
0.00
0.10
0.00
0.00
0.00
0.00
0.00
0.60
0.00
0.00
0.00
0.00
1.60
0.10
0.00
0.00
0.00
0.00
1.70
11.89
0.00
0.00
0.00
12.39
0.00
0.00
0.00
0.00
0.00
0.00
0.00
0.00
0.00
0.00
0.00
0.00
0.00
0.00
0.00
0.00
0.00
0.00
0.00
0.00
0.00
0.00
0.00
0.00
0.00
0.00
0.00
0.00
0.00
0.40
0.00
0.00
0.00
0.00
0.00
0.00
0.00
0.00
0.00
0.00
0.00
6.59
0.30
0.10
0.00
18.59
0.50
0.00
0.00
0.00
0.00
0.00
0.00
0.00
0.00
0.00
0.00
0.00
0.00
0.00
0.00
0.00
0.00
2.60
32.84
0.35
0.80
0.60
0.00
0.00
3.20
3.90
0.00
0.00
0.00
0.00
0.00
0.00
0.00
0.00
0.00
0.20
0.00
0.00
0.00
0.20
0.00
0.00
0.00
0.00
13.29
0.10
15.30
0.00
0.00
6.80
0.00
0.00
0.00
0.00
0.00
0.00
0.00
0.00
0.00
0.00
0.00
0.00
0.00
0.00
0.00
0.20
0.00
0.00
1.60
0.00
0.00
0.10
36.77
34.69
11.09
0.00
0.00
0.00
0.00
0.00
0.00
0.00
0.00
0.00
0.00
0.00
0.00
0.80
0.00
0.00
0.00
0.00
0.00
0.00
0.00
0.00
0.00
0.00
0.00
0.00
0.00
0.20
0.00
0.00
0.00
0.00
0.00
0.00
0.00
0.00
0.00
0.00
0.00
0.00
0.00
0.00
0.00
0.00
0.00
0.10
0.20
12.39
6.90
0.10
0.00
0.00
0.10
0.00
0.00
0.00
0.00
0.60
0.00
0.00
0.00
0.00
0.00
0.00
0.00
0.00
0.00
0.00
0.00
0.00
0.00
0.00
0.00
0.00
0.00
0.00
0.00
0.00
0.00
0.00
6.59
0.10
0.00
0.00
0.00
0.00
0.00
0.00
0.00
10.79
0.90
5.94
5.46
0.00
0.00
0.00
0.30
0.00
0.00
0.00
0.00
0.00
0.00
0.00
0.00
3.00
0.00
0.00
16.29
0.60
0.00
0.00
0.00
0.00
0.00
0.00
0.53
2.37
0.00
0.00
0.00
0.00
0.00
0.00
0.00
0.00
0.00
0.00
0.00
0.00
0.00
0.50
5.10
0.00
0.00
0.00
1.30
144.53
0.70
0.00
0.00
26.08
1.80
6.70
30.39
91.76
8.10
1.10
2.20
0.00
0.00
0.00
0.00
0.00
0.00
0.00
0.00
0.00
0.00
0.00
0.00
0.00
0.00
0.00
0.00
8.20
3.40
11.19
2.20
0.30
1.40
35.27
56.91
11.66
1.40
0.60
0.00
0.00
0.00
0.00
0.00
0.00
2.70
0.00
0.00
0.00
0.03
4.56
0.00
0.00
6.93
16.76
0.00
0.00
0.00
0.00
0.00
0.00
0.20
2.70
21.47
0.32
0.00
11.49
0.00
0.00
0.00
0.00
0.00
0.00
0.00
0.00
0.00
0.00
0.00
0.00
0.00
0.00
0.00
0.00
0.00
0.00
0.00
0.00
5.60
0.00
1.10
0.00
0.00
0.00
0.00
5.50
0.00
0.00
0.00
0.00
0.00
15.49
0.00
0.20
0.00
0.20
0.00
0.00
0.00
0.00
0.00
0.00
0.00
0.00
0.00
0.00
0.00
0.00
0.00
0.00
0.10
7.09
0.00
0.00
0.00
13.50
0.00
0.00
1.30
15.59
2.50
0.00
0.00
0.00
0.00
0.00
0.00
0.00
0.00
0.00
0.00
0.00
0.10
0.00
0.00
1.80
2.10
1.50
0.10
0.00
0.00
0.00
0.00
0.00
16.89
0.70
0.30
0.00
2.20
71.99
2.50
0.00
0.00
12.29
1.40
0.00
0.00
0.00
0.00
0.00
0.00
0.00
1.60
3.00
0.00
0.00
0.00
0.00
0.00
0.00
2.10
0.00
0.00
0.00
0.00
0.00
0.00
0.00
0.00
0.00
65.75
7.18
0.01
0.00
0.00
0.00
0.00
0.00
14.19
0.00
0.00
0.00
5.00
0.10
0.70
0.10
0.00
0.00
0.00
0.00
0.00
0.00
0.50
0.00
0.00
0.00
0.00
0.00
1.10
0.00
0.00
0.00
0.00
0.00
0.00
0.00
1.80
0.00
0.00
0.00
0.00
0.00
9.30
0.00
0.00
0.03
13.06
0.00
0.00
0.00
0.07
3.73
0.00
3.60
0.00
0.00
0.00
0.00
0.00
0.00
0.00
0.00
37.68
0.10
0.00
0.00
0.00
0.00
0.00
0.00
0.00
0.20
0.00
0.00
0.00
0.00
0.00
0.00
0.00
0.00
0.00
0.00
1.50
0.00
0.00
0.00
0.00
0.00
0.12
30.66
0.00
0.50
0.00
0.00
0.00
0.00
0.00
0.00
0.00
0.00
0.00
0.00
0.90
0.00
0.00
0.00
0.00
0.00
0.00
0.00
0.00
0.00
0.00
0.00
0.00
0.00
0.00
0.00
2.40
2.65
0.25
0.00
0.00
0.50
0.60
0.00
0.00
0.20
0.00
0.00
0.00
0.00
0.00
16.39
37.48
7.90
4.20
0.00
2.10
8.60
43.07
3.80
0.00
0.00
0.00
0.20
0.00
0.00
2.50
0.00
0.00
0.00
0.00
0.00
0.00
0.00
0.00
5.10
0.10
0.00
0.00
0.00
0.00
0.00
0.00
0.00
0.00
0.00
0.00
0.00
13.44
3.45
19.89
0.00
1.20
0.20
0.00
0.00
0.00
0.00
0.00
0.00
13.29
9.50
1.60
0.00
0.00
2.90
0.10
0.00
0.00
0.00
0.20
0.10
0.00
0.00
0.00
0.00
0.00
2.00
0.00
0.00
0.00
0.00
0.00
2.00
0.00
0.00
0.00
0.00
6.60
0.00
0.00
0.00
3.60
0.00
0.00
0.00
0.00
0.00
2.90
0.00
13.46
4.84
0.00
0.00
0.00
1.20
5.70
10.29
0.00
0.00
0.00
0.00
0.00
0.00
0.30
0.10
0.00
0.80
0.00
0.00
0.00
0.00
0.00
0.00
0.00
0.00
0.00
0.00
0.00
2.60
0.00
0.00
0.00
0.00
0.00
0.00
0.00
0.00
0.00
0.00
1.00
0.00
0.00
0.00
3.20
1.10
0.00
0.00
0.00
0.00
0.00
0.00
0.00
0.00
0.00
0.00
0.00
0.00
0.00
0.00
0.00
0.00
0.00
0.00
0.00
0.00
0.00
0.00
0.00
0.20
0.00
0.00
0.00
0.00
0.00
0.00
0.00
0.00
0.00
0.00
0.00
0.00
0.00
0.00
0.00
0.00
0.00
0.00
0.00
0.00
17.90
13.40
0.00
2.70
0.00
0.00
0.00
5.20
0.00
0.00
0.00
0.00
0.00
5.90
2.50
1.58
1.03
0.00
6.30
8.10
0.10
4.20
5.20
0.00
0.00
0.00
0.00
0.00
0.00
0.00
0.00
0.00
0.00
0.00
0.00
0.00
4.50
0.20
0.00
0.00
0.00
8.92
10.18
0.00
7.80
2.10
0.00
0.00
6.60
0.00
0.00
0.00
0.00
0.00
0.00
0.00
0.00
2.40
0.11
8.89
11.10
121.10
15.40
3.80
0.00
0.00
0.10
0.10
0.20
0.00
0.00
0.00
0.00
0.00
0.00
0.00
0.00
0.00
0.00
0.00
0.00
0.00
0.00
0.00
0.00
0.00
0.00
0.00
0.00
0.00
0.00
0.00
0.00
0.00
0.00
0.00
0.00
6.80
9.15
3.65
0.00
0.00
2.10
0.00
0.20
0.20
10.40
7.20
42.90
20.00
13.40
0.00
15.07
0.63
0.00
2.50
0.10
0.00
0.00
0.00
0.00
0.00
0.00
1.34
0.56
0.00
0.00
0.30
0.00
0.00
0.00
0.00
0.00
1.40
0.10
0.00
0.00
1.00
0.00
0.00
0.00
0.00
0.00
0.00
0.00
0.20
1.40
0.00
0.00
0.00
0.00
0.00
0.00
0.70
0.00
0.00
0.40
0.00
0.00
13.45
11.55
0.00
0.40
5.30
0.00
0.00
0.00
0.00
0.00
0.00
0.00
0.10
0.00
0.00
0.00
0.00
0.00
0.00
0.00
0.00
0.00
0.00
0.00
1.10
0.00
0.00
1.70
56.50
26.40
0.00
0.10
0.00
0.60
0.20
0.90
0.00
0.00
0.00
0.00
0.00
0.10
0.00
0.00
0.00
0.00
0.00
0.00
0.00
0.00
19.30
0.00
0.00
0.00
0.00
0.00
0.00
0.00
1.10
5.70
0.00
0.00
0.00
0.00
0.60
0.00
24.50
49.10
0.80
0.00
2.20
0.00
0.00
0.00
0.00
0.00
1.00
0.00
0.00
0.00
0.00
0.00
3.70
1.34
95.96
0.20
12.60
0.30
0.50
0.00
1.60
0.00
0.00
0.00
0.00
0.00
9.30
31.80
0.80
0.00
5.50
30.20
2.30
28.80
4.88
18.22
0.10
0.00
0.00
12.70
4.10
0.00
0.00
0.00
0.00
0.00
0.00
0.00
0.00
0.00
17.60
0.00
0.00
0.00
0.00
0.70
0.00
0.00
1.40
2.50
0.00
0.00
0.00
0.00
0.00
0.00
0.00
0.00
0.00
0.00
0.30
0.00
0.00
7.50
1.35
0.35
0.00
0.00
3.80
1.40
0.00
0.00
0.00
0.60
0.00
0.00
0.00
0.00
0.00
0.00
0.00
0.00
0.00
0.00
0.00
0.50
0.00
5.40
0.50
1.50
4.20
0.00
0.00
0.00
0.00
0.00
0.00
0.00
0.00
0.00
0.00
0.00
0.00
0.00
0.00
0.00
0.00
0.00
0.00
0.00
0.00
0.00
0.00
0.00
0.00
0.00
0.00
0.00
0.00
0.00
2.50
0.00
0.00
0.00
0.00
0.00
0.00
6.00
0.00
0.00
0.00
0.00
0.00
0.15
0.15
0.00
0.00
0.00
0.00
1.80
6.30
0.00
0.00
3.50
9.70
0.00
0.00
0.00
1.50
0.00
0.00
0.00
13.70
2.40
0.00
13.70
4.20
0.00
0.00
0.00
0.00
0.00
0.00
0.00
0.00
0.00
0.00
0.00
0.00
0.00
0.00
0.00
0.00
0.00
0.00
0.00
0.00
0.20
0.00
0.00
0.00
0.00
1.50
5.40
0.00
0.50
1.40
0.00
0.00
0.00
0.00
0.00
0.00
0.00
0.00
0.00
0.60
12.90
0.00
0.00
0.10
4.70
15.00
2.00
0.00
0.00
0.00
0.00
0.00
0.00
0.00
2.20
1.20
0.00
0.00
0.00
0.00
0.00
0.00
0.00
0.00
0.00
0.00
0.00
0.00
0.00
0.00
0.00
0.00
0.00
0.00
8.50
0.00
12.70
0.00
0.00
0.30
0.00
0.00
20.00
25.90
6.60
0.00
0.00
6.60
0.00
0.00
0.00
0.00
0.00
0.00
0.00
0.10
0.00
0.00
0.00
0.00
0.50
0.00
0.00
0.10
1.60
0.00
0.00
0.00
0.00
0.00
0.00
0.00
0.00
0.00
0.00
0.00
0.00
0.00
0.00
0.00
0.00
0.00
0.00
0.00
0.20
1.90
0.00
0.00
0.00
0.00
0.00
0.10
0.00
0.00
0.00
0.30
0.00
0.00
0.00
0.00
0.00
0.00
0.10
30.60
49.30
59.53
4.27
0.00
0.00
0.10
2.40
0.00
0.00
0.00
0.00
0.00
2.10
0.00
0.00
0.00
0.00
0.00
0.00
0.00
0.00
0.00
0.00
0.00
1.30
0.00
0.00
0.00
0.00
0.00
0.00
0.00
0.00
0.00
0.00
0.00
0.00
0.00
0.00
0.00
0.00
0.00
1.20
0.10
0.00
0.20
0.00
0.00
12.50
0.10
4.50
0.90
0.00
0.00
0.00
5.50
0.00
0.00
0.00
0.00
6.70
0.00
0.00
0.00
0.00
0.00
0.00
2.60
2.90
0.00
3.40
5.10
0.20
0.80
0.00
0.00
3.80
0.00
0.00
0.00
0.00
0.00
0.00
0.00
0.20
0.00
2.30
0.00
0.00
0.00
0.00
0.24
4.26
0.50
0.00
0.00
3.30
0.00
1.80
55.10
0.00
0.00
0.00
0.00
1.10
0.00
0.00
0.00
0.00
0.00
0.00
0.00
0.00
0.00
0.00
0.00
0.00
0.00
0.00
0.00
0.00
0.00
0.00
0.00
6.40
0.10
0.10
4.40
0.00
0.00
0.00
0.00
0.00
0.00
0.00
0.00
0.00
0.00
0.00
0.00
0.00
0.00
0.00
0.00
0.00
0.00
0.00
0.20
0.00
0.00
0.00
0.33
8.58
0.00
0.00
0.00
0.00
0.00
0.00
0.00
0.00
4.50
0.00
0.00
0.00
0.00
0.00
0.00
0.00
0.00
0.00
0.00
4.90
0.00
0.00
10.10
0.00
0.00
0.00
0.00
0.00
0.00
0.00
0.50
0.80
1.20
0.00
0.00
0.00
0.00
0.00
0.40
0.40
0.10
4.50
0.00
0.00
0.00
0.00
0.00
0.00
0.40
0.00
0.00
0.00
0.00
0.00
0.00
0.00
0.00
2.80
7.20
1.40
29.20
0.00
0.00
2.40
0.10
2.80
0.00
0.00
2.20
1.50
0.00
0.00
0.00
0.00
0.00
0.00
0.00
8.60
0.00
0.00
0.00
0.00
0.00
21.30
10.20
0.00
0.40
5.50
0.00
0.00
0.00
0.00
0.00
1.20
6.09
55.38
22.33
11.60
0.10
0.00
98.00
0.00
0.00
0.00
0.00
0.70
0.00
0.00
0.00
0.00
0.00
0.00
0.00
0.00
0.00
0.00
0.20
0.00
1.40
0.00
0.00
0.00
15.60
0.10
0.00
5.90
32.10
52.90
3.20
0.00
0.00
0.00
0.00
0.00
0.00
0.00
0.00
0.00
4.30
1.10
0.00
0.00
0.00
0.00
0.00
0.00
4.60
0.00
0.30
0.00
0.00
0.00
0.00
0.00
0.00
0.00
0.00
0.00
0.00
0.00
0.00
0.00
0.00
0.00
0.00
0.20
0.10
0.00
0.00
0.10
0.00
0.00
0.00
0.00
1.30
2.40
0.00
0.00
0.00
0.10
0.80
15.40
0.92
1.48
0.00
0.00
0.00
4.10
0.20
0.00
0.00
0.00
0.00
0.00
0.00
0.00
0.00
0.00
0.00
0.00
0.40
6.40
27.03
33.20
11.47
0.00
0.00
0.00
0.00
0.00
0.00
0.00
0.00
0.00
0.00
0.00
0.00
0.00
0.00
0.00
0.00
3.85
7.05
0.00
0.20
0.00
0.00
0.00
0.00
0.00
0.00
2.00
0.00
0.00
0.00
0.00
0.00
0.00
0.50
0.00
3.00
0.00
20.60
0.75
11.65
0.00
0.00
0.00
0.00
0.00
0.07
4.23
27.10
0.00
13.20
4.60
0.00
0.00
0.00
0.00
0.00
0.10
0.00
0.00
0.00
0.00
0.00
0.00
0.00
17.20
0.10
0.00
0.00
0.00
0.20
0.00
0.00
0.00
0.00
0.00
0.30
0.00
0.00
0.00
0.20
0.00
0.00
0.00
0.00
0.00
0.00
0.00
0.00
0.00
0.00
0.00
0.00
0.00
0.00
0.00
0.00
0.00
0.00
0.00
0.00
0.00
0.00
2.80
0.00
0.00
0.00
0.00
0.00
0.00
0.00
0.00
0.00
3.50
0.00
0.00
0.00
0.00
0.00
1.10
0.00
0.00
0.00
0.00
0.00
0.00
0.00
0.00
0.00
0.00
0.00
0.00
0.00
0.00
0.00
0.00
0.00
0.20
0.00
0.00
0.00
0.00
0.10
0.00
0.00
0.00
1.10
0.00
0.00
0.00
0.00
0.00
0.00
0.00
0.00
0.00
0.00
16.00
0.00
0.00
0.00
0.00
0.00
0.00
0.00
0.00
0.00
0.00
0.00
0.00
0.00
0.00
0.00
0.00
0.00
0.00
0.00
0.00
0.00
0.20
0.00
1.90
0.00
0.00
0.00
0.00
0.00
0.00
0.00
0.00
0.00
0.00
0.00
0.00
2.60
0.00
0.00
12.50
0.10
0.00
0.00
0.00
0.00
0.00
0.00
17.30
2.00
0.50
0.00
0.00
0.00
0.00
0.00
0.00
0.00
0.00
0.00
0.00
0.00
0.00
0.00
0.00
0.00
0.00
0.00
4.40
119.50
10.80
0.00
1.80
0.00
0.00
0.00
0.00
0.10
4.20
4.30
5.20
2.50
0.00
0.00
0.00
0.00
0.00
0.00
0.00
0.15
6.25
0.00
0.00
0.00
0.00
1.60
0.20
0.30
21.60
0.00
0.10
0.10
0.10
0.00
54.04
0.06
0.30
0.00
0.00
0.00
0.00
0.00
0.00
0.00
0.00
0.00
0.00
0.00
0.00
0.00
0.00
0.00
0.00
0.00
0.00
0.00
0.00
0.10
0.00
0.00
0.00
0.00
0.00
0.00
0.20
0.10
0.00
0.00
0.00
0.40
0.00
0.00
0.00
0.00
0.00
0.00
0.00
0.00
0.00
0.00
0.00
0.00
0.00
1.50
0.00
2.60
0.00
0.00
0.00
1.60
0.00
0.00
26.00
2.10
0.30
0.00
0.00
0.00
0.00
0.00
0.00
0.00
0.00
0.00
0.00
0.00
0.00
0.00
0.00
0.00
0.00
0.00
0.00
0.00
0.00
0.00
0.00
0.00
0.00
0.00
0.00
0.00
0.00
0.00
0.00
0.00
0.00
0.00
0.00
0.00
0.20
0.80
0.00
0.00
0.00
0.00
0.00
0.00
0.00
0.80
0.00
0.00
0.00
0.00
1.08
2.53
0.10
3.70
0.00
0.00
0.00
7.70
0.00
5.50
0.00
0.00
51.90
3.90
0.00
0.00
0.00
0.00
0.70
0.30
1.80
0.00
0.00
0.00
0.00
0.00
0.00
0.00
0.00
0.00
1.10
0.80
0.00
0.00
0.00
0.00
0.00
0.00
0.00
0.00
0.00
0.00
12.20
1.20
0.00
0.00
0.00
0.00
14.40
0.00
0.00
2.60
0.10
3.90
0.40
1.40
4.20
23.00
3.00
2.30
0.00
0.00
0.00
0.20
4.00
4.50
28.20
33.46
11.24
0.00
0.00
0.00
0.00
0.00
0.00
0.00
0.00
0.00
0.00
0.00
0.00
0.10
0.00
0.00
0.30
11.60
0.50
6.20
3.60
0.00
0.00
0.00
0.00
0.00
0.00
0.00
0.00
0.00
11.60
0.00
0.00
0.00
0.00
0.10
0.00
0.00
0.10
0.00
0.00
0.00
4.50
12.20
0.80
0.00
2.20
1.10
0.00
0.00
0.00
0.00
0.00
7.60
0.00
0.00
0.00
0.00
9.10
0.00
0.00
0.00
0.60
0.00
0.00
0.10
0.00
0.10
0.00
0.00
0.00
0.00
0.00
0.00
0.00
0.00
0.80
0.00
1.20
0.00
0.00
0.30
0.00
0.00
0.00
0.00
1.50
1.90
0.00
0.00
0.00
0.00
0.00
0.00
0.00
0.00
0.00
0.00
0.00
0.00
0.00
0.00
0.00
0.00
0.00
0.00
0.00
0.00
0.00
0.00
0.00
0.00
0.00
0.00
18.90
0.60
3.20
0.00
0.00
0.00
0.00
0.00
0.00
0.00
0.10
0.00
0.00
15.40
0.50
6.70
0.40
0.00
0.00
0.00
0.00
0.00
0.00
0.00
0.10
0.00
0.00
0.00
0.00
0.00
0.00
0.00
0.00
0.00
0.00
0.00
0.00
0.00
0.00
11.00
0.00
0.00
0.80
0.50
0.00
0.00
0.00
0.30
0.00
0.00
0.00
0.00
0.00
0.00
0.00
0.00
0.00
0.00
0.00
2.50
22.50
0.60
0.00
0.20
0.00
53.80
1.20
0.00
0.00
0.00
0.00
0.00
0.10
17.60
0.00
0.00
0.00
0.10
0.00
0.00
0.90
1.20
0.00
0.00
0.00
0.00
0.00
0.00
0.00
0.00
0.00
0.00
0.00
0.00
0.00
0.00
0.00
0.00
0.00
0.00
0.00
0.00
0.00
0.00
0.00
0.00
0.70
0.10
8.30
0.60
0.00
0.00
0.00
0.00
0.00
0.00
0.00
0.00
0.00
0.00
0.00
0.00
0.00
0.00
1.80
0.10
0.00
0.00
0.00
0.00
0.00
0.00
0.00
0.00
0.00
0.00
0.00
0.00
0.00
0.00
0.00
0.00
0.00
0.00
0.00
0.00
0.00
0.00
0.00
0.00
0.00
0.00
0.00
0.00
0.00
0.00
0.00
0.00
0.00
0.00
0.00
0.00
0.00
0.00
0.00
0.00
0.00
0.00
0.00
0.00
0.00
0.00
0.00
0.00
0.00
0.00
0.00
0.00
0.00
0.00
0.00
0.00
0.00
0.00
0.00
0.00
0.00
0.00
0.00
0.00
0.00
0.00
0.40
0.00
0.00
0.00
0.10
13.29
5.01
0.00
0.00
0.00
0.00
2.00
1.10
0.00
0.00
0.00
3.90
0.00
0.00
0.00
0.10
0.00
0.00
0.00
7.80
0.10
0.00
0.00
0.00
0.00
0.00
0.00
0.00
0.00
1.10
0.00
0.00
3.70
0.00
1.30
0.00
11.10
0.00
0.00
0.00
7.72
0.28
0.00
0.00
0.00
0.00
0.00
0.00
0.00
0.00
0.00
2.40
1.40
0.00
0.00
2.80
0.00
0.00
3.40
5.40
0.00
0.40
4.40
0.00
0.20
0.00
0.00
0.00
0.00
9.10
5.10
0.00
0.00
0.00
0.00
0.00
0.00
0.00
0.00
0.00
0.00
0.00
0.00
0.00
0.00
0.00
9.80
8.20
14.67
17.13
0.00
0.00
0.00
0.00
0.00
13.42
64.78
6.90
35.60
0.20
0.00
0.00
0.20
38.30
67.40
3.80
0.00
0.60
0.00
0.00
0.00
0.00
0.30
0.00
0.00
0.00
0.00
0.00
0.00
0.00
0.00
0.00
0.00
0.00
0.00
0.00
0.00
0.00
0.00
0.00
0.00
0.00
0.00
0.00
0.00
0.00
0.00
0.00
1.75
9.65
0.00
0.00
0.00
0.03
11.37
0.40
0.00
0.00
0.00
0.00
0.00
0.00
0.00
0.00
0.00
0.00
0.00
0.40
1.40
0.00
0.00
0.00
0.00
0.00
0.00
0.00
0.00
0.40
0.00
0.00
0.00
0.00
0.00
0.00
0.00
0.00
0.00
1.90
9.90
0.00
0.00
0.00
0.00
0.00
0.00
6.80
0.00
0.00
0.00
0.00
0.00
0.00
0.00
0.00
0.00
0.00
1.30
0.00
0.00
0.00
4.00
0.00
0.00
0.00
0.00
23.40
0.04
0.06
0.00
0.00
0.00
0.00
0.20
0.00
0.00
0.00
0.00
0.00
0.00
0.00
0.00
0.00
0.00
0.00
0.00
0.00
0.00
0.40
0.00
0.00
0.00
0.10
7.00
0.00
0.00
0.00
0.00
0.00
0.00
0.00
5.80
2.50
4.60
0.10
0.00
0.00
0.00
0.00
4.80
0.00
0.00
0.00
7.40
0.00
0.00
0.70
4.70
37.50
0.00
0.00
3.00
1.90
0.00
0.00
0.00
0.00
0.00
6.00
0.00
0.00
0.00
0.00
0.20
0.00
0.00
0.00
0.00
0.00
0.00
2.00
0.00
0.00
0.00
0.00
0.00
0.00
0.00
0.00
0.00
0.00
0.00
0.00
0.00
0.00
0.00
0.00
0.00
0.00
0.00
0.00
0.00
0.00
0.00
0.00
0.00
0.00
0.00
0.00
0.00
0.00
0.00
71.80
37.00
30.10
4.92
0.08
0.00
0.00
0.00
0.00
0.00
0.00
3.00
0.00
0.00
11.70
6.60
0.10
0.00
0.00
0.00
0.00
0.00
0.00
0.00
0.87
1.83
0.00
1.40
5.30
2.40
0.00
0.00
0.00
0.10
0.00
1.40
47.65
24.05
1.80
23.80
0.00
0.00
0.00
0.00
0.00
0.00
1.60
0.00
0.00
0.00
0.00
0.00
0.00
0.00
0.00
0.00
0.00
0.00
0.00
0.00
0.00
0.00
0.00
0.00
0.00
1.50
2.10
0.00
1.30
0.00
0.00
0.00
0.00
0.00
0.00
0.00
0.00
0.00
0.00
0.00
0.00
0.00
0.00
0.00
0.00
0.00
0.00
0.00
0.00
0.00
0.00
0.00
14.67
2.62
0.00
9.00
0.30
4.00
0.30
0.00
0.00
0.00
7.20
10.10
0.00
1.30
6.50
9.60
0.00
0.00
0.20
0.00
17.90
0.10
0.00
11.00
0.00
0.00
0.00
0.00
1.50
17.60
0.00
8.70
2.50
1.13
0.17
0.00
0.00
0.00
0.00
0.00
0.70
0.00
0.00
0.30
0.00
0.00
0.00
4.50
5.30
0.00
0.00
0.00
0.00
0.00
0.00
0.00
0.00
0.00
0.00
0.50
0.00
0.00
0.00
0.00
1.00
1.80
0.00
0.00
0.00
6.89
16.41
0.50
5.30
0.00
0.00
0.00
0.00
1.80
0.00
0.00
0.90
0.00
0.00
3.00
0.00
0.00
0.00
0.00
0.20
0.20
18.80
0.00
0.00
0.10
4.50
4.60
0.60
0.00
18.80
5.10
27.16
1.14
0.40
0.00
0.00
0.00
0.00
0.00
2.05
0.55
0.00
0.00
0.00
0.00
0.00
0.10
0.00
0.00
0.00
0.00
0.00
0.00
0.00
0.00
0.00
0.00
0.00
1.20
0.00
0.00
0.00
0.00
0.20
0.00
1.30
0.00
0.00
0.00
0.00
0.00
0.00
0.00
0.00
0.00
0.00
0.00
0.00
0.00
0.00
0.00
0.30
0.00
0.00
0.00
0.00
0.00
0.00
8.40
1.40
0.00
0.00
0.00
0.00
0.00
0.00
0.00
0.00
0.00
0.50
0.00
0.10
0.00
0.00
0.50
13.90
0.00
0.00
0.00
0.00
0.00
0.00
0.00
0.00
0.00
0.00
0.00
0.00
0.00
0.00
0.00
0.00
0.00
0.00
0.00
0.60
0.00
0.30
0.00
0.00
0.00
0.00
0.00
0.00
0.00
0.00
0.00
2.30
42.90
2.90
0.00
0.00
0.00
0.00
0.00
0.00
0.00
0.00
0.00
0.00
3.60
0.00
14.90
0.90
0.00
6.70
0.00
0.00
0.00
0.00
0.00
0.00
0.00
0.00
0.00
0.00
0.00
0.00
0.00
0.00
0.10
0.00
0.00
0.00
0.00
0.20
0.00
0.00
0.90
0.00
0.00
0.00
0.00
0.00
0.00
0.00
0.00
0.00
0.00
0.00
0.00
0.00
0.00
0.00
0.00
0.00
0.00
0.00
0.00
0.00
0.00
0.30
0.40
0.10
1.00
0.00
0.00
0.00
0.10
0.00
2.00
0.00
0.00
0.00
0.12
0.08
15.10
0.60
0.00
0.00
0.00
1.85
0.05
1.00
0.20
0.00
0.00
0.00
0.00
0.60
0.00
0.00
0.00
0.10
0.00
0.00
0.00
0.00
0.00
0.00
0.10
0.00
0.00
0.00
6.30
0.00
0.10
0.00
13.00
3.70
0.00
0.00
0.00
0.00
0.00
1.85
18.29
0.06
8.20
14.80
0.00
0.00
0.00
0.00
0.10
0.00
0.00
0.00
0.00
1.10
1.30
23.27
0.42
0.00
0.00
11.20
18.50
14.00
0.00
0.00
0.00
0.00
0.00
0.00
0.00
0.00
0.00
0.00
0.00
3.10
14.60
0.00
0.00
0.00
0.00
0.00
0.00
0.00
4.10
0.10
5.60
0.00
0.42
4.18
0.00
0.00
3.50
0.00
0.00
0.00
0.00
5.80
0.00
0.00
0.10
2.00
0.00
0.00
0.00
0.00
0.00
0.00
5.70
0.10
0.00
0.00
0.00
0.00
0.00
0.00
9.25
3.81
15.10
67.33
12.75
0.00
0.00
2.33
0.00
0.00
0.00
4.42
9.42
0.00
0.00
0.00
0.00
0.00
0.00
0.00
0.00
0.00
0.00
0.00
0.00
0.00
0.00
2.00
0.00
0.00
0.00
0.00
0.00
0.00
0.00
0.00
1.33
0.00
0.00
0.50
1.08
1.08
0.00
1.75
3.83
0.17
9.25
0.25
0.75
0.25
0.00
0.00
0.00
0.00
0.00
0.00
0.00
0.00
0.00
0.17
0.00
0.00
0.00
0.00
1.08
0.00
0.00
0.00
0.00
0.08
0.00
0.00
0.00
0.00
0.00
0.00
0.00
0.00
0.00
0.00
0.00
0.00
0.00
3.50
0.00
0.00
0.00
0.00
0.00
0.00
0.00
0.00
0.00
5.83
0.00
0.00
0.00
0.00
0.00
0.00
2.67
0.00
0.33
24.83
0.00
8.62
0.05
0.00
0.00
0.33
8.17
0.25
0.00
0.00
0.00
0.00
0.00
0.00
0.00
0.00
0.00
0.00
0.00
0.00
0.00
0.00
0.00
0.00
0.00
12.75
1.00
0.08
0.00
0.00
0.00
0.00
0.00
0.00
38.33
22.58
0.00
0.00
0.00
14.83
0.00
0.00
9.25
0.08
0.00
0.00
0.00
0.00
0.30
0.00
0.00
0.00
0.70
0.00
0.00
0.00
0.40
6.50
64.60
55.00
11.60
10.50
0.00
0.00
0.00
0.00
0.00
0.00
0.00
0.00
0.00
0.00
0.70
0.00
0.00
0.00
0.00
0.00
0.00
1.50
2.10
0.00
0.00
0.00
0.00
0.00
13.70
0.00
0.00
0.50
0.00
0.00
0.00
0.00
3.80
0.00
0.00
0.00
0.00
0.00
0.70
0.00
0.00
0.00
0.00
0.00
0.00
1.80
2.35
24.35
0.10
0.30
0.10
0.00
0.00
0.00
0.00
0.00
0.00
0.00
0.00
0.00
0.00
0.00
0.00
0.00
0.10
0.00
0.00
0.00
0.10
13.20
6.40
0.00
0.00
0.00
0.00
0.00
0.00
0.00
0.00
-99.00
-99.00
-99.00
-99.00
-99.00
-99.00
-99.00
-99.00
-99.00
-99.00
-99.00
-99.00
-99.00
-99.00
-99.00
-99.00
-99.00
-99.00
-99.00
-99.00
-99.00
-99.00
-99.00
-99.00
-99.00
-99.00
-99.00
-99.00
-99.00
-99.00
-99.00
-99.00
-99.00
-99.00
-99.00
-99.00
-99.00
-99.00
-99.00
-99.00
-99.00
-99.00
-99.00
-99.00
-99.00
-99.00
-99.00
-99.00
-99.00
-99.00
-99.00
-99.00
-99.00
-99.00
-99.00
-99.00
-99.00
-99.00
-99.00
-99.00
-99.00
-99.00
-99.00
-99.00
-99.00
-99.00
-99.00
-99.00
-99.00
0.00
74.10
7.10
47.90
42.70
11.20
0.10
0.00
0.00
0.00
0.00
0.50
0.00
0.00
0.00
0.00
8.90
0.50
0.50
0.50
1.10
0.00
0.00
0.00
0.00
0.00
0.00
0.00
0.00
0.00
0.00
0.00
0.00
0.00
0.00
0.00
0.00
0.00
0.00
0.00
0.00
0.00
20.10
24.70
0.10
1.90
0.00
0.00
3.70
0.80
0.00
0.00
0.00
1.00
0.00
0.00
0.00
0.00
0.30
0.00
0.00
0.00
1.20
3.70
15.20
0.00
0.00
0.00
0.00
0.00
0.00
0.00
0.00
0.00
0.00
0.00
0.30
0.00
0.00
0.00
1.90
0.90
0.00
0.00
0.00
15.00
4.90
0.00
7.40
0.30
0.10
4.30
0.00
0.00
15.90
0.00
0.00
0.40
0.10
0.00
0.00
0.00
0.00
0.00
0.00
0.00
0.00
0.00
0.00
0.00
0.00
0.00
0.00
0.00
0.40
1.10
0.00
0.00
0.00
0.00
0.00
0.00
0.00
6.50
5.40
0.00
0.00
0.00
11.70
0.10
5.60
0.00
0.00
0.00
0.00
0.00
1.10
24.80
4.80
0.00
0.00
0.00
0.00
0.00
0.00
0.00
0.00
0.40
0.00
0.00
0.00
0.00
0.00
0.00
0.00
0.00
3.10
0.10
0.00
0.00
0.00
0.00
0.00
0.00
0.00
0.00
0.00
0.00
3.90
0.00
0.00
0.00
0.00
0.40
0.00
0.00
1.20
0.70
0.00
0.00
0.00
0.00
0.00
0.00
0.00
0.00
0.00
0.00
0.00
0.00
0.00
22.80
0.00
0.00
0.00
0.00
0.00
0.00
0.00
0.00
0.00
0.00
0.00
0.00
0.00
0.00
0.00
0.00
0.00
0.00
0.00
0.00
0.00
0.00
0.00
0.00
0.00
0.00
0.00
0.00
0.00
0.00
0.00
0.00
0.00
0.00
0.00
24.70
0.10
0.00
17.00
3.90
0.10
0.00
0.00
0.00
0.00
33.30
28.30
6.50
48.10
0.40
0.20
0.00
0.00
0.00
0.10
8.70
2.30
15.60
15.90
0.10
0.00
31.80
7.60
84.10
6.60
0.00
0.00
0.00
0.00
0.00
0.00
0.00
0.00
0.00
0.00
0.00
1.00
0.00
0.00
0.10
0.00
0.00
0.00
0.00
0.00
0.00
0.00
0.00
0.00
0.00
0.00
0.00
0.00
0.00
0.00
0.00
0.00
0.00
0.00
0.00
0.00
0.00
0.00
0.00
0.00
0.00
0.00
0.00
0.00
0.00
0.00
0.00
0.00
0.00
0.00
0.00
0.00
0.10
0.00
18.20
2.90
0.00
0.00
0.00
0.00
0.00
0.00
0.00
0.00
0.00
0.00
0.00
0.00
0.00
0.00
0.00
0.00
0.00
0.00
0.00
0.00
0.00
0.00
0.00
0.00
0.00
0.00
0.00
0.00
0.00
0.00
0.00
0.00
0.00
0.00
0.00
0.00
0.00
0.00
0.00
0.00
0.00
0.00
0.00
0.00
0.00
0.00
0.00
0.00
0.00
0.00
0.00
0.00
0.00
0.00
0.00
0.00
0.00
0.00
0.00
0.00
0.00
0.00
0.00
0.00
0.00
0.00
0.00
0.00
0.00
0.00
0.00
0.00
0.00
0.00
0.00
0.00
0.00
0.00
0.00
0.00
0.00
0.00
0.00
0.00
0.00
0.00
0.00
0.00
0.00
0.00
0.00
0.00
-99.00
-99.00
-99.00
-99.00
-99.00
-99.00
-99.00
-99.00
-99.00
-99.00
-99.00
-99.00
-99.00
-99.00
-99.00
-99.00
-99.00
-99.00
-99.00
-99.00
-99.00
-99.00
-99.00
-99.00
-99.00
-99.00
-99.00
-99.00
-99.00
-99.00
-99.00
-99.00
-99.00
-99.00
-99.00
-99.00
0.00
0.00
0.00
0.00
0.00
-99.00
-99.00
0.00
0.00
0.00
0.00
0.00
0.00
0.00
0.00
0.00
0.00
0.00
0.00
0.00
0.00
0.00
0.00
0.00
0.00
0.00
0.00
0.00
0.00
0.00
0.00
0.00
0.00
0.00
0.00
0.00
0.00
0.00
0.00
0.00
0.00
0.00
0.00
0.00
0.00
0.00
0.00
0.00
0.00
0.00
0.00
0.00
0.00
0.00
0.00
0.00
0.00
0.00
0.00
0.00
0.00
0.00
0.00
0.00
0.00
0.00
0.00
0.00
0.00
0.00
0.00
0.00
0.00
0.00
0.00
0.00
0.00
0.00
0.00
0.00
0.00
0.00
0.00
0.00
0.00
0.00
0.00
0.00
0.00
0.00
0.00
0.00
0.00
0.00
0.00
0.00
0.00
0.00
0.00
0.00
0.00
0.00
0.00
0.00
0.00
0.00
0.00
0.00
0.00
0.00
0.00
0.00
0.00
0.00
0.00
0.00
0.00
0.00
0.00
0.00
0.00
0.00
0.00
0.00
0.00
0.00
0.00
0.00
0.00
0.00
0.00
0.00
0.00
0.00
0.00
0.00
0.00
0.00
0.00
0.00
0.00
0.00
0.00
0.00
0.00
0.00
0.00
0.00
0.00
0.00
0.00
0.00
0.00
0.00
0.00
0.00
0.00
0.00
0.00
0.00
0.00
0.00
0.00
0.00
0.00
0.00
0.00
0.00
0.00
0.00
0.00
0.00
0.00
0.00
0.00
0.00
0.00
0.00
0.00
0.00
0.00
0.00
0.00
0.00
0.00
0.00
0.00
0.00
0.00
0.00
0.00
0.00
0.00
0.00
0.00
0.00
0.00
0.00
0.00
0.00
0.00
0.00
0.00
0.00
0.00
0.00
0.00
0.00
0.00
0.00
0.00
0.00
0.00
0.00
0.00
0.00
0.00
0.00
0.00
0.00
0.00
0.00
0.00
0.00
0.00
0.00
0.00
0.00
0.00
0.00
0.00
0.00
0.00
0.00
0.00
0.00
0.00
0.00
0.00
0.00
0.00
0.00
0.00
0.00
0.00
0.00
0.00
0.00
0.00
0.00
0.00
0.00
0.00
0.00
0.00
0.00
0.00
0.00
0.00
0.00
0.00
0.00
0.00
0.00
0.00
0.00
0.00
0.00
0.00
0.00
0.00
0.00
0.00
0.00
0.00
0.00
0.00
0.00
0.00
0.00
0.00
0.00
0.00
0.00
0.00
0.00
0.00
0.00
0.00
0.00
0.00
0.00
0.00
0.00
0.00
0.00
0.00
0.00
0.00
0.00
0.00
0.00
0.00
0.00
0.00
0.00
0.00
0.00
0.00
0.00
0.00
0.00
0.00
0.00
0.00
0.00
0.00
0.00
0.00
0.00
0.00
0.00
0.00
0.00
0.00
0.00
0.00
0.00
0.00
0.00
0.00
0.00
0.00
0.00
0.00
0.00
0.00
0.00
0.00
0.00
0.00
0.00
0.00
0.00
0.00
0.00
0.00
0.00
0.00
0.00
0.00
0.00
0.00
0.00
0.00
0.00
0.00
0.00
0.00
0.00
0.00
0.00
0.00
0.00
0.00
0.00
0.00
0.00
0.00
0.00
0.00
0.00
0.00
0.00
0.00
0.00
0.00
0.00
0.00
0.00
0.00
0.00
0.00
0.00
0.00
0.00
-99.00
-99.00
-99.00
-99.00
-99.00
-99.00
0.00
0.00
0.00
0.00
0.00
0.00
0.00
0.00
0.00
0.00
0.00
0.50
0.50
0.00
0.00
0.00
0.00
0.00
0.00
0.00
0.60
0.00
0.10
0.20
0.00
7.40
0.10
2.90
17.50
0.10
0.00
0.00
13.30
0.00
0.00
0.00
0.00
3.10
4.40
0.00
0.00
0.00
0.00
0.00
0.00
0.00
0.00
0.10
0.80
0.00
0.00
0.00
0.20
1.40
0.00
0.00
0.00
8.00
0.00
1.50
0.00
0.00
0.00
0.00
21.30
0.00
1.10
0.60
0.00
0.00
0.00
0.00
0.00
0.00
0.00
0.00
0.00
0.00
11.50
0.10
0.00
5.30
0.10
0.00
0.00
0.00
23.00
0.00
0.00
0.00
0.00
0.00
0.00
0.00
0.00
0.00
0.00
0.00
0.00
0.00
14.30
0.00
0.00
0.00
1.00
24.30
0.00
0.00
0.00
0.00
0.00
1.80
0.70
0.00
0.00
0.00
0.00
0.00
0.00
0.00
0.00
0.00
0.00
0.00
0.00
0.00
0.00
0.00
0.00
0.00
0.00
0.00
0.00
0.00
0.00
0.00
0.10
0.00
0.00
0.00
0.00
0.00
0.00
0.00
0.00
0.00
0.30
0.00
3.00
61.60
60.90
7.10
0.00
0.00
0.30
0.00
0.00
0.00
0.00
0.00
0.00
0.00
1.80
0.00
0.00
0.00
0.00
0.00
0.00
0.00
0.00
0.00
0.00
0.00
0.00
0.00
0.00
0.00
0.00
0.00
0.00
5.40
0.10
0.00
0.00
0.00
0.00
0.00
0.00
0.00
1.60
0.10
0.00
0.00
0.00
0.00
0.00
0.50
0.00
0.00
0.00
0.00
0.00
0.00
0.00
0.00
2.30
0.00
0.00
0.00
0.00
14.40
0.90
0.00
0.00
0.90
0.00
0.30
3.90
0.00
0.00
0.00
8.50
0.00
0.00
0.40
0.00
0.00
0.00
0.00
0.00
11.20
0.10
0.20
0.00
0.00
0.00
0.00
0.00
0.00
6.80
2.70
0.00
0.00
0.00
0.20
0.00
0.00
0.00
0.90
2.70
1.80
0.90
0.50
0.40
0.20
0.20
0.20
0.20
0.20
0.10
0.00
0.00
0.00
0.00
0.00
0.00
0.00
0.00
0.00
0.00
0.00
0.00
0.00
2.20
1.70
0.40
0.30
0.60
0.50
0.30
0.40
0.20
0.30
0.20
0.20
0.20
0.40
0.30
0.20
0.30
0.30
0.20
0.20
0.20
0.20
0.20
0.10
0.10
0.10
0.20
0.10
0.00
0.10
0.10
0.20
0.00
0.10
0.00
0.30
0.30
0.00
0.80
0.30
0.80
0.00
0.00
0.00
0.00
0.00
0.00
0.40
0.00
0.00
1.50
0.00
0.30
0.00
0.60
0.00
0.00
0.00
0.00
4.30
3.40
0.00
0.00
0.00
0.00
6.50
0.10
2.00
0.00
0.00
0.00
0.00
0.00
0.00
0.00
0.00
0.00
0.00
0.00
0.00
0.00
0.00
0.00
0.00
0.00
0.00
0.00
10.90
0.00
0.00
0.00
0.00
0.00
3.90
1.50
0.00
0.90
0.00
0.00
0.90
0.00
0.00
1.10
0.00
0.00
0.00
0.00
15.70
0.00
0.20
0.00
0.00
0.00
0.00
0.10
0.00
0.00
0.00
0.00
0.00
17.10
0.00
0.00
0.00
0.00
5.00
0.10
0.00
13.40
0.00
0.00
0.00
2.50
9.00
2.40
4.20
0.00
0.00
0.00
0.00
0.00
0.00
0.00
0.00
32.60
0.00
0.00
0.00
0.00
0.00
0.20
1.20
0.00
27.80
0.00
0.00
0.00
0.00
0.00
0.00
2.10
0.30
0.00
0.00
0.00
0.00
0.10
0.00
0.00
0.00
18.90
0.90
0.00
0.00
0.00
0.00
0.30
10.60
1.60
0.10
0.00
0.00
0.00
0.00
0.00
0.00
0.00
0.00
0.00
0.00
7.00
4.00
1.00
0.90
0.00
0.00
0.00
9.30
0.00
0.00
0.00
0.00
0.00
0.00
1.20
0.00
0.00
0.00
0.00
0.00
0.00
0.00
0.00
0.00
0.00
0.00
0.00
0.00
0.00
0.00
9.20
0.10
0.00
0.00
0.00
0.00
6.60
0.80
0.20
0.00
0.00
0.00
0.00
0.10
0.00
0.80
0.00
0.00
0.10
0.00
0.30
0.00
0.00
0.00
0.00
0.00
0.00
2.30
0.40
0.80
3.10
9.40
37.30
168.80
5.90
0.00
0.00
1.80
0.10
0.10
0.00
0.00
0.00
0.00
0.00
0.00
0.00
0.50
28.10
0.00
3.60
0.00
0.00
0.00
0.00
0.00
0.00
0.00
0.00
0.00
0.60
0.80
0.00
0.00
0.00
0.00
0.00
0.00
0.00
0.00
0.00
0.00
0.00
0.00
0.00
0.00
0.00
0.00
0.00
0.00
9.90
0.00
0.10
14.60
0.00
0.00
0.00
0.00
0.00
0.00
1.10
0.00
0.00
3.60
0.80
0.00
0.00
0.00
1.20
0.00
0.00
0.00
0.10
0.00
0.00
0.00
0.00
0.00
0.00
0.20
0.20
0.00
0.00
0.00
0.00
0.00
0.30
0.00
5.90
0.00
2.00
6.30
4.30
0.20
0.00
0.00
0.00
5.70
0.00
0.00
0.00
0.00
0.00
0.00
0.00
0.00
7.70
3.40
8.80
3.80
1.70
1.50
0.00
0.00
109.70
12.50
2.10
5.50
0.00
1.70
0.00
0.00
0.00
0.00
0.00
0.00
0.00
0.00
0.00
0.00
0.00
0.00
0.00
0.00
0.00
0.00
0.00
0.00
0.00
0.00
2.40
10.90
0.00
19.20
15.50
0.00
0.00
2.70
0.00
0.00
5.40
11.00
0.00
0.50
0.00
0.00
0.00
0.00
0.00
0.00
0.00
0.00
2.80
0.00
0.00
0.00
0.00
2.80
0.00
0.00
0.00
0.00
0.00
7.20
0.30
0.00
0.00
0.00
0.00
0.00
0.00
0.00
0.00
0.00
0.00
0.00
0.80
0.00
0.00
0.00
0.00
0.00
0.00
6.60
1.80
0.00
0.00
12.40
0.00
2.50
26.70
0.00
0.00
0.00
0.00
0.00
0.00
5.20
0.10
0.00
0.00
0.00
0.00
0.00
0.00
0.00
0.00
0.00
0.00
0.00
0.00
0.00
0.00
0.00
0.00
0.00
0.00
0.00
0.00
0.00
0.00
0.00
0.00
0.00
0.00
0.00
0.00
1.40
0.00
13.80
0.00
0.00
0.00
0.00
0.00
3.40
17.30
5.00
0.00
0.00
0.00
0.00
0.00
0.00
16.10
0.00
0.00
0.00
0.00
0.60
0.70
0.00
0.00
8.60
6.50
0.00
0.00
0.00
0.00
0.00
0.00
0.00
0.00
0.00
0.00
0.00
0.00
0.00
8.40
0.40
22.30
2.70
0.00
0.00
0.00
0.00
0.00
0.00
0.00
0.00
0.00
0.00
0.00
0.00
0.00
0.00
0.00
0.00
0.00
0.00
0.00
0.00
0.00
0.00
0.00
0.00
12.50
9.60
1.90
0.00
3.00
0.40
0.60
3.30
6.30
1.20
0.10
0.00
0.00
5.40
5.00
1.10
0.00
0.00
0.00
1.50
0.00
0.00
0.00
0.00
0.00
0.00
0.00
1.60
0.10
4.10
2.00
0.20
0.10
0.10
0.20
0.30
0.20
0.30
1.40
0.20
0.20
0.20
0.20
0.20
0.10
0.20
0.10
0.10
0.20
0.10
0.10
0.10
0.00
0.10
0.00
0.00
0.10
0.00
0.00
0.00
0.00
0.00
0.00
0.00
0.00
0.00
0.00
0.10
0.00
0.00
0.00
0.00
0.00
0.00
0.00
0.00
0.00
0.00
0.00
0.00
0.00
0.00
0.00
0.00
0.00
0.00
0.00
0.00
0.00
0.00
0.00
0.00
0.00
0.00
0.00
3.60
0.00
1.80
6.60
0.30
0.00
0.00
0.00
0.00
0.30
0.20
0.00
0.00
0.00
0.00
0.00
0.00
0.40
0.00
0.00
0.10
0.00
0.00
0.00
0.00
0.00
0.00
0.00
0.00
0.00
0.00
0.00
0.00
0.00
0.00
0.00
3.00
0.00
0.40
0.10
1.60
0.00
0.00
9.90
2.30
0.60
4.00
0.40
0.30
0.00
0.00
0.00
0.00
0.00
0.20
0.00
8.00
10.60
0.00
0.00
0.00
0.00
1.60
7.90
0.00
0.00
0.00
0.00
0.00
0.00
0.00
0.00
0.10
4.10
8.90
10.50
0.80
0.00
0.90
0.00
0.00
0.00
0.00
0.00
0.00
0.00
0.00
0.00
0.00
0.00
2.50
2.70
0.00
0.20
27.80
0.00
0.50
0.00
0.00
0.00
0.00
0.00
0.20
0.00
0.00
0.00
0.10
0.00
0.00
0.00
16.90
13.80
0.80
0.00
0.00
0.00
0.00
3.50
0.00
0.70
0.00
0.00
0.00
0.00
0.00
0.00
0.00
13.80
25.50
8.00
14.10
1.50
0.40
0.00
0.00
0.00
0.00
4.50
0.00
0.00
0.00
3.70
0.00
0.00
0.00
0.00
0.00
3.10
14.20
17.10
1.20
4.90
1.20
1.60
3.70
0.00
1.00
0.00
0.00
0.00
0.00
0.90
0.00
0.20
0.50
0.00
6.00
8.40
6.10
0.00
0.00
0.00
0.00
0.00
0.00
0.00
0.00
0.00
0.00
0.00
1.80
0.00
0.00
0.00
0.00
0.00
0.00
0.00
1.30
0.00
0.00
0.00
0.00
0.00
0.00
0.00
0.00
0.00
0.00
0.00
0.00
0.00
7.00
0.00
0.00
0.00
0.00
0.00
0.00
0.00
0.00
1.00
0.00
0.00
0.00
0.00
4.30
0.00
0.00
0.00
2.20
0.00
0.00
0.00
0.00
0.00
0.00
0.00
1.00
0.00
0.00
0.00
0.00
0.00
0.00
0.00
0.00
0.00
0.00
0.00
0.40
0.00
0.00
0.00
0.00
0.00
0.00
0.00
0.00
0.00
0.00
0.00
0.70
0.00
0.00
0.00
25.50
0.00
0.00
0.00
0.00
0.00
0.00
0.00
0.00
0.00
0.00
28.60
0.00
0.00
0.00
0.00
0.00
0.60
0.00
0.00
0.00
0.00
16.50
0.10
0.00
0.00
0.00
0.00
37.30
40.80
10.20
0.00
0.00
0.00
0.00
0.00
0.00
0.00
0.30
0.00
0.10
2.00
0.00
0.00
0.00
0.00
0.00
0.00
0.00
0.00
0.00
0.00
11.00
2.50
3.90
0.00
0.00
0.00
0.00
0.00
1.80
0.00
0.00
0.00
0.00
0.00
0.00
0.00
1.80
6.80
15.10
0.00
0.00
16.70
16.30
0.00
1.20
0.00
0.00
0.00
0.00
4.50
0.80
0.00
0.00
0.00
0.00
0.00
0.00
0.00
0.00
0.00
0.00
17.60
0.50
0.00
2.50
0.70
0.00
0.00
0.00
0.00
0.00
0.00
0.00
0.00
0.00
0.00
0.00
0.00
0.00
0.00
0.00
0.00
0.00
0.00
0.00
0.00
1.30
0.00
0.00
6.60
0.00
0.00
0.40
0.00
0.00
0.00
27.70
4.00
13.60
2.90
0.00
1.40
0.90
39.70
3.50
0.00
0.00
0.00
0.00
0.00
0.00
0.00
4.80
0.00
7.90
0.10
0.00
0.00
1.60
1.80
19.40
15.30
19.80
0.10
0.00
0.00
0.00
0.00
0.00
0.00
0.00
0.00
0.00
0.00
0.00
1.50
0.00
0.00
0.60
26.40
0.10
0.00
2.50
0.00
0.00
0.00
0.00
0.00
0.00
0.00
0.00
0.00
0.00
0.00
0.00
0.00
0.00
0.00
0.00
8.40
13.30
0.00
1.60
0.00
0.00
0.00
0.00
17.50
0.00
0.00
0.00
0.00
0.00
0.00
0.00
0.00
0.00
0.00
0.00
0.00
0.00
0.00
0.00
0.00
0.00
0.00
0.00
0.00
0.00
0.00
0.00
0.40
0.40
0.30
0.00
0.00
1.70
0.20
0.00
0.00
0.10
0.10
0.90
0.00
0.00
0.00
0.00
0.30
0.10
0.00
0.00
0.00
0.10
0.00
22.00
3.40
0.10
0.00
0.00
0.00
0.00
0.00
0.00
0.00
0.00
0.10
0.10
0.00
0.00
1.70
8.50
6.80
0.00
0.00
0.00
0.00
0.10
0.00
0.00
0.00
0.00
0.00
0.00
0.00
0.00
0.00
0.00
0.00
0.00
0.00
0.00
0.00
0.00
0.00
0.00
7.00
4.10
2.30
0.60
0.00
0.00
0.00
0.00
0.00
0.00
0.50
0.10
1.30
0.00
0.00
0.00
0.00
0.00
0.00
0.00
0.00
0.00
0.00
0.40
0.00
17.60
0.00
0.00
0.00
0.00
0.00
0.00
0.00
0.00
0.00
0.00
0.00
0.00
0.00
0.40
0.00
1.00
0.60
0.00
0.00
0.00
0.00
0.00
0.00
0.00
0.00
0.00
0.00
0.00
0.00
0.00
0.00
0.00
0.00
0.00
0.00
0.00
0.00
0.00
7.40
0.10
0.30
0.00
0.00
0.00
0.00
0.00
0.00
11.20
0.00
0.00
0.90
0.00
0.70
9.40
5.80
0.10
0.00
0.00
0.00
0.00
0.00
0.00
0.00
10.80
0.00
0.00
0.00
0.00
4.60
0.00
2.70
0.00
0.00
0.00
0.00
0.00
0.00
0.00
0.00
0.00
0.00
0.00
0.20
0.10
0.00
0.00
4.80
20.00
0.00
0.80
0.00
0.00
0.00
0.00
0.00
0.00
0.00
0.00
0.00
0.00
0.00
0.00
0.00
16.50
0.30
0.00
0.00
0.00
0.00
0.00
0.00
0.00
0.00
0.00
0.00
0.00
0.00
0.00
0.00
0.00
0.00
0.00
0.00
0.00
0.00
0.00
0.00
0.00
0.00
0.00
0.00
0.00
0.00
0.00
0.00
0.00
0.00
0.00
0.00
0.10
0.00
3.60
0.10
0.00
2.60
0.00
0.00
8.20
0.00
0.00
0.00
0.00
0.00
0.00
0.00
0.00
3.30
0.10
0.10
0.00
0.00
2.00
0.00
0.00
0.00
0.00
1.40
16.60
0.10
0.00
0.00
0.10
0.00
5.60
0.80
0.00
0.00
0.00
0.00
0.00
0.10
0.00
0.00
0.00
0.00
0.00
4.00
0.00
0.00
0.00
0.00
0.00
5.70
0.00
0.00
12.00
20.80
1.00
0.00
0.00
0.00
0.00
0.80
0.00
0.00
0.70
0.00
0.50
7.00
0.10
0.10
8.20
0.00
0.00
0.00
0.00
0.00
0.00
0.00
18.60
12.80
0.00
0.00
2.30
8.90
0.00
0.10
0.00
0.00
0.00
0.00
5.80
0.00
0.00
0.00
4.80
0.70
0.00
1.60
1.00
0.00
0.00
0.00
14.60
0.50
0.00
0.00
0.00
0.00
0.00
0.00
0.00
0.00
0.00
1.80
0.00
0.00
0.00
25.30
0.40
13.80
67.30
3.40
17.50
12.40
0.00
0.00
0.00
0.00
0.00
0.00
0.00
0.00
0.10
0.00
0.00
0.00
0.00
0.00
11.20
0.00
0.00
0.00
0.20
0.00
0.20
2.20
5.60
0.00
0.00
0.00
0.00
14.80
11.30
1.30
0.00
0.00
0.00
0.00
7.20
0.00
0.00
5.00
1.50
0.00
0.00
4.00
0.00
1.50
0.60
0.60
0.00
0.20
0.00
1.50
27.90
25.90
38.50
18.60
0.00
0.00
0.50
9.80
0.00
0.00
0.00
0.00
0.00
0.00
0.00
0.00
0.00
0.00
0.00
0.00
0.00
0.00
0.00
0.00
0.00
0.00
0.00
0.00
0.00
0.00
0.00
2.40
0.00
0.00
0.00
0.00
0.10
0.50
4.80
0.00
0.00
0.00
14.70
0.00
0.00
0.00
0.00
0.00
0.00
0.00
0.40
0.00
0.00
0.00
0.00
0.00
0.00
0.00
0.00
0.00
0.00
0.00
0.00
0.00
0.10
0.00
0.10
0.10
0.00
0.00
0.00
0.00
0.00
0.00
0.00
0.00
0.00
0.00
0.00
0.00
0.00
0.00
0.00
0.00
0.00
0.00
0.00
0.10
0.00
0.00
0.00
0.40
0.00
0.00
0.00
0.00
0.00
0.00
0.00
0.00
0.10
0.00
0.00
0.00
0.00
0.00
0.00
0.00
0.00
0.00
0.00
0.00
0.00
0.00
0.00
0.00
0.00
13.00
0.10
0.00
0.00
0.00
0.00
0.00
0.00
22.30
6.50
49.60
20.30
0.00
0.00
2.00
34.60
24.20
6.30
0.80
47.50
0.00
0.00
0.00
0.00
0.00
0.00
0.00
1.40
14.50
5.40
0.00
0.10
27.60
0.50
0.00
0.10
0.00
3.60
1.80
0.00
0.00
19.20
0.00
0.00
0.00
0.00
3.20
6.80
3.30
75.30
75.10
0.00
0.30
0.00
0.00
2.30
0.10
0.00
0.00
0.00
0.00
0.00
0.00
0.00
0.00
0.00
0.00
0.00
0.00
0.00
0.00
0.00
0.00
0.00
0.90
9.90
0.30
0.00
6.00
0.00
0.00
0.00
0.00
0.00
0.00
0.00
0.00
0.00
0.00
0.00
0.00
0.00
0.00
0.00
0.00
0.00
0.00
0.00
0.00
0.00
0.00
0.00
0.00
0.00
0.00
0.00
0.00
0.00
0.00
0.00
0.00
0.00
0.00
0.80
0.00
0.00
7.00
0.00
0.00
0.00
0.00
5.20
0.00
0.00
0.00
0.00
1.70
0.00
0.00
1.80
0.00
0.00
0.00
0.00
0.00
0.00
0.00
0.00
0.00
0.00
0.00
0.00
0.00
0.00
0.00
0.00
0.00
0.00
0.00
0.00
0.00
0.00
0.00
0.00
0.00
0.00
0.00
0.00
1.10
0.00
0.00
0.00
0.00
0.00
0.00
0.00
0.00
0.00
0.00
0.00
0.00
0.00
0.00
0.00
0.00
0.00
0.00
0.00
0.00
0.00
0.00
0.00
0.00
0.00
0.00
5.50
12.90
0.00
6.50
6.40
0.00
0.30
18.00
0.00
0.00
0.00
0.00
0.00
1.30
7.10
0.00
0.00
0.00
2.90
0.20
9.70
49.80
0.00
0.00
1.20
0.00
0.00
0.00
0.00
0.00
5.40
5.10
0.00
0.00
0.00
0.00
0.10
0.00
0.00
11.00
0.00
0.00
0.00
0.00
0.00
22.20
1.50
0.10
0.00
0.00
0.00
0.00
3.60
0.60
0.00
0.00
0.00
0.00
0.00
0.00
0.00
0.00
0.00
0.00
0.00
0.00
0.00
0.00
0.00
0.00
16.30
0.10
0.00
0.90
0.00
0.00
0.00
0.00
0.00
0.00
0.60
0.00
0.00
0.00
0.00
0.00
0.00
0.00
0.00
0.00
0.00
0.00
0.50
0.00
0.00
0.00
4.30
0.70
9.60
0.10
0.00
0.00
0.00
0.00
0.00
0.00
0.00
0.00
0.00
0.20
0.00
0.00
0.00
0.00
0.00
0.00
11.00
0.00
0.00
0.00
0.00
0.00
1.30
0.00
0.00
0.00
0.00
0.00
0.00
0.00
0.00
0.00
0.10
0.00
0.00
0.00
0.00
0.00
0.00
0.00
0.00
0.00
0.00
0.00
0.00
0.00
0.00
0.00
0.10
0.00
0.00
0.00
1.00
0.00
0.00
0.00
0.00
0.00
0.00
0.00
0.00
23.50
0.90
0.00
0.00
0.20
0.00
0.00
0.00
0.00
0.00
0.00
24.50
0.00
0.00
0.00
0.00
0.00
0.00
0.00
0.00
0.00
45.60
0.50
0.00
0.00
0.00
0.00
0.00
0.00
0.00
0.00
0.00
0.00
0.00
1.00
1.00
0.00
0.00
0.00
0.00
12.10
2.50
68.60
56.40
0.00
0.00
0.00
0.00
0.00
0.00
0.00
1.50
1.20
0.40
2.00
0.50
6.70
0.10
8.90
4.00
0.00
0.00
0.00
0.00
0.00
5.20
0.10
0.00
0.00
0.00
0.00
0.00
0.00
5.40
2.00
0.00
0.00
0.00
0.00
0.00
0.00
0.00
0.40
0.00
0.00
53.40
4.50
0.00
0.00
0.20
0.10
0.00
0.00
1.00
0.60
0.00
0.10
0.00
0.00
0.00
0.10
0.00
2.90
0.70
0.00
0.00
0.00
0.00
0.00
0.00
0.00
0.00
0.00
0.00
0.00
0.00
0.00
0.00
0.00
0.00
0.00
0.00
2.10
0.00
0.00
0.00
0.00
0.00
0.00
3.90
0.00
0.00
40.50
31.60
33.70
12.70
0.10
0.00
0.00
0.00
0.00
0.00
0.00
0.00
0.00
0.00
0.00
0.00
0.00
0.00
0.00
0.00
0.00
0.00
0.00
2.70
0.00
0.00
0.00
0.10
0.00
0.00
0.00
0.00
0.00
0.00
0.00
0.00
0.00
0.00
0.00
0.00
0.00
0.00
4.90
2.60
0.00
5.40
0.00
0.00
0.00
0.00
0.00
0.00
0.00
0.00
0.00
0.00
14.30
0.00
0.00
0.00
0.00
0.00
0.10
3.50
0.00
0.00
9.70
0.00
0.00
0.60
0.70
3.60
7.90
0.20
0.00
0.00
0.00
0.00
0.00
0.00
0.00
0.00
0.00
0.00
26.80
0.00
1.80
0.00
0.00
4.40
3.00
11.70
98.60
18.80
0.10
0.00
0.00
1.30
0.00
11.40
0.00
2.50
5.00
0.10
0.00
0.00
0.00
0.00
0.00
0.00
1.20
6.00
1.30
0.00
2.10
10.50
0.20
2.40
1.20
0.00
0.00
0.00
0.00
0.00
0.00
0.00
0.00
0.00
0.00
0.00
0.00
0.00
0.00
10.20
0.00
3.30
17.70
0.10
7.60
16.90
1.50
0.00
1.50
2.90
0.00
0.20
0.00
2.50
3.00
8.40
2.60
0.00
0.00
0.00
0.00
0.00
0.00
0.00
0.00
0.00
0.00
0.00
0.00
0.10
23.40
2.30
0.00
0.00
0.00
0.00
0.00
0.00
0.00
0.00
4.30
2.70
0.00
0.00
0.00
0.00
0.00
0.00
0.00
0.00
0.00
0.10
0.00
0.00
0.00
0.00
0.00
0.00
0.00
0.00
0.00
0.00
0.00
0.00
0.00
0.00
0.00
0.00
0.20
0.00
0.00
0.00
0.60
6.40
0.00
0.00
0.00
0.00
0.00
0.00
0.00
0.00
0.00
0.00
0.00
0.00
0.00
3.40
12.20
0.80
0.00
0.00
0.00
0.00
0.00
0.00
16.10
1.40
7.20
9.60
0.20
0.00
0.00
0.00
0.00
0.00
0.00
0.00
0.60
1.00
3.10
36.40
40.70
0.00
0.00
11.30
13.90
0.00
0.30
0.00
0.00
0.00
19.30
0.10
0.00
0.00
0.00
0.00
0.00
0.00
0.00
0.00
0.00
0.00
0.00
0.00
0.00
0.00
0.00
0.00
0.00
0.00
0.30
0.00
0.00
0.00
5.90
0.00
0.00
0.00
0.00
0.00
0.00
0.00
0.00
0.00
0.00
0.20
13.30
0.00
0.00
0.00
0.00
0.00
0.00
0.00
0.00
0.00
0.00
0.00
0.00
0.00
0.00
0.00
0.00
0.00
0.20
46.30
9.20
40.20
0.00
0.00
0.00
0.00
0.00
0.00
0.00
0.00
0.70
0.00
0.00
0.20
3.30
2.70
0.00
0.00
0.00
0.00
0.90
2.50
0.00
0.80
0.00
0.00
0.00
0.00
0.00
0.00
0.00
0.00
2.10
0.10
0.00
0.00
0.00
0.00
0.00
0.20
0.00
0.00
0.00
12.70
1.20
0.00
0.00
0.00
0.00
0.00
0.00
0.00
0.00
0.00
0.00
0.00
3.50
0.10
0.00
0.00
0.00
1.60
0.10
0.00
1.50
0.40
0.00
0.00
0.00
0.10
0.00
0.00
14.30
3.40
0.10
0.00
0.00
1.20
0.00
2.50
0.00
0.00
0.00
0.00
0.00
0.00
2.90
13.40
1.90
0.00
0.00
0.00
0.00
0.00
0.00
0.00
0.00
0.00
0.00
0.20
0.20
0.10
0.00
0.00
0.00
2.50
0.00
0.00
