20000101
0.00
0.00
0.00
0.00
0.00
0.00
0.00
0.00
1.20
0.00
0.00
0.00
0.00
2.40
11.00
0.00
0.00
0.40
0.00
0.00
0.00
0.00
0.00
0.00
0.00
0.60
0.00
0.00
0.00
0.00
0.00
0.00
0.00
0.00
0.00
0.00
0.00
0.00
0.00
0.00
0.00
0.00
0.00
0.00
0.00
0.00
0.40
0.60
0.00
0.00
0.00
0.00
0.00
0.00
0.00
0.00
0.00
0.00
0.00
0.00
0.00
0.00
0.00
0.00
0.00
0.00
0.00
0.00
0.00
0.00
0.00
0.00
0.00
0.00
0.00
0.00
0.00
0.00
0.00
3.20
0.00
0.00
0.40
0.00
0.80
0.40
0.00
0.00
0.00
0.00
1.60
0.00
0.00
0.60
0.00
5.00
0.00
0.00
0.00
2.20
0.00
0.20
0.00
0.00
0.00
0.00
5.80
0.00
0.00
0.00
0.00
0.00
0.00
8.40
0.00
0.00
0.00
2.80
0.00
0.00
0.00
0.00
0.00
0.00
0.00
0.00
0.00
0.20
0.00
1.20
3.80
0.00
0.00
0.00
0.00
0.00
-99.00
-99.00
0.00
0.00
0.00
0.00
0.00
0.00
0.00
0.00
0.00
1.00
0.00
0.00
0.00
0.00
0.00
0.00
0.00
0.00
1.00
0.60
0.00
0.00
0.00
13.20
0.00
0.00
0.00
0.20
0.00
0.00
0.00
0.00
0.00
0.00
0.00
0.00
0.00
0.00
0.00
1.40
1.60
0.00
0.00
0.00
0.00
0.00
0.00
0.00
0.00
0.00
0.00
0.00
0.00
7.20
2.80
0.80
0.00
0.00
0.00
0.00
0.00
0.00
0.00
0.00
0.00
0.00
0.40
0.00
0.00
0.00
0.00
0.40
0.00
0.00
0.00
0.40
0.00
0.20
0.20
0.00
0.00
0.00
0.00
0.00
0.00
0.20
0.00
0.00
0.00
0.00
0.00
0.00
0.00
0.00
0.00
0.20
0.00
0.00
0.00
0.00
0.00
0.00
0.00
0.00
2.00
0.40
0.00
0.00
0.00
0.00
0.00
0.00
0.00
0.00
0.00
0.00
0.00
0.00
0.00
0.00
0.00
0.00
0.00
0.00
1.20
-99.00
-99.00
-99.00
-99.00
-99.00
-99.00
-99.00
-99.00
-99.00
0.00
0.20
0.00
0.20
0.00
0.00
0.00
0.00
0.00
0.00
0.00
2.00
0.00
0.00
0.60
-99.00
-99.00
0.20
0.00
0.00
0.00
0.00
0.00
0.00
0.20
0.00
0.00
0.00
0.00
0.00
0.00
0.00
3.40
0.00
0.00
1.60
0.00
0.00
9.20
0.00
0.00
0.00
0.00
0.00
0.00
3.40
3.60
0.00
0.00
0.00
0.00
0.00
9.20
0.00
0.00
11.20
0.00
0.00
0.80
1.60
0.00
10.60
2.20
0.00
0.00
0.00
0.00
0.00
0.00
0.00
0.00
0.00
0.00
0.00
0.00
0.00
0.00
0.20
0.00
0.00
0.00
0.00
0.60
0.60
2.60
16.80
1.20
0.00
0.00
0.00
0.00
0.00
1.40
0.00
0.00
0.00
0.00
0.80
0.00
0.00
0.00
0.00
0.00
0.00
0.00
4.00
1.80
3.80
3.00
8.80
-99.00
0.00
3.40
0.00
0.00
0.00
0.00
0.00
0.00
0.00
0.00
20.00
18.60
0.00
0.40
0.00
0.00
0.00
0.00
0.00
0.00
0.00
11.60
0.00
0.00
0.00
0.00
0.00
8.20
0.20
0.00
0.00
0.00
0.00
0.00
0.00
0.00
0.00
0.00
0.00
0.00
0.00
0.20
0.20
0.00
0.00
0.00
0.20
0.00
0.20
7.60
0.00
14.00
0.00
4.20
0.00
0.00
0.00
0.40
0.20
0.00
0.00
0.00
0.00
0.00
0.00
0.00
6.80
0.00
1.40
0.00
0.20
0.00
0.00
0.00
0.00
0.00
0.00
0.00
0.00
4.20
0.00
0.00
0.00
0.40
0.00
0.00
0.00
0.00
0.20
0.00
0.00
6.60
0.00
1.20
0.00
0.00
0.00
0.00
0.00
0.00
0.00
0.00
0.20
0.10
1.10
0.00
0.20
4.60
0.00
0.00
0.00
0.00
0.00
0.00
0.00
0.00
0.00
0.00
0.00
1.40
0.00
0.00
0.60
1.20
0.00
0.00
0.00
0.00
0.00
0.00
0.00
0.00
0.00
0.00
0.00
0.00
0.00
0.00
0.00
0.00
0.00
0.00
0.00
0.60
0.00
0.00
0.00
0.00
0.00
0.00
0.00
0.00
0.00
0.00
0.00
0.00
0.00
0.00
0.00
0.00
0.00
0.00
0.00
0.00
0.00
0.00
0.00
0.00
0.00
0.00
0.00
0.60
0.00
0.00
0.00
0.00
0.00
14.40
0.60
0.00
0.00
0.00
4.40
0.00
0.00
0.00
0.00
0.00
0.00
0.00
0.00
0.00
0.00
0.00
0.00
0.00
0.00
0.00
0.00
0.00
0.00
0.00
0.00
0.00
0.00
0.00
0.00
0.00
0.00
0.00
0.00
0.00
0.00
0.00
0.00
0.00
0.00
0.00
0.00
0.00
0.00
0.00
0.00
0.00
10.40
0.00
0.00
0.00
0.00
0.20
0.00
0.00
0.00
0.00
0.00
0.00
0.00
0.00
0.00
0.00
0.00
0.00
0.00
0.00
0.00
0.00
0.00
19.20
0.60
1.80
0.00
0.00
0.00
2.80
1.40
0.20
0.00
0.00
0.00
0.00
0.00
0.00
0.00
0.00
0.00
0.00
0.00
0.00
0.00
0.00
0.00
0.00
0.00
8.80
0.00
7.20
0.00
0.00
0.40
0.00
0.00
0.00
0.00
0.00
0.00
0.00
0.00
0.00
0.00
0.00
0.00
0.00
0.00
0.00
0.20
0.00
0.00
6.20
0.00
0.00
2.40
85.80
17.20
14.00
0.00
0.00
0.00
0.00
0.00
0.00
0.00
0.00
0.00
0.00
0.00
0.00
1.00
0.00
0.00
0.00
0.00
0.00
0.00
0.00
0.00
0.00
0.00
0.00
0.00
0.00
0.00
0.00
0.00
0.00
0.00
0.00
0.00
0.00
0.00
0.00
0.00
0.00
0.00
0.00
0.00
0.00
0.00
0.00
0.00
1.60
1.20
0.20
0.00
0.00
0.00
0.00
0.00
0.00
0.00
0.00
0.00
0.00
1.60
0.00
0.00
0.00
0.00
0.00
0.00
0.00
0.00
0.00
0.00
0.00
0.00
0.00
0.00
0.00
0.00
0.00
0.00
0.00
0.00
6.60
0.20
0.00
0.00
0.00
0.00
0.00
0.00
0.00
3.60
3.20
2.50
1.30
0.00
0.00
0.00
0.00
0.00
0.00
0.00
0.00
0.00
0.00
0.00
0.00
1.60
0.00
0.00
13.00
0.00
0.00
0.00
0.00
0.00
0.00
0.00
0.00
1.60
0.00
0.00
0.00
0.00
0.00
0.00
0.00
0.00
0.00
0.00
0.00
0.00
0.00
1.80
0.80
0.00
0.00
0.00
0.80
80.40
1.00
0.00
0.00
9.00
0.20
3.00
28.00
10.60
4.40
0.00
0.20
0.00
0.00
0.00
0.00
0.00
0.00
0.00
0.00
0.00
0.00
0.00
0.00
0.00
0.00
0.00
0.00
4.20
2.20
1.80
0.00
0.00
0.40
23.60
29.80
0.00
0.00
0.00
0.00
0.00
0.00
0.00
0.00
0.00
4.00
0.00
0.00
0.00
0.00
3.20
0.00
0.00
5.00
0.00
0.00
0.00
0.00
0.00
0.00
0.00
5.60
6.80
1.00
0.00
0.00
4.40
0.00
0.00
0.00
0.00
0.00
0.00
0.00
0.00
0.00
0.00
0.00
0.00
0.00
0.00
0.00
0.00
0.00
0.00
0.00
0.00
2.60
0.00
0.00
0.00
0.00
0.00
0.00
3.40
0.00
0.00
0.00
0.00
0.00
4.80
0.00
2.60
0.00
0.00
0.00
0.00
0.00
0.80
0.00
0.00
0.00
0.00
0.00
0.00
0.00
0.00
0.00
0.40
0.00
6.80
0.00
0.00
0.00
5.40
0.00
0.00
0.20
14.00
0.00
0.00
0.00
0.00
0.00
0.00
0.00
0.00
0.00
0.00
0.00
0.00
0.00
0.00
0.20
4.40
3.80
0.20
0.00
0.00
0.00
0.00
0.00
0.00
5.00
0.00
0.00
0.00
0.00
2.20
0.00
0.00
0.00
4.20
0.60
0.00
0.00
0.00
0.00
0.00
0.00
0.00
1.00
0.00
-99.00
-99.00
0.00
0.00
0.00
0.00
0.00
0.00
0.00
0.00
0.00
0.00
0.00
0.00
0.00
0.00
47.80
5.00
0.00
0.00
0.00
0.00
0.00
0.00
4.20
0.00
0.00
0.00
1.60
0.00
3.60
0.00
0.00
0.00
0.00
0.00
0.00
0.00
0.20
0.00
0.00
0.00
0.00
0.00
4.60
0.20
0.20
0.00
0.00
0.00
0.00
0.00
0.80
0.00
0.00
0.00
0.00
0.00
10.40
0.20
0.00
0.00
7.80
0.00
0.00
0.00
0.00
0.00
0.00
2.80
0.00
0.00
0.00
3.00
-99.00
-99.00
-99.00
-99.00
32.00
0.00
0.00
0.00
0.00
0.00
0.00
0.00
0.00
0.00
0.00
0.00
0.00
0.00
0.00
0.00
0.00
0.00
0.00
0.00
1.40
0.00
0.00
0.00
0.00
-99.00
-99.00
56.60
0.00
0.00
0.00
0.20
0.00
0.00
0.00
0.00
0.00
0.00
0.00
0.00
2.00
0.00
0.00
0.00
0.00
0.00
0.00
0.00
0.00
0.00
0.00
1.00
0.00
0.00
0.00
0.00
3.80
0.40
0.00
0.00
0.00
1.00
0.00
0.00
0.00
0.00
0.00
0.00
0.00
0.00
0.00
7.40
32.20
17.80
1.20
2.00
0.00
0.00
24.80
25.60
0.60
0.00
0.00
1.00
0.00
0.00
1.20
0.00
0.00
0.00
0.00
0.00
0.00
0.00
0.00
0.00
0.00
0.00
0.00
0.00
0.00
0.00
0.00
0.00
0.00
0.00
0.00
0.00
4.00
5.00
5.50
0.10
0.00
0.60
0.00
0.00
0.00
0.00
0.00
7.00
16.00
6.80
1.40
0.00
0.00
0.00
0.00
0.00
0.00
0.00
0.00
0.20
0.00
0.00
0.00
0.00
0.00
1.80
0.00
0.00
0.00
0.00
0.00
0.00
0.00
0.00
0.00
0.40
1.00
0.00
0.00
0.00
2.00
0.00
0.20
0.00
0.00
0.00
4.80
0.00
11.60
0.40
0.00
0.00
0.00
0.00
9.40
18.60
0.00
0.00
0.00
0.00
0.00
0.00
0.00
0.00
0.00
4.60
0.00
0.00
0.00
0.00
0.00
0.00
0.00
0.00
0.00
0.00
0.00
0.00
0.00
0.00
0.00
0.00
0.00
0.00
0.00
0.00
0.00
0.00
3.00
0.00
0.00
0.00
0.00
4.60
0.00
0.00
0.00
0.00
0.00
0.00
0.00
0.00
0.00
0.00
0.00
0.00
0.00
0.00
0.00
0.00
0.00
0.00
0.00
0.00
0.00
0.00
0.00
1.00
0.00
0.00
0.00
0.00
0.00
0.00
0.00
0.00
0.00
0.00
1.80
0.00
0.00
0.00
0.00
0.00
0.00
0.00
0.00
0.00
9.20
1.20
0.00
0.00
0.00
0.00
0.00
4.60
0.00
0.00
0.00
0.00
0.00
0.20
4.60
0.20
0.00
0.00
0.00
4.00
0.60
20.20
7.00
0.00
0.00
0.00
0.00
0.00
0.00
0.00
0.00
0.00
0.00
0.00
0.00
0.00
3.60
0.20
0.00
0.00
0.00
6.10
0.10
0.00
4.20
1.20
0.00
0.00
0.20
0.60
0.00
0.00
0.00
0.00
0.00
0.00
0.00
4.60
0.00
5.80
13.00
70.30
10.30
8.00
0.00
0.00
0.00
0.00
0.00
0.00
9.20
0.00
13.80
1.40
0.00
0.00
0.00
0.00
0.00
0.00
0.00
0.00
0.00
0.00
0.80
0.00
0.00
0.00
0.00
0.00
14.00
6.20
0.00
0.00
0.00
0.00
3.80
1.60
3.70
0.10
0.00
0.00
0.40
0.00
0.00
0.00
16.60
12.40
82.40
12.60
-99.00
-99.00
-99.00
-99.00
-99.00
-99.00
-99.00
-99.00
-99.00
-99.00
-99.00
-99.00
-99.00
-99.00
-99.00
-99.00
-99.00
-99.00
0.00
0.00
0.00
0.00
0.00
0.20
1.00
0.00
0.00
3.20
0.00
0.00
0.00
0.00
0.00
0.00
0.00
0.00
1.60
0.00
0.00
0.00
0.00
0.00
0.00
2.00
0.40
0.00
0.00
0.00
0.00
28.20
20.20
0.00
0.20
10.20
0.00
0.00
0.00
0.00
0.00
0.00
0.00
0.00
0.00
0.00
0.00
0.00
0.00
0.00
0.00
0.00
0.00
0.00
0.00
0.00
0.00
0.00
0.00
37.40
13.00
3.00
0.00
0.00
1.00
0.40
1.60
0.00
0.00
0.00
0.00
0.00
0.00
0.00
0.60
0.00
0.00
0.00
0.00
0.00
0.00
8.00
0.00
0.00
0.00
0.00
0.00
0.00
0.00
0.60
0.20
0.00
0.00
0.00
0.00
0.00
0.00
16.80
30.20
0.20
0.00
0.00
0.00
0.00
0.00
0.00
0.00
0.20
0.00
0.00
0.00
0.00
0.00
1.80
0.00
89.40
16.60
5.20
0.00
0.00
0.00
6.40
0.00
0.00
0.00
0.00
0.00
11.20
45.40
5.80
0.00
1.20
54.60
10.20
13.40
1.20
1.20
0.00
0.00
0.00
12.40
6.00
0.00
0.00
0.00
0.00
0.00
0.00
0.00
0.00
0.00
7.00
0.00
0.00
0.00
0.00
0.00
0.00
0.00
3.00
0.00
0.00
0.00
0.00
0.00
0.00
0.00
0.00
0.00
0.00
0.00
0.20
0.00
0.00
4.20
0.80
0.00
0.00
0.60
5.20
0.00
1.40
0.00
0.00
0.00
0.00
0.00
0.00
0.00
0.00
0.00
0.00
0.00
0.00
0.00
0.00
0.00
0.00
0.00
0.00
0.20
0.20
0.00
0.00
0.00
0.00
0.00
0.00
0.00
0.00
0.00
0.00
0.00
0.20
0.00
0.00
0.00
0.00
0.00
0.00
0.00
0.00
0.00
0.00
0.00
5.40
0.00
0.00
0.00
0.00
0.00
6.60
0.00
0.00
0.00
0.00
0.00
0.00
2.20
0.00
0.00
0.00
0.00
0.00
0.00
0.00
0.00
0.00
0.00
0.00
0.20
0.20
0.00
0.00
0.00
4.20
0.00
0.00
0.60
0.40
0.00
0.00
0.40
11.20
0.00
0.00
1.20
2.00
0.00
0.00
0.00
0.00
0.00
0.00
0.00
0.00
0.00
0.00
0.00
0.00
0.00
0.00
0.00
0.00
0.00
0.00
0.00
0.00
0.00
0.00
0.00
0.00
0.00
0.00
0.00
0.00
0.20
9.00
2.60
0.00
0.00
0.40
0.00
0.00
0.00
0.00
0.00
0.00
11.20
0.00
0.00
0.40
2.60
8.60
2.20
0.00
0.00
0.00
0.00
0.00
0.00
0.00
12.40
0.00
0.00
0.00
0.00
-99.00
0.00
0.00
0.00
0.00
0.00
0.00
0.00
0.00
0.00
0.00
0.00
0.00
0.00
0.00
4.40
0.00
1.60
0.00
0.00
0.00
0.00
0.00
16.40
11.60
3.20
0.00
0.00
8.30
0.10
0.00
4.40
0.00
0.00
0.00
0.00
0.00
0.00
0.00
0.00
0.00
1.20
0.00
0.00
0.20
0.00
0.00
0.00
0.00
0.00
0.00
0.00
0.00
0.00
0.00
0.00
0.00
0.00
0.00
0.00
0.00
0.00
0.00
0.00
0.00
0.60
0.00
0.00
0.00
0.00
4.20
1.60
0.00
0.00
0.00
0.00
0.00
0.00
0.00
0.00
0.00
0.00
0.00
0.00
26.40
24.00
82.20
7.40
0.00
0.00
0.00
3.00
0.00
0.00
0.00
0.00
0.00
2.20
0.00
0.00
0.00
0.00
0.00
0.00
0.00
0.00
0.00
0.00
0.00
0.00
0.00
-99.00
-99.00
0.00
0.00
0.00
0.00
0.00
0.00
0.00
0.00
0.00
0.00
0.00
0.00
0.00
0.00
0.20
0.00
0.20
0.60
0.00
0.00
7.80
0.00
5.60
0.00
0.00
0.00
0.00
7.60
0.60
0.00
0.00
0.00
3.20
0.00
0.40
0.00
0.00
0.00
0.00
1.80
0.00
0.60
4.60
2.00
0.00
0.00
0.00
0.00
1.40
0.00
0.00
0.00
0.00
0.00
0.00
0.00
0.00
0.00
3.20
0.00
0.00
0.00
0.00
0.60
4.80
2.40
0.00
0.00
3.80
0.00
0.20
78.60
0.00
0.00
0.00
0.00
1.40
0.00
0.00
0.00
0.00
0.00
0.00
0.00
0.00
0.00
0.00
0.00
0.00
0.00
0.00
0.00
0.00
0.00
0.00
0.00
0.60
0.00
0.00
1.20
0.00
0.00
0.00
0.00
0.00
0.00
0.00
0.00
0.00
0.00
0.00
0.00
0.00
0.00
0.00
0.00
0.00
0.00
0.00
2.40
0.00
0.00
0.00
0.00
4.20
0.00
0.00
0.00
0.00
0.00
0.00
0.00
0.00
0.00
0.00
0.00
0.00
0.00
0.00
0.00
0.00
0.00
0.00
0.00
0.20
0.00
0.00
4.60
0.00
0.00
0.00
0.00
0.00
0.00
0.00
0.00
2.40
0.00
0.00
0.00
0.00
0.00
0.00
0.00
0.20
2.00
5.60
0.00
0.00
0.00
0.00
0.00
0.00
0.40
0.00
0.00
0.00
0.00
0.00
0.00
0.00
0.00
23.60
2.40
1.20
24.60
0.00
0.00
2.40
0.00
1.00
0.00
0.00
9.60
12.20
0.00
0.00
0.00
0.00
0.00
0.00
0.00
5.00
0.00
0.00
0.00
0.00
0.00
3.20
5.20
0.00
0.20
3.80
0.00
0.00
0.00
0.00
0.00
25.60
56.80
71.00
18.20
34.40
8.20
0.20
116.80
0.00
0.00
0.00
0.00
0.40
0.00
0.00
0.00
0.00
0.00
0.00
0.00
0.00
0.00
0.00
0.00
0.00
0.00
0.00
0.00
0.00
16.60
0.00
0.00
2.00
36.00
36.60
7.40
0.00
0.00
0.00
0.00
0.00
0.00
0.00
0.00
0.00
9.40
2.20
0.00
0.00
0.00
0.00
0.00
0.00
0.00
0.00
26.20
0.00
0.00
0.40
0.00
0.00
0.00
0.00
0.00
0.00
0.00
0.00
0.00
0.00
0.00
0.00
0.00
0.00
0.40
0.00
0.00
0.00
0.00
0.00
0.00
0.00
3.60
7.00
0.00
0.00
0.00
3.20
19.40
40.20
4.00
4.20
0.00
0.00
0.00
9.20
17.80
0.00
0.00
0.00
0.00
0.00
0.00
0.00
0.00
0.00
0.00
0.00
0.00
9.00
39.60
75.00
12.20
1.20
0.00
0.00
0.00
0.00
0.00
0.00
0.00
0.00
0.00
0.00
0.00
0.00
0.00
0.00
0.00
15.40
4.60
0.00
0.00
0.00
1.00
0.40
0.00
0.00
0.00
0.40
0.40
0.00
0.00
0.00
0.00
0.00
0.00
-99.00
9.60
0.40
11.80
2.20
16.60
0.00
0.00
2.40
0.00
0.00
0.00
3.60
7.00
0.00
0.00
0.00
0.00
0.00
0.00
0.00
0.00
0.00
0.00
0.00
0.00
0.00
0.00
0.00
0.00
19.00
0.00
0.00
0.00
0.00
2.00
0.00
0.00
0.00
0.00
0.00
0.00
2.00
0.00
0.00
0.00
0.00
0.00
0.00
0.00
0.00
0.00
0.00
0.00
0.00
0.00
0.00
0.00
0.00
0.00
0.00
0.40
0.40
0.40
0.00
0.00
0.00
-99.00
-99.00
-99.00
-99.00
-99.00
-99.00
-99.00
-99.00
0.00
0.00
0.00
2.20
0.00
0.00
0.00
0.00
0.00
0.00
0.00
0.00
0.00
0.00
0.00
0.00
0.00
0.00
0.00
0.00
0.00
0.00
0.00
0.00
0.00
0.00
0.00
0.00
0.00
0.00
0.00
0.00
0.00
0.00
0.00
0.00
0.00
0.00
0.00
0.00
0.00
0.00
0.00
0.00
0.00
0.00
0.00
0.00
0.00
0.00
0.00
0.00
0.00
0.00
0.00
0.00
0.00
0.00
0.00
0.00
0.00
0.00
0.00
0.00
0.00
0.00
0.00
0.00
0.00
0.00
0.00
0.00
0.00
0.00
0.00
0.00
0.00
0.00
0.00
0.00
0.00
0.00
0.00
0.00
0.00
0.00
0.00
23.20
0.00
0.00
0.00
0.00
0.00
0.00
0.00
10.40
0.40
3.80
0.00
0.00
0.00
0.00
0.00
0.00
0.00
0.80
0.00
0.00
0.00
0.00
0.00
0.00
0.00
0.00
0.00
24.20
16.20
-99.00
-99.00
-99.00
-99.00
-99.00
-99.00
-99.00
-99.00
-99.00
-99.00
-99.00
-99.00
-99.00
-99.00
0.00
0.00
0.00
0.00
0.00
1.00
7.20
0.00
0.00
0.00
0.00
2.60
0.40
1.40
25.80
0.00
0.00
0.00
0.00
1.40
7.20
0.00
0.40
0.00
0.00
0.00
0.00
0.00
0.00
0.00
0.40
0.00
0.00
0.00
0.00
0.00
0.00
0.00
0.00
0.00
0.00
0.00
0.00
0.00
0.00
0.00
0.00
0.00
0.00
0.00
0.60
0.00
0.00
0.00
0.80
2.80
0.00
0.00
0.00
0.00
0.00
0.00
0.00
0.00
0.00
0.00
0.00
0.00
0.00
3.60
0.00
2.60
0.00
0.00
0.00
0.60
0.00
0.00
33.40
1.20
0.00
0.00
0.00
0.00
-99.00
0.00
0.00
0.00
0.00
0.00
0.00
0.00
0.20
0.00
0.00
0.00
0.00
0.00
0.00
-99.00
-99.00
-99.00
0.00
0.00
0.00
0.00
0.00
0.00
0.00
0.00
0.00
0.00
0.00
0.00
0.00
0.00
0.00
2.60
0.00
0.00
0.00
0.00
0.00
0.00
0.00
0.00
0.00
0.00
0.00
0.00
0.00
0.50
0.00
1.60
0.00
0.00
0.00
4.70
0.00
0.00
0.00
0.00
9.90
22.15
0.00
0.00
0.00
0.00
0.00
0.20
0.00
0.00
0.00
0.00
0.00
0.00
0.00
0.00
0.00
0.00
1.10
1.90
0.00
0.00
0.00
0.00
-99.00
0.00
0.00
0.00
0.00
0.00
3.60
0.00
0.00
0.00
0.00
0.40
4.40
0.40
0.00
5.40
0.00
0.00
-99.00
-99.00
-99.00
-99.00
0.00
0.00
0.00
0.00
0.00
0.00
0.00
2.70
16.50
20.30
8.20
0.00
0.00
0.00
0.00
0.00
0.00
-99.00
-99.00
0.00
0.00
0.00
3.20
0.00
0.00
0.00
0.40
21.60
3.60
48.60
6.40
0.00
0.00
0.00
0.00
0.00
0.00
0.00
0.00
0.00
35.60
0.00
0.00
0.00
0.00
0.20
0.00
0.00
0.00
0.00
0.00
0.40
6.60
15.00
0.40
0.00
6.20
1.80
0.40
0.00
0.00
0.00
0.00
-99.00
0.00
0.00
0.00
-99.00
-99.00
-99.00
0.00
0.00
0.00
0.00
0.00
0.00
0.00
0.00
0.00
0.00
0.00
0.00
0.00
0.00
0.00
0.00
0.00
0.00
0.00
0.00
0.00
0.00
0.00
0.00
0.00
0.00
0.00
0.00
0.00
0.00
-99.00
-99.00
-99.00
-99.00
-99.00
0.00
-99.00
-99.00
-99.00
-99.00
-99.00
-99.00
0.00
-99.00
-99.00
-99.00
-99.00
-99.00
0.00
-99.00
0.00
-99.00
-99.00
-99.00
-99.00
4.20
-99.00
-99.00
0.00
0.00
0.00
0.00
0.00
0.00
0.00
0.00
0.00
0.00
3.00
20.40
0.00
0.00
0.00
0.00
0.00
0.00
0.00
0.00
0.00
0.00
0.00
0.00
0.00
0.00
0.00
0.00
0.00
0.00
0.00
0.00
0.00
0.00
0.00
10.40
0.00
0.00
8.20
0.00
0.00
0.00
0.00
10.60
0.00
0.00
6.60
0.00
0.00
0.00
0.00
0.00
0.80
3.20
0.00
4.80
24.20
0.00
0.00
0.00
0.00
20.40
0.00
0.00
0.00
0.00
0.00
7.20
0.40
0.40
0.00
0.00
0.00
0.00
0.00
0.00
0.20
2.80
0.00
0.00
0.00
0.00
0.00
0.00
0.00
0.00
0.00
0.00
0.00
0.00
0.00
0.00
0.00
0.00
0.00
0.00
0.00
0.00
0.00
0.00
0.00
0.00
3.60
0.00
10.20
0.60
0.00
0.00
0.00
0.00
0.00
0.00
0.00
0.00
0.00
0.00
0.00
0.00
0.00
0.00
4.20
0.00
0.00
0.00
0.00
0.00
0.00
30.80
0.00
0.60
5.20
0.00
0.00
10.00
54.80
25.20
0.00
0.00
0.00
0.00
0.00
0.40
0.00
0.00
0.00
0.00
11.40
76.80
8.70
0.00
0.00
0.00
0.40
0.00
35.20
0.40
0.00
0.00
0.00
0.00
0.00
0.00
0.00
0.00
0.00
0.00
0.00
0.00
0.00
0.00
0.00
0.00
0.00
0.00
0.00
1.80
0.00
0.00
8.40
0.00
0.00
0.00
0.00
0.00
0.00
0.00
0.00
0.00
0.00
0.00
0.00
0.00
0.00
2.60
3.00
0.00
0.00
0.00
0.00
1.80
0.40
0.00
0.00
0.00
0.00
0.00
0.00
0.00
0.00
0.00
0.00
0.00
3.20
0.00
0.00
0.00
0.00
0.00
0.00
0.00
0.00
0.00
0.00
0.00
0.40
4.80
0.00
0.60
0.00
15.80
0.40
0.00
0.00
7.20
1.60
0.00
0.00
0.00
0.00
0.00
0.00
0.00
0.00
9.60
3.60
2.40
0.00
0.00
0.60
0.00
0.00
8.00
0.40
0.00
4.80
7.40
0.00
0.00
0.00
0.00
0.00
0.00
6.40
0.00
0.00
0.00
0.00
0.00
0.00
9.20
4.80
0.00
0.00
7.70
11.20
3.80
23.40
0.00
0.00
1.40
1.20
0.00
1.00
2.60
0.00
0.00
2.20
0.00
8.40
21.00
15.00
9.00
0.00
0.00
0.00
0.00
15.80
6.40
0.00
0.00
0.00
0.00
0.00
0.00
0.00
0.20
0.00
0.00
4.20
0.00
0.40
3.00
4.80
0.00
0.00
0.00
0.00
0.00
0.00
0.00
0.00
0.00
0.60
0.00
0.00
0.00
0.00
0.00
8.00
0.00
0.00
1.00
16.90
0.00
0.00
0.00
0.00
19.20
0.00
0.00
0.00
0.00
0.00
0.00
0.00
3.80
0.00
0.00
0.00
0.00
0.00
0.00
0.00
0.00
0.00
0.00
0.00
0.00
0.00
0.00
0.00
0.00
0.00
0.00
0.00
0.00
0.00
0.00
0.00
0.00
2.80
2.40
0.00
0.00
0.00
0.00
0.00
0.00
9.40
0.00
0.00
0.00
0.00
0.00
0.00
0.00
0.00
0.00
0.00
0.60
0.00
0.00
0.00
1.20
0.00
0.00
0.00
0.00
15.60
0.00
0.20
0.00
0.00
0.00
0.00
0.60
0.00
0.00
0.00
0.00
0.00
0.00
0.00
0.00
0.00
0.00
0.00
0.00
0.00
0.20
0.60
0.00
0.00
0.80
0.00
3.40
0.00
0.00
0.00
0.00
0.00
0.00
0.00
3.00
0.00
2.20
0.00
0.00
0.00
0.00
0.00
0.20
0.00
0.00
0.00
12.60
0.00
0.00
0.80
0.40
9.60
0.00
5.80
0.40
1.60
0.00
0.00
0.00
0.00
0.00
7.80
0.00
0.00
0.00
0.00
0.00
0.00
0.00
0.00
0.00
0.00
0.00
0.00
0.00
0.00
5.40
0.00
0.60
0.00
12.60
0.00
0.00
0.00
0.00
0.00
0.00
0.00
32.20
0.00
0.00
0.00
0.80
5.60
8.80
9.60
0.00
0.00
0.00
0.00
0.00
0.00
0.00
0.00
0.00
83.60
17.00
0.40
3.60
0.00
0.00
0.40
0.00
0.00
0.00
0.00
0.80
0.00
0.00
55.80
3.80
0.00
0.00
0.00
0.00
0.00
0.00
0.00
0.00
0.40
1.00
0.00
1.20
8.00
0.40
0.00
0.40
0.00
7.00
0.20
0.60
8.00
13.60
0.60
59.20
0.00
0.00
0.00
0.00
0.00
0.00
0.00
0.00
0.60
0.00
0.00
0.00
0.00
0.00
0.00
0.00
0.00
0.00
0.00
0.00
0.00
0.00
0.00
0.00
0.00
14.60
13.00
0.00
6.40
0.00
0.00
0.00
0.00
0.00
0.00
0.00
0.00
0.00
0.00
0.00
0.00
0.00
0.00
0.00
0.00
0.00
0.00
0.00
0.00
0.00
0.00
0.00
20.20
7.60
0.00
4.40
11.60
2.20
0.00
0.00
0.00
0.00
4.80
9.60
0.00
0.00
5.20
7.20
0.00
0.00
0.00
0.00
0.00
0.00
0.00
15.80
0.00
0.00
0.00
0.00
0.00
17.20
0.00
1.60
0.00
0.00
0.00
0.00
0.00
0.00
0.00
0.00
0.00
0.00
0.00
0.00
0.00
0.00
0.00
12.80
0.00
0.00
0.00
0.00
0.00
0.00
0.00
0.00
0.00
0.00
0.00
0.00
0.00
0.00
0.00
0.00
4.40
0.20
0.00
0.00
0.60
27.70
7.80
0.00
7.60
0.00
0.00
0.00
0.00
0.00
0.00
0.00
0.80
0.00
0.00
1.50
0.00
0.00
0.00
0.00
0.00
0.10
0.90
0.00
0.00
0.00
0.00
0.00
3.60
0.00
7.00
0.70
1.00
0.20
0.00
0.00
0.00
0.00
0.00
0.00
1.30
0.10
0.00
0.10
0.00
0.00
0.00
0.00
0.00
0.00
0.00
0.00
0.00
0.00
0.00
0.00
0.00
0.00
0.00
2.00
0.00
0.00
0.00
0.00
0.00
0.00
2.20
0.00
0.00
0.00
0.00
0.00
0.00
0.00
0.10
0.00
0.00
0.00
0.00
0.00
0.00
0.00
0.00
0.00
0.00
0.00
0.00
0.00
0.00
2.60
0.10
0.00
0.00
0.00
0.00
0.00
0.00
0.00
0.00
0.00
0.10
0.00
0.00
0.00
0.00
0.00
14.20
0.00
0.00
0.00
0.00
0.00
0.00
0.00
0.00
0.00
0.00
0.00
0.00
0.00
0.00
0.00
0.00
0.00
0.00
0.00
0.20
0.70
0.00
0.00
0.00
0.00
0.00
0.00
0.00
0.00
0.00
0.00
0.00
19.30
1.60
0.00
0.00
0.00
0.00
0.00
0.00
0.00
0.00
0.00
0.00
5.90
0.00
5.00
10.90
0.00
2.10
0.00
0.00
0.00
0.30
0.00
0.00
0.00
0.00
0.00
0.00
0.00
0.00
0.00
0.00
0.20
0.00
0.00
0.00
0.00
1.20
0.00
0.80
0.20
0.00
0.00
0.00
0.40
0.00
0.00
0.00
0.00
0.00
0.00
0.00
0.00
0.00
0.00
0.00
0.00
0.00
0.00
0.00
0.00
0.00
0.00
0.00
0.00
0.00
4.90
0.00
0.00
0.00
0.00
0.00
0.10
0.00
0.00
4.00
9.40
0.00
19.40
1.40
0.00
0.00
0.00
1.40
0.10
12.00
1.10
0.00
0.00
0.00
0.20
1.10
0.00
0.00
0.10
0.00
0.00
0.00
0.00
0.00
0.00
0.00
0.00
0.00
0.00
0.00
8.70
0.10
0.10
0.00
11.30
2.30
0.00
0.00
0.00
0.00
0.00
1.80
19.10
0.00
8.50
18.90
0.00
0.00
0.00
0.00
0.00
0.00
0.00
0.00
0.00
0.00
0.30
43.50
0.70
0.00
0.00
12.30
5.30
0.00
0.00
0.00
0.00
0.00
0.00
0.00
0.00
0.00
0.00
0.40
0.00
2.70
16.70
0.00
0.00
0.00
0.00
0.00
0.00
0.00
0.00
1.10
0.00
0.00
0.30
4.10
0.00
0.00
1.10
0.20
0.00
0.00
0.00
7.70
0.10
0.00
0.00
0.00
0.00
0.00
0.00
0.00
0.00
0.00
0.70
0.00
0.10
0.00
0.00
0.00
0.00
0.50
3.00
1.70
19.40
47.20
10.30
0.00
0.00
1.20
0.10
0.00
0.00
0.20
3.60
0.00
0.00
0.00
0.00
0.00
0.00
0.00
0.00
0.00
0.00
0.00
0.00
0.00
0.00
3.60
0.00
0.00
0.00
0.00
0.00
0.00
0.00
0.00
0.90
0.00
0.00
0.00
2.10
2.30
0.00
0.00
2.80
0.20
0.00
0.00
0.00
0.20
0.00
0.00
0.00
0.00
0.00
0.00
0.10
0.00
0.00
0.00
0.00
0.00
0.00
0.00
0.40
0.00
0.00
0.00
0.00
0.00
0.00
0.00
0.00
0.00
0.00
0.00
0.80
0.00
0.00
0.00
0.00
0.00
0.10
5.60
0.00
0.00
0.00
0.00
0.00
0.00
0.00
0.00
0.80
7.30
0.00
0.00
0.00
0.00
0.00
0.00
0.10
0.00
0.50
5.60
0.00
11.70
0.80
0.00
0.00
0.00
0.30
0.50
0.00
0.00
0.00
0.00
0.00
0.00
0.00
0.00
0.00
0.00
0.00
0.00
0.00
0.00
0.00
0.00
0.00
15.30
0.40
0.00
0.00
0.00
0.00
0.00
0.00
0.00
14.10
18.80
0.10
0.00
0.00
0.80
0.10
10.10
6.60
0.00
0.00
0.00
0.00
0.00
0.30
0.00
0.00
0.00
0.10
0.00
0.00
0.00
0.30
2.50
109.00
26.10
16.70
26.00
0.00
0.00
0.00
0.00
0.00
0.00
0.00
0.00
0.00
0.00
0.40
0.00
0.00
0.00
0.00
0.00
0.00
0.20
2.10
0.00
0.00
0.00
0.00
0.00
5.00
0.00
0.10
0.00
0.00
0.00
0.00
0.00
3.20
0.00
0.20
0.00
0.00
0.00
0.50
0.00
0.00
0.00
0.00
0.00
0.10
0.80
2.50
35.10
13.00
0.20
0.10
0.00
0.00
0.00
0.00
0.00
0.00
0.00
0.00
0.00
0.00
0.00
0.00
0.00
0.00
0.00
0.00
0.00
0.00
4.20
0.10
0.00
0.00
0.00
0.00
0.00
0.00
0.00
0.00
0.00
0.00
0.00
0.00
0.00
0.00
0.00
0.00
0.00
0.00
0.40
0.00
0.00
0.00
0.00
0.00
0.00
0.00
0.00
0.00
0.00
0.00
0.00
0.00
0.00
0.00
1.50
6.00
71.70
10.90
0.00
0.00
0.00
0.00
0.00
0.00
0.00
0.00
0.00
0.00
0.00
0.00
0.00
0.00
0.00
0.00
0.00
13.40
0.00
0.30
0.00
8.10
0.90
0.00
0.00
0.00
0.00
0.10
0.00
0.00
0.00
0.00
12.50
0.10
0.00
0.00
0.00
0.00
0.00
0.00
34.00
4.00
17.60
17.20
7.60
0.30
0.00
0.00
0.00
0.00
0.10
0.00
0.00
0.00
0.00
12.40
0.00
0.00
3.30
0.00
0.00
0.00
0.00
0.00
0.00
0.00
0.00
0.00
0.00
0.00
0.00
0.00
0.00
0.00
0.00
0.00
0.00
0.00
0.00
0.00
0.00
32.80
19.20
0.00
0.40
0.00
0.00
0.90
0.00
0.00
0.00
0.00
0.00
0.00
0.00
0.00
0.00
0.20
0.00
0.00
0.00
0.10
1.10
3.50
0.00
0.00
0.00
0.00
0.00
0.00
0.00
0.00
0.00
0.00
0.00
0.90
0.10
0.00
0.00
0.00
0.00
0.80
0.40
0.00
11.60
0.00
0.00
8.50
0.20
0.10
0.80
0.00
0.00
24.40
0.00
0.00
0.10
0.00
0.00
0.00
0.00
0.00
0.00
0.00
0.00
0.00
0.00
0.00
0.00
0.00
0.00
0.00
0.00
0.00
0.20
0.00
0.00
0.00
0.00
0.00
0.00
0.00
9.80
14.20
0.00
0.00
0.00
10.20
0.00
9.00
0.00
0.00
0.00
0.00
0.00
5.40
7.80
3.70
0.40
0.00
0.00
0.00
0.00
0.00
0.00
0.00
0.00
0.00
0.00
0.00
0.00
0.00
0.00
0.00
0.00
2.40
0.00
0.00
0.00
0.00
0.00
0.00
0.00
0.00
0.00
0.00
0.00
4.60
0.00
0.00
0.00
0.00
0.00
0.00
0.00
0.00
21.70
0.10
0.00
0.00
0.00
0.00
0.00
0.00
0.00
0.00
0.00
0.00
0.00
0.00
11.00
0.00
0.00
0.00
0.00
0.00
0.90
0.00
0.00
0.00
0.00
0.00
0.00
0.00
0.00
0.00
0.00
0.00
0.00
0.00
0.00
0.00
0.00
0.00
0.00
0.00
0.00
0.00
0.00
0.00
0.00
5.60
0.00
0.00
0.00
0.00
7.40
0.00
0.00
12.20
105.10
0.00
0.00
0.00
0.00
0.00
8.20
11.30
9.40
60.60
7.90
2.70
0.00
0.00
0.00
5.50
13.40
0.90
2.50
9.40
0.20
0.00
98.10
20.80
20.80
2.90
0.00
0.00
0.00
0.00
0.00
0.00
0.20
0.00
0.00
0.00
0.00
0.40
0.00
0.00
0.00
0.00
0.00
0.00
0.00
0.00
0.00
0.00
0.00
0.00
0.00
0.00
0.00
0.90
0.00
0.00
0.00
0.00
0.00
0.00
0.00
0.00
0.00
0.00
0.00
0.00
0.00
0.00
0.00
0.20
0.40
0.00
0.00
0.00
0.00
0.00
0.00
0.00
0.00
0.00
9.10
0.00
0.00
0.00
0.00
0.00
0.00
0.00
0.00
0.00
0.00
0.00
0.20
2.40
0.00
1.20
0.00
0.00
0.00
0.00
0.00
0.00
0.00
0.00
0.00
0.00
0.00
0.00
0.00
0.00
0.00
0.00
0.00
0.00
0.50
0.00
0.00
0.00
0.00
0.00
0.00
0.00
0.00
0.00
0.00
0.00
0.00
0.70
0.00
0.00
0.00
0.00
0.20
0.00
0.00
0.00
0.00
0.00
0.00
0.10
0.00
0.00
0.00
0.00
6.10
14.30
16.00
0.00
0.00
0.00
0.00
0.00
0.00
0.00
0.00
0.00
0.00
0.00
6.00
0.60
0.00
0.00
0.90
0.10
0.00
2.50
0.00
0.30
0.00
0.00
0.10
7.70
0.00
2.70
4.70
0.20
5.90
0.00
4.00
3.10
0.00
0.00
0.10
5.30
0.10
1.60
0.00
0.00
0.10
0.00
0.00
0.50
0.00
0.00
0.00
0.00
0.00
0.00
0.00
0.00
0.00
0.00
4.70
0.50
1.00
39.60
27.00
5.60
0.00
0.00
0.10
0.00
0.00
0.00
0.00
0.00
0.00
0.00
0.00
9.10
0.00
0.00
0.00
0.00
0.00
0.00
2.90
13.10
0.40
0.00
0.00
0.00
0.00
0.00
0.00
0.00
0.00
0.00
0.00
0.00
0.00
0.00
0.00
0.00
0.00
0.00
0.00
3.30
0.00
0.00
0.00
1.90
0.00
0.00
0.00
0.00
0.00
0.00
0.00
0.00
0.00
0.00
0.00
0.00
0.00
0.00
0.00
0.00
0.00
0.00
0.00
0.00
0.00
0.00
0.00
0.00
0.00
0.00
0.00
0.00
0.00
0.00
0.00
27.00
0.00
0.00
0.00
0.00
0.00
0.00
0.00
0.00
0.00
0.00
0.00
0.00
0.00
0.00
0.00
0.00
0.00
0.00
0.00
0.00
0.00
0.10
0.30
10.30
0.00
0.00
0.00
0.00
0.00
0.00
0.00
0.00
0.00
0.00
0.00
0.00
2.00
0.00
0.00
0.00
0.00
0.00
0.10
0.00
0.00
0.00
0.30
0.00
0.00
0.00
1.40
0.00
0.00
25.50
0.20
0.00
0.00
0.00
0.00
0.00
0.00
0.00
0.00
0.00
0.00
7.00
0.00
0.00
0.90
0.00
0.00
0.00
3.70
6.50
1.40
13.50
0.10
0.00
0.00
0.90
13.70
0.00
0.00
0.00
7.80
49.10
0.00
0.00
0.00
0.00
1.20
0.50
0.00
0.00
0.00
0.00
0.00
0.00
0.00
0.00
0.00
0.00
3.00
1.20
0.00
0.00
0.00
0.00
0.00
0.00
0.00
6.50
3.80
4.50
0.00
0.00
0.00
0.00
1.30
0.00
0.00
0.20
0.20
1.70
0.00
0.00
0.00
0.00
0.00
0.00
0.00
0.00
0.00
0.00
0.00
0.00
1.30
0.00
0.00
0.00
0.00
0.00
0.00
0.00
0.00
0.00
0.00
0.00
0.00
0.00
0.00
0.00
0.00
0.00
0.00
0.00
0.00
0.00
0.00
2.00
0.00
4.20
7.90
0.00
0.00
0.10
0.00
0.00
0.00
0.00
0.70
0.00
5.60
0.60
0.00
0.00
0.00
0.00
0.00
1.20
0.00
0.00
0.00
0.00
0.00
0.00
0.30
0.10
1.90
0.00
0.00
0.00
0.00
0.00
0.00
0.80
0.10
0.00
0.10
3.10
0.00
0.00
0.00
0.00
1.30
6.30
12.70
0.00
0.00
0.10
24.00
0.00
0.00
0.00
0.60
3.50
0.10
7.80
0.40
0.00
0.00
0.00
2.00
3.30
0.00
2.90
0.00
0.00
0.00
5.70
0.30
0.00
0.00
0.60
0.10
0.00
0.00
27.50
0.00
0.00
4.20
0.00
1.10
0.00
0.00
0.00
0.00
0.00
0.20
0.00
0.00
0.00
0.00
0.00
0.00
0.40
0.00
0.00
0.00
0.00
0.00
3.30
0.30
5.30
3.70
7.20
0.10
0.00
0.10
0.00
0.00
0.00
0.00
0.00
9.70
0.00
1.00
0.00
0.00
0.00
0.00
3.90
0.00
0.00
21.80
25.80
0.80
0.00
0.00
0.00
4.50
0.20
0.00
0.00
5.30
3.30
4.50
1.00
0.10
0.00
0.00
0.00
0.00
0.00
0.00
5.50
3.70
0.00
0.00
0.00
0.00
0.00
0.00
0.00
0.00
0.00
0.00
0.00
0.90
0.00
0.00
0.00
0.00
0.00
0.00
0.00
0.00
0.00
0.00
0.40
0.50
0.00
0.00
0.00
0.00
0.00
0.00
0.00
0.00
0.00
0.30
0.00
0.00
0.00
0.00
0.00
0.10
0.00
0.00
0.00
0.80
0.00
0.00
0.00
0.00
0.00
4.10
0.00
0.00
0.00
0.00
0.00
0.00
0.00
0.00
0.40
0.30
0.00
0.00
0.00
0.00
0.00
0.00
0.00
0.00
7.10
0.00
0.00
0.00
0.00
0.00
0.00
9.30
0.00
0.00
0.00
0.00
0.00
0.00
0.00
0.00
0.00
0.00
0.00
0.00
0.00
6.50
0.00
0.00
0.70
0.00
0.00
0.00
0.00
13.40
0.00
0.00
0.00
0.00
0.00
0.00
0.00
0.00
0.00
0.00
0.20
0.00
0.00
0.00
0.00
0.00
0.00
1.30
21.30
0.10
0.00
0.00
0.00
0.00
0.00
0.70
0.00
0.00
0.00
0.00
0.00
0.00
0.00
0.00
0.00
0.00
0.00
0.00
0.00
0.00
0.00
0.00
0.00
0.00
0.00
0.00
0.00
0.00
0.00
0.00
0.20
0.00
0.00
0.00
0.00
0.00
0.00
0.00
0.00
0.60
0.00
1.30
32.80
53.90
11.40
0.00
0.30
0.50
0.00
0.00
0.00
0.00
0.00
0.00
0.00
2.20
0.00
0.00
0.00
0.00
0.00
0.00
0.00
0.00
0.00
0.00
0.00
0.00
0.10
0.00
0.00
0.00
0.00
0.00
3.40
0.50
0.00
0.00
0.00
0.00
0.00
0.00
0.00
0.00
0.00
0.00
0.00
0.00
0.00
0.00
0.10
0.00
0.00
0.00
0.00
0.00
0.00
0.00
0.00
3.30
0.50
0.00
0.00
0.00
2.70
8.80
0.00
0.00
3.60
0.10
8.60
7.10
0.00
0.00
0.00
0.00
0.80
0.00
0.00
0.00
0.00
0.00
0.20
0.00
0.30
0.10
0.40
0.00
0.00
0.00
0.00
0.00
0.00
4.80
0.00
0.20
0.00
0.00
0.30
0.00
0.00
0.00
0.20
4.50
0.90
0.10
0.00
0.00
0.90
0.30
0.00
0.00
0.00
0.00
0.00
0.00
0.00
0.00
0.00
0.00
0.00
0.00
0.00
0.00
0.00
0.00
0.00
1.70
0.20
0.00
2.70
2.50
0.00
0.00
0.00
0.00
0.40
0.00
0.10
29.50
4.70
0.00
0.00
0.00
0.00
0.00
0.00
0.80
0.00
0.00
0.00
0.00
0.00
0.00
0.00
0.00
5.50
0.00
14.50
0.00
0.00
0.00
2.50
0.00
0.00
0.00
1.70
0.00
0.00
0.00
0.00
0.00
0.00
0.00
0.00
0.00
0.00
4.20
0.00
5.10
0.00
0.00
0.00
0.00
0.00
0.00
1.10
2.00
0.00
0.20
0.00
0.50
11.60
0.00
0.00
0.00
0.00
0.00
0.00
0.00
0.00
0.00
0.00
0.00
0.00
0.00
0.00
0.00
0.00
0.00
12.50
0.00
0.10
0.00
3.40
0.00
0.00
0.00
0.00
0.00
0.00
9.40
2.20
0.00
0.00
0.00
6.00
0.00
0.00
0.00
0.00
0.60
0.00
0.00
8.30
0.00
0.00
0.00
0.00
0.00
0.20
0.30
0.00
0.00
0.00
0.00
0.00
2.40
0.00
0.00
0.00
0.00
15.30
0.00
0.00
8.00
0.00
0.00
0.00
3.50
18.10
0.00
3.50
0.00
0.00
0.00
0.00
0.40
0.00
0.00
0.00
19.40
0.00
0.00
0.00
0.00
0.00
0.00
1.50
0.00
19.40
0.00
0.00
0.00
0.00
0.00
0.00
0.00
0.00
0.00
0.00
0.00
0.00
0.10
0.00
0.00
0.00
5.70
0.30
0.00
0.00
0.00
0.00
0.00
0.00
0.00
0.70
0.00
0.00
0.00
0.00
0.00
0.00
0.30
0.00
0.00
0.00
36.20
64.40
6.40
0.00
0.00
0.00
0.00
3.90
0.00
0.00
0.00
0.00
0.00
0.00
0.20
0.00
0.00
0.00
0.00
0.00
0.00
0.00
0.00
0.00
0.00
0.00
0.00
0.00
0.00
0.00
0.10
0.00
0.00
0.00
0.00
0.00
0.70
0.90
0.00
0.00
0.00
0.00
0.00
0.10
0.00
0.00
0.00
0.40
0.00
0.00
0.10
0.00
0.00
0.00
0.00
0.00
0.00
4.90
2.50
20.90
1.60
0.00
96.60
75.90
8.60
0.00
0.00
6.90
0.50
0.60
0.10
0.00
0.00
0.00
0.00
0.00
0.00
0.60
16.60
0.00
2.90
0.00
0.00
0.00
0.00
0.00
0.00
0.00
0.00
0.00
0.30
5.90
0.00
0.00
0.00
0.00
0.00
0.00
0.00
0.00
0.00
0.00
0.00
0.00
0.00
0.00
0.00
0.00
0.00
0.00
1.10
0.00
0.00
16.30
0.00
0.00
0.00
0.00
0.00
0.00
0.00
0.00
0.00
7.10
4.80
0.50
0.00
0.00
3.30
0.00
0.40
0.00
0.00
0.00
0.00
0.00
0.00
0.00
0.00
9.50
0.60
0.00
0.00
0.00
0.00
0.00
1.40
0.00
7.30
0.00
0.00
3.00
9.40
1.10
0.30
0.00
0.00
0.60
0.00
0.00
0.00
0.00
0.00
0.00
0.00
0.00
1.70
0.10
30.40
12.40
2.30
0.10
0.00
0.00
46.30
17.70
1.00
13.40
0.00
0.10
0.00
0.00
0.00
0.00
0.00
0.00
0.00
0.00
1.50
0.00
0.00
0.00
0.00
0.00
0.00
0.00
0.00
0.00
0.00
0.00
0.10
1.20
0.00
10.10
14.10
0.00
0.00
0.00
0.00
0.00
0.40
3.70
0.00
0.10
0.00
0.00
0.00
0.00
0.00
0.00
0.00
0.00
0.00
0.00
0.00
0.00
0.00
0.00
0.00
0.00
0.00
0.00
0.00
2.90
0.20
0.00
0.00
0.00
0.00
0.00
0.00
0.00
0.00
0.20
0.00
0.00
0.00
0.00
0.00
0.00
0.00
0.00
0.00
0.00
0.00
0.00
0.00
42.30
0.00
5.40
0.00
0.00
0.00
0.00
0.00
0.00
0.00
0.00
0.00
0.00
0.00
0.00
0.00
0.00
0.00
0.00
0.00
0.00
0.00
0.00
0.00
0.00
0.00
0.00
0.00
0.00
0.00
0.00
0.00
0.00
0.00
0.00
0.00
0.00
0.00
0.00
0.00
0.10
0.00
0.20
0.00
0.00
0.00
0.00
0.00
2.10
12.30
2.80
0.00
0.00
0.00
0.00
0.00
0.00
5.10
0.00
0.00
0.00
0.00
19.20
0.70
0.00
0.00
0.00
2.50
0.00
0.00
0.00
0.00
0.00
0.00
0.00
0.00
0.00
0.00
0.00
0.00
0.00
4.50
0.00
9.50
0.30
0.00
0.00
0.00
0.00
0.00
0.00
0.00
0.00
0.00
0.00
0.00
0.00
0.00
0.00
0.00
0.00
0.00
0.00
0.00
0.00
0.00
0.00
0.00
0.00
103.50
4.80
0.00
0.00
14.30
0.00
0.00
18.00
0.00
0.00
0.00
0.00
0.00
0.90
1.20
0.10
0.00
0.00
0.00
0.60
1.20
0.00
0.00
0.00
0.00
0.00
0.00
8.10
0.00
14.20
0.00
0.00
0.00
1.40
9.80
13.70
0.00
0.00
0.00
0.10
0.00
0.00
0.00
0.10
0.20
0.00
0.00
0.00
0.00
0.00
0.00
0.00
0.00
0.40
0.00
0.00
0.00
1.60
1.00
0.00
0.00
0.00
0.00
0.00
0.00
0.10
0.00
0.30
0.00
0.00
0.00
0.00
0.00
0.00
0.00
0.00
0.00
0.00
0.00
0.00
0.00
0.00
0.00
0.00
0.00
0.00
0.00
0.00
0.00
0.00
0.00
0.00
0.00
0.00
0.00
0.10
0.00
6.60
5.00
0.00
0.20
0.00
0.00
0.10
0.70
0.00
0.00
0.00
0.00
0.00
0.00
5.30
1.50
0.00
0.00
0.60
0.30
0.00
0.00
0.00
0.00
0.10
0.00
0.00
0.00
0.00
0.00
0.00
0.00
0.00
0.00
2.70
0.00
0.00
0.50
0.10
0.10
1.10
9.90
0.00
0.00
0.00
0.00
0.00
0.00
0.00
0.00
0.00
0.00
0.00
1.80
21.50
27.00
0.00
0.00
0.00
0.00
0.60
3.60
0.40
0.40
0.00
0.40
0.00
0.00
0.00
0.00
0.00
6.70
4.10
18.30
2.80
0.00
2.90
0.10
0.00
0.00
0.00
0.00
0.00
0.00
0.00
0.00
0.00
0.60
4.20
3.70
0.00
0.30
19.80
0.00
0.00
0.00
0.00
0.00
0.00
0.00
1.50
0.00
0.00
0.00
0.00
0.00
0.00
0.00
9.90
3.10
0.00
0.00
0.00
0.00
0.00
0.10
0.00
0.50
0.00
0.00
0.00
0.00
0.00
0.00
0.00
6.40
6.70
4.80
10.40
0.80
5.20
0.00
0.00
0.00
0.00
2.00
0.00
0.00
0.00
1.50
0.00
0.00
0.00
0.00
0.00
3.00
5.60
7.90
1.00
0.20
0.00
0.00
1.10
0.00
2.10
0.00
0.00
0.00
0.00
0.00
0.00
1.60
0.00
0.40
4.90
0.70
2.30
0.00
0.00
0.00
0.00
0.00
0.00
0.00
0.00
0.00
0.00
0.00
0.00
0.00
0.00
0.00
0.00
0.00
0.00
0.00
0.00
0.00
0.00
0.00
0.00
0.00
0.00
0.00
0.00
0.00
0.00
0.00
0.00
0.00
6.00
0.00
0.00
0.00
0.00
0.00
0.00
0.00
0.00
0.60
0.00
0.00
0.40
4.70
0.00
0.00
0.00
0.00
1.10
0.00
0.00
0.00
0.00
0.00
0.00
0.00
2.50
0.00
0.00
0.00
0.00
0.00
0.00
0.00
0.00
0.00
0.00
0.00
0.20
0.00
0.00
0.00
0.00
0.00
0.00
0.00
0.00
0.00
0.00
0.00
0.00
0.00
0.00
5.10
22.00
0.00
0.00
0.00
0.00
0.00
0.00
0.00
0.00
0.00
0.00
14.30
0.00
0.00
0.00
0.00
0.00
0.00
0.00
0.00
0.00
0.00
13.00
0.00
0.00
0.00
0.00
0.00
43.20
82.50
7.10
0.00
0.00
0.00
0.00
0.00
0.00
0.00
0.50
0.00
0.00
0.80
0.00
0.00
0.00
0.00
0.00
0.00
0.00
0.00
0.00
0.00
11.20
1.30
0.20
0.00
0.00
0.00
0.30
0.00
6.60
0.00
0.00
0.00
0.00
0.00
0.00
0.00
0.70
15.60
7.60
1.00
0.00
6.60
55.50
0.20
2.20
0.00
0.00
0.00
0.00
14.30
0.60
0.00
0.00
0.00
0.00
0.00
0.20
0.00
0.00
0.00
0.00
7.60
0.00
0.00
16.50
5.00
0.20
0.00
0.00
0.00
0.00
0.00
0.00
0.00
0.00
0.00
0.00
0.00
0.20
0.00
0.00
0.00
0.00
0.00
0.00
0.00
4.50
0.00
0.00
0.30
0.00
0.00
0.60
0.00
0.00
0.00
10.20
2.40
52.30
7.90
0.00
1.30
0.10
11.60
6.30
0.00
0.00
0.00
0.00
0.00
0.00
0.10
1.40
0.00
6.40
0.10
0.00
0.00
1.20
1.10
13.50
10.20
4.70
0.10
0.10
0.00
0.00
0.00
0.00
0.00
0.00
0.00
0.00
0.00
0.00
1.50
0.00
0.00
0.10
34.50
0.00
0.40
3.90
0.00
0.00
0.00
0.00
0.00
0.00
0.00
0.00
0.00
0.00
0.00
0.00
0.00
0.00
0.60
2.70
7.10
15.60
0.00
0.00
0.00
0.00
0.00
0.10
7.70
0.00
0.00
0.00
0.90
0.00
0.00
0.00
0.00
0.00
0.00
0.00
0.00
0.00
0.00
0.00
0.00
0.00
0.00
0.00
0.00
0.00
0.00
0.00
0.80
9.80
0.00
0.00
0.00
11.90
0.00
0.00
1.00
0.00
0.00
0.20
0.00
0.00
0.00
0.00
0.50
0.70
0.10
0.00
0.00
0.00
0.00
10.90
0.30
0.00
0.00
0.00
0.00
0.00
0.00
0.00
0.00
0.00
0.00
0.00
0.00
0.00
0.00
0.80
3.20
0.00
0.00
0.00
0.00
0.00
0.00
0.00
0.00
0.00
0.00
0.00
0.00
0.00
0.00
0.00
0.00
0.00
0.00
0.00
0.00
0.40
0.00
0.00
23.80
11.20
3.40
0.50
0.00
0.00
0.00
0.00
0.00
0.10
0.00
0.80
5.10
0.00
0.00
0.00
0.00
0.00
0.00
0.00
0.00
0.00
0.00
0.10
0.20
16.90
0.00
0.00
0.00
0.00
0.00
0.00
0.00
0.00
0.00
0.00
0.00
0.00
0.00
3.70
0.00
1.30
0.10
0.00
0.00
0.00
0.00
0.00
0.00
0.00
0.00
0.00
0.00
0.00
0.00
0.00
0.10
0.00
0.00
0.00
0.00
0.00
0.00
0.00
7.00
0.00
0.00
0.00
0.90
0.00
0.00
0.00
0.00
13.40
0.00
0.00
0.00
0.00
2.60
3.90
0.80
0.00
0.00
0.00
0.00
0.00
0.00
0.00
0.00
4.30
0.00
0.00
0.00
0.00
5.10
0.00
5.90
0.00
0.00
0.00
0.00
0.00
0.00
0.00
0.00
0.00
0.00
0.10
0.20
0.00
0.00
0.00
1.30
10.40
0.00
0.00
0.00
0.00
0.00
0.00
0.00
0.00
0.00
0.00
0.00
0.00
0.00
0.00
0.00
1.80
0.10
0.00
0.00
0.00
0.60
0.00
0.00
0.40
0.00
0.00
0.00
0.00
0.00
0.00
0.00
0.00
0.00
0.00
0.00
0.00
0.00
0.00
0.00
0.00
0.00
0.00
0.00
0.00
0.00
0.00
0.00
0.00
0.00
0.00
0.00
0.20
0.10
5.50
0.00
0.00
0.80
0.00
0.00
7.40
0.00
0.00
0.00
0.00
0.00
0.00
0.00
0.00
2.00
0.00
0.70
0.00
0.00
2.50
0.00
0.00
0.00
0.00
0.10
1.40
0.30
0.00
0.00
0.90
0.00
0.50
6.60
0.00
0.00
0.00
0.00
0.00
0.00
0.00
0.00
0.00
0.00
0.00
4.90
0.40
0.00
0.00
0.00
0.10
0.50
0.00
0.00
9.80
14.00
1.00
0.00
0.00
0.20
0.00
1.20
0.00
0.00
0.70
0.00
0.70
1.40
0.00
0.00
4.90
0.00
0.00
0.00
0.00
0.20
0.00
0.00
24.80
11.20
0.00
0.00
8.70
2.90
3.30
6.00
0.00
0.00
0.00
0.00
0.60
0.00
0.00
0.00
0.70
1.80
0.00
8.50
1.00
0.00
0.00
0.00
21.70
1.00
0.00
0.80
0.00
0.00
0.00
0.00
0.00
0.00
0.00
5.30
0.00
0.10
0.00
15.00
1.20
1.30
22.20
11.10
9.10
5.50
0.00
0.00
0.00
0.00
0.00
0.00
0.00
0.00
0.00
0.00
0.00
0.00
0.00
0.00
4.80
0.00
0.00
0.00
0.00
0.00
0.00
3.00
0.90
0.00
0.00
0.00
0.00
8.50
7.70
1.20
0.10
0.00
0.00
0.00
0.00
0.00
0.00
0.00
0.00
0.00
0.00
2.00
0.10
0.00
0.00
0.00
0.60
0.00
0.00
5.30
0.60
4.00
8.50
0.00
0.00
0.00
1.90
1.20
6.40
0.00
0.00
0.10
0.00
0.00
0.00
0.00
0.00
0.00
0.00
0.00
0.00
0.00
0.00
0.00
0.00
0.00
0.00
0.00
0.00
0.00
0.00
0.00
0.00
0.00
0.00
0.00
1.50
0.40
0.90
0.00
0.00
0.00
37.40
0.00
0.00
0.00
0.00
0.00
0.00
0.00
0.00
0.00
0.00
0.00
0.00
0.00
0.00
0.00
0.00
0.00
0.00
0.00
0.00
0.00
32.20
0.00
27.10
0.00
0.00
0.00
0.30
0.00
0.00
0.00
1.20
0.00
0.00
0.00
0.00
0.00
0.00
0.00
0.00
0.00
0.00
0.00
0.00
0.00
0.00
0.00
0.00
0.10
0.00
0.00
21.10
0.00
0.00
0.00
0.00
0.00
0.10
0.00
0.00
0.00
0.00
0.00
0.00
0.00
0.00
0.00
0.00
0.00
0.00
0.00
0.00
0.00
0.00
2.90
0.00
0.00
0.00
0.00
0.00
0.00
0.00
16.80
14.40
16.40
39.80
0.10
1.80
0.60
2.40
30.10
27.20
4.40
34.20
0.00
0.00
0.00
0.00
0.00
0.00
0.00
0.90
12.30
5.20
1.00
0.00
24.20
0.00
0.00
0.00
0.00
1.90
3.70
0.00
0.00
18.50
0.00
0.00
0.10
0.00
1.10
1.50
0.60
13.30
22.50
0.70
0.00
0.00
0.00
0.60
0.00
0.00
0.00
0.00
0.00
0.00
0.00
0.00
0.00
0.00
0.00
0.00
0.00
0.00
0.00
0.00
0.00
0.00
0.00
14.60
2.80
0.20
12.20
0.00
0.00
0.00
0.00
0.00
0.00
0.00
0.00
0.00
0.00
0.00
0.00
0.00
0.00
0.00
0.00
0.00
0.00
0.00
0.00
0.00
0.00
0.00
0.00
0.00
0.00
0.00
0.00
0.00
0.00
0.00
0.00
0.00
0.00
0.00
0.00
0.00
7.00
0.00
0.00
0.00
0.00
10.00
0.00
0.00
0.00
0.00
1.80
0.00
0.00
3.50
0.00
0.00
0.00
0.00
0.00
0.00
0.00
0.00
0.00
0.00
0.20
0.00
0.00
0.00
0.00
0.00
0.00
0.00
0.00
0.00
0.00
0.00
0.00
0.00
0.00
0.00
0.00
0.00
0.00
0.00
0.00
0.00
0.00
0.00
0.00
0.00
0.00
0.00
0.00
0.00
0.00
0.10
0.00
0.00
0.00
0.00
0.00
0.00
0.00
0.00
0.00
0.00
0.00
0.00
0.00
2.80
20.50
0.00
1.70
0.80
0.00
0.60
2.20
0.00
0.00
0.00
0.00
0.00
0.00
5.70
0.00
0.00
0.00
0.80
0.00
27.90
20.60
0.00
0.00
0.20
0.00
0.00
0.00
0.00
0.00
5.10
3.20
0.40
0.00
0.00
0.00
1.00
0.00
0.10
0.30
0.00
0.00
0.00
0.00
0.00
13.30
0.30
0.00
0.00
0.00
0.00
0.00
0.00
1.60
0.00
0.00
0.00
0.00
0.00
0.00
0.00
0.00
0.00
0.00
0.00
0.00
0.00
0.00
0.00
0.00
13.80
0.00
0.00
0.00
0.00
0.00
0.00
0.00
0.00
0.00
0.40
0.00
0.00
0.00
0.00
0.00
0.00
0.00
0.00
0.00
0.00
0.00
0.00
0.00
0.00
0.00
4.60
0.20
1.90
0.00
0.00
0.00
0.00
0.00
0.00
0.00
0.00
0.00
0.00
1.70
0.60
0.00
0.00
0.00
0.00
0.00
13.20
0.00
0.00
0.00
0.00
0.00
0.00
0.00
0.00
0.00
0.00
0.30
0.00
0.00
0.00
0.00
0.50
0.00
0.00
0.00
0.00
0.00
0.00
0.00
0.00
0.00
0.00
0.00
0.00
0.00
0.00
0.00
0.00
0.00
0.00
0.00
1.30
0.00
0.00
0.00
0.00
0.00
0.00
0.00
0.60
20.10
0.20
0.00
0.00
0.30
0.00
0.00
0.00
0.00
0.00
0.10
42.40
1.10
0.00
0.00
0.00
0.00
0.00
0.00
0.00
0.00
5.70
0.10
0.00
0.00
0.00
0.00
0.00
0.00
0.00
0.00
0.00
0.00
0.00
0.20
0.70
0.00
0.00
0.00
0.00
1.10
1.60
55.10
101.30
0.00
0.00
0.00
0.00
0.00
0.00
0.00
0.10
0.40
0.20
0.40
1.40
11.00
0.10
5.40
3.50
0.20
0.10
0.00
0.00
0.00
3.10
0.60
0.00
0.00
1.90
0.00
0.00
0.00
10.50
0.10
0.00
0.00
0.00
0.00
0.00
0.00
0.00
0.40
0.00
0.30
52.30
6.10
0.00
0.00
0.70
0.00
0.00
0.30
1.00
1.80
0.00
0.00
0.00
0.00
0.00
0.00
0.00
7.50
0.10
0.00
0.00
0.00
0.00
0.00
0.00
0.00
0.00
0.00
0.00
0.00
0.00
0.00
0.00
0.00
0.00
0.00
0.00
0.60
0.00
0.00
0.00
0.00
0.00
0.00
1.20
0.00
0.00
51.30
64.60
7.30
14.00
0.10
0.00
0.00
0.00
0.00
0.00
0.00
0.00
0.00
0.00
0.00
0.00
0.00
0.00
0.00
0.00
0.00
0.00
0.00
0.60
0.00
0.00
0.00
0.00
0.00
0.00
0.00
0.00
0.00
0.00
0.00
0.00
0.00
0.00
0.00
0.00
0.00
0.00
0.30
12.30
0.10
3.90
0.00
0.00
0.00
0.00
0.00
0.00
0.00
0.00
0.00
0.00
11.00
0.00
0.00
0.00
0.00
0.00
0.00
0.00
0.00
0.60
7.50
0.10
0.00
0.00
2.60
5.30
5.00
0.20
0.00
0.00
0.00
0.00
0.00
0.00
0.00
0.00
0.00
0.00
40.30
0.20
1.00
0.00
0.00
1.40
19.80
48.40
85.50
19.50
0.10
0.00
0.00
0.00
4.10
16.40
0.00
0.00
0.70
0.20
0.00
0.00
0.00
0.00
0.00
0.00
0.40
4.30
3.30
0.20
10.60
3.90
0.00
1.70
0.00
0.00
0.00
0.00
0.00
0.00
0.00
0.00
0.00
0.00
0.00
0.00
0.00
0.00
0.00
1.20
0.00
2.50
13.70
0.00
16.00
3.90
0.50
0.00
1.10
0.20
0.00
1.80
0.00
0.00
0.40
1.50
0.40
0.00
0.00
0.00
0.00
0.00
0.00
0.00
0.00
0.00
0.00
0.00
0.00
0.00
7.80
0.60
0.00
0.00
0.00
0.00
0.00
0.00
0.00
0.00
0.00
0.00
0.00
0.00
0.00
0.00
0.00
0.00
0.00
0.00
0.00
0.20
0.00
0.00
0.00
0.00
0.00
0.00
0.00
0.00
0.00
0.00
0.00
0.00
0.00
0.00
0.00
0.00
0.00
0.00
0.00
0.00
0.00
0.00
0.00
0.00
0.00
0.00
0.00
0.00
0.00
0.00
0.00
0.00
0.00
0.00
0.00
2.10
8.50
1.40
0.00
0.00
0.00
0.00
0.00
0.00
7.20
0.10
2.60
31.90
0.30
0.00
0.00
0.00
0.00
0.00
0.00
0.00
0.00
30.40
2.30
3.50
4.40
0.00
0.00
0.90
16.40
0.00
0.60
0.00
0.00
0.00
21.70
0.50
7.20
0.60
0.00
0.00
0.00
0.10
0.90
0.00
0.00
9.10
2.30
0.00
0.00
0.00
0.00
0.00
0.00
0.00
0.10
0.00
0.00
0.00
0.30
0.00
0.00
0.00
0.00
0.00
0.20
0.10
0.10
0.00
0.00
0.00
4.60
0.00
0.00
0.00
0.00
0.00
0.00
0.00
0.00
0.00
0.00
0.00
0.00
0.00
0.00
0.00
0.00
0.00
3.50
11.70
14.30
32.60
0.00
0.00
0.00
0.00
0.00
5.00
0.00
0.00
0.40
0.10
0.00
1.00
1.80
1.40
0.00
0.00
0.00
0.00
0.90
0.00
0.00
1.60
0.00
0.00
0.10
0.00
0.00
0.00
0.00
0.00
0.00
0.00
0.00
0.00
0.00
0.00
0.00
0.00
0.00
0.00
0.00
24.90
3.80
0.00
0.00
0.00
0.00
0.00
0.00
0.00
0.00
0.00
0.00
0.00
3.10
0.20
0.20
0.10
0.00
0.30
0.00
0.00
2.80
2.80
0.00
0.00
0.00
0.00
0.00
0.00
4.40
6.30
0.00
0.00
0.00
1.70
0.10
4.20
0.00
0.00
0.00
0.00
0.00
0.00
1.60
40.00
11.20
0.00
0.00
0.00
0.00
0.00
0.00
0.00
0.00
0.00
0.00
0.00
0.10
0.10
0.00
0.00
0.00
0.10
0.00
0.20
