20000101
0.00
0.00
0.00
0.00
0.00
0.00
0.00
0.00
2.40
0.00
0.00
0.00
0.00
0.00
0.80
0.00
0.00
0.00
0.00
0.00
0.00
0.00
0.00
0.00
0.00
0.00
0.00
0.00
0.00
0.00
0.00
0.00
0.00
0.00
0.00
0.00
0.00
0.00
0.00
0.00
0.00
0.00
0.00
0.00
0.00
0.00
0.00
0.00
0.00
0.00
0.00
0.00
0.00
0.00
0.00
0.00
0.00
0.00
0.00
0.00
0.00
0.00
0.00
0.00
0.00
0.00
0.00
0.00
0.00
0.00
0.00
0.00
0.00
0.00
0.00
0.00
0.00
0.00
0.00
0.20
0.00
0.00
10.40
0.00
2.80
0.20
1.60
9.60
0.00
4.40
7.60
0.00
1.20
8.00
0.00
3.40
1.40
0.00
-99.00
-99.00
-99.00
0.00
0.00
0.00
2.60
0.00
15.20
0.00
0.00
0.00
0.00
0.00
0.00
1.20
0.00
0.00
0.00
1.40
4.60
0.00
0.00
0.00
0.00
0.00
0.00
2.20
0.00
13.60
0.00
0.00
21.00
0.00
0.00
0.00
0.00
0.00
0.00
0.20
0.00
0.00
0.00
2.90
0.10
0.00
0.00
3.60
2.40
0.00
0.20
0.00
0.00
0.00
0.00
0.00
0.00
0.20
0.20
-99.00
-99.00
-99.00
-99.00
0.00
0.00
0.00
0.00
0.00
0.00
0.00
0.00
0.00
0.00
0.00
0.00
0.00
0.00
0.00
0.00
0.00
0.00
0.00
0.00
0.00
0.00
0.00
0.00
0.00
0.00
0.00
0.00
0.00
0.00
0.00
0.00
0.00
0.00
0.00
0.00
0.00
0.00
1.20
0.00
0.00
0.00
0.00
0.00
0.00
0.00
0.00
0.00
0.00
0.00
0.00
0.00
0.20
0.00
0.20
0.00
0.00
0.00
0.00
0.00
0.00
0.00
0.00
0.00
2.40
0.00
0.00
0.00
0.00
0.00
0.00
0.00
0.00
0.00
0.00
0.00
0.00
0.00
0.00
0.00
0.00
-99.00
0.00
0.00
0.00
35.60
1.00
0.00
0.00
0.00
0.00
0.00
0.00
0.00
0.20
0.00
0.00
0.00
0.00
0.00
7.60
20.20
3.40
0.00
0.00
0.00
0.00
0.00
0.00
0.20
16.40
7.40
2.80
0.00
0.00
0.00
0.00
0.00
0.00
0.00
0.00
0.00
0.00
4.80
0.60
9.80
0.20
10.00
0.20
0.00
0.00
0.00
0.00
0.60
3.00
4.20
0.00
0.20
2.00
0.00
0.00
0.20
0.00
2.20
0.00
1.00
0.20
0.00
3.40
15.00
0.00
0.00
0.00
0.00
0.00
0.20
6.20
0.00
0.00
0.00
0.00
0.00
0.00
0.00
0.00
2.80
25.40
0.00
0.00
0.20
0.00
0.20
1.20
0.40
0.00
0.20
0.00
0.00
0.00
3.20
9.70
0.10
0.00
0.00
0.00
0.00
0.00
0.00
0.00
0.00
0.00
0.00
0.00
0.00
3.60
14.00
23.60
37.60
0.00
0.20
0.00
0.00
0.00
0.20
0.00
0.00
0.00
0.00
0.60
0.00
3.20
0.00
0.00
0.00
0.00
2.80
1.40
0.20
9.80
18.80
4.80
0.00
0.00
0.00
0.00
0.00
0.00
0.00
0.00
0.00
0.00
0.00
16.00
0.00
0.00
0.00
0.00
0.00
0.00
0.00
0.00
0.00
0.00
0.00
0.00
0.00
0.00
0.00
0.00
8.40
0.20
0.00
0.00
0.00
0.00
0.00
0.00
0.00
0.00
0.00
1.40
0.00
0.00
0.00
0.00
18.20
3.20
0.00
0.40
0.00
13.00
13.20
0.00
0.60
0.00
3.20
0.00
0.00
0.00
1.80
3.00
0.00
0.00
0.00
0.00
0.00
0.00
0.00
0.00
2.60
0.00
0.80
3.20
0.00
0.00
0.00
0.00
0.00
0.00
0.00
0.00
2.40
0.00
0.00
0.00
0.00
0.00
0.00
0.00
0.00
5.40
4.80
2.70
3.70
0.20
0.00
0.00
0.00
0.00
0.00
0.00
1.60
0.00
0.00
17.20
6.60
0.80
1.40
3.00
3.20
0.00
7.20
0.00
0.70
1.10
0.00
0.00
0.00
0.00
0.00
0.00
1.60
5.40
0.00
0.00
16.20
3.20
1.60
5.80
0.00
0.00
0.00
0.00
0.00
0.00
7.80
0.00
0.00
0.00
0.00
0.00
0.00
0.00
0.00
0.20
3.00
0.00
0.00
0.80
0.00
0.20
0.00
0.00
0.00
0.00
0.00
0.00
0.00
0.00
0.00
0.00
0.00
0.00
0.00
0.00
0.00
0.00
0.00
24.40
1.20
0.00
4.60
0.00
0.00
13.40
0.20
0.00
0.00
0.00
21.20
9.20
0.00
0.00
0.00
17.60
0.20
0.00
0.00
0.00
0.00
0.00
0.00
0.00
0.00
0.00
0.00
0.00
0.00
0.00
0.00
0.00
0.00
0.00
0.00
0.00
0.00
0.00
0.00
0.00
0.00
0.80
0.20
3.20
0.00
31.60
0.00
0.00
0.00
0.00
0.00
0.00
0.00
0.00
0.00
0.00
0.00
22.80
0.20
0.00
0.00
11.40
1.40
0.00
0.00
0.00
0.00
0.20
0.00
0.00
0.00
0.20
0.00
0.00
0.00
5.00
0.00
0.00
2.00
0.00
17.40
0.20
0.00
0.00
0.00
0.00
4.40
1.00
0.00
0.00
0.00
0.00
0.00
0.00
0.00
0.00
0.00
4.00
3.80
0.00
0.00
0.20
0.00
0.00
0.00
0.00
17.80
7.00
38.80
0.00
0.00
0.00
0.00
0.00
0.00
0.00
0.00
0.00
0.00
0.00
0.00
0.00
0.00
0.00
0.00
0.00
0.00
0.20
0.00
0.00
4.80
0.20
0.00
0.00
0.00
12.00
17.60
0.00
0.40
0.00
0.00
0.00
0.00
0.00
0.00
0.00
0.00
0.00
0.00
0.00
0.00
0.00
0.00
0.00
0.00
0.00
0.00
0.00
0.00
0.00
0.00
0.00
0.00
8.40
8.60
0.00
0.00
0.00
0.00
0.00
0.00
0.00
0.00
0.00
0.00
0.00
0.00
0.00
0.00
0.00
4.00
2.20
1.80
7.40
1.40
0.20
0.00
0.00
0.20
0.00
0.00
0.20
0.00
0.00
0.00
0.00
0.00
0.00
0.00
0.00
0.00
0.00
0.00
1.00
0.00
0.00
0.00
0.00
0.00
0.00
0.00
0.00
0.00
0.00
0.00
0.00
5.00
1.00
0.00
0.00
0.00
0.00
0.00
0.00
0.00
1.20
0.00
2.60
5.80
0.00
0.20
0.00
0.00
0.00
0.00
0.00
0.00
0.00
0.00
0.00
1.40
3.20
0.20
0.00
3.40
0.00
0.00
0.00
0.00
0.00
0.00
0.00
3.00
2.40
0.20
0.00
0.00
0.00
0.00
0.00
0.00
0.00
0.00
0.00
0.00
0.00
0.40
0.00
1.40
0.00
0.00
0.00
1.60
33.80
0.20
0.00
0.00
32.20
0.40
2.60
24.80
6.00
0.80
0.20
11.60
0.00
0.00
0.00
0.00
1.40
0.00
3.60
0.00
0.00
0.00
0.00
0.00
0.00
0.00
0.00
0.00
14.40
36.80
0.60
1.00
4.00
2.60
3.20
5.60
2.80
3.20
28.00
0.00
0.00
0.00
0.00
0.00
0.00
1.80
0.00
0.00
0.00
0.20
22.60
0.00
0.00
2.60
5.40
0.00
0.00
0.00
0.00
0.00
0.00
0.00
19.60
21.00
1.80
0.00
39.20
0.00
0.00
0.00
0.00
0.00
0.00
0.00
0.00
0.00
0.00
0.00
0.00
0.00
0.00
0.00
0.00
0.00
0.00
0.00
0.00
9.00
0.40
0.00
0.00
0.00
0.00
0.00
1.20
0.20
1.20
0.00
0.00
0.00
30.00
11.20
0.00
0.00
0.00
0.00
0.00
0.00
0.00
0.00
0.00
0.00
0.00
0.00
0.00
0.00
0.00
0.00
33.20
0.00
7.40
0.00
0.00
0.00
18.20
0.20
1.80
1.80
2.20
2.00
0.00
0.00
0.00
0.00
6.80
1.60
0.80
0.00
0.00
0.00
0.00
7.80
0.20
9.40
0.40
0.00
0.40
0.00
0.00
0.00
20.60
11.00
0.00
5.40
6.60
3.20
0.00
0.00
21.30
3.30
0.00
0.00
78.60
2.80
0.00
0.00
0.40
8.20
0.00
0.00
12.80
15.60
0.20
0.00
0.00
0.00
0.00
0.00
0.00
3.40
0.00
0.00
7.40
0.00
0.20
0.00
0.00
0.00
0.80
45.80
5.40
0.00
0.00
0.00
0.00
0.00
0.00
0.00
0.00
0.00
0.00
10.00
0.20
7.00
0.00
0.00
0.20
0.00
0.00
0.20
0.00
0.20
0.20
0.00
0.00
0.00
0.00
2.00
0.20
0.00
0.00
0.00
0.00
0.00
5.00
27.20
0.00
0.20
0.00
0.00
0.00
21.00
5.00
0.20
2.80
24.40
1.40
0.00
0.00
0.20
0.00
0.00
0.00
0.00
0.00
0.00
0.00
0.00
0.00
0.00
0.20
23.80
0.60
0.00
0.00
1.80
0.00
0.20
0.00
0.00
0.40
0.00
0.00
0.00
0.00
0.00
0.00
0.00
1.60
0.20
0.00
2.20
0.20
0.00
0.00
0.00
0.00
2.40
14.40
0.00
0.80
4.60
1.20
0.00
0.00
0.00
0.00
0.00
0.00
0.00
0.00
2.20
2.40
5.20
0.20
0.00
0.00
0.00
0.00
0.00
0.00
0.00
0.00
0.00
0.00
0.00
0.00
0.00
0.00
0.00
0.00
0.00
0.00
0.00
0.00
0.00
4.80
0.00
1.80
0.00
4.00
2.60
16.40
1.60
0.00
0.60
0.80
1.20
13.80
31.80
0.00
0.00
0.00
0.00
0.00
0.00
0.00
0.60
0.00
0.00
0.00
0.00
0.00
0.00
0.00
0.00
0.40
0.00
0.00
0.00
0.00
0.00
0.00
0.00
0.00
0.00
0.00
0.00
0.00
12.60
2.40
0.20
1.00
0.00
1.80
1.80
0.00
0.00
0.00
0.00
0.00
16.80
0.20
0.20
0.00
0.00
0.00
0.00
0.00
0.00
0.00
1.20
0.40
0.00
0.00
0.00
0.00
0.00
0.00
0.00
0.00
0.00
0.40
0.00
0.00
0.00
0.00
0.00
2.00
8.80
4.40
0.00
0.00
4.40
0.00
0.00
0.00
0.00
4.20
5.60
0.00
0.60
0.00
0.00
0.00
0.00
6.20
9.80
0.00
0.00
0.00
0.00
0.00
0.00
0.00
0.00
0.00
0.00
1.60
0.00
0.00
0.00
0.00
0.00
0.00
0.00
0.00
1.40
6.60
3.00
10.00
0.00
0.00
0.00
0.00
0.00
0.00
0.00
0.00
0.00
10.00
11.20
0.00
0.00
0.00
0.00
0.40
0.00
-99.00
-99.00
0.00
40.20
1.60
0.00
0.00
0.00
0.00
0.00
0.00
0.00
0.00
0.00
0.00
1.80
0.00
0.00
0.80
0.00
0.00
0.00
0.00
0.00
0.00
0.00
0.00
0.00
0.00
0.00
0.00
0.00
0.00
0.00
0.00
0.00
0.00
0.00
0.00
0.00
0.00
0.00
0.00
15.00
0.20
0.00
0.00
9.20
0.00
3.20
0.00
0.00
0.00
0.00
0.00
0.00
0.70
49.70
26.00
22.40
0.00
0.00
0.00
0.20
8.60
0.20
0.00
0.00
0.00
0.00
0.00
0.00
0.00
0.00
0.00
0.00
0.00
0.00
0.00
16.00
0.00
0.00
0.00
0.00
25.60
0.90
3.70
13.20
46.40
0.00
0.00
0.00
0.00
0.00
0.00
0.00
0.00
0.00
0.00
0.00
4.20
0.20
0.60
5.60
14.00
0.80
9.60
0.40
0.00
5.80
0.00
0.00
0.00
21.80
1.80
9.20
0.20
0.20
7.40
0.00
0.00
0.00
0.00
0.00
0.00
0.00
0.20
3.00
0.20
0.00
0.00
0.00
0.00
1.10
13.70
0.00
0.00
0.00
0.00
0.00
0.00
10.70
15.50
0.00
0.20
1.00
0.00
0.00
0.00
13.80
0.00
23.00
27.40
0.60
0.00
0.20
0.00
0.00
0.00
0.00
0.00
0.00
0.00
0.00
0.00
0.00
0.00
0.20
0.00
0.00
0.00
0.00
0.00
0.00
0.00
0.00
0.40
0.00
0.00
0.00
0.00
0.00
0.00
0.00
0.00
0.00
0.00
0.00
0.00
0.00
0.00
0.00
0.00
0.00
0.00
0.00
1.60
0.00
0.00
0.00
0.00
0.00
0.00
1.60
0.00
0.00
0.20
0.00
0.00
0.00
0.00
0.00
0.00
0.00
0.00
0.00
0.00
0.00
0.00
0.00
0.00
0.00
0.00
0.00
0.00
0.00
19.40
2.00
0.00
0.50
8.10
0.20
1.40
0.60
0.00
1.40
14.20
0.00
0.00
0.00
0.00
0.00
0.00
0.00
0.00
0.20
0.00
0.00
0.00
0.00
0.00
0.00
6.00
0.00
0.00
0.00
0.00
0.00
0.00
0.00
0.00
0.00
0.00
0.00
0.00
0.00
12.80
0.80
7.40
26.80
5.60
0.20
9.20
0.20
0.00
0.00
0.00
10.00
20.20
0.00
0.40
0.00
0.60
0.20
7.20
0.00
0.60
0.00
7.60
0.00
0.00
0.00
18.80
0.00
0.00
0.00
0.00
0.80
8.80
23.40
2.00
0.80
0.90
1.10
0.20
11.20
0.00
2.20
0.00
0.00
0.60
8.20
0.20
0.00
0.00
0.80
0.00
0.00
0.00
6.80
0.00
0.60
19.20
0.20
0.00
0.00
0.00
2.60
0.20
0.00
0.80
0.20
0.80
0.00
0.00
0.00
0.00
0.00
0.00
0.00
0.00
0.00
0.20
4.20
0.20
0.00
5.60
0.00
0.00
0.00
45.80
0.00
1.40
0.00
0.00
1.20
0.00
0.00
0.00
0.00
0.00
0.00
0.00
0.00
0.00
0.00
0.20
6.60
0.80
0.00
0.00
23.40
18.60
0.40
0.00
0.00
0.00
34.80
0.00
0.00
0.00
0.00
0.00
0.00
0.00
0.00
0.00
0.00
0.00
0.00
50.80
0.00
0.00
0.00
0.00
0.00
32.40
14.00
0.00
0.00
0.00
1.00
0.00
0.00
0.00
0.00
0.00
0.00
0.00
0.00
0.00
0.00
0.00
0.00
0.00
1.40
1.80
0.00
0.00
0.00
8.40
22.40
3.40
9.60
8.60
6.20
1.40
0.00
0.00
0.00
0.00
0.00
0.00
0.00
1.00
0.20
0.00
6.80
20.60
0.00
0.00
0.00
0.00
0.00
0.00
0.00
0.00
0.40
0.00
0.00
0.00
0.00
0.00
0.00
0.00
0.00
0.00
0.00
0.00
0.20
0.00
0.00
0.00
0.00
0.00
0.00
0.00
0.00
0.00
0.00
0.00
0.00
0.00
0.00
0.00
0.00
0.00
0.00
5.50
1.50
0.60
0.00
0.20
0.00
1.60
1.20
0.00
0.00
0.00
0.00
0.00
0.00
0.00
0.00
0.00
0.00
0.00
0.00
0.00
0.00
0.00
0.00
0.00
0.00
0.00
0.00
0.00
0.00
0.00
0.00
0.00
0.00
0.00
0.00
0.00
3.80
0.00
0.00
1.40
0.00
0.00
1.20
3.00
0.00
0.00
0.00
0.00
0.00
0.00
0.00
0.00
0.00
0.00
0.00
0.00
0.00
0.00
0.00
0.00
0.00
0.00
0.00
0.00
0.00
0.00
0.00
0.00
0.00
0.00
0.00
0.00
0.00
0.00
0.00
0.00
0.00
0.00
0.00
0.00
0.00
0.00
0.00
0.00
0.00
0.00
0.00
0.00
0.00
0.00
0.00
0.00
0.00
0.00
0.00
0.00
0.00
0.00
0.00
0.00
0.00
0.00
0.00
0.00
1.20
5.40
0.20
0.00
0.00
0.00
0.00
2.00
0.00
0.00
0.00
0.00
0.00
0.00
0.00
0.00
0.00
0.00
0.00
0.00
0.00
0.00
0.00
0.00
1.40
0.00
0.00
0.00
0.00
0.00
0.00
0.00
0.00
0.00
0.00
0.00
0.00
0.00
0.00
0.00
0.00
0.00
0.00
0.20
5.20
0.00
0.00
0.00
2.00
0.00
7.60
0.60
0.00
0.00
0.20
0.00
0.00
0.00
0.00
0.00
4.40
0.00
0.00
0.00
0.00
0.00
0.60
1.20
-99.00
-99.00
0.00
0.00
0.00
0.00
0.00
0.00
1.40
0.00
0.00
0.00
0.00
0.00
0.00
0.00
0.00
0.00
24.00
0.20
0.00
0.00
0.00
1.30
1.50
0.20
1.60
25.40
0.00
0.40
3.00
16.00
0.00
0.00
0.00
0.00
2.60
0.00
0.00
0.00
0.00
0.00
0.00
0.00
0.20
0.00
0.00
0.00
0.00
0.00
0.00
6.40
0.20
0.00
0.00
0.40
3.00
1.20
0.80
0.60
0.40
0.20
0.20
0.00
0.00
13.00
3.20
0.00
2.10
2.50
0.60
0.00
0.00
8.60
0.00
0.00
0.00
0.00
0.00
12.20
0.00
0.00
0.00
7.70
35.90
0.00
0.00
5.40
0.20
0.00
0.00
0.00
0.00
0.00
0.00
0.00
0.00
0.00
0.00
0.00
0.00
13.40
0.00
0.00
0.00
0.00
1.80
16.20
0.00
0.00
0.00
0.00
0.00
0.00
0.00
1.80
0.80
4.60
0.00
0.00
0.00
0.00
0.00
0.00
7.40
0.00
26.40
0.00
0.00
0.00
0.00
0.00
0.00
21.80
0.40
0.00
0.00
0.00
0.00
0.00
0.00
0.00
0.00
22.80
21.80
9.60
0.00
0.00
0.00
2.40
0.20
0.00
0.00
2.80
9.20
0.00
0.00
0.00
0.00
0.00
0.00
4.40
39.40
0.60
0.00
0.00
0.00
0.00
0.20
0.20
0.00
0.00
0.40
0.00
0.00
0.00
0.00
0.00
6.20
22.20
39.20
13.00
6.20
0.00
0.00
13.40
0.20
0.00
0.00
0.00
17.00
0.20
0.00
0.00
0.00
0.00
0.00
0.00
3.20
0.00
0.00
0.00
0.00
0.00
0.00
0.00
0.00
5.20
0.00
0.00
1.60
15.80
17.40
7.80
0.00
0.00
0.00
0.00
0.00
0.00
0.00
0.00
0.00
0.00
0.00
0.00
0.00
0.00
0.00
0.00
23.80
0.00
0.00
0.00
0.00
0.00
0.00
0.00
0.00
0.00
0.00
0.00
0.00
0.00
0.00
0.00
0.00
0.00
0.00
0.00
0.00
0.00
0.00
0.00
0.00
0.00
0.00
0.00
0.00
0.00
0.00
0.00
0.00
0.00
0.00
0.10
16.90
7.40
0.00
0.00
0.00
0.00
0.00
0.00
0.00
0.00
0.00
0.00
0.00
0.00
0.00
0.00
0.00
0.00
0.00
0.40
14.60
26.80
38.00
7.60
0.00
0.00
0.00
0.00
0.00
0.00
0.00
0.00
0.00
0.00
0.00
0.00
0.00
0.00
0.00
0.00
0.00
0.00
0.00
2.80
0.00
4.40
0.40
0.00
0.00
0.00
2.60
0.00
0.00
0.00
0.00
0.00
0.00
0.00
0.00
0.00
0.00
0.00
0.00
1.00
0.00
0.00
0.00
0.00
0.00
0.00
18.80
7.40
1.60
3.40
11.20
0.00
0.00
0.00
0.00
0.00
0.00
0.00
0.00
0.00
0.00
0.00
0.00
0.00
0.60
20.60
9.00
0.00
0.00
0.00
0.00
0.00
0.00
0.00
0.40
0.00
5.00
0.00
0.00
1.00
0.00
0.00
0.00
0.00
0.00
0.00
0.00
3.00
0.00
0.00
0.00
0.00
0.00
0.00
0.00
0.00
4.20
1.00
0.00
0.00
0.00
0.00
10.00
0.00
0.00
0.00
0.00
0.00
0.00
0.00
0.00
0.00
12.00
0.00
0.00
0.00
0.00
0.00
0.00
26.60
2.00
0.00
0.00
0.00
0.00
0.00
0.00
0.00
0.00
0.00
0.00
0.00
0.00
0.00
0.00
0.00
0.00
0.00
2.00
0.00
0.00
0.00
0.00
0.00
0.00
1.20
0.00
0.00
0.00
0.00
3.60
0.40
0.00
0.00
0.00
0.00
1.20
0.00
17.80
5.00
0.40
0.00
5.60
7.80
20.00
6.00
0.00
26.60
3.20
0.00
0.00
0.00
0.00
0.00
5.60
12.40
0.00
0.00
0.00
0.00
0.00
0.00
0.00
0.00
0.00
0.00
0.00
0.00
0.00
0.00
0.00
0.00
0.00
2.60
0.00
0.00
29.20
0.40
0.00
0.00
0.00
0.00
0.00
0.00
3.40
0.00
0.40
0.00
0.00
0.00
0.00
0.00
0.00
0.00
0.00
0.00
0.00
0.00
0.00
0.00
0.00
0.00
0.00
9.80
2.60
36.40
34.40
0.40
0.00
0.00
0.00
0.00
0.00
0.00
2.20
30.80
1.00
0.00
0.00
0.00
0.00
0.00
0.00
0.00
0.00
0.00
5.40
0.40
0.00
0.00
0.00
0.00
0.00
9.20
5.40
0.00
0.00
0.00
0.00
0.00
12.00
0.40
0.00
0.40
0.00
0.40
0.00
0.00
0.00
0.00
0.00
0.00
0.00
0.00
0.00
0.00
0.00
0.00
0.00
0.00
0.00
0.00
0.00
0.00
0.00
0.00
0.00
0.00
0.00
11.80
2.40
0.00
0.00
0.00
0.00
0.00
0.00
0.00
0.00
0.00
0.00
0.00
0.40
0.00
0.40
0.00
0.00
0.00
0.00
3.00
0.00
3.40
0.40
0.00
0.00
1.80
0.00
0.00
6.80
0.00
0.00
0.40
0.00
0.00
0.00
0.00
0.00
0.00
0.00
0.00
0.00
0.00
0.00
0.00
0.00
0.00
0.00
0.00
0.00
0.00
0.00
0.00
0.00
0.00
0.00
0.00
0.00
0.00
0.00
0.00
0.00
0.00
0.00
0.00
0.00
0.00
4.85
0.45
0.00
0.00
0.00
0.00
0.00
0.00
0.00
0.70
0.00
0.00
0.00
0.00
0.20
0.00
0.00
2.40
0.00
0.00
0.00
0.00
0.00
0.00
3.60
0.00
5.60
1.10
0.00
0.00
0.00
0.00
0.10
0.00
1.50
0.00
0.00
0.00
0.00
0.00
0.00
0.00
0.00
0.00
3.70
0.10
0.00
0.00
0.00
0.00
-99.00
0.00
0.40
8.00
0.00
0.00
0.00
0.20
0.00
0.00
0.00
0.00
0.00
0.00
0.00
0.00
0.00
0.00
16.40
4.00
39.00
15.40
18.20
0.80
1.00
-99.00
-99.00
0.00
0.80
0.20
10.80
8.40
3.40
2.20
0.00
5.60
3.20
0.00
0.00
2.00
0.00
0.00
0.00
0.00
0.00
1.40
3.40
5.60
0.00
42.40
0.60
1.80
0.40
0.80
0.00
0.00
0.00
0.00
0.00
0.00
0.00
0.00
5.00
0.00
0.00
0.00
0.00
2.60
0.00
3.40
0.00
0.00
0.00
1.00
0.40
0.60
0.00
0.00
0.00
1.20
0.00
0.00
0.00
1.60
1.60
2.80
0.40
0.00
2.40
0.00
0.20
1.60
0.00
0.00
1.40
0.00
0.00
2.40
0.00
0.00
0.00
0.00
0.00
0.20
5.20
0.00
0.00
0.00
0.00
0.00
3.20
0.00
0.00
0.00
0.00
0.00
0.00
0.00
0.00
0.00
1.60
0.00
0.00
0.00
0.00
0.00
0.00
-99.00
0.00
0.00
0.00
0.00
0.00
0.00
0.00
0.00
0.00
0.00
0.80
0.00
0.00
6.00
0.00
0.00
0.00
0.00
54.40
2.60
1.80
0.00
0.00
0.00
5.80
0.00
0.00
0.00
0.00
0.00
0.00
8.00
0.00
10.80
2.80
0.60
0.20
0.20
0.00
0.00
0.00
2.60
1.20
0.00
0.00
0.00
0.20
0.00
0.00
0.00
0.00
0.00
0.00
0.00
0.00
0.00
0.00
0.00
0.00
0.00
11.80
0.20
0.00
0.00
0.00
0.00
14.80
1.20
0.00
0.00
0.00
0.00
2.20
0.20
0.00
0.00
0.40
16.40
0.20
0.00
0.00
4.20
0.00
15.40
0.40
0.00
0.00
0.00
0.00
0.00
0.00
0.00
0.00
0.00
0.00
0.00
0.00
0.00
0.00
0.00
0.00
0.00
0.00
0.00
0.00
0.00
0.00
0.00
0.00
0.00
0.00
12.80
0.00
0.00
0.00
0.00
0.00
0.00
0.00
0.00
0.00
0.00
0.00
0.00
18.80
2.00
0.00
0.00
0.00
0.20
0.00
0.00
0.00
0.00
0.00
0.00
0.00
0.00
0.00
0.00
0.00
0.00
0.00
0.00
0.00
0.00
0.00
0.00
0.00
0.00
0.00
0.00
0.00
0.00
2.00
1.20
0.00
0.00
0.00
0.00
0.00
0.00
0.00
0.00
0.00
0.00
0.00
1.20
22.90
0.00
0.00
0.00
0.00
0.00
0.20
0.20
3.20
0.20
0.00
0.00
0.00
2.20
0.00
0.00
0.00
0.00
0.00
0.00
0.00
0.00
0.00
0.00
0.00
0.00
0.00
0.00
12.80
0.40
0.00
2.60
6.00
0.00
0.00
0.00
0.00
0.00
0.00
0.00
0.00
0.00
0.00
0.00
0.00
0.00
0.80
5.00
1.20
0.00
0.20
0.00
0.00
0.40
0.00
0.00
0.00
0.00
0.00
0.20
0.00
0.00
0.20
0.00
0.00
0.00
0.40
0.20
0.00
0.00
0.00
0.00
0.00
0.00
0.00
3.20
3.60
0.00
0.00
8.00
0.00
0.00
0.00
1.80
0.00
0.00
0.00
23.80
2.60
0.00
0.00
0.00
0.00
0.00
0.00
0.60
1.60
2.40
19.40
10.40
5.40
0.20
0.00
0.00
0.00
6.40
8.20
0.00
17.80
0.20
0.00
0.20
0.00
0.00
0.00
0.00
8.20
0.00
0.00
0.00
0.00
0.00
0.00
2.80
2.60
0.20
0.00
28.60
23.20
4.20
0.20
15.00
5.00
3.40
8.40
12.40
49.40
8.40
0.00
0.00
23.80
1.80
6.60
54.60
0.20
15.30
5.00
0.20
0.00
2.00
1.00
34.60
3.40
9.80
26.00
0.20
2.20
0.00
0.00
1.60
11.20
0.00
11.00
0.30
0.00
23.60
13.20
0.20
0.00
0.00
0.00
0.00
0.00
0.00
0.00
12.00
5.50
0.00
0.00
2.00
6.60
0.00
0.00
0.00
0.00
10.70
0.00
0.00
0.00
0.00
5.60
13.60
4.80
0.60
1.80
0.00
0.00
0.00
0.00
1.40
0.00
0.00
0.00
0.00
0.00
0.00
0.00
0.00
0.00
0.00
0.00
0.00
0.00
0.00
0.00
0.20
0.40
0.00
0.00
0.00
0.00
0.00
0.00
0.00
16.80
0.20
0.00
0.20
0.00
0.00
0.40
0.00
55.60
0.00
0.00
8.40
0.40
0.40
0.00
0.00
0.00
0.00
0.00
2.00
14.40
0.00
0.00
1.20
0.00
4.60
0.00
0.00
10.60
0.60
0.00
0.00
0.00
0.00
0.00
18.40
41.60
0.40
0.20
0.00
3.00
0.60
0.00
19.60
0.00
0.00
0.00
0.00
0.00
0.00
0.00
0.00
0.00
0.00
0.80
6.40
0.00
0.00
0.00
0.00
0.00
0.00
0.00
7.40
0.40
11.00
0.00
0.00
0.00
11.40
6.40
0.80
0.00
0.00
0.00
13.20
10.80
9.80
30.60
32.60
39.80
0.00
0.00
0.00
0.00
0.00
0.00
0.00
0.40
0.00
5.20
0.00
0.00
0.00
0.00
0.00
0.00
0.00
0.00
0.00
0.00
0.00
4.80
0.00
0.00
0.00
0.00
3.40
0.00
0.00
0.00
0.00
0.00
0.00
0.00
0.00
1.40
4.60
0.00
0.00
0.00
2.60
0.00
3.00
9.60
0.00
0.00
0.00
0.00
0.00
0.00
0.00
0.00
0.00
3.00
1.00
0.20
10.20
10.90
0.00
0.00
0.00
0.00
0.00
0.00
8.50
4.00
0.00
1.10
16.90
0.00
0.00
0.00
0.00
0.00
0.00
0.00
0.00
2.80
0.90
0.00
0.40
0.00
2.40
0.00
0.00
0.00
0.00
0.00
0.00
14.40
17.40
3.90
13.40
0.00
4.30
0.00
0.00
0.00
0.00
0.20
1.70
0.00
0.00
0.00
0.00
0.00
0.00
0.00
0.00
0.00
0.00
0.00
0.00
0.00
0.00
0.00
0.00
0.00
6.70
1.10
3.60
2.10
0.60
0.00
0.00
0.00
0.00
0.00
0.00
0.00
0.00
0.00
0.00
0.00
0.00
0.00
0.00
0.00
0.00
0.00
0.00
0.00
0.00
0.00
0.00
26.70
3.80
6.70
15.90
2.90
8.50
1.00
0.00
0.00
0.00
25.10
0.80
0.00
5.20
6.60
5.00
0.00
0.00
10.20
0.70
1.50
0.50
0.00
0.20
0.00
0.00
0.00
0.00
0.00
7.80
0.10
0.00
0.00
13.20
0.20
0.00
0.00
0.00
0.00
0.00
1.50
0.00
0.40
0.90
0.50
0.10
8.30
18.70
0.00
0.00
0.00
0.00
0.00
0.00
0.00
0.00
0.00
0.00
0.00
0.50
0.00
0.00
0.00
0.00
6.90
2.70
0.00
0.00
0.00
9.70
0.10
0.00
5.40
0.00
0.00
0.00
0.00
0.00
0.00
0.00
3.80
0.00
0.00
3.30
0.00
0.00
0.00
0.00
0.00
4.90
1.60
0.00
0.00
2.30
3.90
12.50
0.00
0.00
0.10
13.50
36.20
7.60
0.50
0.70
0.20
0.00
0.00
0.00
11.10
0.20
2.10
0.00
0.00
0.00
0.00
2.20
0.40
0.00
0.00
0.00
0.00
0.00
0.00
0.00
0.00
0.00
2.30
0.50
0.30
0.10
0.10
0.00
10.00
6.00
18.60
2.60
0.20
0.20
0.00
0.00
0.10
5.80
0.00
0.00
0.00
0.00
0.00
0.00
0.00
0.00
0.50
1.80
0.00
0.10
0.00
0.00
0.00
15.10
0.00
0.00
3.50
0.00
0.00
0.00
0.00
0.00
0.00
3.30
7.80
4.10
10.70
0.10
0.00
3.70
0.70
0.00
5.20
1.50
0.00
0.00
0.00
0.20
1.60
0.00
0.00
0.00
0.00
0.90
0.20
0.00
0.00
0.00
0.00
0.00
2.60
0.00
1.60
0.00
0.00
0.00
0.00
0.00
0.00
0.00
0.00
0.00
21.80
21.00
5.90
0.00
0.00
0.20
0.00
0.10
0.00
0.00
0.00
0.00
0.00
1.70
0.00
0.70
0.00
0.00
2.70
0.00
0.00
0.00
0.00
0.00
0.00
0.00
0.00
0.00
0.00
0.00
0.00
0.00
0.00
0.30
0.00
0.00
0.00
0.10
0.10
0.00
4.10
0.00
0.00
0.30
0.00
0.00
0.00
0.10
0.00
0.00
0.00
0.00
0.00
0.00
0.00
0.00
0.00
0.00
0.00
0.00
0.00
0.00
15.30
11.40
15.20
14.40
0.00
4.70
0.00
0.20
1.50
1.10
0.40
0.00
0.00
0.00
1.20
15.60
0.00
4.70
0.10
0.00
0.00
0.00
1.80
0.00
16.10
0.00
0.00
0.00
0.00
0.50
3.80
0.00
0.00
0.00
0.00
4.80
0.00
0.00
0.00
0.00
0.00
1.20
0.30
0.00
0.00
6.00
2.40
0.00
0.00
13.60
16.60
0.00
0.00
0.00
0.00
0.00
2.30
6.90
1.70
3.90
13.20
0.00
1.00
0.90
0.10
0.00
0.00
0.00
1.80
0.00
0.00
5.10
23.40
0.10
0.00
0.00
8.10
32.30
0.00
0.00
0.00
0.00
0.00
0.00
0.00
0.00
0.00
0.00
0.00
0.00
10.10
6.00
0.10
0.50
5.20
1.20
0.00
0.00
0.00
1.40
0.00
0.00
0.00
0.10
2.20
0.00
0.00
0.00
0.00
0.00
0.00
0.00
15.20
0.10
0.10
1.70
2.30
0.00
0.00
0.00
0.00
0.00
0.20
1.00
0.80
0.70
1.80
0.00
0.00
0.00
0.00
11.30
2.10
36.00
5.00
0.40
0.00
0.30
1.30
3.90
2.10
0.10
6.90
4.30
2.80
0.00
0.00
0.00
0.00
0.00
0.00
0.00
0.10
0.00
0.00
0.00
0.00
0.00
4.10
0.00
0.00
0.00
0.00
0.00
0.00
0.00
0.00
2.60
0.00
0.00
31.90
11.40
7.50
0.00
18.10
28.00
0.10
1.00
25.20
10.60
0.10
0.00
0.00
0.00
0.00
0.00
0.00
0.00
11.00
0.40
1.80
0.00
0.00
0.00
0.00
14.80
0.00
0.00
0.00
0.00
0.00
0.00
0.00
0.00
0.00
0.00
0.00
0.00
0.00
0.00
46.90
0.00
0.00
1.80
7.20
0.00
0.00
0.00
0.00
17.30
0.10
0.80
0.00
0.00
35.90
0.00
0.00
0.80
0.00
0.00
0.00
0.30
25.50
0.00
12.90
0.00
3.60
0.00
0.00
0.00
0.00
4.70
0.10
0.00
0.00
0.00
0.00
0.00
0.00
0.00
0.00
0.00
0.10
0.00
0.00
36.80
0.10
0.00
0.00
0.10
29.50
0.10
0.10
0.00
0.00
50.20
0.00
0.00
0.00
11.30
21.30
3.80
0.00
1.90
4.30
0.10
0.00
5.20
0.00
0.00
0.00
0.00
0.00
0.00
0.00
0.00
0.00
0.90
0.00
0.00
0.00
0.00
0.70
58.40
8.30
1.70
0.90
0.00
0.10
0.10
0.00
0.00
0.00
0.00
0.00
0.00
0.00
0.00
0.00
0.00
0.00
0.00
0.20
1.80
1.00
0.00
0.00
0.00
0.00
0.00
0.00
0.10
0.10
0.10
0.00
0.00
0.00
0.00
0.00
3.50
0.00
0.80
0.00
0.00
4.70
0.00
0.00
0.00
0.00
0.00
0.00
0.00
0.00
0.00
20.80
0.00
0.00
0.00
0.00
0.20
0.10
0.00
4.80
0.40
0.00
0.00
0.00
0.00
0.00
0.00
0.00
0.00
0.00
0.00
0.00
12.90
10.00
4.00
0.00
0.00
0.00
0.00
0.00
0.00
0.00
0.00
0.00
0.00
0.00
0.00
0.00
0.00
0.00
0.00
0.00
0.00
0.00
0.00
0.00
0.00
0.00
0.00
0.00
0.00
0.00
0.00
0.00
0.00
0.00
0.00
0.00
0.00
0.10
21.20
0.10
18.40
7.50
0.00
0.00
0.00
0.00
0.00
0.00
0.00
0.00
0.00
0.00
0.00
0.00
0.00
2.10
0.00
0.00
3.50
0.00
0.00
0.00
0.00
0.00
0.00
0.00
0.00
0.00
0.00
0.00
0.00
0.00
3.70
0.00
0.00
0.00
0.00
0.40
0.00
0.00
0.00
42.00
0.40
13.60
42.00
0.50
0.00
0.00
0.00
0.00
1.10
0.10
0.00
0.00
0.00
0.00
1.70
0.00
19.30
0.30
0.00
0.00
0.00
0.00
0.00
0.00
0.00
0.00
0.00
0.00
0.90
0.00
0.00
0.00
0.40
0.50
0.00
0.00
0.00
0.00
0.00
0.20
0.60
14.70
0.30
0.80
0.00
7.60
8.90
0.60
1.10
0.10
0.00
1.10
0.00
0.00
0.00
6.40
0.70
0.00
0.00
14.90
14.80
0.00
19.00
0.10
0.00
0.00
0.00
0.00
0.00
5.30
0.90
0.00
0.30
0.00
0.30
0.00
0.00
0.00
14.10
19.30
0.00
0.60
8.40
40.50
13.50
6.80
12.80
1.30
0.00
28.90
0.70
3.30
31.30
0.00
0.00
4.30
2.20
0.00
0.00
0.00
0.00
0.00
0.00
0.00
0.00
0.00
0.00
0.00
0.00
0.00
0.00
0.00
2.70
1.90
0.00
0.00
0.00
0.00
0.00
0.00
0.00
10.30
5.30
4.80
0.10
0.00
0.00
0.00
6.70
0.00
1.40
0.30
0.00
0.00
0.00
59.70
13.90
0.10
0.00
41.40
0.40
0.10
0.00
13.30
0.10
0.00
0.00
0.30
0.10
0.00
0.00
0.00
0.00
0.00
19.50
0.00
0.00
0.00
0.00
0.00
0.00
0.00
0.00
0.00
0.00
0.00
0.00
0.00
0.00
0.00
0.00
20.60
0.00
0.00
1.00
0.80
10.00
0.00
0.00
0.00
0.00
0.00
0.00
0.00
0.60
0.00
0.00
0.00
0.20
1.70
0.00
0.00
0.00
0.00
0.00
3.60
0.00
0.00
0.00
0.00
0.00
0.00
0.00
0.00
0.00
0.00
0.00
0.00
0.00
0.00
0.00
0.00
0.00
0.00
0.00
0.00
0.00
0.00
0.00
0.00
3.60
0.20
0.00
0.00
2.10
4.10
0.00
0.00
26.50
6.40
0.00
0.00
0.00
0.80
2.20
46.70
37.00
2.70
1.50
0.20
0.20
0.00
0.00
0.00
0.00
2.00
8.40
18.20
1.60
0.50
0.00
0.30
1.50
11.30
0.60
0.00
0.00
0.00
0.00
0.00
0.00
0.00
0.00
0.00
0.00
0.00
0.10
0.00
0.00
0.00
0.00
0.00
0.00
0.00
0.00
0.00
0.00
0.00
0.00
0.00
0.00
0.00
0.00
0.00
0.00
0.00
0.00
0.00
0.00
0.00
0.00
0.00
0.00
0.00
0.00
0.00
0.00
0.00
0.00
0.00
0.00
0.00
0.00
0.00
0.00
0.00
0.00
0.00
0.00
0.00
0.00
0.00
0.00
0.00
0.00
0.00
0.00
0.00
0.00
0.00
0.40
0.70
0.00
0.00
0.00
1.70
3.20
0.00
0.00
1.20
0.00
0.00
0.00
0.00
0.00
0.00
0.00
0.00
0.00
0.00
0.00
0.00
0.00
0.00
0.00
0.00
0.00
0.00
0.00
0.00
0.00
0.00
0.00
0.00
0.00
0.00
0.50
0.00
0.00
0.00
0.00
0.00
0.00
0.00
0.00
0.00
0.00
0.00
0.00
0.00
0.00
0.00
1.20
0.20
26.10
32.20
0.00
0.00
0.00
0.00
0.00
0.00
0.00
0.00
0.00
-99.00
-99.00
-99.00
-99.00
-99.00
-99.00
-99.00
-99.00
-99.00
-99.00
-99.00
-99.00
-99.00
-99.00
-99.00
-99.00
-99.00
-99.00
-99.00
-99.00
-99.00
-99.00
-99.00
-99.00
-99.00
-99.00
-99.00
-99.00
-99.00
-99.00
-99.00
-99.00
-99.00
-99.00
-99.00
-99.00
-99.00
-99.00
-99.00
-99.00
-99.00
-99.00
-99.00
-99.00
-99.00
-99.00
-99.00
-99.00
-99.00
-99.00
-99.00
-99.00
-99.00
-99.00
-99.00
-99.00
-99.00
-99.00
-99.00
-99.00
-99.00
-99.00
-99.00
-99.00
-99.00
-99.00
-99.00
-99.00
-99.00
-99.00
-99.00
-99.00
-99.00
-99.00
-99.00
-99.00
-99.00
-99.00
-99.00
-99.00
-99.00
-99.00
-99.00
-99.00
-99.00
-99.00
-99.00
-99.00
-99.00
-99.00
-99.00
-99.00
-99.00
-99.00
-99.00
-99.00
-99.00
-99.00
-99.00
-99.00
-99.00
-99.00
-99.00
-99.00
-99.00
-99.00
-99.00
-99.00
-99.00
-99.00
-99.00
-99.00
-99.00
-99.00
-99.00
-99.00
-99.00
-99.00
-99.00
-99.00
-99.00
-99.00
-99.00
-99.00
-99.00
-99.00
-99.00
-99.00
-99.00
-99.00
-99.00
-99.00
-99.00
-99.00
-99.00
-99.00
-99.00
-99.00
-99.00
-99.00
-99.00
-99.00
-99.00
-99.00
-99.00
-99.00
-99.00
-99.00
-99.00
-99.00
-99.00
-99.00
-99.00
-99.00
-99.00
-99.00
-99.00
-99.00
-99.00
-99.00
-99.00
-99.00
-99.00
-99.00
-99.00
-99.00
-99.00
-99.00
-99.00
-99.00
-99.00
-99.00
-99.00
-99.00
-99.00
-99.00
-99.00
-99.00
-99.00
-99.00
-99.00
-99.00
-99.00
-99.00
-99.00
-99.00
-99.00
-99.00
-99.00
-99.00
-99.00
-99.00
-99.00
-99.00
-99.00
-99.00
-99.00
-99.00
-99.00
-99.00
-99.00
-99.00
-99.00
-99.00
-99.00
-99.00
-99.00
-99.00
-99.00
-99.00
-99.00
-99.00
-99.00
-99.00
-99.00
-99.00
-99.00
-99.00
-99.00
-99.00
-99.00
-99.00
-99.00
-99.00
-99.00
-99.00
-99.00
-99.00
-99.00
-99.00
-99.00
-99.00
-99.00
-99.00
-99.00
-99.00
-99.00
-99.00
-99.00
-99.00
-99.00
-99.00
-99.00
-99.00
-99.00
-99.00
-99.00
-99.00
-99.00
-99.00
-99.00
-99.00
-99.00
-99.00
-99.00
-99.00
-99.00
-99.00
-99.00
-99.00
-99.00
-99.00
-99.00
-99.00
-99.00
-99.00
-99.00
-99.00
-99.00
-99.00
-99.00
-99.00
-99.00
-99.00
-99.00
-99.00
-99.00
-99.00
-99.00
-99.00
-99.00
-99.00
-99.00
-99.00
-99.00
-99.00
-99.00
-99.00
-99.00
-99.00
-99.00
-99.00
-99.00
-99.00
-99.00
-99.00
-99.00
-99.00
-99.00
-99.00
-99.00
-99.00
-99.00
-99.00
-99.00
-99.00
-99.00
-99.00
-99.00
-99.00
-99.00
-99.00
-99.00
-99.00
-99.00
-99.00
-99.00
-99.00
-99.00
-99.00
-99.00
-99.00
-99.00
-99.00
-99.00
-99.00
-99.00
-99.00
-99.00
-99.00
-99.00
-99.00
-99.00
-99.00
-99.00
-99.00
-99.00
-99.00
-99.00
-99.00
-99.00
-99.00
-99.00
-99.00
-99.00
-99.00
-99.00
-99.00
-99.00
-99.00
-99.00
-99.00
-99.00
-99.00
-99.00
-99.00
-99.00
-99.00
-99.00
-99.00
-99.00
-99.00
-99.00
-99.00
-99.00
-99.00
-99.00
-99.00
-99.00
-99.00
-99.00
-99.00
-99.00
-99.00
-99.00
-99.00
-99.00
-99.00
-99.00
-99.00
-99.00
-99.00
-99.00
-99.00
-99.00
-99.00
-99.00
-99.00
-99.00
-99.00
-99.00
-99.00
-99.00
-99.00
-99.00
-99.00
-99.00
-99.00
-99.00
-99.00
-99.00
-99.00
-99.00
-99.00
-99.00
-99.00
-99.00
-99.00
-99.00
-99.00
-99.00
-99.00
-99.00
-99.00
-99.00
-99.00
-99.00
-99.00
-99.00
-99.00
-99.00
-99.00
-99.00
-99.00
-99.00
-99.00
-99.00
-99.00
-99.00
-99.00
-99.00
-99.00
-99.00
-99.00
-99.00
-99.00
-99.00
-99.00
-99.00
-99.00
-99.00
-99.00
-99.00
-99.00
-99.00
-99.00
-99.00
-99.00
-99.00
-99.00
-99.00
-99.00
-99.00
-99.00
-99.00
-99.00
-99.00
-99.00
-99.00
-99.00
-99.00
-99.00
-99.00
-99.00
-99.00
-99.00
-99.00
-99.00
-99.00
-99.00
-99.00
-99.00
-99.00
-99.00
-99.00
-99.00
-99.00
-99.00
-99.00
-99.00
-99.00
-99.00
-99.00
-99.00
-99.00
-99.00
-99.00
-99.00
-99.00
-99.00
-99.00
-99.00
-99.00
-99.00
-99.00
-99.00
-99.00
-99.00
-99.00
-99.00
-99.00
-99.00
-99.00
-99.00
-99.00
-99.00
-99.00
-99.00
-99.00
-99.00
-99.00
-99.00
-99.00
-99.00
-99.00
-99.00
-99.00
-99.00
-99.00
-99.00
-99.00
-99.00
-99.00
-99.00
-99.00
-99.00
-99.00
-99.00
-99.00
-99.00
-99.00
-99.00
-99.00
-99.00
-99.00
-99.00
-99.00
-99.00
-99.00
-99.00
-99.00
-99.00
-99.00
-99.00
-99.00
-99.00
-99.00
-99.00
-99.00
-99.00
-99.00
-99.00
-99.00
-99.00
-99.00
-99.00
-99.00
-99.00
-99.00
-99.00
-99.00
-99.00
-99.00
-99.00
-99.00
-99.00
-99.00
-99.00
-99.00
-99.00
-99.00
-99.00
-99.00
-99.00
-99.00
-99.00
-99.00
-99.00
-99.00
-99.00
-99.00
-99.00
-99.00
-99.00
-99.00
-99.00
-99.00
-99.00
-99.00
-99.00
-99.00
-99.00
-99.00
-99.00
-99.00
-99.00
-99.00
-99.00
-99.00
-99.00
-99.00
-99.00
-99.00
-99.00
-99.00
-99.00
-99.00
-99.00
-99.00
-99.00
-99.00
-99.00
-99.00
-99.00
-99.00
-99.00
-99.00
-99.00
-99.00
-99.00
-99.00
-99.00
-99.00
-99.00
-99.00
-99.00
-99.00
-99.00
-99.00
-99.00
-99.00
-99.00
-99.00
-99.00
-99.00
-99.00
-99.00
-99.00
-99.00
-99.00
-99.00
-99.00
-99.00
-99.00
-99.00
-99.00
-99.00
-99.00
-99.00
-99.00
-99.00
-99.00
-99.00
-99.00
-99.00
-99.00
-99.00
-99.00
-99.00
-99.00
-99.00
-99.00
-99.00
-99.00
-99.00
-99.00
-99.00
-99.00
-99.00
-99.00
-99.00
-99.00
-99.00
-99.00
-99.00
-99.00
-99.00
-99.00
-99.00
-99.00
-99.00
-99.00
-99.00
-99.00
-99.00
-99.00
-99.00
-99.00
-99.00
-99.00
-99.00
-99.00
-99.00
-99.00
-99.00
-99.00
-99.00
-99.00
-99.00
-99.00
-99.00
-99.00
-99.00
-99.00
-99.00
-99.00
-99.00
-99.00
-99.00
-99.00
-99.00
-99.00
-99.00
-99.00
-99.00
-99.00
-99.00
-99.00
-99.00
-99.00
-99.00
-99.00
-99.00
-99.00
-99.00
-99.00
-99.00
-99.00
-99.00
-99.00
-99.00
-99.00
-99.00
-99.00
-99.00
-99.00
-99.00
-99.00
-99.00
-99.00
-99.00
-99.00
-99.00
-99.00
-99.00
-99.00
-99.00
-99.00
-99.00
-99.00
-99.00
-99.00
-99.00
-99.00
-99.00
-99.00
-99.00
-99.00
-99.00
-99.00
-99.00
-99.00
-99.00
-99.00
-99.00
-99.00
-99.00
-99.00
-99.00
-99.00
-99.00
-99.00
-99.00
-99.00
-99.00
-99.00
-99.00
-99.00
-99.00
-99.00
-99.00
-99.00
-99.00
-99.00
-99.00
-99.00
-99.00
-99.00
-99.00
-99.00
-99.00
-99.00
-99.00
-99.00
-99.00
-99.00
-99.00
-99.00
-99.00
-99.00
-99.00
-99.00
-99.00
-99.00
-99.00
-99.00
-99.00
-99.00
-99.00
-99.00
-99.00
-99.00
-99.00
-99.00
-99.00
-99.00
-99.00
-99.00
-99.00
-99.00
-99.00
-99.00
-99.00
-99.00
-99.00
-99.00
-99.00
-99.00
-99.00
-99.00
-99.00
-99.00
-99.00
-99.00
-99.00
-99.00
-99.00
-99.00
-99.00
-99.00
-99.00
-99.00
-99.00
-99.00
-99.00
-99.00
-99.00
-99.00
-99.00
-99.00
-99.00
-99.00
-99.00
-99.00
-99.00
-99.00
-99.00
-99.00
-99.00
-99.00
-99.00
-99.00
-99.00
-99.00
-99.00
-99.00
-99.00
-99.00
-99.00
-99.00
-99.00
-99.00
-99.00
-99.00
-99.00
-99.00
-99.00
-99.00
-99.00
-99.00
-99.00
-99.00
-99.00
-99.00
-99.00
-99.00
-99.00
-99.00
-99.00
-99.00
-99.00
-99.00
-99.00
-99.00
-99.00
-99.00
-99.00
-99.00
-99.00
-99.00
-99.00
-99.00
-99.00
-99.00
-99.00
-99.00
-99.00
-99.00
-99.00
-99.00
-99.00
-99.00
-99.00
-99.00
-99.00
-99.00
-99.00
-99.00
-99.00
-99.00
-99.00
-99.00
-99.00
-99.00
-99.00
-99.00
-99.00
-99.00
-99.00
-99.00
-99.00
-99.00
-99.00
-99.00
-99.00
-99.00
-99.00
-99.00
-99.00
-99.00
-99.00
-99.00
-99.00
-99.00
-99.00
-99.00
-99.00
-99.00
-99.00
-99.00
-99.00
-99.00
-99.00
-99.00
-99.00
-99.00
-99.00
-99.00
-99.00
-99.00
-99.00
-99.00
-99.00
-99.00
-99.00
-99.00
-99.00
-99.00
-99.00
-99.00
-99.00
-99.00
-99.00
-99.00
-99.00
-99.00
-99.00
-99.00
-99.00
-99.00
-99.00
-99.00
-99.00
-99.00
-99.00
-99.00
-99.00
-99.00
-99.00
-99.00
-99.00
-99.00
-99.00
-99.00
-99.00
-99.00
-99.00
-99.00
-99.00
-99.00
-99.00
-99.00
-99.00
-99.00
-99.00
-99.00
-99.00
-99.00
-99.00
-99.00
-99.00
-99.00
-99.00
-99.00
-99.00
-99.00
-99.00
-99.00
-99.00
-99.00
-99.00
-99.00
-99.00
-99.00
-99.00
-99.00
-99.00
-99.00
-99.00
-99.00
-99.00
-99.00
-99.00
-99.00
-99.00
-99.00
-99.00
-99.00
-99.00
-99.00
-99.00
-99.00
-99.00
-99.00
-99.00
-99.00
-99.00
-99.00
-99.00
-99.00
-99.00
-99.00
-99.00
-99.00
-99.00
-99.00
-99.00
-99.00
-99.00
-99.00
-99.00
-99.00
-99.00
-99.00
-99.00
-99.00
-99.00
-99.00
-99.00
-99.00
-99.00
-99.00
-99.00
-99.00
-99.00
-99.00
-99.00
-99.00
-99.00
-99.00
-99.00
-99.00
-99.00
-99.00
-99.00
-99.00
-99.00
-99.00
-99.00
-99.00
-99.00
-99.00
-99.00
-99.00
-99.00
-99.00
-99.00
-99.00
-99.00
-99.00
-99.00
-99.00
-99.00
-99.00
-99.00
-99.00
-99.00
-99.00
-99.00
-99.00
-99.00
-99.00
-99.00
-99.00
-99.00
-99.00
-99.00
-99.00
-99.00
-99.00
-99.00
-99.00
-99.00
-99.00
-99.00
-99.00
-99.00
-99.00
-99.00
-99.00
-99.00
-99.00
-99.00
-99.00
-99.00
-99.00
-99.00
-99.00
-99.00
-99.00
-99.00
-99.00
-99.00
-99.00
-99.00
-99.00
-99.00
-99.00
-99.00
-99.00
-99.00
-99.00
-99.00
-99.00
-99.00
-99.00
-99.00
-99.00
-99.00
-99.00
-99.00
-99.00
-99.00
-99.00
-99.00
-99.00
-99.00
-99.00
-99.00
-99.00
-99.00
-99.00
-99.00
-99.00
-99.00
-99.00
-99.00
-99.00
-99.00
-99.00
-99.00
-99.00
-99.00
-99.00
-99.00
-99.00
-99.00
-99.00
-99.00
-99.00
-99.00
-99.00
-99.00
-99.00
-99.00
-99.00
-99.00
-99.00
-99.00
-99.00
-99.00
-99.00
-99.00
-99.00
-99.00
-99.00
-99.00
-99.00
-99.00
-99.00
-99.00
-99.00
-99.00
-99.00
-99.00
-99.00
-99.00
-99.00
-99.00
-99.00
-99.00
-99.00
-99.00
-99.00
-99.00
-99.00
-99.00
-99.00
-99.00
-99.00
-99.00
-99.00
-99.00
-99.00
-99.00
-99.00
-99.00
-99.00
-99.00
-99.00
-99.00
-99.00
-99.00
-99.00
-99.00
-99.00
-99.00
-99.00
-99.00
-99.00
-99.00
-99.00
-99.00
-99.00
-99.00
-99.00
-99.00
-99.00
-99.00
-99.00
-99.00
-99.00
-99.00
-99.00
-99.00
-99.00
-99.00
-99.00
-99.00
-99.00
-99.00
-99.00
-99.00
-99.00
-99.00
-99.00
-99.00
-99.00
-99.00
-99.00
-99.00
-99.00
-99.00
-99.00
-99.00
-99.00
-99.00
-99.00
-99.00
-99.00
-99.00
-99.00
-99.00
-99.00
-99.00
-99.00
-99.00
-99.00
-99.00
-99.00
-99.00
-99.00
-99.00
-99.00
-99.00
-99.00
-99.00
-99.00
-99.00
-99.00
-99.00
-99.00
-99.00
-99.00
-99.00
-99.00
-99.00
-99.00
-99.00
-99.00
-99.00
-99.00
-99.00
-99.00
-99.00
-99.00
-99.00
-99.00
-99.00
-99.00
-99.00
-99.00
-99.00
-99.00
-99.00
-99.00
-99.00
-99.00
-99.00
-99.00
-99.00
-99.00
-99.00
-99.00
-99.00
-99.00
-99.00
-99.00
-99.00
-99.00
-99.00
-99.00
-99.00
-99.00
-99.00
-99.00
-99.00
-99.00
-99.00
-99.00
-99.00
-99.00
-99.00
-99.00
-99.00
-99.00
-99.00
-99.00
-99.00
-99.00
-99.00
-99.00
-99.00
-99.00
-99.00
-99.00
-99.00
-99.00
-99.00
-99.00
-99.00
-99.00
-99.00
-99.00
-99.00
-99.00
-99.00
-99.00
-99.00
-99.00
-99.00
-99.00
-99.00
-99.00
-99.00
-99.00
-99.00
-99.00
-99.00
-99.00
-99.00
-99.00
-99.00
-99.00
-99.00
-99.00
-99.00
-99.00
-99.00
-99.00
-99.00
-99.00
-99.00
-99.00
-99.00
-99.00
-99.00
-99.00
-99.00
-99.00
-99.00
-99.00
-99.00
-99.00
-99.00
-99.00
-99.00
-99.00
-99.00
-99.00
-99.00
-99.00
-99.00
-99.00
-99.00
-99.00
-99.00
-99.00
-99.00
-99.00
-99.00
-99.00
-99.00
-99.00
-99.00
-99.00
-99.00
-99.00
-99.00
-99.00
-99.00
-99.00
-99.00
-99.00
-99.00
-99.00
-99.00
-99.00
-99.00
-99.00
-99.00
-99.00
-99.00
-99.00
-99.00
-99.00
-99.00
-99.00
-99.00
-99.00
-99.00
-99.00
-99.00
-99.00
-99.00
-99.00
-99.00
-99.00
-99.00
-99.00
-99.00
-99.00
-99.00
-99.00
-99.00
-99.00
-99.00
-99.00
-99.00
-99.00
-99.00
-99.00
-99.00
-99.00
-99.00
-99.00
-99.00
-99.00
-99.00
-99.00
-99.00
-99.00
-99.00
-99.00
-99.00
-99.00
-99.00
-99.00
-99.00
-99.00
-99.00
-99.00
-99.00
-99.00
-99.00
-99.00
-99.00
-99.00
-99.00
-99.00
-99.00
-99.00
-99.00
-99.00
-99.00
-99.00
-99.00
-99.00
-99.00
-99.00
-99.00
-99.00
-99.00
-99.00
-99.00
-99.00
-99.00
-99.00
-99.00
-99.00
-99.00
-99.00
-99.00
-99.00
-99.00
-99.00
-99.00
-99.00
-99.00
-99.00
-99.00
-99.00
-99.00
-99.00
-99.00
-99.00
-99.00
-99.00
-99.00
-99.00
-99.00
-99.00
-99.00
-99.00
-99.00
-99.00
-99.00
-99.00
-99.00
-99.00
-99.00
-99.00
-99.00
-99.00
-99.00
-99.00
-99.00
-99.00
-99.00
-99.00
-99.00
-99.00
-99.00
-99.00
-99.00
-99.00
-99.00
-99.00
-99.00
-99.00
-99.00
-99.00
-99.00
-99.00
-99.00
-99.00
-99.00
-99.00
-99.00
-99.00
-99.00
-99.00
-99.00
-99.00
-99.00
-99.00
-99.00
-99.00
-99.00
-99.00
-99.00
-99.00
-99.00
-99.00
-99.00
-99.00
-99.00
-99.00
-99.00
-99.00
-99.00
-99.00
-99.00
-99.00
-99.00
-99.00
-99.00
-99.00
-99.00
-99.00
-99.00
-99.00
-99.00
-99.00
-99.00
-99.00
-99.00
-99.00
-99.00
-99.00
-99.00
-99.00
-99.00
-99.00
-99.00
-99.00
-99.00
-99.00
-99.00
-99.00
-99.00
-99.00
-99.00
-99.00
-99.00
-99.00
-99.00
-99.00
-99.00
-99.00
-99.00
-99.00
-99.00
-99.00
-99.00
-99.00
-99.00
-99.00
-99.00
-99.00
-99.00
-99.00
-99.00
-99.00
-99.00
-99.00
-99.00
-99.00
-99.00
-99.00
-99.00
-99.00
-99.00
-99.00
-99.00
-99.00
-99.00
-99.00
-99.00
-99.00
-99.00
-99.00
-99.00
-99.00
-99.00
-99.00
-99.00
-99.00
-99.00
-99.00
-99.00
-99.00
-99.00
-99.00
-99.00
-99.00
-99.00
-99.00
-99.00
-99.00
-99.00
-99.00
-99.00
-99.00
-99.00
-99.00
-99.00
-99.00
-99.00
-99.00
-99.00
-99.00
-99.00
-99.00
-99.00
-99.00
-99.00
-99.00
-99.00
-99.00
-99.00
-99.00
-99.00
-99.00
-99.00
-99.00
-99.00
-99.00
-99.00
-99.00
-99.00
-99.00
-99.00
-99.00
-99.00
-99.00
-99.00
-99.00
-99.00
-99.00
-99.00
-99.00
-99.00
-99.00
-99.00
-99.00
-99.00
-99.00
-99.00
-99.00
-99.00
-99.00
-99.00
-99.00
-99.00
-99.00
-99.00
-99.00
-99.00
-99.00
-99.00
-99.00
-99.00
-99.00
-99.00
-99.00
-99.00
-99.00
-99.00
-99.00
-99.00
-99.00
-99.00
-99.00
-99.00
-99.00
-99.00
-99.00
-99.00
-99.00
-99.00
-99.00
-99.00
-99.00
-99.00
-99.00
-99.00
-99.00
-99.00
-99.00
-99.00
-99.00
-99.00
-99.00
-99.00
-99.00
-99.00
-99.00
-99.00
-99.00
-99.00
-99.00
-99.00
-99.00
-99.00
-99.00
-99.00
-99.00
-99.00
-99.00
-99.00
-99.00
-99.00
-99.00
-99.00
-99.00
-99.00
-99.00
-99.00
-99.00
-99.00
-99.00
-99.00
-99.00
-99.00
-99.00
-99.00
-99.00
-99.00
-99.00
-99.00
-99.00
-99.00
-99.00
-99.00
-99.00
-99.00
-99.00
-99.00
-99.00
-99.00
-99.00
-99.00
-99.00
-99.00
-99.00
-99.00
-99.00
-99.00
-99.00
-99.00
-99.00
-99.00
-99.00
-99.00
-99.00
-99.00
-99.00
-99.00
-99.00
-99.00
-99.00
-99.00
-99.00
-99.00
-99.00
-99.00
-99.00
-99.00
-99.00
-99.00
-99.00
-99.00
-99.00
-99.00
-99.00
-99.00
-99.00
-99.00
-99.00
-99.00
-99.00
-99.00
-99.00
-99.00
-99.00
-99.00
-99.00
-99.00
-99.00
-99.00
-99.00
-99.00
-99.00
-99.00
-99.00
-99.00
-99.00
-99.00
-99.00
-99.00
-99.00
-99.00
-99.00
-99.00
-99.00
-99.00
-99.00
-99.00
-99.00
-99.00
-99.00
-99.00
-99.00
-99.00
-99.00
-99.00
-99.00
-99.00
-99.00
-99.00
-99.00
-99.00
-99.00
-99.00
-99.00
-99.00
-99.00
-99.00
-99.00
-99.00
-99.00
-99.00
-99.00
-99.00
-99.00
-99.00
-99.00
-99.00
-99.00
-99.00
-99.00
-99.00
-99.00
-99.00
-99.00
-99.00
-99.00
-99.00
-99.00
-99.00
-99.00
-99.00
-99.00
-99.00
-99.00
-99.00
-99.00
-99.00
-99.00
-99.00
-99.00
-99.00
-99.00
-99.00
-99.00
-99.00
-99.00
-99.00
-99.00
-99.00
-99.00
-99.00
-99.00
-99.00
-99.00
-99.00
-99.00
-99.00
-99.00
-99.00
-99.00
-99.00
-99.00
-99.00
-99.00
-99.00
-99.00
-99.00
-99.00
-99.00
-99.00
-99.00
-99.00
-99.00
-99.00
-99.00
-99.00
-99.00
-99.00
-99.00
-99.00
-99.00
-99.00
-99.00
-99.00
-99.00
-99.00
-99.00
-99.00
-99.00
-99.00
-99.00
-99.00
-99.00
-99.00
-99.00
-99.00
-99.00
-99.00
-99.00
-99.00
-99.00
-99.00
-99.00
-99.00
-99.00
-99.00
-99.00
-99.00
-99.00
-99.00
-99.00
-99.00
-99.00
-99.00
-99.00
-99.00
-99.00
-99.00
-99.00
-99.00
-99.00
-99.00
-99.00
-99.00
-99.00
-99.00
-99.00
-99.00
-99.00
-99.00
-99.00
-99.00
-99.00
-99.00
-99.00
-99.00
-99.00
-99.00
-99.00
-99.00
-99.00
-99.00
-99.00
-99.00
-99.00
-99.00
-99.00
-99.00
-99.00
-99.00
-99.00
-99.00
-99.00
-99.00
-99.00
-99.00
-99.00
-99.00
-99.00
-99.00
-99.00
-99.00
-99.00
-99.00
-99.00
-99.00
-99.00
-99.00
-99.00
-99.00
-99.00
-99.00
-99.00
-99.00
-99.00
-99.00
-99.00
-99.00
-99.00
-99.00
-99.00
-99.00
-99.00
-99.00
-99.00
-99.00
-99.00
-99.00
-99.00
-99.00
-99.00
-99.00
-99.00
-99.00
-99.00
-99.00
-99.00
-99.00
-99.00
-99.00
-99.00
-99.00
-99.00
-99.00
-99.00
-99.00
-99.00
-99.00
-99.00
-99.00
-99.00
-99.00
-99.00
-99.00
-99.00
-99.00
-99.00
-99.00
-99.00
-99.00
-99.00
-99.00
-99.00
-99.00
-99.00
-99.00
-99.00
-99.00
-99.00
-99.00
-99.00
-99.00
-99.00
-99.00
-99.00
-99.00
-99.00
-99.00
-99.00
-99.00
-99.00
-99.00
-99.00
-99.00
-99.00
-99.00
-99.00
-99.00
-99.00
-99.00
-99.00
-99.00
-99.00
-99.00
-99.00
-99.00
-99.00
-99.00
-99.00
-99.00
-99.00
-99.00
-99.00
-99.00
-99.00
-99.00
-99.00
-99.00
-99.00
-99.00
-99.00
-99.00
-99.00
-99.00
-99.00
-99.00
-99.00
-99.00
-99.00
-99.00
-99.00
-99.00
-99.00
-99.00
-99.00
-99.00
-99.00
-99.00
-99.00
-99.00
-99.00
-99.00
-99.00
-99.00
-99.00
-99.00
-99.00
-99.00
-99.00
-99.00
-99.00
-99.00
-99.00
-99.00
-99.00
-99.00
-99.00
-99.00
-99.00
-99.00
-99.00
-99.00
-99.00
-99.00
-99.00
-99.00
-99.00
-99.00
-99.00
-99.00
-99.00
-99.00
-99.00
-99.00
-99.00
-99.00
-99.00
-99.00
-99.00
-99.00
-99.00
-99.00
-99.00
-99.00
-99.00
-99.00
-99.00
-99.00
-99.00
-99.00
-99.00
-99.00
-99.00
-99.00
-99.00
-99.00
-99.00
-99.00
-99.00
-99.00
-99.00
-99.00
-99.00
-99.00
-99.00
-99.00
-99.00
-99.00
-99.00
-99.00
-99.00
-99.00
-99.00
-99.00
-99.00
-99.00
-99.00
-99.00
-99.00
-99.00
-99.00
-99.00
-99.00
-99.00
-99.00
-99.00
-99.00
-99.00
-99.00
-99.00
-99.00
-99.00
-99.00
-99.00
-99.00
-99.00
-99.00
-99.00
-99.00
-99.00
-99.00
-99.00
-99.00
-99.00
-99.00
-99.00
-99.00
-99.00
-99.00
-99.00
-99.00
-99.00
-99.00
-99.00
-99.00
-99.00
-99.00
-99.00
-99.00
-99.00
-99.00
-99.00
-99.00
-99.00
-99.00
-99.00
-99.00
-99.00
-99.00
-99.00
-99.00
-99.00
-99.00
-99.00
-99.00
-99.00
-99.00
-99.00
-99.00
-99.00
-99.00
-99.00
-99.00
-99.00
-99.00
-99.00
-99.00
-99.00
-99.00
-99.00
-99.00
-99.00
-99.00
-99.00
-99.00
-99.00
-99.00
-99.00
-99.00
-99.00
-99.00
-99.00
-99.00
-99.00
-99.00
-99.00
-99.00
-99.00
-99.00
-99.00
-99.00
-99.00
-99.00
-99.00
-99.00
-99.00
-99.00
-99.00
-99.00
-99.00
-99.00
-99.00
-99.00
-99.00
-99.00
-99.00
-99.00
-99.00
-99.00
-99.00
-99.00
-99.00
-99.00
-99.00
-99.00
-99.00
-99.00
-99.00
-99.00
-99.00
-99.00
-99.00
-99.00
-99.00
-99.00
-99.00
-99.00
-99.00
-99.00
-99.00
-99.00
-99.00
-99.00
-99.00
-99.00
-99.00
-99.00
-99.00
-99.00
-99.00
-99.00
-99.00
-99.00
-99.00
-99.00
-99.00
-99.00
-99.00
-99.00
-99.00
-99.00
-99.00
-99.00
-99.00
-99.00
-99.00
-99.00
-99.00
-99.00
-99.00
-99.00
-99.00
-99.00
-99.00
-99.00
-99.00
-99.00
-99.00
-99.00
-99.00
-99.00
-99.00
-99.00
-99.00
-99.00
-99.00
-99.00
-99.00
-99.00
-99.00
-99.00
-99.00
-99.00
-99.00
-99.00
-99.00
-99.00
-99.00
-99.00
-99.00
-99.00
-99.00
-99.00
-99.00
-99.00
-99.00
-99.00
-99.00
-99.00
-99.00
-99.00
-99.00
-99.00
-99.00
-99.00
-99.00
-99.00
-99.00
-99.00
-99.00
-99.00
-99.00
-99.00
-99.00
-99.00
-99.00
-99.00
-99.00
-99.00
-99.00
-99.00
-99.00
-99.00
-99.00
-99.00
-99.00
-99.00
-99.00
-99.00
-99.00
-99.00
-99.00
-99.00
-99.00
-99.00
-99.00
-99.00
-99.00
-99.00
-99.00
-99.00
-99.00
-99.00
-99.00
-99.00
-99.00
-99.00
-99.00
-99.00
-99.00
-99.00
-99.00
-99.00
-99.00
-99.00
-99.00
-99.00
-99.00
-99.00
-99.00
-99.00
-99.00
-99.00
-99.00
-99.00
-99.00
-99.00
-99.00
-99.00
-99.00
-99.00
-99.00
-99.00
-99.00
-99.00
-99.00
-99.00
-99.00
-99.00
-99.00
-99.00
-99.00
-99.00
-99.00
-99.00
-99.00
-99.00
-99.00
-99.00
-99.00
-99.00
-99.00
-99.00
-99.00
-99.00
-99.00
-99.00
-99.00
-99.00
-99.00
-99.00
-99.00
-99.00
-99.00
-99.00
-99.00
-99.00
-99.00
-99.00
-99.00
-99.00
-99.00
-99.00
-99.00
-99.00
-99.00
-99.00
-99.00
-99.00
-99.00
-99.00
-99.00
-99.00
-99.00
-99.00
-99.00
-99.00
-99.00
-99.00
-99.00
-99.00
-99.00
-99.00
-99.00
-99.00
-99.00
-99.00
-99.00
-99.00
-99.00
-99.00
-99.00
-99.00
-99.00
-99.00
-99.00
-99.00
-99.00
-99.00
-99.00
-99.00
-99.00
-99.00
-99.00
-99.00
-99.00
-99.00
-99.00
-99.00
-99.00
-99.00
-99.00
-99.00
-99.00
-99.00
-99.00
-99.00
-99.00
-99.00
-99.00
-99.00
-99.00
-99.00
-99.00
-99.00
-99.00
-99.00
-99.00
-99.00
-99.00
-99.00
-99.00
-99.00
-99.00
-99.00
-99.00
-99.00
-99.00
-99.00
-99.00
-99.00
-99.00
-99.00
-99.00
-99.00
-99.00
-99.00
-99.00
-99.00
-99.00
-99.00
-99.00
-99.00
-99.00
-99.00
-99.00
-99.00
-99.00
-99.00
-99.00
-99.00
-99.00
-99.00
-99.00
-99.00
-99.00
-99.00
-99.00
-99.00
-99.00
-99.00
-99.00
-99.00
-99.00
-99.00
-99.00
-99.00
-99.00
-99.00
-99.00
-99.00
-99.00
-99.00
-99.00
-99.00
-99.00
-99.00
-99.00
-99.00
-99.00
-99.00
-99.00
-99.00
-99.00
-99.00
-99.00
-99.00
-99.00
-99.00
-99.00
-99.00
-99.00
-99.00
-99.00
-99.00
-99.00
-99.00
-99.00
-99.00
-99.00
-99.00
-99.00
-99.00
-99.00
-99.00
-99.00
-99.00
-99.00
-99.00
-99.00
-99.00
-99.00
-99.00
-99.00
-99.00
-99.00
-99.00
-99.00
-99.00
-99.00
-99.00
-99.00
-99.00
-99.00
-99.00
-99.00
-99.00
-99.00
-99.00
-99.00
-99.00
-99.00
-99.00
-99.00
-99.00
-99.00
-99.00
-99.00
-99.00
-99.00
-99.00
-99.00
-99.00
-99.00
-99.00
-99.00
-99.00
-99.00
-99.00
-99.00
-99.00
-99.00
-99.00
-99.00
-99.00
-99.00
-99.00
-99.00
-99.00
-99.00
-99.00
-99.00
-99.00
-99.00
-99.00
-99.00
-99.00
-99.00
-99.00
-99.00
-99.00
-99.00
-99.00
-99.00
-99.00
-99.00
-99.00
-99.00
-99.00
-99.00
-99.00
-99.00
-99.00
-99.00
-99.00
-99.00
-99.00
-99.00
-99.00
-99.00
-99.00
-99.00
-99.00
-99.00
-99.00
-99.00
-99.00
-99.00
-99.00
-99.00
-99.00
-99.00
-99.00
-99.00
-99.00
-99.00
-99.00
-99.00
-99.00
-99.00
-99.00
-99.00
-99.00
-99.00
-99.00
-99.00
-99.00
-99.00
-99.00
-99.00
-99.00
-99.00
-99.00
-99.00
-99.00
-99.00
-99.00
-99.00
-99.00
-99.00
-99.00
-99.00
-99.00
-99.00
-99.00
-99.00
-99.00
-99.00
-99.00
-99.00
-99.00
-99.00
-99.00
-99.00
-99.00
-99.00
-99.00
-99.00
-99.00
-99.00
-99.00
-99.00
-99.00
-99.00
-99.00
-99.00
-99.00
-99.00
-99.00
-99.00
-99.00
-99.00
-99.00
-99.00
-99.00
-99.00
-99.00
-99.00
-99.00
-99.00
-99.00
-99.00
-99.00
-99.00
-99.00
-99.00
-99.00
-99.00
-99.00
-99.00
-99.00
-99.00
-99.00
-99.00
-99.00
-99.00
-99.00
-99.00
-99.00
-99.00
-99.00
-99.00
-99.00
-99.00
-99.00
-99.00
-99.00
-99.00
-99.00
-99.00
-99.00
-99.00
-99.00
-99.00
-99.00
-99.00
-99.00
-99.00
-99.00
-99.00
-99.00
-99.00
-99.00
-99.00
-99.00
-99.00
-99.00
-99.00
-99.00
-99.00
-99.00
-99.00
-99.00
-99.00
-99.00
-99.00
-99.00
-99.00
-99.00
-99.00
-99.00
-99.00
-99.00
-99.00
-99.00
-99.00
-99.00
-99.00
-99.00
-99.00
-99.00
-99.00
-99.00
-99.00
-99.00
-99.00
-99.00
-99.00
-99.00
-99.00
-99.00
-99.00
-99.00
-99.00
-99.00
-99.00
-99.00
-99.00
-99.00
-99.00
-99.00
-99.00
-99.00
-99.00
-99.00
-99.00
-99.00
-99.00
-99.00
-99.00
-99.00
-99.00
-99.00
-99.00
-99.00
-99.00
-99.00
-99.00
-99.00
-99.00
-99.00
-99.00
-99.00
-99.00
-99.00
-99.00
-99.00
-99.00
-99.00
-99.00
-99.00
-99.00
-99.00
-99.00
-99.00
-99.00
-99.00
-99.00
-99.00
-99.00
-99.00
-99.00
-99.00
-99.00
-99.00
-99.00
-99.00
-99.00
-99.00
-99.00
-99.00
-99.00
-99.00
-99.00
-99.00
-99.00
-99.00
-99.00
-99.00
-99.00
-99.00
-99.00
-99.00
-99.00
-99.00
-99.00
-99.00
-99.00
-99.00
-99.00
-99.00
-99.00
-99.00
-99.00
-99.00
-99.00
-99.00
-99.00
-99.00
-99.00
-99.00
-99.00
-99.00
-99.00
-99.00
-99.00
-99.00
-99.00
-99.00
-99.00
-99.00
-99.00
-99.00
-99.00
-99.00
-99.00
-99.00
-99.00
-99.00
-99.00
-99.00
-99.00
-99.00
-99.00
-99.00
-99.00
-99.00
-99.00
-99.00
-99.00
-99.00
-99.00
-99.00
-99.00
-99.00
-99.00
-99.00
-99.00
-99.00
-99.00
-99.00
-99.00
-99.00
-99.00
-99.00
-99.00
-99.00
-99.00
-99.00
-99.00
-99.00
-99.00
-99.00
-99.00
-99.00
-99.00
-99.00
-99.00
-99.00
-99.00
-99.00
-99.00
-99.00
-99.00
-99.00
-99.00
-99.00
-99.00
-99.00
-99.00
-99.00
-99.00
-99.00
-99.00
-99.00
-99.00
-99.00
-99.00
-99.00
-99.00
-99.00
-99.00
-99.00
-99.00
-99.00
-99.00
-99.00
-99.00
-99.00
-99.00
-99.00
-99.00
-99.00
-99.00
-99.00
-99.00
-99.00
-99.00
-99.00
-99.00
-99.00
-99.00
-99.00
-99.00
-99.00
-99.00
-99.00
-99.00
-99.00
-99.00
-99.00
-99.00
-99.00
-99.00
-99.00
-99.00
-99.00
-99.00
-99.00
-99.00
-99.00
-99.00
-99.00
-99.00
-99.00
-99.00
-99.00
-99.00
-99.00
-99.00
-99.00
-99.00
-99.00
-99.00
-99.00
-99.00
-99.00
-99.00
-99.00
-99.00
-99.00
-99.00
-99.00
-99.00
-99.00
-99.00
-99.00
-99.00
-99.00
-99.00
-99.00
-99.00
-99.00
-99.00
-99.00
-99.00
-99.00
-99.00
-99.00
-99.00
-99.00
-99.00
-99.00
-99.00
-99.00
-99.00
-99.00
-99.00
