20000101
0.00
0.10
0.10
0.10
0.10
0.10
0.10
0.00
1.40
0.00
0.00
0.10
0.10
0.00
0.50
0.00
0.00
0.10
0.00
0.00
0.00
0.00
0.00
0.00
0.00
0.00
0.00
0.00
0.10
0.00
0.00
0.00
0.40
0.10
0.00
0.00
0.00
0.00
0.00
0.00
0.00
0.00
0.00
0.00
0.00
0.00
0.00
0.00
0.00
0.00
0.00
0.00
0.00
0.00
0.00
0.00
0.00
0.00
0.00
0.00
0.00
0.00
0.00
0.00
0.00
0.00
0.00
0.00
0.00
0.00
0.00
0.00
0.00
0.00
0.00
0.00
0.00
0.00
0.00
3.10
0.00
0.00
6.30
0.60
0.00
0.00
15.56
13.22
2.20
2.00
5.90
0.10
0.50
0.00
0.00
0.00
0.00
0.00
0.00
0.00
5.00
11.89
0.00
0.00
2.00
0.10
0.00
3.40
0.00
0.00
0.00
0.00
0.00
0.80
0.00
0.00
0.00
1.10
9.39
0.00
0.00
0.00
0.00
0.00
0.00
3.10
0.10
0.00
0.00
0.10
36.99
0.00
0.00
0.00
0.00
0.00
0.00
16.80
0.25
0.25
0.00
12.20
5.20
3.30
0.10
4.00
0.90
7.10
0.00
0.00
0.00
0.00
0.00
0.00
0.00
0.10
30.99
0.10
0.00
0.00
0.00
24.39
1.40
0.00
0.80
8.44
0.15
0.00
0.00
0.00
0.00
0.00
0.00
0.00
0.50
0.10
0.00
0.00
0.00
2.30
15.50
0.10
0.00
0.00
0.00
0.00
0.00
0.00
0.00
0.00
0.00
6.50
0.00
0.00
0.00
0.00
0.00
1.77
1.23
1.90
0.00
0.00
0.00
0.00
9.00
0.00
1.40
0.00
0.00
0.00
0.10
0.00
0.00
0.30
0.00
5.70
0.00
0.10
0.00
0.00
0.00
0.00
0.00
1.40
0.20
5.00
1.10
0.00
0.00
0.00
0.00
0.00
0.00
0.00
0.00
0.00
0.00
0.00
0.00
0.00
0.00
0.00
15.24
1.25
0.00
6.42
3.67
0.20
0.00
0.00
0.00
0.00
0.00
0.00
0.00
0.40
13.10
0.00
0.00
0.00
0.00
16.69
16.19
0.50
0.00
0.00
0.00
0.00
0.00
0.00
0.40
21.09
8.10
11.00
14.29
0.00
0.00
0.00
2.00
0.00
0.00
0.00
0.00
0.60
5.80
0.40
12.30
0.10
12.39
0.00
0.00
0.00
0.00
0.00
7.80
1.20
7.39
0.00
0.00
1.00
0.00
0.10
0.00
0.00
4.50
0.20
0.40
0.00
0.10
0.88
15.91
0.00
0.10
0.10
0.10
0.00
0.10
4.10
0.20
0.00
0.00
0.10
0.00
0.00
0.00
0.00
1.30
23.38
0.00
0.00
0.20
0.10
0.10
0.50
3.30
0.00
0.10
0.00
0.00
0.00
2.20
11.59
0.20
0.00
0.10
0.10
0.00
0.00
0.00
0.00
0.10
0.00
0.20
0.00
0.06
6.74
22.02
22.15
30.28
0.00
0.20
0.10
0.00
0.00
0.00
0.00
0.00
0.00
0.00
0.80
0.10
2.00
3.70
0.00
0.00
0.00
2.10
0.10
0.30
14.41
15.29
6.30
0.10
0.00
0.10
0.00
0.00
0.00
0.00
0.00
0.00
0.00
0.00
8.20
0.10
0.00
0.00
0.00
0.00
0.00
0.00
0.00
0.00
0.00
0.00
0.00
0.10
0.00
0.00
0.50
20.79
1.70
0.00
0.00
0.00
0.00
0.00
0.00
0.00
0.00
0.80
0.00
0.00
0.00
0.00
0.00
13.59
1.60
0.20
1.30
0.00
7.00
9.40
0.00
0.70
0.00
11.99
0.00
0.00
0.00
0.20
0.70
0.00
0.00
0.00
0.00
0.00
0.00
0.00
0.00
9.40
0.00
2.90
1.10
0.00
0.00
0.00
0.00
0.00
0.00
0.00
0.00
1.40
0.10
0.00
0.00
0.00
0.00
0.00
0.00
0.00
0.73
2.27
2.27
15.73
1.30
0.00
0.40
0.00
0.00
0.00
0.00
2.40
0.00
0.00
12.49
4.40
0.60
7.90
9.50
1.70
0.00
1.70
0.30
0.23
3.18
2.10
12.20
0.10
0.00
0.00
0.00
0.80
3.40
0.00
0.00
8.00
40.70
14.49
14.00
0.00
0.00
0.00
0.00
0.00
0.00
23.40
0.00
0.00
0.00
0.00
0.00
0.00
0.00
0.00
0.00
3.10
0.00
0.10
1.30
0.00
0.10
0.00
0.00
0.00
0.00
0.00
0.00
0.00
0.00
0.00
0.00
0.00
0.00
0.00
0.00
0.00
0.00
0.00
34.60
0.30
0.00
0.90
0.00
2.60
4.10
0.00
0.00
0.00
0.00
27.93
21.35
5.50
0.00
0.00
15.89
0.00
0.00
0.00
0.00
0.00
0.00
0.00
0.00
0.20
0.00
0.00
0.00
0.00
0.00
0.00
2.20
0.10
0.00
0.00
0.00
0.00
0.30
0.00
0.00
3.70
0.50
0.00
0.90
0.00
4.10
0.00
0.00
0.00
0.00
0.00
0.00
0.00
0.00
0.00
0.00
0.00
14.09
0.10
0.00
0.00
40.57
1.52
0.00
0.00
0.00
0.00
0.00
0.00
0.00
0.00
0.00
0.00
0.00
0.00
1.10
0.00
0.00
0.80
0.50
16.29
0.60
0.00
2.30
0.00
0.00
2.60
0.80
0.00
0.00
0.00
0.00
0.00
0.00
0.00
0.00
0.00
0.30
2.90
0.00
0.00
0.00
0.00
0.00
0.00
0.00
14.69
4.63
20.26
0.10
0.00
0.00
0.00
0.00
0.00
0.00
0.00
0.00
0.10
0.00
0.00
0.00
0.00
0.00
0.00
0.00
0.00
0.00
0.00
0.00
9.50
0.60
0.00
0.00
36.72
11.44
16.09
0.00
4.10
0.00
0.10
0.10
0.10
0.10
0.00
0.00
0.00
0.00
0.10
0.00
0.00
0.00
0.00
0.00
0.00
0.10
0.00
0.00
0.00
0.00
0.10
0.00
0.00
0.00
7.60
6.69
0.10
0.00
0.00
0.00
0.30
0.00
0.00
0.00
0.00
0.00
0.00
0.00
0.10
0.00
1.50
0.45
0.15
6.00
2.50
0.00
0.00
0.00
0.10
0.00
0.00
0.30
0.10
0.10
0.00
0.00
0.00
0.00
0.00
0.00
0.10
0.10
0.00
0.50
0.00
0.00
0.10
0.00
0.00
0.00
0.00
0.00
0.00
0.10
0.00
0.00
3.38
0.42
0.00
0.00
0.00
0.00
0.00
0.00
0.00
2.30
0.00
5.53
1.57
0.00
0.10
0.00
0.10
0.00
0.00
0.00
0.00
0.00
0.00
0.00
0.50
4.10
0.00
0.14
14.96
0.00
0.00
0.00
0.00
0.00
0.00
0.00
1.70
1.40
0.00
0.00
0.00
0.00
0.00
0.00
0.00
0.00
0.00
0.00
0.00
0.00
1.90
0.10
3.20
0.10
0.00
0.00
0.50
26.67
0.10
0.00
0.30
32.28
0.00
11.40
11.63
9.08
0.68
24.22
9.22
0.35
0.00
0.00
0.80
8.60
0.00
0.00
0.00
0.00
0.00
0.00
0.00
0.00
0.00
0.40
0.00
19.29
30.69
0.80
3.90
5.90
1.40
21.69
27.69
17.19
7.89
27.98
0.00
0.00
0.00
0.00
0.00
0.08
4.42
0.00
0.00
0.00
0.00
14.29
0.00
0.00
10.20
3.30
0.00
0.00
0.00
0.00
0.00
0.00
0.00
11.40
37.88
2.70
0.00
19.89
0.00
0.00
0.00
0.40
0.10
0.00
0.00
0.00
0.00
0.00
0.00
0.00
0.00
0.00
0.00
0.00
0.00
0.00
0.00
0.00
5.20
0.20
0.10
0.00
0.00
0.00
0.00
3.40
0.00
2.60
0.10
0.00
0.00
24.39
15.80
0.00
0.00
0.00
0.00
0.00
0.00
0.00
0.00
0.00
0.00
0.00
0.00
0.00
0.00
0.00
0.00
14.99
26.39
5.30
0.00
0.00
0.10
48.09
0.10
0.00
1.30
11.90
10.80
0.00
0.00
0.00
0.00
3.40
3.70
0.10
0.00
0.00
8.50
0.00
42.18
0.00
33.27
1.52
0.50
3.50
0.00
0.00
0.00
0.60
0.00
0.80
37.39
23.52
3.07
0.00
0.00
3.20
1.50
0.00
0.00
42.88
4.90
0.00
0.00
0.00
9.20
2.70
0.00
0.06
9.04
2.50
0.00
0.00
0.00
0.00
0.00
0.00
0.00
0.00
0.00
0.60
0.00
0.00
0.00
0.00
0.00
0.00
34.24
10.93
0.00
0.00
0.00
0.00
0.00
0.00
0.00
0.00
0.00
0.00
16.80
0.20
0.00
0.00
0.00
0.00
0.00
0.00
0.00
0.00
0.60
0.00
0.00
0.10
0.00
0.00
0.50
0.00
0.00
0.00
0.00
0.00
0.00
0.30
18.49
0.00
0.00
0.00
0.00
0.00
13.79
4.40
0.20
2.20
24.18
0.10
0.00
0.10
0.10
0.20
1.00
0.00
0.00
0.00
0.00
0.10
0.00
0.10
0.00
0.60
34.27
1.70
0.10
0.20
0.30
0.00
0.00
0.00
0.20
0.10
0.00
0.00
0.00
0.00
0.00
0.00
0.10
1.30
0.10
0.00
2.90
0.00
0.10
0.00
0.00
0.10
0.00
12.60
0.10
4.60
1.70
0.00
0.00
0.00
0.00
0.00
0.10
0.00
0.10
0.10
5.10
0.65
1.85
0.10
0.10
0.00
0.00
0.00
0.00
0.00
0.00
0.00
0.00
0.00
0.00
0.00
0.80
0.00
0.00
0.00
0.00
0.00
0.00
0.00
0.00
1.60
1.68
17.60
0.10
0.00
3.60
12.73
56.45
0.67
0.30
0.22
1.28
8.84
29.53
0.10
0.00
0.00
0.00
0.30
0.10
0.00
0.50
0.00
0.00
0.00
0.00
0.00
0.00
0.00
0.00
0.70
0.00
0.00
0.00
0.00
0.00
0.00
0.00
0.00
0.00
0.00
0.00
0.00
27.98
0.00
0.40
0.00
12.69
3.70
0.20
0.00
0.00
0.00
0.00
0.00
11.50
1.80
0.00
0.00
0.00
0.00
0.00
0.10
0.00
0.00
0.80
0.10
0.00
0.00
0.00
0.00
0.00
0.20
0.00
0.00
0.00
2.00
0.00
0.00
0.00
0.00
0.00
2.70
7.60
2.30
0.00
1.15
21.74
0.10
0.00
0.00
0.00
18.69
11.59
0.00
22.44
0.05
0.00
0.00
0.00
5.10
16.39
0.00
0.00
0.00
0.00
0.00
0.00
0.00
7.50
0.00
0.00
0.70
0.50
0.00
0.00
0.00
0.00
0.00
0.00
0.00
0.00
10.00
8.60
4.40
0.00
0.00
0.00
0.00
0.00
0.00
0.00
0.00
0.00
7.30
9.80
0.00
0.00
0.00
26.59
3.00
0.70
0.10
14.49
0.10
0.60
2.70
0.10
0.00
0.00
0.00
0.00
0.00
0.00
0.00
0.00
0.00
1.30
0.00
0.00
9.70
0.20
0.00
0.00
0.00
0.00
0.00
7.10
0.00
0.00
0.00
0.00
0.00
0.00
0.00
0.40
0.00
0.70
0.00
0.00
0.00
0.20
0.00
0.00
7.30
9.49
0.20
0.00
12.20
3.50
0.00
0.90
13.19
0.00
3.40
0.00
0.00
0.00
0.00
20.41
36.00
20.47
0.00
0.40
35.70
33.50
10.20
0.40
0.00
0.00
0.00
0.00
0.00
0.00
0.00
0.00
0.00
0.00
0.00
0.00
1.10
6.40
0.00
0.10
0.00
0.00
20.20
27.10
0.10
11.54
38.16
0.00
0.00
13.60
0.00
0.00
0.00
0.00
0.00
0.00
0.00
0.00
12.90
0.10
6.40
0.90
24.00
1.40
11.10
0.20
0.00
2.24
0.06
0.00
0.00
20.10
1.95
9.95
0.70
1.10
9.70
0.00
0.00
0.00
0.00
0.10
0.00
0.10
0.00
4.10
0.00
0.00
0.00
0.00
0.00
0.48
11.32
0.00
0.00
0.00
0.00
0.40
0.10
12.80
10.20
0.00
0.00
0.70
0.00
0.10
0.00
18.90
0.40
33.80
40.80
5.00
0.00
0.27
0.13
0.00
0.00
0.00
0.00
0.00
0.00
0.00
0.00
0.00
0.00
1.20
0.00
0.00
0.00
0.00
0.00
0.00
0.00
0.10
2.50
0.00
0.10
0.10
0.00
0.00
0.00
0.00
0.00
0.00
0.00
0.10
0.00
0.00
0.00
0.00
0.00
1.10
0.10
0.00
0.90
0.10
0.00
0.00
0.00
0.00
0.00
0.60
0.00
0.00
0.70
0.00
0.00
0.00
0.00
0.00
0.00
0.10
0.10
0.00
0.10
0.00
0.00
0.00
0.00
0.00
0.00
0.00
0.00
0.00
14.46
7.34
2.20
0.74
15.81
3.06
0.59
0.70
0.04
1.96
13.00
0.00
0.10
0.00
0.00
0.00
0.00
0.00
0.00
0.40
0.00
0.00
0.00
0.00
0.00
0.00
3.30
0.10
0.00
0.00
0.00
0.00
0.00
0.00
0.00
0.10
0.00
0.00
1.90
0.10
8.84
0.06
30.00
40.00
8.20
0.10
16.60
0.10
0.00
0.00
0.00
12.72
12.58
0.00
7.10
0.00
0.00
0.00
15.50
0.00
17.90
0.10
12.00
0.00
0.00
0.00
24.90
0.00
0.00
0.00
0.00
0.40
5.81
27.19
0.70
0.50
0.60
3.93
0.07
4.50
0.20
3.50
0.10
0.20
12.70
5.47
0.33
0.00
0.00
5.00
0.00
0.00
2.40
0.10
0.00
1.50
21.30
5.90
0.00
0.00
0.00
3.50
0.20
2.50
2.20
0.00
0.70
0.00
0.00
0.00
0.00
0.00
0.00
0.00
0.00
0.00
5.70
10.50
0.00
0.40
9.30
0.10
0.00
0.00
30.70
0.00
0.60
0.70
0.00
12.10
0.00
0.00
0.00
0.00
0.00
0.00
0.00
0.60
0.00
0.00
0.10
6.93
0.77
0.00
0.00
20.23
4.67
0.00
0.10
0.00
0.00
15.70
1.60
0.00
0.00
0.00
0.00
0.00
0.00
3.70
0.00
0.00
0.00
0.00
1.60
0.00
0.00
0.60
0.00
0.00
31.90
0.00
0.10
0.00
0.00
0.00
1.30
0.00
0.00
0.00
0.00
0.00
0.00
0.60
0.00
0.00
0.00
0.00
0.00
1.90
2.60
0.00
0.00
0.00
0.00
17.80
38.40
13.30
0.00
0.70
0.80
0.00
0.00
0.00
0.00
0.00
0.00
0.00
2.50
0.70
0.00
2.10
47.10
0.10
0.00
0.00
0.00
0.40
0.00
0.00
0.00
0.00
0.00
0.00
0.00
0.00
0.00
0.20
0.00
0.00
0.00
0.00
0.00
1.10
0.00
0.00
0.00
0.00
0.00
0.10
0.00
0.00
0.00
0.00
0.00
0.45
0.15
0.10
0.00
0.00
0.00
0.00
6.75
2.85
4.20
0.50
0.30
0.40
4.30
1.20
0.00
0.00
0.00
0.00
0.10
0.00
0.00
0.00
0.10
0.00
0.00
0.00
0.00
0.00
0.00
0.00
0.00
0.10
0.00
0.00
0.00
0.00
0.10
0.00
0.00
0.10
0.00
4.60
0.00
10.49
0.01
0.10
1.70
0.00
0.10
20.30
17.60
14.00
0.00
0.10
0.00
0.00
0.00
0.00
0.00
0.00
0.00
0.00
0.00
0.00
0.10
0.00
0.10
0.70
0.00
0.00
0.00
0.00
0.00
0.00
0.00
0.10
0.10
0.10
0.20
0.10
0.00
0.10
0.10
0.00
0.10
0.00
0.00
0.00
0.00
0.00
0.10
0.20
1.40
0.00
0.00
0.00
0.00
0.10
0.00
0.00
0.00
0.00
0.00
0.00
0.00
0.00
0.00
0.10
0.00
0.00
0.40
5.95
3.78
0.82
0.00
0.10
0.00
0.30
1.00
0.00
0.00
0.00
0.00
0.00
0.00
0.00
0.00
0.00
1.30
3.20
0.00
0.90
0.00
0.00
0.00
0.90
1.50
0.00
0.00
0.00
0.00
0.00
0.00
2.50
0.00
0.00
0.00
0.00
0.00
0.00
0.00
0.00
0.00
0.10
0.40
4.70
0.00
0.00
0.00
8.70
0.00
4.40
1.20
0.00
0.00
1.90
2.70
0.00
0.00
0.00
0.00
4.50
0.00
0.00
0.00
0.00
0.00
0.00
3.00
0.00
0.00
0.70
0.00
0.60
0.00
0.00
0.00
0.30
0.00
0.00
0.00
0.00
0.00
0.00
0.00
0.00
0.00
15.30
0.10
0.00
0.00
0.00
0.90
1.50
4.10
0.80
10.60
0.30
0.08
3.60
21.42
0.00
0.00
0.00
0.00
6.60
0.00
0.00
0.00
0.00
0.00
0.00
0.00
0.00
0.00
0.00
0.00
0.00
0.00
0.00
0.00
0.00
0.00
0.00
0.00
21.10
0.10
0.90
8.40
0.00
0.00
0.00
0.00
0.00
3.60
7.30
7.30
23.70
0.30
0.00
0.00
0.00
0.60
0.00
0.00
0.00
0.00
0.00
16.80
0.10
0.00
1.30
12.40
32.40
0.00
0.00
3.00
0.10
0.00
0.00
0.00
0.00
0.00
0.00
0.00
17.20
33.60
0.00
0.00
23.70
0.10
0.00
0.00
0.00
1.20
1.30
15.30
27.50
0.00
0.00
0.00
0.00
0.00
0.00
2.52
1.08
3.10
0.00
0.20
0.00
0.00
0.00
3.60
11.30
8.30
13.00
0.00
0.00
0.00
0.00
0.00
0.00
10.90
0.10
0.00
0.00
0.00
0.00
0.00
0.00
0.00
15.00
21.80
7.60
18.80
0.00
0.00
0.00
0.00
6.30
0.10
0.00
4.90
1.50
0.00
0.00
0.00
0.00
0.00
0.00
3.20
22.30
0.30
0.00
0.00
0.00
0.00
20.52
0.38
0.00
0.00
0.00
0.20
0.00
0.00
0.00
0.00
3.00
15.20
27.60
15.80
8.20
0.00
0.00
29.50
0.00
0.00
0.00
0.00
0.30
0.00
0.00
0.00
0.00
0.00
0.00
0.00
1.30
0.00
0.00
0.00
0.20
4.10
0.00
0.10
0.00
5.30
4.00
0.00
3.70
7.00
26.40
11.00
0.00
0.00
0.00
0.00
0.00
0.00
0.10
0.00
0.10
0.10
0.00
0.10
0.10
0.00
0.10
0.00
20.40
0.90
0.20
0.00
0.30
0.00
0.00
0.30
0.00
0.00
0.00
0.00
0.10
0.10
0.10
0.10
0.00
0.00
0.10
0.00
0.10
0.00
0.00
0.10
0.00
0.10
0.00
0.00
0.00
0.00
0.00
0.10
0.00
0.00
0.00
0.18
16.02
7.30
0.00
0.00
0.00
0.10
0.00
0.10
0.60
0.00
0.00
0.00
0.20
0.00
0.00
0.00
0.10
0.10
0.00
0.30
6.10
6.20
58.80
25.10
1.30
0.10
0.20
0.10
0.00
0.00
0.10
0.10
0.10
0.00
0.00
0.00
0.00
0.00
0.00
0.10
0.00
0.00
0.10
5.00
0.00
1.30
0.10
0.00
0.90
0.00
3.10
0.00
0.00
0.00
0.00
0.00
0.00
2.10
0.00
0.40
0.00
1.00
0.10
4.30
0.00
0.00
0.00
0.00
0.00
0.00
9.70
2.60
1.30
50.50
0.90
0.00
0.00
0.00
0.00
0.00
0.00
0.00
0.00
0.00
0.00
0.00
0.00
0.00
18.60
31.60
4.20
0.00
0.00
0.00
0.00
0.00
0.00
0.00
0.50
0.40
3.30
0.00
0.00
5.20
0.00
0.00
0.00
0.00
0.00
0.00
0.00
0.00
0.00
0.00
0.00
0.00
0.00
0.00
0.00
0.00
0.92
0.48
0.00
0.00
0.00
0.00
10.70
0.00
0.00
0.00
0.00
0.00
0.00
0.00
0.00
0.00
7.62
0.18
0.00
0.00
0.00
0.00
0.30
14.75
13.65
0.00
0.00
0.00
0.00
0.00
0.00
0.00
0.00
0.00
0.00
0.00
0.00
0.00
0.00
0.30
0.80
0.00
0.00
0.00
0.00
0.00
7.00
0.00
0.00
0.40
0.00
0.00
4.90
0.00
9.60
15.30
0.00
0.00
0.00
28.40
4.90
0.00
33.50
0.10
0.00
0.00
0.00
3.20
5.70
3.20
0.00
2.80
0.10
0.00
0.00
0.00
0.00
0.00
12.80
2.10
0.00
0.00
0.10
0.00
0.00
0.00
0.20
0.00
4.80
0.10
0.00
0.00
0.00
0.00
0.00
0.00
0.00
10.20
0.00
0.00
0.00
0.00
0.00
0.00
0.00
0.00
0.00
0.00
0.00
0.00
0.00
0.00
0.00
0.00
0.00
0.00
0.00
0.00
0.00
0.00
0.00
0.00
0.20
0.00
0.00
0.00
0.00
0.00
0.00
0.00
0.00
0.00
0.00
0.00
0.00
0.00
0.00
0.00
0.00
0.00
0.00
0.00
0.00
0.00
0.00
0.00
0.00
0.00
0.00
0.00
4.50
0.00
0.00
0.00
0.00
0.00
0.00
15.30
5.00
0.00
0.20
0.10
0.00
0.00
10.80
0.10
0.00
0.00
0.00
0.20
0.00
0.00
0.10
0.00
0.00
0.00
0.10
0.00
0.00
0.00
0.00
0.00
0.00
0.00
0.00
0.00
0.00
0.00
0.00
0.00
0.00
0.10
0.00
8.70
3.90
0.00
0.00
0.00
0.00
0.00
0.00
0.00
0.00
0.00
0.00
0.10
0.00
0.00
0.00
0.00
0.00
0.00
0.00
6.60
0.10
1.50
0.10
0.00
0.10
1.56
0.04
0.00
6.90
0.70
0.00
0.00
0.10
0.00
0.10
0.10
0.00
0.00
0.00
0.00
0.00
0.00
0.10
0.00
0.00
0.10
0.20
0.10
0.00
0.00
0.00
0.10
0.10
0.10
0.00
0.00
0.10
0.00
0.10
0.00
0.00
0.00
0.00
0.00
0.00
0.00
7.70
0.70
0.00
0.00
0.00
0.00
0.00
0.00
0.00
1.70
0.00
0.00
0.00
0.00
1.70
0.90
0.00
4.90
0.00
0.00
0.00
0.40
0.00
0.00
0.00
0.00
12.20
1.60
0.00
0.00
0.00
0.00
3.42
0.08
3.10
0.20
0.00
0.00
0.00
0.00
0.00
0.00
0.10
0.00
0.40
0.00
0.00
0.00
0.00
0.00
0.00
0.00
0.00
0.50
0.00
0.00
0.00
0.00
0.00
0.00
0.00
0.00
0.00
2.60
0.30
0.90
0.10
1.20
14.60
2.10
29.90
15.50
3.00
2.00
0.00
0.00
0.00
0.00
4.20
0.30
10.50
12.64
17.64
3.82
0.00
0.90
16.90
4.50
11.40
0.10
0.00
0.00
0.00
0.00
0.00
0.20
1.10
0.00
0.50
33.00
4.70
0.10
0.00
0.00
0.00
0.00
0.00
0.00
0.00
0.00
0.00
0.00
10.60
0.20
0.00
0.00
0.00
2.10
0.00
1.90
0.00
0.00
0.00
0.00
17.20
5.20
0.00
0.00
0.00
1.60
0.00
0.00
0.00
50.70
0.20
4.20
0.10
0.30
10.60
0.00
0.00
0.90
0.00
0.00
2.10
0.00
0.00
2.90
0.00
0.00
0.00
0.00
0.00
0.00
0.00
0.10
0.00
0.00
0.50
0.00
1.20
0.00
0.00
0.10
0.00
0.00
0.00
0.00
0.00
0.20
1.40
0.00
0.00
0.00
0.00
0.00
0.00
0.00
0.00
0.00
0.04
0.26
0.00
0.00
0.00
0.00
0.00
0.00
0.00
0.00
0.00
0.00
0.20
0.00
0.00
0.00
18.10
1.30
0.20
0.00
0.00
0.00
11.20
0.00
0.00
0.00
1.40
0.00
0.00
29.20
0.00
18.80
1.20
0.10
0.70
1.20
0.00
0.00
0.00
1.00
0.00
0.10
0.00
0.00
15.70
0.00
0.00
0.00
0.00
0.00
0.00
0.00
0.00
0.00
0.10
0.50
0.00
0.00
11.60
0.10
0.00
0.00
0.00
0.00
6.70
5.80
0.00
0.00
0.00
0.00
0.10
0.00
0.00
0.00
2.40
14.60
22.30
0.00
9.20
5.90
0.00
20.80
0.90
0.00
0.00
0.00
0.00
0.20
0.50
0.10
0.00
0.00
0.00
0.00
0.00
0.00
0.70
0.00
0.00
0.00
0.00
0.00
0.00
0.00
0.00
0.00
0.00
0.00
0.00
0.10
0.10
0.00
0.10
0.10
0.10
0.00
0.00
0.00
0.00
0.00
0.00
0.00
15.50
3.10
0.00
0.40
0.00
0.30
0.10
0.10
0.10
0.10
0.30
0.10
0.00
0.00
0.00
0.10
0.20
0.00
0.20
0.10
0.00
0.00
0.00
0.00
0.00
1.80
0.40
0.10
0.00
0.00
1.00
0.60
0.80
0.00
0.00
0.10
0.10
0.10
0.10
0.00
0.00
0.00
0.00
0.80
25.60
0.00
0.00
0.00
0.10
0.00
1.10
0.00
6.80
0.90
0.10
0.10
0.00
1.60
0.10
0.00
0.00
0.00
0.10
0.00
0.00
0.20
0.00
0.00
0.10
0.10
0.00
0.00
0.00
1.20
0.00
4.50
13.00
0.30
0.20
0.10
0.10
0.00
0.00
0.00
0.00
0.00
0.00
0.00
0.00
0.00
0.20
3.90
0.70
2.20
0.00
0.00
0.00
0.90
0.00
0.00
0.00
0.00
0.00
0.00
0.00
0.00
0.00
0.00
0.00
0.00
0.80
0.00
0.00
0.00
0.00
0.00
0.00
0.00
0.00
4.10
6.50
0.10
0.00
7.90
0.00
1.30
0.00
2.30
0.10
0.00
0.00
27.10
5.10
0.00
0.00
0.00
0.00
0.00
0.00
0.00
1.50
1.80
16.48
11.62
0.20
0.80
2.40
0.00
0.00
5.00
19.10
0.10
23.00
6.30
1.00
1.40
0.00
0.00
0.00
0.00
5.60
0.00
0.60
0.00
0.00
0.00
0.00
0.00
0.30
0.00
0.00
21.50
31.40
6.10
0.00
3.00
2.40
0.30
4.00
26.30
2.70
0.40
0.00
0.70
16.60
0.66
8.24
50.03
0.47
13.62
0.08
0.00
1.10
0.60
21.80
16.42
2.48
2.60
25.00
0.20
10.70
0.00
0.20
5.40
0.30
0.00
12.80
0.60
1.70
13.10
6.60
0.00
0.30
0.00
0.00
0.00
0.00
0.00
0.00
2.10
9.50
0.00
0.00
2.50
5.80
0.10
0.00
0.00
1.70
26.20
1.00
0.00
0.00
0.00
15.70
16.10
4.60
0.00
0.00
0.00
0.00
0.00
0.00
4.00
0.00
0.00
0.00
0.00
7.90
0.10
18.10
0.10
0.00
0.00
0.00
0.00
0.00
0.00
0.00
0.20
0.00
0.00
0.00
0.00
0.00
13.40
0.10
0.00
2.40
2.40
0.00
0.30
0.00
0.00
0.00
0.00
100.10
0.10
0.00
5.30
0.90
0.10
0.00
0.00
0.00
0.10
0.00
0.00
0.30
0.00
0.00
1.00
0.00
0.00
0.00
0.00
36.60
2.50
0.10
0.00
0.00
0.10
0.00
4.20
16.20
1.00
0.00
0.00
2.30
1.40
0.00
1.90
0.20
0.00
0.00
0.00
0.00
0.00
0.00
0.00
0.00
0.00
0.19
10.31
0.00
0.00
0.00
0.49
0.01
0.00
0.00
9.00
7.10
5.60
0.00
0.00
6.40
0.00
5.10
0.00
0.00
0.00
0.00
13.20
13.00
0.00
28.80
23.90
63.20
0.00
0.00
0.10
0.00
0.00
0.00
0.00
0.00
0.00
10.30
0.00
0.10
0.10
0.10
0.20
0.00
0.00
0.00
0.00
0.00
0.00
0.70
0.10
0.00
0.00
0.20
6.80
0.10
0.00
0.00
0.00
0.00
0.00
0.10
0.00
0.00
0.40
0.00
0.00
0.00
3.07
6.23
0.30
0.00
0.00
0.10
0.00
0.30
0.20
0.00
0.00
0.00
0.10
44.90
29.50
4.60
5.72
0.75
0.00
0.00
0.00
0.00
0.00
0.00
2.10
7.60
6.10
0.80
3.50
0.10
0.10
0.10
0.00
0.10
0.10
0.00
0.10
3.20
1.50
0.20
0.79
1.91
3.00
2.90
0.40
0.00
0.10
0.00
0.00
11.00
15.30
8.75
9.35
0.10
1.20
0.00
0.00
0.00
0.00
0.00
0.20
0.00
0.10
0.10
0.00
0.00
0.00
0.00
0.00
0.20
0.00
0.00
0.00
0.00
0.00
0.00
0.00
0.00
3.20
5.30
1.90
3.40
0.10
0.00
0.00
0.00
0.00
0.00
0.00
0.00
0.00
0.00
0.00
0.00
0.00
0.00
0.00
0.00
0.00
0.00
0.00
0.00
0.00
0.00
0.00
27.20
7.90
0.70
13.60
1.50
3.70
0.00
0.10
9.15
0.05
20.80
3.70
0.00
1.65
9.65
6.00
0.00
0.00
10.50
2.70
15.00
0.00
0.30
0.00
0.00
0.00
0.00
0.00
0.00
6.80
0.00
8.60
0.00
14.07
0.33
0.10
0.00
0.00
0.00
0.00
2.00
0.00
0.00
0.10
0.01
0.09
0.40
11.60
0.00
0.00
0.00
0.00
0.00
0.00
0.00
0.00
0.00
0.00
0.00
3.40
0.10
0.00
0.00
0.00
10.60
0.00
0.00
0.00
0.00
8.90
0.40
0.10
5.00
0.10
0.00
0.00
0.00
0.00
0.00
0.00
0.60
0.00
0.00
45.90
0.00
0.00
0.00
0.00
12.40
27.90
10.98
0.02
0.20
0.60
2.90
21.70
0.10
0.00
3.50
3.60
14.50
4.82
7.67
2.50
0.20
0.00
0.00
0.00
9.60
0.00
0.20
0.00
0.00
0.00
0.00
2.10
0.50
0.00
0.00
0.00
0.00
0.00
0.00
0.00
0.00
0.00
0.07
2.52
0.10
0.00
0.00
0.00
43.30
2.40
22.00
0.00
0.00
0.00
0.00
0.00
1.10
0.00
0.00
0.00
0.00
0.00
0.00
0.70
0.00
0.00
1.30
1.00
0.00
0.30
0.00
0.00
0.00
2.20
0.00
0.20
0.00
0.00
0.00
0.00
0.00
0.00
0.00
0.00
17.60
4.30
8.15
1.35
0.10
4.50
0.30
1.70
4.40
1.50
0.00
0.00
0.00
0.00
9.90
0.00
0.00
0.00
0.00
0.00
0.00
0.00
0.00
0.00
0.00
0.00
0.80
0.00
0.70
0.00
0.00
0.00
0.00
0.00
0.00
0.00
0.00
0.00
28.50
28.20
3.90
0.10
0.00
0.00
0.00
0.00
0.00
0.00
0.00
0.00
0.00
1.60
0.00
5.80
1.30
0.00
3.80
0.00
0.20
0.00
0.10
0.10
0.00
0.00
0.00
0.00
0.00
0.00
0.00
0.00
0.00
0.50
0.00
0.00
0.10
0.20
0.00
0.00
4.00
0.00
0.10
0.00
0.00
0.00
0.00
0.00
0.00
0.00
0.00
0.00
0.10
0.10
0.00
0.00
0.00
0.10
0.00
0.00
0.00
0.00
14.40
6.50
16.70
21.80
0.70
3.30
0.10
0.00
3.40
1.10
0.20
0.00
0.10
0.00
0.06
10.74
0.00
3.10
0.10
0.00
0.00
0.00
0.60
0.00
12.10
0.00
0.10
0.00
0.00
0.10
6.90
0.10
0.00
0.00
0.40
0.60
0.00
0.00
0.00
0.00
0.00
0.00
2.40
0.10
0.00
4.70
0.60
0.00
0.00
10.00
9.50
0.00
0.00
0.00
0.00
0.00
0.00
6.40
2.80
2.90
11.60
0.00
0.70
0.40
0.00
0.00
0.00
0.00
1.10
0.00
0.00
1.70
21.40
0.10
1.20
0.00
0.92
0.17
14.40
0.10
0.00
0.00
0.00
0.00
0.10
0.00
0.00
0.00
0.00
0.00
15.00
8.90
0.00
0.00
2.20
1.10
0.00
0.00
0.00
2.40
0.00
3.40
0.00
0.27
5.73
0.00
0.00
1.00
0.00
0.00
0.00
0.30
18.90
1.90
0.40
0.50
0.30
0.00
0.00
4.40
0.10
0.10
0.00
0.00
0.30
0.40
26.00
0.10
0.00
0.00
0.00
27.40
18.10
0.00
0.00
0.20
0.00
0.00
0.00
0.00
0.00
0.00
0.00
12.00
4.60
0.00
0.00
0.00
0.00
0.00
0.00
0.00
0.70
0.00
0.00
0.00
0.00
0.00
10.50
0.10
0.00
0.00
0.00
0.00
0.00
0.00
0.00
3.40
0.00
0.00
23.70
17.00
5.70
0.00
28.00
19.20
0.90
0.10
9.40
20.20
0.00
0.00
0.00
0.00
0.00
0.00
0.00
0.00
6.60
0.00
0.20
1.20
0.00
0.00
0.00
14.60
0.00
0.00
0.00
0.00
0.00
0.00
14.30
0.00
0.00
0.00
0.00
0.00
0.00
0.00
1.30
0.00
0.00
14.20
22.70
0.00
0.00
0.00
0.00
5.00
3.70
0.00
0.10
0.00
8.50
0.10
6.30
0.00
0.00
0.00
0.00
11.80
0.20
0.00
7.70
13.60
14.90
0.80
0.00
0.00
0.00
5.20
0.10
0.00
0.00
0.00
0.00
0.00
0.00
0.00
0.00
0.00
0.00
0.00
0.00
11.70
0.00
0.00
0.00
0.10
16.80
0.00
0.00
0.00
0.00
18.60
0.30
0.00
0.40
36.70
24.10
1.40
0.00
0.90
2.10
0.00
0.00
0.20
0.00
0.00
0.00
0.00
0.00
0.00
0.00
0.00
0.23
3.57
0.00
0.00
0.00
0.00
0.23
59.32
30.56
5.80
0.00
0.00
0.00
0.00
0.00
0.00
0.00
0.00
0.00
0.00
0.00
0.00
0.00
0.00
0.00
0.00
0.00
2.00
4.00
0.00
0.00
0.00
0.00
0.00
0.00
0.00
0.00
0.00
0.00
0.00
0.00
0.00
0.00
1.90
0.10
0.70
0.10
0.00
5.00
0.00
0.00
0.10
0.00
0.10
0.10
0.00
0.00
0.00
14.50
0.00
0.00
0.10
0.10
0.10
0.00
0.00
2.40
0.10
0.00
0.10
0.00
0.00
0.00
0.00
0.00
0.00
0.00
0.10
0.10
9.00
16.60
6.00
0.00
0.30
0.00
0.00
0.00
0.00
0.00
0.00
0.00
0.00
0.00
0.00
0.00
0.00
0.00
0.10
0.00
0.00
0.00
0.00
0.00
0.20
0.10
0.10
0.10
0.10
0.00
0.00
0.00
0.00
0.00
0.00
0.00
0.00
0.60
10.40
10.20
5.20
6.00
0.10
0.10
0.00
0.00
0.10
0.00
0.00
0.10
0.10
0.10
0.00
0.00
0.10
1.80
0.00
0.00
0.20
0.00
0.10
0.00
0.50
0.00
0.10
0.00
0.00
0.00
0.00
0.00
0.00
0.00
2.10
0.00
0.10
0.00
0.10
0.10
0.00
0.00
0.00
32.30
1.60
16.80
48.10
2.90
0.10
0.00
0.00
0.00
1.30
0.60
0.00
0.00
0.00
0.20
0.70
0.00
24.10
0.20
0.00
0.00
0.00
0.10
0.00
0.00
0.00
0.00
0.00
0.00
0.00
0.00
0.00
0.00
0.00
0.30
0.00
0.00
0.00
0.00
0.00
0.00
0.30
26.30
0.80
1.70
0.20
4.50
45.80
3.10
0.00
0.00
0.00
6.70
0.00
2.60
0.00
1.90
1.30
0.00
0.00
0.90
10.30
0.10
43.20
0.50
0.00
0.00
0.00
0.00
0.00
0.00
0.00
0.00
0.10
0.00
0.00
1.30
0.00
0.00
6.80
3.50
0.00
0.10
3.40
28.70
8.90
7.20
3.50
29.20
0.80
37.70
1.80
0.40
33.00
0.00
0.00
3.40
0.00
0.00
0.00
0.00
1.40
0.00
0.00
0.00
0.00
0.00
0.00
0.00
0.00
0.00
0.00
0.00
0.70
14.80
0.10
14.90
0.00
0.00
0.00
0.00
0.00
4.30
7.30
13.10
0.10
0.00
0.00
0.00
5.10
0.00
0.00
0.00
0.00
0.00
1.20
45.60
31.50
0.00
0.00
7.60
0.00
0.00
0.00
59.10
4.30
0.10
0.00
0.30
0.00
0.00
0.00
0.00
0.00
0.00
45.70
0.10
0.00
0.00
0.00
0.00
0.00
0.00
0.00
0.00
31.90
0.00
0.00
0.00
0.00
14.60
0.10
12.90
0.10
0.00
0.20
15.70
0.70
0.00
0.00
0.00
0.00
0.00
0.00
0.00
0.00
0.00
0.00
1.80
0.00
13.70
0.20
0.00
0.00
0.00
0.00
7.00
0.00
0.00
0.00
0.00
0.00
0.00
0.00
0.00
0.00
0.00
0.00
0.00
0.00
0.00
0.00
0.00
0.00
0.00
0.00
0.00
0.00
0.00
0.00
0.00
4.30
0.00
0.00
0.00
5.40
10.30
0.10
0.00
30.60
5.20
0.00
0.00
0.00
0.10
2.80
57.90
40.50
2.70
1.00
0.00
0.00
0.00
0.00
0.00
0.00
0.00
5.40
24.20
3.70
0.20
0.00
1.30
4.20
17.60
16.10
0.00
0.10
0.00
0.10
0.20
0.10
0.00
0.20
0.10
0.00
0.30
0.50
0.00
0.00
0.00
0.10
0.00
0.00
0.10
0.00
0.00
0.00
0.00
0.10
0.10
0.10
0.00
0.00
0.00
0.10
0.00
0.00
0.00
0.10
0.00
0.10
0.10
0.00
0.00
0.00
0.00
0.00
0.10
0.10
0.00
0.00
0.00
0.10
0.30
0.10
0.10
0.10
0.00
0.00
1.00
0.40
0.00
0.10
0.00
0.00
0.10
0.10
0.10
0.10
0.00
0.60
0.20
0.10
0.00
0.00
0.00
0.00
0.10
0.00
0.10
0.10
0.00
0.00
0.00
0.00
0.00
0.00
0.00
0.00
0.00
0.00
0.00
0.00
0.00
0.00
0.00
0.00
0.00
0.00
0.00
0.00
0.00
0.00
0.00
0.00
0.00
0.10
0.00
0.00
0.00
0.00
0.00
0.00
0.00
0.00
0.00
0.00
0.00
0.00
0.00
0.00
0.00
0.00
1.50
17.30
33.10
0.10
0.00
0.00
0.00
0.00
0.00
0.00
0.00
0.00
0.00
0.00
6.10
14.90
2.70
5.80
0.60
0.00
0.00
1.50
0.00
4.90
0.90
3.50
0.00
0.00
0.00
1.40
2.80
0.00
0.70
0.00
0.00
0.70
0.00
0.00
0.00
13.70
0.90
18.80
0.00
0.70
0.00
0.00
0.00
7.40
0.00
0.00
0.10
0.00
0.00
0.00
3.30
11.10
0.00
0.00
0.00
0.10
0.00
26.10
0.00
0.00
0.00
0.00
0.00
0.00
10.30
7.20
0.50
10.50
0.10
0.00
0.00
15.30
0.00
0.00
0.00
0.00
0.00
0.00
0.20
2.30
6.40
0.00
0.00
0.00
0.00
0.00
0.00
0.00
0.60
0.00
0.00
0.00
0.00
0.00
0.00
0.00
0.00
0.00
0.00
2.20
0.00
0.00
0.00
13.20
0.10
0.00
0.00
0.00
0.00
0.00
0.00
0.00
0.00
0.00
0.00
0.00
0.00
0.00
0.00
0.00
0.00
0.00
0.00
0.00
0.00
0.00
0.00
0.00
0.00
0.00
0.00
0.00
0.00
0.00
3.80
37.20
0.00
0.00
0.00
0.00
1.30
0.00
0.00
0.00
0.00
0.00
0.00
0.00
0.00
1.20
0.00
0.00
0.00
0.00
0.00
0.00
0.00
4.30
1.80
23.80
0.10
0.00
0.00
0.00
0.00
0.00
0.00
0.00
5.20
2.80
0.10
0.00
7.20
0.00
0.00
0.00
0.00
0.00
1.80
0.00
0.00
0.00
0.00
0.00
0.00
0.00
0.30
0.00
0.90
1.10
1.10
0.70
0.50
0.40
0.40
0.50
0.40
0.30
0.30
0.30
0.40
0.20
0.20
0.30
0.20
0.20
0.10
0.20
0.20
0.20
0.20
0.20
0.20
0.20
0.30
0.20
0.20
0.20
0.00
39.30
5.00
8.60
0.00
0.00
0.00
0.80
0.00
0.80
0.10
0.00
2.20
2.60
1.10
0.20
0.00
0.00
0.00
0.00
5.90
0.10
0.00
0.00
0.00
0.00
0.00
0.00
0.00
2.60
4.60
0.00
0.00
0.00
0.00
0.00
0.00
0.00
0.00
0.10
0.00
0.00
0.00
0.00
0.00
0.00
0.00
0.00
0.00
0.00
0.00
0.00
0.00
0.00
0.00
0.00
0.00
0.10
0.00
0.00
0.00
0.00
0.00
0.10
0.00
3.10
0.00
0.10
0.00
0.10
0.00
0.00
0.00
0.00
0.00
0.30
0.00
0.10
0.00
0.60
0.00
0.00
0.70
16.50
5.90
0.10
0.10
0.00
0.00
0.00
0.00
0.50
0.50
0.00
0.00
0.00
0.00
2.20
0.00
0.00
0.00
0.00
0.00
0.00
0.00
0.10
0.70
0.00
0.00
0.00
0.00
0.00
0.00
0.10
0.00
0.00
0.00
3.70
1.30
0.00
0.00
0.00
0.00
9.20
4.70
0.00
0.00
0.90
19.40
6.60
0.50
0.80
0.20
0.00
0.00
3.40
1.00
0.00
0.00
1.50
2.70
2.60
0.00
2.30
0.00
0.00
1.20
0.00
0.20
10.40
13.20
1.40
0.80
0.00
0.00
22.10
2.50
0.00
4.20
12.30
4.50
0.10
1.60
0.00
0.00
0.00
0.00
0.00
0.00
0.00
0.00
0.00
0.00
2.80
0.10
0.10
0.00
0.00
0.00
6.70
1.40
11.90
8.60
6.00
3.00
1.80
1.40
1.20
1.10
0.90
0.80
0.80
0.70
0.60
0.50
0.60
0.50
0.20
0.90
0.60
-99.00
-99.00
-99.00
-99.00
-99.00
-99.00
-99.00
-99.00
-99.00
-99.00
-99.00
-99.00
-99.00
-99.00
-99.00
-99.00
-99.00
-99.00
-99.00
-99.00
-99.00
-99.00
-99.00
-99.00
-99.00
-99.00
-99.00
-99.00
-99.00
-99.00
-99.00
-99.00
-99.00
-99.00
-99.00
-99.00
-99.00
-99.00
-99.00
-99.00
-99.00
-99.00
-99.00
-99.00
-99.00
-99.00
-99.00
-99.00
-99.00
-99.00
-99.00
-99.00
-99.00
-99.00
0.00
0.50
0.50
0.10
0.20
0.10
0.00
0.10
0.10
0.50
0.10
0.10
0.10
7.00
1.10
0.70
1.20
1.30
1.20
0.90
0.80
0.60
0.60
0.60
0.40
0.30
0.30
0.20
0.10
0.10
0.00
0.00
0.00
0.00
0.00
2.00
0.80
0.00
0.10
0.10
0.20
0.10
0.10
0.20
0.30
0.10
0.20
0.30
0.30
0.30
0.60
0.70
0.60
0.60
0.40
0.40
0.20
0.30
0.20
0.10
0.10
0.30
0.20
0.20
0.20
0.20
0.20
0.20
0.30
0.20
0.20
0.20
0.10
0.10
0.00
0.00
0.00
0.00
0.00
0.00
0.00
0.00
1.70
0.60
0.00
0.00
0.10
0.30
1.90
1.20
0.30
0.60
0.20
0.20
0.00
0.10
0.10
0.10
0.10
0.10
0.00
0.00
0.00
0.00
0.00
0.00
0.60
0.00
0.00
0.00
0.00
0.00
0.00
0.00
0.00
0.00
0.00
0.00
0.20
0.00
0.00
0.00
0.00
0.00
0.00
0.00
0.00
0.00
0.00
0.00
8.90
54.80
31.60
0.10
0.00
0.00
0.00
0.00
0.00
0.00
0.30
0.00
0.00
0.00
0.10
0.00
0.00
0.00
0.00
0.00
0.10
0.10
0.00
0.30
0.20
0.00
0.00
0.00
0.00
-99.00
-99.00
-99.00
0.00
6.40
0.00
0.00
0.00
0.10
3.80
4.10
0.00
0.00
0.00
0.10
0.10
0.00
0.10
0.00
0.00
10.50
0.00
0.00
0.00
0.00
0.00
0.00
0.00
0.00
0.60
0.00
0.00
0.00
0.00
28.40
0.50
0.00
0.00
4.30
0.00
0.00
0.00
0.10
0.00
0.10
3.70
3.50
2.80
6.00
0.10
0.00
0.10
10.90
0.10
5.40
0.00
7.70
4.30
0.00
0.00
0.00
0.00
0.00
17.20
0.00
0.00
0.00
0.00
3.40
0.00
0.10
0.10
1.20
0.10
0.00
1.80
0.00
0.00
3.30
9.60
0.00
0.00
0.00
0.00
0.00
0.00
0.00
0.00
0.00
0.00
0.00
0.00
0.00
0.00
0.00
0.00
0.70
5.20
0.10
0.00
8.20
1.20
0.00
0.00
0.00
1.10
0.00
0.00
0.10
27.20
0.10
0.00
0.00
0.00
2.60
0.00
1.10
29.30
19.90
0.00
0.00
0.00
0.00
0.00
0.00
0.10
4.60
12.40
7.40
0.10
0.80
5.80
0.70
0.00
0.00
9.90
1.60
6.10
0.10
0.00
0.00
0.00
0.00
0.00
0.00
0.00
0.00
0.00
2.60
10.20
0.00
0.00
0.00
0.00
0.00
0.00
3.00
1.50
0.00
0.00
0.00
0.60
18.40
1.70
2.50
2.10
4.90
1.50
0.00
0.00
0.00
0.00
0.10
0.00
0.00
0.00
0.00
0.00
0.00
1.80
1.30
9.70
0.80
0.00
12.20
15.70
1.20
0.00
0.00
0.00
0.00
61.70
2.60
9.40
0.00
0.00
22.70
0.00
0.00
0.10
3.50
0.10
0.00
24.20
34.20
0.00
0.00
0.00
0.00
0.00
2.00
0.40
0.00
11.70
0.00
0.20
2.50
0.00
0.00
0.00
0.00
0.00
9.00
0.10
0.00
29.20
0.00
0.00
0.00
1.70
3.60
0.10
0.90
1.10
12.80
5.80
0.00
0.10
0.00
0.00
0.00
10.20
0.00
0.00
0.00
0.00
0.10
1.70
17.70
2.50
47.10
2.50
0.00
0.00
0.00
5.80
0.00
9.30
7.00
0.00
0.00
0.00
0.00
6.00
14.20
69.30
0.10
16.30
9.00
1.40
0.10
1.10
0.50
7.30
0.00
0.00
0.00
0.00
0.00
0.00
0.00
0.00
4.90
0.60
0.20
0.00
0.00
24.70
1.30
0.30
0.00
0.00
0.00
10.80
4.50
0.00
0.00
0.00
0.00
9.80
0.10
9.30
0.10
0.00
0.10
0.00
0.00
0.00
0.00
0.00
0.00
0.00
0.00
0.00
0.00
0.00
0.20
0.10
0.00
0.00
0.00
0.00
0.00
6.30
14.30
0.70
0.00
0.10
0.30
0.00
3.30
2.40
0.00
0.00
10.70
0.10
0.00
0.00
0.00
0.00
0.10
0.10
0.00
0.00
1.90
3.10
8.60
3.50
23.70
45.90
31.00
0.20
0.00
0.20
1.90
0.00
0.00
0.00
0.00
0.00
0.00
0.00
0.00
0.10
0.20
5.40
0.00
0.50
0.00
0.00
0.00
0.00
0.10
0.30
0.10
0.10
0.20
0.30
0.10
0.00
0.00
0.00
0.00
0.10
0.00
0.00
0.10
0.20
0.20
0.30
0.10
0.00
0.10
0.00
0.00
0.10
0.10
3.50
0.00
0.00
13.70
0.40
0.00
0.10
0.10
0.00
0.00
0.00
0.00
0.00
1.10
1.70
2.60
0.60
0.00
0.90
0.50
0.00
0.00
0.00
0.00
0.10
0.00
0.00
0.00
0.00
0.00
1.70
0.00
0.00
0.00
0.00
0.00
0.00
0.00
9.10
0.10
0.00
0.00
0.00
0.00
0.00
0.00
0.00
17.30
0.00
0.00
0.00
0.00
0.00
0.00
0.00
0.00
0.00
2.70
0.30
0.00
0.10
0.50
0.00
0.00
30.80
0.40
1.30
0.50
0.20
0.00
0.00
0.00
0.00
0.00
0.00
0.00
0.00
0.00
0.00
0.00
0.00
0.00
0.00
0.00
0.00
0.00
0.00
0.00
0.00
0.00
22.60
10.90
0.00
21.10
0.10
0.00
0.00
0.00
0.00
0.00
8.70
0.10
0.00
7.30
0.00
0.00
0.00
0.00
0.00
0.00
0.00
0.00
0.00
0.00
0.00
0.00
0.00
0.00
0.00
0.00
0.00
0.00
0.00
18.30
8.80
0.10
0.00
0.00
0.00
0.00
0.00
0.00
0.00
0.00
11.50
4.20
0.70
0.00
0.00
0.00
0.00
0.00
0.00
12.60
11.30
12.70
22.90
0.10
23.60
0.10
17.70
3.60
0.00
0.00
0.00
0.00
0.00
11.90
8.90
0.20
0.10
0.00
0.00
0.00
0.00
0.00
0.00
0.00
0.00
0.00
0.00
0.00
0.00
0.00
0.00
0.00
0.00
0.00
0.00
0.00
0.00
0.00
0.00
0.00
0.00
2.20
0.10
9.30
0.10
0.00
0.00
0.00
0.00
0.00
0.00
45.30
27.90
6.10
0.00
0.00
0.00
0.00
0.00
0.00
6.50
0.30
0.00
0.00
0.00
2.40
6.70
3.40
0.00
23.50
18.10
0.00
0.00
6.50
0.00
0.00
0.00
0.00
0.00
0.00
0.00
0.00
0.00
0.00
2.70
3.50
31.30
19.80
0.00
0.00
0.00
2.10
0.00
11.90
0.00
0.00
0.00
0.00
0.20
0.00
0.30
0.00
0.00
0.00
0.00
0.00
0.00
0.00
0.00
0.40
0.10
0.00
0.20
15.70
9.00
1.00
32.00
0.00
0.40
0.00
0.00
0.00
0.00
0.00
0.00
0.00
16.70
0.20
0.00
0.00
0.00
1.10
0.00
0.00
0.00
0.00
0.00
0.00
0.00
14.00
1.00
0.50
0.00
0.00
0.00
0.00
45.10
13.00
0.00
0.00
0.00
0.00
0.00
0.00
0.00
0.10
0.00
0.00
0.00
0.10
0.00
0.00
0.10
0.00
0.00
0.40
0.00
0.00
0.00
0.00
0.00
0.00
0.00
0.00
0.10
0.10
0.10
0.00
0.10
0.00
0.00
0.00
0.00
0.00
0.00
0.00
0.10
0.10
0.10
0.10
0.00
0.00
0.10
0.00
0.10
0.00
0.00
0.10
0.00
0.00
0.20
0.30
0.00
0.00
0.00
0.00
0.00
0.60
0.00
1.50
3.40
0.20
0.10
0.10
0.00
0.00
0.10
0.00
0.10
0.00
0.00
0.00
0.00
0.00
0.00
0.00
0.00
0.10
0.00
0.00
0.00
0.00
0.10
0.00
0.00
0.00
0.00
0.00
0.00
0.00
0.00
0.00
0.00
7.50
0.00
0.00
0.00
1.30
0.10
0.00
0.40
0.00
0.00
0.00
0.00
0.00
0.00
0.00
1.20
0.00
0.00
0.10
0.00
10.40
5.50
0.00
0.00
0.00
0.00
1.70
0.50
0.00
2.70
0.10
0.00
0.00
0.00
0.00
0.00
0.00
0.00
13.40
10.20
0.10
1.60
12.30
0.50
0.00
0.00
0.00
0.00
0.00
0.00
0.00
0.00
0.00
0.00
1.00
0.20
0.00
11.60
24.80
0.00
0.00
2.00
0.00
0.00
1.70
0.00
0.00
0.00
0.00
0.00
0.00
0.00
0.00
0.60
33.00
0.20
11.80
0.00
0.00
0.00
1.50
9.80
0.00
0.30
0.00
0.00
0.00
0.00
0.00
0.00
0.10
4.80
17.20
6.00
0.60
18.10
1.10
0.20
0.00
0.00
0.00
10.90
0.10
0.00
0.00
3.70
0.00
0.00
0.00
0.00
0.00
10.10
2.80
2.50
4.70
0.20
0.00
1.40
5.00
0.10
3.80
0.90
0.00
0.00
0.00
4.70
3.50
0.00
0.00
1.50
0.50
0.30
0.30
0.20
0.00
0.00
0.00
0.00
0.00
0.00
0.00
0.00
0.00
0.00
8.40
0.10
0.00
0.00
0.00
0.00
0.00
0.00
2.60
0.00
0.00
0.10
0.00
0.00
0.00
0.00
0.00
0.00
0.00
0.00
0.00
0.20
17.40
0.00
0.00
0.00
0.00
9.00
0.10
0.00
0.00
5.60
0.00
0.00
0.00
0.00
0.20
0.00
0.00
0.00
3.00
0.00
0.00
0.00
0.00
0.00
0.00
1.20
8.90
0.10
18.60
0.80
0.00
0.00
0.00
0.00
0.00
0.00
0.00
0.00
18.10
0.10
0.00
0.00
0.00
16.40
0.10
0.00
0.00
0.00
0.00
0.10
6.40
0.10
0.00
7.30
5.50
0.00
0.00
4.70
0.10
0.00
0.00
0.00
0.00
10.80
3.30
1.60
0.10
0.00
0.00
0.00
0.00
1.60
2.80
0.00
13.10
6.20
7.20
0.00
0.00
0.00
0.00
0.00
26.70
38.70
9.30
0.00
0.00
0.00
0.00
0.00
0.00
0.00
0.40
0.00
0.00
3.00
0.00
0.00
0.00
0.20
0.10
0.00
0.00
0.00
0.10
1.00
15.90
1.10
0.70
0.00
0.00
0.00
0.00
0.00
0.10
0.00
0.00
0.10
0.00
0.00
0.00
0.80
22.10
9.80
33.10
1.20
0.00
12.10
1.50
0.00
0.10
0.00
0.00
0.10
0.30
2.30
1.60
0.10
0.00
0.20
0.20
0.20
0.00
0.20
0.20
0.10
0.10
16.00
1.50
0.20
0.20
3.30
2.10
0.20
0.10
0.20
0.10
0.10
0.10
0.10
0.10
0.20
0.10
0.20
0.30
0.00
0.00
0.10
0.20
-99.00
-99.00
-99.00
0.00
0.00
0.00
1.20
0.00
0.50
0.00
0.00
0.00
0.00
5.20
1.10
4.70
7.30
0.00
1.90
15.60
14.60
5.80
0.10
0.00
0.00
0.00
0.70
0.40
2.90
0.90
0.00
11.70
7.00
0.00
0.00
1.20
0.00
22.60
13.10
0.00
0.00
0.00
0.00
0.00
0.00
0.00
0.00
0.00
0.00
0.00
0.00
0.00
0.00
0.00
0.00
4.20
16.30
0.00
0.00
0.00
0.00
0.00
0.00
0.00
1.60
0.00
0.00
0.00
0.00
0.00
0.00
0.00
0.00
0.00
0.00
0.70
27.50
39.60
0.10
1.40
0.00
0.00
0.00
0.00
5.40
0.00
0.00
0.00
0.00
0.00
0.00
0.00
0.00
1.90
0.00
0.00
0.00
3.70
2.40
0.00
0.00
0.00
0.70
0.00
0.00
0.00
0.00
0.00
7.50
16.20
18.00
0.30
0.00
3.70
0.00
0.10
2.40
0.00
0.00
0.70
0.00
0.00
0.00
0.00
4.20
0.10
0.00
1.20
0.00
0.00
0.00
5.10
0.00
0.00
0.00
5.00
0.10
0.00
0.00
0.00
0.00
0.00
0.00
6.20
0.30
10.60
24.10
1.90
1.50
2.30
0.00
0.00
0.00
0.30
0.00
0.00
0.00
0.00
0.00
0.10
0.00
0.00
0.00
0.00
4.90
9.00
0.00
0.00
0.00
0.10
0.00
0.00
2.90
0.00
7.70
0.00
0.00
0.00
0.00
0.00
0.00
0.00
0.00
0.00
11.90
0.00
0.00
0.00
0.00
0.00
0.00
0.00
0.00
0.00
0.00
1.90
0.00
0.00
0.00
0.00
0.00
0.00
0.00
0.00
0.00
0.00
0.00
0.00
0.00
0.00
0.00
0.30
0.00
0.00
7.90
0.50
0.00
0.10
0.00
0.00
5.60
0.00
0.00
0.00
0.90
0.00
0.00
0.00
0.00
0.00
0.00
0.00
0.00
0.00
0.00
0.20
56.00
0.30
0.00
0.00
0.10
0.00
0.30
0.00
0.00
16.10
0.00
0.00
0.00
0.00
1.10
28.70
0.40
0.10
0.30
0.00
0.00
0.00
1.90
0.00
0.00
2.60
0.60
0.00
0.00
0.00
1.80
0.00
0.00
0.00
0.00
0.00
0.00
0.00
0.00
0.00
0.00
0.00
0.00
0.00
0.00
0.00
0.00
0.00
19.50
18.70
0.10
0.00
0.00
0.00
0.00
0.00
0.00
0.10
0.00
0.00
0.00
0.00
0.00
0.00
0.00
4.70
0.00
0.00
0.00
0.00
0.10
0.00
0.00
0.00
0.00
0.00
0.00
0.00
0.00
0.00
0.10
0.00
0.00
0.00
0.00
0.00
0.00
0.00
0.00
0.10
2.20
0.00
0.00
0.00
0.00
0.00
0.00
0.00
0.10
0.00
0.00
0.00
6.80
0.70
0.00
0.00
0.00
0.00
0.00
0.40
1.30
0.00
0.00
0.00
0.00
0.10
0.20
0.00
0.40
1.00
0.90
0.10
0.10
0.30
0.20
0.00
0.00
0.00
0.10
29.30
0.00
0.00
0.10
0.50
0.00
0.50
5.90
0.00
0.00
0.00
0.10
0.10
0.00
0.00
0.00
0.00
0.10
0.00
24.80
0.10
0.00
0.00
0.00
0.00
7.00
1.40
0.00
13.60
37.90
1.40
0.00
0.00
0.00
0.00
0.00
0.00
0.00
0.00
0.00
1.20
11.10
0.00
0.00
0.00
0.30
0.00
0.00
0.00
0.00
0.60
9.50
24.90
25.30
0.20
0.10
1.10
2.90
0.00
1.40
0.00
0.10
1.70
0.10
0.00
0.00
1.00
5.20
0.00
0.10
0.00
6.40
0.00
0.00
0.00
0.00
14.90
2.10
0.00
0.00
0.00
0.00
0.00
0.00
0.00
0.00
0.00
0.00
0.00
0.30
0.20
28.30
0.70
8.80
40.90
1.40
3.70
10.70
0.00
0.00
0.00
-99.00
-99.00
-99.00
-99.00
-99.00
0.00
0.00
3.70
0.00
8.50
0.10
9.90
0.00
7.60
0.00
0.00
0.00
0.00
0.70
15.40
3.60
0.30
2.00
0.50
22.10
5.70
0.00
0.00
0.00
11.20
0.00
2.10
3.60
0.50
4.00
0.90
0.00
0.00
5.10
0.00
0.80
1.30
5.80
30.90
2.80
3.40
1.90
12.90
5.50
1.30
0.10
0.00
0.10
0.00
0.10
0.00
0.00
0.00
0.00
0.00
0.00
0.00
0.00
0.00
0.00
0.00
0.00
0.00
0.00
0.00
0.00
10.50
0.10
0.00
0.00
0.00
0.00
0.00
5.80
0.80
26.80
3.40
11.70
2.50
13.30
0.20
0.00
0.00
0.00
2.10
0.00
0.00
0.00
0.00
0.00
1.70
0.00
4.50
1.50
0.00
0.00
0.90
0.00
1.40
6.00
16.40
1.10
0.00
0.00
0.00
2.50
3.10
9.40
24.90
8.90
28.20
9.50
27.90
0.30
0.00
1.70
2.30
0.00
0.00
0.00
0.00
0.00
26.10
7.40
0.80
0.20
0.00
0.00
5.60
2.50
10.30
0.60
0.00
19.20
45.20
2.50
5.50
0.90
0.00
29.50
0.20
0.00
7.60
0.00
0.00
0.00
1.00
0.00
5.90
0.00
0.10
3.60
0.00
0.00
0.00
0.00
0.00
0.00
0.00
0.40
0.00
0.00
0.00
0.00
0.00
0.00
0.50
14.40
1.30
34.90
10.10
0.00
0.00
0.00
50.80
27.20
0.20
0.10
6.60
0.60
0.20
0.00
0.00
0.00
0.00
0.10
2.70
20.00
7.10
0.00
0.90
32.90
2.70
0.00
0.00
0.00
16.20
0.10
0.00
0.30
13.30
0.00
0.00
0.00
0.00
0.00
16.40
0.80
10.20
1.60
5.10
6.60
0.00
0.10
9.00
0.00
0.00
0.00
0.00
0.00
0.00
1.00
0.00
0.00
0.00
0.00
0.10
0.00
0.10
0.00
0.00
0.00
0.00
0.00
2.80
0.00
0.00
2.90
0.20
0.10
0.10
0.00
0.30
0.00
0.10
0.00
0.10
0.00
0.00
0.10
0.30
0.10
0.00
0.00
0.20
0.00
0.10
0.10
0.00
0.00
0.10
0.00
0.00
0.00
0.00
0.00
0.00
0.10
0.10
0.80
0.00
0.00
1.30
0.10
0.00
1.90
0.00
0.00
0.00
0.00
7.70
0.00
0.10
0.00
5.80
0.50
0.00
0.00
0.00
0.00
0.00
0.00
0.00
0.00
0.00
0.00
0.00
0.00
0.00
0.00
0.00
0.00
0.00
0.00
0.00
0.00
0.00
0.00
0.00
0.00
0.00
0.00
0.00
0.00
0.00
0.00
0.00
10.10
0.00
0.10
0.00
0.00
0.00
0.00
0.10
0.00
0.00
0.00
0.00
0.00
0.00
0.00
0.00
0.00
0.00
0.00
0.00
0.00
0.00
0.00
0.00
0.00
0.00
0.80
8.80
4.20
0.00
15.40
1.80
0.90
6.50
10.30
0.10
0.00
0.00
0.00
0.00
2.10
1.40
0.00
0.00
0.00
6.80
0.50
0.70
2.10
2.90
10.90
1.40
0.00
0.00
1.70
0.20
11.30
21.30
12.90
0.00
0.00
0.00
0.00
2.60
0.00
1.90
0.10
0.00
0.00
0.00
0.00
0.40
7.10
0.60
1.60
5.00
6.40
0.00
0.00
7.80
0.40
0.00
0.80
3.80
0.00
0.00
0.00
0.00
0.00
0.00
0.00
0.00
0.00
0.00
0.00
0.00
0.00
21.70
0.00
0.00
1.90
0.00
0.00
0.00
0.00
0.00
0.00
0.80
0.00
0.00
0.00
0.00
0.00
0.00
0.00
0.00
0.00
0.00
41.50
5.40
0.00
0.00
0.00
0.20
10.20
17.80
0.10
0.00
0.00
0.00
0.00
0.00
0.00
0.00
0.00
0.10
0.00
0.00
0.00
0.00
0.00
0.00
0.00
3.70
0.10
0.00
0.00
0.10
0.00
0.10
0.30
0.00
0.00
0.90
0.00
1.40
0.10
0.00
0.00
0.10
0.20
0.00
0.00
0.00
0.00
0.00
0.00
6.50
0.10
0.00
0.00
0.00
0.00
0.00
0.10
0.00
1.20
0.10
6.10
25.00
0.30
0.00
0.00
0.00
-99.00
-99.00
-99.00
0.10
19.10
4.40
0.00
0.30
0.10
2.30
0.00
0.00
3.20
8.90
0.10
1.00
0.30
0.00
0.00
0.00
0.00
0.00
0.00
0.00
0.00
0.00
0.00
0.00
0.00
0.00
0.00
0.00
0.00
0.40
0.00
0.00
0.00
0.00
4.00
0.40
0.00
0.00
0.00
0.00
18.00
3.10
51.10
23.70
0.10
0.00
0.00
0.00
0.00
0.00
0.10
4.60
4.90
0.10
8.30
1.50
0.40
0.00
2.40
0.50
0.00
0.90
0.00
0.00
0.00
3.00
0.00
0.00
0.00
0.00
0.30
0.10
0.00
33.10
1.20
0.00
0.00
0.30
0.10
0.00
0.00
0.00
1.10
0.10
0.10
29.80
5.10
0.00
0.00
0.00
0.00
0.00
0.00
0.00
0.70
0.00
0.00
0.10
0.40
0.00
1.30
51.10
13.90
0.10
0.10
0.00
0.10
0.10
0.00
0.20
0.10
0.00
0.00
0.00
0.10
0.10
0.10
0.00
0.00
0.10
0.00
0.10
2.40
0.00
0.30
0.10
0.10
0.10
0.00
0.10
0.00
0.00
3.90
108.00
70.50
19.10
0.00
0.30
1.70
0.00
0.00
0.00
0.00
0.00
0.00
0.00
0.00
0.00
0.00
0.00
0.00
0.00
0.00
0.00
0.00
0.00
0.00
0.00
0.00
0.00
0.00
0.00
0.00
0.00
0.00
0.00
0.00
0.00
0.00
0.00
0.00
0.00
0.00
0.00
20.40
0.20
0.00
0.00
0.10
0.00
0.00
0.00
0.00
0.00
0.00
0.00
0.00
0.00
9.40
0.10
0.00
0.00
0.00
0.00
0.00
0.40
0.00
1.70
0.30
0.30
0.00
1.10
1.30
4.80
4.00
0.40
0.00
0.00
0.00
0.00
0.00
0.00
0.00
0.00
0.00
0.00
8.00
0.10
0.00
0.00
0.00
3.10
10.20
0.70
19.60
1.90
6.40
0.00
0.00
7.50
0.40
2.50
0.00
0.00
0.40
0.00
0.00
0.00
0.00
0.00
0.00
0.00
0.00
37.40
0.10
2.00
6.70
13.20
7.50
0.40
0.00
0.00
0.00
0.00
0.00
0.00
0.00
0.00
0.00
0.00
0.40
0.00
1.90
1.10
0.60
20.40
24.80
12.80
16.10
0.00
0.70
77.50
10.90
4.50
8.10
1.60
9.60
0.00
0.00
0.00
14.50
10.70
4.70
0.10
44.50
0.00
0.00
0.00
0.00
0.10
0.00
2.50
0.00
0.10
0.10
1.00
28.80
18.60
0.00
0.00
0.00
0.20
0.00
0.00
0.00
11.50
0.00
10.00
7.60
0.00
0.50
0.00
0.00
0.00
0.00
0.00
0.00
0.00
7.30
0.00
0.00
0.00
0.00
0.00
0.00
0.00
0.00
0.00
0.00
0.00
0.00
0.00
0.00
0.00
4.70
0.00
0.00
2.80
0.10
13.30
0.50
0.00
0.00
0.00
0.00
0.00
0.00
0.00
0.00
0.00
0.00
0.00
0.00
143.20
44.20
1.20
0.00
0.00
0.00
0.00
0.00
0.00
12.80
0.00
1.90
10.30
0.80
13.70
0.10
0.00
0.00
0.00
0.00
0.00
3.90
5.80
0.00
18.00
0.10
0.00
0.00
0.30
1.00
0.00
0.00
0.00
0.00
0.00
14.90
0.00
0.00
0.00
0.00
0.60
0.00
0.00
13.80
0.00
0.00
0.30
9.60
0.00
0.10
0.00
0.00
0.00
0.00
0.00
7.30
0.00
0.00
0.10
0.70
0.00
0.00
0.00
0.00
0.00
0.10
0.00
13.40
15.60
0.00
1.00
13.10
0.00
0.10
0.00
0.00
0.00
0.00
0.10
0.00
0.00
0.00
0.00
0.00
0.00
0.00
0.10
0.10
0.20
0.20
6.60
32.20
38.10
0.20
0.00
0.90
0.10
0.00
0.30
0.10
0.00
2.40
0.00
0.00
0.00
0.70
0.20
0.00
0.00
0.00
0.00
0.00
7.40
0.20
0.50
0.00
0.00
0.00
0.00
0.00
0.00
0.00
0.10
0.10
0.10
0.00
7.40
0.10
0.10
0.00
0.00
0.00
0.00
0.00
11.90
3.50
0.00
0.00
0.10
0.20
0.10
0.00
0.10
0.00
0.10
0.00
0.10
9.20
0.40
0.00
0.00
0.00
0.00
0.00
0.00
0.00
0.00
0.00
0.00
0.10
0.00
0.00
0.00
1.60
4.70
1.40
0.00
0.10
9.10
0.00
1.10
1.20
0.10
0.00
0.00
0.00
0.00
0.00
12.50
0.10
0.00
0.00
0.00
0.00
0.00
0.00
0.00
0.00
0.00
14.60
1.40
0.80
0.40
0.00
0.10
0.00
7.40
0.00
0.00
