20000101
-99.00
-99.00
-99.00
-99.00
-99.00
-99.00
-99.00
-99.00
-99.00
-99.00
-99.00
-99.00
-99.00
-99.00
-99.00
-99.00
-99.00
-99.00
-99.00
-99.00
-99.00
-99.00
-99.00
-99.00
-99.00
-99.00
-99.00
-99.00
-99.00
-99.00
-99.00
-99.00
-99.00
-99.00
-99.00
-99.00
-99.00
-99.00
-99.00
-99.00
-99.00
-99.00
-99.00
-99.00
-99.00
-99.00
-99.00
-99.00
-99.00
-99.00
-99.00
-99.00
-99.00
-99.00
-99.00
-99.00
-99.00
-99.00
-99.00
-99.00
-99.00
-99.00
-99.00
-99.00
-99.00
-99.00
-99.00
-99.00
-99.00
-99.00
-99.00
-99.00
-99.00
-99.00
-99.00
-99.00
-99.00
-99.00
-99.00
-99.00
-99.00
-99.00
-99.00
-99.00
-99.00
-99.00
-99.00
-99.00
-99.00
-99.00
-99.00
-99.00
-99.00
-99.00
-99.00
-99.00
-99.00
-99.00
-99.00
-99.00
-99.00
-99.00
-99.00
-99.00
-99.00
-99.00
-99.00
-99.00
-99.00
-99.00
-99.00
-99.00
-99.00
-99.00
-99.00
-99.00
-99.00
-99.00
-99.00
-99.00
-99.00
-99.00
-99.00
-99.00
-99.00
-99.00
-99.00
-99.00
-99.00
-99.00
-99.00
-99.00
-99.00
-99.00
-99.00
-99.00
-99.00
-99.00
-99.00
-99.00
-99.00
-99.00
-99.00
-99.00
-99.00
-99.00
-99.00
-99.00
-99.00
-99.00
-99.00
-99.00
-99.00
-99.00
-99.00
-99.00
-99.00
-99.00
-99.00
-99.00
-99.00
-99.00
-99.00
-99.00
-99.00
-99.00
-99.00
-99.00
-99.00
-99.00
-99.00
-99.00
-99.00
-99.00
-99.00
-99.00
-99.00
-99.00
-99.00
-99.00
-99.00
-99.00
-99.00
-99.00
-99.00
-99.00
-99.00
-99.00
-99.00
-99.00
-99.00
-99.00
-99.00
-99.00
-99.00
-99.00
-99.00
-99.00
-99.00
-99.00
-99.00
-99.00
-99.00
-99.00
-99.00
-99.00
-99.00
-99.00
-99.00
-99.00
-99.00
-99.00
-99.00
-99.00
-99.00
-99.00
-99.00
-99.00
-99.00
-99.00
-99.00
-99.00
-99.00
-99.00
-99.00
-99.00
-99.00
-99.00
-99.00
-99.00
-99.00
-99.00
-99.00
-99.00
-99.00
-99.00
-99.00
-99.00
-99.00
-99.00
-99.00
-99.00
-99.00
-99.00
-99.00
-99.00
-99.00
-99.00
-99.00
-99.00
-99.00
-99.00
-99.00
-99.00
-99.00
-99.00
-99.00
-99.00
-99.00
-99.00
-99.00
-99.00
-99.00
-99.00
-99.00
-99.00
-99.00
-99.00
-99.00
-99.00
-99.00
-99.00
-99.00
-99.00
-99.00
-99.00
-99.00
-99.00
-99.00
-99.00
-99.00
-99.00
-99.00
-99.00
-99.00
-99.00
-99.00
-99.00
-99.00
-99.00
-99.00
-99.00
-99.00
-99.00
-99.00
-99.00
-99.00
-99.00
-99.00
-99.00
-99.00
-99.00
-99.00
-99.00
-99.00
-99.00
-99.00
-99.00
-99.00
-99.00
-99.00
-99.00
-99.00
-99.00
-99.00
-99.00
-99.00
-99.00
-99.00
-99.00
-99.00
-99.00
-99.00
-99.00
-99.00
-99.00
-99.00
-99.00
-99.00
-99.00
-99.00
-99.00
-99.00
-99.00
-99.00
-99.00
-99.00
-99.00
-99.00
-99.00
-99.00
-99.00
-99.00
-99.00
-99.00
-99.00
-99.00
-99.00
-99.00
-99.00
-99.00
-99.00
-99.00
-99.00
-99.00
-99.00
-99.00
-99.00
-99.00
-99.00
-99.00
-99.00
-99.00
-99.00
-99.00
-99.00
-99.00
-99.00
-99.00
-99.00
-99.00
-99.00
-99.00
-99.00
-99.00
-99.00
-99.00
-99.00
-99.00
-99.00
-99.00
-99.00
-99.00
-99.00
-99.00
-99.00
-99.00
-99.00
-99.00
-99.00
-99.00
-99.00
-99.00
-99.00
-99.00
-99.00
-99.00
-99.00
-99.00
-99.00
-99.00
-99.00
-99.00
-99.00
-99.00
-99.00
-99.00
-99.00
-99.00
-99.00
-99.00
-99.00
-99.00
-99.00
-99.00
-99.00
-99.00
-99.00
-99.00
-99.00
-99.00
-99.00
-99.00
-99.00
-99.00
-99.00
-99.00
-99.00
-99.00
-99.00
-99.00
-99.00
-99.00
-99.00
-99.00
-99.00
-99.00
-99.00
-99.00
-99.00
-99.00
-99.00
-99.00
-99.00
-99.00
-99.00
-99.00
-99.00
-99.00
-99.00
-99.00
-99.00
-99.00
-99.00
-99.00
-99.00
-99.00
-99.00
-99.00
-99.00
-99.00
-99.00
-99.00
-99.00
-99.00
-99.00
-99.00
-99.00
-99.00
-99.00
-99.00
-99.00
-99.00
-99.00
-99.00
-99.00
-99.00
-99.00
-99.00
-99.00
-99.00
-99.00
-99.00
-99.00
-99.00
-99.00
-99.00
-99.00
-99.00
-99.00
-99.00
-99.00
-99.00
-99.00
-99.00
-99.00
-99.00
-99.00
-99.00
-99.00
-99.00
-99.00
-99.00
-99.00
-99.00
-99.00
-99.00
-99.00
-99.00
-99.00
-99.00
-99.00
-99.00
-99.00
-99.00
-99.00
-99.00
-99.00
-99.00
-99.00
-99.00
-99.00
-99.00
-99.00
-99.00
-99.00
-99.00
-99.00
-99.00
-99.00
-99.00
-99.00
-99.00
-99.00
-99.00
-99.00
-99.00
-99.00
-99.00
-99.00
-99.00
-99.00
-99.00
-99.00
-99.00
-99.00
-99.00
-99.00
-99.00
-99.00
-99.00
-99.00
-99.00
-99.00
-99.00
-99.00
-99.00
-99.00
-99.00
-99.00
-99.00
-99.00
-99.00
-99.00
-99.00
-99.00
-99.00
-99.00
-99.00
-99.00
-99.00
-99.00
-99.00
-99.00
-99.00
-99.00
-99.00
-99.00
-99.00
-99.00
-99.00
-99.00
-99.00
-99.00
-99.00
-99.00
-99.00
-99.00
-99.00
-99.00
-99.00
-99.00
-99.00
-99.00
-99.00
-99.00
-99.00
-99.00
-99.00
-99.00
-99.00
-99.00
-99.00
-99.00
-99.00
-99.00
-99.00
-99.00
-99.00
-99.00
-99.00
-99.00
-99.00
-99.00
-99.00
-99.00
-99.00
-99.00
-99.00
-99.00
-99.00
-99.00
-99.00
-99.00
-99.00
-99.00
-99.00
-99.00
-99.00
-99.00
-99.00
-99.00
-99.00
-99.00
-99.00
-99.00
-99.00
-99.00
-99.00
-99.00
-99.00
-99.00
-99.00
-99.00
-99.00
-99.00
-99.00
-99.00
-99.00
-99.00
-99.00
-99.00
-99.00
-99.00
-99.00
-99.00
-99.00
-99.00
-99.00
-99.00
-99.00
-99.00
-99.00
-99.00
-99.00
-99.00
-99.00
-99.00
-99.00
-99.00
-99.00
-99.00
-99.00
-99.00
-99.00
-99.00
-99.00
-99.00
-99.00
-99.00
-99.00
-99.00
-99.00
-99.00
-99.00
-99.00
-99.00
-99.00
-99.00
-99.00
-99.00
-99.00
-99.00
-99.00
-99.00
-99.00
-99.00
-99.00
-99.00
-99.00
-99.00
-99.00
-99.00
-99.00
-99.00
-99.00
-99.00
-99.00
-99.00
-99.00
-99.00
-99.00
-99.00
-99.00
-99.00
-99.00
-99.00
-99.00
-99.00
-99.00
-99.00
-99.00
-99.00
-99.00
-99.00
-99.00
-99.00
-99.00
-99.00
-99.00
-99.00
-99.00
-99.00
-99.00
-99.00
-99.00
-99.00
-99.00
-99.00
-99.00
-99.00
-99.00
-99.00
-99.00
-99.00
-99.00
-99.00
-99.00
-99.00
-99.00
-99.00
-99.00
-99.00
-99.00
-99.00
-99.00
-99.00
-99.00
-99.00
-99.00
-99.00
-99.00
-99.00
-99.00
-99.00
-99.00
6.00
0.00
0.00
0.00
0.00
0.00
0.00
0.00
0.00
0.10
0.00
0.00
0.00
0.00
0.00
0.00
0.00
0.00
0.00
0.00
0.00
0.00
0.00
0.00
0.00
0.00
0.00
0.00
17.30
0.00
0.00
0.00
0.00
0.00
0.00
0.00
6.20
0.10
0.00
0.00
1.40
0.00
0.00
0.00
0.00
0.00
0.00
0.00
0.00
0.00
0.00
0.00
1.00
0.00
0.00
0.00
11.30
34.70
2.30
0.00
1.90
12.70
4.20
0.10
10.70
5.70
2.70
0.00
0.00
0.00
0.00
0.00
0.00
0.00
0.00
0.00
0.00
0.00
0.00
0.00
0.00
0.00
0.00
0.00
0.00
0.50
0.00
0.00
0.00
3.20
3.30
10.20
7.30
1.70
2.20
0.30
0.00
0.00
0.00
0.00
0.00
0.00
0.00
0.00
0.00
0.00
1.00
0.10
0.00
0.00
0.60
0.00
0.00
0.00
0.00
0.00
0.10
0.00
0.00
20.00
18.80
0.60
2.90
10.50
0.00
0.00
0.00
0.00
0.00
0.00
0.00
0.00
0.00
0.00
0.00
0.00
0.00
0.00
0.00
0.00
0.00
0.00
0.00
0.00
0.00
0.00
0.40
0.00
0.00
0.00
0.00
0.00
0.00
0.10
0.10
0.00
0.00
3.20
0.50
0.00
0.00
0.00
0.00
0.00
0.00
0.00
0.00
0.00
0.00
0.00
0.00
0.00
0.00
0.00
0.00
0.00
0.00
5.20
0.00
0.00
0.00
0.00
0.00
0.00
5.20
2.60
0.00
0.00
0.00
0.00
0.00
0.10
0.00
0.00
0.20
0.00
0.00
0.00
0.50
5.60
15.00
0.10
0.00
0.00
0.00
0.00
0.00
0.00
0.00
0.00
3.40
1.50
0.10
0.00
0.00
0.60
0.60
0.00
0.00
0.00
0.00
0.00
0.00
0.00
1.00
0.30
0.00
1.80
0.20
0.00
0.00
0.00
0.00
0.00
0.00
0.00
0.10
0.00
0.00
6.60
0.00
0.00
0.00
0.00
0.00
0.40
20.40
8.10
0.10
0.00
0.00
0.00
0.00
0.00
0.00
0.00
0.00
0.00
0.00
0.00
0.00
0.00
0.00
0.00
0.00
0.00
0.20
1.10
0.20
0.20
0.10
0.00
0.00
0.00
1.80
1.60
0.00
0.00
0.00
0.00
0.00
2.70
2.70
0.30
0.20
0.00
0.00
0.20
6.60
0.10
0.00
0.10
9.10
0.10
0.00
0.00
0.10
0.00
0.00
1.00
0.00
0.00
0.00
0.00
0.00
0.00
0.00
1.00
2.20
0.00
0.10
0.20
0.70
0.10
0.10
0.40
0.10
0.20
1.10
0.00
0.20
0.20
0.10
0.00
0.00
2.20
0.40
0.00
5.70
0.00
0.00
0.00
0.00
0.00
9.10
0.90
0.00
0.00
0.30
0.00
0.00
0.00
0.00
0.00
0.00
0.00
0.00
0.20
1.50
3.20
0.00
0.00
0.00
0.00
0.00
0.00
0.00
0.00
0.00
0.00
0.00
0.00
0.00
0.00
0.20
0.00
0.00
0.00
0.10
0.10
0.00
0.00
0.00
1.90
0.20
0.70
0.00
0.00
0.00
6.20
30.20
0.10
0.00
0.00
0.00
0.60
22.80
0.10
0.00
0.00
0.00
0.00
0.00
1.10
1.10
0.00
0.00
0.00
0.00
0.00
0.00
0.00
0.00
0.60
0.00
0.00
0.00
0.00
0.00
0.00
0.00
0.00
0.00
0.00
0.00
0.00
7.20
0.00
0.00
4.30
0.00
0.00
0.10
0.00
0.00
0.00
0.00
0.00
7.20
0.00
0.20
0.00
0.00
0.00
0.80
0.00
0.00
0.00
6.10
4.90
0.00
0.00
0.00
0.00
0.00
0.30
0.00
0.00
0.00
0.10
0.00
0.00
0.00
0.00
0.80
21.00
18.20
0.50
0.00
0.00
0.20
0.00
0.00
0.00
0.00
11.10
0.60
0.00
15.50
0.00
0.00
0.00
0.00
6.00
0.00
0.00
0.00
0.00
0.00
0.00
0.00
0.00
0.00
0.00
0.00
2.30
0.00
0.00
0.70
0.00
0.00
0.00
0.00
0.00
2.60
0.00
0.00
0.00
0.00
0.00
0.00
0.00
0.00
0.00
0.00
0.00
0.00
0.00
0.00
0.00
0.00
0.00
0.00
0.00
0.00
0.00
0.50
0.00
0.10
1.20
0.00
0.00
0.00
0.00
0.00
0.00
0.00
0.00
0.00
0.00
3.70
0.00
0.00
0.00
0.00
0.00
0.00
0.00
0.00
0.00
0.00
0.00
0.00
0.00
0.00
0.00
0.00
0.00
0.00
0.00
0.00
0.00
0.00
0.00
0.00
0.00
0.00
0.40
14.70
0.40
0.00
0.00
0.00
0.00
0.00
0.00
0.00
0.00
0.00
0.00
0.00
0.00
28.30
0.80
9.00
4.30
2.20
0.10
0.00
10.60
6.40
0.30
0.00
0.00
0.00
0.00
0.00
0.00
0.00
0.00
0.00
0.00
0.00
0.00
0.30
0.00
0.00
0.00
0.00
1.60
0.90
0.40
30.00
18.00
0.00
0.00
0.00
0.00
0.00
0.00
0.00
0.00
0.00
0.00
0.50
11.40
0.30
2.10
10.70
47.60
5.40
5.70
0.00
0.00
0.20
0.00
0.00
0.00
24.90
2.10
4.50
0.00
0.20
3.30
0.00
0.00
0.00
0.00
0.00
0.00
0.00
0.80
0.20
13.60
0.40
0.00
0.00
0.10
0.40
8.20
0.00
0.10
0.20
0.10
0.10
1.20
2.10
1.90
0.10
2.60
4.70
0.00
0.00
0.00
6.30
0.10
2.80
9.30
4.60
0.10
0.20
0.40
0.00
0.00
0.30
0.30
0.30
0.10
0.00
0.00
0.20
1.20
0.10
0.20
0.20
0.00
0.00
0.00
0.00
0.20
0.20
1.90
0.00
0.00
0.00
0.00
0.00
0.00
0.00
0.20
0.10
0.30
0.10
0.10
0.00
0.00
0.10
0.00
0.00
0.00
0.00
0.90
0.00
0.00
0.00
0.00
0.10
0.00
0.00
0.30
0.60
0.00
0.00
0.00
0.30
0.30
0.10
0.30
0.30
0.30
0.20
0.30
0.10
0.00
0.10
0.10
0.20
0.10
0.00
0.00
0.20
0.10
1.40
0.00
0.50
8.80
0.30
0.00
0.00
2.80
12.20
18.40
0.00
0.00
0.30
0.40
0.00
0.00
0.00
0.00
0.00
0.00
0.00
0.00
0.90
0.10
0.00
1.90
0.10
0.20
0.00
0.00
0.00
0.00
0.00
0.00
0.00
0.00
0.00
0.00
0.00
13.10
3.10
14.10
3.40
0.40
1.70
1.10
0.00
0.00
0.00
0.00
0.00
25.10
0.40
0.10
0.00
0.00
0.10
0.00
0.20
12.80
0.00
0.10
0.00
0.00
0.20
26.40
0.00
0.00
0.00
0.00
1.30
2.60
0.70
0.00
0.20
2.80
31.60
1.30
1.50
0.00
1.30
0.00
0.00
0.00
14.80
3.80
0.30
0.00
0.00
0.00
0.00
0.00
0.00
0.00
0.00
0.00
0.00
0.00
0.00
0.20
5.60
0.00
0.00
0.00
0.00
0.00
0.00
0.00
0.00
0.00
0.00
0.00
0.00
0.00
0.00
0.00
0.00
0.00
2.70
1.40
0.00
0.00
0.00
0.30
0.00
0.00
0.00
0.00
0.00
0.00
0.00
0.00
0.00
0.00
0.00
0.00
0.00
0.00
0.00
3.10
4.70
3.20
0.00
0.00
20.90
5.50
0.00
0.00
0.00
0.00
0.00
0.20
0.00
0.00
0.00
0.00
0.00
0.00
0.00
0.00
0.00
0.00
0.00
13.50
0.00
0.00
0.00
0.00
0.00
0.10
0.00
0.00
0.10
0.00
0.00
0.00
0.00
0.00
0.00
0.00
0.00
0.00
13.50
0.00
0.00
0.00
0.00
0.00
4.40
0.20
0.00
0.00
0.00
0.00
8.50
0.00
0.00
0.00
0.00
2.60
0.10
0.00
0.60
0.00
0.00
0.00
0.00
1.20
0.00
0.00
0.30
0.20
0.00
0.00
0.00
0.00
0.00
0.00
0.00
0.00
0.00
0.00
0.00
0.00
0.00
0.00
0.10
0.00
0.00
0.00
0.00
0.00
0.00
0.00
0.00
0.00
0.00
0.00
0.00
0.00
0.00
0.00
0.00
0.00
0.50
0.20
0.00
5.50
0.10
0.00
0.00
7.40
0.30
8.80
0.10
1.10
0.00
0.00
0.00
0.20
0.20
0.00
0.10
0.00
0.00
0.00
0.00
0.00
0.00
0.00
0.00
0.00
0.00
0.00
0.00
0.00
0.00
0.10
0.30
0.10
0.00
0.00
0.20
0.20
0.00
0.60
1.90
0.10
8.20
0.00
0.00
6.30
2.70
0.00
1.40
8.00
4.50
0.10
0.10
0.10
0.20
0.20
0.10
0.10
0.00
0.00
0.00
0.00
0.00
0.10
0.10
0.10
0.30
0.00
0.00
0.00
0.00
0.00
0.00
0.30
0.10
0.20
0.30
0.20
0.20
0.30
0.10
0.10
0.40
0.00
0.60
0.00
0.30
0.10
0.20
0.30
0.10
0.00
0.00
0.00
0.00
0.00
0.00
0.00
0.00
0.00
0.00
0.00
0.00
0.00
0.00
0.00
0.00
0.00
0.00
0.50
0.70
4.90
0.90
0.10
0.00
0.00
0.00
0.00
0.00
0.00
0.00
0.00
0.00
0.00
0.00
0.20
0.00
0.00
0.00
0.00
0.00
0.00
1.30
0.00
0.00
0.00
0.00
0.00
0.00
0.00
0.00
0.00
0.00
0.00
0.00
0.00
0.00
0.00
0.00
0.00
0.00
0.00
0.00
0.00
9.10
0.00
0.00
0.00
0.00
0.00
0.00
0.00
0.00
0.00
3.90
0.00
0.00
0.00
0.00
0.00
0.00
0.00
0.00
0.00
0.00
0.00
1.40
0.50
0.00
0.00
0.00
0.00
0.00
0.00
0.00
0.00
0.00
0.00
0.00
0.00
0.00
0.00
0.00
0.00
0.00
0.00
0.00
0.00
0.00
0.00
0.00
1.20
0.00
0.90
0.90
13.80
0.00
3.30
19.00
15.50
0.00
0.00
0.00
0.00
0.10
0.00
0.00
0.00
0.00
0.00
0.00
0.00
0.00
0.00
0.00
0.00
0.00
0.00
0.00
0.00
0.00
0.00
0.00
0.00
0.60
0.00
0.20
0.00
0.00
0.00
0.00
0.00
0.00
0.40
1.60
0.00
4.80
0.40
0.00
0.00
0.80
1.30
0.00
0.00
0.00
0.00
0.00
2.70
0.00
0.00
0.00
0.00
0.00
0.00
0.00
0.00
0.00
0.00
0.00
0.00
0.00
0.00
0.00
0.00
0.00
0.00
0.00
0.00
0.00
0.00
0.00
0.10
0.30
0.00
0.00
6.20
0.00
0.00
0.00
0.00
0.00
0.00
0.00
4.50
1.50
1.20
0.10
0.00
0.00
0.00
0.30
2.20
4.30
0.00
0.00
0.00
0.00
0.00
0.00
0.00
0.00
0.00
0.00
0.00
0.00
0.00
0.00
0.00
0.00
0.00
0.00
2.70
10.60
7.30
0.00
0.00
0.00
0.40
1.00
0.00
0.00
1.20
0.10
0.00
0.00
0.00
0.00
0.00
0.00
0.00
1.50
0.00
0.00
0.00
0.00
0.00
0.00
0.00
0.00
0.00
0.00
0.00
0.00
0.00
0.00
0.30
0.00
1.90
23.80
14.70
2.70
0.30
0.00
0.70
0.00
0.00
0.10
0.00
6.30
0.00
0.00
0.00
0.00
0.10
0.10
0.00
1.70
0.00
0.00
0.00
0.00
0.00
0.00
0.00
0.00
22.20
1.60
9.70
12.00
33.10
22.80
1.90
0.10
0.00
0.10
0.20
0.10
0.10
0.20
0.10
0.00
0.00
0.00
0.00
0.00
0.00
0.10
0.00
6.10
0.00
0.20
0.50
0.00
0.00
0.00
0.10
0.00
0.00
0.10
0.00
0.20
0.20
0.20
0.20
0.00
0.00
0.00
0.20
0.00
0.00
0.00
0.00
0.00
0.00
0.40
0.30
0.10
0.90
0.00
0.00
0.00
0.00
0.00
1.80
4.60
2.20
1.90
0.80
0.00
0.10
0.20
0.00
1.40
0.40
0.20
0.00
0.10
0.20
0.10
0.10
0.10
0.20
0.00
0.10
0.20
0.10
0.70
2.30
1.00
0.30
0.30
0.30
0.10
0.00
0.10
0.00
0.00
0.00
0.00
0.10
0.00
0.00
0.00
0.00
0.00
0.00
0.00
1.50
0.00
0.00
0.30
0.00
0.00
0.00
0.50
0.00
0.00
0.00
0.00
0.00
1.00
0.80
0.00
0.00
0.00
0.00
0.00
0.00
0.00
0.00
0.00
0.10
0.10
0.00
1.60
0.20
9.30
0.20
0.00
0.20
0.00
0.00
0.00
0.00
0.00
0.00
0.00
0.00
0.00
0.00
0.00
0.00
0.00
0.00
5.50
0.20
0.00
0.00
0.00
0.00
0.00
0.00
3.40
0.10
1.20
0.00
0.00
1.10
0.00
0.00
0.00
0.00
0.00
0.00
0.20
0.00
0.00
0.00
0.00
0.00
0.00
0.00
0.00
0.00
0.00
0.00
0.00
0.00
0.00
0.30
0.90
0.00
0.00
0.00
0.10
0.00
0.00
0.00
0.00
0.00
0.00
0.00
0.00
0.00
0.00
0.00
0.00
0.00
0.00
0.10
0.00
0.00
0.00
0.00
0.00
0.00
0.00
0.00
0.00
0.00
0.00
0.00
0.00
0.00
0.00
0.00
0.00
0.00
0.00
0.00
0.00
0.00
0.60
1.40
0.00
0.00
0.00
0.00
0.00
0.00
0.00
0.00
0.00
2.50
0.00
0.00
0.00
0.00
0.00
0.00
0.00
0.00
0.00
1.30
0.00
0.00
0.00
0.00
0.40
0.00
0.00
0.00
0.00
0.00
0.00
0.00
0.00
0.00
0.00
0.00
0.00
0.00
0.00
0.00
0.00
0.00
0.00
0.00
0.00
0.00
0.00
0.00
0.00
0.00
8.50
10.70
0.00
0.00
0.00
0.00
0.00
0.00
0.40
0.00
0.00
0.00
0.00
0.00
0.00
1.30
0.00
0.00
0.00
0.00
0.00
0.00
0.00
0.00
0.00
0.00
0.00
0.00
31.10
54.30
21.40
0.00
0.10
0.00
0.00
0.00
0.00
0.00
0.70
11.70
0.00
0.00
0.00
0.00
0.00
0.00
0.00
0.00
0.00
0.00
0.00
0.00
0.00
0.00
0.00
0.00
0.00
7.60
0.60
0.00
0.00
0.20
0.00
0.00
0.90
0.10
2.80
0.10
0.00
4.00
0.20
0.00
0.00
0.00
0.00
0.00
0.00
0.00
0.00
0.00
0.00
0.00
0.00
0.00
0.00
0.00
0.00
0.20
0.30
0.20
0.00
0.00
0.00
2.90
0.50
0.00
0.00
0.00
0.00
0.00
0.00
0.00
0.00
0.10
0.00
1.90
0.60
0.30
0.10
0.00
0.10
0.00
0.00
12.50
0.00
3.60
0.00
0.10
0.20
0.80
0.20
-99.00
0.60
0.00
0.00
0.00
0.20
0.00
0.20
2.10
0.70
0.00
0.10
0.20
0.20
0.10
0.10
0.10
0.10
0.00
0.10
0.00
0.00
0.00
0.00
0.10
0.10
0.10
0.10
0.10
0.10
0.30
0.20
0.10
0.10
0.00
0.00
0.00
0.20
0.10
6.40
0.10
0.00
0.10
0.00
0.00
0.00
0.00
3.00
0.30
0.10
0.10
0.10
0.00
0.00
0.20
0.10
4.10
3.70
0.10
0.00
1.00
0.00
0.00
0.00
0.00
5.60
0.50
0.30
0.00
0.00
0.00
0.00
0.00
0.00
0.00
0.00
0.00
0.00
0.00
0.00
0.00
0.00
0.00
6.10
0.00
0.00
0.00
0.00
0.00
0.00
0.00
0.00
10.50
0.00
0.00
0.00
0.00
0.00
0.00
0.00
0.00
0.00
0.00
0.00
0.00
0.10
0.10
8.80
11.50
26.90
14.00
2.90
5.00
0.60
0.00
0.00
0.00
0.00
0.00
10.20
6.10
12.30
5.50
0.00
9.30
0.20
0.00
0.00
0.00
0.00
0.00
0.00
0.00
0.00
0.00
1.00
0.00
2.70
18.70
0.00
8.20
0.10
3.00
0.10
0.00
0.00
0.00
0.00
0.00
0.00
0.00
0.80
0.00
0.00
0.00
0.00
1.60
0.00
0.00
0.00
0.20
0.00
4.90
0.10
0.70
0.10
8.80
0.00
0.00
0.00
0.00
0.00
8.80
0.20
0.00
0.00
0.00
0.00
0.00
0.00
0.00
0.00
0.00
4.00
0.30
0.10
1.00
0.00
0.00
0.00
0.00
0.00
0.00
0.00
0.00
0.00
0.00
0.00
0.00
2.90
0.00
0.00
0.00
0.00
0.00
0.00
0.00
0.00
0.00
0.00
0.00
0.00
0.00
0.00
0.00
0.00
0.00
0.00
0.00
0.00
0.00
0.00
0.00
0.00
0.00
0.00
0.00
0.00
0.00
0.00
0.10
0.00
0.00
0.00
0.00
5.80
0.10
0.00
0.00
0.00
-99.00
-99.00
0.00
0.00
0.00
0.00
0.00
0.00
0.00
0.00
0.00
0.00
-99.00
0.10
0.00
0.00
0.00
-99.00
-99.00
-99.00
0.00
-99.00
-99.00
0.00
-99.00
0.10
-99.00
-99.00
-99.00
-99.00
-99.00
-99.00
-99.00
-99.00
-99.00
-99.00
-99.00
0.20
0.10
0.00
0.00
0.30
0.60
0.00
0.00
0.00
0.00
0.00
0.00
5.90
0.00
0.00
0.00
7.90
22.20
5.90
0.20
0.00
0.00
0.00
0.50
4.80
0.00
0.00
0.00
0.00
0.00
1.90
0.00
0.00
0.10
0.00
0.00
0.00
0.00
0.00
0.00
0.00
0.00
0.00
0.00
0.00
0.00
0.00
0.00
0.00
0.00
0.00
0.00
0.00
0.00
0.00
0.00
0.00
0.00
0.00
0.00
0.00
0.00
0.00
0.00
5.00
0.90
0.00
0.00
0.00
0.00
0.10
0.00
0.00
0.00
0.10
0.00
0.10
0.00
0.00
0.00
0.00
0.00
0.00
0.00
0.00
0.00
0.00
0.00
0.00
0.00
0.00
1.30
2.30
0.00
0.00
0.20
0.10
0.10
0.20
0.20
0.10
0.20
0.20
0.00
0.20
0.10
0.20
5.30
2.20
0.20
0.10
0.10
0.10
0.00
0.00
3.10
4.30
0.00
0.00
1.30
0.10
2.20
0.00
0.00
0.10
0.50
0.30
0.10
0.10
0.00
0.10
0.30
0.30
0.20
0.00
0.10
0.00
0.10
0.00
0.10
1.10
0.00
0.00
0.00
0.00
0.00
0.00
0.00
0.00
0.00
0.10
0.00
0.00
0.00
3.70
1.20
0.20
0.00
0.10
0.00
2.00
2.20
0.00
0.00
0.00
0.00
0.00
0.00
0.00
0.20
0.00
0.00
0.00
0.00
0.60
0.00
0.20
0.00
0.00
0.00
0.00
0.00
0.00
0.00
0.00
0.00
0.00
0.00
0.00
0.70
0.00
0.00
1.10
0.10
0.00
4.60
0.10
0.00
2.40
0.00
0.00
0.00
0.00
0.70
1.20
4.30
1.60
4.00
0.00
0.80
0.00
0.00
0.00
3.00
2.40
0.10
41.10
0.00
0.00
0.00
0.00
0.00
0.00
0.00
2.00
0.00
0.00
0.00
0.00
0.00
0.00
0.00
0.00
0.00
0.00
35.60
35.10
1.90
10.10
0.00
10.70
0.00
2.40
1.10
1.20
7.50
0.10
0.00
0.70
3.80
4.30
13.30
1.30
6.30
0.00
0.10
0.00
2.80
2.90
12.50
0.80
0.10
0.30
0.10
0.00
0.00
0.00
1.70
1.20
0.00
0.00
0.00
0.00
25.90
0.30
0.00
0.00
0.00
0.00
0.00
0.00
0.00
0.00
0.00
8.40
0.00
0.00
9.30
0.00
0.00
0.00
0.00
0.00
0.50
0.00
0.00
0.00
0.00
0.00
15.60
0.00
0.00
0.00
0.00
0.00
0.00
0.00
0.00
0.00
0.00
0.00
0.00
0.00
0.00
0.00
0.00
0.00
0.00
0.00
0.00
0.00
0.00
0.00
0.00
0.00
0.00
0.00
0.00
0.00
0.00
0.00
0.00
2.20
0.00
0.00
0.00
0.00
2.80
0.00
0.00
13.50
0.10
0.00
0.00
0.00
0.10
0.00
0.00
0.00
16.10
0.60
0.00
0.00
0.00
0.00
2.00
0.10
0.00
0.00
0.00
3.70
0.00
0.00
0.00
0.00
0.00
0.00
0.10
0.00
0.00
0.10
39.20
2.70
0.30
0.00
0.00
0.00
0.00
0.00
0.00
0.00
0.00
0.00
0.00
0.00
0.00
0.00
0.00
0.10
0.00
0.00
0.00
0.00
0.00
0.10
0.00
0.00
0.20
0.00
0.00
0.00
1.20
4.00
0.10
0.00
0.00
0.00
23.20
18.10
0.20
4.50
5.80
39.00
0.00
0.00
0.00
0.00
0.10
1.20
0.30
0.20
0.20
0.40
0.10
0.00
0.00
0.30
0.20
0.10
0.20
0.20
0.20
0.00
0.00
0.00
0.00
0.00
0.00
0.00
1.10
0.00
0.00
0.00
0.00
0.00
0.00
0.00
0.00
1.80
3.30
0.10
0.00
0.10
7.10
0.80
0.00
0.00
0.10
0.00
0.00
0.30
0.20
0.30
0.10
0.00
0.10
0.00
6.60
0.20
1.50
0.00
0.00
0.00
4.30
0.10
0.00
0.20
0.00
0.00
0.00
3.70
0.80
0.30
0.10
0.00
0.00
0.30
0.20
0.10
0.10
1.50
0.00
0.00
1.40
0.60
0.10
0.10
0.00
0.00
0.00
0.00
0.20
9.60
5.80
2.70
0.20
0.00
0.10
0.10
0.00
0.00
0.00
0.00
0.00
0.00
0.00
0.00
0.00
0.00
0.00
0.00
0.00
0.00
0.00
0.00
0.00
0.00
0.00
0.10
0.00
1.50
1.50
0.00
1.20
4.20
0.00
0.00
0.00
0.00
0.00
0.00
0.00
0.10
0.00
0.00
0.00
0.00
0.00
0.00
0.00
0.00
0.00
0.00
0.00
0.00
0.00
0.00
0.00
17.30
3.10
1.00
12.40
0.20
4.20
0.10
0.00
0.00
4.30
37.50
4.90
0.00
6.30
19.90
1.00
0.00
0.00
17.10
6.30
0.00
0.00
0.00
0.00
0.00
0.00
0.00
0.00
0.00
21.60
0.00
0.00
0.00
0.00
0.00
0.00
0.00
0.00
0.00
0.00
0.00
0.00
0.20
0.10
0.00
0.00
0.50
0.10
0.00
0.00
0.00
0.00
0.00
0.00
0.00
0.00
0.00
0.00
0.00
0.00
0.00
0.00
0.00
0.00
0.00
0.00
0.00
0.00
0.00
7.30
0.00
0.00
0.10
0.00
0.00
0.00
0.00
0.00
0.00
2.80
0.30
0.00
0.00
0.00
2.80
0.00
0.00
0.00
0.00
7.40
0.00
0.00
0.00
0.00
0.00
0.00
0.00
0.00
0.00
0.00
5.70
0.00
0.00
9.60
0.00
0.00
0.10
0.00
1.20
0.00
0.00
0.00
0.00
0.00
0.00
2.50
0.40
0.00
0.00
0.00
0.00
0.00
0.00
0.00
0.00
0.00
3.60
0.00
0.00
0.00
0.00
0.00
0.00
1.80
0.00
0.00
0.00
0.00
0.00
0.00
0.00
0.00
0.00
0.00
0.00
0.00
0.00
0.00
0.00
0.00
0.40
0.00
0.00
0.00
0.00
0.00
0.00
0.00
0.00
0.00
0.00
0.00
0.00
0.00
0.00
0.00
0.00
0.00
0.60
1.40
0.00
0.00
0.00
13.70
0.10
0.00
0.00
0.00
0.00
0.00
0.00
0.00
0.00
0.00
0.00
0.10
10.20
0.50
0.00
0.00
0.00
0.00
0.00
0.00
2.50
0.00
0.00
0.00
0.00
0.00
0.00
0.00
0.00
0.00
0.00
0.00
1.60
12.90
8.20
0.00
0.00
0.00
0.00
0.00
0.10
0.00
0.10
0.00
0.00
0.20
0.00
0.00
0.00
0.00
1.20
0.00
0.00
0.00
0.00
0.00
0.00
0.00
0.00
0.00
0.00
0.00
0.00
0.00
0.10
0.60
0.00
0.00
0.00
2.80
0.10
0.00
3.10
0.00
0.00
0.30
4.00
0.00
0.00
0.00
0.00
0.00
0.00
0.00
0.10
0.80
1.70
2.60
0.00
0.00
0.60
0.00
0.00
0.00
7.50
11.20
2.20
7.90
0.70
6.40
0.00
1.80
4.60
0.00
0.20
0.00
0.00
0.00
6.00
4.00
0.00
7.50
1.20
1.60
5.30
4.80
8.20
5.00
3.10
0.00
0.00
0.00
0.00
0.10
0.00
0.00
0.00
0.00
0.00
7.10
3.60
0.00
0.00
0.00
0.00
0.00
0.00
0.00
0.00
5.60
0.10
0.00
0.00
5.80
2.20
0.00
0.00
0.00
0.00
0.00
1.90
0.90
1.40
3.90
3.00
0.00
0.60
0.40
0.50
0.20
0.00
0.00
1.80
0.00
0.00
1.40
6.60
0.00
0.00
0.00
10.60
-99.00
0.00
0.00
0.00
0.00
0.00
0.00
0.00
0.00
0.00
0.00
0.00
0.00
7.60
3.70
0.00
0.60
3.80
0.80
0.00
0.00
0.00
4.00
0.00
0.00
0.00
0.00
0.00
0.00
0.00
1.60
0.00
0.00
0.00
0.00
7.80
0.00
1.70
0.00
0.30
0.00
0.20
0.00
0.00
0.00
0.00
4.80
0.10
0.00
0.00
0.00
0.00
0.00
0.00
0.00
7.70
52.20
3.80
0.00
0.00
0.10
0.00
0.00
10.10
0.60
4.00
0.30
0.00
1.90
0.00
0.00
0.00
0.00
0.00
0.00
0.20
0.00
0.00
0.00
0.00
0.00
0.00
0.00
0.00
0.00
0.00
0.00
0.00
0.00
0.00
3.20
0.00
0.00
24.50
1.40
9.80
0.10
0.00
5.40
0.00
0.00
0.00
0.00
0.00
0.00
0.00
0.00
0.00
0.00
0.00
0.00
0.00
0.00
0.00
0.00
0.00
0.00
0.00
0.30
0.00
0.00
0.00
0.00
0.00
0.00
0.00
0.00
0.00
0.00
0.00
0.00
0.00
0.00
0.00
0.00
0.00
0.60
0.30
0.00
0.00
0.00
0.00
0.00
0.00
0.00
0.00
7.40
2.30
0.00
0.00
0.00
0.00
0.00
0.00
0.00
0.00
0.00
10.90
0.00
0.00
0.00
0.00
0.00
0.00
3.00
0.00
0.00
0.00
0.00
0.00
0.00
0.00
0.00
0.00
0.00
0.00
0.00
0.00
0.00
0.00
0.00
0.00
0.00
1.90
0.00
0.00
0.00
0.00
0.00
0.00
0.00
0.00
0.20
18.90
1.30
0.00
5.90
0.40
0.00
4.40
0.40
0.00
0.00
0.00
0.00
0.00
0.00
0.00
0.00
0.00
0.10
0.00
0.00
0.00
0.00
32.60
3.20
19.60
4.50
0.00
0.00
0.00
0.00
0.00
0.00
0.00
0.00
0.00
0.00
0.00
0.00
0.00
0.00
0.00
0.00
0.50
0.10
0.00
0.00
0.00
0.00
0.00
0.00
0.00
0.00
3.80
0.20
0.00
0.00
0.00
0.00
1.00
0.40
0.00
0.00
0.00
0.00
4.40
0.00
0.00
0.00
0.00
0.00
0.00
0.00
0.00
0.00
0.30
0.60
0.00
0.00
0.00
0.00
0.10
1.80
0.50
0.00
0.00
0.10
0.10
0.20
0.10
0.00
0.00
0.00
0.00
0.30
0.00
5.00
0.10
0.70
0.00
0.00
0.00
0.00
0.00
0.00
0.00
0.00
0.20
0.00
0.00
0.00
0.90
0.10
0.00
0.00
0.50
0.10
0.00
0.00
0.00
0.10
0.10
0.20
0.20
0.30
0.00
0.30
0.00
0.00
0.00
0.00
0.00
0.00
0.00
0.90
0.10
0.00
1.00
0.00
0.00
0.00
0.00
0.00
0.00
0.00
0.00
0.00
0.00
0.00
0.00
0.00
1.40
0.50
0.00
3.70
0.00
3.40
0.00
0.00
0.00
0.00
0.00
0.00
0.00
0.00
0.00
0.00
0.00
4.30
0.10
0.00
0.00
0.00
0.00
0.00
0.00
0.40
20.60
0.00
0.10
17.70
1.10
0.00
0.00
0.00
0.00
0.00
4.50
0.00
0.00
0.00
0.00
3.70
0.00
0.00
0.80
0.00
0.00
0.00
0.00
0.00
0.00
0.00
0.00
0.00
0.00
0.00
0.00
0.00
0.00
0.00
0.90
0.00
0.00
0.00
0.00
0.00
0.90
3.20
5.60
4.30
0.30
0.00
0.00
27.80
1.10
0.00
0.00
0.20
5.20
0.00
0.00
0.00
20.10
0.10
0.00
0.00
0.00
0.00
0.00
0.00
0.00
0.00
0.00
0.00
0.00
0.00
0.00
0.00
0.00
0.00
0.00
6.00
0.00
0.00
0.00
10.00
0.30
0.00
0.90
0.40
1.20
0.00
0.00
10.90
0.00
0.00
4.20
0.00
0.00
0.00
0.00
0.00
0.00
0.00
0.00
0.00
0.00
0.10
0.00
0.00
0.00
0.00
0.00
0.00
0.00
0.00
0.00
0.00
0.00
8.50
2.80
0.00
0.00
0.00
0.00
0.00
0.00
0.00
11.80
0.10
0.00
0.00
0.00
0.00
0.00
0.00
0.00
0.00
0.00
0.00
0.00
0.00
0.00
0.00
0.00
0.00
0.00
0.00
0.00
0.00
0.00
0.00
0.00
0.00
0.00
0.10
0.00
0.00
0.00
0.00
0.60
0.00
0.00
0.00
0.00
0.00
0.00
0.00
0.00
0.00
0.00
0.00
0.00
0.00
0.00
0.00
0.00
0.00
22.50
0.00
1.50
0.00
0.00
0.00
0.00
0.00
0.00
0.00
0.00
0.00
0.00
0.00
0.00
0.00
0.00
0.00
0.00
0.00
0.00
0.00
0.00
0.00
1.10
0.00
0.00
0.00
0.00
0.00
0.00
0.00
0.00
0.00
0.00
0.00
0.00
0.00
0.00
0.00
0.00
0.00
0.00
0.00
0.00
0.00
0.00
0.00
0.00
0.00
0.00
0.00
0.00
0.00
4.40
0.00
0.00
7.40
5.10
0.80
0.00
0.00
0.00
0.60
9.20
17.50
0.90
1.40
8.10
0.00
0.00
0.00
0.00
0.00
0.00
0.00
62.20
0.30
0.00
0.00
0.30
0.20
2.20
4.50
0.10
0.20
0.40
0.30
0.20
0.30
0.30
0.40
0.40
0.00
0.00
0.00
0.00
0.00
0.00
0.00
0.00
0.20
0.40
0.00
0.00
0.00
0.00
0.00
0.00
0.00
0.00
0.00
0.00
0.00
0.00
0.00
0.00
0.00
0.00
0.00
0.00
0.00
0.00
0.00
0.00
0.00
0.00
0.00
0.00
0.00
0.00
0.00
0.00
0.30
0.50
0.30
0.10
0.00
0.10
0.00
0.00
0.00
0.10
0.10
0.00
0.00
0.10
0.00
0.00
1.40
0.70
0.00
0.00
0.00
0.30
0.00
0.00
0.00
0.70
0.00
0.00
0.00
0.00
0.00
0.00
0.00
0.00
0.00
0.00
0.00
0.00
0.00
0.00
0.00
0.00
0.00
0.00
0.00
0.00
0.00
0.00
0.00
0.00
0.00
0.50
0.40
0.00
0.00
0.00
0.00
0.00
0.00
0.00
0.00
0.00
0.00
0.00
0.00
0.00
0.00
0.00
0.00
0.80
11.10
0.00
0.00
0.00
0.00
1.20
0.00
0.00
0.00
0.00
0.00
0.00
0.00
2.70
3.90
5.40
12.60
0.00
0.00
0.00
3.20
0.10
0.20
0.00
0.80
0.10
0.00
0.00
0.20
0.00
0.00
0.50
0.00
0.10
0.00
0.00
0.00
0.00
13.80
0.00
6.20
0.20
0.00
0.00
0.00
0.00
0.00
0.00
0.00
0.00
0.00
0.00
5.50
0.10
0.00
0.00
0.00
0.00
0.00
5.50
22.20
0.00
0.00
0.00
0.00
0.00
0.00
0.00
0.00
0.00
0.00
0.00
0.00
0.00
3.10
0.00
0.00
0.00
0.00
0.00
0.00
0.00
0.00
0.00
0.00
0.00
0.00
0.00
0.00
1.00
6.50
0.10
0.00
0.00
0.00
0.00
0.00
0.00
0.00
0.00
0.00
0.00
56.80
0.00
0.00
0.00
2.40
0.10
0.00
0.00
0.00
0.00
0.00
0.10
0.00
0.00
0.00
0.00
0.00
0.00
0.00
0.00
0.00
0.00
0.00
0.00
0.00
0.00
0.00
0.00
0.00
0.00
0.00
0.00
0.00
0.00
0.00
0.40
0.00
0.00
0.00
0.00
0.00
0.00
0.00
0.00
0.00
0.00
0.00
0.00
0.00
0.00
0.00
0.00
0.00
0.00
0.00
0.00
0.00
0.00
0.90
0.00
3.50
0.00
0.00
0.00
0.00
0.00
0.00
0.00
0.00
0.00
0.00
0.00
0.00
0.00
0.00
0.00
0.00
0.00
0.00
0.00
0.00
0.00
0.00
0.00
0.00
0.00
0.00
0.50
0.00
0.80
32.60
0.10
0.00
0.00
0.00
0.00
0.00
0.00
0.00
0.00
0.00
2.20
5.10
0.00
0.00
5.90
0.00
0.00
0.00
0.00
1.10
3.60
15.20
0.00
0.00
0.10
25.30
2.50
0.00
0.00
0.00
2.90
10.00
0.00
0.00
0.00
3.50
0.00
0.00
0.00
0.00
11.70
0.20
0.00
0.00
0.00
0.00
0.00
0.00
4.40
4.60
0.10
0.00
0.00
0.00
0.00
0.00
0.00
0.20
5.40
0.10
0.00
0.00
0.00
0.00
0.00
0.00
0.00
0.00
0.00
0.00
0.00
0.00
0.00
0.00
0.10
3.70
0.20
0.20
0.10
0.00
0.00
0.00
0.00
0.00
0.00
0.00
0.00
0.00
0.00
0.00
0.00
0.00
0.00
0.00
0.00
0.00
0.00
0.00
0.00
0.00
0.00
0.00
0.00
0.00
6.60
0.20
0.00
0.00
0.00
0.00
2.50
21.40
0.80
0.00
0.00
0.00
2.20
0.00
0.60
1.30
0.20
0.00
0.00
0.00
0.00
0.20
0.00
0.00
0.30
0.00
0.00
0.00
0.00
1.30
0.00
0.00
0.00
0.00
0.00
0.00
0.00
0.00
0.00
0.00
0.00
8.90
6.80
0.00
0.00
0.00
0.00
1.30
1.30
0.00
0.00
1.50
18.30
21.60
0.20
0.20
0.00
0.00
0.30
0.00
0.60
0.00
0.00
3.00
3.10
0.10
1.70
1.60
0.00
0.00
0.00
0.00
4.60
0.10
0.60
0.10
4.20
0.10
0.00
0.00
0.00
0.90
3.60
2.90
0.00
0.00
0.10
0.00
0.00
0.00
0.00
0.00
0.00
0.00
0.00
0.00
0.00
0.00
0.00
0.00
0.00
0.00
0.00
1.60
2.10
11.60
14.40
28.90
5.30
0.00
0.00
0.00
0.10
0.00
0.00
0.00
0.00
0.90
0.10
0.00
0.00
0.00
3.40
22.70
0.00
8.60
2.80
0.00
0.50
0.00
0.00
0.00
0.00
0.00
0.00
0.40
1.50
0.00
0.00
0.00
0.00
0.00
0.00
0.00
0.00
0.00
0.00
20.00
1.20
0.00
0.00
0.00
0.90
1.60
0.00
0.00
1.00
10.40
0.80
0.00
2.70
0.00
0.00
0.00
0.00
0.00
0.00
0.00
0.00
0.00
0.70
0.00
0.00
0.00
0.00
0.00
0.00
0.00
0.00
2.30
0.10
0.00
1.30
3.30
0.00
0.00
0.00
2.30
0.00
0.00
0.00
0.00
1.20
0.00
0.00
0.00
0.00
0.50
0.00
0.00
0.00
0.00
0.00
0.00
0.00
0.00
0.00
1.70
0.00
0.00
0.00
0.00
0.00
0.00
0.00
0.00
3.00
0.00
0.00
0.00
0.00
0.00
0.00
0.00
0.00
0.00
0.00
0.00
0.00
0.00
0.00
0.00
0.00
0.00
0.00
0.00
0.00
0.20
1.50
0.00
0.00
0.00
0.00
0.00
0.00
0.00
0.00
0.00
0.00
0.00
0.00
0.00
0.00
0.00
0.00
0.00
0.00
0.00
0.00
0.00
0.00
0.00
0.00
0.00
1.40
8.90
0.10
0.00
0.00
0.00
0.00
0.00
0.00
0.00
0.00
0.00
0.00
0.00
0.00
0.00
0.00
0.00
0.00
1.20
0.20
0.00
0.00
0.00
0.00
0.00
0.00
0.00
0.00
0.00
0.00
0.00
0.20
0.00
0.00
0.00
0.00
0.00
0.00
0.00
0.00
0.00
0.00
0.00
29.20
24.20
25.50
0.00
0.00
0.00
0.00
0.00
0.00
0.00
0.00
0.00
0.00
0.00
0.00
0.00
0.00
0.00
0.00
0.10
0.20
0.00
0.00
0.30
0.30
0.30
0.30
0.30
0.20
0.30
0.10
0.00
0.10
3.50
0.60
0.00
0.00
0.00
0.70
1.20
0.00
0.00
1.20
0.00
0.00
0.00
0.50
0.00
0.00
2.70
0.00
0.00
0.00
0.00
0.00
0.00
0.50
0.80
2.40
0.10
0.10
1.90
0.00
28.10
6.20
0.00
0.00
1.20
0.00
0.00
0.00
0.00
0.00
3.40
6.50
0.00
0.00
1.40
0.00
0.00
1.60
0.70
0.00
0.00
0.80
6.00
0.30
0.10
0.00
0.00
0.00
1.90
7.90
0.00
0.00
0.00
0.00
0.00
0.00
0.00
0.00
0.40
0.00
0.00
0.20
0.00
0.00
0.70
0.00
0.00
0.00
0.00
0.00
0.00
0.00
0.00
0.00
0.00
0.00
0.00
0.00
0.00
0.00
0.00
0.00
0.00
2.50
0.00
0.80
0.20
0.00
0.00
0.00
0.00
12.50
0.60
0.00
0.00
41.10
0.00
0.00
0.00
0.00
0.00
0.00
0.00
0.90
0.10
0.00
0.00
0.00
0.00
0.00
0.00
0.40
2.10
15.50
0.30
0.00
10.80
0.00
0.00
0.00
0.00
0.00
0.00
0.00
0.00
0.00
0.00
0.00
0.00
0.00
0.00
0.00
0.00
0.80
1.20
0.20
0.00
0.00
0.00
0.00
0.00
0.00
0.00
0.00
1.20
0.10
0.00
0.00
9.40
0.00
5.20
0.20
1.70
0.00
0.00
0.00
0.00
0.10
0.00
0.00
0.00
0.00
0.00
0.00
0.00
0.00
0.00
0.00
2.90
0.00
5.20
0.00
0.00
0.00
0.00
0.00
5.10
8.40
2.60
0.00
0.00
0.00
0.00
0.00
0.00
0.10
5.10
0.00
0.00
11.30
3.00
0.00
0.00
0.00
0.00
0.00
0.00
0.00
0.00
0.00
0.00
0.50
0.30
0.00
0.00
0.00
0.00
0.00
4.80
0.00
0.00
1.70
0.00
0.00
0.00
2.70
1.50
0.00
0.00
0.00
0.00
0.00
1.40
0.00
0.00
0.00
0.00
0.00
0.00
0.00
0.00
0.00
0.00
0.00
0.00
0.00
23.50
0.00
0.00
0.00
0.00
0.00
0.00
0.00
0.00
0.00
0.00
0.00
0.00
0.00
0.20
0.00
0.00
0.10
0.00
0.00
0.00
0.00
0.00
51.00
0.00
0.20
2.30
0.00
1.10
0.00
0.60
2.60
1.00
0.00
0.00
0.00
0.00
6.20
0.00
11.50
0.10
0.00
0.00
0.00
3.80
0.00
0.00
0.00
0.00
13.10
0.10
2.70
0.00
0.20
0.00
0.00
0.00
0.00
0.00
0.00
0.00
0.00
0.00
0.00
0.00
0.00
0.00
0.00
0.00
0.00
0.00
0.00
0.00
2.00
14.10
0.00
0.00
0.00
0.00
0.50
0.00
3.70
0.10
0.00
2.60
0.10
0.00
0.00
0.00
0.00
0.00
0.00
0.00
0.00
0.00
0.10
14.70
2.30
10.90
29.90
2.70
0.00
0.00
2.00
4.00
0.00
0.00
0.00
0.00
0.00
0.00
0.00
0.00
0.00
0.20
5.10
0.00
0.00
0.00
0.00
0.10
0.40
0.20
0.20
0.30
0.10
0.20
0.20
0.10
0.00
0.00
0.00
0.00
0.00
0.00
0.00
0.00
0.50
0.30
0.20
0.10
0.10
0.30
0.10
0.00
0.00
0.00
1.00
0.00
0.00
2.80
0.10
0.00
0.00
0.00
0.00
0.00
0.00
0.00
0.00
0.00
5.20
0.10
0.00
0.00
2.30
12.00
0.00
0.00
0.00
0.00
0.00
0.00
0.00
0.00
0.00
0.00
0.00
0.00
0.00
0.00
0.00
0.00
1.70
0.10
0.40
0.00
0.00
0.00
0.00
0.00
0.00
0.00
0.00
0.00
0.00
0.00
0.00
0.00
0.00
0.00
0.00
0.00
0.00
0.10
0.00
0.00
0.00
0.00
0.00
1.60
8.90
3.20
0.10
0.60
5.00
0.00
0.00
0.00
0.00
0.00
0.00
0.00
0.00
0.00
0.00
0.00
0.00
0.00
0.00
0.00
0.00
0.00
0.00
0.00
0.00
0.00
30.80
0.00
5.50
0.20
0.00
0.00
0.20
0.00
0.30
0.00
14.20
0.00
0.00
0.00
0.00
0.00
0.00
0.00
0.00
0.00
0.00
0.00
0.00
0.00
0.00
0.00
0.00
0.00
0.00
0.00
0.00
0.00
0.00
4.20
0.00
0.00
0.00
0.00
0.00
0.00
0.00
0.00
0.00
0.00
0.00
0.00
0.00
0.00
0.00
0.00
0.00
0.00
0.00
0.00
4.40
0.40
0.40
0.10
0.70
16.20
0.00
6.00
0.00
0.00
0.00
0.00
0.00
0.00
5.40
0.00
0.00
0.00
0.00
0.00
0.00
0.00
0.00
0.00
0.00
0.00
0.00
0.00
0.00
0.00
0.00
0.00
0.00
0.00
0.00
0.00
0.00
0.00
0.00
0.40
0.00
0.00
0.50
0.80
0.00
4.60
0.00
0.00
0.00
0.00
0.00
0.00
40.00
0.20
0.00
0.00
0.00
0.00
0.00
0.00
5.80
0.00
0.00
0.00
0.00
0.00
0.00
0.00
0.00
0.20
9.40
0.00
0.00
0.00
0.40
0.00
0.00
0.00
0.00
0.00
0.00
0.00
0.00
1.30
0.10
1.40
5.50
5.60
0.00
0.00
0.00
0.00
0.00
3.20
0.00
0.00
0.00
0.00
0.00
0.00
0.00
0.00
0.00
0.00
0.00
0.00
0.00
0.00
0.00
1.30
0.20
0.00
8.80
0.50
4.00
0.20
0.00
0.00
0.20
0.00
0.00
0.00
0.00
0.00
0.00
0.00
0.00
0.20
0.00
0.00
0.00
0.00
0.00
0.00
0.00
0.00
0.00
0.00
0.00
0.00
0.10
0.00
0.00
0.00
0.00
0.00
27.80
0.00
0.00
0.00
0.00
0.00
0.00
0.00
0.00
0.20
0.50
0.20
0.00
0.20
0.30
0.20
0.30
0.30
0.20
0.40
0.00
0.00
0.00
0.00
0.00
0.00
0.00
0.00
0.00
0.00
0.00
0.00
0.00
0.00
0.00
0.00
0.00
0.00
0.20
0.30
0.30
0.40
0.20
0.00
0.00
0.00
0.00
0.00
0.00
0.00
0.10
0.30
0.20
0.30
0.30
0.10
0.00
0.10
0.00
0.10
0.00
0.10
1.10
2.40
0.10
0.00
0.00
0.00
0.00
0.00
0.60
0.00
0.00
0.00
0.00
0.00
0.00
0.00
0.00
0.00
0.00
0.00
0.00
0.00
0.00
0.10
0.00
0.00
0.00
0.00
0.00
0.00
0.00
0.00
0.00
0.00
0.00
1.00
0.00
0.00
2.50
1.90
5.00
9.70
0.00
0.00
0.00
0.00
0.20
0.00
0.00
0.00
0.40
0.00
0.00
0.00
0.90
51.40
0.00
0.10
0.00
0.00
0.00
3.00
0.10
0.00
0.10
0.20
1.70
0.00
0.00
0.00
0.00
0.00
2.70
0.90
0.90
0.00
2.60
8.80
0.40
0.00
0.00
0.00
0.00
0.00
0.00
0.00
0.00
0.00
0.00
0.90
0.00
0.00
8.60
10.20
0.00
0.00
0.00
0.00
0.00
0.80
0.00
0.00
0.00
0.00
0.00
0.00
0.00
0.00
0.00
1.00
0.10
0.80
0.00
0.00
0.00
6.30
15.50
0.10
1.80
0.00
0.00
0.00
0.00
0.00
0.00
0.00
3.90
17.50
2.40
3.30
0.00
0.00
0.00
0.00
0.00
0.00
0.00
0.00
0.00
0.00
4.00
0.00
0.00
0.00
0.00
0.00
3.30
0.00
0.00
0.00
0.00
0.00
0.00
0.80
0.00
2.00
0.00
0.00
0.00
0.00
1.00
0.00
0.00
0.00
16.30
0.00
0.70
2.80
0.00
0.00
0.00
0.00
0.00
0.00
0.00
0.60
0.00
0.00
1.00
0.00
0.00
0.00
0.00
0.00
0.00
0.00
0.00
0.00
0.00
0.00
0.00
0.00
0.00
0.00
0.00
0.00
0.00
0.00
0.00
0.20
0.00
4.00
0.10
0.00
0.00
0.00
0.00
0.00
0.00
0.00
0.00
0.00
0.00
0.00
0.00
0.00
0.00
0.00
0.00
0.00
0.00
0.00
0.00
0.00
0.00
1.20
0.50
0.00
0.00
0.00
0.00
0.00
0.00
0.00
0.00
0.00
0.00
0.00
0.00
0.00
2.60
0.00
0.00
0.00
0.00
0.00
0.00
0.00
0.00
0.00
14.50
0.00
0.00
0.00
3.90
0.40
0.00
0.00
0.00
0.00
0.00
0.00
0.00
0.00
0.80
0.00
13.10
0.00
0.00
0.00
0.00
0.00
0.00
0.00
0.00
0.00
0.00
5.20
0.00
0.00
0.00
0.00
0.00
1.30
29.50
0.00
0.00
0.00
0.30
0.00
0.00
0.00
0.00
4.90
0.00
0.00
1.60
0.00
0.00
0.10
0.20
0.20
0.40
0.00
0.10
0.10
0.70
3.30
0.00
0.00
0.00
0.00
0.00
0.00
0.00
0.00
0.00
0.00
0.00
0.00
0.00
0.00
0.30
6.90
3.60
28.20
0.00
0.00
0.40
5.20
0.10
0.00
0.00
0.00
0.10
0.20
0.10
0.00
0.00
0.00
0.20
0.30
0.30
0.50
0.30
-99.00
-99.00
0.60
2.40
0.00
0.00
0.00
1.10
0.30
0.00
0.40
0.30
0.30
0.30
0.30
0.30
0.30
0.20
0.30
0.30
0.10
0.10
0.10
0.10
0.00
0.00
0.00
0.00
0.00
0.00
0.00
0.00
0.00
0.00
0.00
0.00
0.00
0.00
0.00
0.00
0.30
3.90
0.00
0.10
0.00
10.80
6.30
0.00
0.00
0.00
0.00
0.70
0.90
0.20
0.60
0.00
0.00
0.00
0.00
0.00
0.00
0.00
7.10
0.00
0.00
0.00
0.00
0.20
0.00
0.00
0.00
0.00
0.00
1.80
0.00
0.00
0.00
0.00
0.00
0.00
14.60
25.20
0.00
0.00
0.00
0.00
0.00
0.00
0.00
0.00
0.00
0.00
0.00
0.00
0.00
0.00
0.00
0.00
0.00
0.00
0.00
34.00
22.30
0.00
6.20
0.10
0.00
0.00
2.70
0.00
0.00
0.00
0.00
1.50
0.00
0.00
0.00
0.00
0.00
0.00
0.00
0.00
0.00
0.00
0.00
0.00
0.00
0.00
0.00
0.00
0.00
0.00
0.00
1.00
2.60
9.50
0.00
0.00
3.80
0.00
0.00
0.50
0.00
0.50
0.60
0.00
0.00
0.00
1.10
9.70
0.70
0.00
0.00
0.00
0.00
0.00
5.50
0.10
0.00
0.00
0.00
0.00
0.00
0.00
0.00
0.00
0.00
0.00
0.00
0.00
0.00
0.10
2.20
13.30
4.20
0.00
0.00
0.00
1.40
0.00
0.00
0.00
0.00
0.00
0.00
0.00
0.00
0.00
0.00
0.00
0.00
0.00
0.00
0.00
0.40
3.90
0.00
1.90
0.10
0.00
0.00
0.00
0.00
0.00
0.00
0.00
0.00
7.30
0.10
0.00
0.00
0.00
0.00
0.00
0.00
0.00
0.00
0.00
0.00
0.00
0.50
0.00
1.50
0.00
0.00
0.00
0.00
0.00
0.00
0.00
0.00
0.30
0.00
0.00
0.00
0.00
0.00
0.30
0.10
0.50
0.00
0.00
0.00
0.00
0.00
0.00
0.00
0.00
0.00
0.00
0.00
0.00
0.00
0.00
6.20
0.00
0.00
0.00
0.00
0.00
2.60
0.10
0.00
0.00
0.60
0.30
0.00
0.00
0.00
0.00
2.10
0.00
0.00
0.00
0.00
2.80
19.40
0.00
0.00
0.00
0.00
0.00
0.00
5.30
0.00
0.00
0.00
0.00
0.00
0.00
0.00
1.00
0.10
0.00
0.00
0.00
0.00
0.00
0.00
0.00
0.00
0.00
0.00
0.00
0.00
0.00
0.00
0.00
0.10
22.20
8.00
0.10
0.00
0.00
0.00
0.00
0.00
0.00
0.00
0.00
0.00
0.00
0.00
0.00
0.00
0.00
16.60
0.10
0.00
0.00
0.00
0.00
0.00
0.00
0.00
0.00
0.00
0.00
0.00
0.00
0.00
0.00
0.00
0.00
0.00
0.00
0.00
0.00
0.00
0.00
0.00
0.00
0.00
0.20
0.00
0.00
0.00
0.10
0.00
0.10
0.00
0.00
0.90
0.80
0.00
0.00
0.00
0.30
0.00
0.00
0.00
0.00
0.00
0.00
0.00
0.10
0.30
0.20
0.70
4.00
0.90
0.20
0.00
0.00
0.00
0.00
0.00
0.00
0.00
1.20
5.60
0.00
0.00
0.00
0.00
0.00
0.00
0.30
0.10
0.00
0.00
0.00
0.00
0.00
0.00
0.00
0.00
0.00
1.80
17.00
0.10
0.00
0.00
0.00
0.00
0.10
0.00
0.00
4.00
11.90
1.40
0.10
0.00
0.00
0.00
0.00
2.50
0.00
0.00
0.00
0.10
0.00
0.00
0.00
0.00
0.00
0.00
0.00
0.00
0.00
0.00
1.30
6.70
2.40
1.70
0.10
0.00
2.30
0.30
0.00
0.00
0.40
3.10
0.00
0.00
0.30
0.00
2.70
0.00
4.00
0.00
0.90
1.10
0.00
0.00
0.00
30.60
1.50
1.60
0.00
0.00
0.00
0.00
2.00
0.00
0.00
0.00
0.00
0.00
1.00
0.00
8.60
1.30
3.10
31.10
0.00
28.10
1.90
0.00
0.30
0.00
0.00
0.00
0.00
0.00
0.00
0.00
0.00
0.00
0.00
0.20
0.00
12.50
0.00
0.70
0.00
0.00
0.00
0.00
3.20
5.00
0.10
0.00
0.00
0.00
16.50
0.00
0.00
0.00
0.00
0.00
3.10
0.00
1.80
3.10
0.00
0.20
0.10
0.40
0.00
0.00
2.30
0.60
4.40
0.00
0.10
0.00
1.20
0.00
0.00
4.30
0.00
8.00
0.00
0.60
0.00
0.20
0.00
0.00
0.00
0.00
0.00
0.00
0.00
0.00
0.00
0.00
0.00
0.00
0.00
0.00
0.00
0.10
0.10
0.00
0.00
0.00
0.00
0.00
0.00
0.00
0.00
0.00
0.00
0.00
0.10
0.80
0.00
0.00
0.00
7.00
0.00
0.60
0.00
4.90
0.00
0.00
0.00
0.00
0.00
0.00
0.00
0.00
0.00
0.00
0.00
0.00
0.00
0.00
0.00
0.00
0.00
0.00
0.80
0.90
0.00
0.00
0.00
0.00
0.00
0.00
0.00
1.40
0.00
0.00
0.00
0.00
0.00
0.40
0.00
0.00
0.00
0.00
0.30
0.00
0.00
0.00
0.00
0.00
0.00
0.00
0.00
0.00
0.00
3.00
0.00
0.00
0.30
1.50
0.00
0.00
0.00
0.00
0.00
0.00
0.00
0.00
0.00
0.00
0.00
0.00
0.00
0.00
0.00
0.00
0.00
0.00
0.00
0.00
0.00
0.00
0.00
0.80
0.00
0.00
12.20
4.90
0.00
0.00
0.00
64.40
2.50
1.30
2.80
0.50
11.10
1.30
0.00
0.00
0.00
0.00
0.00
2.00
8.00
0.50
0.00
0.50
11.10
0.10
0.00
0.00
0.00
18.40
0.00
0.00
2.30
16.50
0.00
0.00
0.00
0.00
0.00
0.70
0.00
0.00
2.80
0.00
3.50
0.10
0.00
2.70
0.20
0.70
2.70
0.00
0.00
0.00
1.20
0.00
0.00
0.00
0.10
0.30
0.30
0.10
0.00
0.00
0.00
0.00
0.00
9.80
0.00
0.00
0.70
0.00
0.00
0.00
0.00
0.00
0.00
0.00
0.30
0.10
0.20
0.20
0.10
0.00
0.30
0.30
0.10
0.20
0.20
0.00
0.20
0.10
0.00
0.00
0.00
0.00
0.00
0.00
0.00
0.00
0.00
0.20
0.30
0.00
0.20
4.80
0.10
0.00
4.20
0.00
0.00
0.00
0.00
0.00
0.70
0.00
1.20
9.20
0.10
0.00
0.00
0.00
0.00
0.00
0.00
0.00
0.00
0.00
0.00
0.00
0.00
0.00
0.00
0.00
0.00
0.00
0.00
0.00
0.00
0.00
0.00
0.00
0.00
0.00
0.00
0.00
0.00
0.00
0.00
0.00
0.30
0.00
0.00
0.00
0.00
0.00
0.00
0.00
0.00
0.00
0.00
0.00
0.00
0.00
0.00
0.00
0.00
0.00
0.00
0.00
0.00
0.00
0.00
0.00
0.00
0.00
0.00
0.00
0.30
0.00
12.30
0.10
0.00
0.80
0.70
1.10
0.00
0.00
0.00
0.00
0.20
0.00
0.00
0.10
0.00
12.10
0.30
0.90
8.60
0.30
4.00
0.00
0.00
0.00
0.00
0.00
0.00
0.00
5.30
0.00
0.00
0.00
0.00
0.20
0.00
1.20
0.00
0.00
0.00
0.00
0.00
3.60
4.60
0.10
1.80
0.10
0.00
0.00
2.10
50.60
0.10
0.00
0.00
0.00
0.00
0.00
0.00
0.00
0.00
0.00
0.00
0.20
0.00
0.00
0.00
0.00
0.10
3.90
0.00
0.00
0.10
0.00
0.00
0.00
0.00
0.00
0.00
2.20
0.00
0.00
0.00
0.00
0.00
0.00
0.00
0.00
0.00
0.00
0.00
0.00
0.00
0.00
0.00
0.90
6.00
30.80
0.00
0.00
0.00
0.00
0.00
0.00
0.00
0.10
0.00
0.00
0.00
0.00
0.00
0.00
0.00
0.00
3.20
0.30
0.00
0.00
0.00
0.00
0.00
0.00
0.00
0.00
0.00
0.00
0.00
0.00
0.00
0.00
0.00
0.00
0.00
0.00
0.00
0.00
0.00
0.00
0.00
6.40
0.00
0.00
0.00
0.00
0.00
0.00
6.00
0.00
0.00
0.00
0.00
0.00
0.00
0.00
0.00
0.00
0.00
0.00
0.00
0.00
2.30
1.50
0.00
0.70
0.00
0.00
0.10
0.00
0.00
0.00
0.00
22.30
0.00
0.00
0.00
0.00
0.00
0.00
0.00
0.00
0.00
0.00
0.00
0.00
0.00
0.00
0.00
0.00
0.00
0.00
0.00
0.00
0.00
0.00
12.00
0.00
0.00
0.00
0.00
0.00
6.40
0.00
112.20
3.80
0.00
0.00
0.00
0.00
0.00
0.00
0.00
0.00
0.30
2.70
3.60
0.60
0.00
0.00
0.00
0.00
0.00
1.50
0.00
0.00
2.10
1.20
0.00
0.00
0.00
0.00
0.00
0.00
0.00
8.40
0.90
0.00
0.00
0.10
0.00
0.00
0.00
0.00
0.00
0.00
0.10
16.40
12.70
0.10
0.20
0.30
0.00
0.00
0.00
2.50
0.10
0.00
0.00
0.10
0.10
0.00
2.50
10.50
3.20
0.30
0.00
0.00
0.10
0.20
0.10
0.10
0.20
0.20
0.00
0.10
0.40
0.30
0.20
0.10
0.30
0.30
0.10
0.10
1.50
0.00
0.00
0.10
0.20
0.10
0.00
0.00
1.00
5.80
0.10
39.50
39.90
19.70
0.00
0.00
0.10
0.00
0.00
0.00
0.00
0.00
0.00
0.00
0.00
0.00
0.00
0.00
0.00
0.00
0.00
0.00
0.00
0.00
0.40
0.00
0.00
0.00
0.10
0.00
0.00
0.00
0.00
0.00
0.00
0.00
0.00
0.00
0.00
0.00
0.00
0.00
4.00
0.30
0.00
0.10
0.00
0.00
0.00
0.00
0.00
0.00
0.00
0.00
0.00
0.00
7.00
0.50
0.00
0.00
0.00
0.00
0.00
0.00
0.00
1.20
10.00
0.10
0.00
0.00
0.90
6.70
6.20
0.80
0.00
0.00
0.00
0.00
2.90
0.00
0.00
0.00
0.00
0.00
7.60
0.00
0.00
0.00
0.00
10.60
5.00
21.20
45.30
2.00
0.30
0.00
0.00
0.00
15.90
0.00
0.00
0.00
0.00
0.00
0.00
0.00
0.00
0.00
0.00
0.00
0.00
23.50
0.00
0.20
3.10
10.40
0.10
14.40
0.00
0.00
0.00
0.00
0.00
0.00
0.00
0.00
0.60
0.00
0.00
0.00
0.00
0.00
1.40
0.40
0.00
10.30
3.00
0.00
1.10
3.30
0.00
0.00
0.00
1.00
0.00
0.00
0.00
1.50
21.70
0.00
10.50
0.00
0.00
0.00
0.00
0.00
0.00
0.00
0.00
0.00
0.00
0.00
0.00
0.00
1.60
0.00
0.00
0.00
0.00
0.00
0.00
0.00
0.00
0.00
0.00
0.30
0.00
0.00
0.00
0.00
0.00
0.00
0.00
0.00
0.00
0.00
0.80
0.00
0.00
0.00
0.00
0.00
0.00
0.00
0.00
0.00
0.00
0.00
0.00
0.00
0.00
0.00
0.00
0.00
0.00
30.20
0.00
0.50
0.00
0.00
0.00
0.00
0.00
0.00
0.00
0.00
0.00
0.00
0.00
0.00
0.00
0.20
1.00
0.00
0.00
0.00
0.00
0.00
0.00
0.00
0.00
0.00
1.40
3.70
2.00
0.00
0.00
0.00
0.00
0.00
0.00
0.00
10.30
5.60
0.00
0.00
0.00
0.00
0.00
0.00
0.10
0.00
0.00
0.00
0.00
0.00
11.20
0.00
0.00
0.00
0.00
0.00
0.00
0.00
0.00
0.00
0.00
0.00
0.40
0.00
0.00
0.00
0.00
0.00
0.00
0.00
4.90
0.00
0.00
0.40
0.00
0.00
0.00
0.00
0.00
0.00
0.00
0.00
3.70
25.10
0.10
1.70
8.70
0.10
0.00
0.00
0.00
0.10
0.10
0.10
0.00
0.00
0.00
0.00
0.10
0.00
0.00
0.00
0.00
0.00
0.00
0.10
5.40
1.80
0.00
0.00
0.20
0.00
0.00
0.00
0.00
0.00
3.80
0.10
0.00
1.20
9.20
0.00
0.00
0.10
0.10
0.00
0.00
0.10
3.20
1.60
0.00
0.00
0.20
0.10
0.00
0.00
0.00
0.40
0.00
0.00
0.00
0.00
0.00
0.00
0.00
0.00
0.00
0.00
0.10
31.10
7.80
0.20
0.00
0.00
0.20
0.10
0.00
0.00
0.00
0.00
0.20
0.10
3.40
2.40
0.20
0.80
0.00
0.00
0.00
0.00
0.20
0.10
0.00
0.00
0.00
0.00
0.00
0.20
0.00
4.00
1.50
4.20
0.00
9.50
0.00
0.00
0.00
0.00
0.00
0.00
0.00
0.00
0.00
23.30
0.30
0.00
0.00
0.00
0.10
0.00
0.00
0.00
0.00
0.00
0.00
0.00
0.00
11.00
0.00
0.00
0.00
0.00
0.00
0.00
