20000101
0.00
0.00
0.00
0.20
0.00
0.20
0.00
0.00
0.60
1.00
0.00
0.00
0.20
0.80
1.20
0.00
0.20
0.00
0.00
0.00
0.00
0.00
0.00
0.00
0.00
0.20
0.20
0.00
0.20
0.00
0.00
0.00
0.00
0.00
0.00
0.00
0.00
0.00
0.00
0.00
0.00
0.00
0.60
0.00
0.00
0.00
0.20
0.00
0.00
0.00
0.00
0.40
0.00
0.00
0.00
0.00
0.00
0.00
0.00
0.60
0.00
0.00
0.00
0.00
0.00
0.00
0.00
0.00
0.00
0.00
0.00
0.00
0.00
0.00
0.00
0.20
0.00
0.00
0.00
0.00
0.00
0.00
2.80
0.00
2.20
0.60
0.40
8.00
0.20
12.60
15.60
0.00
0.20
4.60
0.00
0.00
0.00
0.00
0.00
0.00
19.80
5.60
0.00
0.00
0.60
0.00
6.20
0.00
0.00
0.00
0.00
0.00
0.00
0.00
0.00
0.00
0.00
1.00
2.20
0.20
0.00
0.00
0.00
0.00
0.00
0.00
0.00
0.00
0.00
0.00
7.40
0.00
0.00
0.00
0.00
0.00
0.00
1.60
0.60
2.00
1.60
8.20
3.00
0.00
7.80
2.00
0.60
2.00
0.00
0.00
0.00
0.00
0.00
0.00
0.00
0.00
4.40
0.00
0.00
0.00
1.60
51.20
2.20
0.00
0.00
1.40
0.20
0.00
0.00
0.00
0.00
0.00
0.00
0.00
1.00
0.00
0.00
0.00
0.00
0.00
0.00
0.40
0.00
0.00
0.00
0.00
0.00
0.00
0.00
0.00
0.00
3.60
0.00
0.00
0.00
0.00
0.00
1.00
0.00
0.20
0.00
0.00
0.00
0.00
0.40
0.20
0.00
0.00
0.00
0.00
0.00
1.40
0.00
0.00
0.00
0.00
24.40
0.00
0.00
0.00
0.00
0.00
0.00
0.00
0.40
0.00
0.00
0.00
0.00
0.00
0.00
0.00
0.00
0.00
0.00
0.00
0.00
0.00
0.00
0.00
0.00
0.00
5.60
0.00
0.00
0.00
0.00
0.00
0.00
0.00
0.00
0.00
0.00
0.00
0.00
0.20
0.20
0.00
0.00
0.20
0.20
3.00
26.60
0.00
0.00
0.00
0.00
0.20
0.00
0.00
5.60
17.80
6.20
0.00
0.00
0.00
0.00
0.00
0.00
0.00
0.00
0.00
0.00
1.00
0.20
0.20
6.80
0.00
0.20
0.00
0.00
0.00
0.00
0.00
0.20
18.00
3.40
0.40
0.00
2.60
0.20
0.40
0.20
4.60
3.00
0.20
0.80
0.00
0.00
0.80
2.80
0.00
0.00
0.00
0.00
0.00
0.00
1.60
0.00
0.00
0.00
0.00
0.00
0.00
0.00
0.00
0.80
12.20
0.00
0.00
0.60
1.40
0.20
3.00
0.00
0.00
0.00
0.00
0.00
0.00
1.20
3.60
0.00
0.00
0.00
0.00
0.00
0.00
0.00
0.00
0.00
0.00
0.00
0.00
0.00
5.80
14.20
26.80
32.20
0.40
0.60
0.60
1.20
0.00
0.00
0.00
0.00
0.20
0.00
0.20
0.00
0.00
0.00
0.00
0.00
0.00
0.80
0.00
2.00
5.60
2.40
0.00
0.00
0.00
0.00
0.00
0.20
0.00
0.00
0.00
0.00
0.00
0.20
1.80
0.00
0.00
0.00
0.00
0.00
0.00
0.00
0.00
0.00
0.00
0.00
0.00
0.00
0.00
0.00
6.60
26.20
0.00
0.00
0.00
0.00
0.00
0.00
0.00
0.00
0.00
0.40
0.80
0.00
0.00
0.60
0.20
3.40
0.00
0.00
2.80
0.00
8.00
3.00
0.00
0.00
0.00
0.00
0.00
0.00
0.00
0.00
0.00
0.00
0.00
0.00
0.00
0.00
0.00
0.00
0.00
0.00
1.00
0.00
1.40
0.00
0.00
0.00
0.20
0.00
0.00
0.00
0.00
0.00
0.00
0.00
0.00
0.00
0.00
0.00
0.00
0.00
0.00
0.20
0.20
0.20
0.20
0.00
0.00
0.00
0.00
0.00
0.00
6.40
0.00
1.00
22.20
5.40
0.20
1.60
1.00
1.20
0.00
0.00
0.00
3.20
4.20
0.00
0.00
0.00
1.00
0.00
0.00
9.00
6.40
0.00
0.00
0.00
0.00
0.00
1.20
0.20
0.00
0.00
0.00
0.00
0.00
0.00
0.00
0.00
0.00
0.00
0.00
0.00
0.00
0.00
0.00
2.20
0.00
0.00
4.80
0.00
0.00
0.00
0.00
0.00
0.00
0.00
0.00
0.00
0.00
0.00
0.00
0.00
0.00
0.00
0.00
0.00
0.00
0.00
0.00
0.00
0.00
0.40
0.00
0.00
1.20
0.20
0.00
0.00
0.00
1.40
0.80
8.80
0.00
0.20
34.20
0.00
0.00
0.00
0.00
0.00
0.00
0.00
0.00
0.00
0.00
0.00
0.00
0.00
0.00
0.00
0.00
0.00
0.00
0.00
0.00
0.00
0.00
0.00
0.00
0.00
0.00
0.00
0.00
0.00
0.00
0.00
0.00
0.00
0.00
0.00
0.00
0.00
0.00
0.00
0.00
0.00
0.00
0.00
0.00
0.00
0.80
0.00
0.00
0.00
0.00
0.00
0.00
0.00
0.00
0.00
0.00
0.40
0.00
0.00
0.00
0.20
0.00
0.20
0.00
35.60
0.00
0.20
0.00
0.00
0.20
7.20
29.20
0.20
0.20
0.20
0.20
5.60
2.40
0.00
0.00
0.00
21.20
1.20
0.00
0.00
1.60
0.00
0.00
0.00
3.20
9.40
50.40
2.00
0.00
0.00
0.00
0.00
0.00
0.20
0.20
0.00
0.20
0.40
0.20
0.20
0.00
0.00
0.20
0.20
0.00
0.20
0.20
0.00
0.00
12.80
0.20
0.00
0.00
27.20
53.40
6.00
0.00
0.20
0.00
0.20
0.00
0.20
0.00
0.00
0.20
0.00
0.00
0.20
0.20
0.00
0.20
0.00
0.20
0.00
0.00
0.20
0.00
0.00
0.00
0.00
0.00
0.00
4.60
16.80
0.00
0.40
0.80
0.00
0.20
0.00
0.00
0.00
0.00
0.00
0.00
0.00
0.20
0.00
0.00
0.40
0.80
7.20
6.60
1.80
0.00
0.20
0.20
1.20
0.00
0.00
0.20
0.00
0.00
0.20
1.00
0.00
0.00
0.00
0.20
0.00
0.00
0.20
3.40
1.00
0.00
0.00
0.00
0.60
0.00
0.20
0.00
0.00
0.00
0.00
0.00
1.00
0.40
0.00
0.00
0.00
0.00
0.20
0.00
0.00
0.20
0.00
3.60
0.00
0.20
0.00
0.00
0.00
0.00
0.00
0.00
0.00
0.00
0.00
0.00
0.00
3.20
0.20
0.40
30.00
0.00
0.00
0.00
0.00
0.00
0.00
0.00
1.20
0.00
0.00
0.00
0.60
0.00
0.00
0.00
0.00
0.00
0.00
0.00
0.00
0.00
0.00
0.00
7.20
0.00
0.00
0.00
3.40
32.40
13.80
0.00
7.40
17.60
0.40
0.20
32.40
2.20
11.80
0.00
0.20
0.00
0.00
0.00
0.00
2.20
0.00
0.00
0.00
0.00
0.00
0.00
0.00
0.00
0.00
0.00
0.00
1.80
4.60
1.80
0.00
0.00
8.80
9.60
23.40
9.00
1.00
12.60
0.20
0.00
0.00
0.00
0.00
0.00
0.00
0.00
0.00
0.00
0.60
1.80
0.00
0.00
1.20
0.00
0.00
0.00
0.00
0.00
0.00
0.00
0.00
10.20
0.20
0.00
1.00
13.00
0.00
0.00
0.00
0.00
0.00
0.00
0.00
0.00
0.00
0.00
0.00
0.00
0.00
0.00
0.00
0.00
0.00
0.00
0.00
0.40
0.60
0.00
0.00
0.00
0.00
0.00
0.00
0.00
0.00
0.00
0.00
0.00
0.00
2.60
1.60
0.00
0.00
0.00
0.00
0.00
0.00
0.00
0.00
0.00
0.00
0.00
0.00
0.00
0.00
0.00
0.00
6.40
0.80
8.60
0.00
0.00
0.00
0.00
0.00
0.00
4.00
2.60
4.60
0.00
0.00
0.00
0.00
0.40
0.00
0.00
1.20
0.40
0.00
0.00
21.80
19.60
25.00
1.60
10.80
9.80
0.20
0.20
0.00
2.60
-99.00
1.60
1.00
3.60
-99.00
-99.00
-99.00
-99.00
0.00
0.00
0.00
0.00
2.00
0.00
0.20
6.40
17.40
0.00
0.20
4.60
2.40
0.20
0.00
0.00
0.00
0.00
0.00
0.00
0.00
0.00
0.00
3.00
0.00
0.00
0.00
0.00
0.00
7.00
111.00
19.20
0.00
0.00
0.00
0.20
0.00
0.20
0.00
0.00
0.00
0.20
0.00
0.00
0.00
0.00
0.00
0.00
0.20
0.00
0.20
0.20
0.00
0.20
0.00
0.00
0.00
0.00
2.60
5.80
0.00
0.00
0.00
0.00
0.40
3.40
10.20
1.80
0.00
0.00
0.20
0.00
16.20
0.20
0.00
1.00
25.20
0.20
0.00
0.00
0.00
0.00
0.00
0.40
0.00
0.00
0.00
0.00
0.00
0.00
0.00
6.40
56.80
0.00
0.20
0.00
1.00
0.20
0.00
0.00
0.00
2.60
2.20
0.20
0.20
0.20
0.00
0.00
0.00
1.00
0.20
0.00
1.00
0.20
0.00
0.00
0.00
0.00
8.40
2.40
0.00
0.00
0.20
0.20
0.00
0.00
0.00
0.00
0.00
0.20
0.00
0.00
0.60
2.40
0.80
1.80
0.00
0.00
0.00
0.00
0.00
0.00
0.00
0.20
0.00
0.00
0.00
0.00
0.20
0.00
0.00
0.00
0.00
0.20
0.00
0.00
0.00
13.60
9.00
0.20
0.00
0.00
0.00
12.40
26.20
0.20
0.20
0.00
0.00
31.00
23.00
0.20
0.00
0.00
0.00
0.00
0.20
0.40
1.80
0.00
0.00
0.00
0.20
0.00
0.20
0.00
0.00
1.00
0.00
0.00
0.00
0.00
0.00
0.00
0.00
0.00
0.00
0.00
0.00
0.00
46.60
0.20
3.00
4.00
0.00
0.20
0.00
0.00
0.00
0.00
0.00
0.00
8.20
0.00
0.00
0.00
0.00
1.40
0.40
0.00
0.00
0.00
3.60
1.40
0.00
0.00
0.00
0.00
0.00
0.00
0.00
0.00
0.00
0.20
0.00
2.40
0.00
0.00
0.20
14.20
23.20
0.40
0.00
0.00
0.00
0.00
0.00
0.00
1.40
1.00
2.20
0.00
3.00
0.00
0.00
0.00
0.00
3.40
17.00
0.00
0.00
0.00
0.00
0.00
0.00
0.00
0.00
0.00
0.00
1.80
0.00
0.00
0.00
0.00
0.00
0.00
0.00
0.00
0.00
0.00
0.00
0.60
0.00
0.00
0.00
0.00
0.00
0.00
0.00
0.00
0.00
0.00
0.80
0.00
0.00
0.00
0.00
14.60
0.20
0.40
0.00
0.00
0.00
0.20
0.00
0.00
0.00
0.00
0.00
0.00
0.00
0.00
0.00
0.00
0.00
0.00
0.00
0.00
0.00
0.00
0.00
0.00
0.00
0.00
0.00
0.00
0.00
0.00
0.00
0.00
0.00
0.00
0.00
0.00
0.00
0.00
0.00
0.00
0.00
0.00
0.00
0.00
24.40
0.00
0.00
0.00
0.00
0.00
0.60
0.00
0.00
0.00
0.00
0.00
0.00
0.00
26.80
0.00
1.00
6.40
0.00
0.60
0.20
14.80
5.20
0.00
0.00
0.00
0.00
0.20
0.00
0.00
0.00
0.00
0.00
0.00
0.00
1.20
3.20
0.00
0.00
0.00
0.00
20.20
0.00
5.20
20.60
17.00
0.00
0.20
0.00
0.00
0.00
0.00
0.00
0.00
0.00
0.20
2.80
0.20
0.00
4.00
36.60
52.40
5.60
14.00
0.00
0.00
1.80
0.00
0.00
0.00
22.20
3.80
2.60
0.00
0.00
6.20
0.00
0.00
0.00
0.00
0.00
0.20
0.20
1.20
3.20
11.20
1.00
0.00
0.00
0.20
0.20
20.60
2.60
0.00
0.00
0.00
4.40
0.00
3.00
5.20
0.00
0.80
1.00
0.00
0.00
0.00
10.80
0.00
7.00
14.60
9.20
0.00
1.80
1.60
0.00
0.00
0.00
0.00
0.20
0.20
0.20
0.00
0.00
1.00
0.00
0.20
0.00
0.20
0.00
0.00
0.20
0.20
0.20
0.60
0.20
0.00
0.00
0.00
0.00
0.00
0.00
0.00
0.00
0.00
0.20
0.00
0.00
0.00
0.20
0.00
0.00
0.00
0.00
0.00
0.20
0.00
0.00
0.00
0.00
0.40
1.20
0.40
0.00
0.00
0.00
0.00
0.60
0.20
0.00
0.00
0.20
0.20
0.20
0.00
0.00
0.00
0.00
0.00
0.00
0.00
0.00
0.00
0.20
16.60
7.60
0.00
11.40
15.20
1.20
1.00
0.00
2.00
21.60
35.00
0.20
0.00
0.40
0.20
0.00
0.00
0.00
0.00
0.00
0.00
0.00
0.00
0.00
0.00
0.60
0.60
0.00
0.20
0.00
0.00
0.00
0.00
0.00
0.00
0.20
0.00
0.00
0.00
0.00
15.40
1.60
33.20
5.20
9.20
1.40
13.20
0.00
0.00
0.00
-99.00
0.00
20.00
1.60
0.00
0.00
1.40
0.00
1.40
0.20
34.00
0.20
0.20
0.00
0.00
0.00
26.20
0.00
0.00
0.00
0.00
0.00
3.40
5.40
0.60
0.00
0.60
13.00
1.20
0.00
0.00
0.00
0.00
0.20
16.00
18.00
2.60
1.40
0.00
0.00
0.00
0.00
0.00
0.00
0.00
0.00
0.00
0.00
0.00
0.00
0.00
1.00
0.00
0.00
0.00
0.00
0.00
0.00
0.00
0.00
0.00
0.00
0.00
0.00
0.00
0.00
0.00
3.80
2.60
0.00
3.00
0.00
0.00
0.00
5.60
0.20
0.00
0.00
0.00
0.00
0.00
0.00
0.00
0.00
0.00
0.00
0.00
0.00
0.00
0.00
3.20
2.00
0.20
0.00
0.00
0.40
21.50
0.00
0.00
0.00
0.00
0.00
0.00
0.00
0.00
0.00
0.00
0.00
0.00
0.00
0.00
0.00
0.00
0.00
1.20
0.00
0.00
0.00
0.00
0.00
12.40
0.20
0.00
0.00
0.00
0.00
0.00
0.00
0.00
0.00
0.00
0.00
0.00
0.20
0.00
0.00
0.00
0.00
0.00
0.00
0.60
0.00
0.00
0.00
0.00
1.20
0.20
6.40
0.00
18.80
10.60
0.00
0.00
18.70
4.40
0.20
0.00
0.20
2.40
0.20
0.00
0.00
5.80
0.00
0.00
0.00
0.20
0.00
0.20
0.00
0.00
0.00
0.00
0.00
0.00
0.00
0.00
0.20
0.00
0.20
0.00
0.20
0.00
0.00
0.00
0.00
0.00
0.00
0.00
2.40
0.00
0.00
0.00
0.00
0.00
0.20
0.20
0.00
1.20
0.20
0.00
0.00
3.80
1.00
7.20
0.20
0.00
0.00
0.00
6.20
0.00
0.00
0.00
1.20
0.00
0.00
0.00
0.00
0.00
0.00
0.00
0.00
0.00
0.00
0.00
0.00
0.00
0.00
0.00
0.20
0.00
0.00
0.00
0.00
0.20
0.00
0.00
2.60
0.20
11.40
0.00
0.60
3.60
2.80
0.00
3.00
7.60
4.20
0.00
0.00
0.00
0.20
0.20
0.00
0.20
0.00
0.00
0.00
0.00
0.00
0.00
0.00
0.20
0.20
0.00
0.00
0.00
0.00
0.00
0.00
0.00
0.00
0.00
0.00
0.00
0.00
0.00
0.20
0.00
0.20
0.20
0.00
0.00
0.00
0.00
0.00
0.00
0.00
0.00
0.00
0.00
0.00
0.00
0.00
0.00
0.00
0.00
0.00
0.00
0.00
0.00
0.20
0.00
0.00
0.00
1.00
11.00
11.60
10.60
1.20
0.00
0.00
0.00
0.00
0.00
0.00
0.00
0.00
0.00
0.00
0.00
0.00
0.40
0.00
0.00
0.00
0.00
0.00
10.80
0.00
0.00
0.20
0.00
0.00
0.00
0.00
0.00
0.00
0.00
4.40
0.20
0.00
0.00
0.00
0.00
0.00
0.00
0.00
0.00
0.40
3.80
5.40
0.40
0.00
0.00
0.20
0.00
2.20
0.20
0.00
0.00
0.20
0.00
0.00
0.00
0.00
0.00
1.40
0.00
0.00
0.00
0.00
0.00
0.00
0.00
0.00
0.00
0.00
0.00
0.00
0.00
0.00
0.00
1.20
0.00
0.00
0.00
0.00
0.00
0.00
0.00
0.40
6.00
0.00
0.80
0.00
0.00
0.00
0.80
0.00
0.00
0.20
5.00
0.40
0.00
22.40
10.60
0.00
0.00
0.00
0.00
0.60
0.00
0.00
0.00
0.00
0.00
0.00
0.00
0.00
0.00
0.00
0.00
0.00
0.00
0.00
0.00
0.00
0.00
0.00
0.00
0.40
0.00
2.00
0.20
0.00
0.00
0.00
0.00
0.00
0.00
0.60
0.00
0.00
0.00
0.00
0.00
0.00
0.00
0.00
0.00
0.00
0.00
0.00
0.00
0.00
0.00
0.00
0.00
0.40
0.00
0.00
0.00
0.00
0.00
0.00
0.00
0.00
0.00
0.00
0.00
0.00
0.00
0.00
0.00
0.00
0.00
0.00
0.00
0.00
8.80
0.00
9.40
0.20
0.00
0.00
0.00
0.00
0.00
0.00
2.00
0.20
8.40
0.40
0.00
0.00
0.00
0.20
1.20
1.80
0.00
0.00
0.00
0.00
0.00
0.00
0.00
0.00
0.00
0.00
0.00
0.00
0.00
0.00
0.00
0.00
0.00
0.00
22.00
30.20
18.80
0.20
0.00
0.00
0.60
1.20
0.20
0.00
2.00
31.40
0.00
0.00
0.00
0.00
0.00
0.00
0.00
14.80
0.60
0.00
0.20
0.20
0.00
0.00
0.00
0.00
0.00
0.20
0.00
0.20
0.00
0.20
1.60
3.20
10.20
12.00
22.80
15.20
0.00
0.00
8.00
0.20
0.00
0.00
0.20
7.60
0.00
0.20
0.00
0.00
0.20
0.20
0.20
1.60
0.00
0.00
0.00
0.00
0.00
0.20
0.00
0.00
31.00
4.00
6.80
13.80
25.60
29.60
6.20
0.20
0.00
0.00
0.00
0.00
0.00
0.20
0.00
0.20
0.40
0.00
0.00
0.00
0.00
0.00
0.00
16.80
0.00
0.00
0.80
0.00
0.00
0.00
0.20
0.00
0.00
0.00
0.00
0.00
0.00
0.20
0.00
0.00
0.00
0.00
0.20
0.00
0.00
0.00
0.00
0.00
0.00
0.00
0.00
0.00
0.00
0.00
0.00
0.00
0.00
3.40
1.60
37.80
13.80
7.00
1.20
0.00
0.00
0.00
0.00
4.20
3.00
0.00
0.00
0.20
0.20
0.00
0.00
0.00
0.00
0.20
0.00
11.20
12.20
17.20
14.00
0.00
0.00
0.00
0.00
0.00
0.20
0.00
0.00
0.00
0.00
0.00
0.00
0.00
0.00
0.00
0.20
0.00
0.00
0.00
2.00
0.00
0.00
1.60
0.00
0.00
0.00
4.20
0.00
0.00
0.00
0.00
0.00
0.00
0.00
0.00
0.00
0.00
0.00
0.00
0.00
0.00
0.40
0.40
0.20
0.00
0.00
2.20
0.00
0.80
4.20
0.00
0.00
0.00
0.00
0.00
0.00
0.00
0.00
0.00
0.00
0.00
0.00
0.00
0.00
0.00
0.00
0.00
0.00
0.00
0.00
0.00
0.00
0.00
0.00
1.40
0.00
9.60
0.00
0.00
1.40
0.00
0.00
0.00
0.00
0.00
0.00
0.60
0.00
0.00
0.00
0.00
0.00
0.00
0.00
0.00
0.00
0.00
0.00
0.00
0.00
0.00
1.00
0.00
0.00
0.00
0.00
0.00
0.00
0.00
0.00
0.00
0.00
0.00
0.00
0.00
0.00
0.00
0.00
0.00
0.20
6.80
0.20
0.00
0.00
0.00
0.00
0.00
0.00
0.00
0.00
0.00
0.00
0.00
0.00
0.00
2.20
0.20
0.00
0.00
0.00
0.00
0.00
0.00
0.00
0.00
0.40
0.00
0.00
0.00
0.00
0.00
0.00
-99.00
-99.00
-99.00
0.40
0.60
1.20
0.00
0.00
0.00
0.00
0.00
0.00
0.00
0.00
0.00
0.00
0.00
0.00
0.00
0.00
0.00
0.00
0.00
0.00
0.00
0.20
0.00
0.00
0.00
0.00
0.00
0.00
0.00
0.00
0.00
0.00
0.00
5.20
0.20
0.00
0.00
0.20
0.00
2.20
9.20
0.00
1.40
0.00
0.00
0.00
0.00
0.00
1.60
0.20
0.40
0.00
0.00
0.00
0.00
0.00
0.00
0.00
0.00
0.00
0.00
0.00
0.00
0.00
0.00
0.00
0.00
0.00
24.30
28.60
23.60
0.20
0.00
0.00
0.00
0.00
0.00
0.00
1.00
28.00
0.00
0.00
0.00
0.00
0.00
0.20
0.00
0.00
0.00
0.00
0.00
0.00
0.00
0.00
1.20
0.00
0.00
14.70
2.60
0.20
0.20
0.20
0.20
0.00
2.00
0.60
2.00
0.00
0.00
1.00
0.00
0.00
0.00
0.00
0.20
0.00
0.00
0.00
0.20
0.00
0.00
0.00
0.00
0.00
0.20
0.00
0.00
0.20
0.00
0.00
0.20
0.00
0.00
1.60
1.40
0.00
0.00
0.00
0.00
0.00
0.00
0.00
0.00
0.00
0.00
0.00
0.40
0.20
0.20
1.20
0.20
0.00
0.20
12.60
0.20
1.20
0.00
0.00
0.20
0.00
0.00
0.00
16.20
10.80
0.00
1.60
0.00
0.00
0.00
3.80
1.20
0.00
0.00
0.00
0.00
0.00
0.00
0.00
0.00
-99.00
-99.00
-99.00
-99.00
-99.00
-99.00
-99.00
-99.00
-99.00
-99.00
-99.00
-99.00
-99.00
-99.00
-99.00
-99.00
-99.00
-99.00
-99.00
-99.00
-99.00
-99.00
-99.00
-99.00
-99.00
-99.00
-99.00
-99.00
-99.00
-99.00
-99.00
-99.00
-99.00
-99.00
-99.00
0.20
0.20
0.00
7.60
4.40
0.00
0.00
1.80
0.00
0.00
0.00
0.00
15.90
0.00
0.00
0.00
2.20
0.00
0.00
0.00
0.00
0.00
0.00
0.00
0.00
0.00
0.00
0.00
0.00
0.00
6.80
0.40
0.00
0.20
0.00
0.00
0.00
0.00
0.00
5.60
0.00
0.00
0.60
0.00
0.00
0.00
0.00
0.00
0.00
0.00
0.40
0.60
0.00
0.20
14.60
4.40
60.20
12.00
27.60
2.20
0.20
0.00
0.00
0.00
0.20
4.40
5.40
10.20
8.60
0.00
0.00
0.00
0.00
0.00
0.00
0.00
0.00
0.00
0.00
0.00
0.00
0.00
0.00
3.60
0.20
9.40
0.00
4.20
0.60
0.00
0.00
0.00
0.00
0.00
0.00
0.00
0.00
0.00
1.40
0.00
0.00
0.00
0.00
0.60
0.00
0.80
0.00
0.00
0.00
0.00
0.00
0.80
0.00
0.00
0.00
0.00
0.00
0.00
0.00
0.00
0.00
0.00
0.00
0.00
0.00
0.00
0.00
0.00
0.00
0.00
0.80
0.00
0.00
0.20
0.00
0.00
0.00
0.00
0.00
0.00
0.00
0.00
0.00
0.00
0.00
0.00
1.20
0.00
0.00
0.00
0.80
0.00
0.00
0.00
0.00
0.00
0.00
0.00
0.00
0.00
0.00
0.00
0.00
0.00
0.00
0.00
0.40
0.00
0.00
0.00
0.00
0.00
0.00
0.00
0.00
0.00
0.00
0.00
0.00
0.00
0.00
0.00
1.60
11.00
19.00
0.00
0.00
0.00
12.60
2.80
0.00
0.20
0.00
0.00
0.80
18.50
0.20
0.00
12.40
0.00
0.60
0.00
0.00
0.00
0.00
0.00
0.00
0.00
0.00
0.00
0.00
0.00
0.00
0.00
0.00
0.00
0.20
0.00
0.00
0.00
0.20
0.00
0.00
0.00
0.00
0.40
0.00
0.00
0.20
1.40
0.00
0.00
0.00
0.20
0.00
0.00
5.40
0.20
0.00
0.20
4.80
38.70
0.40
0.00
0.00
0.00
0.20
0.80
2.00
0.20
0.00
0.00
0.20
6.40
12.20
0.20
0.20
0.00
0.00
0.20
0.00
0.00
2.00
0.20
3.20
0.20
0.00
0.00
0.00
0.00
0.00
0.00
0.00
0.20
0.00
0.00
0.00
0.00
0.00
0.00
0.00
0.00
0.00
0.00
0.00
0.00
0.00
0.00
3.20
1.40
0.00
0.00
0.00
0.00
0.00
0.00
0.00
0.00
0.00
0.00
0.00
0.00
0.00
0.00
0.00
0.00
0.00
0.40
0.20
0.00
0.00
0.00
0.00
0.80
0.00
1.40
7.80
0.00
3.40
10.40
0.00
0.40
0.20
0.00
0.00
0.20
0.00
0.00
0.00
0.00
0.00
5.00
11.80
0.20
0.00
0.00
0.00
0.40
0.00
0.40
1.80
0.40
0.00
0.20
0.00
0.20
0.00
0.00
0.00
0.20
0.20
0.20
0.00
0.00
0.00
0.00
0.00
0.00
0.00
0.00
0.00
0.00
2.80
11.20
1.40
0.00
0.00
0.00
0.00
0.00
0.00
0.00
0.00
0.00
0.20
0.00
0.20
0.00
3.80
2.60
0.60
0.00
0.00
0.20
2.40
3.20
0.00
0.20
0.20
0.00
0.00
0.00
0.00
0.20
0.00
0.00
0.00
0.00
3.20
0.00
0.00
0.00
-99.00
-99.00
-99.00
-99.00
-99.00
-99.00
-99.00
-99.00
-99.00
0.00
-99.00
-99.00
-99.00
-99.00
-99.00
-99.00
-99.00
-99.00
-99.00
0.00
-99.00
-99.00
-99.00
-99.00
-99.00
-99.00
-99.00
2.60
1.20
9.00
0.00
0.00
0.20
0.00
0.00
6.40
4.20
0.20
16.40
2.00
0.00
0.00
0.00
0.00
0.00
0.00
1.40
0.00
0.00
0.00
0.00
0.00
0.00
0.00
0.00
0.00
0.20
38.80
99.70
0.60
0.20
0.00
0.60
0.00
-99.00
8.40
3.00
2.80
0.00
0.00
0.60
2.20
5.20
9.60
0.00
2.20
0.00
0.20
0.00
0.80
16.00
3.20
0.20
0.00
4.20
0.00
0.00
0.00
0.20
1.40
5.60
0.20
0.00
0.00
0.00
0.60
0.00
0.00
0.20
0.00
0.00
0.00
0.00
0.00
0.00
0.00
5.00
0.00
0.00
0.00
0.00
0.00
0.00
0.00
0.00
0.00
0.00
0.00
0.00
0.00
0.00
0.00
-99.00
0.00
0.00
0.00
0.00
0.00
0.00
0.00
0.00
0.00
0.00
0.00
0.00
0.00
0.00
0.00
0.00
0.00
0.00
0.00
0.00
0.00
0.00
0.00
0.00
0.00
0.00
0.00
0.00
1.00
0.00
0.00
0.00
0.00
0.00
0.00
0.00
0.00
0.00
0.00
6.40
0.00
0.20
7.00
0.00
0.00
0.00
0.00
0.00
1.40
0.20
0.00
0.00
0.00
0.00
1.00
0.00
0.00
0.00
0.00
0.40
0.00
0.00
0.00
0.00
0.00
0.00
0.00
0.40
0.20
0.00
22.10
6.00
2.20
0.00
5.60
0.00
0.00
0.20
0.00
0.00
0.00
0.00
0.00
0.00
0.00
0.00
10.40
0.60
0.00
0.00
0.00
0.00
0.20
0.00
2.20
0.00
2.60
0.00
0.20
0.00
0.00
0.00
0.00
0.40
0.00
0.00
27.80
18.00
0.00
29.90
20.40
15.60
0.00
0.00
0.00
0.00
0.00
0.40
0.00
0.20
0.00
0.00
0.20
0.00
0.00
0.00
0.00
0.20
0.00
0.00
0.20
0.00
0.00
0.00
0.00
0.00
0.20
13.80
1.60
0.00
0.00
0.00
0.00
0.00
0.00
0.00
0.00
0.00
11.80
1.80
0.00
0.00
0.00
0.00
3.20
0.00
0.00
0.00
0.00
0.00
0.00
-99.00
0.00
0.00
0.00
20.00
-99.00
0.00
0.00
0.00
0.00
0.20
4.40
1.40
0.00
0.20
0.20
2.20
0.00
22.40
4.20
0.00
0.00
0.00
0.00
0.20
0.00
0.20
0.00
0.60
0.00
0.00
0.00
0.00
0.20
0.00
0.00
0.00
0.00
0.00
0.00
27.20
12.60
1.80
0.20
0.00
0.00
0.60
0.00
0.00
0.00
0.00
0.00
0.00
0.00
0.00
0.00
0.00
0.00
0.00
0.00
0.00
0.00
0.00
0.00
0.00
0.00
0.00
0.20
0.60
0.20
0.40
0.00
4.60
0.00
0.00
0.00
0.00
0.20
0.00
0.00
0.00
0.00
0.00
0.00
0.00
0.00
0.00
0.00
0.00
0.00
0.00
0.00
0.00
0.00
0.00
0.00
9.80
5.80
8.00
15.20
1.80
7.80
2.20
0.00
0.00
0.60
34.40
2.20
0.20
0.80
19.30
1.20
0.00
0.00
0.40
0.20
0.00
0.60
0.00
0.00
0.00
0.00
0.00
0.00
0.00
5.20
0.00
0.00
0.00
6.80
1.40
0.00
0.00
0.00
0.00
0.00
0.00
0.00
0.40
0.00
0.00
0.00
0.00
4.80
0.00
0.00
0.00
0.00
0.00
0.00
0.00
0.00
0.00
0.00
0.00
0.00
0.00
0.00
0.00
0.00
0.00
0.00
0.00
0.00
0.00
5.20
1.60
0.00
0.00
0.00
0.00
0.00
0.00
0.00
0.00
0.00
0.00
0.00
0.00
0.00
1.20
0.00
0.00
0.00
0.00
0.20
0.00
0.00
0.00
0.00
0.00
0.00
0.00
0.00
0.00
0.00
0.20
8.00
5.40
20.20
0.00
0.00
0.00
0.00
0.80
0.00
0.00
0.00
0.00
0.00
0.00
0.00
4.20
0.00
0.00
0.00
0.00
0.00
0.00
0.00
0.00
0.00
0.00
0.00
0.00
0.00
0.00
0.00
0.00
0.00
0.20
0.00
0.00
0.00
0.00
0.00
0.00
0.00
0.00
0.00
0.00
0.00
0.00
0.00
0.00
0.00
28.10
0.00
0.00
0.00
0.00
0.00
0.00
0.00
0.00
0.00
0.00
0.00
0.00
0.00
0.00
0.00
0.00
0.00
0.00
23.30
9.00
1.40
0.00
11.00
0.80
0.20
0.00
0.00
0.20
0.00
0.00
0.00
0.00
0.00
0.00
0.00
7.80
2.00
0.20
0.00
0.00
0.00
0.20
0.20
0.00
0.20
0.00
0.00
0.20
0.00
0.00
0.00
0.00
0.00
0.00
0.00
25.20
21.40
37.50
0.00
0.00
0.00
0.00
0.20
0.20
0.00
0.20
0.00
0.00
0.20
0.00
0.00
0.00
0.00
0.00
0.00
0.00
0.00
0.00
0.00
0.00
0.00
0.00
0.00
0.00
0.00
0.00
0.00
0.00
0.20
0.00
0.00
0.00
0.80
0.00
0.00
1.20
0.20
0.00
0.00
0.00
0.00
0.00
0.00
0.00
0.00
0.00
0.00
0.00
0.20
7.60
7.80
0.80
0.00
0.00
0.00
0.00
0.00
7.40
8.80
10.20
13.40
1.80
6.20
0.00
0.00
1.20
0.00
0.60
1.00
0.00
0.00
11.80
9.60
0.00
12.40
1.60
0.00
0.00
0.00
5.80
2.20
4.80
0.00
0.00
0.00
2.60
1.00
0.00
0.00
0.00
0.00
1.00
4.40
0.00
0.00
0.00
0.00
0.00
1.80
0.00
0.00
0.00
9.60
0.00
0.00
0.00
15.60
4.40
0.00
0.00
0.00
0.00
0.00
5.80
2.60
1.00
12.00
5.40
0.00
4.40
0.20
0.00
0.00
0.00
0.00
1.20
0.20
0.00
1.00
15.60
0.00
0.00
0.00
11.00
23.00
0.00
0.00
0.00
0.00
0.00
0.00
0.00
0.00
0.00
0.00
0.20
0.00
9.40
15.80
0.00
0.20
0.00
0.00
0.20
0.00
0.00
4.00
0.00
0.00
0.00
0.00
6.80
0.00
0.00
1.40
0.00
0.00
0.00
0.00
3.00
0.00
1.40
0.00
0.60
0.00
0.00
18.70
0.20
0.00
0.00
1.40
0.00
0.00
0.00
0.00
0.00
0.00
0.00
4.40
1.40
68.60
20.20
0.20
0.00
10.40
5.80
6.20
0.00
1.00
7.80
1.40
0.20
0.00
0.00
0.00
0.00
0.00
0.00
0.00
0.00
0.00
0.00
0.00
0.00
0.00
0.20
0.00
0.00
0.00
0.00
0.00
0.00
0.00
0.00
1.40
0.00
0.00
11.80
2.20
5.20
0.00
0.00
30.80
0.00
0.80
0.00
0.00
0.00
0.00
0.00
0.00
0.00
0.00
0.00
0.00
0.00
2.00
0.00
0.00
0.00
0.00
0.00
0.00
0.00
0.00
0.00
0.00
0.00
0.00
0.00
0.00
0.00
0.00
0.20
0.00
0.00
0.00
0.00
0.00
0.00
0.00
0.00
0.00
0.00
0.00
0.00
0.00
0.00
0.00
0.20
0.00
2.80
0.00
0.00
5.40
0.00
0.00
0.00
0.00
0.00
0.00
15.20
0.20
1.00
0.00
0.00
0.00
0.00
52.60
0.20
0.00
0.00
0.00
0.00
0.00
0.00
0.00
0.00
0.00
0.00
0.00
0.20
0.60
0.00
0.00
0.00
0.40
1.80
0.00
0.00
0.00
0.00
0.00
0.00
0.00
0.00
0.40
58.60
0.20
0.00
3.00
3.20
0.20
0.00
0.00
0.00
0.00
0.00
0.00
0.00
0.00
0.00
0.20
0.20
0.20
0.00
0.00
0.20
0.00
65.40
15.60
16.20
11.80
1.60
0.00
0.20
0.00
0.00
0.00
0.00
0.00
0.20
0.00
0.20
0.20
0.00
0.00
0.00
0.00
0.00
0.80
25.40
0.00
0.00
0.00
0.20
0.00
0.40
0.00
0.20
0.20
0.00
0.00
0.00
0.00
0.00
0.80
0.00
1.00
0.00
0.00
2.20
0.20
0.00
0.00
0.00
0.20
0.00
0.00
0.00
0.00
12.20
0.20
0.00
0.00
0.00
0.00
0.40
2.00
2.00
0.20
0.00
0.00
0.00
0.00
0.00
0.00
0.00
0.00
0.00
0.20
0.00
10.20
1.80
0.00
0.00
0.00
0.00
0.00
0.00
0.00
0.40
0.00
0.00
0.00
0.20
0.00
0.40
0.20
0.00
0.00
0.00
0.00
0.00
0.00
0.00
0.20
0.00
0.00
0.00
0.00
0.00
0.00
0.00
0.00
0.00
0.00
0.00
0.00
1.20
31.20
0.00
1.20
0.40
0.00
0.00
0.00
0.00
0.00
0.00
0.00
0.00
0.00
0.00
0.00
0.20
0.00
1.60
0.60
0.60
9.80
0.00
2.00
0.00
0.00
0.00
0.00
0.00
0.00
0.00
0.00
0.00
0.00
0.00
18.20
0.40
0.00
0.00
0.00
0.00
0.00
0.00
1.40
90.60
0.00
5.40
27.80
0.00
0.00
0.00
0.00
0.00
0.00
1.80
0.00
0.00
0.00
0.00
3.40
0.00
0.00
0.20
0.20
0.00
0.00
0.00
0.00
0.00
0.00
0.00
0.00
0.00
0.00
0.40
0.00
0.00
0.00
0.00
0.00
0.00
0.00
0.00
0.00
0.20
3.80
16.20
13.20
0.20
9.20
0.00
8.00
1.60
0.00
0.00
0.00
9.00
0.20
0.00
0.00
24.40
0.00
0.20
0.00
0.00
0.00
0.00
20.60
0.20
0.00
0.00
0.00
0.00
0.00
1.20
0.00
0.00
0.00
0.00
0.00
0.00
0.00
0.00
1.00
44.80
0.00
7.80
6.80
43.00
1.40
0.20
17.60
0.00
0.00
18.60
0.00
0.00
0.00
0.00
0.00
0.00
0.00
0.00
0.00
0.00
0.00
0.00
0.00
0.00
0.00
0.00
0.00
0.00
0.00
0.00
0.00
0.00
0.00
9.40
0.00
0.00
0.00
0.00
0.00
0.00
0.00
3.20
0.40
0.00
0.00
0.00
0.00
3.00
0.20
0.00
0.00
1.60
0.00
0.00
0.00
0.20
0.00
0.00
0.00
41.40
0.00
0.20
0.00
0.00
0.00
0.00
0.00
0.00
0.00
0.00
0.00
0.00
0.00
1.00
0.00
0.00
0.00
0.00
0.00
0.00
0.00
0.00
0.00
0.00
0.00
0.00
6.00
0.00
0.00
0.00
0.00
0.00
0.00
0.00
0.00
0.00
0.00
0.00
0.00
0.00
0.00
0.00
0.00
0.00
0.00
0.00
0.00
0.00
0.20
0.20
0.00
0.00
0.00
0.00
0.00
3.60
0.00
0.00
0.00
0.00
0.00
0.00
0.00
0.00
0.00
0.00
0.00
0.00
0.00
0.00
0.00
0.00
0.00
0.00
0.00
0.00
0.00
0.00
0.00
0.00
0.00
0.00
0.00
0.00
4.40
8.60
0.20
0.00
26.60
6.80
0.00
0.00
0.20
1.60
2.20
9.40
68.60
4.40
5.60
0.20
0.00
0.20
0.00
0.20
0.00
0.20
4.20
18.80
0.20
0.00
0.20
0.20
10.60
2.00
0.00
0.00
0.20
0.20
0.00
0.20
0.00
0.00
0.20
0.00
0.00
0.00
0.00
0.00
0.20
0.00
0.00
0.00
0.20
0.00
0.00
0.00
0.00
0.00
0.00
0.00
0.00
0.00
0.00
0.00
0.00
0.00
0.20
0.00
0.00
0.00
0.00
0.00
0.00
0.00
0.00
0.20
0.00
0.00
0.00
0.00
0.00
0.00
0.20
0.20
0.00
0.20
0.20
0.00
0.00
0.00
0.00
0.20
0.00
0.00
0.00
0.00
0.00
0.00
0.20
0.00
3.20
2.20
0.00
0.00
0.00
3.60
2.00
0.00
0.00
0.00
0.20
0.00
0.00
0.00
0.00
0.00
0.00
0.00
0.00
0.00
0.00
0.00
0.00
0.00
0.00
0.00
0.00
0.00
0.00
0.00
0.00
0.00
0.00
0.00
0.00
0.00
0.00
0.00
0.00
0.00
0.00
0.00
0.00
0.00
0.00
0.00
0.00
0.00
0.00
0.00
0.00
0.00
0.00
4.00
21.80
20.20
0.00
0.00
0.00
0.00
0.00
0.00
0.00
0.00
0.00
0.00
0.00
12.40
13.40
15.00
4.00
0.00
0.00
0.00
2.20
0.00
8.80
0.20
2.00
0.20
0.00
0.00
0.00
1.20
0.00
2.00
0.60
0.20
0.00
0.00
0.00
0.00
25.00
0.20
16.80
0.20
0.00
0.00
0.60
0.20
0.00
0.00
0.00
0.00
0.00
0.00
0.20
0.00
0.00
0.00
0.00
2.40
0.00
0.60
22.20
0.00
0.00
0.00
0.00
0.00
0.00
0.00
0.00
0.00
0.00
0.00
0.00
0.00
7.80
0.00
0.00
0.00
0.00
0.20
0.00
0.00
0.40
0.00
0.00
0.00
0.00
0.00
0.00
0.00
0.20
0.00
0.00
0.00
0.00
0.00
0.00
0.00
0.00
0.00
0.00
0.00
25.80
0.20
0.00
0.00
0.60
2.20
0.00
0.00
0.00
0.00
0.00
0.00
0.20
0.00
2.80
1.60
0.00
0.00
0.00
0.00
0.00
0.00
0.00
0.00
0.00
0.00
0.60
0.00
0.00
0.00
0.00
0.00
0.00
0.00
0.00
0.00
23.80
0.00
0.00
0.00
0.00
0.00
0.00
0.00
0.00
0.00
0.00
0.00
0.00
0.00
0.00
0.00
0.00
0.00
0.00
0.00
0.00
0.00
0.20
0.00
6.80
0.00
0.00
0.00
0.00
0.00
0.00
0.00
0.00
0.00
0.00
0.00
0.00
0.00
0.00
0.00
0.00
0.00
0.00
0.00
2.80
0.20
0.00
0.00
0.00
0.00
0.00
0.40
0.00
1.60
43.00
0.00
0.00
0.00
0.00
0.20
0.00
0.00
0.00
0.20
0.00
5.60
9.80
8.00
0.20
1.00
0.00
0.00
0.00
1.60
5.40
9.80
22.60
0.40
0.00
0.20
18.20
4.40
0.00
0.00
0.00
3.20
32.20
0.00
0.00
0.00
1.40
0.00
0.00
0.00
0.00
2.80
0.00
0.60
0.00
0.00
0.00
0.20
0.00
3.60
0.80
0.00
0.20
0.20
0.00
0.00
0.20
0.00
1.80
9.00
0.00
0.00
0.00
0.00
0.00
0.00
0.00
0.00
0.00
0.00
0.00
0.00
0.00
0.00
0.00
0.00
0.20
0.00
0.00
0.00
0.00
0.00
0.00
0.00
0.00
0.00
0.40
0.00
0.00
0.00
0.00
0.20
0.00
0.00
0.00
0.00
0.00
0.00
0.00
0.00
0.00
0.00
0.00
0.00
0.00
0.20
0.20
0.00
0.00
0.00
0.00
0.40
18.80
0.00
0.00
0.20
0.00
0.00
0.00
0.40
0.80
0.00
0.00
0.00
0.00
0.00
0.20
0.00
0.00
0.00
0.00
0.00
0.00
0.00
0.00
0.00
0.00
0.00
0.00
0.20
0.20
0.00
0.40
0.00
0.20
0.00
7.40
14.40
0.00
0.00
0.00
0.00
23.80
20.60
0.00
0.00
4.80
49.00
18.00
0.40
0.00
0.00
0.00
0.00
0.00
1.60
0.00
0.00
2.00
3.00
0.20
0.20
1.60
0.00
0.00
0.00
0.00
0.20
0.00
0.20
0.00
1.40
0.00
0.00
1.60
0.00
0.00
0.40
1.20
0.00
0.00
0.00
0.00
0.00
0.00
0.00
0.00
0.00
0.00
0.00
0.00
0.00
0.00
0.00
0.00
0.00
0.00
0.00
11.20
8.00
23.20
10.60
40.40
2.60
0.00
0.20
0.00
0.00
0.00
0.00
0.00
0.00
0.00
0.00
0.00
0.00
0.00
2.60
23.60
0.60
18.40
5.20
11.00
24.60
0.00
0.00
0.00
0.00
0.00
0.00
0.40
0.00
0.00
0.00
0.00
0.00
0.00
0.00
0.00
0.00
0.00
0.00
16.60
0.60
0.00
0.00
0.00
0.00
0.00
0.00
0.40
0.00
1.60
0.00
0.00
0.00
0.00
0.00
0.00
0.00
0.00
0.00
0.00
0.00
0.00
0.00
0.00
0.00
0.00
0.00
0.00
0.00
0.00
0.00
0.20
2.40
0.00
0.00
0.00
0.00
0.00
5.80
5.40
0.20
0.00
0.00
0.00
0.00
0.00
0.00
0.00
0.00
2.60
0.00
0.00
0.00
0.00
0.00
0.80
0.00
0.00
0.00
2.00
5.00
0.00
0.00
0.00
0.00
0.00
0.00
0.00
5.00
0.20
0.20
0.20
0.00
0.00
0.00
0.00
4.20
0.00
0.00
0.00
1.40
0.60
1.00
0.00
0.00
0.00
0.00
0.00
0.00
0.00
28.60
8.80
0.00
0.20
0.20
0.20
0.00
0.00
0.00
0.00
0.00
0.20
0.00
0.00
0.00
0.00
0.00
0.00
0.00
0.00
0.00
0.00
0.00
0.00
0.00
0.00
0.10
12.70
0.00
0.00
0.00
0.00
0.00
0.00
0.10
0.00
0.00
0.00
0.00
0.00
0.00
0.00
0.00
0.00
0.00
0.20
0.20
0.00
0.00
0.00
0.00
0.00
0.00
0.00
0.00
0.00
0.00
0.00
0.00
0.00
0.00
0.00
0.00
0.00
0.00
0.00
0.00
0.00
0.00
0.00
50.60
33.60
45.00
0.00
0.00
0.00
0.00
0.00
0.00
0.00
0.00
0.00
0.00
0.00
0.00
0.00
0.00
0.00
0.00
0.00
0.00
0.00
0.00
0.00
0.00
0.00
0.00
0.00
0.00
0.00
0.00
0.00
0.00
8.10
1.00
0.00
0.00
0.00
2.30
2.70
0.00
0.00
0.00
0.00
0.00
0.00
0.00
0.00
0.00
3.30
0.00
0.00
0.00
0.00
0.00
0.00
2.60
3.30
2.50
0.00
0.00
1.20
0.00
11.40
7.40
0.00
0.00
1.20
0.00
0.00
0.00
0.00
0.00
0.40
1.30
0.40
0.00
1.20
0.00
0.00
1.60
2.00
0.00
0.00
0.50
16.70
0.10
0.00
0.00
0.00
0.00
0.00
4.90
0.10
0.00
0.00
0.00
0.00
0.00
0.00
0.00
0.00
0.00
0.00
0.00
0.00
0.00
1.30
0.10
0.00
0.00
0.00
0.00
0.00
0.00
0.00
0.00
0.00
0.00
0.00
0.00
0.00
0.00
0.00
0.00
0.30
4.20
0.10
0.00
0.00
0.00
0.00
0.00
0.00
10.00
0.20
0.00
0.70
17.30
0.00
0.00
0.00
0.00
0.00
0.00
0.00
0.10
0.00
0.00
0.00
0.00
0.00
0.00
0.00
5.20
2.80
14.20
0.30
0.00
0.20
0.00
0.00
0.00
0.00
0.00
0.00
0.00
0.00
0.00
0.00
0.00
0.00
0.00
0.00
0.00
0.00
0.40
0.00
0.10
0.00
0.00
0.00
0.00
0.00
0.00
0.60
0.00
0.00
0.00
0.00
0.00
8.80
0.00
9.20
0.00
10.70
3.30
0.00
0.00
0.00
0.00
0.00
0.00
0.00
0.00
0.00
0.00
0.00
0.00
0.00
0.00
2.20
0.00
31.70
0.00
0.00
0.00
0.00
0.00
0.00
7.40
0.00
0.00
0.00
0.00
0.00
0.00
0.10
0.20
0.10
1.80
0.00
0.00
53.10
0.00
0.00
0.00
0.00
0.00
0.00
0.30
0.10
0.00
0.00
0.00
0.00
0.00
0.00
0.00
0.00
0.00
0.90
0.00
0.00
3.90
0.00
0.00
0.00
0.00
14.00
0.10
0.00
0.00
0.00
0.00
0.00
0.00
0.00
0.00
0.00
0.80
0.00
0.00
0.40
0.00
0.00
0.00
0.00
0.00
63.70
0.00
0.00
0.30
0.00
0.00
0.00
0.00
0.00
0.00
0.00
0.00
0.00
0.00
0.00
0.00
0.00
0.50
0.00
0.00
3.70
0.10
0.00
41.00
0.00
2.50
0.10
0.00
0.00
0.00
0.00
3.30
12.70
0.00
0.50
0.00
0.10
28.90
0.00
2.00
0.10
0.00
0.00
0.00
38.50
0.00
0.10
0.00
0.00
3.50
0.10
1.50
0.00
0.20
0.00
0.00
0.00
0.00
0.00
0.00
0.00
0.00
0.00
0.00
0.00
0.00
0.00
0.00
0.00
0.00
0.00
0.00
0.00
6.50
23.80
0.00
0.00
0.00
0.00
0.10
0.10
2.90
0.00
0.00
6.30
0.00
0.00
0.00
0.00
0.00
0.00
0.00
0.00
0.00
0.10
40.60
12.00
9.90
16.00
23.90
25.00
0.00
0.00
4.60
4.30
0.00
0.00
0.00
0.00
0.00
0.00
0.00
0.00
0.00
9.20
12.70
0.00
0.10
0.00
0.00
0.00
0.00
0.00
0.00
0.00
0.00
0.00
0.00
0.00
0.00
0.00
0.00
0.00
0.00
0.00
0.00
0.00
0.10
0.00
0.00
0.00
0.00
0.00
0.00
0.00
0.00
0.00
1.30
0.00
2.90
8.70
0.60
0.00
0.00
0.00
0.00
0.00
0.00
0.00
0.00
0.00
1.30
0.10
0.00
0.00
2.00
31.60
0.00
0.00
0.00
0.00
0.00
0.00
0.00
0.00
0.00
0.00
0.00
0.00
0.00
0.00
0.00
0.00
7.20
0.00
0.50
0.00
0.00
0.00
0.00
0.00
0.00
0.00
0.00
0.00
0.00
0.00
0.00
0.00
0.00
0.00
0.00
0.00
0.00
6.10
0.00
0.00
0.00
0.00
0.00
6.50
22.10
0.00
2.10
6.30
0.20
0.00
0.00
0.00
0.00
0.00
0.00
0.00
0.00
0.00
0.00
0.00
0.00
0.00
0.00
0.00
0.00
0.00
0.00
0.00
0.00
0.00
4.10
0.00
0.90
1.60
0.00
0.00
0.50
0.00
0.00
0.00
12.90
0.00
0.00
0.00
0.00
0.00
0.00
0.00
0.00
0.00
0.00
0.00
0.00
0.00
0.00
0.00
0.00
0.00
0.00
0.00
0.00
0.00
0.00
8.90
0.00
0.00
0.00
0.00
0.00
0.00
0.00
0.00
0.00
0.00
0.00
0.00
0.00
0.00
0.00
0.00
0.00
0.00
0.00
0.00
0.00
0.00
0.10
0.10
0.60
0.30
8.60
29.90
0.00
0.00
0.00
0.00
0.00
0.00
0.00
0.00
0.00
0.00
0.00
0.00
0.00
0.00
0.00
0.00
0.00
0.00
0.00
0.00
0.00
0.00
0.00
0.00
0.00
0.00
0.00
0.00
0.00
0.00
0.00
0.00
0.00
0.00
1.10
2.40
0.00
0.90
5.60
0.00
0.00
0.00
3.70
0.00
9.00
1.10
0.00
0.00
1.20
0.00
0.00
0.00
3.50
0.00
0.00
0.00
0.00
0.00
0.00
18.00
0.10
0.20
22.90
0.10
0.00
0.00
3.30
0.00
0.00
0.00
0.00
0.00
0.00
0.00
0.00
0.60
0.00
17.70
5.40
1.60
0.00
0.00
0.00
0.00
0.00
13.90
0.10
0.30
0.00
0.00
0.00
0.00
0.00
0.00
0.00
0.00
0.00
0.00
0.00
0.00
0.00
3.60
0.40
0.00
10.90
4.10
2.10
0.40
3.20
0.00
0.10
0.00
0.00
0.00
0.00
0.00
0.00
0.00
0.00
0.00
0.00
0.00
0.00
0.00
0.00
0.00
0.00
0.00
0.00
0.00
0.00
0.00
0.00
1.00
0.00
0.00
0.00
0.00
41.60
0.10
0.00
0.00
0.00
0.00
0.10
0.20
0.00
0.00
0.10
0.00
0.00
0.00
0.00
0.00
0.00
0.00
0.00
0.00
0.00
0.00
0.00
0.00
0.00
0.00
0.00
0.00
0.00
0.00
0.00
0.00
0.10
0.00
1.80
0.60
0.10
0.00
0.00
0.00
0.10
0.00
0.00
0.00
0.00
0.00
0.00
0.00
0.00
0.00
0.00
0.00
0.00
0.00
0.10
0.00
0.00
0.00
0.00
0.00
0.00
1.60
0.00
1.20
0.00
0.00
0.00
0.00
0.00
0.00
0.10
0.00
0.00
0.00
0.00
0.00
0.00
0.00
0.00
0.00
0.00
0.00
0.00
0.20
0.10
0.00
0.00
0.00
0.00
0.00
0.00
0.00
0.00
0.00
0.00
0.00
0.70
1.10
0.00
0.00
0.20
1.30
0.10
5.30
0.10
0.00
0.00
0.00
0.00
0.00
0.00
0.00
0.50
0.00
0.00
0.00
0.90
20.10
0.60
0.10
0.00
0.00
0.00
0.00
0.00
0.00
0.00
0.00
0.40
0.00
0.00
0.00
0.20
0.00
2.20
3.00
7.00
0.00
4.70
8.20
0.00
0.00
0.00
0.00
0.00
0.00
0.00
0.00
0.00
0.00
0.00
10.80
0.00
0.00
10.40
30.90
0.00
0.00
0.00
0.00
0.00
0.80
0.00
0.00
0.00
0.00
0.00
0.00
0.00
0.00
0.20
19.50
0.10
0.00
0.00
0.00
0.00
4.50
7.40
0.00
1.20
0.00
0.00
0.00
0.00
0.00
1.80
0.00
0.90
8.10
6.20
0.40
1.00
0.00
0.00
0.00
0.00
0.00
0.00
0.00
0.00
0.00
3.60
0.00
0.00
0.00
0.00
0.00
0.00
0.00
0.00
0.00
0.00
0.00
0.00
0.00
0.00
0.00
0.00
0.00
0.00
0.60
0.70
0.00
0.00
0.00
2.40
0.00
0.00
2.70
0.00
0.00
0.00
0.00
0.00
0.00
0.00
0.00
0.00
0.00
0.00
0.00
0.00
0.00
0.00
0.00
0.00
0.00
0.00
0.00
0.00
0.00
0.10
0.00
0.00
0.00
0.00
0.00
0.00
0.00
0.00
0.00
0.30
17.50
0.00
0.00
0.00
0.00
0.00
0.00
0.00
0.00
0.00
0.00
0.00
0.00
0.00
0.00
0.00
0.00
0.00
4.10
0.00
0.00
0.00
0.00
0.00
0.00
0.20
0.00
0.00
0.00
0.00
0.00
0.00
0.00
0.00
0.00
0.00
0.00
0.00
0.00
0.00
0.00
0.00
0.00
0.00
0.00
0.00
0.00
0.00
0.00
0.10
0.00
0.00
0.00
31.70
3.10
0.00
0.00
0.00
0.00
0.00
0.00
0.00
0.00
2.90
0.00
13.80
0.00
0.00
0.00
0.10
0.00
0.00
0.00
0.00
0.00
0.00
23.50
0.10
0.00
0.30
4.40
0.00
6.80
22.10
0.10
0.00
0.00
0.00
0.00
0.00
0.00
0.70
2.70
0.10
1.20
1.40
0.00
0.00
0.20
0.00
0.10
0.10
0.00
0.10
0.00
0.00
1.00
0.10
0.00
0.00
0.00
0.00
0.00
0.00
0.00
0.00
0.00
0.00
0.00
0.00
0.00
0.00
49.70
9.40
42.80
0.00
0.00
27.40
11.00
0.00
0.00
0.00
0.00
0.00
0.00
2.20
0.00
0.00
0.00
0.00
0.00
0.00
0.00
0.00
0.00
0.00
0.00
1.90
0.70
0.00
7.40
7.60
1.10
0.00
0.00
0.10
0.00
0.00
0.00
0.00
0.00
0.00
0.00
0.00
0.00
0.00
0.00
0.00
0.00
0.00
0.00
0.00
0.00
0.00
0.00
0.00
0.00
0.00
0.00
0.00
0.00
0.00
0.80
0.10
1.20
2.70
0.00
4.30
1.60
25.40
2.90
0.00
0.00
0.00
0.10
0.10
0.10
0.10
0.90
0.00
0.00
0.00
0.00
0.00
0.50
0.00
13.80
1.20
0.00
0.00
0.00
0.00
0.00
0.00
0.00
0.00
0.00
8.60
0.00
0.00
0.00
0.00
0.00
0.00
11.80
14.00
0.00
0.00
0.00
0.00
0.00
0.00
0.00
0.00
0.00
0.00
0.00
0.00
0.00
0.00
0.00
0.00
0.00
0.00
0.00
41.40
5.90
0.00
0.10
0.00
0.00
0.00
2.40
5.70
0.00
0.00
0.00
0.80
0.00
0.00
0.00
0.00
0.00
0.00
0.00
0.00
0.00
0.00
0.00
0.00
0.00
0.00
0.00
0.00
0.00
0.00
0.00
0.10
8.70
14.40
0.00
0.10
4.60
0.00
0.00
0.60
0.00
0.00
0.00
0.00
0.00
0.60
0.10
15.20
0.00
0.00
0.30
0.00
0.00
0.00
0.70
0.00
0.00
0.00
0.00
0.00
0.00
0.00
0.00
0.00
0.00
0.00
0.10
0.00
0.00
0.00
1.70
0.80
13.10
0.00
0.00
0.00
1.40
0.00
0.00
0.00
0.00
0.00
0.00
0.00
0.00
0.00
0.00
0.00
0.00
0.00
0.00
0.00
1.50
0.10
0.00
3.50
0.00
0.00
0.00
0.00
0.00
0.00
0.00
0.00
0.00
0.90
0.00
0.00
0.00
0.00
0.00
0.00
0.00
0.00
0.00
0.00
0.00
0.00
4.40
0.00
9.60
0.10
0.00
0.00
0.00
0.00
0.00
0.00
0.00
0.00
0.00
0.00
0.00
0.00
0.00
0.00
0.00
14.30
0.00
0.00
0.00
0.00
0.00
0.00
0.00
0.00
0.00
0.00
0.00
0.00
0.00
0.90
0.10
0.00
0.00
0.00
0.00
0.40
2.80
13.70
0.10
0.00
0.30
0.00
0.00
0.00
0.00
0.00
3.10
0.00
0.00
0.00
0.00
7.80
7.70
0.00
0.00
0.00
0.00
0.00
0.00
0.40
0.00
0.00
0.00
0.00
0.00
0.00
0.00
0.90
2.20
0.00
0.00
0.00
0.10
0.00
0.00
0.00
0.00
0.00
0.00
0.00
0.10
0.00
0.00
0.00
0.00
21.60
49.20
0.00
0.00
0.00
0.00
0.00
0.00
0.00
0.00
0.00
0.00
0.00
0.00
0.00
0.00
0.00
38.80
0.00
0.00
0.00
0.00
0.00
0.00
0.00
0.00
0.00
0.00
0.00
0.00
0.00
0.00
0.00
0.00
0.00
0.00
0.10
0.00
0.00
0.00
0.00
0.00
0.00
0.00
0.00
0.00
0.00
0.00
0.00
0.00
0.00
0.00
0.00
0.30
1.70
0.00
0.00
0.00
0.00
0.00
0.00
0.00
0.00
0.00
0.00
0.00
0.00
0.00
0.00
0.00
3.50
0.00
0.00
0.00
0.00
0.00
0.00
0.00
0.00
0.00
1.90
16.30
0.10
0.00
0.00
0.10
0.00
5.00
0.00
0.00
0.00
0.00
0.00
0.00
0.00
0.00
0.00
0.00
0.00
1.70
31.90
0.00
0.00
0.00
0.00
0.00
9.10
0.60
0.00
27.40
56.60
4.60
0.00
3.00
0.00
0.00
0.00
5.10
0.00
0.00
0.00
0.00
4.60
0.00
0.00
0.00
0.00
1.10
0.40
0.00
0.00
0.30
2.90
14.60
5.90
3.60
0.20
3.50
7.70
0.00
0.00
0.00
0.10
0.30
0.10
0.00
0.00
0.00
0.60
0.00
2.60
0.00
0.30
4.70
0.00
0.00
0.00
17.90
0.50
0.00
0.00
0.00
0.00
0.00
0.10
0.00
0.00
0.00
0.00
0.00
1.10
0.10
10.60
0.00
16.20
28.00
0.30
5.20
7.00
0.00
0.30
0.00
0.00
0.00
0.00
0.00
0.00
0.00
0.00
0.00
0.00
1.80
1.30
11.80
0.00
4.50
0.00
0.00
0.10
0.00
2.20
0.00
4.70
1.70
0.00
0.00
7.70
1.30
0.00
0.00
0.00
0.20
0.00
0.00
0.00
0.00
0.50
0.10
0.00
0.20
0.00
0.00
2.20
13.20
1.10
0.00
0.00
0.00
7.30
0.00
3.60
17.50
0.60
0.00
0.00
0.00
0.00
0.40
0.00
0.00
0.00
0.00
0.00
0.00
0.00
0.00
0.00
0.00
0.00
0.00
0.00
0.00
0.00
0.30
0.00
0.00
0.00
0.00
0.00
0.00
0.00
0.00
0.00
0.00
0.00
0.00
0.00
0.00
0.00
0.00
0.00
2.00
0.00
0.00
0.00
0.00
3.70
3.70
0.00
0.00
0.00
0.00
0.00
0.00
0.00
0.00
0.00
0.00
0.00
0.00
0.00
0.00
0.00
0.00
0.20
9.00
0.00
0.00
0.00
21.40
0.00
0.00
0.00
9.80
0.00
0.00
0.00
0.00
0.00
0.10
0.00
0.00
0.00
0.00
0.10
0.00
0.00
7.40
0.10
0.50
1.30
0.00
0.20
1.50
0.00
0.00
0.00
0.00
0.00
6.00
0.00
0.00
0.00
0.00
0.00
29.10
0.00
0.00
0.00
0.00
0.00
0.00
0.00
0.00
0.00
0.00
0.00
0.00
0.00
0.00
0.00
0.00
0.00
0.00
0.00
0.00
21.70
3.20
0.10
0.00
0.30
91.80
0.10
0.00
1.70
3.80
49.30
0.60
0.00
0.10
0.10
0.00
0.00
1.90
7.60
17.90
0.00
7.50
45.60
0.90
0.00
0.00
0.00
13.80
0.00
0.00
0.10
12.00
0.00
0.00
0.00
0.00
0.00
12.00
0.00
0.20
5.00
0.30
4.20
0.10
0.00
7.60
0.10
0.00
2.50
0.00
0.00
0.00
0.60
0.00
0.00
0.00
0.00
0.00
0.00
0.10
0.00
0.00
0.00
0.00
0.00
4.10
0.20
0.00
0.00
0.00
0.00
0.00
0.00
0.00
0.00
0.00
0.00
0.00
0.00
0.00
0.00
0.10
0.00
0.00
0.00
0.00
0.00
0.00
0.00
0.00
0.00
0.00
0.00
0.00
0.00
0.00
0.00
0.00
0.00
0.00
1.30
0.10
0.10
10.40
0.00
0.00
0.00
0.00
0.00
0.00
0.00
0.00
0.00
0.00
0.00
2.40
0.00
0.00
0.00
0.00
0.00
0.00
0.00
0.00
0.00
0.00
0.00
0.00
0.00
0.00
0.00
0.00
0.00
0.00
0.00
0.00
0.00
0.00
0.00
0.00
0.00
0.00
0.00
0.00
0.00
0.00
0.00
0.00
1.20
0.10
0.00
0.00
0.00
0.00
0.00
0.00
0.00
0.00
0.00
0.00
0.00
0.50
0.00
0.00
0.00
0.00
0.00
0.00
0.00
0.00
0.00
0.00
0.00
0.00
0.00
0.00
3.00
0.00
7.30
6.80
2.00
0.00
0.90
2.50
0.00
0.00
0.00
0.00
0.10
0.00
0.00
0.00
0.00
3.10
0.20
0.00
0.90
0.00
1.00
0.00
0.00
0.00
0.00
0.00
0.00
0.00
13.30
0.10
0.00
0.00
0.00
0.00
0.00
1.20
0.00
0.00
0.00
0.00
0.00
0.40
10.10
0.10
12.20
0.00
0.00
0.00
0.00
35.50
1.20
0.00
0.00
0.00
0.00
0.00
0.00
0.00
0.00
0.00
0.00
0.00
0.00
0.00
0.00
0.00
0.00
20.40
0.00
0.00
0.00
0.00
0.00
0.00
0.00
0.00
0.00
0.00
0.00
0.00
0.00
0.00
0.00
0.00
0.00
0.00
0.00
0.00
0.00
0.00
0.00
0.00
0.00
1.30
2.90
0.90
0.00
0.00
0.00
0.00
0.00
0.00
0.00
0.20
0.00
0.00
0.00
0.00
0.00
0.00
0.00
0.00
0.00
15.90
0.00
0.00
0.00
0.00
0.00
0.00
0.00
0.00
0.00
0.00
0.00
0.00
0.00
0.00
0.00
39.40
0.00
0.00
0.00
0.00
0.00
0.00
0.00
0.40
0.00
0.00
0.00
0.00
0.00
0.00
16.50
0.00
0.00
0.00
0.00
0.00
0.00
0.00
0.00
0.00
0.00
0.00
0.00
0.10
5.90
4.90
0.00
0.40
0.00
0.00
0.00
0.00
1.40
0.00
0.00
0.90
0.00
0.00
0.00
0.00
0.00
0.00
0.00
0.00
0.00
0.00
0.00
0.00
0.00
0.00
0.00
0.00
0.00
1.30
0.50
0.00
0.00
0.00
1.90
0.00
0.00
0.00
0.00
0.00
3.60
0.00
45.60
7.80
0.10
0.00
0.00
0.00
0.00
0.20
0.00
0.00
0.00
0.80
1.00
0.00
0.00
0.00
0.00
0.00
0.00
0.20
0.00
0.00
2.50
1.80
0.00
0.00
0.00
0.00
0.00
0.00
0.00
32.50
1.20
0.00
0.00
0.00
0.10
0.00
0.00
0.00
0.40
0.10
0.00
45.00
5.90
0.00
0.20
0.10
0.00
0.00
0.00
0.00
0.00
0.00
0.00
0.00
0.10
0.00
2.20
11.30
3.20
0.00
0.00
0.00
0.00
0.10
0.10
0.00
0.00
0.00
0.10
0.00
0.10
0.00
0.00
0.10
0.00
0.10
0.00
0.10
5.50
0.10
0.20
0.00
0.00
0.00
0.00
0.00
0.80
0.60
5.80
75.50
5.30
14.60
0.00
0.10
0.00
0.00
0.00
0.00
0.00
0.00
0.00
0.00
0.00
0.00
0.00
0.00
0.00
0.00
0.00
0.00
0.00
0.50
0.00
0.10
0.00
0.00
0.40
0.00
0.00
0.00
0.00
0.00
0.00
0.00
0.00
0.00
0.00
0.00
0.00
0.00
1.60
0.00
0.00
1.10
0.00
0.00
0.00
0.00
0.00
0.00
0.00
0.00
0.00
0.10
50.40
0.00
0.00
0.00
0.10
0.00
1.30
0.40
0.00
0.00
2.50
0.50
0.00
0.00
4.70
2.80
4.00
0.00
0.00
0.00
0.00
0.00
0.00
0.00
0.00
0.00
0.00
0.00
7.40
0.10
0.50
0.00
0.00
8.10
32.20
18.70
59.10
1.90
0.10
0.00
0.00
0.00
4.10
0.20
0.00
0.00
0.00
0.00
0.00
0.00
0.00
0.00
0.00
0.00
0.00
8.20
0.00
0.10
0.00
10.50
0.20
11.00
0.00
0.00
0.00
0.00
0.00
0.00
0.00
0.00
0.00
0.00
0.00
0.00
0.60
0.00
0.50
0.40
1.40
28.40
1.30
0.00
0.20
14.70
6.80
17.30
0.10
0.60
0.00
0.00
0.00
0.00
10.90
0.00
10.80
0.00
0.00
0.00
0.00
0.00
0.00
0.00
0.00
0.00
0.00
0.00
0.00
0.00
0.00
0.00
0.00
0.00
0.00
0.00
0.00
0.00
0.10
0.00
0.10
0.60
0.00
0.00
0.00
0.00
0.00
0.00
0.00
0.00
0.00
0.00
0.00
0.00
0.00
0.00
0.20
0.00
0.00
0.00
0.00
0.00
0.60
0.00
0.00
0.00
0.00
0.00
0.00
0.00
0.00
0.00
0.00
0.00
0.00
0.00
0.10
0.00
0.00
0.00
0.00
0.00
0.00
0.00
0.00
0.00
0.00
24.10
9.30
0.00
0.00
0.00
0.00
0.00
0.00
0.00
0.00
12.30
0.00
10.80
30.00
0.00
0.00
0.00
0.00
0.00
0.00
0.00
22.10
1.80
0.00
2.20
0.00
0.00
0.00
0.00
0.00
0.00
0.00
0.00
0.00
0.00
5.90
0.00
0.00
0.00
0.00
0.00
0.00
0.00
0.30
0.00
0.00
0.00
4.00
0.00
0.00
0.00
0.00
0.00
0.00
0.00
1.30
4.20
0.00
0.00
0.00
0.00
0.00
0.00
0.00
0.00
0.00
0.00
18.30
14.00
0.80
1.70
6.40
0.30
0.00
0.00
0.00
0.00
0.10
0.00
0.00
0.10
0.00
0.00
0.10
0.00
0.00
0.00
0.10
0.00
1.20
0.10
8.40
13.10
0.00
0.00
0.10
0.00
0.00
0.00
0.00
0.00
0.30
0.00
0.00
0.00
2.20
0.00
0.00
0.00
0.30
0.00
2.70
2.90
0.10
0.50
0.00
0.00
0.00
0.00
0.00
0.00
0.00
0.00
0.00
0.00
0.00
0.00
0.00
0.00
0.00
0.00
0.00
0.00
0.00
14.30
4.80
0.90
0.00
0.00
0.10
0.00
0.00
0.00
0.00
0.00
0.00
0.10
4.20
0.10
0.00
0.10
0.00
0.00
0.00
0.00
0.00
0.00
0.00
0.00
0.00
0.00
0.00
0.00
0.00
1.60
0.60
0.00
0.00
0.00
0.10
3.80
0.20
0.40
0.00
0.00
0.00
0.00
0.00
6.20
0.10
0.00
0.00
0.00
0.20
0.00
0.00
0.00
0.00
0.00
0.00
0.00
1.10
5.60
0.00
0.00
0.00
0.00
0.00
0.00
