20000101
0.00
0.20
0.20
0.00
0.20
0.00
0.20
0.00
1.00
0.00
0.20
0.00
0.20
0.20
0.20
0.20
0.00
0.20
0.00
0.00
0.00
0.20
0.00
0.00
0.00
0.00
0.00
0.20
0.00
0.00
0.20
0.00
0.40
0.20
0.00
0.00
0.00
0.00
0.00
0.00
0.00
0.00
0.00
0.00
0.00
0.00
0.00
0.00
0.40
0.00
0.00
0.00
0.00
0.00
0.00
0.00
0.00
0.00
0.00
0.00
0.00
0.00
0.00
0.00
0.00
0.00
0.00
0.00
0.00
0.00
0.00
0.00
0.00
0.00
0.00
0.00
0.00
0.00
0.00
0.90
0.00
0.00
3.80
0.90
0.10
0.00
10.30
8.00
0.00
0.60
5.80
0.00
0.10
11.10
0.00
17.40
0.20
0.00
0.00
1.10
5.00
16.90
0.00
0.00
0.50
0.00
29.80
18.30
0.00
0.00
0.00
0.00
0.00
8.60
0.00
0.00
0.00
1.00
11.70
0.00
0.10
0.00
0.00
0.00
0.00
8.30
0.80
0.10
0.00
0.10
26.70
0.40
0.00
0.00
0.00
0.00
0.00
10.90
0.00
0.10
0.00
5.40
4.70
0.00
1.30
7.50
7.00
6.80
0.00
0.00
0.00
0.00
0.00
0.00
0.00
0.10
18.90
0.00
0.00
0.00
0.00
22.50
2.20
0.00
0.50
9.50
0.10
0.00
0.00
0.00
0.00
0.00
0.00
0.00
0.40
1.00
0.00
0.00
0.00
0.70
1.60
0.30
0.10
0.00
0.00
0.00
0.00
0.00
0.00
0.60
0.00
2.20
0.40
0.00
0.00
0.00
0.00
6.40
1.50
0.00
0.00
0.00
0.00
0.00
6.90
0.00
0.80
0.10
0.00
0.00
0.00
0.00
0.00
0.00
0.00
4.20
2.00
0.00
0.00
0.00
0.00
0.00
0.00
0.40
0.40
0.00
0.00
0.00
0.00
0.00
0.00
0.00
0.00
0.00
0.00
0.00
0.00
0.00
0.00
2.10
0.10
0.00
15.50
0.90
0.00
7.10
5.70
2.00
0.00
0.00
0.00
0.00
0.00
0.00
0.00
0.00
0.00
0.10
0.10
0.00
0.00
4.50
14.50
0.10
0.00
0.00
0.00
0.00
0.00
0.00
1.80
13.60
6.30
11.50
0.10
0.00
0.00
0.00
5.90
0.10
0.00
0.00
0.00
0.80
6.60
0.20
6.30
2.70
1.20
0.70
0.50
0.50
0.50
0.40
0.30
0.20
0.10
19.80
0.00
1.90
0.00
0.00
0.00
0.00
2.90
0.00
0.30
0.10
0.00
1.50
14.80
0.00
0.00
0.00
0.00
0.00
0.00
1.90
0.10
0.00
0.00
0.00
0.00
0.00
0.00
0.00
0.50
15.90
0.00
0.00
0.10
0.00
0.00
2.20
1.20
0.00
0.00
0.00
0.00
0.00
2.40
7.20
0.00
0.00
0.10
0.20
0.00
0.00
0.00
0.00
0.00
0.00
0.00
0.00
0.00
1.20
23.10
18.10
29.30
0.80
0.00
0.00
0.10
0.00
0.00
0.00
0.00
0.00
0.00
0.30
0.00
1.40
0.40
0.00
0.00
0.00
1.40
0.00
0.30
12.60
18.90
3.10
1.60
0.00
0.00
0.00
0.00
0.00
0.00
0.00
0.00
0.00
0.00
7.30
0.00
0.00
0.00
0.00
0.00
0.00
0.00
0.00
0.00
0.00
0.00
0.00
0.00
0.00
0.00
0.70
6.30
0.20
0.00
0.00
0.00
0.00
0.00
0.00
0.00
0.00
0.00
0.30
0.00
0.00
0.00
0.00
11.50
1.90
0.10
1.00
0.00
9.60
8.60
0.00
0.30
0.00
11.70
0.00
0.00
0.00
0.30
2.30
0.00
0.00
0.00
0.00
0.00
0.00
0.00
0.00
7.50
0.10
2.50
0.50
0.00
0.00
0.00
0.00
0.00
0.00
0.00
0.00
2.40
0.00
0.00
0.00
0.00
0.00
0.00
0.00
0.00
1.70
1.30
1.50
6.60
1.60
0.10
0.00
0.00
0.00
0.00
0.00
2.00
0.10
0.00
10.10
3.60
0.50
6.30
4.30
1.00
0.00
2.30
0.50
0.40
3.00
0.10
0.10
0.00
0.00
0.00
0.00
0.00
0.00
0.00
0.00
8.80
13.50
22.70
16.60
0.00
0.00
0.00
0.00
0.00
0.00
20.40
0.20
0.00
0.00
0.00
0.00
0.00
0.00
0.00
0.00
2.10
0.00
0.00
0.20
0.10
0.70
0.10
0.00
0.00
0.00
0.00
0.00
0.00
0.00
0.00
0.00
0.00
0.00
0.00
0.00
0.00
0.00
0.00
33.70
0.40
0.00
1.00
0.00
0.00
3.80
0.10
0.00
0.00
0.00
17.60
38.90
5.60
0.10
0.00
14.10
0.00
0.00
0.00
0.00
0.00
0.00
0.00
0.00
-99.00
-99.00
-99.00
-99.00
-99.00
-99.00
-99.00
-99.00
-99.00
-99.00
0.00
0.00
0.00
0.00
0.00
0.00
0.00
0.20
0.10
0.10
0.00
16.70
0.20
0.00
0.00
0.00
0.00
0.00
0.00
0.00
0.00
0.00
0.00
12.30
0.10
0.20
0.00
29.00
1.90
0.20
0.00
0.00
0.00
0.00
0.00
0.00
0.00
0.10
0.00
0.00
0.00
0.60
0.00
0.00
0.30
0.10
11.40
0.00
0.00
0.00
0.00
0.00
2.40
0.80
0.00
0.10
0.20
0.10
0.00
0.00
0.00
0.00
0.00
1.20
1.80
0.00
0.00
0.10
0.00
0.00
0.10
0.10
15.10
9.90
18.50
0.00
0.00
0.00
0.00
0.00
0.00
0.00
0.00
0.00
0.00
0.00
0.00
0.00
0.00
0.00
0.00
0.00
0.00
0.00
0.00
0.00
11.90
0.30
0.00
0.10
16.20
10.00
9.90
0.00
0.40
0.00
0.00
0.00
0.00
0.00
0.00
0.00
0.00
0.00
0.00
0.00
0.00
0.00
0.00
0.00
0.00
0.00
0.00
0.00
0.00
0.00
0.00
0.00
0.00
10.10
1.20
0.00
0.00
0.00
0.00
0.00
0.00
0.00
0.00
0.00
0.00
0.00
0.00
0.00
0.00
0.00
2.50
0.10
0.10
8.40
1.70
0.00
0.00
0.00
0.00
0.00
0.00
0.00
0.00
0.00
0.00
0.00
0.00
0.00
0.00
0.00
0.00
0.00
0.00
0.60
0.00
0.00
0.00
0.00
0.00
0.00
0.00
0.00
0.00
0.00
0.00
0.00
3.50
0.20
0.00
0.00
0.00
0.00
0.00
0.00
0.00
1.90
0.00
6.40
1.40
0.00
0.00
0.00
0.00
0.00
0.00
0.00
0.00
0.00
0.00
0.00
0.20
4.90
0.00
0.20
9.30
0.10
0.00
0.00
0.00
0.00
0.00
0.00
1.90
1.00
0.00
0.00
0.00
0.00
0.00
0.00
0.00
0.00
0.00
0.00
0.00
0.00
0.90
0.00
0.80
0.50
0.00
0.00
0.00
31.00
1.80
0.00
0.10
22.60
1.90
14.00
10.80
8.70
1.00
3.90
7.10
0.00
0.10
0.00
0.00
3.60
0.00
0.00
0.00
0.00
0.00
0.00
0.00
0.00
0.00
0.00
0.00
18.80
21.60
0.80
0.80
0.20
6.90
14.80
22.00
8.40
7.20
27.20
0.00
0.00
0.00
0.00
0.00
1.60
5.90
0.00
0.00
0.00
0.00
12.00
0.00
0.00
2.90
0.20
0.00
0.10
0.00
0.00
0.00
0.00
0.00
8.10
51.20
4.20
0.00
14.80
1.20
0.30
0.10
0.10
0.00
0.00
0.00
0.00
0.00
0.00
0.00
0.00
0.00
0.00
0.00
0.00
0.00
0.00
0.00
0.00
9.20
0.10
0.00
0.00
0.00
0.00
0.00
1.50
0.30
1.10
0.10
0.00
0.00
37.70
3.70
0.10
0.00
0.00
0.00
0.00
0.00
0.00
0.00
0.00
0.00
0.00
0.10
0.00
0.00
0.00
0.00
9.00
3.20
8.40
0.00
0.00
0.00
10.30
0.20
0.10
0.80
1.60
8.10
0.10
0.00
0.00
0.00
3.60
1.30
0.00
0.20
0.50
27.60
0.10
9.90
0.00
23.70
1.20
0.30
7.00
0.20
0.00
2.10
2.40
0.10
0.00
11.30
10.40
19.90
0.20
0.00
0.60
0.70
0.10
0.00
57.40
2.40
0.10
0.10
0.10
4.00
10.80
0.10
6.20
6.80
1.50
0.20
0.00
0.00
0.00
0.00
0.00
0.00
0.00
0.00
1.00
0.20
0.00
0.00
0.00
0.00
1.50
33.30
9.70
0.10
0.00
0.00
0.00
0.10
0.00
0.00
0.00
0.00
0.00
6.20
0.20
0.00
0.00
0.00
0.00
0.10
0.10
0.00
0.10
0.20
0.00
0.00
0.20
0.00
0.00
0.90
0.00
0.00
0.00
0.00
0.00
0.00
2.00
15.50
0.10
0.00
0.00
0.00
0.00
10.00
3.60
0.00
1.90
19.60
0.00
0.00
0.00
0.00
0.00
0.10
0.00
0.00
0.00
0.00
0.00
0.00
0.00
0.00
0.00
10.70
1.40
0.10
0.00
0.00
0.00
0.00
0.00
0.00
0.00
0.00
0.00
0.00
0.00
0.60
0.00
0.00
0.90
0.00
0.00
1.30
0.00
0.00
0.00
0.00
0.00
1.50
7.90
0.00
6.10
0.00
0.00
0.00
0.00
0.00
0.00
0.00
0.00
0.00
0.00
4.40
1.40
2.40
0.00
0.00
0.00
0.00
0.00
0.00
0.00
0.00
0.00
0.00
0.00
0.00
0.00
0.10
0.00
0.00
0.00
0.00
0.00
0.00
0.00
0.00
0.70
4.90
0.40
0.00
3.30
0.00
6.90
17.60
0.20
0.00
0.00
0.50
8.50
25.60
0.00
0.00
0.10
0.10
0.00
0.00
0.00
1.20
0.10
0.00
0.00
0.00
0.00
0.00
0.00
0.00
0.00
0.00
0.00
0.00
0.00
0.00
0.00
0.00
0.00
0.00
0.00
0.00
0.00
26.30
0.00
0.80
1.60
9.40
3.80
0.00
0.00
0.00
0.00
0.00
0.00
12.90
1.10
0.00
0.00
0.00
0.00
0.00
0.00
0.00
2.50
0.80
0.10
0.10
0.00
0.00
0.00
0.00
0.10
0.00
0.00
0.00
0.60
0.00
0.00
0.00
0.00
0.00
3.20
7.60
3.00
0.00
0.00
15.50
0.10
0.00
0.00
0.00
13.60
10.50
0.00
8.50
5.20
0.00
0.00
0.00
2.00
16.70
2.10
0.00
0.00
0.10
0.00
0.00
0.00
0.20
0.20
0.00
0.70
0.20
0.00
0.00
0.00
0.10
0.00
0.00
0.00
0.00
0.60
2.00
0.50
0.10
0.00
0.00
0.00
0.00
0.00
0.20
0.00
0.00
7.80
14.20
0.00
0.00
0.00
0.00
1.10
0.20
6.30
12.80
0.10
0.90
2.40
0.00
0.00
0.00
0.00
0.00
0.00
0.00
0.00
0.00
0.00
2.10
0.00
0.00
5.90
2.90
0.00
0.00
0.40
0.00
0.00
0.00
0.00
0.00
0.00
0.00
0.00
0.00
0.00
0.10
0.00
0.00
0.00
0.00
0.00
0.20
0.00
0.00
0.70
8.50
0.20
1.30
7.90
8.90
0.00
0.00
0.00
0.00
0.00
0.10
0.00
0.00
0.00
19.20
20.00
15.50
0.10
0.00
5.10
32.60
4.80
0.60
0.10
0.00
0.00
0.00
0.00
0.00
0.00
0.00
0.00
0.10
0.00
0.00
0.10
8.50
0.30
0.70
0.40
0.00
29.00
91.00
0.30
5.90
21.20
0.10
0.10
5.10
0.10
0.00
0.00
0.00
0.00
0.00
0.00
0.00
26.80
0.00
4.50
1.30
15.80
1.40
6.90
0.00
0.00
4.50
0.00
0.00
0.00
17.00
0.90
3.10
0.10
0.40
7.90
0.10
0.00
0.00
0.00
0.00
0.00
0.00
0.50
2.80
0.00
0.00
0.10
0.00
0.00
0.00
7.90
0.00
0.00
0.00
0.00
0.00
0.00
10.20
10.40
0.00
0.00
1.40
0.00
0.00
0.00
10.70
0.00
21.70
29.00
2.70
0.00
0.10
0.00
0.00
0.00
0.00
0.00
0.00
0.00
0.00
0.00
0.00
0.00
0.80
0.00
0.00
0.00
0.00
0.00
0.00
0.00
0.00
2.10
0.00
0.00
0.00
0.00
0.00
0.00
0.00
0.00
0.00
0.00
0.00
0.00
0.00
0.00
0.00
0.00
0.20
0.00
0.00
0.10
1.80
0.00
0.00
0.00
0.00
0.00
1.10
0.00
0.00
0.40
0.00
0.00
0.00
0.00
0.00
0.00
0.00
0.00
0.00
0.00
0.00
0.00
0.00
0.00
0.00
0.00
0.00
0.00
0.00
20.60
0.00
0.00
0.70
2.80
6.00
0.50
2.60
0.00
1.30
18.10
0.20
0.00
0.00
0.00
0.00
0.00
0.00
0.00
0.50
0.00
0.00
0.00
0.00
0.00
0.00
2.90
0.10
0.00
0.00
0.00
0.00
0.00
0.00
0.00
0.10
0.10
0.00
0.60
2.40
7.60
0.00
13.80
21.20
1.90
0.00
11.90
0.00
0.00
0.00
0.00
9.90
12.30
0.10
3.50
0.00
0.60
0.40
9.10
0.00
11.30
0.10
8.20
0.00
0.00
0.00
14.60
0.00
0.00
0.00
0.00
0.00
4.00
23.70
0.20
0.70
1.00
4.60
0.20
7.10
0.30
2.10
0.00
0.10
1.20
0.20
3.70
0.00
0.00
1.90
0.00
0.00
0.00
0.00
0.00
6.90
32.20
1.50
0.20
0.00
0.00
0.30
1.00
0.40
0.10
0.10
0.20
0.00
0.00
0.00
0.00
0.00
0.00
0.00
0.00
0.00
6.80
11.80
0.00
4.30
4.80
0.00
0.00
0.00
27.40
0.10
0.40
0.00
0.00
13.20
0.10
0.00
0.00
0.00
0.00
0.00
0.00
0.00
0.00
0.00
0.10
5.40
0.30
0.00
0.10
0.30
0.10
0.00
2.60
0.00
0.20
0.60
0.00
0.20
0.40
0.00
0.00
0.00
0.00
0.00
9.20
0.20
0.00
0.00
11.30
0.10
0.00
0.00
0.00
0.00
7.50
0.10
0.00
0.00
0.00
0.00
1.80
0.20
0.00
0.00
0.00
0.10
0.00
2.30
0.20
0.00
0.00
0.00
0.00
1.40
0.60
0.00
0.00
0.10
0.20
8.40
8.40
16.70
0.10
0.70
2.00
0.00
0.00
0.20
0.20
0.00
0.10
0.00
1.40
0.00
0.10
2.20
25.20
0.00
0.00
0.00
0.00
0.00
0.00
0.00
0.10
1.00
0.00
0.00
0.00
0.00
0.00
4.90
0.00
0.00
0.00
0.00
0.00
0.10
0.00
0.00
0.00
0.00
0.00
0.10
0.00
0.00
0.00
0.00
0.00
0.40
0.40
0.00
0.80
0.10
0.00
0.00
6.20
2.20
2.50
0.30
0.00
2.20
5.90
1.60
0.00
0.00
0.00
0.00
0.00
0.00
0.00
0.00
0.00
0.00
0.00
0.00
0.00
0.00
0.00
0.00
0.00
0.00
0.00
0.00
0.00
0.00
0.00
0.00
0.00
0.00
0.00
0.30
0.00
7.10
0.00
0.00
0.00
0.00
0.00
6.40
7.10
4.40
0.00
0.00
0.00
0.00
0.00
0.00
0.00
0.00
0.00
0.00
0.00
0.00
0.00
0.00
0.00
2.30
0.00
0.00
0.00
0.00
0.00
0.00
0.00
0.00
0.00
0.00
0.00
0.00
0.00
0.00
0.00
0.00
0.00
0.00
0.00
0.00
0.00
0.00
0.00
0.00
0.00
0.00
0.00
0.00
0.00
0.40
0.00
0.00
0.00
0.00
0.00
0.00
0.00
0.00
0.00
0.00
0.00
0.00
1.80
6.80
5.30
0.70
0.00
0.00
0.00
1.10
1.20
0.00
0.00
0.00
0.00
0.00
0.00
0.00
0.00
0.00
1.20
0.00
0.00
0.00
0.00
0.00
0.00
2.00
0.00
0.00
0.00
0.00
0.00
0.00
0.00
3.50
0.10
0.00
0.00
0.00
0.00
0.00
0.00
0.00
0.00
0.20
0.10
2.30
0.00
0.00
0.00
5.00
1.00
5.50
0.10
0.00
0.20
0.70
0.00
0.00
0.00
0.00
0.00
0.00
0.00
0.00
0.00
0.00
0.00
0.00
0.10
0.00
0.00
0.10
0.00
0.00
0.00
0.00
0.00
0.20
0.00
0.00
0.00
0.00
0.00
0.00
0.00
0.00
0.10
19.80
2.50
0.00
0.00
0.00
0.40
2.00
0.80
0.30
5.70
0.50
0.10
0.70
14.80
0.00
0.00
0.00
0.00
3.60
0.10
0.00
0.00
0.00
0.00
0.00
0.00
0.20
0.00
0.00
0.00
0.00
0.00
0.00
1.90
0.00
0.00
0.00
0.00
20.60
0.10
2.10
8.60
0.20
0.00
0.00
0.00
0.00
3.70
2.10
27.40
19.10
0.90
0.00
0.00
0.20
1.20
0.00
0.00
0.00
0.00
0.00
10.90
0.00
0.00
1.20
18.80
29.40
0.10
0.10
2.10
0.10
0.10
0.00
0.00
0.00
0.00
0.00
0.00
17.50
14.00
0.10
0.10
10.90
0.90
0.10
0.00
0.00
0.10
0.30
13.50
10.10
0.10
0.00
0.00
0.00
0.00
0.20
2.30
0.30
6.70
0.30
0.00
0.00
0.00
0.00
1.70
17.90
8.30
18.10
0.00
0.00
0.00
0.00
0.00
0.00
10.90
0.20
0.00
0.00
0.20
0.00
0.10
0.00
0.00
0.00
23.20
25.40
28.70
0.00
0.30
0.00
5.10
10.10
0.30
0.20
1.50
2.40
0.00
0.00
0.00
0.00
0.10
0.00
0.80
36.40
0.70
0.10
0.10
1.10
0.20
9.00
0.20
0.00
0.00
0.00
2.80
0.00
0.00
0.20
0.20
5.20
19.30
29.80
22.40
15.80
0.20
0.00
38.80
0.20
0.10
0.10
0.30
1.50
0.10
0.20
0.10
0.30
0.20
0.20
0.20
2.80
0.00
0.00
0.00
0.10
1.70
0.00
0.00
0.00
3.50
1.10
0.00
3.60
10.10
23.60
12.70
0.00
0.00
0.00
0.00
0.00
0.00
0.00
0.00
0.00
0.00
0.00
0.00
0.00
0.00
0.00
0.00
0.00
0.00
0.00
0.00
0.00
0.00
0.00
0.00
0.00
0.00
0.00
0.10
0.00
0.00
0.00
0.00
0.00
0.00
0.00
0.00
0.00
0.00
0.00
0.00
0.00
0.00
0.00
0.00
0.00
0.00
0.00
0.00
0.00
0.00
0.00
0.00
11.30
7.30
0.00
0.00
0.00
0.00
0.00
0.00
2.30
0.00
0.00
0.00
0.00
0.00
0.00
0.00
0.00
0.00
0.00
0.70
6.40
16.70
30.20
15.50
0.10
0.00
0.00
0.00
0.00
0.00
0.00
0.00
0.00
0.00
0.00
0.00
0.00
0.00
0.00
0.00
0.00
0.00
0.00
2.70
0.00
6.60
0.60
0.00
0.40
0.00
1.60
0.00
0.00
0.00
0.00
0.00
0.00
5.50
0.00
0.00
0.00
0.00
0.00
1.00
0.00
0.00
0.00
0.00
0.00
0.00
7.80
2.10
0.00
28.40
3.50
0.00
0.00
0.00
0.00
0.00
0.00
0.00
0.00
0.00
0.00
0.00
0.00
0.00
3.00
25.20
0.10
0.00
0.00
0.00
0.00
0.00
0.00
0.00
0.40
0.50
9.10
0.00
0.00
19.30
0.00
0.00
0.00
0.00
0.00
0.20
0.00
0.20
0.00
0.00
0.00
0.00
0.00
0.00
0.00
0.00
0.50
0.60
0.00
0.00
0.00
0.10
6.50
0.00
0.00
0.00
0.00
0.00
0.00
0.00
0.00
0.00
14.00
0.10
0.00
0.00
0.00
0.00
0.00
24.90
7.80
0.00
0.00
0.00
0.00
0.60
0.00
0.00
0.00
0.00
0.00
0.00
0.00
0.00
0.00
0.00
0.00
0.00
0.00
0.00
0.00
0.00
0.50
0.10
0.00
0.50
0.00
0.00
0.90
0.00
10.10
0.60
0.00
0.00
0.00
0.40
0.70
0.00
22.80
0.10
0.00
0.00
5.60
2.00
1.90
3.30
0.00
0.40
13.60
0.20
0.00
0.00
0.00
0.00
3.50
9.70
0.00
0.00
0.00
0.00
0.00
0.00
3.80
0.00
5.30
0.20
0.00
0.00
0.00
0.00
0.00
0.40
0.00
10.90
0.10
0.00
20.90
0.30
0.10
0.00
0.10
0.00
0.00
0.10
3.90
2.70
13.70
0.30
0.00
0.00
0.00
0.00
0.00
0.00
0.00
0.00
0.10
0.20
0.00
0.00
9.20
3.90
0.10
0.00
5.30
46.60
18.50
3.30
0.20
0.00
0.10
0.00
0.20
0.30
1.00
24.20
2.60
0.50
0.00
0.00
0.00
0.10
0.10
0.10
0.20
1.70
2.30
0.00
0.00
0.00
0.00
0.00
0.00
10.50
5.20
0.00
0.10
0.00
0.00
0.00
16.70
0.10
0.30
0.20
0.10
0.20
0.10
0.00
0.10
0.10
0.00
0.00
0.10
0.20
0.00
0.00
0.00
0.00
0.00
0.00
0.00
0.00
0.00
0.00
0.00
0.00
0.00
0.00
0.00
3.80
3.00
0.00
0.00
0.00
0.00
0.00
0.00
0.00
0.00
0.00
0.00
0.00
0.00
0.00
0.00
0.00
0.00
0.00
0.00
7.40
0.00
0.00
0.00
0.00
0.00
0.30
0.00
0.00
8.10
0.00
0.00
0.00
0.00
0.00
0.00
0.00
0.00
0.00
0.00
0.00
0.00
0.00
0.00
0.00
0.00
0.00
0.00
0.00
0.00
0.00
0.00
0.00
0.00
0.00
0.00
0.00
0.00
0.00
0.00
0.00
0.00
0.00
0.00
0.00
0.00
0.00
4.60
0.80
0.00
0.00
0.00
0.00
0.00
0.00
3.40
1.30
0.00
0.00
0.00
0.00
1.00
1.10
0.00
5.40
0.00
0.00
0.00
7.60
0.00
0.00
0.00
0.00
11.80
0.70
0.00
0.00
0.00
0.00
1.10
0.00
5.00
0.00
0.00
0.00
0.00
0.00
0.00
0.00
0.10
0.00
1.80
0.00
0.00
0.00
0.00
0.00
0.00
0.00
0.00
0.00
0.00
0.00
0.00
0.00
1.50
0.00
0.00
1.30
0.00
0.10
0.10
3.40
0.00
0.30
18.70
1.60
33.60
16.60
6.00
0.70
0.10
0.00
0.00
0.00
1.50
0.40
5.40
12.90
8.40
6.60
0.20
1.00
7.10
3.30
2.00
0.10
0.00
0.40
0.20
0.00
0.00
1.20
0.10
1.00
0.70
31.40
0.40
0.10
0.10
1.30
0.00
0.00
0.00
0.00
0.10
0.00
0.00
0.10
2.90
0.30
0.00
0.10
0.10
2.60
0.20
0.90
0.10
0.40
0.20
0.00
18.70
1.10
0.20
0.00
0.00
4.10
0.00
0.00
0.00
25.60
0.70
5.60
0.10
2.40
3.50
0.20
0.00
0.00
0.00
0.00
2.70
0.00
0.20
2.00
1.50
0.00
0.00
0.00
0.00
0.00
0.00
0.00
0.00
0.00
0.00
0.00
1.40
0.10
0.00
0.00
0.00
0.10
0.00
0.00
0.00
0.00
3.90
0.10
0.00
0.10
0.10
0.00
0.00
0.00
0.00
0.00
0.00
0.00
0.00
0.00
0.00
0.00
0.00
0.00
0.00
18.60
0.00
0.20
0.40
0.00
0.00
0.00
0.50
22.70
9.20
0.00
0.00
0.10
8.20
0.00
0.10
0.00
7.40
0.00
0.00
18.20
0.00
8.80
3.80
2.20
1.50
0.00
0.00
0.00
0.00
1.30
7.90
0.10
0.10
0.10
2.50
0.20
0.00
0.10
0.00
0.10
0.00
0.10
0.00
0.00
0.00
0.00
0.00
0.20
0.30
0.00
0.00
0.00
0.00
0.10
0.20
3.80
0.00
0.00
0.00
0.00
0.00
0.00
0.00
0.00
1.40
15.60
9.10
0.00
13.60
3.60
0.10
23.40
0.70
0.00
0.00
0.00
0.00
0.10
0.00
0.00
0.00
0.00
0.00
0.00
0.00
0.00
0.30
0.00
0.00
0.10
0.10
0.10
0.00
0.00
0.00
0.00
0.00
0.00
0.00
0.00
0.00
0.00
0.00
0.00
0.00
0.00
0.10
0.00
0.00
0.00
0.00
0.00
8.40
2.50
0.20
0.00
0.00
0.00
0.00
0.00
0.00
0.00
0.00
0.00
0.00
0.00
0.00
0.00
0.00
0.00
0.00
0.00
0.00
0.00
0.00
0.00
0.00
0.40
0.10
0.00
0.00
0.00
0.60
0.10
0.10
0.00
0.00
0.00
0.00
0.00
0.00
0.00
0.00
0.00
0.00
0.00
25.40
0.00
0.00
0.00
0.00
0.10
0.10
0.10
9.20
0.90
0.00
0.00
0.00
1.40
0.00
0.00
0.00
0.00
0.00
0.00
0.00
0.00
0.00
0.00
0.00
0.00
0.00
0.00
0.00
0.30
0.00
8.20
10.30
0.00
0.00
0.00
0.00
0.00
0.00
0.00
0.00
0.00
0.00
0.00
0.00
0.00
0.40
4.40
0.40
2.10
0.00
0.00
0.30
2.50
0.00
0.00
0.00
0.00
0.00
0.00
0.00
0.00
0.00
0.00
0.00
0.00
0.50
0.00
0.00
0.00
0.00
0.00
0.00
0.10
0.10
0.90
10.10
0.10
0.00
13.00
0.00
0.10
0.00
0.70
0.00
0.00
0.00
32.10
2.30
0.00
0.00
0.00
0.00
0.00
0.00
0.10
0.50
1.50
11.80
13.60
1.60
0.00
2.10
0.00
0.00
6.90
10.70
0.00
14.70
6.10
2.20
12.50
0.10
0.00
0.00
0.00
5.70
0.00
0.00
0.00
0.00
0.00
0.00
0.10
1.30
0.00
0.00
21.20
22.90
5.80
0.10
1.00
1.30
4.70
2.20
12.70
3.20
2.90
0.60
0.00
7.10
0.40
4.20
41.50
0.10
14.80
0.10
0.00
0.00
0.20
0.40
3.70
12.70
13.80
10.90
1.60
3.00
0.00
0.10
6.40
1.20
0.10
12.20
0.10
0.00
3.40
0.60
0.10
0.00
0.00
0.00
0.00
0.00
0.00
0.00
0.90
0.00
0.00
0.00
0.00
0.40
0.00
0.00
3.90
0.00
4.40
0.10
0.00
0.00
0.00
17.90
29.50
3.80
0.10
0.20
0.00
0.00
0.00
0.00
0.70
0.00
0.00
0.00
0.00
3.10
0.10
12.00
0.10
0.10
0.00
0.00
0.00
0.00
0.10
0.00
0.50
0.00
0.30
0.00
0.00
0.10
0.10
0.00
0.00
10.20
0.30
0.00
0.30
0.00
0.10
0.00
0.00
37.50
0.00
0.00
12.80
13.00
12.60
0.10
0.00
0.00
0.60
0.10
0.10
1.10
0.20
0.00
2.10
0.10
0.00
0.00
0.00
48.30
0.10
0.00
0.00
0.00
0.00
0.00
2.70
6.00
2.40
0.10
0.00
3.20
1.30
0.00
3.20
0.00
0.00
0.00
0.00
0.00
0.00
0.00
0.00
0.00
0.00
0.00
7.70
0.00
0.00
0.00
0.00
0.00
0.10
0.00
4.40
0.20
6.50
0.10
0.00
0.00
0.00
3.60
0.00
0.00
0.00
0.00
15.50
13.90
0.00
11.40
18.50
31.10
0.00
0.00
0.00
0.00
0.00
0.00
0.00
0.00
0.00
0.10
2.10
0.00
0.00
0.00
0.00
0.00
0.00
0.00
0.00
0.00
0.00
0.00
0.80
0.00
0.00
0.00
3.10
0.00
0.00
0.00
0.00
0.00
0.00
0.00
0.00
0.00
0.70
0.00
0.00
0.00
4.60
0.50
0.00
0.00
0.00
0.00
0.00
0.00
0.00
0.00
0.00
0.00
0.00
24.30
8.20
0.00
2.70
0.20
0.00
0.00
0.00
0.00
0.00
0.00
12.10
0.00
0.00
1.70
6.30
0.00
0.00
0.00
0.00
0.00
0.00
0.00
0.00
3.40
0.00
0.00
0.70
0.00
2.60
2.00
1.70
0.00
0.00
0.00
0.00
9.10
12.10
2.70
9.10
0.00
0.00
0.40
0.00
0.00
0.00
0.00
0.00
0.00
0.00
0.00
0.00
0.00
0.00
0.00
0.00
0.00
0.00
0.00
0.00
0.00
0.00
0.00
0.00
0.00
0.90
8.50
3.70
2.80
0.20
0.00
0.00
0.00
0.00
0.00
0.00
0.00
0.00
0.00
0.00
0.00
0.00
0.00
0.00
0.00
0.00
0.00
0.00
0.00
0.00
0.00
0.00
32.40
7.10
1.00
18.80
2.60
7.10
0.00
0.60
3.00
0.00
15.50
0.20
0.10
0.90
10.30
4.00
0.00
0.00
6.00
0.90
2.20
3.50
0.30
0.10
0.00
0.00
0.00
0.00
0.00
5.90
0.00
1.80
0.00
31.60
0.20
0.00
0.00
1.60
0.00
0.00
1.80
0.00
0.00
0.00
0.40
0.00
0.60
14.10
0.10
0.00
0.10
0.00
0.00
0.00
0.00
0.00
0.00
0.00
0.00
1.90
0.00
0.00
0.00
0.00
5.50
0.30
0.00
0.00
0.00
9.40
0.00
0.00
7.70
0.10
0.00
0.00
0.00
0.00
0.00
0.00
4.30
0.00
0.00
52.80
0.10
0.00
0.00
0.00
1.40
13.50
20.00
0.00
5.40
1.10
5.60
37.60
0.00
0.00
8.70
18.30
31.20
7.50
0.10
4.50
0.60
0.00
0.00
0.00
23.30
0.10
0.00
0.00
0.00
0.00
0.00
1.30
0.80
0.00
0.00
0.00
0.00
0.00
0.00
0.00
0.00
0.00
0.00
0.00
0.00
0.00
0.00
0.00
27.90
1.10
9.50
40.40
0.10
0.20
0.00
0.00
0.60
1.70
0.00
0.00
0.00
0.00
0.00
2.50
0.00
0.00
7.30
2.70
0.90
0.00
0.00
0.00
0.00
6.30
0.20
0.00
0.30
0.10
0.00
0.00
0.00
0.00
0.00
0.00
1.10
3.00
45.20
3.10
0.00
5.10
0.10
0.00
5.90
1.30
0.00
0.00
0.00
0.00
4.30
0.10
0.00
0.00
0.00
23.00
0.20
0.00
0.00
0.00
0.00
0.00
0.40
0.10
3.40
0.00
0.00
0.00
0.00
0.00
0.00
0.00
0.00
0.00
29.00
27.00
4.30
0.20
0.00
0.20
0.00
0.10
0.00
0.10
0.00
0.00
0.00
1.30
0.00
2.50
1.50
0.10
4.00
0.00
0.20
0.00
0.10
0.10
0.10
0.00
0.00
0.00
0.00
0.00
0.00
0.00
0.00
0.40
0.00
0.10
0.10
0.10
0.00
0.00
3.40
0.00
0.30
0.00
0.00
0.00
0.00
0.00
0.00
0.00
0.00
0.30
0.00
0.00
0.00
0.00
0.00
0.10
0.00
0.00
0.00
0.00
12.40
5.60
14.50
17.90
0.00
4.50
0.00
0.00
2.20
1.10
0.40
0.00
0.10
0.00
1.80
9.40
0.00
2.50
0.10
0.00
0.00
0.00
1.10
0.00
8.90
0.00
0.00
0.00
0.00
1.10
6.50
0.20
0.10
0.00
1.00
1.30
0.00
0.00
0.00
0.00
0.00
5.00
0.30
0.10
0.10
6.30
2.00
0.10
0.00
12.60
9.30
0.10
0.00
0.00
0.00
0.00
1.90
2.90
0.70
4.30
6.30
0.00
1.00
0.20
0.00
0.00
0.00
0.00
0.50
0.00
0.00
5.80
9.70
0.10
0.10
0.00
8.10
24.50
0.00
0.00
0.00
0.00
0.00
0.00
0.00
0.00
0.00
0.00
0.00
0.00
7.00
7.00
0.00
0.00
1.20
0.40
0.00
0.00
0.00
1.50
0.00
0.20
0.00
0.10
8.30
0.00
0.00
0.40
0.00
0.00
0.00
0.00
16.90
0.20
0.20
1.00
0.00
0.00
0.00
2.10
0.20
0.00
0.00
0.10
0.10
0.80
4.20
0.00
0.00
0.00
0.10
24.20
10.90
39.30
12.00
1.10
3.10
0.20
1.80
3.40
0.10
0.00
12.80
12.70
2.70
0.00
0.00
0.00
0.00
0.00
0.00
0.00
1.70
0.00
0.00
0.00
0.00
0.00
4.30
0.10
0.00
0.00
0.00
0.00
0.00
0.00
0.00
0.70
0.00
0.00
21.50
7.80
4.40
0.00
14.20
20.50
0.80
0.00
7.10
4.80
15.50
0.00
0.00
0.00
0.00
0.00
0.00
6.60
3.50
0.00
0.50
0.10
0.00
0.00
1.70
11.20
0.00
0.00
0.00
0.00
0.00
0.00
9.30
0.00
0.00
0.00
0.00
0.00
0.00
0.00
2.60
0.00
0.00
1.50
1.10
0.00
0.00
0.00
0.00
6.10
6.60
0.00
0.50
0.00
15.30
0.10
1.40
0.00
0.00
0.00
0.00
16.40
39.50
0.00
12.10
30.30
13.40
7.00
0.00
0.00
0.00
3.60
0.00
0.00
0.00
0.00
0.00
0.00
0.00
0.00
0.00
0.00
0.00
0.00
0.00
1.10
0.00
22.70
0.10
0.00
11.70
0.10
0.00
0.00
0.00
29.30
0.10
0.00
0.00
41.90
28.00
4.30
0.00
0.40
1.40
0.00
0.00
2.80
0.00
0.00
0.00
0.00
0.00
0.00
0.00
0.00
0.00
6.60
0.00
0.00
0.00
0.00
0.40
67.10
31.20
6.90
0.00
0.00
0.00
0.00
0.00
0.00
0.00
0.00
0.00
0.00
0.00
0.00
0.00
0.00
0.00
0.00
0.70
1.40
3.90
0.00
0.00
0.00
0.00
0.00
0.00
0.00
0.00
0.00
0.00
0.00
0.00
0.00
0.00
0.90
0.00
1.10
0.20
0.00
4.50
0.00
0.00
0.00
0.00
0.00
0.00
0.00
0.00
0.10
17.90
0.00
0.00
0.00
0.00
0.10
0.10
0.00
2.60
0.00
0.00
0.00
0.00
0.00
0.00
0.00
0.00
0.00
0.00
0.00
0.00
8.20
14.50
13.10
0.00
0.00
0.00
0.00
0.00
0.00
0.00
0.00
0.00
0.00
0.00
0.00
0.00
0.00
0.00
0.00
0.00
0.00
0.00
0.00
0.00
0.00
0.00
0.00
0.00
0.00
0.00
0.00
0.00
0.00
0.00
0.00
0.00
0.00
0.00
20.30
0.00
9.30
2.10
0.00
0.00
0.00
0.00
0.00
0.00
0.00
0.00
0.00
0.00
0.00
0.00
0.00
3.70
0.00
0.00
1.40
0.00
0.00
1.10
0.10
0.00
0.00
0.00
0.00
0.00
0.00
0.00
0.00
0.10
2.70
0.00
0.00
0.00
0.00
0.00
0.00
0.00
0.00
48.00
0.40
15.30
56.60
2.90
0.00
0.00
0.00
0.00
1.90
0.30
0.00
0.00
0.00
1.20
1.20
0.80
16.20
0.10
0.00
0.00
0.00
0.00
0.00
0.00
0.00
0.00
0.00
0.00
0.00
0.00
0.00
0.00
0.00
0.40
0.00
0.00
0.00
0.00
0.00
0.20
0.00
23.40
2.60
4.00
0.70
0.00
11.20
0.00
0.00
0.00
0.00
1.90
0.00
8.80
0.00
4.90
0.00
0.00
0.00
1.80
18.00
0.00
72.20
0.30
0.00
0.00
0.00
0.00
0.00
0.00
0.00
0.00
1.90
0.00
0.00
0.40
0.00
0.00
10.90
5.60
0.00
0.30
4.40
41.40
6.80
1.90
9.70
8.80
4.90
44.10
1.00
4.20
32.40
0.10
0.00
0.30
0.20
0.00
0.00
0.00
0.00
0.00
0.00
0.00
0.00
0.00
0.00
0.00
0.00
0.00
0.00
0.10
0.60
12.20
0.00
0.00
0.00
0.00
0.00
0.00
0.00
2.90
7.90
19.80
0.80
0.00
0.00
0.00
9.60
0.00
0.00
0.90
0.10
0.00
0.10
80.50
34.00
0.00
0.20
1.50
0.20
0.00
0.00
50.50
6.20
0.00
0.00
0.00
0.00
0.00
0.00
0.00
0.00
0.00
38.50
0.00
0.00
0.00
0.00
0.00
0.00
0.00
0.00
0.00
0.00
0.00
0.00
0.00
0.00
33.90
0.00
9.70
0.00
0.00
0.10
3.70
3.10
0.00
0.00
0.00
0.00
0.00
0.00
0.00
0.00
0.00
0.00
0.00
0.10
7.20
0.20
0.10
0.00
0.00
0.00
8.10
0.00
0.00
0.00
0.00
0.00
0.00
0.00
0.00
0.00
0.00
0.00
0.00
0.00
0.00
0.00
0.00
0.00
0.00
0.00
0.00
0.00
0.00
0.00
0.00
3.40
0.00
0.10
0.00
9.40
11.30
0.00
0.10
23.40
6.30
0.00
0.10
0.00
0.00
2.00
75.80
32.80
4.70
4.50
0.00
0.00
0.00
0.10
0.10
0.00
0.10
6.90
35.20
0.90
1.80
0.00
1.20
3.20
15.40
14.80
0.00
0.00
0.10
0.00
0.00
0.00
0.10
0.00
0.10
0.00
0.20
0.40
0.00
0.00
0.10
0.10
0.10
0.00
0.00
0.00
0.00
0.00
0.10
0.00
0.40
0.20
0.00
0.00
0.00
0.10
0.20
0.00
0.10
0.00
0.00
0.00
0.00
0.00
0.00
0.00
0.00
0.00
0.10
0.10
0.00
0.00
0.00
0.10
0.20
0.10
0.10
0.00
0.00
0.00
0.30
0.00
0.10
0.10
0.00
0.00
0.00
0.10
0.00
0.10
0.00
1.40
1.50
0.00
0.00
0.00
0.20
0.00
0.00
0.00
0.00
0.00
0.00
0.00
0.00
0.00
0.00
0.00
0.00
0.00
0.00
0.00
0.00
0.00
0.00
0.00
0.00
0.00
0.00
0.00
0.00
0.00
0.00
0.00
0.00
0.00
0.00
0.90
0.10
0.00
0.00
0.00
0.00
0.00
0.00
0.00
0.00
0.00
0.00
0.00
0.00
0.00
0.00
1.50
0.30
22.70
28.40
0.10
0.00
0.00
0.00
0.00
0.00
0.00
0.00
0.00
0.00
0.00
6.70
20.50
2.50
1.50
2.90
0.00
0.00
0.70
0.00
6.10
0.10
3.90
0.00
0.00
0.10
2.60
2.90
0.70
0.70
1.60
0.90
0.10
0.00
0.00
0.00
14.50
0.00
18.10
0.10
1.10
0.10
0.70
0.00
12.10
0.10
0.00
0.00
0.00
0.00
0.30
14.50
7.30
0.20
0.00
0.00
0.00
0.00
19.60
0.90
0.00
0.00
0.00
0.00
0.00
1.40
20.30
0.30
1.90
0.00
0.00
0.00
33.30
0.00
0.00
0.00
0.00
0.00
0.00
0.00
1.30
4.00
0.00
0.00
0.00
0.00
0.00
0.00
0.40
0.50
0.00
0.00
0.00
0.00
0.00
0.00
0.00
0.00
0.00
0.00
2.30
0.00
0.00
0.00
10.10
0.00
0.00
0.00
0.00
0.00
0.00
0.00
0.00
0.00
0.00
0.00
0.00
0.00
0.00
0.00
3.30
4.30
0.00
0.00
0.00
0.00
1.70
0.00
0.00
0.00
0.00
0.00
0.00
0.00
0.00
1.60
31.20
0.00
0.00
0.00
0.00
10.20
0.00
0.30
0.00
0.00
0.00
0.00
0.00
0.00
0.00
0.00
0.00
0.00
0.00
0.00
0.00
0.00
2.70
3.00
23.80
0.20
0.00
0.00
0.00
0.00
0.00
0.00
0.00
8.40
26.90
0.10
0.00
3.10
0.10
0.00
0.00
0.00
0.00
10.30
0.00
0.00
0.00
0.00
0.10
0.00
0.00
0.10
0.00
1.70
48.60
0.20
0.00
0.00
0.00
0.00
0.00
0.00
0.10
0.00
0.00
1.90
3.00
11.20
0.10
5.50
0.10
0.10
0.00
0.50
2.90
6.20
16.50
0.10
0.10
0.00
7.30
5.00
15.50
0.00
0.00
6.20
3.00
0.00
0.00
0.00
0.50
0.00
0.00
0.00
0.00
6.70
0.00
0.00
0.00
0.00
0.00
0.00
0.00
6.90
0.80
0.00
0.00
0.00
0.00
0.00
0.00
0.00
2.30
6.90
0.00
0.00
0.00
0.00
0.00
0.00
0.00
0.00
0.00
0.00
0.00
0.00
0.00
0.00
0.00
0.00
0.00
0.00
0.00
0.00
0.00
0.00
0.00
0.00
0.00
0.00
0.00
0.00
0.00
0.00
0.00
0.00
0.00
0.00
2.00
0.00
0.00
0.00
0.00
0.00
0.00
0.00
0.00
0.00
0.00
0.00
0.00
0.00
0.30
0.00
0.00
2.30
16.70
0.00
0.00
0.00
0.00
0.00
0.00
0.10
1.20
0.00
0.00
0.00
0.00
0.00
1.50
0.00
0.00
0.00
0.00
0.00
0.00
0.00
0.20
0.10
0.00
0.00
0.00
0.00
0.00
0.10
0.10
0.00
0.00
0.00
6.60
1.00
0.00
0.00
0.00
0.00
6.60
1.90
0.00
0.00
0.60
23.70
7.00
0.20
0.00
0.40
0.00
0.00
0.30
1.00
0.00
0.00
3.90
4.60
0.50
0.10
2.10
0.00
0.00
0.00
0.60
0.10
13.30
18.50
0.20
2.10
0.00
0.00
18.40
14.20
0.00
21.90
5.80
0.70
0.00
0.00
0.00
0.00
0.00
0.00
0.00
0.00
0.00
0.00
0.00
0.00
2.50
0.00
0.00
0.00
0.00
0.00
7.70
16.40
23.00
10.50
11.40
4.10
0.00
0.40
1.90
4.30
0.60
0.30
0.00
1.30
0.00
0.00
0.00
0.00
0.00
2.10
26.50
1.20
13.80
22.30
14.10
0.30
0.00
0.00
0.00
0.60
0.00
0.00
2.20
2.90
0.00
0.00
0.00
0.00
0.00
0.00
3.60
0.10
0.00
0.00
15.00
1.30
0.30
0.00
0.00
0.00
0.00
0.00
0.00
0.30
2.40
1.00
0.00
22.70
0.00
0.10
0.00
0.00
0.00
0.00
0.00
0.00
0.00
1.40
0.00
1.50
0.00
0.00
0.00
0.00
0.00
0.00
1.80
1.00
8.20
0.20
28.00
0.00
0.80
19.00
36.00
8.10
23.40
72.30
17.40
20.00
1.70
0.00
0.00
0.00
5.60
0.00
0.00
0.00
0.00
0.00
0.00
0.00
0.00
0.00
0.90
0.60
0.00
0.00
0.00
0.00
46.60
0.00
0.00
1.70
28.60
0.00
1.90
0.00
0.00
0.00
0.00
18.50
0.50
18.90
1.20
0.10
0.00
0.00
0.00
0.00
0.00
0.00
0.00
0.00
0.00
18.70
0.00
0.00
7.30
1.00
0.00
0.00
0.00
2.00
0.00
0.00
0.00
0.00
0.00
0.00
0.00
0.00
0.00
0.00
0.00
0.00
0.00
0.40
0.00
0.00
0.00
2.90
22.80
25.90
0.10
0.00
18.10
0.00
0.00
4.20
0.00
0.00
0.00
0.00
0.00
0.00
0.00
0.00
0.00
0.00
0.40
0.20
0.00
0.00
0.00
0.00
0.00
0.00
0.00
0.00
0.00
0.00
0.00
0.10
0.00
0.00
0.00
0.00
0.00
0.00
0.00
0.00
0.00
0.00
0.00
9.90
34.70
25.30
0.10
0.00
0.60
0.00
0.00
0.00
0.00
0.00
0.00
0.00
0.00
0.10
0.00
0.00
0.00
0.00
0.00
0.00
0.00
0.00
0.00
0.00
0.00
0.00
0.00
0.00
0.00
0.00
0.00
0.00
7.30
0.00
0.00
0.00
0.00
3.00
1.10
0.00
0.00
0.00
0.00
0.00
0.00
0.00
0.00
0.00
13.10
0.00
0.00
0.00
0.00
0.00
0.00
0.00
0.00
0.50
0.00
0.00
0.10
0.00
26.00
1.70
0.00
0.00
4.60
0.00
0.00
0.00
0.00
0.00
0.00
2.50
3.20
0.00
4.30
0.00
0.00
0.20
8.10
0.00
0.20
0.00
8.10
0.80
0.00
0.00
0.00
0.00
1.00
12.50
0.00
0.00
0.00
0.00
0.00
0.00
0.00
0.00
0.00
0.10
0.00
1.60
0.00
0.00
2.60
2.70
0.00
0.00
0.00
0.00
0.00
0.00
0.00
0.00
0.00
0.00
0.00
0.00
0.00
0.00
0.00
0.00
2.60
7.40
0.10
0.00
5.20
0.80
0.00
0.00
0.00
0.70
0.00
0.00
0.10
13.70
0.00
0.00
0.00
0.00
0.60
0.00
0.40
29.30
1.40
0.00
0.00
0.00
0.00
0.00
0.00
0.50
3.10
4.20
7.60
0.00
0.60
2.30
0.80
0.00
0.00
0.30
1.40
3.30
0.00
0.00
0.00
0.00
0.00
0.00
0.00
0.00
0.00
0.30
3.70
7.60
0.00
0.00
0.00
0.00
0.00
0.00
1.50
0.10
0.00
0.70
0.00
1.00
15.50
0.90
0.30
0.50
11.30
0.80
0.00
0.30
0.00
0.10
0.50
0.00
0.00
0.00
0.00
0.00
0.00
3.50
2.50
16.00
2.70
0.00
4.90
23.50
16.60
0.00
0.00
0.00
0.00
26.60
2.20
5.80
0.00
0.00
10.20
0.00
0.00
1.00
2.90
0.00
0.00
1.10
46.60
0.00
0.00
0.00
0.00
0.00
0.40
1.90
0.00
21.30
0.00
1.10
0.90
1.60
0.00
0.00
0.00
0.00
45.00
0.00
0.00
26.30
0.30
0.00
0.00
8.40
2.90
0.00
1.00
0.40
19.70
28.30
0.00
0.00
0.00
0.00
0.00
3.50
0.00
1.10
0.50
0.00
0.00
0.80
15.20
6.00
39.20
1.30
0.00
0.00
0.00
0.00
0.00
4.30
4.80
0.00
0.00
0.00
0.00
2.40
40.80
64.90
0.10
1.10
37.70
14.70
0.10
4.50
0.00
5.20
0.80
0.00
0.00
0.00
0.00
0.00
0.00
0.00
1.70
0.00
0.80
0.00
0.00
23.00
2.00
0.00
0.00
0.00
0.00
1.30
3.60
0.00
0.00
0.00
0.00
10.30
0.00
4.60
0.00
0.10
0.00
0.00
0.00
0.00
0.00
0.00
0.00
0.00
0.00
0.00
0.00
0.00
0.40
0.00
0.00
0.00
0.00
0.00
0.00
8.50
12.40
1.50
0.00
0.00
0.00
0.00
0.30
1.40
0.00
0.00
11.50
0.10
0.00
0.00
0.00
0.00
0.00
0.00
0.00
0.00
2.40
3.90
7.70
3.20
27.10
56.00
35.10
0.00
0.00
0.20
1.70
0.00
0.00
0.00
0.00
0.00
0.00
0.00
0.00
0.00
0.20
3.80
0.00
0.00
0.00
0.00
0.00
0.00
0.00
0.00
0.00
0.00
0.00
0.00
0.00
0.00
0.00
0.00
0.00
0.00
0.00
0.00
0.00
0.00
0.00
0.00
0.00
0.00
0.00
0.00
0.00
0.00
0.00
3.20
0.00
0.00
12.40
0.40
0.00
0.00
0.00
0.00
0.00
0.00
0.00
0.00
0.90
1.90
6.50
0.00
0.00
2.20
1.70
0.00
0.00
0.00
0.00
0.00
0.00
0.00
0.00
0.00
0.00
1.70
0.00
0.00
0.00
0.00
0.00
0.10
0.00
4.40
0.00
0.00
0.00
0.00
0.00
0.00
0.00
0.00
18.50
0.00
0.00
0.00
0.00
0.00
0.00
0.00
0.00
0.00
1.20
0.10
0.00
0.00
0.00
0.00
0.00
22.50
0.90
0.10
0.90
1.30
0.00
0.00
0.00
0.00
0.00
0.00
0.00
0.00
0.00
0.00
0.00
0.00
0.00
0.00
0.00
0.00
0.00
0.00
0.00
0.00
0.00
4.90
16.70
0.30
7.40
0.00
0.00
0.00
0.00
0.00
0.00
6.00
1.10
0.00
5.30
0.10
0.00
0.00
0.00
0.00
0.00
0.00
0.00
0.00
0.00
0.00
0.00
0.00
0.00
0.00
0.00
0.00
0.00
0.00
22.60
6.80
0.10
0.00
0.00
0.00
0.00
0.00
0.00
0.00
0.00
12.90
2.40
0.10
0.00
1.10
0.00
0.00
0.00
27.60
12.10
10.30
3.20
16.60
0.10
9.00
1.80
11.70
5.00
0.00
0.00
0.00
0.00
8.40
11.80
2.70
0.00
0.00
0.00
0.00
0.00
0.00
0.00
0.00
0.00
0.00
0.00
0.00
0.00
0.00
0.00
0.00
0.00
0.00
0.00
0.00
0.00
0.00
0.00
0.00
0.00
0.00
1.10
0.00
3.30
0.00
0.50
0.60
0.00
0.00
0.00
2.30
40.40
29.20
4.40
0.10
0.00
0.00
0.00
0.00
0.00
4.10
0.10
0.00
0.00
0.00
0.40
0.40
8.00
0.00
12.40
23.80
0.00
0.00
7.30
0.10
0.00
0.00
0.00
0.00
0.00
0.00
0.00
0.00
1.40
1.60
2.30
32.40
16.90
0.00
0.00
0.00
0.00
0.00
8.70
0.00
0.00
0.00
0.00
0.00
0.00
0.10
0.00
0.00
0.00
0.00
0.00
0.80
0.00
0.00
4.60
0.00
0.00
2.70
14.00
7.80
0.30
3.80
0.00
0.30
0.00
0.00
0.00
0.00
0.00
0.00
1.20
3.20
0.00
0.00
0.00
0.00
0.30
0.00
0.00
0.00
0.00
0.00
0.00
0.00
11.50
0.40
0.80
0.00
0.00
0.00
0.00
49.10
5.60
0.00
0.00
0.00
0.00
0.00
0.00
0.00
0.00
0.00
0.00
0.00
0.00
0.00
0.00
0.00
0.00
0.00
0.10
0.00
0.00
0.00
0.00
0.00
0.00
0.00
0.00
0.00
0.00
0.00
0.00
0.00
0.30
0.00
0.00
0.00
0.00
0.00
0.00
0.00
0.00
0.00
0.00
0.00
0.00
0.00
0.00
0.00
0.00
0.00
0.00
0.00
0.00
0.00
0.00
0.00
0.00
0.00
0.00
0.00
0.80
0.00
0.90
1.20
0.00
0.50
0.00
0.00
0.00
0.30
0.00
0.00
0.00
0.00
0.00
0.00
0.00
0.00
0.00
0.00
0.00
0.00
0.00
0.00
0.00
0.00
0.00
0.00
0.00
0.00
0.00
0.00
0.00
0.00
0.00
0.40
6.40
0.00
0.10
0.00
3.40
0.00
0.20
0.50
0.00
0.00
0.00
0.00
0.00
0.00
0.00
0.80
0.00
0.00
0.00
0.00
10.20
6.80
0.00
0.00
0.00
0.00
5.30
1.10
0.00
0.80
0.00
0.00
0.00
0.00
0.00
0.00
0.00
0.00
29.10
3.60
0.70
0.80
22.00
0.60
0.00
0.00
0.00
0.00
0.00
0.00
0.00
0.00
0.00
0.00
2.60
0.10
0.00
8.90
23.30
0.10
0.30
5.40
0.00
0.00
0.90
0.00
0.00
0.00
0.00
0.00
0.00
0.00
0.00
1.30
34.40
0.00
5.20
0.00
0.00
0.00
1.20
9.10
0.00
2.50
0.00
0.00
0.00
0.00
0.00
0.00
0.10
3.10
14.70
6.10
0.50
0.80
9.10
0.40
0.00
0.00
0.00
4.30
0.00
0.00
0.00
0.80
0.00
0.00
0.00
0.00
0.00
17.00
0.10
0.10
3.30
0.10
0.00
1.20
15.40
0.00
0.60
0.00
4.40
0.00
0.00
19.40
0.00
0.00
0.00
7.60
0.00
0.00
14.30
0.00
0.00
0.00
0.00
0.00
0.00
0.00
0.00
0.00
0.00
0.00
17.50
0.00
0.00
0.00
0.00
0.00
0.00
0.00
1.70
0.00
0.00
0.10
0.00
0.00
0.00
0.00
0.00
0.00
0.00
0.00
0.10
0.00
2.20
0.00
0.00
0.00
0.00
3.40
0.00
0.00
0.00
0.20
0.00
0.00
0.00
0.80
0.40
0.00
0.00
0.00
31.60
0.10
0.00
0.00
0.00
0.00
0.00
13.30
18.20
0.00
10.30
2.10
0.00
0.00
0.00
0.00
0.00
0.00
0.00
0.00
3.50
0.00
0.00
0.00
0.00
9.50
0.00
0.00
0.00
0.00
0.00
5.70
4.90
0.00
0.00
10.10
3.70
0.00
0.00
15.10
0.10
0.00
0.00
0.00
0.00
7.40
2.70
1.10
0.00
0.00
0.00
0.00
0.00
6.60
3.40
0.00
11.80
7.20
5.80
0.40
0.00
0.00
0.00
0.00
26.70
26.70
5.80
0.00
0.00
0.00
0.00
0.00
0.00
0.00
1.10
0.00
0.00
2.40
0.00
0.00
0.00
0.00
0.00
0.00
0.00
0.00
0.00
0.90
10.80
1.60
3.60
0.00
0.00
0.00
0.00
0.00
0.00
0.00
0.00
0.00
0.00
0.00
0.00
0.60
11.30
8.90
33.80
0.00
0.00
9.70
0.10
0.00
0.20
0.00
0.00
0.00
0.00
2.40
3.50
0.00
0.00
0.00
0.00
0.00
0.00
0.00
0.00
0.00
0.00
13.60
1.50
0.00
0.10
3.70
0.20
0.00
0.00
0.00
0.00
0.00
0.00
0.00
0.00
0.00
0.00
0.00
0.00
0.00
0.00
0.00
0.00
0.00
0.00
0.00
0.00
0.00
0.00
2.30
0.00
0.30
0.00
0.00
0.00
0.00
1.80
0.90
5.20
6.40
0.00
10.30
2.30
12.10
2.80
0.00
0.00
0.00
0.00
1.70
0.30
1.20
0.40
0.00
9.00
4.60
0.00
0.00
0.70
0.00
19.40
15.10
0.20
0.00
0.00
0.00
0.00
0.00
0.00
0.00
0.00
0.20
0.00
0.00
0.00
0.00
0.00
0.00
7.40
15.00
0.00
0.00
0.00
0.00
0.00
0.00
0.00
1.30
0.00
0.00
0.00
0.00
0.00
0.00
0.00
0.00
0.00
0.00
0.00
28.20
39.50
0.00
0.90
0.00
0.00
0.00
0.00
8.90
0.00
0.00
0.00
0.10
0.00
0.00
0.00
0.00
0.30
0.00
0.00
0.00
0.80
6.10
0.00
0.00
0.50
0.00
0.00
0.00
0.00
0.00
0.00
0.80
18.40
15.80
0.00
0.00
4.20
0.00
3.20
0.90
0.00
0.00
0.30
0.00
0.00
0.00
0.00
4.90
0.00
0.00
2.30
0.00
0.00
0.00
7.20
0.00
0.00
0.00
3.40
0.00
0.00
0.00
0.00
0.00
0.00
0.00
5.70
0.30
1.80
7.60
0.90
3.40
0.90
0.00
0.00
0.00
0.20
0.00
0.00
0.00
0.00
0.00
0.40
0.00
0.00
0.00
0.00
0.00
14.80
0.00
0.00
0.00
0.00
0.20
0.00
1.70
0.00
4.60
0.40
0.00
0.00
0.00
0.00
0.00
0.00
0.50
0.00
0.00
0.00
0.00
0.00
0.00
0.00
0.00
0.00
0.00
0.00
0.10
1.50
0.00
0.00
0.10
0.00
0.00
0.00
0.00
0.00
0.00
0.00
2.90
0.00
0.00
0.00
0.00
0.40
0.00
0.00
8.20
0.20
1.50
0.00
0.00
0.00
2.30
0.00
0.00
0.00
0.50
0.00
0.00
0.00
0.00
0.00
0.00
0.00
0.00
0.00
0.00
0.10
15.90
0.20
0.00
0.00
4.20
0.00
0.70
0.00
0.00
4.10
0.00
0.00
0.00
0.00
0.90
38.30
1.30
0.00
0.10
0.00
0.00
0.00
1.60
0.00
0.00
18.40
0.40
0.10
0.00
0.00
2.00
0.00
0.00
0.00
0.00
0.00
0.00
0.00
0.00
2.50
0.00
0.00
0.00
0.00
0.00
0.00
0.00
0.00
19.50
24.70
0.00
0.00
0.00
0.00
0.00
0.00
0.00
0.00
0.00
0.00
0.00
0.00
0.00
0.00
0.00
3.70
0.00
0.00
0.00
0.00
0.00
0.00
0.00
0.00
0.00
0.00
0.00
0.00
0.00
0.00
0.00
0.00
0.00
0.00
0.00
0.00
0.00
0.00
0.00
0.00
5.40
0.00
0.00
0.00
0.00
0.00
0.00
0.00
0.00
0.00
0.00
0.00
2.80
0.00
0.00
0.00
0.00
0.00
0.00
0.60
0.00
0.00
0.00
0.00
0.00
0.00
0.00
0.00
1.40
0.00
0.70
0.00
0.00
0.00
0.00
0.00
0.00
0.00
0.10
34.30
0.00
0.00
0.00
0.30
0.00
3.20
4.50
0.00
0.00
0.00
0.00
0.00
0.00
0.00
0.00
0.00
0.00
0.20
39.60
0.00
0.00
0.00
0.00
0.00
16.80
0.00
0.00
19.70
28.80
1.40
0.00
0.00
0.00
0.00
0.00
1.20
0.00
0.00
0.00
1.60
10.40
0.00
0.00
0.00
0.10
1.90
0.00
0.00
0.00
11.30
1.90
37.10
10.90
0.30
0.00
0.40
5.00
0.10
0.20
0.00
0.30
0.30
0.00
0.40
0.00
0.70
3.20
0.00
0.00
0.00
4.10
0.00
0.00
0.00
0.00
16.20
1.20
0.00
0.00
0.00
0.10
0.00
0.00
0.00
0.00
0.00
0.00
0.00
0.30
0.00
30.20
0.90
7.20
40.20
0.00
3.00
12.60
2.30
0.00
0.00
0.00
0.00
0.00
0.00
0.00
0.00
0.00
11.90
0.00
4.30
0.00
6.70
0.00
4.30
0.00
0.00
0.00
0.00
2.30
6.10
14.20
1.00
15.90
0.80
26.50
8.90
0.00
0.00
0.00
2.70
0.10
2.90
7.70
7.80
3.70
11.50
0.00
0.40
3.60
0.00
2.40
2.00
7.70
21.70
11.60
4.60
3.50
0.50
19.80
12.40
14.20
0.00
0.00
1.00
0.00
0.10
0.10
0.00
0.00
0.00
0.00
0.00
0.00
0.00
0.00
0.00
0.00
0.00
0.00
0.00
0.00
16.90
0.10
0.00
0.00
0.00
0.00
0.00
13.50
0.80
12.20
1.10
15.80
7.10
1.30
0.00
0.00
0.00
0.00
17.80
0.00
0.00
0.00
0.10
0.00
10.80
0.00
3.20
0.40
0.00
0.00
0.00
0.00
0.00
3.80
0.60
14.80
0.00
0.00
1.90
0.00
10.40
18.10
57.70
5.80
7.70
4.60
13.70
0.80
0.00
0.50
0.70
0.00
0.00
0.00
0.00
0.00
0.80
1.00
6.10
0.00
0.00
0.00
16.10
2.60
37.60
4.00
0.00
20.70
29.50
0.10
4.70
0.30
0.00
1.10
0.00
0.00
15.40
0.00
0.00
0.00
4.10
0.10
0.00
0.00
0.00
2.60
0.10
0.00
0.20
0.00
0.00
0.00
0.00
0.00
0.00
0.00
0.00
0.00
0.00
0.00
0.00
12.50
0.80
33.20
6.30
0.00
0.00
0.00
68.00
29.30
0.30
0.00
8.80
0.60
0.00
0.00
0.00
0.00
0.00
0.00
1.90
24.00
8.90
0.00
0.90
31.00
3.80
0.00
0.00
0.00
15.40
0.10
0.00
0.10
15.50
0.00
0.00
0.00
0.00
0.00
17.90
0.90
12.20
0.60
5.80
5.20
0.00
0.00
10.20
0.00
0.00
0.20
0.00
0.00
0.00
1.00
0.00
0.00
0.00
0.00
0.00
0.00
0.00
0.00
0.00
0.00
0.00
0.00
3.30
0.00
0.00
2.80
0.00
0.00
0.00
0.00
0.00
0.00
0.00
0.00
0.00
0.00
0.00
0.00
0.00
0.00
0.00
0.00
0.00
0.00
0.00
0.00
0.00
0.00
0.00
0.00
0.00
0.00
0.00
0.00
0.00
0.00
0.00
1.80
0.00
0.00
0.70
0.00
0.00
1.60
0.00
0.00
0.00
0.40
3.90
0.00
0.00
0.00
3.50
0.20
0.00
0.00
0.00
0.00
0.00
0.00
0.00
0.00
0.00
0.00
0.00
0.00
0.00
0.00
0.00
0.00
0.00
0.00
0.00
0.00
0.00
0.00
0.00
0.00
0.00
0.00
0.00
0.00
0.00
0.00
0.00
9.20
0.00
0.00
0.00
0.00
0.00
0.00
0.00
0.00
0.00
0.00
0.00
0.00
0.00
0.00
0.00
0.00
0.00
0.00
0.00
0.00
0.00
0.00
0.00
0.00
0.00
0.00
13.20
6.20
0.10
18.90
0.70
0.60
23.60
12.20
0.10
0.00
0.00
0.00
0.00
3.60
0.10
0.00
0.00
0.00
8.20
0.30
0.20
0.60
3.20
10.60
4.90
0.00
0.00
0.40
0.10
14.60
21.10
11.70
0.00
0.00
0.00
0.00
2.30
0.00
0.40
0.80
0.00
0.00
0.00
0.00
0.50
7.90
1.30
0.70
0.20
0.00
0.00
0.00
6.20
0.70
0.00
0.70
5.30
0.00
0.00
0.00
0.00
0.00
0.00
0.00
0.00
0.00
0.00
0.00
0.00
0.00
26.30
0.00
0.00
1.50
0.00
0.00
0.00
0.00
0.00
0.00
1.20
0.00
0.00
0.00
0.00
0.00
0.00
0.00
0.00
0.00
0.00
2.60
9.70
0.00
0.00
0.00
0.00
5.40
28.30
0.00
0.00
0.00
0.00
0.00
0.00
0.00
1.40
14.40
0.00
0.00
0.00
0.00
0.00
0.00
0.00
0.00
33.10
0.00
0.00
0.00
0.00
0.00
0.00
0.00
0.00
0.00
0.00
20.30
0.00
0.00
0.00
0.00
1.70
0.00
0.00
0.00
0.00
0.00
0.00
0.00
2.10
0.00
0.00
0.00
0.10
0.00
0.00
0.20
0.00
0.00
0.00
16.80
14.40
1.40
0.00
0.00
0.00
0.00
8.90
1.90
0.00
14.30
2.90
0.00
0.60
0.00
5.70
0.00
0.00
1.90
4.40
0.00
1.10
0.00
0.00
0.00
0.00
0.00
0.00
0.00
0.00
0.00
0.00
0.00
0.00
0.00
0.00
0.00
0.00
0.00
1.20
0.00
0.00
0.00
0.00
3.60
0.00
0.00
0.00
0.00
0.00
22.80
2.40
56.40
12.90
0.20
0.00
0.00
0.00
0.00
0.00
0.00
0.20
3.70
2.70
5.40
0.80
0.20
0.00
1.90
0.60
0.60
1.30
0.00
0.00
0.00
2.60
0.00
0.00
0.00
0.00
0.00
0.00
0.00
26.20
0.50
0.00
0.00
0.00
0.00
0.00
0.00
0.00
1.40
0.10
0.00
24.80
4.00
0.10
0.00
0.00
0.00
0.00
0.00
0.00
0.30
0.10
0.00
0.00
0.30
0.00
0.70
27.40
11.50
0.00
0.10
0.00
0.00
0.00
0.00
0.00
0.00
0.00
0.00
0.00
0.00
0.00
0.00
0.00
0.00
0.00
0.00
0.00
3.30
0.00
0.00
0.00
0.00
0.00
0.00
0.00
0.00
0.00
3.70
79.70
67.10
25.10
0.10
0.30
5.20
0.00
0.00
0.10
0.00
0.00
0.00
0.00
0.00
0.00
0.00
0.00
0.00
0.00
0.00
0.00
0.00
0.20
0.00
0.00
0.00
0.00
0.00
0.00
0.00
0.00
0.00
0.00
0.00
0.00
0.00
0.00
0.00
0.00
0.00
0.00
10.90
0.10
0.00
0.30
0.00
0.00
0.00
0.00
0.00
0.00
0.00
0.00
0.00
0.00
9.10
0.10
0.00
0.00
0.00
0.00
0.00
0.40
0.10
1.30
0.50
0.20
0.00
0.80
1.80
6.80
4.80
0.00
0.00
0.00
0.00
0.00
0.00
0.00
0.00
0.00
0.00
0.00
7.90
0.10
0.00
0.00
0.00
6.30
12.40
1.00
14.30
2.10
4.20
1.10
0.00
13.60
0.60
0.60
0.00
0.00
0.00
0.00
0.00
0.00
0.00
0.00
0.00
0.00
0.00
26.80
0.10
1.40
4.80
12.60
0.50
0.70
0.00
0.00
0.00
0.00
0.00
0.00
0.00
0.00
0.00
0.00
0.00
0.00
14.60
0.80
9.80
22.80
5.90
20.80
10.60
0.00
1.60
39.30
2.60
4.50
10.60
1.00
13.10
0.00
0.00
0.00
12.50
17.30
8.10
0.10
61.40
0.10
0.00
0.00
0.00
0.00
0.00
0.00
0.00
0.10
0.10
0.20
18.60
16.50
0.00
0.00
0.00
0.00
0.00
0.00
0.60
16.30
0.00
3.70
5.40
0.10
0.80
0.20
0.00
0.00
0.00
0.00
0.00
0.00
2.50
0.00
0.00
0.00
0.00
0.00
0.00
0.00
0.00
0.00
0.00
0.00
0.00
0.00
0.00
0.00
14.80
0.00
0.00
0.10
0.00
4.30
0.90
0.00
0.00
0.30
0.00
0.00
0.00
0.00
0.00
0.00
0.00
0.00
0.00
119.80
34.60
5.00
0.10
12.50
0.00
0.00
0.00
0.00
0.60
0.10
1.20
6.30
0.60
1.00
0.00
0.00
0.00
0.00
0.00
0.10
4.70
2.20
0.00
6.40
0.10
0.00
0.00
0.40
0.30
0.00
0.00
0.00
0.00
0.00
9.70
0.00
0.00
0.00
0.00
0.10
0.00
1.80
4.80
0.00
0.00
0.00
5.80
0.10
0.00
0.00
0.00
0.00
0.00
0.10
4.60
0.10
0.00
0.20
0.00
0.00
0.00
0.00
0.00
0.00
0.00
0.00
10.30
11.00
0.00
0.70
9.90
0.10
0.00
0.00
0.00
0.00
0.00
0.00
0.00
0.00
0.00
0.00
0.00
0.00
0.00
0.00
0.00
0.00
1.30
3.90
27.30
25.10
0.10
0.00
0.30
0.00
0.00
0.00
0.00
0.00
1.00
0.00
0.00
0.00
1.00
0.20
0.00
0.00
0.00
0.00
0.10
12.80
0.10
0.60
0.00
0.00
0.00
0.00
0.00
0.00
0.00
0.10
0.00
0.00
0.00
0.50
0.00
0.00
0.00
0.00
0.00
0.00
0.00
5.80
1.00
0.00
0.00
0.00
0.00
0.00
0.00
0.00
0.00
0.00
0.00
0.00
7.70
0.40
0.00
0.00
0.00
0.00
0.00
0.00
3.20
0.10
0.00
0.00
0.00
0.00
0.00
0.00
6.30
3.30
1.30
0.00
0.00
8.00
0.00
3.90
2.50
0.00
0.00
0.00
0.00
0.00
0.00
11.90
0.10
0.00
0.00
0.10
0.00
0.00
0.00
0.00
0.00
0.00
21.50
4.60
3.40
2.20
0.00
0.00
0.00
7.50
0.00
0.00
