20000101
0.00
0.00
0.00
0.00
0.00
0.00
0.00
0.00
0.00
0.00
0.00
0.00
0.00
0.70
0.20
0.00
0.00
0.00
0.00
0.00
0.00
0.00
0.00
0.00
0.20
0.00
0.50
0.00
0.00
0.00
0.00
0.00
0.00
0.00
0.00
0.00
0.00
0.00
0.00
0.00
0.00
0.00
0.30
0.00
0.00
0.00
0.00
0.00
0.00
0.00
0.00
0.00
0.00
0.00
0.00
0.00
0.00
0.00
0.00
0.00
0.00
0.00
0.00
0.00
0.00
0.00
0.00
0.00
0.00
0.00
0.00
0.00
0.00
0.00
0.00
0.00
0.00
0.00
0.00
0.00
0.00
0.00
1.50
0.00
5.30
0.40
2.37
7.33
0.00
1.82
14.97
0.00
0.10
0.00
0.00
0.00
0.00
0.00
0.00
0.00
10.40
8.49
0.00
0.00
0.00
0.00
0.00
0.00
0.20
0.00
0.00
0.00
0.00
0.00
0.00
0.00
0.00
0.00
6.10
0.00
0.00
0.00
0.00
0.00
0.00
0.00
0.00
0.00
0.00
0.10
14.00
0.00
0.00
0.00
0.00
0.00
0.00
1.40
0.10
1.60
0.30
2.00
6.40
0.00
0.00
0.00
1.30
3.30
0.00
0.00
0.00
0.00
0.00
0.00
0.00
0.20
4.70
0.10
0.00
0.00
0.90
90.29
1.30
0.00
0.10
0.50
0.00
0.00
0.00
0.00
0.00
0.00
0.00
0.00
0.00
0.00
0.00
0.00
0.00
0.00
0.00
0.00
0.00
0.00
0.00
0.00
0.00
0.20
0.10
0.00
0.00
1.00
0.10
0.10
0.00
0.00
0.00
1.60
0.00
0.00
0.00
0.00
0.00
0.00
0.90
0.00
0.00
0.00
0.00
0.00
0.00
0.00
0.00
0.00
0.40
0.00
31.80
0.10
0.00
0.00
0.00
0.00
0.00
0.00
0.50
0.00
0.00
0.00
0.00
0.00
0.00
0.00
0.00
0.20
0.00
0.00
0.00
0.00
0.00
0.00
0.00
0.00
4.40
0.10
0.20
0.00
0.30
0.00
0.00
0.00
0.30
0.00
0.00
0.00
0.00
0.00
0.00
0.00
0.00
0.00
0.00
17.59
8.80
0.00
0.00
0.00
0.00
0.00
0.00
0.00
39.39
14.19
8.00
0.00
2.00
0.10
0.00
0.00
0.00
0.00
0.00
0.00
0.00
2.10
0.70
0.70
11.80
0.50
0.00
0.00
0.00
0.00
0.00
0.00
13.19
30.79
12.80
0.00
0.00
0.30
0.00
0.00
0.00
0.00
5.49
0.00
0.70
0.00
0.00
0.61
1.79
0.00
0.00
0.00
0.00
0.00
0.00
0.60
0.00
0.00
0.00
0.00
0.00
0.00
0.00
0.00
0.00
11.20
0.00
0.00
0.55
1.65
0.10
5.60
0.10
0.00
0.00
0.00
0.00
0.00
0.90
2.60
0.00
0.00
0.00
0.00
0.00
0.00
0.00
0.00
0.00
0.00
0.00
0.00
0.00
8.09
38.29
23.58
21.69
0.10
0.10
0.20
0.20
0.00
0.00
0.00
0.00
0.00
0.00
0.00
0.00
0.00
0.00
0.00
0.00
0.00
0.10
0.00
0.80
4.70
3.30
0.00
0.00
0.00
0.10
0.00
0.00
0.10
0.00
0.00
0.00
0.00
0.00
1.10
0.00
0.00
0.00
0.00
0.00
0.00
0.00
0.00
0.00
0.00
0.00
0.00
0.00
0.00
0.00
0.09
15.70
0.10
0.00
0.00
0.00
0.00
0.00
0.00
0.00
0.00
0.07
0.43
0.00
0.00
0.00
0.30
4.40
0.00
0.00
2.40
0.00
8.10
4.90
0.00
0.00
0.00
0.00
0.00
0.00
0.00
0.00
0.00
0.00
0.00
0.00
0.00
0.00
0.00
0.00
0.00
0.00
0.00
0.00
0.00
0.00
0.00
0.00
0.00
0.00
0.00
0.00
0.00
0.00
0.00
0.00
0.00
0.00
0.00
0.00
0.00
0.00
0.00
0.00
0.20
0.00
3.10
0.00
0.00
0.00
0.00
0.00
0.00
0.20
0.00
0.00
9.40
3.20
0.60
2.40
22.69
5.50
0.00
0.00
0.00
0.80
2.50
0.00
0.00
0.00
0.00
0.00
0.00
5.37
6.33
0.00
0.10
0.00
0.00
0.00
0.90
0.00
0.00
0.00
0.00
0.00
0.00
0.00
0.00
0.00
0.00
0.00
0.00
0.00
0.00
0.00
0.00
7.30
0.00
0.00
0.00
0.00
0.00
0.00
0.00
0.00
0.00
0.00
0.00
0.00
0.00
0.00
0.00
0.00
0.00
0.00
0.00
0.00
0.00
0.00
0.00
0.00
0.00
0.00
0.00
0.00
1.00
0.00
0.00
0.00
0.00
0.32
8.08
1.50
0.00
0.00
35.78
0.00
0.00
0.00
0.00
0.00
0.00
0.00
0.00
0.00
0.00
0.00
0.00
0.00
0.00
0.00
0.00
0.00
0.00
0.00
0.00
0.00
0.00
0.00
0.00
0.00
0.00
0.00
0.00
0.00
0.00
0.00
0.00
0.00
0.00
0.00
0.00
0.00
0.00
0.00
0.00
0.00
2.90
0.00
0.00
0.00
0.20
0.00
0.00
0.00
0.00
0.00
0.00
0.00
0.10
0.00
0.00
0.00
0.00
0.00
15.69
0.10
0.00
0.00
0.00
25.78
0.10
0.00
0.00
0.00
0.00
7.80
8.10
0.10
0.00
0.00
0.00
10.30
0.00
0.00
0.00
0.00
14.40
0.50
0.00
0.00
2.80
0.10
0.00
0.00
0.40
19.89
25.87
35.52
0.00
0.00
0.00
0.00
0.00
0.00
0.00
0.00
0.00
0.00
0.00
0.00
0.20
0.00
0.00
0.10
0.00
0.00
0.00
0.00
0.00
11.19
0.30
0.10
0.10
19.69
48.08
10.90
0.50
0.00
0.00
0.00
0.10
0.00
0.00
0.00
0.00
0.00
0.00
0.00
0.00
0.00
0.00
0.00
0.00
0.00
0.00
0.00
0.00
0.00
0.00
0.00
0.10
0.00
3.50
3.00
3.20
8.30
13.40
2.00
0.10
0.00
0.00
0.00
0.00
0.00
0.00
0.00
0.10
0.00
0.00
0.40
0.00
5.00
1.32
1.48
0.00
0.00
0.10
0.30
0.10
0.00
0.00
0.00
0.10
0.10
0.00
0.00
0.00
0.10
0.00
0.10
0.00
0.10
2.50
0.00
0.00
0.00
0.00
0.00
0.00
0.00
0.00
0.00
0.00
0.00
0.00
0.30
0.10
0.00
0.00
0.00
0.00
0.00
0.00
0.00
0.00
0.00
4.40
0.10
0.10
0.00
0.00
0.00
0.00
0.00
0.00
0.00
0.00
0.00
0.00
0.00
3.00
0.00
0.00
45.56
0.00
0.00
0.00
0.00
0.00
0.00
0.00
0.82
0.08
0.00
0.00
0.20
0.00
0.00
0.00
0.00
0.00
0.00
0.00
0.00
0.00
0.00
0.00
9.40
0.00
0.00
0.00
3.40
35.48
9.80
0.00
0.32
9.37
2.40
0.00
28.73
0.55
7.49
0.00
0.00
0.20
0.00
0.00
2.10
0.10
0.00
0.00
0.00
0.00
0.00
0.00
0.00
0.00
0.00
0.00
0.00
0.00
5.20
1.20
0.00
0.00
3.60
23.33
25.74
14.69
0.84
11.15
0.00
0.00
0.00
0.00
0.00
0.00
0.00
0.00
0.00
0.00
0.08
0.72
0.00
0.00
0.60
0.00
0.00
0.00
0.00
0.00
0.00
0.00
0.00
8.00
3.20
0.00
0.30
11.49
0.00
0.00
0.00
0.00
0.00
0.00
0.00
0.00
0.00
0.00
0.00
0.00
0.00
0.00
0.00
0.00
0.00
0.00
0.00
0.00
0.00
0.00
0.00
0.00
0.00
0.00
0.00
0.00
0.00
0.00
0.20
0.00
0.00
1.30
0.40
0.00
0.00
0.00
0.00
0.00
0.00
0.00
0.00
0.00
0.00
0.00
0.00
0.00
0.00
0.00
0.00
5.10
0.00
9.20
0.00
0.00
0.00
0.00
0.00
0.00
3.40
1.80
5.50
0.10
0.00
0.00
0.00
1.80
0.00
0.00
0.08
0.02
0.00
0.00
60.09
2.10
12.30
0.40
13.99
15.30
0.00
0.00
0.00
0.60
0.00
16.40
1.80
0.60
0.00
1.20
0.00
0.00
0.00
0.00
0.00
0.00
0.00
0.00
0.00
0.20
6.30
0.00
0.00
2.60
3.50
0.00
0.00
0.00
0.00
0.00
0.00
0.00
0.00
0.00
0.00
2.00
0.00
0.00
0.00
0.00
0.00
1.65
136.10
13.19
0.00
0.00
0.00
0.00
0.00
0.00
0.00
0.00
0.00
0.00
0.00
0.00
0.00
0.00
0.00
0.00
0.00
0.00
0.00
0.00
0.00
0.00
0.00
0.00
0.00
0.00
0.05
4.85
0.00
0.00
0.00
0.00
0.00
0.70
9.80
2.00
0.00
0.00
0.00
0.00
8.30
0.00
0.00
0.74
33.44
0.10
0.00
0.00
0.00
0.00
0.00
0.30
0.00
0.00
0.00
0.00
0.00
0.00
0.00
0.26
54.10
0.10
0.10
0.00
0.60
0.00
0.00
0.30
0.00
0.50
1.60
0.00
0.00
0.00
0.00
0.00
0.00
0.48
0.02
0.00
1.40
0.00
0.00
0.00
0.00
0.00
6.00
7.70
0.00
0.10
0.00
0.00
0.00
0.00
0.00
0.00
0.00
0.00
0.00
0.10
1.40
1.30
0.90
0.00
0.00
0.00
0.00
0.00
0.00
0.00
0.00
0.00
0.00
0.00
0.00
0.00
0.10
0.00
0.20
0.00
0.00
0.00
0.50
0.00
0.00
10.10
3.30
0.30
0.00
0.00
0.10
11.10
29.68
0.40
1.80
0.00
0.00
20.74
16.24
0.10
0.00
0.00
0.00
0.00
0.00
0.10
1.20
0.00
0.00
0.00
0.00
0.00
0.00
0.00
0.00
1.30
0.00
0.00
0.00
0.00
0.00
0.00
0.00
0.00
0.00
0.00
0.00
0.00
31.49
0.00
1.40
0.00
0.20
0.10
0.00
0.00
0.00
0.00
0.00
0.00
6.22
0.08
0.00
0.00
0.00
2.75
0.65
0.00
0.00
0.00
2.13
0.87
0.00
0.00
0.00
0.00
0.00
0.00
0.00
0.00
0.00
0.40
0.02
5.38
0.00
0.00
0.00
4.80
18.49
4.10
0.00
0.00
0.00
0.00
0.00
0.00
0.10
0.25
1.25
0.00
6.30
0.00
0.00
0.00
0.00
0.40
7.69
0.00
0.00
0.00
0.00
0.00
0.00
0.00
0.00
0.00
0.00
1.40
0.00
0.00
0.00
0.00
0.00
0.00
0.00
0.00
0.00
0.00
0.00
0.70
0.00
0.00
0.00
0.00
0.00
0.00
0.00
0.00
0.00
0.00
3.40
0.00
0.00
0.00
0.00
0.90
0.10
0.00
0.00
0.30
0.00
1.30
0.00
0.00
0.00
0.00
0.00
0.00
0.00
0.00
0.00
0.00
0.00
0.00
0.00
0.00
0.00
0.00
0.00
0.00
0.00
0.00
0.00
0.00
0.00
0.00
0.00
0.00
0.00
0.00
0.00
0.00
0.00
0.00
0.00
0.00
0.00
0.00
0.00
0.00
33.30
0.00
0.00
0.03
0.07
0.00
0.00
0.00
0.00
0.00
0.00
0.00
0.00
0.00
0.00
0.30
0.10
0.90
0.00
4.50
1.20
25.70
2.00
0.00
0.00
0.00
0.00
0.00
0.00
0.00
0.00
0.00
0.00
0.00
0.00
0.00
0.60
0.00
0.00
0.00
0.00
36.30
0.10
0.10
11.00
18.00
0.00
0.00
0.00
0.00
0.00
0.00
0.00
0.00
0.00
0.00
0.60
1.20
0.00
9.10
26.60
47.30
9.70
14.80
0.10
0.00
6.20
0.00
0.00
0.00
19.60
3.00
0.53
0.07
0.00
4.30
0.10
0.00
0.00
0.00
0.00
0.00
0.00
0.50
2.80
3.20
1.90
0.00
0.00
0.00
0.60
10.28
0.22
0.00
0.00
0.00
0.10
0.00
3.09
13.21
0.00
0.30
1.40
0.00
0.00
0.00
9.50
0.00
8.25
10.25
7.50
0.00
0.70
0.60
0.00
0.00
0.10
0.00
0.00
0.00
0.10
0.00
0.00
0.80
0.10
0.00
0.00
0.00
0.00
0.00
0.00
0.10
0.00
0.40
0.00
0.00
0.00
0.00
0.00
0.00
0.00
0.00
0.10
0.00
0.00
0.00
0.00
0.00
0.00
0.00
0.00
0.00
0.00
0.00
0.00
0.00
0.00
0.00
0.00
0.33
0.78
0.00
0.20
0.00
0.00
0.00
0.20
0.00
0.00
0.00
0.20
0.00
0.00
0.10
0.00
0.00
0.00
0.10
0.00
0.00
0.00
0.00
0.00
15.10
11.40
0.00
20.20
20.70
0.20
0.00
0.00
0.37
11.03
29.70
0.10
0.00
0.70
3.40
0.00
0.00
0.00
0.00
4.60
0.00
0.00
0.00
0.10
0.00
0.00
0.90
0.20
0.00
0.00
0.00
0.00
0.00
0.00
0.00
0.00
0.00
0.00
0.00
0.00
12.64
0.66
37.60
11.00
6.50
0.10
11.50
0.00
0.00
0.00
0.00
0.00
16.52
5.98
0.10
0.00
1.30
0.00
0.60
0.00
44.30
0.20
0.00
0.00
0.00
0.00
38.60
0.10
0.00
0.00
0.00
0.20
3.50
12.00
0.40
0.00
1.63
12.17
2.30
0.10
0.00
0.00
0.00
0.00
6.70
10.40
5.20
0.00
0.00
0.00
0.00
0.00
0.00
0.00
0.00
0.00
0.00
0.00
0.00
0.00
0.00
0.60
0.00
0.00
0.20
0.00
0.00
0.00
0.00
0.00
0.00
0.00
0.00
0.00
0.00
0.00
0.00
6.00
0.90
1.00
2.30
1.60
0.00
0.00
4.40
0.00
0.00
0.00
0.00
0.00
0.00
0.00
0.00
0.00
0.00
0.00
0.00
0.00
0.00
0.00
4.70
1.00
0.00
0.00
0.00
0.00
11.00
0.00
0.00
0.00
0.00
0.00
0.00
0.00
0.00
0.00
0.00
0.00
0.10
0.00
0.00
0.00
0.00
0.00
0.50
0.00
0.00
0.00
0.00
0.00
41.70
0.00
0.00
0.00
0.00
0.00
0.00
0.00
0.00
0.00
0.00
0.00
0.00
0.10
0.00
0.00
0.00
0.00
0.00
0.20
0.50
0.00
0.00
0.00
0.00
5.60
0.10
0.20
0.00
24.20
16.10
0.00
0.20
3.10
4.30
0.00
0.00
0.10
1.40
0.10
0.00
0.00
27.53
0.57
0.00
0.00
0.00
0.00
0.00
0.00
0.00
0.00
0.00
0.00
0.00
0.00
0.00
0.00
0.00
0.00
0.00
0.00
0.00
0.00
0.00
0.00
0.00
0.00
0.00
0.70
0.00
0.00
0.00
0.00
0.00
0.00
0.10
0.00
0.80
0.10
0.00
0.00
2.40
3.60
5.70
0.00
0.00
0.00
0.20
7.20
0.00
0.00
0.00
0.10
0.00
0.00
0.00
0.00
0.00
0.00
0.00
0.00
0.00
0.00
0.00
0.00
0.00
0.00
0.00
0.00
0.00
0.00
0.00
0.00
0.00
0.00
0.00
6.50
0.30
15.50
0.00
0.50
3.10
3.90
0.00
6.20
9.25
9.35
0.10
0.00
0.00
0.00
0.00
0.00
0.00
0.00
0.00
0.00
0.00
0.00
0.00
0.00
0.00
0.40
0.10
0.00
0.00
0.00
0.00
0.00
0.00
0.00
0.00
0.10
0.10
0.00
0.10
0.00
0.10
0.00
0.00
0.00
0.00
0.00
0.00
0.00
0.00
0.00
0.00
0.00
0.00
0.00
0.00
0.00
0.00
0.00
0.00
0.00
0.00
0.00
0.00
0.00
0.00
0.00
0.00
0.50
3.20
6.60
9.20
3.10
0.10
0.00
0.00
0.00
0.00
0.00
0.00
0.00
0.00
0.00
0.00
0.00
0.30
0.00
0.70
0.00
0.00
1.40
6.60
0.30
0.10
0.10
0.00
0.00
0.00
0.00
0.00
0.00
0.00
3.20
0.10
0.00
0.00
0.00
0.00
0.00
0.00
0.00
0.00
0.00
0.70
3.50
0.50
0.10
0.00
0.00
0.00
7.50
0.10
0.00
0.00
0.00
0.00
0.00
0.00
0.00
0.00
1.10
0.00
0.00
0.00
0.00
0.00
0.00
0.00
0.00
0.00
0.00
0.00
0.00
0.00
0.10
0.00
0.90
0.00
0.00
0.00
0.00
0.00
0.00
0.00
0.70
3.80
0.00
0.90
0.00
0.00
0.00
0.20
0.00
0.00
0.20
4.30
0.50
0.00
17.90
9.90
0.00
0.00
0.00
0.00
0.20
0.00
0.00
0.00
0.00
0.00
0.00
0.00
0.00
0.00
0.80
0.00
0.00
0.00
0.00
0.00
0.00
0.00
0.00
0.00
0.20
0.00
2.00
3.20
0.00
0.00
0.00
0.00
0.00
0.00
0.10
0.00
0.00
0.00
0.00
0.00
0.00
0.40
0.00
0.00
0.00
0.00
0.00
0.40
0.00
0.00
0.00
1.30
8.50
5.50
0.00
0.00
0.00
0.00
0.00
0.00
0.00
0.00
0.00
0.00
0.00
0.00
0.00
0.00
0.00
0.00
0.00
0.00
0.00
5.60
0.00
9.30
6.90
0.00
0.00
0.00
0.00
0.00
0.00
2.00
0.10
6.70
0.10
0.00
0.00
0.00
0.00
0.20
0.80
0.00
0.00
0.00
0.00
0.00
0.00
0.00
0.00
0.20
0.00
0.00
0.00
0.00
0.00
0.00
0.00
0.00
0.10
16.50
79.65
16.75
0.00
0.00
0.00
0.00
13.30
0.00
0.00
0.30
20.10
0.00
0.00
0.00
0.00
0.00
0.00
0.00
20.90
0.70
0.00
0.00
0.00
0.00
0.00
0.00
0.00
0.00
0.00
1.60
0.10
0.00
0.00
0.00
1.70
6.84
42.66
9.34
4.06
0.00
0.00
3.80
0.00
0.00
0.00
0.00
19.20
0.10
0.00
0.00
0.00
0.00
0.00
0.10
0.90
0.10
0.00
0.00
0.00
0.00
0.00
0.00
0.00
22.30
3.50
1.60
4.80
26.60
24.00
6.20
0.00
0.00
0.00
0.00
0.00
0.00
0.10
0.00
0.00
0.00
0.00
0.00
0.00
0.00
0.00
0.00
10.30
0.00
0.00
0.30
0.00
0.00
0.00
0.10
0.00
0.00
0.00
0.00
0.00
0.10
0.00
0.00
0.00
0.00
0.00
0.10
0.10
0.10
0.00
0.00
0.00
0.00
0.00
0.00
0.00
0.00
0.00
0.00
0.00
0.00
2.50
0.20
26.20
14.80
2.20
2.10
0.00
0.10
0.00
0.10
1.00
0.60
0.10
0.00
0.00
0.00
0.00
0.00
0.10
0.00
0.10
0.00
7.00
19.50
20.90
18.00
0.10
0.00
0.00
0.00
0.00
0.10
0.00
0.00
0.10
0.00
0.00
0.00
0.00
0.00
0.00
0.00
0.00
0.00
0.00
1.20
0.00
0.10
0.50
0.10
0.00
0.00
2.90
0.00
0.00
0.00
0.00
0.00
0.00
0.00
0.00
0.00
0.00
0.00
0.00
0.00
0.00
0.00
0.00
0.00
0.00
0.00
1.20
0.00
1.40
0.20
0.00
0.00
0.00
0.00
0.00
0.00
0.00
0.00
0.00
0.00
0.00
0.00
0.00
0.00
0.00
0.00
0.00
0.00
0.00
0.00
0.00
0.00
0.00
0.00
1.90
0.10
2.00
0.10
0.00
13.00
0.00
0.00
0.00
0.00
0.00
0.00
2.40
0.00
0.00
0.00
0.00
0.00
0.00
0.00
0.00
0.00
0.00
0.00
0.00
0.00
0.00
1.30
0.00
0.00
0.00
0.00
0.00
0.00
0.00
0.00
0.00
0.00
0.00
0.00
0.00
0.00
0.00
0.00
0.00
0.00
6.30
0.00
0.00
0.00
0.00
0.00
0.00
0.00
0.00
0.30
0.00
0.00
0.00
0.00
0.00
0.00
0.30
0.00
0.00
0.10
0.00
0.10
0.00
0.00
0.00
0.70
0.00
0.00
0.00
0.00
0.00
0.00
0.00
0.00
0.00
5.50
0.00
3.30
0.00
0.00
0.00
0.00
0.00
0.00
0.10
0.00
0.00
0.10
0.00
0.00
0.00
0.00
0.00
0.00
0.00
0.00
0.00
0.00
0.00
0.00
0.00
0.00
0.00
0.00
7.00
0.00
0.00
0.00
0.00
12.30
0.00
0.00
0.00
12.50
0.00
0.00
42.50
0.00
0.60
0.00
0.00
0.00
0.00
0.00
1.10
0.40
0.00
0.40
0.00
0.00
0.00
0.00
0.00
0.00
0.00
0.00
0.00
0.00
0.00
0.00
0.00
0.00
0.00
0.00
31.10
66.40
11.69
0.51
0.00
0.00
0.00
0.00
0.00
0.00
0.15
28.05
0.40
0.00
0.00
0.00
0.00
0.00
0.00
0.00
0.00
0.00
0.00
0.00
0.00
0.00
0.50
0.00
0.00
13.50
5.40
0.10
0.00
0.00
0.00
0.00
7.99
4.61
1.10
0.10
0.00
0.90
0.10
0.00
0.00
0.00
0.00
0.00
0.00
0.00
0.00
0.00
0.00
0.00
0.00
0.00
0.00
0.00
0.00
0.00
0.00
0.00
0.00
0.00
0.00
1.50
1.60
0.00
0.00
0.00
0.00
0.00
0.00
0.00
0.00
0.00
0.00
0.00
0.80
0.00
0.00
0.30
0.00
0.00
0.00
14.80
0.10
1.80
0.00
0.00
0.00
0.10
0.00
0.00
8.40
0.80
0.00
0.00
0.00
0.00
0.00
6.90
0.90
0.00
0.00
0.00
0.10
0.00
0.10
0.10
0.00
0.00
0.00
0.00
0.00
0.00
0.00
0.00
0.00
0.00
0.00
0.00
0.00
0.00
0.00
0.00
2.00
0.00
0.00
0.00
0.00
0.00
0.30
0.00
0.00
0.00
0.00
0.00
0.00
0.00
0.00
0.00
0.00
0.00
0.00
0.00
0.10
0.00
0.00
7.20
2.50
0.00
0.00
0.00
0.00
0.00
0.00
0.00
8.11
0.29
0.10
0.00
0.00
0.00
0.00
0.00
0.00
0.00
0.00
0.00
0.00
0.00
0.00
0.00
0.00
0.00
8.60
0.00
0.00
0.00
0.00
0.00
0.00
0.00
0.00
0.40
0.00
0.00
0.00
0.00
0.00
0.00
0.00
0.00
0.00
0.00
0.00
0.60
0.50
0.00
6.80
2.00
62.90
7.70
27.50
3.25
0.25
0.00
0.00
0.00
1.10
0.00
6.30
10.18
11.42
0.00
0.00
0.00
0.00
0.00
0.00
0.00
0.00
0.00
0.00
0.00
0.00
0.00
0.00
1.00
0.00
17.50
0.10
25.50
0.10
0.60
0.00
0.00
0.00
0.00
0.00
0.00
0.00
0.00
1.40
0.00
0.00
0.00
0.00
0.40
0.00
1.00
0.00
0.10
0.40
0.10
0.00
0.80
0.00
0.00
0.00
0.00
0.00
0.00
0.00
0.00
0.30
0.00
9.60
0.00
0.00
0.00
0.00
0.00
0.00
0.00
1.30
0.00
0.00
0.60
0.00
0.00
0.00
0.00
0.00
0.00
0.00
0.00
0.00
0.00
0.00
0.00
0.90
0.00
0.00
0.00
0.00
0.00
0.00
0.00
0.00
0.00
0.00
0.00
0.00
0.00
0.00
0.00
0.00
0.00
0.00
0.00
0.20
0.00
0.00
0.00
0.00
0.00
0.00
0.00
0.00
0.00
0.00
0.00
0.00
0.00
0.00
0.00
2.30
3.20
3.10
0.00
0.00
0.00
27.10
0.20
0.00
0.00
3.20
0.00
1.30
19.70
0.00
3.70
7.30
0.00
0.10
0.00
0.00
0.00
0.00
0.00
0.00
0.00
0.00
0.00
0.00
0.00
0.00
0.00
0.00
0.00
0.00
0.00
0.00
0.00
0.00
0.00
0.00
0.00
9.70
0.00
0.00
0.00
0.00
2.90
0.00
0.00
0.10
0.00
0.00
0.00
2.80
0.00
0.00
0.00
0.80
15.80
0.10
0.00
0.00
0.10
0.00
4.20
1.00
0.00
0.00
0.00
0.00
4.83
16.67
0.00
0.00
0.00
0.00
0.00
0.00
0.00
0.00
0.03
4.17
0.00
0.00
0.00
0.00
0.00
0.00
0.00
0.00
0.00
0.00
0.00
0.00
0.00
0.00
0.00
0.00
0.00
0.00
0.00
0.00
0.00
0.00
0.00
1.83
0.37
0.00
0.00
0.00
0.00
0.00
0.00
0.00
0.00
0.00
0.00
0.00
0.00
0.00
0.00
0.00
0.00
0.00
0.00
0.00
0.00
0.00
0.00
0.00
1.00
0.00
5.30
4.20
0.10
2.10
8.70
0.10
0.30
0.00
0.00
0.00
0.10
0.10
0.10
0.00
0.00
0.00
5.60
10.70
0.10
0.00
0.00
0.00
9.60
0.00
1.80
1.30
0.00
0.00
0.10
0.20
0.00
0.00
0.00
0.00
0.00
0.00
0.00
0.00
0.00
0.00
0.00
0.00
0.00
0.00
0.00
0.00
0.00
1.20
2.98
4.52
0.00
0.00
0.00
0.00
0.00
0.00
0.00
0.00
0.00
2.00
0.00
0.00
0.00
6.70
1.95
1.05
0.00
0.00
0.00
1.90
1.70
0.00
0.00
0.00
0.00
0.00
0.00
0.00
0.00
0.00
0.00
0.00
0.00
0.10
0.00
0.00
0.00
0.00
0.00
0.00
0.00
0.00
0.00
1.20
0.00
0.00
0.00
1.50
0.00
0.00
0.00
0.00
0.00
0.00
3.76
0.14
0.00
0.00
0.00
0.00
0.00
0.00
0.00
0.00
5.80
1.10
15.90
0.00
0.00
0.00
0.00
0.00
6.70
2.50
0.00
9.90
0.10
0.00
0.00
0.00
0.00
0.00
0.00
0.80
0.50
0.00
0.00
0.00
0.00
0.00
0.00
0.00
0.00
0.00
29.60
76.10
2.60
0.10
0.00
0.10
0.00
0.00
12.80
0.80
4.70
0.00
0.00
2.80
0.20
4.30
12.40
1.40
6.10
0.20
0.00
0.00
0.70
3.60
0.90
3.90
0.10
8.08
0.63
0.00
0.00
0.00
2.70
15.40
0.10
0.00
0.00
0.00
0.30
0.00
0.00
0.00
0.00
0.00
0.00
0.00
0.00
0.00
0.00
11.10
0.00
0.00
0.00
0.00
0.00
0.00
0.00
0.00
0.00
0.00
0.00
0.00
0.00
0.00
22.90
0.00
0.00
0.00
0.00
0.00
0.00
0.00
0.00
0.00
0.00
0.00
0.10
0.00
0.00
0.00
0.00
0.00
0.00
0.00
0.00
0.00
0.00
0.00
0.50
0.00
0.00
0.00
0.00
0.00
0.00
0.00
0.00
0.20
0.00
0.00
0.00
0.00
0.00
0.00
0.00
10.30
0.10
0.00
0.00
0.00
0.00
0.00
0.00
0.00
0.90
0.10
0.00
0.00
0.00
0.00
1.00
0.00
0.00
0.00
0.00
0.60
0.00
0.00
0.00
0.00
0.00
0.00
0.00
3.30
0.00
0.00
29.10
3.40
0.50
0.00
20.80
0.10
0.00
0.00
0.00
0.00
0.00
0.00
0.00
0.00
0.00
10.10
5.80
0.10
0.00
0.00
0.00
0.00
0.00
0.00
0.10
0.00
0.10
0.00
0.00
0.00
0.10
5.30
0.00
0.10
0.00
0.00
26.60
26.10
0.10
17.30
19.20
30.20
0.00
0.10
0.00
0.00
0.00
0.00
0.00
0.00
0.00
0.20
0.00
0.00
0.00
0.00
0.00
0.00
0.00
0.00
0.00
0.00
0.00
0.00
0.00
0.00
1.17
7.12
1.10
0.00
0.00
0.00
0.00
0.00
0.00
0.00
0.00
0.00
6.90
3.40
0.00
0.00
5.00
0.00
2.90
1.50
0.00
0.00
0.00
0.00
0.00
0.10
0.00
0.20
0.00
36.30
44.20
18.10
1.50
0.43
3.27
0.00
0.90
0.20
0.00
0.20
1.90
3.30
0.10
18.10
9.60
0.00
0.10
0.00
0.00
0.10
0.10
0.00
0.10
9.10
0.00
0.00
0.10
0.00
0.00
0.00
0.00
0.00
0.00
0.00
0.00
33.73
10.02
2.95
3.60
0.00
0.00
1.50
0.00
0.00
0.00
0.00
0.00
0.00
0.00
0.00
0.00
0.00
0.00
0.00
0.00
0.00
0.00
0.00
0.00
0.00
0.00
0.00
0.00
1.90
0.20
0.00
0.00
1.20
0.00
0.00
0.00
0.00
0.00
0.10
0.00
0.00
0.00
0.00
0.00
0.00
0.00
0.00
0.00
0.00
0.00
0.00
0.00
0.00
0.00
0.00
0.00
9.50
10.10
6.70
20.70
3.80
6.50
2.20
0.10
0.00
0.12
24.08
2.40
0.00
2.79
8.11
3.50
0.00
0.00
0.30
0.00
0.00
0.20
1.90
0.00
0.00
0.00
0.00
0.00
0.00
9.50
0.00
0.00
0.00
6.50
4.30
0.00
0.00
0.00
0.00
0.00
0.00
0.00
0.22
0.07
0.00
0.00
0.00
7.40
0.00
0.00
0.00
0.00
0.00
0.00
0.00
0.00
0.00
0.00
0.00
0.00
0.00
0.00
0.00
0.00
0.00
0.00
0.00
0.00
0.00
5.73
0.57
0.00
0.00
0.00
0.00
0.00
0.00
0.00
0.00
0.00
0.00
0.00
0.00
0.00
3.50
0.00
0.00
0.00
0.00
2.90
0.00
0.00
0.00
0.00
0.00
0.00
0.00
0.00
0.00
0.00
0.00
0.40
1.10
36.30
0.00
0.00
0.00
0.00
0.30
0.00
0.00
0.10
0.00
0.00
0.00
0.00
2.70
0.00
0.00
0.00
0.00
0.00
0.00
0.00
0.00
0.00
0.00
0.00
0.00
0.00
0.00
0.00
0.00
0.00
1.20
0.00
0.00
0.00
0.00
0.00
0.00
0.00
0.00
0.00
0.00
0.00
0.00
0.00
0.00
0.00
1.10
0.00
0.00
0.00
0.00
0.00
0.00
0.10
0.00
0.00
2.60
0.00
0.00
0.00
0.00
0.00
0.00
0.00
0.10
0.00
18.70
2.20
0.00
13.70
0.10
0.00
0.00
0.00
0.10
0.00
0.00
0.00
0.00
0.00
0.00
0.00
1.30
20.60
0.10
0.00
0.00
0.00
0.10
0.00
0.30
0.00
0.00
0.00
0.00
0.00
0.00
0.00
0.00
0.00
0.00
0.00
31.80
24.70
47.20
0.00
0.00
0.20
0.00
0.00
0.00
0.00
0.00
0.00
0.00
0.00
0.00
0.00
0.00
0.00
0.00
0.00
0.00
0.00
0.00
0.00
0.00
0.00
0.00
0.00
0.00
0.00
0.00
0.00
0.00
0.20
0.00
0.00
0.00
1.50
0.20
0.00
1.40
0.10
0.00
0.00
0.00
0.00
0.00
0.00
0.00
0.00
0.00
0.00
0.00
0.00
2.90
14.20
0.90
0.00
0.00
0.00
0.00
0.00
9.90
8.70
12.10
13.00
0.44
5.16
0.10
1.10
0.50
0.10
0.50
0.00
0.00
0.10
7.10
13.30
0.00
13.00
1.90
0.00
0.00
0.00
5.40
0.15
4.75
0.00
0.00
0.20
1.30
0.30
0.00
0.00
0.00
0.00
1.80
4.60
0.00
0.00
0.00
0.00
0.00
0.10
0.00
0.00
0.10
8.40
0.00
0.00
0.00
15.90
9.10
0.00
0.00
0.00
0.00
0.00
3.70
5.60
0.60
8.80
14.60
0.00
4.60
0.20
0.00
0.00
0.00
0.00
1.00
0.00
0.00
0.80
12.60
0.00
0.70
0.00
10.40
20.80
3.40
0.00
0.00
0.00
0.00
0.00
0.00
0.00
0.00
0.00
0.00
0.00
8.20
6.70
0.00
0.00
0.00
0.00
0.00
0.00
0.00
0.80
0.00
0.00
0.00
0.00
5.90
0.00
0.00
4.40
0.00
0.00
0.00
0.00
2.20
0.00
0.90
0.10
0.60
0.00
0.00
1.40
0.00
0.00
0.10
2.90
0.00
0.00
0.00
0.00
0.00
0.00
0.00
0.00
0.30
70.90
15.90
0.50
0.00
4.00
7.40
4.50
0.00
0.50
2.70
11.00
0.10
0.00
0.00
0.00
0.00
0.00
0.00
0.00
0.00
0.00
0.00
0.00
0.00
0.00
3.70
0.00
0.00
0.00
0.00
0.00
0.00
0.00
0.00
0.70
0.00
0.00
13.50
2.00
0.90
0.00
0.00
11.60
0.30
0.10
0.00
0.00
0.00
0.00
0.00
0.00
0.00
0.00
0.00
0.00
0.00
0.20
0.00
0.00
0.00
0.00
0.00
0.00
0.00
0.00
0.00
8.58
0.00
0.00
0.00
0.00
0.00
0.00
0.00
0.00
0.00
0.00
0.00
0.00
0.00
0.00
0.00
0.00
0.00
0.00
0.00
0.00
0.00
0.00
0.00
0.00
14.58
0.00
0.00
0.31
0.44
0.00
0.00
0.92
0.00
0.00
23.92
0.00
1.08
0.00
0.00
0.00
0.00
32.83
0.08
0.00
0.00
0.00
0.10
0.00
0.00
0.00
0.00
0.00
0.00
0.00
0.00
0.00
0.00
0.00
0.00
1.50
3.10
0.00
0.00
0.00
0.00
0.00
0.00
0.00
0.00
0.00
56.90
0.10
0.00
1.60
4.00
0.00
0.00
0.00
0.00
0.20
0.00
0.00
0.00
0.00
0.00
0.00
0.00
0.20
0.00
0.00
0.00
0.00
17.20
30.40
10.90
18.50
1.70
0.00
0.00
0.00
0.00
0.00
0.00
0.00
0.00
0.00
0.00
0.00
0.00
0.00
0.00
0.00
0.00
0.20
12.80
0.00
0.00
0.00
0.00
0.00
0.00
0.00
0.00
0.10
0.00
0.00
0.00
0.00
0.00
0.70
0.00
0.20
0.00
0.00
1.60
0.10
0.00
0.00
0.00
0.10
0.00
0.00
0.00
0.20
8.90
0.10
0.00
0.00
0.10
0.00
0.10
0.00
2.20
0.40
0.00
0.00
0.00
0.00
0.00
0.00
0.00
0.00
0.00
0.00
0.10
7.90
2.70
2.30
0.00
0.00
0.00
0.00
0.00
0.00
0.10
0.30
0.00
0.00
0.00
0.00
0.60
0.10
0.00
0.00
0.00
0.00
0.00
0.00
0.00
0.00
0.00
0.00
0.00
0.00
0.00
0.00
0.00
0.00
0.00
0.00
0.00
0.00
0.90
32.30
0.10
0.00
0.70
0.00
0.00
0.00
0.00
0.00
0.00
0.00
0.00
0.00
0.00
0.00
0.00
0.00
0.30
0.10
0.00
16.30
0.00
2.80
0.10
0.00
0.00
0.00
0.00
0.00
0.00
0.00
2.50
0.10
0.00
13.40
1.00
0.00
0.00
0.00
0.00
0.00
0.00
0.00
55.20
0.00
2.90
25.30
0.00
0.00
0.00
0.00
0.00
0.10
1.70
0.00
0.00
0.00
0.00
2.60
0.00
0.00
0.30
0.00
0.00
0.00
0.00
0.00
0.00
0.00
0.00
0.00
0.00
0.00
0.00
0.00
0.00
0.00
0.00
0.00
0.00
0.00
0.00
0.00
2.80
0.30
13.10
17.50
0.20
5.60
0.10
8.50
4.10
3.70
0.10
0.00
19.20
0.10
0.00
0.00
14.40
0.40
0.00
0.00
0.00
0.00
0.00
6.70
0.20
0.00
0.00
0.00
0.00
0.00
0.00
0.00
0.00
0.00
0.00
0.00
0.00
0.00
0.00
0.50
0.00
0.00
0.40
0.30
8.10
5.80
0.00
10.60
0.70
0.00
8.40
0.00
0.00
0.00
0.00
0.00
0.00
0.00
0.00
0.00
0.00
0.00
0.00
0.00
0.00
0.00
0.00
0.00
0.00
0.00
0.00
0.00
0.00
0.30
0.00
0.00
0.00
0.00
0.00
0.00
0.00
0.00
5.90
2.10
0.80
0.00
0.00
0.00
0.00
1.40
0.00
0.00
0.60
0.00
0.10
0.00
0.00
0.10
0.00
0.00
21.40
0.30
0.00
0.00
0.00
0.00
0.00
0.00
0.10
0.00
0.00
0.00
0.00
0.00
0.00
0.00
0.00
0.00
0.00
0.00
0.00
0.00
0.00
0.00
0.00
0.00
0.00
3.10
0.00
0.00
0.00
0.00
0.00
0.00
0.00
0.00
0.00
0.00
0.00
0.00
0.00
0.00
0.00
0.00
0.00
0.00
0.00
0.00
0.00
0.00
0.00
0.00
0.00
0.00
0.00
0.00
5.90
0.00
0.00
0.00
0.00
0.00
0.00
0.00
0.00
0.00
0.00
0.00
0.00
0.00
0.00
0.00
0.00
0.00
0.00
0.00
0.00
0.00
0.00
0.00
0.00
0.00
0.00
0.00
0.00
2.50
9.40
0.10
0.00
20.30
14.10
0.10
0.00
0.00
0.20
1.10
13.40
65.80
7.60
6.60
0.10
0.00
0.00
0.00
0.00
0.00
3.00
2.90
21.20
3.30
0.00
0.00
1.50
1.00
2.20
1.20
0.00
0.00
0.10
0.00
0.00
0.00
0.00
0.00
0.00
0.00
0.00
0.00
0.00
0.00
0.00
0.00
0.00
0.00
0.00
0.00
0.00
0.00
0.00
0.00
0.00
0.00
0.00
0.00
0.00
0.00
0.00
0.00
0.00
0.10
0.00
0.10
0.00
0.00
0.00
0.00
0.00
0.00
0.00
0.00
0.00
0.00
0.10
0.10
0.00
0.10
0.00
0.00
0.00
0.10
1.00
0.20
0.00
0.10
0.00
0.00
0.00
0.00
0.00
0.00
0.00
1.30
1.20
0.00
0.00
0.00
3.30
1.50
0.00
0.00
0.00
0.00
0.00
0.00
0.00
0.00
0.00
0.00
0.00
0.00
0.00
0.00
0.00
0.00
0.00
0.00
0.00
0.00
0.00
0.00
0.00
0.00
0.00
0.00
0.00
0.00
0.00
3.30
0.10
0.00
0.00
0.00
0.00
0.00
0.00
0.00
0.00
0.00
0.00
0.00
0.00
0.00
0.00
0.00
7.50
31.70
18.90
0.00
0.00
0.00
0.00
0.00
0.00
0.00
0.00
0.00
0.00
0.00
3.20
19.60
6.60
3.90
0.10
0.00
0.00
5.50
0.00
10.50
0.60
0.20
5.30
0.00
0.00
0.00
0.20
0.00
1.50
0.00
0.00
0.00
0.00
0.00
0.00
19.80
0.00
20.80
0.00
0.00
0.00
0.30
0.00
0.00
0.00
0.00
0.00
0.00
0.00
0.10
0.90
0.00
0.00
0.00
0.50
0.00
0.00
30.30
0.00
0.10
0.00
0.00
0.00
0.00
0.00
0.00
0.00
0.00
0.00
0.00
0.00
29.70
0.10
0.00
0.00
0.00
0.20
0.00
0.00
0.00
0.00
0.00
0.00
0.00
0.00
0.00
0.00
0.00
0.00
0.00
0.00
0.00
0.00
0.00
0.00
0.00
0.40
0.00
0.00
19.40
0.10
0.00
0.00
0.40
0.00
0.00
0.00
0.00
0.00
0.00
0.00
0.00
0.00
0.00
0.10
0.00
0.00
0.00
0.00
0.00
0.00
0.00
0.00
0.00
0.00
0.80
0.00
0.00
0.00
0.00
0.00
0.00
0.00
0.00
0.00
30.30
0.00
0.00
0.00
0.00
0.00
0.00
0.00
0.00
0.00
0.00
0.00
0.00
0.00
0.00
0.00
0.00
0.00
0.00
0.00
0.00
0.00
0.00
0.00
13.30
0.10
0.00
0.00
0.00
0.00
0.00
0.00
0.00
0.00
0.00
0.00
0.00
0.00
0.00
0.00
0.00
0.00
0.00
0.00
1.60
0.00
0.00
0.00
0.00
0.00
-99.00
0.40
0.00
0.80
56.50
0.10
0.00
0.00
0.00
0.00
0.00
0.00
0.00
0.00
0.00
3.40
5.30
33.70
0.00
3.90
0.00
0.00
0.00
0.40
5.30
8.90
18.00
0.10
0.00
0.00
23.00
11.00
0.00
0.00
0.00
3.80
28.40
0.00
0.00
0.00
0.80
0.00
0.00
0.00
0.00
2.70
0.10
0.00
0.00
0.00
0.00
0.00
0.00
3.40
1.30
0.00
0.00
0.00
0.00
0.00
0.00
0.00
0.70
3.00
0.00
0.00
0.00
0.00
0.00
0.00
0.00
0.00
0.00
0.00
0.00
0.00
0.00
0.00
0.00
0.30
0.10
0.00
0.00
0.00
0.00
0.00
0.00
0.00
0.00
0.00
0.00
0.00
0.10
0.00
0.00
0.00
0.00
0.00
0.10
0.10
0.10
0.00
0.00
0.00
0.00
0.00
0.00
0.00
0.00
0.10
1.30
0.00
0.00
0.00
0.00
0.10
16.50
0.00
0.00
0.60
0.10
0.00
0.00
0.30
1.10
-99.00
-99.00
-99.00
-99.00
-99.00
-99.00
-99.00
-99.00
-99.00
-99.00
-99.00
-99.00
-99.00
-99.00
-99.00
-99.00
-99.00
-99.00
-99.00
-99.00
-99.00
-99.00
-99.00
-99.00
-99.00
-99.00
-99.00
-99.00
-99.00
-99.00
-99.00
-99.00
-99.00
-99.00
-99.00
-99.00
-99.00
-99.00
-99.00
-99.00
-99.00
-99.00
-99.00
-99.00
-99.00
-99.00
-99.00
-99.00
-99.00
-99.00
-99.00
-99.00
-99.00
-99.00
-99.00
-99.00
-99.00
0.00
1.70
0.10
2.40
0.10
0.00
0.80
0.00
0.00
0.20
0.60
0.20
0.00
0.00
0.00
0.00
0.00
0.00
0.00
0.00
0.00
0.00
0.00
0.00
0.10
0.00
0.00
0.00
0.00
0.00
17.90
16.90
24.50
11.30
23.80
3.40
0.00
0.00
0.00
2.40
1.60
0.00
0.00
0.00
0.10
0.00
0.00
0.00
0.00
1.70
36.40
0.40
0.50
22.30
13.90
2.90
0.00
0.00
0.00
0.00
0.00
0.00
0.60
0.00
0.00
0.00
0.00
0.00
0.00
0.00
0.00
0.00
0.00
0.00
17.60
0.00
0.00
0.00
0.00
0.00
0.10
0.00
0.30
0.00
0.70
0.00
0.00
6.40
0.00
0.00
0.00
0.00
0.00
0.10
0.00
0.00
0.00
0.00
0.00
0.00
0.00
0.00
0.00
0.00
0.00
0.00
1.70
8.30
0.00
0.00
0.00
0.00
0.00
0.00
19.00
0.00
0.30
0.00
0.00
0.00
0.00
0.00
0.00
0.00
0.00
0.10
0.00
0.00
0.00
0.00
0.00
0.00
0.00
0.00
2.00
3.70
0.00
0.00
0.00
0.00
0.00
0.00
0.00
1.60
0.50
0.00
0.00
0.00
0.00
0.00
0.00
0.40
0.00
0.30
0.00
7.20
0.10
0.00
0.00
0.00
0.00
0.00
0.00
0.00
0.00
28.50
5.80
0.00
0.00
1.80
0.00
0.00
0.00
0.00
0.00
0.00
0.00
0.00
0.00
0.00
0.00
0.00
0.00
0.00
0.00
0.00
0.00
0.00
0.00
0.00
0.00
0.10
13.70
0.10
-99.00
-99.00
-99.00
0.00
0.00
0.00
0.00
0.00
0.00
0.00
0.00
0.00
0.00
0.00
0.00
0.00
0.00
0.30
0.00
0.00
0.00
0.00
0.00
0.00
0.00
0.00
0.00
0.00
0.00
0.00
0.00
0.00
0.00
0.00
0.00
0.00
0.00
0.00
0.00
0.00
0.00
68.60
33.20
58.30
0.00
0.00
0.00
0.00
0.00
0.00
0.00
0.00
0.00
0.00
0.10
0.00
0.00
0.00
0.00
0.00
0.00
0.00
0.10
0.00
0.00
0.00
0.00
0.00
0.10
0.00
0.10
0.00
0.00
0.00
7.40
1.80
0.10
0.10
0.00
1.70
2.70
0.00
0.00
0.00
0.00
0.10
0.00
0.10
0.00
0.00
1.50
0.00
0.00
0.00
-99.00
-99.00
-99.00
-99.00
-99.00
-99.00
-99.00
-99.00
-99.00
-99.00
-99.00
-99.00
-99.00
-99.00
-99.00
-99.00
-99.00
-99.00
-99.00
-99.00
-99.00
-99.00
-99.00
-99.00
-99.00
-99.00
-99.00
-99.00
-99.00
-99.00
-99.00
-99.00
-99.00
-99.00
-99.00
-99.00
-99.00
-99.00
-99.00
-99.00
-99.00
-99.00
-99.00
-99.00
-99.00
-99.00
-99.00
-99.00
-99.00
-99.00
-99.00
-99.00
-99.00
-99.00
-99.00
-99.00
-99.00
-99.00
-99.00
-99.00
-99.00
-99.00
0.00
0.00
0.00
0.00
0.00
0.00
0.00
0.00
0.00
0.00
0.00
3.20
0.00
0.10
0.00
0.50
0.00
0.00
0.00
11.50
3.20
0.00
0.10
23.80
1.30
0.00
0.00
0.00
0.00
0.00
0.00
1.90
0.00
0.00
0.00
0.00
0.00
0.00
0.00
0.90
7.90
6.80
0.70
0.00
0.30
0.00
0.00
0.00
0.00
0.00
0.00
0.00
0.00
0.00
0.00
0.00
0.00
0.00
0.00
0.00
0.00
0.20
0.00
0.30
0.00
0.00
0.00
0.00
0.00
0.00
2.30
0.20
0.00
0.00
0.00
0.00
20.90
0.00
6.10
0.00
15.30
1.30
0.00
0.00
0.00
0.00
0.00
0.00
0.00
0.00
0.00
0.00
0.00
0.00
0.00
0.00
0.10
0.00
9.10
0.10
0.00
0.00
0.00
0.00
0.00
1.90
-99.00
-99.00
-99.00
-99.00
-99.00
-99.00
-99.00
-99.00
-99.00
-99.00
-99.00
-99.00
-99.00
-99.00
-99.00
-99.00
-99.00
-99.00
-99.00
-99.00
-99.00
-99.00
-99.00
-99.00
-99.00
-99.00
-99.00
-99.00
-99.00
-99.00
-99.00
-99.00
-99.00
-99.00
-99.00
-99.00
-99.00
-99.00
-99.00
-99.00
-99.00
-99.00
-99.00
-99.00
-99.00
-99.00
-99.00
-99.00
-99.00
-99.00
-99.00
-99.00
-99.00
-99.00
-99.00
-99.00
-99.00
-99.00
-99.00
-99.00
-99.00
-99.00
-99.00
-99.00
-99.00
-99.00
-99.00
-99.00
-99.00
-99.00
-99.00
-99.00
-99.00
-99.00
-99.00
-99.00
-99.00
-99.00
-99.00
-99.00
-99.00
-99.00
-99.00
-99.00
-99.00
-99.00
-99.00
-99.00
-99.00
-99.00
-99.00
-99.00
-99.00
-99.00
0.00
57.50
0.10
1.40
0.00
0.00
0.00
0.00
11.80
0.00
0.00
0.00
0.00
2.80
0.10
4.20
0.00
0.00
0.00
0.00
0.00
0.00
0.00
0.00
0.00
0.00
0.00
0.00
0.00
0.00
0.00
0.00
0.00
0.00
0.00
0.00
0.00
5.40
19.70
0.00
0.00
0.00
0.30
0.10
0.00
4.20
0.20
0.00
4.30
0.10
0.00
0.00
0.00
0.00
0.00
0.00
0.00
0.00
0.00
3.50
9.30
11.40
19.70
37.90
29.30
0.10
0.00
2.60
4.60
0.00
0.00
0.00
0.00
0.00
0.00
0.00
0.00
0.00
6.50
16.70
0.00
0.00
0.00
0.00
0.00
0.00
0.00
0.10
0.00
0.00
0.00
0.00
0.00
0.00
0.00
0.00
-99.00
-99.00
-99.00
-99.00
-99.00
-99.00
-99.00
-99.00
-99.00
-99.00
-99.00
-99.00
-99.00
-99.00
-99.00
-99.00
-99.00
-99.00
-99.00
-99.00
-99.00
-99.00
-99.00
-99.00
-99.00
-99.00
-99.00
-99.00
-99.00
-99.00
-99.00
-99.00
-99.00
-99.00
-99.00
-99.00
-99.00
-99.00
-99.00
-99.00
-99.00
-99.00
-99.00
-99.00
-99.00
-99.00
-99.00
-99.00
-99.00
-99.00
-99.00
-99.00
-99.00
-99.00
-99.00
-99.00
-99.00
-99.00
-99.00
-99.00
-99.00
-99.00
-99.00
-99.00
-99.00
-99.00
-99.00
-99.00
-99.00
-99.00
-99.00
-99.00
-99.00
-99.00
-99.00
-99.00
-99.00
-99.00
-99.00
-99.00
-99.00
-99.00
-99.00
-99.00
-99.00
-99.00
-99.00
-99.00
-99.00
-99.00
-99.00
-99.00
-99.00
-99.00
-99.00
-99.00
-99.00
-99.00
-99.00
-99.00
-99.00
-99.00
-99.00
-99.00
-99.00
-99.00
-99.00
-99.00
-99.00
-99.00
-99.00
-99.00
-99.00
-99.00
-99.00
-99.00
-99.00
-99.00
-99.00
-99.00
-99.00
-99.00
-99.00
-99.00
-99.00
-99.00
-99.00
-99.00
-99.00
-99.00
-99.00
-99.00
-99.00
-99.00
-99.00
-99.00
-99.00
-99.00
-99.00
-99.00
-99.00
-99.00
-99.00
-99.00
-99.00
-99.00
-99.00
-99.00
-99.00
-99.00
-99.00
-99.00
-99.00
-99.00
-99.00
-99.00
-99.00
-99.00
-99.00
-99.00
-99.00
-99.00
-99.00
-99.00
-99.00
-99.00
-99.00
-99.00
-99.00
-99.00
-99.00
-99.00
-99.00
-99.00
-99.00
-99.00
-99.00
-99.00
-99.00
-99.00
-99.00
-99.00
-99.00
-99.00
-99.00
-99.00
-99.00
-99.00
-99.00
-99.00
-99.00
-99.00
-99.00
-99.00
-99.00
-99.00
-99.00
-99.00
-99.00
-99.00
-99.00
-99.00
-99.00
-99.00
-99.00
-99.00
-99.00
-99.00
-99.00
-99.00
-99.00
-99.00
-99.00
-99.00
-99.00
-99.00
-99.00
-99.00
-99.00
-99.00
-99.00
-99.00
-99.00
-99.00
-99.00
-99.00
-99.00
-99.00
-99.00
-99.00
-99.00
-99.00
-99.00
-99.00
-99.00
-99.00
-99.00
-99.00
-99.00
-99.00
-99.00
-99.00
-99.00
-99.00
-99.00
-99.00
-99.00
-99.00
-99.00
-99.00
-99.00
-99.00
-99.00
-99.00
-99.00
-99.00
-99.00
-99.00
-99.00
-99.00
-99.00
-99.00
-99.00
-99.00
-99.00
-99.00
-99.00
-99.00
-99.00
-99.00
-99.00
-99.00
-99.00
-99.00
-99.00
-99.00
-99.00
-99.00
-99.00
-99.00
-99.00
-99.00
-99.00
-99.00
-99.00
-99.00
-99.00
-99.00
-99.00
-99.00
-99.00
-99.00
-99.00
-99.00
-99.00
-99.00
-99.00
-99.00
-99.00
-99.00
-99.00
-99.00
-99.00
-99.00
-99.00
-99.00
-99.00
-99.00
-99.00
-99.00
-99.00
-99.00
-99.00
-99.00
-99.00
-99.00
-99.00
-99.00
-99.00
-99.00
-99.00
-99.00
-99.00
-99.00
-99.00
-99.00
-99.00
-99.00
-99.00
-99.00
-99.00
-99.00
-99.00
-99.00
-99.00
-99.00
-99.00
-99.00
-99.00
-99.00
-99.00
-99.00
-99.00
-99.00
-99.00
-99.00
-99.00
-99.00
-99.00
-99.00
-99.00
-99.00
-99.00
-99.00
-99.00
-99.00
-99.00
-99.00
-99.00
-99.00
-99.00
-99.00
-99.00
-99.00
-99.00
0.00
1.10
0.00
0.60
0.00
0.00
0.00
0.00
0.00
0.00
0.00
0.00
0.00
0.00
0.00
0.00
0.00
0.00
0.00
0.00
0.00
0.00
0.00
0.00
0.20
0.00
0.00
0.00
0.00
0.00
0.00
0.00
0.00
0.00
0.00
0.00
0.00
1.20
0.00
0.00
0.10
2.50
0.10
6.30
0.90
0.00
0.00
0.00
0.00
0.00
0.00
0.00
0.10
0.00
0.00
0.00
0.00
22.80
2.10
0.00
0.00
0.00
0.00
0.00
0.00
0.00
0.00
0.00
0.90
0.00
0.00
0.00
0.00
0.00
0.40
8.30
0.90
0.00
1.70
4.60
5.90
0.10
0.00
0.00
0.00
0.00
0.00
0.00
0.00
0.00
0.00
8.60
0.00
0.00
6.90
21.30
0.10
0.00
0.00
0.00
0.00
1.30
0.00
0.00
0.00
0.00
0.00
0.00
0.00
0.00
0.20
16.40
0.30
1.10
0.10
0.00
0.00
4.30
3.20
0.00
4.30
0.00
0.00
0.00
0.00
0.00
0.60
0.00
0.80
6.80
7.00
0.10
0.00
0.00
0.00
0.00
0.00
0.00
0.00
0.00
0.00
0.00
4.10
0.00
0.00
0.00
0.00
0.00
0.70
0.10
0.00
0.00
0.00
0.00
0.00
0.00
0.00
0.00
0.00
0.00
0.00
0.00
0.50
0.00
0.00
0.00
1.90
0.00
0.00
2.20
0.00
0.00
0.00
0.00
0.00
0.00
0.00
0.00
0.00
0.00
0.00
0.00
0.00
0.00
0.00
0.00
0.00
0.00
0.00
0.10
0.00
0.00
0.20
0.00
0.00
0.00
0.00
0.00
0.00
0.00
0.00
0.10
0.00
27.60
0.10
0.00
0.00
0.00
0.00
0.00
0.00
0.00
0.00
0.00
0.00
0.00
0.00
0.00
0.00
0.00
0.00
1.20
0.00
0.00
0.00
0.00
0.00
0.00
0.20
0.00
0.00
0.00
0.00
0.00
0.00
0.00
0.00
0.00
0.00
0.00
0.00
0.00
0.00
0.00
0.00
0.00
0.00
0.00
0.00
0.00
0.00
0.00
0.00
1.70
0.00
0.00
12.70
3.90
0.10
0.00
1.60
0.10
0.00
0.00
0.00
0.00
40.40
0.00
2.00
0.00
0.00
0.00
0.00
0.00
0.00
0.00
0.00
0.00
0.00
-99.00
0.00
0.00
-99.00
-99.00
-99.00
-99.00
-99.00
-99.00
-99.00
0.00
0.00
0.00
0.00
0.00
-99.00
-99.00
0.00
-99.00
-99.00
0.00
-99.00
0.00
-99.00
0.00
0.00
0.00
0.00
0.00
-99.00
-99.00
-99.00
0.00
0.00
0.00
0.00
0.00
-99.00
0.00
0.00
0.00
0.00
0.00
-99.00
0.00
0.00
-99.00
-99.00
-99.00
-99.00
0.00
-99.00
-99.00
-99.00
-99.00
-99.00
-99.00
-99.00
0.00
-99.00
-99.00
-99.00
0.00
-99.00
0.00
0.00
0.00
-99.00
0.00
0.00
-99.00
-99.00
-99.00
-99.00
-99.00
-99.00
-99.00
0.00
0.00
0.00
0.00
0.00
0.00
-99.00
0.00
0.00
0.00
0.00
0.00
0.00
0.00
0.00
0.00
0.00
0.00
0.00
0.00
0.00
0.00
0.00
0.00
0.00
0.00
0.00
0.00
0.00
-99.00
-99.00
-99.00
-99.00
0.00
-99.00
-99.00
-99.00
-99.00
0.00
-99.00
0.00
0.00
-99.00
0.00
0.00
-99.00
0.00
-99.00
-99.00
0.00
0.00
0.00
0.00
-99.00
-99.00
-99.00
0.00
0.00
0.00
0.00
0.00
-99.00
0.00
0.00
-99.00
-99.00
-99.00
0.00
0.00
0.00
0.00
-99.00
-99.00
0.00
0.00
0.00
0.00
0.00
0.00
0.00
0.00
0.00
0.00
0.00
0.00
0.00
0.00
0.00
0.00
0.00
0.00
0.00
-99.00
-99.00
0.00
-99.00
-99.00
0.00
0.00
-99.00
-99.00
-99.00
0.00
0.00
-99.00
-99.00
0.00
0.00
0.00
0.00
0.00
0.00
0.00
0.00
0.10
0.00
0.00
0.00
0.00
0.00
0.00
0.00
0.00
0.00
0.20
12.50
14.40
0.00
0.40
2.40
0.00
0.00
1.70
0.00
0.00
0.00
0.00
0.00
0.00
0.00
17.00
0.00
0.00
0.00
0.00
0.00
0.00
1.50
0.00
0.00
0.00
0.00
0.00
0.00
0.00
0.00
0.00
0.00
0.00
1.10
0.00
0.00
0.00
0.70
1.40
10.80
0.00
0.00
0.00
1.40
0.00
0.00
0.00
0.00
0.00
0.00
0.00
0.00
0.00
0.00
0.00
0.00
0.00
0.00
0.00
0.50
0.20
0.00
0.20
0.00
0.00
0.10
0.00
0.00
0.00
0.00
0.00
0.00
1.00
0.00
0.00
0.00
0.00
0.00
0.00
0.00
0.00
0.00
0.00
0.00
0.00
0.80
0.00
10.50
0.10
0.00
0.00
0.00
0.00
0.00
0.00
0.00
0.00
0.00
0.00
0.00
0.00
0.00
0.00
0.00
16.80
0.10
0.00
0.00
0.00
0.00
0.00
0.00
0.00
0.00
0.00
0.00
0.00
0.00
0.00
0.00
0.00
0.00
0.00
0.00
0.20
2.30
1.00
0.00
0.00
0.40
0.50
0.00
0.00
0.00
0.00
4.60
0.10
0.00
0.00
0.00
2.20
9.50
0.10
0.00
0.30
0.00
0.00
0.00
1.10
1.80
0.00
0.20
0.00
0.00
0.00
0.00
0.70
0.90
0.00
0.00
0.00
0.00
0.00
0.00
0.00
0.00
0.00
0.00
0.00
0.00
0.00
0.00
0.00
0.00
18.70
55.80
0.00
0.10
0.00
0.00
0.00
0.00
0.00
0.00
0.00
0.00
0.00
0.00
0.00
0.00
0.00
17.30
0.00
0.00
0.00
0.00
0.00
0.00
0.00
0.00
0.00
0.00
0.00
0.00
0.00
0.00
0.00
0.00
0.00
0.00
0.00
0.00
0.00
0.00
0.00
0.00
0.00
0.00
0.00
0.00
0.00
0.00
0.00
0.00
0.00
0.00
0.10
0.00
1.50
0.00
0.00
0.00
0.00
0.00
0.00
0.00
0.00
0.00
0.00
0.00
0.00
0.00
0.00
0.00
2.20
0.00
0.20
0.00
0.00
0.00
0.00
0.00
0.00
0.00
1.30
13.00
0.10
0.00
0.00
0.00
0.00
1.00
0.10
0.00
0.00
0.00
0.00
0.00
0.00
0.00
0.00
0.00
0.00
1.30
39.30
0.00
0.00
0.10
0.00
0.00
1.40
1.00
0.00
29.80
45.30
2.50
0.00
0.00
0.10
0.00
0.00
8.10
0.10
0.00
0.00
0.00
0.10
0.00
0.00
0.00
0.00
0.00
0.00
0.00
0.00
0.00
2.80
11.60
5.30
2.40
2.00
3.00
5.10
0.00
0.00
0.00
0.00
0.40
0.00
0.00
0.30
0.00
1.80
1.40
3.40
0.10
3.20
15.80
0.00
0.00
0.00
29.80
1.10
0.10
0.00
0.00
0.00
0.00
0.00
0.00
0.00
0.00
0.00
0.00
0.90
0.00
6.90
1.20
7.50
34.10
0.00
4.60
11.30
0.00
0.20
0.00
0.00
0.00
0.00
0.00
0.00
0.00
0.00
0.00
0.00
3.60
0.20
15.70
0.10
10.30
0.10
0.00
0.10
0.00
3.00
0.10
1.70
28.90
0.00
0.00
3.80
1.30
0.00
0.00
0.00
0.00
0.00
0.10
15.70
0.00
0.00
0.00
0.00
0.40
0.00
0.00
1.70
10.80
23.90
0.00
0.00
0.00
8.60
0.00
3.30
23.10
5.80
0.00
0.00
0.00
0.00
1.10
0.00
0.00
0.10
0.00
0.00
0.00
0.00
0.00
0.00
0.00
0.00
0.00
0.00
0.00
0.00
6.10
0.00
0.00
0.00
0.00
0.00
0.00
0.00
0.00
0.00
0.00
0.00
0.00
0.00
0.00
0.00
0.00
0.00
7.90
0.00
0.00
0.00
0.00
1.80
0.10
0.00
0.00
0.00
0.00
0.00
0.00
0.00
0.00
0.00
0.00
0.00
0.00
0.00
0.00
0.00
0.00
0.00
6.50
0.30
0.00
0.00
0.00
14.20
0.00
0.00
26.80
0.00
0.00
0.00
0.00
0.00
0.00
0.00
0.00
0.00
0.00
0.00
0.10
0.10
4.90
1.40
0.10
0.20
0.00
0.10
23.80
0.10
0.00
0.10
0.00
0.00
20.60
0.10
0.00
3.20
0.00
0.00
33.80
0.00
0.10
0.00
0.00
0.00
0.00
0.00
0.00
0.00
0.00
0.00
0.00
0.00
0.00
0.00
0.00
0.00
0.00
0.00
1.40
1.90
0.30
0.00
0.00
0.20
66.20
0.50
0.00
6.40
6.00
22.60
2.70
0.10
0.10
0.00
0.10
0.00
1.80
11.00
19.70
0.00
5.60
41.40
4.20
0.10
0.10
0.00
13.50
0.10
0.00
0.20
23.00
0.10
0.00
0.00
0.10
0.00
26.20
0.10
1.90
2.80
0.10
10.90
0.10
0.10
7.80
0.20
0.10
2.60
0.00
0.10
0.00
1.60
0.00
0.00
0.10
0.00
0.10
0.10
0.00
0.10
0.00
0.00
0.10
0.00
2.10
0.90
0.10
0.00
0.00
0.00
0.00
0.00
0.00
0.00
0.10
0.00
0.00
0.00
0.00
0.00
0.00
0.20
0.00
0.10
0.00
0.00
0.10
0.00
0.00
0.00
0.00
0.00
0.00
0.00
0.00
0.00
0.00
0.10
0.00
2.80
0.60
0.20
12.70
0.10
0.30
0.00
0.00
0.00
0.00
0.00
0.00
0.00
0.00
0.00
3.20
0.00
0.00
0.00
0.00
0.00
0.00
0.00
0.00
0.00
0.00
0.00
0.00
0.00
0.10
0.00
0.00
0.00
0.00
0.00
0.00
0.00
0.00
0.00
0.00
0.00
0.00
0.00
0.00
0.00
0.00
0.00
0.00
1.50
0.10
0.00
0.00
0.00
0.00
0.00
0.00
0.00
0.00
0.00
0.00
0.00
2.00
0.10
0.00
0.00
0.00
0.00
0.00
0.00
0.00
0.00
0.00
0.00
0.00
0.00
0.80
3.90
0.00
8.10
4.50
8.70
0.10
15.20
2.30
0.10
0.00
0.00
0.00
0.30
0.00
0.00
0.50
0.00
3.70
0.30
2.40
1.00
0.00
0.70
0.00
0.00
0.00
0.00
0.00
0.00
0.00
19.20
0.10
0.00
0.00
0.00
0.00
0.00
6.10
0.10
0.00
0.00
0.00
0.00
0.40
18.00
0.00
4.60
0.10
0.00
0.00
0.00
25.00
1.20
1.80
0.00
0.00
0.00
0.00
0.00
0.00
0.00
0.00
0.00
0.10
0.00
0.00
0.00
0.00
0.00
22.20
0.00
0.00
0.00
0.00
0.00
0.00
0.00
0.00
0.00
0.00
0.00
0.00
0.00
0.00
0.00
0.00
0.00
0.00
0.00
0.00
0.00
0.00
0.00
0.00
0.00
3.70
7.70
16.50
0.00
0.00
0.00
0.00
2.40
0.00
0.00
0.00
0.00
0.00
0.00
0.00
0.00
0.00
0.00
0.00
1.50
22.90
0.00
0.00
0.00
0.00
0.00
0.00
0.00
0.00
0.00
0.00
0.00
0.00
0.00
0.00
0.00
19.90
0.00
0.00
0.00
0.00
0.00
0.00
0.00
0.00
0.00
0.00
0.00
0.00
0.00
0.00
15.80
0.00
0.00
0.00
0.20
0.30
0.00
0.00
0.00
0.00
0.00
0.00
0.00
0.00
10.50
11.00
0.00
0.50
0.00
0.00
0.00
0.00
0.30
0.10
0.00
5.70
0.00
0.00
0.00
0.00
0.00
0.00
0.00
0.00
0.00
0.00
0.00
0.00
0.00
0.00
0.00
0.00
0.00
1.10
0.10
0.00
0.00
0.00
3.00
0.00
0.00
0.00
0.00
0.00
4.00
0.10
89.50
6.60
0.10
0.10
0.10
0.00
0.10
0.00
0.10
0.10
0.00
0.10
0.60
0.00
0.00
0.00
0.00
0.00
0.00
1.30
0.00
0.00
0.70
4.30
0.00
0.00
0.10
0.00
0.00
0.00
0.00
22.80
2.80
0.00
0.00
0.10
0.00
0.00
0.00
0.00
0.70
0.00
0.00
86.70
14.30
0.10
0.00
0.10
0.00
0.00
0.00
0.00
0.00
0.00
0.00
0.00
0.10
0.10
0.70
12.50
2.20
0.00
0.00
0.00
0.10
0.00
0.10
0.00
0.10
0.00
0.00
0.00
0.00
0.00
0.00
0.00
0.00
0.00
0.00
0.10
12.20
0.10
0.10
0.10
0.10
0.00
0.10
0.00
0.10
0.20
0.60
89.90
23.40
12.40
0.10
2.60
0.00
0.00
0.00
0.10
0.00
0.00
0.00
0.00
0.10
0.00
0.00
0.10
0.00
0.00
0.00
0.00
0.00
0.40
0.00
0.10
0.00
0.00
0.80
0.10
0.00
0.00
0.10
0.00
0.00
0.00
0.10
0.00
0.00
0.00
0.00
0.00
1.20
0.00
0.00
0.10
0.00
0.00
0.00
0.00
0.00
0.00
0.00
0.00
0.00
0.00
37.40
0.10
0.00
0.00
0.00
0.00
3.90
12.90
0.00
0.00
1.20
0.10
0.00
0.00
3.20
2.10
4.40
0.00
0.00
0.00
0.00
0.00
0.00
0.00
0.00
0.00
0.00
0.00
22.10
0.10
0.30
0.00
0.00
6.20
32.70
16.80
59.00
1.70
0.50
0.00
0.00
0.00
2.60
2.60
0.00
0.00
0.00
0.00
0.00
0.00
0.00
0.00
0.00
0.00
0.10
18.80
2.90
0.20
0.00
16.60
0.00
10.90
0.00
0.00
0.00
0.00
0.00
0.00
0.00
0.00
0.00
0.00
0.00
0.00
5.10
0.10
0.00
1.70
0.30
16.80
1.80
0.00
0.00
27.10
1.10
14.70
0.40
0.00
0.00
0.00
0.00
0.00
10.70
0.00
12.60
0.00
0.00
0.00
0.00
0.00
0.00
0.00
0.00
0.00
0.00
0.00
0.00
0.00
0.00
0.00
0.00
0.00
0.00
0.00
0.00
0.00
0.00
0.00
0.10
1.00
0.00
0.00
0.00
0.00
0.00
0.00
0.00
0.00
0.00
0.00
0.20
0.00
0.00
0.00
0.10
0.00
0.00
0.00
0.00
0.00
0.00
0.00
0.10
0.00
0.00
0.00
0.00
0.00
0.00
0.00
0.00
0.00
0.00
0.00
0.00
0.00
0.00
0.00
0.00
0.00
0.00
0.00
0.00
0.00
0.00
4.20
16.20
0.70
0.10
0.00
0.00
0.00
0.00
0.00
0.10
5.00
0.00
16.60
0.80
0.00
0.00
0.00
0.00
0.00
0.00
0.00
14.30
1.30
0.00
5.10
1.20
0.00
0.00
0.00
0.00
0.00
0.00
0.00
0.00
0.00
7.80
0.00
0.00
0.00
0.00
0.00
0.00
0.00
16.60
0.00
0.00
0.00
3.80
0.00
0.00
0.00
0.00
0.00
0.00
0.00
1.90
2.50
0.00
0.00
0.00
0.00
0.00
0.00
0.00
0.00
0.00
0.00
13.70
13.90
0.20
1.60
9.10
0.10
0.10
0.10
0.00
0.10
0.00
0.00
0.00
0.00
0.00
0.10
0.00
0.00
0.00
0.10
0.00
0.00
0.40
0.10
19.40
16.90
0.00
0.10
0.10
0.00
0.00
0.10
0.10
0.00
0.60
0.00
0.00
0.00
3.00
0.00
0.00
0.00
0.30
0.00
1.20
2.80
0.00
0.30
0.00
0.10
0.00
0.00
0.00
0.00
0.00
0.00
0.00
0.00
0.00
0.00
0.00
0.00
0.00
0.00
0.10
0.00
0.00
28.10
9.10
0.40
0.00
0.00
0.00
0.10
0.10
0.00
0.00
0.00
0.00
0.00
3.70
0.30
0.10
0.00
0.00
0.00
0.00
0.00
0.20
0.00
0.00
0.00
0.00
0.00
0.00
0.00
0.00
4.80
0.50
0.10
0.00
0.30
0.10
1.30
0.00
0.10
0.00
0.00
0.00
0.00
0.00
7.20
0.20
0.00
0.00
0.00
0.00
0.00
0.00
0.00
0.00
0.00
0.00
0.00
0.00
10.70
0.10
0.00
0.00
0.20
0.00
0.00
