20000101
0.00
0.00
0.00
0.00
0.00
0.00
0.00
0.00
0.00
0.00
0.00
0.00
0.00
0.00
0.60
1.90
0.10
0.00
0.00
0.00
0.00
0.00
0.00
0.00
0.00
0.00
0.20
0.00
0.00
0.00
0.00
0.00
0.00
0.00
0.00
0.00
0.00
0.00
0.00
0.00
0.00
0.00
0.00
0.00
0.00
0.00
0.00
0.00
0.00
0.00
0.00
0.00
0.00
0.00
0.00
0.00
0.00
0.00
0.00
0.00
0.00
0.00
0.00
0.00
0.00
0.00
0.00
0.00
0.00
0.00
0.00
0.00
0.00
0.00
0.00
0.00
0.00
0.00
0.00
0.00
0.10
0.00
0.40
0.80
0.00
0.00
0.00
6.90
10.80
0.00
0.00
2.70
0.00
1.40
11.80
0.50
1.90
0.00
0.10
0.60
0.20
15.50
30.50
0.00
0.60
0.00
6.50
1.60
0.00
0.40
0.00
0.00
0.00
9.60
0.00
0.00
0.00
0.00
8.00
20.80
0.00
0.00
0.00
0.00
0.00
0.00
0.00
0.00
0.00
0.00
0.00
26.00
0.00
0.00
0.00
0.00
0.00
0.00
5.50
0.00
0.00
0.00
6.90
7.70
0.00
0.00
0.00
9.50
0.00
0.00
0.00
0.00
0.00
0.00
0.00
0.00
0.00
20.50
3.20
0.00
0.00
40.70
4.30
0.10
0.00
0.60
5.50
0.00
0.00
0.00
0.00
0.00
0.00
0.00
0.00
0.00
0.00
0.00
0.00
0.00
0.00
0.00
0.00
0.00
0.00
0.00
0.00
0.00
0.00
0.00
0.00
0.00
0.00
0.00
0.00
0.00
0.00
0.00
0.00
0.00
2.50
0.00
0.00
0.00
0.00
1.80
0.00
5.50
0.00
0.00
0.00
0.00
0.00
0.90
0.00
0.30
4.00
29.00
0.00
0.00
0.00
0.00
0.00
0.00
1.00
0.00
0.00
0.00
0.00
0.00
0.00
0.00
0.00
0.00
0.00
0.00
0.00
0.00
0.00
0.00
0.10
0.00
0.00
0.00
0.00
0.00
0.00
0.00
0.00
0.00
0.00
0.00
0.00
0.00
0.00
0.00
0.00
7.40
0.00
0.00
0.00
0.00
2.00
16.00
3.30
0.00
0.00
0.00
0.00
0.00
0.00
0.50
10.20
0.00
22.00
3.50
0.00
0.00
3.50
3.00
0.00
0.00
0.00
0.00
0.00
0.00
0.00
34.00
7.50
7.50
0.00
0.00
0.00
0.00
0.00
56.80
19.90
1.90
0.00
0.00
0.00
0.00
0.00
0.00
0.00
0.00
0.00
0.00
0.00
0.00
0.00
1.80
0.00
0.00
0.00
0.00
0.00
0.00
2.30
0.00
0.00
0.00
0.00
0.00
0.00
0.00
0.00
0.00
0.00
0.00
0.00
0.00
0.00
0.00
6.70
0.00
0.00
0.00
0.00
0.00
0.00
4.00
0.00
0.00
0.00
0.00
0.00
0.00
0.00
0.00
0.00
0.00
0.00
0.00
0.00
0.00
39.90
40.50
17.00
12.50
0.00
0.00
0.00
0.00
0.00
0.00
0.00
0.00
0.00
0.00
0.00
0.00
0.00
0.00
0.00
0.00
0.00
0.00
0.00
0.00
26.00
22.00
0.00
0.00
0.00
0.00
0.00
0.00
0.00
0.00
0.00
0.00
7.00
3.20
0.00
0.00
0.00
0.00
0.00
0.00
0.00
0.00
0.00
0.00
0.00
0.00
0.00
0.00
0.00
0.00
12.00
26.80
0.00
0.00
0.00
0.00
0.00
0.00
0.00
0.00
0.00
0.00
0.00
0.00
0.00
0.00
6.50
0.00
0.00
0.00
2.30
1.20
16.50
14.10
0.00
0.00
0.00
2.50
0.00
0.00
0.00
1.30
0.00
0.00
0.00
0.00
0.00
0.00
0.00
0.00
0.00
3.20
0.60
0.80
7.60
0.00
0.00
0.00
0.00
0.00
0.00
0.00
0.00
0.00
0.00
0.00
0.00
0.00
0.00
0.00
0.00
0.00
0.00
0.00
0.00
0.00
0.00
0.00
0.00
0.00
0.00
0.00
0.00
0.00
0.00
0.00
6.20
5.80
0.00
0.00
0.00
9.90
0.00
0.00
0.00
0.00
0.00
0.00
0.00
0.00
0.00
0.00
0.00
2.50
0.00
0.00
0.00
6.20
18.50
5.20
35.40
0.00
0.00
0.00
0.00
0.00
0.00
7.90
0.00
0.00
0.00
0.00
0.00
0.00
0.00
2.10
13.50
0.00
0.00
0.00
0.00
0.00
0.00
0.00
0.00
0.00
0.00
0.00
0.00
0.00
0.00
0.00
0.00
0.00
0.00
0.00
0.00
0.00
0.00
0.00
0.40
0.00
0.00
0.00
0.00
0.00
1.80
0.00
0.00
0.00
0.00
30.70
0.00
7.60
0.00
0.00
27.70
0.00
0.00
0.00
0.00
0.00
0.00
0.00
0.00
0.00
0.00
0.00
0.00
0.00
0.00
0.00
0.00
0.00
0.00
0.00
0.00
0.00
0.00
0.00
0.00
0.00
0.00
1.20
0.00
0.00
0.90
0.00
0.00
0.00
0.00
0.00
0.00
0.00
0.00
0.00
0.00
27.00
28.90
0.00
0.00
0.00
12.50
0.00
0.00
0.00
0.00
0.00
0.00
0.00
0.00
0.00
0.00
0.00
0.00
0.00
8.70
0.00
0.00
0.00
0.00
13.10
6.00
0.00
0.00
0.00
8.20
0.30
0.40
0.00
0.00
0.00
1.70
0.00
0.00
0.00
0.00
0.00
1.60
0.00
0.00
0.00
0.00
0.00
0.00
0.00
9.80
17.70
20.30
8.00
0.00
0.00
0.00
0.00
0.00
0.00
0.00
0.00
0.00
0.00
0.00
0.00
0.00
0.00
0.00
0.00
0.00
0.00
0.00
0.00
13.30
0.00
0.00
2.80
0.00
51.50
18.20
17.50
0.00
0.00
5.20
0.00
0.00
0.00
0.00
0.00
0.00
0.00
0.00
0.00
0.00
0.00
0.00
0.00
0.00
0.00
0.00
0.00
0.00
0.00
0.00
0.00
0.00
0.00
0.00
0.00
0.00
0.00
0.00
0.00
0.00
0.00
0.00
0.00
0.00
0.00
0.00
0.00
0.00
0.00
0.00
0.00
0.00
0.00
9.50
1.90
0.00
0.00
0.00
0.00
0.00
0.00
0.00
0.00
2.60
0.00
0.00
0.00
0.00
0.00
0.00
0.00
0.00
0.00
1.20
0.00
0.00
0.00
0.00
0.00
0.00
0.00
0.00
0.00
0.00
0.00
0.00
6.50
0.00
0.00
0.00
0.00
0.00
0.00
0.00
0.00
6.90
0.40
7.90
0.00
0.00
0.00
0.00
0.00
0.00
0.00
0.00
0.00
0.00
0.00
0.00
0.00
11.20
0.00
33.80
5.60
1.10
0.00
0.00
0.00
0.00
0.00
0.00
3.10
0.00
0.00
0.00
0.00
0.00
0.00
0.00
0.00
0.00
0.00
0.00
0.00
0.00
1.00
0.00
3.40
6.00
0.00
0.00
4.80
62.60
0.40
0.00
4.80
9.00
2.20
9.70
12.50
20.20
8.70
4.30
0.40
7.40
0.80
0.00
0.00
2.40
4.30
0.00
0.00
0.00
0.00
0.00
0.00
0.00
0.00
0.00
0.10
15.06
17.05
1.10
1.30
0.00
1.10
93.60
42.10
13.50
12.40
13.20
0.00
0.00
0.00
0.00
0.00
0.00
0.00
0.00
0.00
0.00
0.50
9.50
0.00
0.30
4.80
0.00
0.00
0.00
0.00
0.00
0.00
0.00
0.00
7.70
42.70
0.00
0.00
29.60
0.00
0.00
0.00
0.00
0.00
0.00
0.00
0.00
0.00
0.00
0.00
0.00
0.00
0.00
0.00
0.00
0.00
0.00
0.00
10.20
1.50
0.00
0.00
0.00
0.00
0.00
0.00
0.00
0.00
0.00
0.00
0.00
0.00
15.20
17.20
6.50
0.00
0.00
0.00
0.00
0.00
0.00
0.00
0.00
0.00
0.00
0.00
0.00
0.00
0.00
0.00
21.80
3.60
4.40
0.00
0.00
0.00
0.00
0.00
0.00
3.20
5.40
13.80
0.00
0.00
0.00
1.50
0.00
0.00
0.20
0.00
4.90
0.00
7.10
0.00
8.70
8.30
11.40
7.90
0.00
0.00
0.00
8.50
13.50
0.00
0.00
0.00
4.50
13.40
1.30
0.00
0.00
0.00
0.00
0.00
11.70
3.60
0.00
0.00
0.10
0.00
0.00
0.00
8.80
0.00
8.30
0.00
0.00
0.00
0.00
0.00
0.00
0.00
0.00
0.00
1.50
0.00
0.00
0.00
0.00
0.00
23.10
38.80
3.60
0.00
0.00
0.00
0.00
0.00
0.00
0.00
0.00
0.00
0.00
4.60
0.00
0.00
0.00
0.00
0.00
0.00
0.00
0.00
0.00
0.00
0.00
0.00
0.00
0.00
0.00
4.30
0.00
0.00
0.00
0.00
0.00
0.00
5.00
4.20
0.00
0.00
0.00
0.00
0.00
15.50
1.50
0.70
2.20
27.20
0.00
0.00
0.00
0.00
0.00
0.00
0.00
0.00
0.00
0.00
0.00
0.00
0.00
1.50
3.70
56.00
4.40
0.00
0.00
0.00
0.00
0.00
0.00
0.00
0.00
0.00
0.00
0.00
0.00
0.00
0.00
0.00
0.00
0.00
0.00
3.00
0.00
0.00
0.00
0.00
0.00
0.00
16.50
0.10
9.00
0.00
0.00
0.00
0.00
0.00
0.00
0.00
0.00
0.00
0.00
5.60
2.50
0.00
0.00
0.00
0.00
0.00
0.00
0.00
0.00
0.00
0.00
0.00
0.00
0.00
0.00
0.00
0.00
0.00
0.00
0.00
0.00
0.00
0.00
0.00
1.60
0.00
0.00
0.00
0.00
5.80
18.70
50.80
1.20
0.00
0.00
0.80
25.50
48.20
0.00
0.00
0.00
0.00
0.00
0.00
0.60
4.40
0.00
0.00
0.00
0.00
0.00
0.00
0.00
9.70
0.00
0.00
0.00
0.00
0.00
0.00
0.00
0.00
0.00
0.00
0.00
0.00
0.20
29.20
0.60
1.50
0.20
0.00
3.50
0.00
0.00
0.00
0.00
0.00
0.00
15.50
0.00
0.00
0.00
0.00
1.30
0.00
0.00
0.10
0.00
1.10
0.00
0.00
0.00
0.00
0.00
0.00
0.00
0.00
0.00
0.20
0.00
0.00
0.00
0.00
0.00
0.00
11.50
0.20
0.00
0.00
0.00
6.80
0.00
0.00
0.00
0.00
4.10
0.10
0.00
2.60
0.00
0.00
0.00
0.00
14.80
4.50
4.50
0.00
0.00
0.00
0.00
0.00
0.00
0.00
0.00
0.00
0.00
0.00
0.00
0.00
0.00
0.00
0.00
0.00
0.00
0.00
1.60
0.00
2.10
0.00
0.00
0.00
0.00
0.00
0.00
0.00
0.00
0.00
41.40
4.70
0.00
0.00
0.00
0.00
0.00
0.00
0.00
27.30
0.00
1.10
0.70
0.00
0.00
0.00
0.00
0.00
0.00
0.00
0.00
0.00
0.00
0.00
0.00
0.00
0.00
0.00
0.00
0.00
0.00
0.00
0.00
4.00
0.00
0.00
0.00
0.00
0.00
0.00
0.00
8.50
10.40
0.00
0.00
0.00
0.00
0.00
0.00
0.00
0.00
0.00
0.00
0.00
0.00
0.00
0.00
0.00
0.00
0.00
0.00
0.00
0.00
0.00
0.20
8.10
17.00
3.10
0.00
0.00
19.60
16.50
13.90
0.10
0.00
0.00
0.00
0.00
0.00
0.00
0.00
0.00
0.00
0.00
0.00
0.00
0.00
16.20
0.00
0.00
0.00
0.00
11.00
52.30
0.00
26.70
0.00
0.00
0.00
0.00
3.50
0.00
0.00
0.00
0.00
0.00
0.00
0.00
0.00
0.00
40.00
32.00
91.40
2.00
1.00
0.00
0.00
2.70
0.00
0.00
1.40
23.40
10.10
6.40
0.00
0.00
6.30
0.70
0.00
0.00
0.00
0.00
0.00
0.00
6.20
0.10
0.00
0.00
0.80
0.00
0.00
16.00
7.00
0.00
0.00
0.00
0.10
3.90
1.80
24.20
0.00
0.00
1.20
0.50
0.00
0.00
2.30
10.00
3.40
80.90
7.30
0.00
0.00
5.00
0.00
1.90
1.30
0.00
0.00
0.00
0.00
0.00
0.00
0.00
0.30
1.80
0.00
0.00
0.00
0.00
0.00
0.00
0.00
0.00
3.10
0.00
0.00
0.00
0.00
0.00
0.00
0.00
0.00
0.00
0.00
0.00
0.00
0.00
0.00
0.00
0.00
0.00
0.00
0.00
1.80
0.10
0.00
0.00
0.00
0.00
0.20
0.30
0.00
0.00
3.20
0.20
0.00
0.00
0.00
0.00
0.00
0.00
0.00
0.00
0.00
0.00
0.00
0.00
0.00
0.00
0.00
0.00
0.00
0.00
19.80
0.00
2.70
1.60
37.50
2.80
0.00
1.70
2.10
8.60
32.80
0.10
0.30
0.30
0.00
0.00
0.00
0.00
0.00
9.50
0.00
0.00
0.00
1.50
0.00
0.00
1.80
0.00
0.00
0.00
0.00
0.00
0.00
0.00
0.00
1.80
0.00
0.00
4.20
0.50
6.00
0.00
60.00
15.00
1.20
3.20
4.50
0.00
0.00
0.00
0.00
5.10
11.50
0.70
1.20
0.00
0.20
0.00
3.20
8.30
49.30
0.00
8.20
0.00
0.00
0.00
8.80
0.00
0.00
0.00
0.00
0.00
3.20
16.40
1.60
1.70
1.40
18.50
2.40
22.50
0.80
0.00
0.90
0.20
0.00
12.70
0.20
0.80
0.00
0.00
0.00
0.00
0.00
0.00
0.00
7.50
94.10
0.00
0.00
0.00
0.00
5.20
0.20
0.50
3.70
2.90
0.70
0.00
0.00
0.00
0.00
0.00
0.00
0.00
0.00
0.00
13.70
9.50
1.20
4.40
1.60
0.00
0.00
0.00
43.00
0.00
0.00
0.00
0.00
0.10
0.00
0.00
0.00
0.00
0.00
0.00
0.00
0.00
0.00
0.00
0.90
3.40
0.00
0.00
0.00
19.00
0.00
3.50
0.00
0.00
0.00
0.00
2.80
0.00
0.00
0.00
0.00
0.00
0.00
0.00
18.00
0.00
0.00
0.00
5.80
0.00
0.00
0.00
0.00
0.00
7.30
0.00
0.00
0.00
0.00
0.00
0.00
0.00
0.00
0.00
0.00
0.00
0.00
0.00
0.00
0.00
0.00
0.00
0.00
0.40
0.00
0.00
0.00
0.00
0.00
0.00
27.60
9.60
0.00
1.70
13.60
0.00
0.00
0.00
0.30
0.00
0.00
0.00
1.20
0.00
1.80
5.50
26.10
0.00
0.00
0.00
0.00
0.00
0.00
0.00
0.00
1.70
0.00
0.00
0.00
0.00
0.00
0.00
0.00
0.00
0.00
0.00
0.00
0.00
0.00
0.00
0.00
0.00
0.00
1.30
0.00
0.00
0.00
0.00
0.00
0.10
0.00
0.00
0.10
0.00
0.00
0.00
12.60
4.70
1.80
0.30
0.00
11.50
0.90
1.30
0.00
0.00
0.00
0.00
0.00
0.00
0.00
0.00
0.00
0.00
0.00
0.00
0.00
0.00
0.00
0.00
0.00
0.00
0.00
0.00
0.00
0.00
0.00
0.00
0.00
0.00
4.70
0.10
0.00
12.03
0.00
0.80
28.00
0.00
11.00
63.70
27.70
13.60
0.10
0.10
0.00
0.00
0.00
0.00
0.10
0.00
0.00
0.00
0.00
0.00
0.00
0.00
0.00
0.00
0.00
0.10
0.00
0.00
0.00
0.00
0.00
0.00
0.00
0.00
0.00
0.00
0.00
0.00
0.00
0.00
0.00
0.00
0.00
0.00
0.00
0.00
0.00
1.30
0.00
0.00
0.00
0.00
0.00
0.00
0.00
0.00
0.00
0.00
0.00
0.00
0.00
0.00
0.00
0.00
0.00
0.00
9.70
19.80
20.30
1.50
0.00
0.00
0.00
5.80
1.00
0.00
0.00
0.00
0.00
0.00
0.10
0.90
0.00
0.00
0.20
1.00
0.00
0.10
1.70
0.00
0.10
3.40
0.30
0.00
0.00
0.00
0.00
0.00
0.00
3.20
0.00
0.00
0.00
0.00
0.00
0.00
0.00
0.00
0.00
0.00
0.00
2.20
0.00
0.00
0.00
0.00
0.00
16.60
1.00
0.00
0.00
0.30
2.50
0.00
0.00
0.00
0.00
3.70
0.00
0.00
0.00
0.00
0.00
0.00
5.20
1.80
0.00
0.10
0.00
0.00
0.00
0.00
0.00
2.10
0.00
0.00
0.00
0.00
0.00
0.00
0.00
0.40
0.00
3.40
1.60
0.00
0.00
0.00
1.50
1.30
0.10
0.30
2.40
0.00
0.10
29.50
14.00
0.10
0.00
0.00
0.00
1.00
0.00
0.00
0.00
0.00
0.00
0.00
0.00
0.00
0.00
0.00
0.00
0.00
0.00
0.00
11.50
0.00
0.00
0.00
0.00
5.10
0.00
0.10
13.60
0.00
0.00
0.00
0.00
0.00
0.00
15.50
0.00
0.00
0.00
0.00
0.00
0.00
0.60
0.00
0.00
0.00
0.00
0.00
3.10
0.00
0.00
0.00
25.90
21.10
2.12
0.00
1.60
0.00
0.00
0.00
0.00
0.00
0.00
0.00
0.00
0.00
0.00
0.00
0.00
0.00
0.00
0.00
0.00
0.00
0.00
0.00
20.50
0.00
0.00
0.00
0.00
0.00
0.00
0.00
1.40
0.10
39.50
0.00
0.00
0.00
0.00
0.00
0.00
5.20
0.00
25.20
0.00
0.00
0.00
0.00
0.00
0.00
16.40
0.00
0.00
0.00
0.00
0.00
0.00
0.00
0.00
30.20
0.10
92.00
9.20
0.00
0.00
0.00
0.00
18.00
0.00
0.00
4.20
0.70
0.00
0.00
0.00
0.00
0.00
0.00
0.00
28.70
0.00
0.00
0.00
0.10
0.00
0.10
1.20
0.10
0.00
0.10
0.10
0.00
0.00
0.00
1.50
1.70
37.50
24.50
19.70
19.20
0.00
1.80
22.30
0.00
0.00
0.00
0.00
0.00
0.00
0.00
0.00
0.00
0.00
0.00
0.00
0.00
0.00
0.00
0.00
0.00
0.00
0.00
0.00
1.00
12.00
0.00
0.00
5.70
11.00
31.50
0.40
0.00
0.00
0.00
0.00
0.00
0.00
0.00
0.00
0.00
0.00
0.00
0.00
0.00
0.00
0.00
0.20
6.80
0.00
0.00
0.00
0.00
0.00
0.00
0.00
0.00
0.00
0.00
0.00
0.00
0.00
0.00
0.00
0.00
0.00
0.00
0.00
0.00
0.00
0.00
0.00
0.00
0.00
0.00
0.00
0.00
0.00
0.00
0.00
0.00
0.00
0.60
2.40
43.20
4.80
0.80
0.00
0.00
0.00
0.00
0.00
0.50
0.00
0.00
0.00
0.00
0.00
0.00
0.00
0.00
0.00
0.00
0.00
22.50
65.30
32.50
19.30
0.10
0.10
0.00
0.00
0.00
0.00
0.00
0.00
0.00
0.00
0.00
0.00
0.00
0.00
0.00
0.00
0.00
0.00
0.00
7.30
0.00
0.00
0.00
0.00
0.00
0.00
3.90
0.00
0.00
3.20
0.00
0.00
0.00
0.00
0.00
0.00
0.00
0.00
0.00
0.00
0.00
0.00
0.00
0.00
0.00
0.00
3.50
0.40
0.00
0.00
5.80
0.00
0.00
0.00
0.00
0.00
0.00
0.00
0.00
0.00
0.00
0.00
0.00
0.00
0.00
11.90
1.50
0.00
0.00
0.00
0.00
0.00
0.00
0.00
0.00
0.00
1.80
0.00
0.00
3.80
0.00
0.00
0.00
0.00
0.00
0.00
1.10
0.90
0.00
0.00
0.00
0.00
0.00
0.00
0.00
0.00
0.00
0.00
0.00
0.00
0.00
0.10
0.80
0.00
0.00
0.00
0.00
0.00
0.00
0.00
0.00
0.00
7.90
0.00
0.00
0.00
0.00
0.00
0.00
12.90
0.10
0.00
0.00
0.00
0.00
0.10
0.00
0.00
0.00
0.00
0.00
0.00
0.00
0.00
0.00
0.90
0.00
0.00
0.00
0.00
0.00
0.00
0.00
0.00
0.00
0.00
0.00
0.00
0.00
0.00
6.00
0.00
0.00
0.00
0.00
0.30
0.00
0.00
17.30
0.00
0.00
0.00
3.10
1.10
1.50
3.50
0.00
0.00
7.00
0.00
0.00
0.00
0.00
0.00
0.00
12.40
0.00
0.00
0.30
0.00
0.00
0.00
0.00
0.00
58.10
0.40
0.00
0.00
0.00
0.00
0.00
15.80
0.00
30.90
0.00
7.80
18.00
2.10
0.00
0.00
0.00
0.00
0.00
0.00
12.80
0.00
18.40
0.00
0.00
0.00
0.00
0.00
0.00
0.00
0.00
0.00
0.00
0.00
0.00
0.00
2.00
0.00
0.00
0.00
40.00
41.00
12.20
1.20
0.10
0.00
0.00
0.00
0.00
0.00
0.20
12.40
1.80
0.10
0.00
0.00
0.00
0.00
0.00
0.00
0.00
0.00
3.50
0.00
0.00
0.00
0.00
0.00
0.00
8.50
4.80
0.00
0.00
0.00
0.00
0.00
32.50
0.00
0.00
0.00
0.00
0.00
0.00
0.00
0.00
0.00
0.00
0.00
0.00
0.00
0.00
0.00
0.00
0.00
0.00
0.00
0.00
0.00
0.00
0.00
0.00
0.00
0.00
0.00
0.00
13.00
0.40
0.00
0.10
0.00
0.00
0.00
0.00
0.00
0.00
0.00
0.00
0.00
1.00
0.00
0.50
0.40
0.00
0.00
1.20
7.50
0.10
2.20
0.00
0.00
0.00
0.20
0.00
0.10
15.20
0.10
0.00
0.00
0.00
0.10
0.00
0.90
0.00
0.00
0.00
0.00
0.10
0.20
0.10
0.00
0.00
0.00
0.00
0.00
0.00
0.10
0.00
0.00
0.00
0.10
0.00
0.00
0.00
0.00
0.00
0.00
0.00
0.00
0.00
0.00
0.00
0.00
5.60
0.00
0.00
0.00
0.00
0.00
0.00
0.00
2.40
3.30
0.00
0.00
0.00
0.00
10.80
0.00
0.00
13.00
0.00
0.00
0.00
1.70
0.10
0.00
0.00
0.00
14.50
0.70
0.00
0.00
0.50
0.00
0.00
0.00
7.60
0.10
0.00
0.00
0.00
0.00
0.00
0.00
0.00
0.00
8.50
0.00
0.00
0.00
0.00
0.00
0.00
0.00
0.00
0.00
0.00
0.00
0.00
0.00
0.00
0.00
0.00
0.60
0.00
0.80
0.30
8.00
0.50
1.60
3.90
1.20
57.10
0.00
10.00
3.20
0.00
0.00
0.00
4.60
3.00
0.10
16.70
19.90
10.10
0.00
0.00
0.00
0.00
0.00
0.00
0.00
0.00
0.00
0.00
0.00
0.00
0.40
0.40
0.00
2.60
25.50
0.00
1.00
0.40
5.10
0.00
0.00
0.00
0.00
0.00
0.00
0.00
2.10
5.70
0.00
0.00
0.00
0.00
0.20
0.10
5.30
0.00
0.00
0.00
0.00
22.10
5.90
0.00
0.00
0.00
0.10
1.20
0.00
0.00
6.70
1.10
0.20
0.00
0.00
0.00
0.00
0.00
0.00
0.00
2.00
0.00
0.00
0.10
0.80
0.00
0.00
0.00
0.00
0.00
0.00
0.00
0.00
0.00
0.00
0.10
0.00
0.40
3.30
0.00
0.00
0.00
0.00
0.00
0.00
0.00
0.00
7.30
0.00
0.00
0.00
0.00
0.00
0.00
0.00
0.00
0.00
0.10
0.00
0.00
0.00
0.00
0.00
0.00
0.00
17.40
0.90
0.00
0.00
0.00
0.00
0.00
0.10
35.40
5.20
1.80
0.00
0.00
0.00
18.80
0.00
0.00
0.00
0.40
0.00
0.00
16.20
0.00
10.80
30.00
0.10
0.20
0.00
0.00
0.00
0.00
0.00
45.50
0.00
0.00
0.00
28.10
0.00
0.00
0.00
0.00
0.00
0.00
0.00
0.00
0.00
1.50
0.00
0.00
0.00
0.00
1.70
0.00
0.00
0.00
5.50
0.00
6.00
0.10
0.00
0.00
0.00
0.00
0.00
0.00
0.00
0.00
19.50
0.30
0.00
8.70
29.90
0.80
16.80
0.00
0.10
0.00
0.00
0.00
0.10
0.60
0.00
0.00
0.00
0.00
0.00
0.00
0.00
0.00
0.10
0.00
0.00
0.00
0.00
0.10
0.00
0.00
0.00
0.00
0.00
0.00
0.00
0.00
0.00
0.00
0.00
0.00
0.00
0.00
0.00
0.00
0.00
0.00
0.00
2.50
0.00
0.00
0.00
0.00
0.00
0.00
0.00
0.00
0.00
0.00
0.00
0.00
0.00
0.00
0.00
0.00
0.00
0.00
0.00
0.00
0.00
0.00
0.00
0.00
2.40
0.00
0.00
0.00
0.00
2.10
2.90
7.90
0.50
0.10
0.10
0.00
0.00
0.00
0.00
0.00
0.00
0.00
0.40
10.20
0.00
0.00
0.00
0.00
0.00
0.00
0.00
1.20
0.20
0.00
0.00
0.00
0.50
0.00
0.00
0.00
0.00
0.10
0.00
0.00
0.00
0.00
0.00
0.00
0.00
0.00
6.00
0.00
0.00
0.00
12.30
0.00
0.10
0.00
0.00
0.00
0.00
0.00
0.00
0.00
0.00
1.00
0.00
0.00
0.00
0.60
0.00
0.30
0.00
0.00
0.00
1.90
1.70
0.00
0.00
0.00
1.10
0.10
0.00
0.00
0.00
0.00
0.00
0.00
0.00
5.30
0.00
0.00
0.00
0.00
0.00
0.00
0.00
0.00
0.50
5.60
0.90
0.00
17.60
3.60
0.00
0.00
2.90
0.00
0.00
0.00
9.30
17.40
0.00
0.00
0.00
0.00
0.00
0.00
0.00
0.10
0.30
1.70
22.70
1.40
0.10
0.20
0.00
0.00
6.30
4.50
0.00
2.10
0.10
0.00
19.40
0.00
0.00
0.00
0.00
2.80
0.00
0.00
0.00
0.00
0.00
0.00
0.00
0.00
0.00
0.00
22.00
58.50
17.50
0.40
4.00
0.00
8.40
1.20
9.20
0.00
2.80
0.00
0.10
13.60
0.00
0.00
27.00
0.70
10.30
0.00
0.00
1.40
0.60
4.90
15.10
3.30
0.30
47.80
3.50
6.80
0.10
0.00
2.90
22.80
5.10
29.10
1.10
0.00
3.30
6.50
0.00
0.00
0.00
0.00
0.00
0.00
0.00
0.00
20.00
0.00
0.00
0.00
0.10
1.50
0.00
0.80
0.00
0.00
5.50
1.20
0.00
0.00
0.00
0.60
47.00
15.70
0.10
0.00
0.00
0.00
0.00
0.00
0.20
0.70
0.00
0.00
0.00
0.00
0.00
0.00
5.90
0.00
0.00
0.00
0.10
0.00
0.00
0.00
0.20
0.10
0.00
0.00
0.00
0.00
0.00
0.00
0.00
0.90
0.20
0.00
0.10
0.00
0.00
0.00
0.00
28.00
0.00
0.00
0.00
0.00
0.00
0.00
0.00
0.00
0.00
0.00
0.00
0.00
0.00
0.00
5.50
0.10
0.00
0.00
0.00
28.10
1.70
0.00
0.00
0.00
0.00
0.00
0.00
5.00
0.60
0.00
0.00
3.60
1.40
0.90
0.00
0.00
0.00
0.00
0.00
0.00
0.00
3.80
0.10
0.00
0.00
0.00
6.70
0.00
0.00
0.00
1.10
1.20
0.00
0.00
15.30
1.40
7.10
0.10
0.00
0.00
0.00
2.30
0.30
0.20
1.03
0.00
12.90
12.30
0.00
4.50
8.00
48.30
0.00
0.00
0.00
0.00
0.00
0.00
0.00
0.00
0.00
11.70
0.00
0.00
0.00
0.00
0.00
0.00
0.00
0.00
0.00
0.00
0.00
0.90
0.30
0.40
1.50
0.50
0.90
0.00
0.00
0.00
0.00
0.00
0.00
0.00
0.00
0.00
6.20
8.60
0.00
0.30
2.10
5.70
0.80
3.00
0.00
0.00
0.00
0.00
0.00
0.00
0.10
0.00
0.00
38.50
60.20
9.40
3.40
0.30
0.90
0.00
0.00
0.00
0.00
0.00
2.90
3.10
0.00
3.00
11.30
0.00
0.10
0.00
0.00
0.00
0.00
0.00
0.00
0.80
0.00
0.10
0.30
0.40
0.00
0.00
0.10
13.20
0.00
0.00
0.00
16.70
6.60
3.30
17.50
0.00
0.00
0.60
0.00
0.00
0.00
0.80
0.10
0.10
0.00
0.00
0.00
0.00
0.00
0.00
0.00
0.00
0.00
0.00
0.00
0.00
0.00
0.00
0.00
0.00
0.80
4.70
0.90
3.70
0.10
0.00
0.00
0.00
0.00
0.00
0.00
0.00
0.00
0.00
0.00
0.00
0.00
0.00
0.00
0.00
0.00
0.00
0.00
0.00
0.00
0.00
0.00
16.40
6.70
1.20
27.60
6.20
9.50
0.00
0.00
0.00
0.00
13.80
6.50
0.00
1.40
13.50
7.10
0.10
0.00
0.60
1.90
0.60
0.80
6.70
0.60
0.20
0.00
0.00
0.00
0.00
4.80
0.40
0.40
0.10
23.50
5.80
0.00
0.00
0.50
8.10
0.00
0.00
0.00
0.00
0.00
0.00
0.10
0.20
20.30
1.00
0.00
0.00
0.00
0.00
0.00
0.00
0.00
0.00
0.00
0.00
0.00
0.00
0.00
0.00
0.00
14.10
3.90
0.10
0.00
0.00
9.00
0.30
0.00
0.00
0.00
0.00
0.00
0.00
0.00
0.00
0.00
0.00
0.00
0.00
80.00
9.50
0.00
0.00
0.00
4.00
0.40
0.40
0.00
0.20
0.00
5.00
5.60
0.00
0.00
4.00
33.70
14.70
9.20
1.20
0.00
0.00
0.00
0.00
0.00
0.00
1.60
0.00
0.00
0.00
0.00
0.00
1.80
0.00
0.00
0.00
0.00
0.00
0.00
0.00
0.00
10.10
0.00
0.00
0.00
0.00
0.00
0.00
0.00
10.60
4.00
2.40
0.30
0.00
0.00
0.00
0.00
0.00
0.00
0.00
0.00
0.00
0.00
0.00
4.90
0.00
0.00
0.10
17.50
0.00
0.00
0.00
0.00
0.00
0.00
0.00
0.00
3.90
0.00
0.00
0.00
0.00
0.00
0.00
0.00
2.20
5.40
25.70
7.80
0.00
0.00
19.90
0.00
21.80
0.20
0.00
0.00
0.00
0.00
0.00
0.00
0.00
0.00
0.10
1.20
0.00
0.00
0.00
0.00
0.00
0.00
0.10
0.00
10.40
0.00
0.00
0.00
0.00
0.00
0.00
0.00
0.00
0.00
4.40
30.90
8.50
0.10
0.00
0.30
0.00
0.10
0.00
0.00
0.00
0.00
0.00
2.90
0.00
0.00
7.20
0.00
2.30
0.00
0.00
0.00
0.00
0.00
0.00
0.00
0.00
0.00
0.00
0.00
0.00
0.00
0.00
0.50
0.00
0.00
0.00
0.00
0.00
0.00
2.00
0.00
0.00
0.40
0.00
0.00
0.00
0.00
0.00
0.00
0.00
0.00
0.00
0.00
0.00
0.00
0.00
0.00
0.00
0.00
0.00
0.00
7.20
12.20
5.20
12.90
0.00
2.70
0.00
0.00
0.00
0.00
0.00
0.00
0.00
0.00
0.30
9.00
0.00
6.90
0.00
0.00
0.00
0.00
1.90
0.70
4.70
0.00
0.00
0.00
0.00
0.30
3.90
0.00
0.00
0.00
1.00
0.40
0.00
0.00
0.00
0.00
0.00
0.50
1.60
0.00
12.80
7.50
0.40
0.00
0.00
9.80
13.50
0.00
0.10
0.00
0.00
0.00
1.50
6.10
0.80
2.90
19.50
0.00
0.20
0.00
0.00
0.00
0.00
0.00
0.00
0.00
0.00
0.10
15.50
0.80
0.10
0.00
3.80
5.30
25.00
0.00
0.00
0.00
0.00
0.00
0.00
0.00
0.00
0.00
0.00
0.00
5.70
7.80
0.00
0.00
0.00
0.20
0.00
0.00
0.20
1.00
0.00
0.10
0.00
0.00
13.20
0.00
0.00
1.50
0.00
0.00
0.00
0.00
14.90
0.00
0.10
1.10
0.10
0.00
0.00
7.60
0.00
0.00
0.00
0.30
0.30
0.00
17.80
0.10
0.00
10.50
0.00
24.00
10.40
42.40
34.70
5.80
1.10
2.10
1.60
1.10
0.00
0.00
7.60
11.80
5.60
0.00
0.00
0.00
0.00
0.00
0.00
0.00
2.90
0.00
0.00
0.00
0.00
0.00
12.20
0.20
0.00
0.00
0.00
0.00
0.00
0.00
0.00
0.50
0.00
0.00
8.30
10.00
3.10
0.00
8.90
6.00
5.80
0.00
1.60
5.10
22.20
0.10
0.00
0.00
0.00
0.00
0.00
0.00
5.30
0.00
4.50
10.70
0.00
0.00
0.00
39.10
0.00
0.00
0.00
0.00
0.00
0.00
0.00
0.00
0.00
0.00
0.00
0.00
0.00
0.00
0.00
0.00
0.00
0.00
0.00
0.00
0.00
0.00
0.00
0.20
0.90
3.10
0.00
0.10
54.80
0.00
0.00
12.70
1.10
0.00
0.00
4.20
11.40
0.00
29.50
0.10
4.50
0.00
0.00
0.00
0.00
21.60
2.60
0.00
0.00
0.00
0.00
0.00
0.00
0.00
0.00
0.00
0.00
0.00
0.00
0.00
0.00
0.00
0.00
0.00
30.40
0.10
0.00
0.00
0.00
8.90
0.00
0.00
0.00
0.00
37.20
5.60
0.00
0.10
2.70
0.00
0.00
9.00
0.00
0.00
0.00
0.00
0.00
0.00
0.00
0.00
0.00
1.20
0.00
0.00
0.00
0.00
0.90
34.40
53.70
24.10
1.80
0.00
0.00
0.00
0.00
0.00
0.00
0.00
9.40
0.00
0.00
0.00
0.00
0.00
0.00
0.00
0.00
0.20
2.70
0.00
0.00
0.00
0.00
0.00
0.00
1.10
0.00
0.00
0.00
0.00
0.00
0.00
0.00
1.10
0.00
0.80
2.60
0.00
2.10
0.00
0.00
0.00
0.00
0.00
0.00
0.00
0.40
6.90
0.00
0.00
0.10
0.00
0.00
0.00
0.00
0.00
0.00
0.00
0.00
0.00
0.00
0.00
0.00
0.00
0.00
0.20
0.00
0.00
4.80
14.10
8.90
0.00
0.10
0.10
0.00
0.10
0.00
0.30
0.20
0.00
0.00
0.00
0.00
0.00
0.00
0.00
0.00
0.70
0.00
0.00
0.00
0.00
0.00
0.00
0.00
0.00
0.00
0.00
0.00
0.00
0.00
0.00
0.00
0.00
0.00
2.00
11.10
1.00
5.20
5.90
0.00
0.20
0.00
0.00
0.00
0.00
0.00
0.00
0.00
0.00
0.00
0.00
0.00
4.10
0.00
0.00
7.30
0.10
0.00
1.00
0.00
0.00
0.00
0.00
0.00
0.00
0.00
0.00
0.00
2.30
7.30
2.40
0.30
0.00
0.00
1.50
0.00
0.00
0.00
57.80
1.80
0.00
0.00
7.30
0.00
0.00
0.00
0.00
3.70
0.10
0.00
0.00
0.00
0.00
1.50
3.50
17.70
0.00
0.00
0.00
0.00
0.00
0.00
0.00
0.00
0.00
0.00
0.00
0.00
0.00
0.00
0.00
0.00
1.20
0.00
0.00
0.00
0.00
0.00
0.60
5.00
15.00
0.00
0.50
2.00
18.30
14.80
0.00
0.00
0.00
0.00
15.00
0.00
0.00
0.00
5.20
0.00
0.00
0.00
0.00
19.00
0.00
38.30
0.30
0.00
0.00
0.00
0.00
0.00
0.00
0.00
0.00
0.00
0.00
0.00
0.00
0.00
0.00
0.20
13.50
0.50
0.00
8.10
50.40
1.80
0.00
3.20
12.50
0.00
19.10
0.00
2.00
4.00
0.00
0.00
0.00
0.00
0.00
0.00
0.00
0.00
0.00
0.00
0.00
0.00
0.00
0.00
0.00
0.00
0.00
0.00
0.00
1.00
0.00
0.00
0.00
0.00
0.00
0.00
0.00
0.00
37.50
0.70
13.50
0.00
0.00
0.00
0.00
0.00
0.00
0.00
0.00
0.00
0.00
0.00
80.10
13.00
0.00
1.20
35.70
0.50
0.00
0.00
0.00
0.40
0.00
0.00
0.30
0.00
0.00
0.00
0.00
0.00
0.00
1.90
0.00
0.00
0.00
0.00
0.00
0.00
0.00
0.00
0.00
0.00
0.00
0.00
0.00
0.00
0.00
0.00
0.00
0.00
0.00
0.00
12.50
1.00
0.00
0.00
0.00
0.00
0.00
0.00
0.00
0.00
0.00
0.00
0.00
0.00
0.00
0.00
0.00
0.00
0.00
0.00
7.50
0.00
0.00
0.00
0.00
0.00
0.00
0.00
0.00
0.00
0.00
0.00
0.00
0.00
0.00
0.00
0.00
0.00
0.00
0.00
0.00
0.00
0.00
0.00
0.00
3.80
0.00
0.00
0.00
0.00
14.70
0.00
0.00
18.50
17.50
0.40
0.00
0.00
1.20
4.50
42.30
33.00
9.50
29.80
0.00
0.00
0.00
0.00
0.00
0.00
0.00
1.30
65.80
2.00
0.00
0.00
6.50
6.90
37.00
21.90
0.00
0.00
0.00
0.00
0.00
0.00
0.00
0.00
0.00
0.00
0.00
0.10
0.00
0.00
0.00
0.00
0.00
0.00
0.00
0.00
0.00
0.00
0.00
0.00
0.00
0.00
0.00
0.00
0.00
0.00
0.00
0.00
0.00
0.00
0.00
0.00
0.00
0.00
0.00
0.00
0.00
0.00
0.00
0.00
0.00
0.00
0.00
0.00
0.00
0.00
0.00
0.00
0.00
0.00
4.80
2.90
0.00
0.00
0.00
0.00
0.00
0.00
0.00
0.00
0.00
0.00
4.10
0.00
0.00
0.00
0.90
3.90
0.00
0.00
0.00
0.10
0.00
0.00
0.00
0.00
0.00
0.00
0.00
0.00
0.00
0.00
0.00
0.00
0.00
0.00
0.00
0.00
0.00
0.00
0.00
0.00
0.00
0.00
0.00
0.00
0.00
0.40
0.00
0.00
0.00
0.00
0.00
0.00
0.00
0.00
0.00
0.00
0.00
0.00
0.00
0.00
0.00
0.80
3.60
15.60
19.80
0.00
0.00
0.00
0.00
0.00
0.00
0.00
0.00
0.00
0.00
0.00
5.30
28.20
2.40
1.10
4.30
0.10
0.00
0.10
0.00
7.80
2.50
7.40
0.80
0.00
0.00
1.70
2.10
0.00
0.70
0.00
0.00
0.00
0.00
0.00
0.00
6.50
0.10
10.00
0.00
0.00
0.00
2.20
0.00
14.20
0.00
0.00
0.00
0.00
0.00
0.40
4.40
3.40
0.10
0.00
0.00
0.80
0.00
13.70
1.00
0.00
0.00
0.00
0.00
0.00
0.00
17.70
0.00
0.90
0.00
0.00
0.00
10.80
0.00
0.00
0.00
0.00
0.00
0.00
0.70
0.10
1.10
0.00
0.00
0.00
0.00
0.00
0.00
0.00
0.80
0.00
0.00
0.00
0.00
0.00
0.00
0.00
0.00
0.00
0.00
2.70
0.00
0.00
0.00
1.90
0.00
0.00
0.00
0.00
0.00
0.00
0.00
0.00
0.00
0.00
0.00
0.00
0.00
0.00
0.00
1.10
0.70
0.00
0.00
0.00
0.00
0.90
0.00
0.00
0.00
0.00
0.00
0.00
0.00
0.00
0.00
21.60
0.00
0.00
0.00
0.00
0.00
0.00
0.00
0.00
0.00
0.00
0.00
0.00
0.00
0.00
0.00
0.00
0.00
0.00
0.00
0.00
0.00
0.00
0.20
24.20
0.00
0.00
0.00
0.00
0.00
0.00
0.00
0.00
5.70
13.20
0.10
0.00
15.40
0.10
0.00
0.00
0.00
0.00
18.70
0.40
0.00
0.00
0.00
0.00
0.00
0.00
0.70
0.00
2.00
84.80
0.40
0.00
0.00
0.00
0.00
0.00
0.00
0.00
0.00
0.00
0.30
2.80
14.60
0.00
7.30
0.00
0.00
0.00
0.00
0.90
10.70
44.00
6.20
0.00
0.00
6.40
10.60
7.40
0.00
0.00
6.40
27.10
0.20
0.00
0.00
0.40
0.00
0.00
0.00
0.00
1.40
0.80
1.60
0.00
0.00
0.00
0.00
0.00
0.00
6.00
0.00
0.00
0.00
0.00
0.00
0.00
0.00
1.70
13.70
1.50
0.00
0.10
0.10
0.00
0.00
0.00
0.00
0.00
0.00
0.00
0.00
0.00
0.00
0.00
0.00
0.00
0.00
0.00
0.00
0.00
0.00
0.00
0.00
0.00
0.00
0.00
0.00
0.00
0.00
0.00
0.00
0.00
0.00
4.20
0.00
0.00
0.00
0.00
0.00
0.00
0.00
0.00
0.00
0.00
3.60
1.00
0.00
0.10
0.00
0.00
0.40
5.40
0.10
1.80
0.10
0.30
0.00
0.00
0.00
0.50
2.10
0.00
0.00
0.00
0.00
0.00
0.00
0.00
0.00
0.00
0.00
0.00
0.00
0.00
0.00
0.00
0.00
0.00
0.00
0.30
0.00
0.00
0.00
0.00
0.10
6.00
1.40
0.00
0.30
0.20
0.80
17.20
7.70
0.00
0.00
8.20
49.30
25.30
0.00
0.00
0.00
0.00
0.00
2.20
5.60
0.10
0.00
0.30
4.90
1.60
0.00
3.00
0.00
0.00
0.40
2.10
0.00
10.60
1.20
0.10
0.10
0.60
0.00
24.80
13.60
0.00
13.60
10.00
3.60
0.00
0.10
0.00
0.00
0.00
0.00
0.00
0.00
0.00
0.00
0.00
0.00
2.00
0.00
0.00
0.00
0.00
0.00
15.90
0.90
23.90
3.80
19.00
1.00
0.00
0.00
0.00
13.50
0.60
0.00
0.00
0.30
0.30
0.00
0.00
0.00
0.00
1.70
19.50
2.90
2.30
11.20
9.60
0.50
0.00
0.00
0.00
0.30
0.50
0.00
0.80
1.00
2.50
0.00
0.00
0.00
0.00
0.00
22.00
0.00
0.00
0.00
9.00
0.10
0.00
0.00
0.00
0.00
0.00
0.00
0.00
0.00
1.60
0.50
0.00
33.30
0.00
0.00
0.00
0.00
0.00
2.60
0.00
0.00
0.00
0.00
0.00
0.00
0.00
0.00
0.00
0.00
0.00
0.00
7.10
3.20
0.20
0.00
17.20
0.00
0.00
11.90
19.10
0.80
7.40
2.40
0.10
8.50
0.10
0.00
0.00
0.00
0.60
5.90
0.00
0.00
0.00
0.00
0.00
0.00
0.00
0.00
0.00
0.40
0.00
0.00
0.00
0.00
51.30
0.00
0.00
0.20
7.80
5.90
8.80
0.00
0.00
0.00
0.00
19.60
0.00
11.20
1.30
16.60
0.00
0.00
0.00
0.00
0.00
0.00
0.00
0.00
0.00
13.70
0.00
0.00
2.50
3.40
0.20
0.00
0.00
0.30
0.00
0.00
0.00
0.00
0.00
0.00
0.00
0.00
0.00
0.00
0.00
0.00
0.00
0.00
0.00
0.00
0.00
0.10
3.30
0.20
0.80
0.10
0.50
0.00
0.00
0.80
0.10
0.00
0.00
0.00
0.00
0.00
0.00
0.00
0.00
0.00
0.00
0.00
0.00
0.00
0.00
0.00
0.00
0.00
0.00
0.00
0.00
0.00
0.00
0.00
0.00
0.00
0.00
0.00
0.00
0.00
0.00
0.00
0.00
0.00
0.00
6.00
57.80
53.00
7.70
0.00
0.00
0.00
0.00
0.00
0.00
0.00
0.00
0.10
0.00
0.40
0.00
0.00
0.00
0.00
0.00
0.00
0.00
0.00
0.00
0.00
0.00
0.00
0.00
0.00
0.00
0.00
0.00
0.00
11.50
0.90
0.10
0.00
0.00
0.00
0.10
0.00
0.00
0.00
0.00
0.00
0.00
0.00
0.00
0.00
9.90
0.10
0.00
0.00
0.00
0.00
0.00
0.00
0.00
0.90
0.00
0.00
0.30
0.00
16.10
2.50
0.00
0.00
2.60
0.00
0.00
0.00
0.00
0.20
0.10
1.90
2.00
0.00
7.10
0.00
0.00
0.00
2.40
0.00
0.00
0.00
5.90
1.10
0.10
0.00
0.00
0.00
0.00
9.00
0.00
0.00
0.00
0.00
0.00
0.00
0.00
0.00
0.00
0.10
0.00
0.80
0.00
0.00
0.30
1.10
0.00
0.00
0.00
0.00
0.00
0.00
0.00
0.00
0.00
0.00
0.00
0.00
0.00
0.00
0.00
0.00
0.00
4.20
0.00
0.00
6.30
0.10
0.00
0.00
0.00
5.50
0.00
0.00
0.10
27.30
4.70
0.00
0.00
0.00
0.00
0.00
0.00
5.60
0.00
0.00
0.00
0.00
0.00
0.00
0.00
0.00
4.50
3.60
6.20
0.00
0.10
2.30
0.50
0.20
0.20
0.00
0.00
2.80
0.00
0.00
0.00
0.00
0.00
0.00
0.00
0.00
0.00
2.50
0.20
6.10
0.00
0.00
0.00
0.00
0.00
0.00
2.50
0.50
0.00
0.40
0.00
0.80
18.70
0.00
14.20
3.90
10.80
0.00
0.00
0.00
0.00
0.30
0.20
0.00
0.00
0.00
0.00
0.00
0.00
0.00
0.00
22.40
3.80
0.00
8.80
17.70
0.00
0.00
0.00
0.00
0.00
0.40
0.00
5.00
0.00
0.00
19.00
0.00
0.10
0.00
0.20
0.00
0.00
0.00
22.20
0.00
4.60
0.10
0.00
0.00
0.00
0.00
0.00
1.50
0.00
0.00
0.00
1.50
0.00
0.00
0.00
0.00
10.30
2.50
0.00
27.40
1.20
0.00
0.00
3.50
11.70
0.10
0.50
8.60
3.10
0.00
0.00
0.00
0.00
0.00
0.00
0.00
0.00
0.90
0.30
0.00
0.00
0.00
10.70
15.10
89.00
1.70
0.00
0.00
0.00
0.00
0.00
0.80
1.60
0.00
0.00
0.00
0.00
0.90
47.90
7.60
0.00
0.00
12.90
0.00
5.50
0.10
0.00
10.30
0.00
0.10
1.60
0.00
0.00
0.00
0.00
1.00
6.80
2.30
0.00
0.00
0.00
54.40
0.60
0.00
0.00
0.20
0.00
2.30
6.80
0.00
0.00
0.00
0.00
0.00
0.00
10.90
0.00
0.00
0.00
0.00
0.00
0.00
0.00
0.00
0.00
0.00
0.00
0.00
0.00
0.00
0.00
0.00
0.00
0.00
0.00
0.00
0.00
3.60
11.10
0.10
0.00
0.00
0.00
0.00
0.10
1.80
0.00
0.00
4.70
0.10
0.00
0.00
0.00
0.00
0.00
0.00
0.00
0.00
2.20
1.00
10.80
1.00
14.80
77.40
66.10
0.10
0.00
0.30
5.00
0.00
0.00
0.10
0.00
0.00
0.00
0.00
0.00
0.00
4.80
19.70
0.30
0.10
0.00
0.00
0.00
0.00
0.00
0.00
0.00
0.00
0.00
0.00
0.10
0.00
0.00
0.00
0.00
0.00
0.00
0.00
0.00
0.00
0.00
0.00
0.00
0.00
0.00
0.00
0.00
0.00
0.00
1.90
0.00
0.20
9.20
0.00
0.00
0.00
0.00
0.10
0.00
0.00
0.00
0.00
0.00
0.00
3.20
3.80
0.00
3.10
0.30
0.20
0.00
0.00
0.00
0.00
0.00
0.00
0.00
0.00
0.00
0.90
0.00
0.00
0.00
0.00
0.00
0.20
0.00
11.50
0.10
0.00
0.20
0.00
0.00
0.00
0.00
0.00
17.00
0.00
0.00
0.00
0.00
0.00
0.00
0.00
0.00
5.30
8.30
4.50
0.50
0.60
0.00
0.00
0.10
57.00
0.00
1.20
1.20
6.90
0.00
0.00
0.00
0.00
0.00
0.00
0.00
0.00
0.00
0.00
0.00
0.00
0.00
0.00
0.00
0.00
0.00
0.00
0.00
0.00
0.00
7.40
4.50
0.00
15.70
0.10
0.00
0.00
0.00
0.00
0.10
0.70
0.00
0.00
10.60
0.00
0.00
0.00
0.00
0.00
0.00
0.00
0.00
0.00
0.00
0.00
0.00
0.00
0.00
0.00
0.00
0.00
0.00
0.00
17.80
8.40
0.10
0.00
0.00
0.00
0.10
0.00
0.00
0.00
0.00
1.40
0.00
7.50
0.00
0.00
0.00
0.00
0.00
0.00
0.20
6.30
0.00
1.80
0.00
3.30
0.00
9.10
17.50
0.10
0.00
0.00
0.00
8.60
0.10
2.30
0.00
0.00
0.00
0.00
0.00
0.00
0.00
0.00
0.00
0.00
0.00
0.00
0.00
0.00
0.00
0.00
0.00
0.00
0.00
0.00
0.00
0.00
0.00
0.00
0.00
4.30
8.90
0.00
9.80
0.00
8.60
0.00
0.00
0.00
0.00
5.70
7.00
11.10
17.90
0.00
0.00
0.00
0.00
0.00
0.00
2.80
0.00
0.00
0.00
0.00
1.50
6.40
4.50
0.00
4.50
14.70
0.10
0.00
0.30
0.00
0.10
0.00
0.00
0.00
0.00
0.00
0.00
0.00
0.00
0.10
4.40
26.40
7.00
0.00
0.00
0.00
0.00
0.00
4.30
0.00
1.10
0.80
0.00
0.00
0.00
0.20
0.00
0.00
0.00
0.00
0.00
0.00
0.00
0.00
0.50
0.00
0.20
8.70
24.30
3.10
0.00
0.00
0.00
0.10
0.00
0.00
0.00
0.00
0.00
0.00
0.00
1.30
1.10
0.00
0.00
0.00
0.10
0.00
0.00
0.00
0.00
0.00
0.00
0.00
2.70
0.90
0.30
0.00
0.00
0.00
0.00
25.20
11.40
0.00
0.00
0.00
0.00
0.00
0.00
0.00
5.80
0.00
0.00
0.00
0.00
0.00
0.00
0.00
0.00
0.00
0.60
0.00
0.00
0.00
0.00
0.00
0.00
0.00
0.00
0.00
0.00
0.00
0.00
0.00
0.50
0.00
0.00
0.00
0.00
0.00
0.00
0.00
0.00
0.00
0.00
0.00
0.00
0.00
0.00
0.00
0.00
0.00
0.00
0.00
0.00
0.00
0.00
0.00
0.00
0.00
0.00
0.00
0.00
0.00
0.40
0.00
0.00
0.00
0.00
0.00
0.00
0.00
0.00
0.00
0.00
0.00
0.00
0.00
0.00
0.00
0.00
0.00
0.00
0.00
0.00
0.00
0.00
0.00
0.00
0.00
0.00
0.00
0.00
0.00
0.00
0.00
0.00
0.00
7.10
0.00
0.00
0.00
1.40
0.00
1.80
18.30
0.00
0.00
0.00
0.00
0.00
0.00
0.00
0.20
0.00
0.00
0.00
0.00
23.00
15.70
0.00
0.00
0.00
0.00
0.10
1.60
0.00
4.00
0.00
0.00
0.00
0.00
0.00
0.00
0.60
0.00
8.30
7.60
0.00
0.00
6.80
3.40
0.10
0.00
0.00
0.00
0.00
0.00
0.00
0.00
0.00
0.00
3.50
0.20
0.00
0.60
22.70
0.10
0.00
10.20
0.20
0.10
0.30
0.00
0.00
0.00
0.00
0.00
0.00
0.00
0.00
5.60
18.80
0.40
0.60
0.00
0.00
0.00
0.10
3.80
0.00
9.60
0.10
0.00
0.00
0.00
0.00
0.00
2.50
0.90
8.00
7.60
0.00
0.60
5.90
0.00
0.00
0.00
0.00
19.30
0.00
0.00
0.00
3.60
0.00
0.00
0.00
0.00
0.00
1.80
0.00
10.60
9.50
3.40
0.00
0.00
20.10
0.00
0.00
0.00
0.30
0.00
0.00
0.30
0.00
0.20
0.00
1.90
0.00
0.00
16.80
0.00
0.00
0.00
0.00
0.00
0.00
0.00
0.10
0.00
0.00
0.80
0.00
0.00
0.00
0.00
0.00
0.00
0.00
0.00
14.30
0.00
0.00
0.00
0.00
0.40
0.00
0.00
0.00
0.00
0.00
0.00
0.00
0.00
2.20
0.00
0.00
0.00
0.10
0.10
0.00
0.00
0.00
0.00
0.00
0.00
0.00
0.00
4.40
0.00
0.00
0.00
19.30
0.50
0.00
0.00
0.00
0.00
0.00
4.20
19.00
0.00
0.00
0.00
0.00
0.00
0.00
0.00
0.00
0.00
0.00
0.00
0.10
0.10
0.00
0.00
0.00
1.30
0.00
0.00
0.00
0.00
0.00
4.60
9.50
0.00
0.00
0.80
3.60
0.00
0.00
22.60
0.10
0.00
0.00
0.00
0.00
25.40
0.40
2.50
0.40
0.00
0.00
0.00
0.00
1.90
5.30
0.00
4.40
0.00
23.80
0.00
0.00
0.00
0.00
0.00
19.50
19.50
0.50
0.00
0.00
0.80
0.00
0.00
0.00
0.00
0.00
0.30
2.50
0.40
0.00
0.00
0.00
0.00
0.00
0.00
0.00
0.00
0.00
0.00
2.80
0.00
0.00
0.00
0.00
0.00
0.00
0.00
0.00
0.00
0.00
0.00
0.00
0.00
0.00
1.00
18.40
3.80
23.10
0.00
0.00
24.40
0.00
0.00
1.50
0.00
0.00
0.00
0.00
11.10
1.80
0.00
0.00
0.00
0.00
0.00
0.00
0.00
0.00
0.00
0.00
35.60
0.20
0.00
2.50
3.30
0.00
0.00
0.00
0.00
0.00
0.00
0.00
0.00
0.00
0.00
0.00
0.00
0.00
0.00
0.00
0.00
0.00
0.00
0.00
0.00
0.00
0.00
0.20
0.00
0.00
0.00
0.00
0.00
0.00
2.30
33.20
6.00
12.10
0.00
0.00
2.00
3.40
16.30
0.70
0.00
0.00
0.00
0.00
1.10
0.00
0.00
0.20
0.00
17.90
0.00
0.00
0.00
0.60
0.60
20.00
0.90
0.00
0.00
0.00
0.00
0.00
0.00
0.00
0.00
0.00
5.30
0.00
0.00
0.00
0.00
0.00
0.00
18.50
0.00
0.00
0.00
0.00
0.00
0.00
0.00
0.00
0.00
0.00
0.00
0.00
0.00
0.00
0.00
0.00
0.00
0.00
0.00
0.00
79.60
1.30
0.00
0.00
0.00
0.00
0.00
0.10
0.20
0.00
0.00
0.00
0.00
0.00
0.00
0.00
0.00
3.30
0.00
0.00
0.00
0.00
0.00
0.00
0.00
5.10
0.00
0.00
0.00
0.00
0.00
0.00
2.80
33.70
6.90
0.00
0.00
0.80
0.00
3.20
0.60
0.00
0.10
0.00
0.00
0.00
0.00
0.00
4.00
0.00
0.00
12.40
0.00
0.00
0.00
2.00
0.00
0.00
0.00
0.00
0.00
0.00
0.00
0.00
0.00
0.00
0.00
3.20
0.00
3.60
4.70
0.00
5.50
0.00
0.00
0.00
0.00
0.00
0.00
0.00
0.00
0.00
0.00
0.00
0.00
0.00
0.00
0.00
0.00
1.00
19.20
0.00
0.40
0.90
0.00
0.00
0.00
0.00
3.20
0.00
0.00
0.00
0.00
0.00
0.00
0.00
0.00
2.30
0.00
0.00
0.00
0.00
0.00
0.00
0.00
0.00
0.00
0.00
0.00
4.50
0.00
11.50
1.30
24.20
0.00
0.00
0.00
0.00
0.00
0.00
0.00
0.00
0.00
0.00
0.00
0.00
0.00
1.00
16.20
0.00
0.90
0.00
0.00
0.00
0.50
0.00
0.00
0.40
0.00
0.00
0.00
0.00
0.00
0.00
0.00
0.00
0.00
0.00
0.00
1.00
12.10
0.00
0.00
0.00
1.50
0.00
15.80
0.00
0.00
14.10
0.00
0.00
0.00
0.00
21.60
17.40
0.00
0.00
2.50
0.00
0.00
0.00
6.20
0.00
0.00
30.00
2.50
0.00
0.00
0.00
1.60
0.00
0.00
0.00
0.00
0.00
0.00
0.00
0.00
0.00
0.00
0.00
0.00
0.00
0.00
0.00
0.00
0.00
26.80
26.20
0.00
0.00
0.00
0.00
0.00
0.00
0.00
0.00
0.00
0.00
0.00
0.00
0.00
0.00
0.00
11.30
0.00
0.00
0.00
0.00
0.00
0.00
0.00
0.00
0.00
0.00
0.00
0.00
0.00
0.00
0.00
0.00
0.00
0.00
0.00
0.00
0.00
0.00
0.00
0.00
1.00
0.00
1.50
0.00
0.00
0.00
0.00
0.00
0.00
0.00
0.00
0.00
1.60
0.00
0.00
0.10
0.00
0.00
0.00
4.00
0.00
0.00
0.00
0.00
0.00
0.00
0.00
1.50
0.00
0.00
0.00
0.00
0.00
0.00
0.00
0.00
0.00
0.00
8.50
15.90
0.00
0.00
1.30
0.00
0.00
8.20
0.00
0.00
0.00
0.00
0.00
0.00
0.00
0.00
0.00
0.00
0.00
10.90
16.50
0.00
0.00
0.00
0.00
0.00
12.90
0.00
0.00
23.90
23.90
0.90
0.00
0.00
0.00
0.00
0.00
4.00
0.00
0.00
0.00
0.00
7.60
0.10
0.00
0.00
0.00
1.30
0.00
0.00
0.00
0.00
10.00
17.00
1.60
2.30
0.00
0.30
3.40
0.00
0.00
0.00
0.00
0.30
0.00
0.00
0.00
0.00
0.00
0.00
0.10
0.20
3.40
0.00
0.00
0.00
2.80
15.20
0.20
0.00
0.00
0.00
0.00
0.00
0.00
0.00
0.00
0.00
0.00
0.00
0.00
0.20
24.50
0.80
26.60
11.90
3.20
11.90
5.90
0.00
0.00
0.00
0.00
0.00
0.00
0.00
0.00
0.00
0.00
0.00
0.00
0.00
0.00
10.20
0.00
0.00
0.00
0.00
0.00
1.80
7.30
2.60
9.10
3.30
2.50
0.00
36.50
11.90
1.90
0.00
0.00
2.60
1.20
0.80
1.70
0.00
16.20
0.00
0.00
2.50
0.00
0.00
2.40
1.50
39.10
0.00
5.80
0.00
9.80
0.00
1.90
8.90
0.30
0.00
0.00
0.40
0.60
0.00
0.00
0.00
0.00
0.00
0.00
0.00
0.00
0.00
0.00
0.00
0.00
0.00
0.00
0.00
0.00
12.50
0.00
0.00
0.00
0.00
0.00
0.00
4.50
0.00
31.80
0.00
4.20
10.50
6.30
0.00
0.00
0.00
0.00
21.30
0.00
0.00
0.00
0.00
0.00
0.80
0.00
1.80
0.00
0.00
0.00
0.00
0.00
4.50
0.00
0.00
0.30
0.00
0.00
0.30
0.30
0.00
15.20
37.10
0.00
0.00
0.00
3.90
0.00
0.00
0.00
19.50
0.00
0.00
0.00
0.00
0.00
0.30
3.00
6.40
0.00
0.00
0.00
18.10
33.10
5.50
2.50
0.00
0.00
0.00
0.00
50.20
0.00
0.00
0.00
0.00
0.00
0.20
0.00
0.00
0.00
0.00
0.00
0.00
0.00
0.00
0.00
0.00
0.00
0.20
0.00
0.00
0.00
0.00
0.00
0.00
0.00
0.00
0.00
0.00
0.00
0.00
10.00
1.40
40.00
8.20
0.00
0.00
5.90
72.30
2.90
0.50
1.70
23.90
0.20
0.00
0.00
0.00
0.00
0.00
0.00
3.10
22.00
5.80
0.00
8.20
28.30
0.00
0.00
0.00
0.00
7.60
0.00
0.00
15.10
0.00
0.00
0.00
0.00
0.00
4.90
34.30
0.00
10.70
9.10
3.90
3.20
0.00
0.00
6.90
0.00
0.00
1.90
0.00
0.00
0.00
0.50
0.00
0.00
0.00
0.00
0.00
0.00
0.00
0.00
0.00
0.00
0.00
0.00
5.30
0.00
0.00
3.10
0.00
0.00
0.00
0.00
0.00
0.00
0.00
0.00
0.00
0.00
0.00
0.00
0.00
0.00
0.00
0.00
0.00
0.00
0.00
0.00
0.00
0.00
0.00
0.00
0.00
0.00
0.00
0.00
0.00
0.00
0.00
4.40
0.00
0.00
3.50
0.00
0.00
0.70
0.00
0.00
0.00
0.00
0.80
0.00
0.00
0.30
1.90
0.00
0.00
0.00
0.00
0.00
0.00
0.00
0.00
0.00
0.00
0.00
0.00
0.00
0.00
0.00
0.00
0.00
0.00
0.00
0.00
0.00
0.00
0.00
0.00
0.00
0.00
0.00
0.00
0.00
0.00
0.00
0.00
4.10
0.00
0.00
0.00
0.00
0.00
0.00
1.50
0.00
0.00
0.00
0.00
0.00
0.00
0.00
0.00
0.00
0.00
0.00
0.00
0.00
0.00
0.00
0.00
0.00
0.00
9.10
9.10
5.90
0.00
10.80
0.00
7.30
0.00
8.40
1.30
0.00
0.00
0.00
0.00
1.30
0.00
0.00
0.00
0.00
11.70
0.20
3.00
2.70
0.00
4.40
0.00
0.00
0.00
1.40
0.00
1.10
10.70
20.30
0.00
0.00
0.00
0.00
1.50
0.00
0.00
1.40
0.00
0.00
0.00
0.00
5.30
9.00
0.30
2.10
0.00
0.00
0.00
0.00
5.50
0.00
0.00
1.60
11.00
0.00
0.00
0.00
0.00
0.00
0.00
0.00
0.00
0.00
0.00
0.00
0.00
0.00
26.60
0.00
0.90
0.00
0.00
0.00
0.00
0.00
0.00
0.00
0.60
0.00
0.00
0.00
0.00
0.00
0.00
0.00
0.00
0.00
0.00
0.00
44.70
0.00
0.00
0.10
0.00
3.60
8.30
0.00
0.00
0.00
0.00
2.30
0.00
0.00
1.00
1.90
0.00
0.00
0.00
0.00
0.00
0.00
0.00
0.00
12.50
0.00
0.00
0.00
0.00
0.00
0.00
0.00
0.00
0.00
0.00
0.00
0.00
0.00
0.00
3.80
0.20
0.00
0.00
7.90
0.00
0.00
0.00
0.00
0.00
0.00
0.00
0.00
0.00
0.00
0.00
0.40
0.00
3.60
1.80
0.50
13.80
0.00
0.00
0.00
8.10
0.00
5.40
0.00
8.90
21.50
2.20
0.00
0.00
0.00
0.00
0.00
0.00
21.20
29.80
0.00
25.80
0.00
0.00
0.00
0.00
0.00
0.00
0.00
0.00
0.00
0.00
0.00
0.00
0.00
0.00
0.00
0.00
0.00
0.00
0.00
0.00
0.00
0.00
2.80
0.00
0.00
0.00
0.00
3.80
0.60
4.30
73.20
1.70
0.00
0.00
0.00
0.00
0.00
0.00
0.00
0.00
7.70
1.50
1.00
1.60
0.00
0.00
0.00
0.00
2.20
0.00
0.00
0.00
0.00
7.10
0.00
0.00
0.00
0.00
0.00
0.00
0.00
9.80
0.00
0.00
0.00
0.00
0.00
0.00
0.00
0.60
0.00
0.00
5.80
95.60
2.50
0.00
0.00
0.10
0.00
0.00
0.30
0.00
0.00
0.00
0.00
0.00
0.00
0.00
5.40
3.50
3.20
0.00
0.00
0.00
0.00
0.00
0.00
0.00
0.00
0.00
0.00
0.00
0.00
0.00
0.00
0.00
0.00
0.00
0.00
3.50
5.40
0.00
0.00
0.00
0.00
0.00
0.00
0.00
0.00
0.00
52.80
190.00
88.10
4.60
0.00
0.00
0.00
0.00
0.00
0.00
0.00
0.00
0.00
0.00
0.00
0.00
0.00
0.00
0.00
0.00
0.00
0.00
0.00
0.00
0.00
0.00
0.00
0.00
0.00
0.00
0.00
0.00
0.00
0.00
0.00
0.00
0.00
0.00
0.00
0.00
0.00
2.80
0.00
0.00
0.00
0.00
0.00
0.00
0.00
0.00
0.00
0.00
0.00
0.10
0.00
0.00
11.00
0.00
0.00
0.00
0.00
0.00
0.00
0.90
0.00
0.00
0.00
0.00
0.00
1.90
1.90
4.70
6.00
0.00
0.00
0.00
0.00
0.00
0.00
0.00
0.00
0.00
0.00
0.00
8.50
0.00
0.30
0.00
0.00
6.80
22.10
1.70
63.80
4.30
0.00
0.00
0.00
0.00
0.00
0.00
0.00
0.00
0.00
0.00
0.00
0.00
0.00
0.00
0.00
0.00
3.20
12.60
0.00
2.60
0.00
18.40
5.00
0.00
0.00
0.00
0.00
0.00
0.00
0.00
0.00
0.00
0.00
0.00
0.00
0.00
4.50
0.00
4.30
27.70
0.70
19.70
25.80
0.00
0.00
63.10
12.80
2.80
3.10
1.10
0.00
0.00
0.00
1.40
8.90
0.00
5.80
0.00
50.50
0.00
0.00
0.00
0.00
1.90
0.00
0.00
0.00
0.00
0.00
0.00
16.20
0.00
0.00
0.00
0.00
0.00
0.00
0.20
0.00
0.00
0.00
22.00
11.80
0.00
0.50
0.00
0.00
0.00
0.00
0.00
0.00
0.70
0.00
0.00
0.00
0.00
0.00
0.00
0.00
0.00
0.00
0.60
16.30
0.00
0.00
0.00
0.00
0.00
6.70
0.00
0.00
0.00
0.00
0.00
0.00
0.00
0.00
0.00
0.00
0.00
0.00
0.00
0.00
0.00
0.00
0.00
0.00
22.30
13.90
1.30
0.00
2.40
0.00
0.00
0.00
0.00
0.00
3.40
6.10
0.70
4.80
1.10
0.00
0.00
0.00
0.00
0.00
0.00
3.50
0.00
0.00
19.20
0.00
0.00
0.00
0.00
0.00
0.00
0.00
0.00
0.00
0.00
6.10
0.00
0.00
0.00
0.00
0.00
0.00
5.00
3.50
0.00
0.00
0.00
7.70
0.50
0.00
0.00
0.00
0.00
0.00
0.00
3.40
0.00
0.00
0.00
5.70
0.00
0.00
0.00
0.00
0.00
0.00
0.00
10.80
0.00
0.40
0.10
10.00
0.00
0.00
0.00
0.00
0.00
0.00
0.00
0.00
1.10
0.00
0.00
0.00
0.00
0.00
0.00
0.00
0.00
6.50
5.60
69.50
40.50
0.00
0.00
0.00
0.00
0.00
0.00
0.00
0.00
1.90
0.00
0.40
1.00
0.00
0.00
0.00
0.00
0.00
0.00
9.50
4.00
0.40
0.00
0.00
0.00
0.00
0.00
0.00
0.00
0.00
0.00
0.00
0.00
0.00
0.00
0.00
0.00
0.00
0.00
0.00
0.00
6.30
11.20
0.00
0.00
0.00
0.00
0.00
0.00
0.00
0.00
0.00
0.00
0.00
0.00
0.00
0.00
0.00
0.00
0.00
0.00
0.00
0.00
4.50
0.00
0.00
0.00
0.00
0.00
0.00
1.00
4.00
3.60
0.00
0.00
0.00
5.70
3.10
0.70
0.90
0.00
0.00
0.00
0.00
0.00
1.60
5.70
0.00
0.00
0.00
0.00
0.00
0.00
0.00
0.00
0.00
0.00
4.30
2.90
0.30
0.20
0.00
0.00
0.00
7.50
0.00
0.00
