20000101
0.00
0.00
0.00
0.10
0.00
0.10
0.00
0.00
1.00
0.00
0.10
0.00
0.10
0.00
0.00
0.00
0.00
0.00
0.00
0.00
0.10
0.00
0.10
0.00
0.00
0.00
0.00
0.00
0.00
0.00
0.00
0.00
0.00
0.00
0.00
0.00
0.00
0.00
0.00
0.00
0.00
0.00
0.00
0.00
0.00
0.00
0.00
0.00
0.00
0.00
0.00
0.00
0.00
0.00
0.00
0.00
0.00
0.00
0.00
0.00
0.00
0.00
0.00
0.00
0.00
0.00
0.00
0.00
0.00
0.00
0.00
0.00
0.00
0.00
0.00
0.00
0.00
0.00
0.00
0.50
0.00
0.00
4.20
0.10
0.00
0.20
0.20
4.00
0.10
7.70
10.99
0.00
0.10
0.00
0.00
0.00
0.00
0.00
0.00
0.00
18.20
20.17
0.00
0.00
5.00
0.00
0.00
0.00
0.20
0.00
0.00
0.00
0.00
1.40
0.00
0.00
0.00
0.10
0.00
0.00
0.00
0.00
0.00
0.00
0.00
0.00
0.00
0.00
0.00
0.20
24.39
2.60
0.10
0.00
0.00
0.00
0.00
13.49
0.10
0.00
0.00
8.70
14.69
0.00
0.00
2.60
2.80
0.70
0.00
0.00
0.00
0.00
0.00
0.00
0.00
0.00
14.49
0.00
0.00
0.00
0.04
183.42
0.10
0.00
0.00
0.60
0.00
0.00
0.00
0.00
0.00
0.00
0.00
0.00
0.00
0.00
0.00
0.00
0.00
0.00
0.00
0.00
0.00
0.00
0.00
0.00
0.00
0.00
0.00
0.00
0.00
0.00
0.00
0.00
0.00
0.00
0.00
0.10
0.00
0.00
0.00
0.00
0.00
0.00
2.80
0.00
0.20
0.00
0.00
0.00
0.00
0.00
0.00
0.90
0.00
1.00
2.60
0.00
0.00
0.00
0.00
0.00
0.00
1.11
0.59
0.00
0.00
0.00
0.00
0.00
0.00
0.00
0.00
0.00
0.00
0.00
0.00
0.00
0.00
0.00
0.00
0.00
9.90
0.20
0.00
0.00
0.00
0.00
0.00
0.00
0.00
0.00
0.00
0.00
0.00
0.00
0.00
0.00
0.00
0.00
0.28
7.12
7.80
0.70
0.00
0.00
0.00
0.00
0.00
0.00
0.00
9.20
2.40
0.00
1.60
0.00
0.00
0.00
0.00
0.00
0.00
0.00
0.00
0.00
0.80
0.40
11.49
0.30
4.60
0.00
0.00
0.00
0.00
0.00
2.20
6.49
5.60
0.00
0.00
0.00
0.00
0.00
0.00
0.00
0.80
0.00
1.60
0.20
0.00
0.84
5.46
0.00
0.00
0.00
0.00
0.00
0.00
2.70
0.00
0.00
0.00
0.00
0.00
0.00
0.00
0.00
0.40
10.00
0.00
0.00
0.00
0.00
0.00
11.59
0.00
0.00
0.00
0.00
0.00
0.00
3.00
5.40
0.10
0.00
0.00
0.00
0.00
0.10
0.00
0.00
0.00
0.10
0.00
0.00
0.00
2.30
19.99
22.08
31.88
0.10
0.00
0.00
1.00
0.00
0.10
0.00
0.00
0.00
0.00
0.50
0.00
0.00
0.00
0.00
0.00
0.00
1.20
0.50
0.30
15.56
9.03
0.20
0.00
0.10
0.10
0.00
0.00
0.00
0.00
0.00
0.00
0.00
0.00
5.60
0.00
0.00
0.00
0.00
0.00
0.00
0.00
0.00
0.00
0.00
0.00
0.00
0.00
0.00
0.00
1.65
29.63
0.00
0.00
0.00
0.00
0.00
0.00
0.00
0.00
0.00
0.00
0.00
0.00
0.50
0.00
0.20
9.10
1.00
0.00
3.00
0.00
8.19
6.00
0.00
0.00
0.00
3.90
0.00
0.00
0.00
0.13
0.08
0.00
0.00
0.00
0.00
0.00
0.00
0.00
0.00
0.00
0.00
0.40
4.40
0.00
0.00
0.00
0.00
0.00
0.00
0.00
0.00
0.00
0.00
0.00
0.00
0.00
0.00
0.00
0.00
0.00
0.00
0.20
0.00
0.00
0.00
0.00
0.00
0.00
0.00
0.00
0.00
17.69
0.10
0.00
17.49
4.20
0.00
1.10
10.90
0.10
0.00
0.00
0.00
0.90
0.90
0.60
0.00
0.00
0.00
0.00
0.00
1.96
4.03
0.00
0.00
0.00
0.00
1.60
10.19
0.00
0.00
0.00
0.00
0.00
0.00
0.00
0.00
0.00
0.00
0.00
0.00
0.00
0.00
0.00
0.00
1.60
0.00
0.00
0.00
0.00
0.40
0.00
0.00
0.00
0.00
0.00
0.00
0.00
0.00
0.00
0.00
0.00
0.00
0.00
0.00
0.00
0.00
0.00
2.80
0.00
0.30
0.80
0.00
0.00
17.49
0.00
0.00
0.00
0.00
0.23
1.37
0.00
0.00
0.00
17.59
0.00
0.00
0.00
0.00
0.00
0.00
0.00
0.00
0.00
0.00
0.00
0.00
0.00
0.00
0.00
0.00
0.00
0.00
0.00
0.00
0.00
0.00
0.00
0.00
0.00
0.00
0.00
0.00
0.00
0.00
10.90
0.00
0.00
0.00
0.00
0.00
0.00
0.00
0.00
0.00
0.00
0.00
0.00
0.00
0.00
0.00
3.40
0.00
0.00
0.00
0.00
0.00
0.00
0.00
0.00
0.00
0.00
0.00
0.00
0.00
0.00
0.00
1.40
0.00
24.88
0.20
0.00
0.00
0.00
0.00
2.10
0.70
0.00
0.00
0.00
0.00
0.00
0.00
0.00
0.00
0.00
5.87
0.63
0.00
0.00
0.30
0.00
0.00
0.00
0.90
13.59
4.69
7.70
0.00
0.00
0.00
0.00
0.00
0.00
0.00
0.00
0.00
0.00
0.00
0.00
0.00
0.00
0.00
0.00
0.10
0.10
0.00
0.00
0.00
3.42
0.08
0.00
0.19
1.71
23.49
16.79
0.10
0.00
0.00
0.10
0.20
0.00
0.00
0.00
0.00
0.00
0.10
0.00
0.00
0.00
0.00
0.00
0.00
0.00
0.00
0.00
0.00
0.00
0.00
0.00
0.00
0.00
0.00
1.60
10.89
0.00
0.00
0.20
0.30
0.00
0.00
0.00
0.00
0.00
0.00
0.00
0.00
0.10
0.00
3.56
0.14
3.70
1.70
0.90
0.00
0.00
0.00
0.40
0.00
0.00
0.00
0.10
0.00
0.00
0.00
0.00
0.00
0.00
0.10
0.00
0.10
0.00
3.40
0.00
0.00
0.00
0.00
0.00
0.00
0.00
0.00
0.00
0.00
0.00
0.00
4.40
1.30
0.00
0.00
0.00
0.00
0.00
0.00
0.00
0.00
0.00
3.80
0.30
0.00
0.00
0.00
0.00
0.00
0.00
0.00
0.00
0.00
0.00
0.00
0.00
0.50
0.10
0.00
11.19
0.00
0.00
0.00
0.00
0.00
0.00
0.00
1.25
1.05
0.00
0.00
0.00
0.00
0.00
0.00
0.00
0.00
0.00
0.00
0.00
0.00
7.80
0.00
1.00
0.00
0.00
0.00
3.50
38.53
0.73
0.00
0.00
14.79
0.10
0.00
14.09
5.80
2.20
0.10
2.30
0.00
0.00
0.00
0.00
0.70
0.00
0.00
0.00
0.00
0.00
0.00
0.00
0.00
0.00
0.00
0.00
9.30
14.59
1.40
0.20
1.90
5.10
2.71
9.26
3.83
1.70
10.10
0.00
0.00
0.00
0.00
0.00
0.00
0.00
0.00
0.00
0.00
0.06
0.34
0.00
0.00
0.10
0.00
0.00
0.00
0.00
0.00
0.00
0.00
0.00
11.30
8.58
0.01
0.50
18.69
0.00
0.00
0.00
0.00
0.00
0.00
0.00
0.00
0.00
0.00
0.00
0.00
0.00
0.00
0.00
0.00
0.00
0.00
0.00
0.00
0.70
0.00
0.00
0.00
0.00
0.00
0.00
0.00
0.00
0.00
0.00
0.00
0.00
10.29
0.30
0.00
0.00
0.40
0.00
0.00
0.00
0.00
0.00
0.00
0.00
0.00
0.00
0.00
0.00
0.00
0.00
3.40
0.00
3.40
0.00
0.00
0.00
0.00
0.00
0.00
0.00
0.00
0.00
0.00
0.00
0.00
0.00
0.00
0.30
0.00
0.00
0.00
0.00
0.00
7.79
0.30
6.70
0.00
0.00
16.49
0.00
0.00
0.00
7.20
0.10
0.00
24.69
4.14
2.16
0.00
0.00
2.35
0.25
0.00
0.00
1.40
2.00
0.00
0.00
0.00
8.00
0.20
0.00
0.50
2.90
0.60
0.00
0.00
0.00
0.20
0.00
0.00
0.00
0.00
0.00
3.40
0.00
0.00
0.00
0.00
0.00
5.00
62.16
19.19
0.00
0.00
0.00
0.00
0.00
0.00
0.00
0.00
0.00
0.00
1.00
0.10
0.00
0.00
0.00
0.00
0.00
0.00
0.00
0.00
0.00
0.00
0.00
0.00
0.00
0.00
0.51
0.49
0.00
0.00
0.00
0.00
0.00
0.34
3.36
0.90
0.00
0.00
0.00
0.00
19.49
3.20
0.00
1.50
19.19
0.10
0.00
0.00
0.00
0.00
0.00
0.20
0.00
0.00
0.10
0.00
0.00
0.00
0.00
0.03
19.56
1.40
0.00
0.00
1.20
0.00
0.10
0.10
0.00
0.10
0.00
0.00
0.00
0.00
0.00
0.00
0.00
0.50
0.10
0.00
0.60
0.00
0.00
0.00
0.00
0.00
5.90
8.49
0.00
0.00
0.00
0.00
0.10
0.10
0.00
0.00
0.10
0.00
0.00
0.00
0.80
1.10
1.60
0.00
0.00
0.00
0.00
0.00
0.00
0.00
0.00
0.10
0.00
0.00
0.00
0.00
0.00
0.00
0.00
0.00
0.00
0.00
0.10
0.00
0.00
3.10
0.00
3.00
0.00
0.00
6.00
15.74
20.24
0.00
0.70
0.00
0.00
13.19
26.01
1.66
0.00
0.00
0.00
0.00
0.00
0.18
1.12
0.00
0.00
0.00
0.00
0.00
0.00
0.00
0.00
7.10
0.00
0.00
0.00
0.00
0.00
0.00
0.00
0.00
0.00
0.00
0.00
0.00
20.19
1.10
0.10
0.00
0.00
0.00
0.00
0.00
0.00
0.00
0.00
0.00
8.59
0.00
0.00
0.00
0.00
0.00
0.90
0.00
0.00
0.00
1.35
2.05
0.00
0.00
0.00
0.00
0.00
0.00
0.00
0.00
0.00
0.20
0.00
0.00
0.00
0.00
0.20
0.70
8.69
5.20
0.00
0.00
0.10
0.10
0.00
0.00
0.00
0.25
1.85
0.00
7.50
0.00
0.00
0.00
0.00
1.45
21.94
0.00
0.00
0.00
0.00
0.00
0.00
0.00
0.00
0.00
0.00
2.60
0.00
0.00
0.00
0.00
0.00
0.00
0.00
0.00
3.40
0.00
0.00
1.70
0.00
0.00
0.00
0.00
0.00
0.00
0.00
0.00
0.00
41.19
1.30
0.00
0.00
0.00
0.00
0.00
0.00
0.00
6.10
0.00
0.00
1.30
0.00
0.00
0.00
0.00
0.00
0.00
0.00
0.00
0.00
0.00
0.10
0.00
0.00
0.10
0.00
0.00
0.00
0.00
0.00
0.00
0.00
0.00
0.00
0.00
0.00
0.00
0.00
0.00
0.00
0.00
0.00
0.00
0.00
0.00
0.00
0.00
0.00
0.00
27.19
0.00
0.00
0.00
0.00
0.00
1.00
0.00
0.00
0.00
0.00
0.00
0.00
0.00
13.75
9.18
16.47
0.00
0.00
1.00
2.50
14.90
0.00
0.00
0.00
0.00
0.00
0.00
0.00
0.00
0.00
0.00
0.00
0.00
0.00
0.00
32.70
0.00
0.00
0.00
0.00
6.90
0.50
0.80
13.72
54.47
0.00
0.00
0.60
0.00
0.00
0.00
0.00
0.00
0.00
0.00
1.40
3.10
0.10
2.20
13.50
25.80
5.60
15.40
0.10
0.00
1.60
0.00
0.00
0.00
29.40
2.67
5.43
0.10
0.20
1.30
0.00
0.00
0.00
0.00
0.00
0.00
0.10
0.55
2.55
0.00
0.00
0.00
0.00
0.00
0.44
18.96
0.00
0.00
0.00
0.00
0.00
0.20
3.00
13.40
0.00
0.30
0.70
0.00
0.00
0.00
10.70
0.00
10.30
27.70
2.70
0.00
0.00
0.40
0.00
0.00
0.00
0.00
0.00
0.00
0.00
0.00
0.00
0.90
0.00
0.00
0.00
0.00
0.00
0.00
0.00
0.10
0.10
0.10
0.30
0.10
0.10
0.00
0.10
0.00
0.00
0.00
0.10
0.00
0.10
0.00
0.00
0.00
0.00
0.00
0.00
0.00
0.00
0.20
0.00
0.00
0.00
0.00
0.00
0.00
0.30
0.10
0.40
0.10
0.00
0.00
0.00
0.00
0.00
0.00
0.00
0.00
0.00
0.00
0.00
0.00
0.00
0.10
0.00
0.00
0.00
0.00
0.00
4.50
6.10
0.10
0.00
17.30
1.00
0.00
0.00
0.00
9.90
25.70
0.00
0.00
1.70
0.20
0.00
0.00
0.00
0.00
0.80
0.00
0.00
0.00
0.20
0.00
0.00
1.80
0.00
0.00
0.00
0.00
0.00
0.00
0.00
0.00
0.00
0.00
0.00
0.00
0.00
12.03
0.77
9.10
30.90
1.20
0.60
8.20
0.00
0.00
0.00
0.00
0.00
21.50
1.60
4.90
0.00
0.00
0.00
1.60
0.10
12.40
0.00
1.20
0.00
0.00
0.00
19.90
0.00
0.00
0.00
0.00
0.10
6.00
11.20
0.90
0.40
0.57
7.33
0.10
0.10
0.00
0.30
0.00
0.00
0.00
11.40
4.60
0.10
0.00
2.10
0.00
0.00
0.00
0.00
0.00
0.00
0.00
0.10
0.00
0.00
0.00
4.50
0.00
0.00
19.10
0.20
0.00
0.00
0.00
0.00
0.00
0.00
0.00
0.00
0.00
0.00
3.40
19.40
0.00
2.60
5.40
0.00
0.00
0.00
3.60
0.00
0.00
0.00
0.00
0.00
0.00
0.00
0.00
0.00
0.00
0.00
0.00
0.00
0.00
0.00
1.60
6.20
0.50
0.00
0.00
17.67
9.83
0.00
0.00
0.00
0.00
0.00
0.00
0.00
0.00
0.00
0.00
0.00
0.00
0.00
0.00
0.00
0.00
0.00
3.20
0.00
0.00
0.00
0.00
0.00
18.70
0.00
0.00
0.00
0.00
0.00
0.00
0.00
0.00
0.00
0.00
0.00
0.00
14.00
0.00
0.00
0.00
0.00
0.00
0.60
1.20
0.00
0.00
0.00
0.70
48.00
0.00
2.10
0.10
0.90
5.90
0.10
0.10
0.00
0.00
0.00
0.00
0.00
2.40
0.00
0.00
18.06
6.84
0.00
0.00
0.00
0.00
0.00
0.00
0.00
0.00
0.00
0.00
0.00
0.00
0.00
0.00
0.00
0.00
0.00
0.00
0.00
0.00
0.00
0.00
0.00
0.00
0.00
0.00
0.60
0.00
0.00
0.00
0.00
0.00
0.00
0.90
0.00
6.10
0.10
0.00
0.00
4.00
1.00
4.70
0.10
0.20
0.00
0.00
1.00
0.00
0.00
0.00
0.00
0.00
0.00
0.00
0.00
0.00
0.00
0.00
0.00
0.00
0.00
0.00
0.00
0.00
0.00
0.00
0.00
0.00
0.00
0.00
0.00
0.00
0.00
0.00
1.70
0.00
18.40
0.00
0.00
16.00
2.30
0.00
2.30
10.96
1.24
0.00
0.00
0.00
0.00
0.00
0.00
0.00
0.00
0.00
0.00
0.00
0.00
0.00
0.00
0.00
2.00
0.00
0.00
0.00
0.00
0.00
0.00
0.00
0.00
0.00
0.10
0.10
0.10
0.00
0.00
0.10
0.00
0.00
0.10
0.00
0.00
0.00
0.00
0.00
0.00
0.00
0.00
0.00
0.00
0.00
0.00
0.00
0.00
0.00
0.00
0.00
0.00
0.00
0.00
0.00
0.00
0.00
0.00
1.00
2.80
5.90
1.20
0.00
0.00
0.00
0.00
0.00
0.00
0.00
0.00
0.00
0.00
0.00
0.00
0.10
0.00
0.00
0.00
0.00
0.00
0.00
0.00
0.05
0.15
0.00
0.00
0.00
0.00
0.00
0.00
0.00
1.60
0.00
0.00
0.00
0.00
0.00
0.00
0.00
0.00
0.00
0.00
0.00
5.30
0.00
0.00
0.00
0.00
0.00
5.50
0.00
0.00
0.00
0.00
1.60
0.00
0.00
0.00
0.00
0.10
0.00
0.00
0.00
0.00
0.00
0.00
0.40
0.00
0.00
0.00
0.00
0.00
0.20
0.00
0.00
0.10
0.00
0.00
0.00
0.00
0.00
0.00
0.00
0.00
0.00
0.00
0.60
0.00
0.00
0.00
1.00
4.90
6.30
0.10
14.60
0.10
1.20
11.20
13.80
0.00
0.00
0.00
0.00
0.80
0.00
0.00
0.00
0.00
0.00
0.00
0.00
0.00
0.00
0.00
0.00
0.00
0.00
0.00
0.00
0.00
0.00
0.00
0.00
0.80
0.00
1.20
0.00
0.00
0.00
0.00
0.00
0.00
3.10
26.90
0.00
0.00
0.50
0.00
0.00
0.00
0.10
0.00
0.00
0.00
0.00
0.00
7.60
0.00
0.00
0.00
0.80
4.30
0.70
0.00
0.00
0.00
0.00
0.00
0.00
0.00
0.00
0.00
0.00
0.00
0.00
0.00
0.00
0.00
0.00
0.00
0.00
0.00
0.00
0.00
7.10
0.00
0.00
0.00
0.00
0.00
0.00
0.00
2.38
1.43
0.70
0.00
0.00
0.00
0.00
0.00
0.00
14.10
0.10
0.50
0.00
0.00
0.00
0.00
0.00
0.00
17.50
0.20
0.00
0.00
0.00
0.00
0.00
0.00
0.00
0.00
24.70
6.50
9.20
0.00
0.00
0.00
0.00
3.10
0.00
0.00
3.20
1.20
0.00
0.00
0.00
0.00
0.00
0.00
1.50
5.35
0.15
0.00
0.00
0.00
0.00
0.00
0.00
0.00
0.00
0.00
0.40
0.00
0.00
0.00
0.80
1.40
20.70
20.30
3.90
4.70
0.10
0.00
12.70
0.10
0.00
0.00
0.00
3.60
0.00
0.00
0.00
0.00
0.00
0.00
0.00
1.60
0.20
0.00
0.00
0.00
0.00
0.00
0.00
0.00
12.80
0.70
3.60
2.40
9.60
25.10
5.50
0.00
0.00
0.00
0.00
0.00
0.00
0.00
0.00
0.00
0.00
0.00
0.00
0.10
0.00
0.20
0.00
15.70
0.00
0.00
0.00
0.00
0.00
0.00
0.00
0.00
0.10
0.00
0.00
0.10
0.00
0.00
0.10
0.10
0.20
0.30
0.10
0.10
0.10
0.00
0.00
0.10
0.00
0.00
0.00
0.00
0.00
0.00
0.00
0.00
0.00
0.80
0.70
12.10
5.80
2.43
0.18
0.00
0.00
0.00
0.10
0.50
0.00
0.00
0.00
0.00
0.10
0.00
0.00
0.10
0.10
0.00
0.90
7.43
8.34
29.84
7.30
0.00
0.00
0.10
0.00
0.00
0.00
0.10
0.00
0.10
0.00
0.00
0.00
0.00
0.00
0.00
0.00
0.00
0.00
0.00
1.70
0.00
0.00
0.00
0.00
0.00
0.00
3.30
0.00
0.00
0.00
0.00
0.00
0.20
0.50
0.00
0.00
0.00
0.00
0.00
0.00
0.00
0.00
0.00
0.00
0.00
0.00
13.10
0.50
0.13
0.27
0.00
0.00
0.00
0.00
0.00
0.00
0.00
0.00
0.00
0.00
0.00
0.00
0.00
0.00
0.00
0.50
4.00
0.00
0.00
0.00
0.00
0.00
0.00
0.00
0.30
0.00
12.40
0.10
0.00
12.80
0.00
0.00
0.00
0.00
0.00
0.00
18.60
1.30
0.00
0.00
0.00
0.00
0.00
0.00
0.00
0.00
0.00
0.00
0.00
0.00
0.00
0.00
1.70
0.00
0.00
0.00
0.00
0.00
0.00
0.00
0.00
0.00
0.00
0.00
0.00
0.00
0.00
0.00
0.00
0.00
3.20
0.00
0.00
0.00
0.00
0.00
0.00
0.00
0.00
1.70
0.00
0.00
0.00
0.00
0.00
0.10
0.10
0.00
0.00
0.10
0.00
0.00
0.00
0.00
0.00
2.20
0.00
0.00
0.00
0.00
0.00
0.00
0.00
0.00
0.00
0.10
1.00
0.00
0.00
0.00
0.00
0.00
0.00
47.90
42.30
8.80
0.00
3.60
0.00
0.00
0.00
0.00
0.00
0.00
0.00
0.00
0.00
0.45
0.05
0.00
0.00
0.00
0.00
0.00
12.80
0.00
0.00
0.00
0.00
1.20
0.00
0.00
0.00
0.00
0.00
0.00
69.70
0.90
0.10
0.00
0.00
0.00
0.00
0.00
0.50
0.00
0.00
0.00
0.00
0.00
0.00
0.00
0.00
0.00
0.00
0.00
0.00
0.00
0.00
0.00
0.50
2.70
0.10
0.00
2.58
49.12
11.10
0.00
0.20
0.00
0.00
0.00
0.00
0.00
6.45
25.75
1.40
0.00
0.00
0.00
0.00
0.00
0.00
0.00
0.00
0.00
0.00
0.00
0.00
0.00
0.00
0.00
0.00
5.50
3.00
0.10
0.00
0.00
0.00
0.10
20.40
0.00
0.00
0.00
0.00
0.40
0.00
0.00
0.00
0.00
0.00
0.00
0.00
0.00
0.00
0.00
0.00
0.00
0.00
0.00
0.00
0.00
0.00
0.00
0.00
0.00
0.00
0.00
0.00
5.40
1.30
0.00
0.00
0.00
0.00
0.00
0.00
0.00
0.00
0.00
0.00
0.00
0.10
0.00
0.10
0.20
0.00
0.00
0.00
13.10
0.10
3.90
0.00
0.00
0.00
0.10
0.00
0.10
1.50
0.00
0.00
0.00
0.10
0.10
0.00
0.10
0.20
0.00
0.00
0.10
0.00
0.10
0.00
0.00
0.00
0.00
0.00
0.00
0.00
0.00
0.00
0.00
0.00
0.00
0.00
0.00
0.00
0.00
0.00
0.00
0.00
0.00
0.00
0.00
0.00
0.00
5.63
0.38
0.00
0.00
0.00
0.00
0.00
0.00
0.00
0.00
0.00
0.00
0.00
0.00
0.00
0.00
0.00
4.50
1.30
0.10
0.00
0.00
0.00
0.00
0.00
0.00
5.70
0.20
0.00
0.00
1.70
0.00
0.00
0.00
2.90
0.00
0.00
0.00
0.00
0.00
0.00
0.00
0.00
0.00
11.00
0.00
0.00
0.00
0.00
0.00
0.00
0.00
0.00
5.20
0.00
0.00
6.10
0.00
0.00
0.00
0.00
0.00
0.00
3.40
0.00
0.10
0.20
0.06
22.94
2.70
21.10
32.50
14.30
4.50
5.20
0.10
0.00
0.00
0.70
0.00
4.50
3.53
10.37
0.20
0.00
2.10
0.00
0.00
0.00
0.40
0.00
0.00
0.00
0.00
0.00
0.40
0.10
0.90
2.70
29.80
0.00
2.10
3.60
3.40
0.00
0.00
0.00
0.00
0.00
0.00
0.00
0.00
3.40
0.00
0.00
0.00
0.00
2.70
0.20
1.30
0.00
0.10
0.20
3.90
0.10
0.20
0.00
0.00
0.00
0.60
0.00
0.00
0.00
11.20
2.10
10.10
0.00
0.00
0.30
0.00
0.00
0.00
0.00
0.00
0.90
0.00
0.00
0.80
0.00
0.00
0.00
0.00
0.00
0.00
0.00
0.00
0.00
0.00
0.00
0.00
1.20
0.00
0.00
0.00
0.00
0.00
0.00
0.00
0.00
0.00
0.00
0.00
0.00
0.00
0.00
0.00
0.00
0.00
0.00
0.00
0.00
0.00
0.00
0.00
0.00
0.00
0.00
0.00
0.00
0.00
0.00
0.40
0.00
0.00
0.00
0.00
29.00
4.60
0.00
0.00
0.00
0.00
25.60
0.00
0.00
0.00
0.00
0.00
0.00
7.20
0.00
7.30
3.80
0.10
0.20
0.00
0.00
0.00
0.00
0.80
0.00
0.00
0.00
0.00
0.00
0.00
0.00
0.00
0.00
0.00
0.00
0.00
0.00
10.00
0.00
0.00
0.00
0.00
0.00
0.00
0.00
0.00
0.00
0.30
0.20
0.00
0.00
0.00
0.00
0.00
2.00
0.00
0.00
0.00
0.10
13.80
3.60
0.00
0.00
0.00
0.00
35.70
0.70
0.00
0.00
0.00
0.00
0.08
5.12
0.00
0.00
0.00
0.00
0.00
0.00
0.00
4.70
0.00
0.40
0.00
0.00
0.00
0.00
0.00
0.00
0.00
0.00
0.00
0.00
0.00
0.00
0.00
0.00
0.00
0.00
0.00
0.00
0.00
0.00
0.00
0.00
0.00
5.90
1.50
0.00
0.00
0.00
0.00
0.10
0.10
0.00
0.00
0.10
0.00
0.00
0.00
0.00
0.00
0.00
0.00
0.00
0.00
0.00
0.00
0.00
0.00
0.00
0.00
0.00
0.00
0.00
0.00
0.00
0.30
0.00
0.00
0.00
0.00
0.00
0.10
0.00
0.00
0.00
0.10
0.00
4.70
9.70
0.10
0.00
0.00
0.00
0.00
0.00
0.50
1.20
0.00
0.00
0.40
0.10
2.20
0.00
0.00
0.00
0.00
0.00
0.00
0.00
0.00
0.00
0.00
0.00
0.00
0.00
0.00
0.00
0.00
0.00
3.03
1.88
0.00
0.00
0.00
0.00
0.00
0.00
0.00
0.00
0.00
0.30
0.00
0.00
0.00
4.93
0.97
0.50
0.00
0.00
0.00
2.08
1.72
0.10
0.00
0.00
0.00
0.00
0.00
0.00
0.00
0.00
0.00
0.00
0.00
0.00
0.00
0.00
0.00
0.00
0.00
0.00
0.00
0.00
5.40
0.10
0.00
0.00
11.50
0.10
0.00
0.00
0.00
0.00
0.00
0.00
4.15
0.45
0.00
0.00
0.00
0.00
0.00
0.00
0.30
1.70
1.80
7.00
24.50
0.00
0.20
0.00
0.00
0.00
5.90
6.40
0.00
16.40
0.50
0.00
5.30
0.10
0.00
0.00
0.00
6.70
0.00
0.00
0.00
0.00
0.00
0.00
0.00
0.00
0.00
0.00
18.20
26.50
1.40
0.00
4.00
3.30
0.60
5.10
11.80
0.20
4.30
0.00
0.00
5.80
2.30
7.10
25.90
0.10
9.60
0.00
0.00
0.00
1.50
0.40
9.30
2.80
0.40
21.28
0.42
1.34
0.66
11.70
0.70
7.40
0.00
0.00
0.00
0.00
35.20
0.50
0.00
0.00
0.00
0.00
0.00
0.00
0.00
0.00
8.90
13.00
0.00
0.00
0.20
0.00
0.00
0.00
0.00
0.00
0.00
0.00
0.00
0.00
0.00
41.66
16.54
0.00
0.00
0.00
0.00
0.00
0.00
0.00
0.60
0.00
0.00
0.00
0.00
0.00
0.00
0.00
0.00
0.00
0.00
0.00
0.00
0.00
0.00
0.00
0.10
0.00
0.00
0.00
0.00
0.00
0.00
0.00
0.00
7.20
0.10
0.00
0.80
0.00
0.00
0.00
0.00
13.10
0.00
0.00
0.90
0.00
4.20
0.00
0.00
0.00
12.50
0.40
0.00
0.00
0.00
0.00
0.80
0.00
0.00
10.20
0.00
4.00
0.00
0.00
0.00
0.00
0.00
0.00
1.80
8.57
0.02
0.00
0.60
2.80
0.30
0.00
0.75
2.65
0.00
0.00
0.00
0.00
0.00
0.00
0.00
0.00
0.00
0.20
1.90
0.00
0.00
0.00
0.30
0.00
0.00
0.00
0.00
0.00
4.50
0.00
0.00
0.00
0.00
7.50
0.00
0.00
0.00
0.00
15.86
26.74
0.60
29.13
9.47
21.20
0.00
0.00
0.00
0.00
0.00
0.70
0.00
0.00
0.00
2.80
0.10
0.00
0.00
0.00
0.00
0.00
0.00
0.00
0.00
0.00
0.00
2.10
0.00
0.00
0.00
0.50
4.50
0.10
0.00
0.00
0.00
0.00
0.00
0.00
0.00
0.53
9.87
0.50
0.00
0.10
7.65
5.75
0.00
0.00
0.10
0.20
0.00
0.00
0.00
0.10
0.10
0.10
0.00
2.90
0.90
0.20
2.50
0.10
0.20
0.00
0.50
0.00
0.00
0.10
3.68
0.82
0.10
3.13
7.87
0.00
0.00
0.10
0.00
0.00
0.00
0.00
0.00
0.40
0.00
0.00
1.10
0.00
0.30
0.00
0.00
0.10
0.00
0.00
0.00
13.78
12.62
2.50
6.90
0.00
0.00
0.30
0.00
0.00
0.00
0.00
0.30
0.20
0.00
0.00
0.00
0.00
0.00
0.00
0.00
0.00
0.00
0.00
0.00
0.00
0.00
0.00
0.00
0.60
2.20
0.00
0.10
3.90
0.00
0.00
0.00
0.00
0.00
0.00
0.00
0.00
0.00
0.00
0.00
0.00
0.00
0.00
0.00
0.00
0.00
0.00
0.00
0.00
0.00
0.00
0.00
18.50
6.80
1.80
12.90
0.20
5.30
1.20
0.00
2.00
0.00
25.30
2.18
0.02
3.07
12.83
3.10
0.10
0.00
11.20
0.30
0.00
0.00
1.80
0.60
0.00
0.00
0.00
0.00
0.00
7.00
0.00
0.00
0.00
12.79
0.31
0.00
0.00
0.00
0.00
0.00
0.00
0.00
0.36
0.64
0.00
0.00
1.40
1.40
0.00
0.00
1.30
0.10
0.00
0.00
0.00
0.00
0.00
0.00
0.00
0.00
0.00
0.00
0.00
0.00
3.20
0.00
0.00
0.00
0.00
14.80
0.00
0.00
0.00
0.00
0.00
0.00
0.00
0.00
0.00
0.00
0.00
0.00
0.00
0.30
0.00
0.00
0.00
0.00
0.00
1.60
0.00
0.00
0.00
0.00
3.00
0.00
0.00
0.00
0.00
0.00
0.39
14.51
0.20
0.00
0.00
0.00
0.00
0.00
6.00
0.00
0.00
0.00
0.00
0.00
0.00
3.70
1.60
0.00
0.00
0.00
0.00
0.00
0.00
0.00
0.00
0.00
0.00
0.00
2.50
0.00
0.00
0.00
0.00
0.00
16.00
0.00
0.00
0.00
0.00
0.00
0.00
0.00
0.00
0.00
0.00
0.00
0.00
0.00
0.00
0.00
0.80
0.10
0.00
0.30
0.00
0.00
0.00
0.00
0.00
0.00
0.00
0.00
0.00
0.00
0.00
0.00
0.00
0.00
16.80
3.50
3.40
0.00
0.00
8.70
0.20
0.00
0.00
0.00
0.00
0.00
0.00
0.00
0.00
0.30
0.00
0.00
0.70
43.80
0.00
0.00
0.00
0.00
0.00
0.00
5.60
0.00
0.00
0.00
0.00
0.00
0.00
0.00
0.00
0.00
0.00
0.00
24.00
11.80
9.90
0.00
0.00
0.00
0.00
0.00
0.00
0.00
0.00
0.00
0.00
1.10
0.00
0.00
0.00
0.00
2.30
0.00
0.00
0.00
0.00
0.00
0.00
0.00
0.00
0.00
0.00
0.00
0.00
0.00
0.00
0.30
0.00
0.00
0.00
0.38
0.22
0.00
0.70
0.00
0.00
1.00
0.00
0.00
0.00
0.00
0.00
0.00
0.00
0.00
0.00
0.00
0.00
0.30
0.00
0.10
0.00
0.00
0.00
0.00
12.00
13.20
5.30
10.22
0.18
6.10
0.00
0.00
0.20
0.00
0.60
0.00
0.10
0.00
3.40
7.20
0.00
10.30
0.50
0.00
0.00
0.00
2.80
0.04
8.56
0.00
0.00
0.00
0.98
0.22
0.00
0.00
0.10
0.00
0.00
13.50
0.00
0.00
0.00
0.00
0.00
0.00
0.00
0.00
0.00
8.30
0.00
0.10
0.00
8.00
10.10
0.30
0.00
0.00
0.00
0.00
2.30
1.90
0.20
4.70
10.00
0.10
2.40
0.70
0.00
0.00
0.00
0.00
0.50
0.00
0.00
4.20
13.50
0.10
0.00
0.00
5.90
9.10
10.90
0.00
0.00
0.10
0.00
0.10
0.00
0.00
0.00
0.00
0.00
0.00
13.90
11.00
0.00
0.00
1.30
0.30
0.00
0.00
0.00
3.90
0.00
0.00
0.00
0.00
5.50
0.00
0.00
0.00
0.00
0.00
0.00
0.00
6.20
0.00
0.70
0.60
0.00
0.00
0.00
0.00
0.00
0.00
0.00
1.30
0.00
0.00
0.20
0.00
0.00
0.00
0.10
6.70
0.20
54.10
9.70
0.00
0.00
0.10
1.60
0.30
0.30
0.50
0.90
0.90
0.00
0.00
0.00
0.00
0.00
0.00
0.00
0.00
0.80
0.00
0.00
0.00
0.00
0.00
7.20
0.00
0.00
0.00
0.00
0.00
0.00
0.00
0.00
1.40
0.00
0.00
41.10
19.90
5.10
0.00
1.10
24.90
0.00
1.50
0.00
0.00
1.90
0.00
0.00
0.00
0.00
0.00
0.00
0.70
0.00
0.70
9.10
0.00
0.00
0.00
0.00
0.20
0.00
0.00
0.00
0.00
0.00
0.00
0.00
0.00
0.00
0.00
0.00
0.00
0.00
0.00
0.50
0.00
0.00
0.00
0.00
0.00
0.00
0.00
0.00
0.00
3.00
2.50
0.00
0.10
19.80
0.00
0.00
0.00
0.10
0.00
0.00
0.00
0.00
0.00
26.30
0.00
0.00
0.00
0.00
0.00
0.00
4.80
0.10
0.00
0.00
0.00
0.00
0.00
0.00
0.00
0.00
0.00
0.00
0.00
0.00
0.00
0.00
0.00
0.00
0.10
32.90
0.20
0.00
0.00
0.00
0.00
0.00
0.00
0.00
3.90
21.50
1.90
0.00
0.30
1.50
0.00
5.80
0.00
0.00
0.00
0.00
0.00
0.00
0.00
0.00
0.00
0.00
0.20
0.00
0.00
0.00
0.00
4.60
64.00
6.90
5.90
2.50
0.00
0.00
0.00
0.00
0.00
0.00
0.00
0.00
0.00
0.00
0.00
0.00
0.00
0.00
0.00
0.00
0.80
0.10
0.00
0.00
0.00
0.00
0.00
0.00
0.00
1.80
0.00
0.00
0.00
0.00
0.00
0.00
1.80
0.00
1.60
0.00
0.10
6.10
0.00
0.00
0.10
0.10
0.10
0.30
0.10
0.00
0.00
8.00
0.10
0.00
0.00
0.10
1.20
0.00
0.00
2.00
0.00
0.00
0.10
0.10
0.10
0.00
0.00
0.00
0.00
0.10
0.00
0.00
12.50
3.20
0.20
0.00
0.00
0.00
0.00
0.00
0.00
0.20
0.80
0.00
0.00
0.00
0.00
0.00
0.00
0.00
0.00
0.00
11.10
0.00
0.10
0.00
0.00
0.00
0.00
0.10
0.00
0.00
0.00
0.00
0.00
0.00
0.00
0.00
0.00
0.50
20.30
0.10
1.50
0.30
0.00
0.10
0.00
0.00
0.10
0.00
0.00
0.00
0.10
0.00
0.00
0.00
0.00
0.10
0.00
0.00
4.40
0.20
0.30
0.10
0.00
0.00
0.00
0.00
0.00
0.00
0.00
0.00
0.00
0.00
4.70
0.00
0.00
0.00
0.00
0.00
0.00
0.00
0.00
59.20
0.20
5.40
39.00
0.10
0.00
0.00
0.00
0.00
2.60
0.10
0.00
0.00
0.00
0.00
1.20
0.00
8.40
0.40
0.00
0.00
0.00
0.00
0.00
0.00
0.00
0.00
0.00
0.00
0.00
0.00
0.00
0.00
0.00
0.00
0.00
0.00
0.00
0.00
0.00
0.00
0.90
4.30
0.90
0.20
4.20
0.10
15.10
2.50
0.10
0.00
0.00
0.30
0.00
0.00
0.00
12.20
0.30
0.00
0.00
0.00
1.40
1.80
19.20
0.10
0.00
0.00
0.00
0.00
0.00
0.00
0.00
0.00
0.00
0.00
0.20
0.00
0.00
0.00
1.10
6.60
0.10
0.00
0.00
0.40
0.10
0.00
14.50
0.20
0.00
16.30
0.10
0.00
0.50
0.00
0.00
0.10
0.00
0.00
0.00
0.00
0.00
0.00
0.00
0.00
0.00
0.00
0.00
0.00
0.00
0.00
0.00
0.00
2.50
2.30
0.00
0.00
0.00
0.00
0.00
0.00
0.00
4.90
1.20
0.00
0.00
0.00
0.00
0.00
1.30
0.00
0.00
0.00
0.00
0.00
0.00
0.10
0.00
0.00
0.00
4.80
0.00
0.00
0.00
0.00
0.00
0.00
0.00
0.00
0.00
0.00
0.00
0.00
0.00
0.00
0.00
0.00
0.00
0.00
0.00
0.00
0.00
0.00
0.00
0.00
0.00
0.00
0.00
0.00
0.00
0.00
0.00
0.00
0.00
0.00
0.00
0.00
0.20
0.00
0.00
0.00
0.00
0.00
0.00
0.00
0.00
0.00
0.00
0.00
0.00
0.30
0.00
0.00
0.00
0.00
0.00
19.00
0.00
0.00
0.00
0.00
0.00
0.00
0.00
0.00
0.00
0.00
0.00
0.00
0.00
0.00
0.00
0.00
0.00
0.00
0.00
0.00
0.00
0.00
0.00
0.00
0.80
0.00
0.00
0.00
0.00
3.10
0.10
0.00
19.40
3.40
0.10
0.00
0.00
0.00
1.10
26.30
0.40
0.40
0.00
0.10
0.00
0.00
0.00
0.00
0.00
0.00
0.00
0.00
0.00
0.00
0.00
0.00
0.00
0.00
0.00
0.00
0.10
0.00
0.10
0.10
0.10
0.00
0.00
0.10
0.00
0.00
0.10
0.00
0.00
0.00
0.00
0.10
0.00
0.00
0.00
0.10
0.00
0.00
0.00
0.00
0.00
0.00
0.00
0.00
0.10
0.00
0.00
0.20
0.10
0.00
0.10
0.00
0.00
0.00
0.00
0.10
0.00
0.00
0.00
0.00
0.00
0.00
0.10
0.10
0.20
0.00
0.30
0.00
0.00
0.00
0.00
0.10
0.10
0.00
0.00
0.00
0.00
0.00
0.00
0.10
0.40
0.40
0.00
0.00
0.00
2.70
3.50
0.10
0.00
0.30
0.00
0.00
0.00
0.00
0.00
0.00
0.00
0.00
0.00
0.00
0.00
0.00
0.00
0.00
0.00
0.00
0.00
0.00
0.00
0.00
0.00
0.00
0.00
0.00
0.00
0.00
0.00
0.00
0.00
0.00
0.00
0.00
0.00
0.00
0.00
0.00
0.00
0.00
0.00
0.00
0.00
0.00
4.40
2.50
21.30
0.30
0.00
0.00
0.00
0.30
0.00
0.00
0.00
0.00
0.00
0.00
0.00
6.40
29.00
2.60
17.10
0.10
0.00
0.00
0.70
0.00
13.60
0.10
0.10
1.80
0.00
0.30
0.70
0.20
0.00
1.30
0.00
0.00
0.00
0.00
0.00
0.00
9.20
0.00
0.40
0.00
0.00
0.00
0.20
0.00
1.70
0.10
0.20
0.00
0.00
0.00
18.20
0.30
0.00
0.00
0.00
0.00
0.50
0.00
4.10
0.10
0.00
0.00
0.00
0.00
0.00
0.00
0.10
0.10
0.00
0.00
0.00
0.00
7.80
0.00
0.00
0.00
0.00
0.00
0.00
0.00
0.10
0.00
0.00
0.00
0.00
0.00
0.00
0.50
0.70
0.00
0.00
0.00
0.00
0.00
0.00
0.00
0.00
0.00
0.00
0.00
4.70
0.00
0.00
0.00
16.80
0.00
0.00
0.00
0.00
0.00
0.00
0.00
0.00
0.00
0.00
0.00
0.00
0.00
0.00
0.00
0.00
0.00
0.00
0.00
0.00
0.00
0.30
0.00
0.00
0.00
0.00
0.00
0.00
0.00
0.00
0.00
0.30
0.00
0.00
0.00
0.00
0.00
0.00
0.00
0.00
0.00
0.00
0.00
0.00
0.00
0.00
0.00
0.00
0.00
0.00
0.00
0.00
0.00
0.00
0.00
8.50
0.00
0.00
0.00
0.00
0.00
0.00
0.00
0.00
15.20
0.10
0.00
0.00
0.00
0.00
0.00
0.00
0.00
0.00
0.00
0.00
0.00
0.00
0.00
0.00
0.00
0.00
0.00
0.00
1.00
4.00
0.00
0.10
0.00
0.00
0.00
0.00
0.00
0.00
0.00
0.00
0.00
0.10
0.00
0.10
0.00
0.10
0.00
0.00
0.00
-99.00
-99.00
-99.00
-99.00
-99.00
-99.00
-99.00
-99.00
-99.00
-99.00
-99.00
-99.00
-99.00
-99.00
-99.00
-99.00
-99.00
-99.00
-99.00
-99.00
-99.00
-99.00
-99.00
-99.00
-99.00
-99.00
-99.00
-99.00
-99.00
-99.00
-99.00
-99.00
-99.00
-99.00
-99.00
-99.00
-99.00
-99.00
-99.00
-99.00
-99.00
-99.00
-99.00
-99.00
-99.00
-99.00
-99.00
-99.00
-99.00
-99.00
-99.00
-99.00
-99.00
-99.00
-99.00
-99.00
-99.00
-99.00
-99.00
-99.00
-99.00
-99.00
-99.00
-99.00
-99.00
-99.00
-99.00
-99.00
-99.00
-99.00
-99.00
-99.00
-99.00
-99.00
-99.00
-99.00
-99.00
-99.00
-99.00
-99.00
-99.00
-99.00
-99.00
-99.00
-99.00
-99.00
-99.00
-99.00
-99.00
-99.00
-99.00
-99.00
-99.00
-99.00
-99.00
0.20
-99.00
-99.00
-99.00
-99.00
-99.00
-99.00
-99.00
-99.00
-99.00
-99.00
-99.00
-99.00
-99.00
0.00
0.00
0.00
0.00
0.00
0.90
0.00
0.00
0.00
0.00
0.00
0.00
0.00
0.00
0.00
0.00
0.00
3.10
4.30
0.00
0.00
0.00
0.00
0.20
0.00
0.00
0.00
0.30
30.10
0.20
0.00
0.50
0.00
0.00
0.30
0.00
14.10
0.20
0.00
0.10
3.00
0.30
0.10
0.60
0.00
0.00
0.30
0.10
0.50
0.00
4.70
0.60
1.20
0.00
0.00
4.10
0.00
0.00
6.30
2.40
1.00
0.00
0.00
0.00
0.00
0.00
0.00
0.00
0.00
0.00
0.00
0.00
0.00
1.10
0.00
0.00
0.00
0.00
0.00
8.70
11.50
22.40
13.50
18.40
4.00
0.00
0.00
0.00
1.20
0.90
0.10
0.00
0.00
0.40
0.00
0.00
0.00
0.00
2.70
36.50
0.00
6.50
14.00
0.80
2.20
0.00
0.00
0.00
0.00
0.00
0.00
1.20
0.00
1.00
0.00
0.00
0.00
0.00
0.00
0.00
0.50
0.00
0.00
11.10
0.00
0.00
0.00
0.00
0.00
0.00
0.00
0.00
0.00
0.60
0.00
0.00
0.40
0.00
0.00
0.00
0.00
0.00
0.00
0.00
0.00
0.00
0.00
0.00
0.00
0.00
0.00
0.00
0.00
0.00
0.00
1.10
0.00
0.00
0.30
5.60
0.10
0.10
0.00
11.00
0.00
0.30
0.00
10.10
0.50
0.00
0.00
0.00
0.00
2.50
0.10
0.00
0.00
0.00
0.00
0.00
0.00
0.00
0.00
0.00
2.10
0.00
0.00
0.00
0.00
3.30
0.00
0.00
1.10
0.20
0.10
0.00
1.00
0.00
0.00
0.00
0.00
0.00
0.00
0.00
9.50
5.00
0.00
0.00
0.00
0.00
0.00
0.00
0.00
7.70
13.30
0.10
0.00
11.60
0.10
0.00
0.00
0.00
0.00
0.00
0.00
0.00
0.00
0.00
0.00
0.00
0.00
0.00
0.00
0.00
0.00
0.90
0.00
0.00
0.00
0.00
1.60
15.80
1.50
0.00
0.00
0.00
0.00
0.00
0.00
0.00
0.00
0.00
0.00
0.00
0.00
0.00
0.00
0.00
0.00
0.40
0.30
0.00
0.00
0.00
0.00
0.00
0.00
0.00
0.00
0.00
0.00
0.00
0.00
0.00
0.00
0.00
0.00
0.00
0.00
0.00
0.00
0.00
0.00
0.00
10.40
10.20
0.00
0.00
0.00
0.00
0.00
0.10
0.00
0.10
0.10
0.10
0.00
0.10
0.00
0.00
0.00
0.00
0.10
0.10
0.00
0.10
0.00
0.00
0.20
0.00
0.10
0.10
0.00
0.10
0.00
0.00
0.00
4.60
0.90
0.20
0.10
0.00
1.30
1.10
0.00
0.00
0.00
0.00
0.10
0.10
0.10
0.00
0.00
6.20
0.00
0.00
0.00
0.00
0.00
0.00
0.00
0.10
1.30
0.00
0.00
0.60
0.00
12.90
0.10
0.00
0.10
1.00
0.00
0.00
0.00
0.10
0.00
0.10
8.10
0.40
0.20
1.90
0.10
0.00
0.30
3.80
0.00
0.30
0.00
11.20
0.40
0.00
0.10
0.00
0.00
0.10
9.60
0.10
0.00
0.00
0.00
0.00
0.00
0.00
0.00
0.00
0.10
0.00
0.10
0.00
0.00
0.00
0.00
0.00
0.00
0.00
0.00
0.00
0.00
0.00
0.00
0.00
0.00
0.00
0.00
0.00
0.00
0.00
0.00
0.00
0.30
0.00
0.10
0.00
0.00
0.00
0.00
0.00
10.10
0.30
0.00
0.00
11.90
0.20
0.00
0.00
0.00
0.00
0.00
0.00
6.40
0.50
0.00
0.00
0.00
0.00
0.00
0.00
0.20
2.20
11.80
0.20
0.00
2.80
0.10
2.00
0.00
0.00
0.00
0.00
0.00
0.00
0.00
0.00
0.00
0.00
0.00
0.00
0.00
0.00
0.60
0.40
2.10
0.00
0.00
0.00
0.00
1.40
0.10
0.10
0.00
0.00
0.10
0.00
0.00
11.50
0.00
1.80
0.10
1.00
0.30
0.00
0.00
0.00
0.60
0.00
0.00
0.00
0.00
0.00
0.00
0.00
5.00
0.00
6.00
1.90
0.00
4.20
0.10
0.00
0.00
0.00
0.00
0.00
0.10
0.00
0.20
0.00
0.00
0.50
0.00
0.00
21.60
0.20
0.00
0.00
17.20
23.40
0.10
0.00
0.00
0.00
0.00
0.00
0.00
0.00
0.00
0.00
0.00
0.10
0.00
0.00
0.00
0.00
0.00
3.40
0.00
0.00
4.20
0.00
0.00
0.00
3.20
2.50
0.10
14.10
1.20
0.00
0.00
0.00
0.00
0.00
0.00
0.00
0.00
0.00
0.00
0.00
0.00
0.10
0.00
20.00
5.60
55.40
3.00
0.00
0.00
0.00
0.00
0.00
0.00
0.00
0.00
0.00
0.00
0.00
4.40
0.00
0.00
0.00
0.00
0.00
0.00
0.00
0.00
0.00
36.70
0.00
0.00
0.00
0.00
0.00
0.00
0.00
9.70
17.10
0.10
0.00
0.00
0.00
55.10
0.00
0.50
0.00
0.00
0.00
4.30
6.80
0.00
0.00
0.00
0.00
2.60
0.10
4.20
0.00
0.00
0.00
0.00
0.00
0.00
0.00
0.00
0.00
0.00
0.00
0.00
0.00
0.00
-99.00
-99.00
-99.00
-99.00
-99.00
-99.00
-99.00
-99.00
-99.00
-99.00
-99.00
-99.00
-99.00
-99.00
-99.00
-99.00
-99.00
-99.00
-99.00
-99.00
-99.00
-99.00
-99.00
0.00
0.00
0.00
0.00
0.00
0.40
6.50
9.80
2.70
21.10
59.90
22.10
0.00
0.00
1.50
4.90
0.00
0.00
0.00
0.00
0.00
0.00
0.00
0.00
0.10
1.80
6.80
0.00
0.00
0.00
0.00
0.00
0.00
0.20
0.20
0.30
0.20
0.00
0.00
0.10
0.00
0.00
0.00
-99.00
-99.00
-99.00
-99.00
-99.00
-99.00
-99.00
-99.00
-99.00
-99.00
-99.00
-99.00
-99.00
-99.00
-99.00
-99.00
-99.00
-99.00
-99.00
-99.00
-99.00
-99.00
-99.00
-99.00
-99.00
-99.00
-99.00
-99.00
-99.00
-99.00
-99.00
-99.00
-99.00
-99.00
-99.00
-99.00
-99.00
-99.00
-99.00
-99.00
-99.00
-99.00
-99.00
-99.00
-99.00
-99.00
-99.00
-99.00
-99.00
-99.00
-99.00
-99.00
-99.00
-99.00
-99.00
-99.00
-99.00
-99.00
-99.00
-99.00
-99.00
-99.00
-99.00
-99.00
-99.00
-99.00
-99.00
-99.00
-99.00
-99.00
-99.00
-99.00
-99.00
-99.00
-99.00
-99.00
-99.00
-99.00
-99.00
-99.00
-99.00
-99.00
-99.00
-99.00
-99.00
-99.00
-99.00
-99.00
-99.00
-99.00
-99.00
-99.00
-99.00
-99.00
-99.00
-99.00
-99.00
-99.00
-99.00
-99.00
-99.00
-99.00
-99.00
-99.00
-99.00
-99.00
-99.00
-99.00
-99.00
-99.00
-99.00
-99.00
-99.00
-99.00
-99.00
-99.00
-99.00
-99.00
-99.00
-99.00
-99.00
-99.00
-99.00
-99.00
-99.00
-99.00
-99.00
-99.00
-99.00
-99.00
-99.00
-99.00
-99.00
-99.00
-99.00
-99.00
-99.00
-99.00
-99.00
-99.00
-99.00
-99.00
-99.00
-99.00
-99.00
-99.00
-99.00
-99.00
-99.00
-99.00
-99.00
-99.00
-99.00
-99.00
-99.00
-99.00
-99.00
-99.00
-99.00
-99.00
-99.00
-99.00
-99.00
-99.00
-99.00
-99.00
-99.00
-99.00
-99.00
-99.00
-99.00
-99.00
-99.00
-99.00
-99.00
-99.00
-99.00
-99.00
-99.00
-99.00
-99.00
-99.00
-99.00
-99.00
-99.00
-99.00
-99.00
-99.00
-99.00
-99.00
-99.00
-99.00
-99.00
-99.00
-99.00
-99.00
-99.00
-99.00
-99.00
-99.00
-99.00
-99.00
-99.00
-99.00
-99.00
-99.00
-99.00
-99.00
-99.00
-99.00
-99.00
-99.00
-99.00
-99.00
-99.00
-99.00
-99.00
-99.00
-99.00
-99.00
-99.00
-99.00
-99.00
-99.00
-99.00
-99.00
-99.00
-99.00
-99.00
-99.00
-99.00
-99.00
-99.00
-99.00
-99.00
-99.00
-99.00
-99.00
-99.00
-99.00
-99.00
-99.00
-99.00
-99.00
-99.00
-99.00
-99.00
-99.00
-99.00
-99.00
-99.00
-99.00
-99.00
-99.00
-99.00
-99.00
-99.00
-99.00
-99.00
-99.00
-99.00
-99.00
-99.00
-99.00
-99.00
-99.00
-99.00
-99.00
-99.00
-99.00
-99.00
-99.00
-99.00
-99.00
-99.00
-99.00
-99.00
-99.00
-99.00
-99.00
-99.00
-99.00
-99.00
-99.00
-99.00
-99.00
-99.00
-99.00
-99.00
-99.00
-99.00
-99.00
-99.00
-99.00
-99.00
-99.00
-99.00
-99.00
-99.00
-99.00
-99.00
-99.00
-99.00
-99.00
-99.00
-99.00
-99.00
-99.00
-99.00
-99.00
-99.00
-99.00
-99.00
-99.00
-99.00
-99.00
-99.00
-99.00
-99.00
-99.00
-99.00
-99.00
-99.00
-99.00
-99.00
-99.00
-99.00
-99.00
-99.00
-99.00
-99.00
-99.00
-99.00
-99.00
-99.00
-99.00
-99.00
-99.00
-99.00
-99.00
-99.00
-99.00
-99.00
-99.00
-99.00
-99.00
-99.00
-99.00
-99.00
-99.00
-99.00
-99.00
-99.00
-99.00
-99.00
-99.00
-99.00
-99.00
-99.00
-99.00
-99.00
-99.00
-99.00
-99.00
-99.00
0.00
0.40
0.00
0.60
0.60
0.00
0.00
0.00
0.00
0.00
0.00
0.00
0.00
0.00
0.00
0.00
0.00
0.00
0.00
0.00
0.00
0.00
0.00
0.00
0.00
0.00
0.00
0.00
0.00
0.00
0.00
0.00
0.00
0.00
0.00
0.00
0.40
2.90
0.00
0.10
0.00
0.30
0.50
6.30
4.10
0.00
0.00
0.00
0.00
0.00
0.00
0.00
0.60
0.00
0.00
0.00
0.00
22.20
0.60
0.00
0.00
0.00
0.00
2.40
0.00
0.00
0.00
0.00
0.30
0.10
0.00
0.00
0.00
0.60
0.00
9.80
1.50
0.00
2.10
11.40
1.20
0.00
0.00
0.00
0.00
0.00
0.00
0.00
0.00
0.00
0.00
8.70
0.00
0.00
9.10
11.80
0.00
0.00
0.10
0.00
0.00
0.60
0.00
0.00
0.00
0.00
0.00
0.00
0.00
0.00
0.10
19.00
0.00
0.00
0.00
0.00
0.10
2.10
2.60
0.00
0.10
0.00
0.00
0.00
0.00
0.00
0.50
0.00
2.00
3.90
0.00
0.00
0.00
0.00
0.10
0.00
0.00
0.00
3.60
0.00
0.00
0.00
3.90
0.00
0.00
0.00
0.00
0.00
6.30
0.00
0.00
0.30
0.00
0.00
0.00
3.90
0.00
0.00
0.00
0.00
0.00
0.00
0.20
0.00
0.00
0.00
11.00
0.10
0.00
0.90
0.00
0.00
0.00
0.00
0.00
0.00
0.00
0.00
0.00
0.00
0.00
0.00
0.00
0.00
0.00
0.00
0.00
0.00
0.00
0.40
0.00
0.00
0.00
0.00
0.00
0.00
0.00
0.00
0.00
0.00
0.00
0.10
0.00
57.30
0.20
0.00
0.00
0.00
0.00
0.00
0.00
0.00
0.00
0.00
0.00
0.00
0.00
0.10
0.00
0.00
0.00
0.00
0.00
0.00
0.00
0.00
0.00
0.10
13.80
3.00
0.00
0.00
0.60
0.00
0.00
0.00
0.00
0.00
0.00
0.00
0.00
0.00
0.00
0.00
0.00
0.00
0.00
0.00
0.00
0.00
0.00
0.00
10.20
0.50
0.00
0.00
5.40
4.00
0.10
0.00
0.10
0.00
0.00
0.00
0.00
0.00
3.10
0.10
8.20
0.10
3.70
0.20
0.00
0.00
0.00
-99.00
0.00
0.00
0.00
-99.00
-99.00
0.00
0.00
0.00
0.00
-99.00
-99.00
-99.00
0.00
0.00
-99.00
0.00
0.00
0.00
0.00
-99.00
0.00
-99.00
-99.00
0.00
0.00
0.00
0.00
0.00
0.00
0.00
0.00
0.00
-99.00
-99.00
-99.00
0.00
0.00
0.00
0.00
0.00
0.00
0.00
0.00
0.00
0.00
0.00
0.00
0.00
-99.00
-99.00
-99.00
-99.00
-99.00
0.00
-99.00
-99.00
-99.00
0.00
0.00
-99.00
-99.00
-99.00
-99.00
-99.00
0.00
0.00
-99.00
-99.00
0.00
0.00
-99.00
-99.00
0.00
0.00
-99.00
0.00
0.00
-99.00
-99.00
-99.00
0.00
0.00
0.00
0.00
0.00
0.00
-99.00
-99.00
-99.00
-99.00
0.10
0.10
0.00
0.00
0.20
0.00
0.10
0.10
0.00
0.00
0.10
0.00
0.00
0.00
0.00
0.00
0.00
0.00
0.00
0.00
0.00
0.00
3.10
0.00
1.90
1.10
21.70
5.50
0.00
0.00
0.00
0.00
0.90
0.20
0.00
0.60
0.00
0.00
2.30
0.00
0.00
0.10
0.00
20.40
9.10
0.00
0.00
0.00
0.00
0.00
0.00
0.00
0.00
0.00
0.70
0.10
0.00
0.00
0.00
0.00
0.00
10.20
5.90
0.00
0.00
0.00
0.00
0.00
0.00
0.00
1.70
0.10
0.00
0.00
0.00
0.00
0.00
0.00
0.00
0.00
0.00
0.20
59.60
25.70
0.00
0.70
0.00
0.00
0.00
0.70
0.00
0.30
0.00
0.00
0.00
0.00
0.00
0.00
0.00
0.00
0.00
0.00
0.00
0.00
0.00
0.00
0.00
0.00
1.20
0.00
0.00
0.00
0.00
0.00
0.40
8.50
11.70
0.10
0.00
2.30
0.00
0.00
1.50
0.00
0.00
0.10
0.00
0.00
0.00
0.00
3.40
0.00
0.00
0.00
0.00
0.00
0.00
0.00
0.00
0.00
0.00
0.00
0.00
0.00
0.00
0.00
0.00
0.00
0.00
0.50
0.00
0.00
5.50
0.20
3.10
0.20
0.00
0.00
0.00
0.30
0.00
0.00
0.00
0.00
0.00
0.00
0.00
0.00
0.00
0.00
0.00
2.20
0.00
0.00
0.00
0.70
0.20
0.00
0.90
0.00
0.00
1.70
0.00
0.00
0.00
0.00
0.00
0.00
8.80
0.10
0.00
0.00
0.00
0.00
0.00
0.00
0.00
0.00
0.00
0.00
0.80
3.20
0.00
0.00
0.00
0.00
0.00
0.00
0.00
0.00
0.00
0.00
0.20
0.00
0.00
0.00
0.00
0.00
0.00
0.00
9.50
0.10
0.00
0.00
0.00
0.00
10.10
0.10
0.00
0.00
7.20
0.00
0.00
0.00
0.00
0.40
0.00
0.00
0.00
0.00
0.10
2.00
2.40
0.00
0.00
0.00
0.20
0.00
3.90
0.00
0.00
1.40
0.00
0.00
0.00
0.00
3.10
38.60
0.00
0.00
2.10
0.00
0.00
0.00
2.40
0.00
0.00
12.30
0.10
0.00
0.00
0.00
2.20
0.00
0.00
0.00
0.00
0.00
0.00
0.00
0.00
0.00
0.00
0.00
0.00
0.00
0.00
0.00
0.00
0.00
19.50
47.50
0.10
0.00
0.00
0.00
0.00
0.00
0.00
0.00
0.00
0.00
0.00
0.00
0.00
0.00
0.00
8.40
0.00
0.00
0.00
0.00
0.00
0.10
0.00
0.00
0.00
0.00
0.00
0.00
0.00
0.00
0.00
0.00
0.00
0.00
0.00
0.00
0.00
0.00
0.00
0.00
0.00
0.10
0.00
0.00
0.00
0.00
0.00
0.10
0.00
0.00
0.00
0.00
0.30
0.00
0.30
0.00
2.40
0.10
0.00
0.00
0.00
0.10
0.00
0.00
0.00
0.00
0.10
0.00
2.10
0.00
0.70
0.10
0.00
0.00
0.00
0.00
0.00
0.00
9.00
14.60
0.10
0.00
0.00
0.10
0.10
1.70
2.40
0.00
0.00
0.00
0.00
0.00
0.00
0.00
0.00
0.00
0.00
1.30
41.10
0.10
0.00
0.00
0.00
0.10
2.30
0.10
0.00
15.80
25.60
2.60
0.00
0.10
0.20
0.10
0.00
2.00
0.00
0.10
0.00
0.00
0.00
0.00
0.00
0.00
0.00
0.00
0.00
0.00
0.00
0.40
0.50
31.90
11.00
2.90
0.00
0.00
3.90
0.00
0.00
0.00
0.50
1.40
0.10
0.00
0.00
0.60
1.30
0.00
0.20
0.10
2.30
3.40
0.00
0.00
0.00
24.20
4.50
0.10
0.00
0.00
0.00
0.00
0.00
0.00
0.00
0.10
0.00
0.00
1.00
0.10
16.90
0.50
5.30
29.60
0.00
7.30
6.20
0.10
0.00
0.00
0.00
0.00
0.00
0.00
0.00
0.00
0.00
0.00
0.00
0.00
0.00
5.60
0.00
3.20
0.00
0.00
0.00
0.00
4.30
12.30
2.90
0.00
0.20
0.00
20.00
1.80
0.00
0.00
0.00
0.00
0.00
2.70
12.00
8.30
3.60
0.00
0.00
0.20
0.00
0.00
9.90
0.40
14.80
0.00
0.00
0.00
4.40
0.00
17.90
0.40
0.10
0.10
0.00
0.10
0.00
1.20
0.00
0.00
0.00
0.00
0.00
0.00
0.00
0.00
0.00
0.00
0.00
0.00
0.00
0.00
0.00
28.00
0.10
0.00
0.00
0.00
0.00
0.00
0.00
0.00
0.00
0.00
3.50
0.00
0.00
0.20
0.00
0.00
0.00
6.50
0.00
0.00
0.00
1.90
0.00
0.00
0.00
4.00
0.00
0.00
0.00
0.00
0.00
0.00
0.00
0.00
0.00
0.00
0.00
0.00
0.00
0.00
0.00
6.50
0.50
0.00
4.60
4.60
2.00
0.00
0.40
5.80
0.20
0.00
0.00
0.00
0.00
35.70
0.10
0.00
0.00
0.00
0.00
0.30
0.00
0.00
0.00
0.00
0.00
0.00
0.00
0.10
0.00
0.00
0.00
0.00
0.00
4.00
0.10
0.00
0.00
3.30
0.10
1.40
0.00
0.00
0.00
0.00
0.00
0.00
0.00
0.00
0.00
0.00
0.00
0.00
0.00
0.00
0.00
0.00
0.00
0.00
1.10
0.10
12.00
0.30
0.00
0.00
0.00
47.90
7.10
0.00
1.00
1.20
0.30
0.10
0.00
0.00
0.00
0.00
0.00
1.50
12.60
12.70
0.00
2.60
34.50
1.80
0.00
0.00
0.00
22.60
0.10
0.00
0.00
14.20
0.00
0.00
0.00
0.00
0.00
32.00
0.20
2.10
0.10
14.10
5.20
0.20
0.00
6.30
0.00
0.10
3.20
0.00
0.00
0.00
2.10
0.00
0.00
0.00
0.00
0.00
0.00
0.00
0.00
0.00
0.00
0.10
0.00
2.90
0.00
0.00
0.50
0.00
0.00
0.00
0.00
0.00
0.00
0.00
0.00
0.00
0.00
0.00
0.00
0.00
0.10
0.10
0.00
0.20
0.10
0.10
0.10
0.10
0.00
0.00
0.10
0.10
0.00
0.00
0.00
0.00
0.10
0.10
10.60
0.00
0.00
7.10
0.00
0.50
1.90
0.00
0.00
0.00
0.00
0.40
0.00
0.10
0.00
0.70
0.00
0.00
0.00
0.00
0.00
0.00
0.00
0.00
0.00
0.00
0.00
0.00
0.00
0.00
0.00
0.00
0.00
0.00
0.00
0.00
0.00
0.00
0.00
0.00
0.00
0.00
0.00
0.00
0.00
0.00
0.00
0.00
7.00
0.00
0.00
0.00
0.00
0.00
0.00
0.00
0.00
0.00
0.00
0.00
0.00
0.00
0.00
0.00
0.00
0.00
0.00
0.00
0.00
0.00
0.00
0.00
0.00
0.00
0.00
0.00
0.00
0.00
15.90
1.10
0.80
0.00
0.70
6.80
0.10
0.00
0.00
0.00
0.70
0.20
0.00
0.00
0.00
15.70
0.10
0.00
1.20
0.00
8.60
0.10
0.00
0.00
1.80
0.00
0.00
4.50
23.70
0.00
0.00
0.00
0.00
0.00
0.00
0.00
0.00
0.00
0.00
0.00
0.00
1.30
3.70
0.20
1.30
0.10
0.00
0.00
0.00
30.50
0.20
0.00
0.00
0.00
0.00
0.00
0.00
0.00
0.00
0.00
0.00
0.10
0.00
0.00
0.00
0.00
0.00
9.60
0.00
0.00
0.00
0.00
0.00
0.00
0.00
0.00
0.00
0.30
0.00
0.00
0.00
0.00
0.00
0.00
0.00
0.00
0.00
0.00
0.00
0.00
0.00
0.00
0.20
0.80
1.80
8.10
0.00
0.00
0.00
0.00
1.20
0.00
0.00
4.20
0.00
0.00
0.00
0.00
0.00
0.00
0.00
0.00
0.00
0.00
0.00
0.00
0.00
0.00
0.00
0.00
0.00
0.00
0.00
0.00
0.00
0.00
0.00
0.00
0.00
3.40
0.00
0.00
0.00
0.00
0.00
0.10
0.00
2.70
0.00
0.00
0.00
0.00
0.00
0.00
2.70
0.00
0.00
0.00
19.20
0.50
0.00
0.00
0.00
0.00
0.00
0.00
0.00
0.00
7.60
1.10
0.00
0.00
0.00
0.00
0.00
0.00
0.30
3.70
0.00
5.10
0.00
0.00
0.00
0.00
0.00
0.00
0.00
0.00
0.00
0.00
0.00
0.00
0.00
0.00
0.00
0.00
0.00
0.00
0.00
0.00
0.00
0.00
12.10
0.00
0.00
0.00
0.00
0.00
14.90
0.00
60.80
14.80
0.00
0.00
0.00
0.00
0.00
0.00
0.00
0.00
1.30
0.50
0.40
0.40
1.10
0.00
0.00
0.00
0.00
0.20
0.00
0.00
0.00
2.80
0.20
0.00
0.10
0.00
0.10
0.10
0.00
17.40
0.30
0.00
0.00
0.10
0.00
0.00
0.00
0.00
0.00
0.00
0.00
22.60
6.20
0.10
0.00
0.00
0.00
0.00
0.00
0.10
0.00
0.00
0.00
0.00
0.40
0.00
2.30
17.90
3.90
0.00
0.00
0.00
0.00
0.00
0.00
0.10
0.00
0.00
0.00
0.00
0.00
0.00
0.10
0.10
0.10
0.10
0.00
0.00
2.60
0.00
0.20
0.10
0.20
0.10
0.00
0.00
0.00
0.60
0.00
40.20
24.60
22.40
0.10
0.00
0.00
0.00
0.00
0.00
0.00
0.00
0.00
0.00
0.00
0.00
0.00
0.00
0.00
0.00
0.00
0.00
0.00
0.00
0.00
0.00
0.00
0.00
0.00
0.00
0.00
0.00
0.00
0.00
0.00
0.00
0.00
0.00
0.00
0.00
0.00
0.00
9.00
0.00
0.00
0.40
0.70
0.00
0.00
0.00
0.00
0.00
0.00
0.00
0.00
0.00
33.30
0.10
0.00
0.00
0.00
0.00
4.40
6.70
0.00
0.30
0.00
0.00
0.00
5.50
0.90
4.50
7.80
0.40
0.00
0.00
0.00
0.00
0.00
0.00
0.00
0.00
0.00
0.00
11.80
0.90
0.00
0.00
0.00
1.70
21.70
13.80
31.00
0.00
0.00
0.40
0.00
6.40
0.50
2.50
0.00
0.00
0.00
0.00
0.00
0.00
0.00
0.00
0.00
0.00
0.00
20.40
0.00
0.40
0.10
18.60
0.00
1.00
0.00
0.00
0.00
0.00
0.00
0.00
2.30
0.00
0.00
0.00
0.00
0.00
7.10
0.10
0.00
22.10
0.10
13.80
3.80
0.00
0.90
23.30
1.10
0.00
0.00
0.10
3.70
0.00
0.00
0.10
17.10
0.00
5.10
0.00
0.00
0.00
0.00
0.00
0.00
0.00
0.00
0.00
0.00
0.00
0.00
0.10
5.40
5.60
0.00
0.00
0.00
0.00
0.00
0.00
0.00
0.00
0.00
5.50
0.00
0.00
0.00
0.00
0.00
0.00
0.00
0.00
0.00
0.00
1.20
0.00
0.00
0.00
0.00
0.00
0.00
0.00
0.00
0.00
2.30
0.00
0.00
0.00
0.00
0.00
0.00
0.00
0.00
0.10
0.00
0.00
0.00
0.00
0.00
0.00
0.00
0.00
0.00
0.00
0.00
0.00
0.00
0.00
0.00
14.10
2.80
0.00
0.00
0.00
0.00
0.00
0.00
0.00
0.00
0.20
1.50
8.10
4.20
0.00
0.00
0.00
0.00
0.00
0.00
0.00
3.60
3.20
0.00
4.50
0.00
0.00
0.00
0.50
0.20
0.00
0.00
0.00
0.00
0.00
5.50
0.00
0.00
0.00
0.00
0.00
0.00
0.00
5.30
0.10
0.00
0.00
8.90
0.00
0.00
0.00
0.00
0.00
0.10
0.00
5.40
0.10
0.00
0.10
0.00
0.00
0.00
0.00
0.00
0.00
0.00
0.00
9.40
14.30
0.10
0.30
49.60
0.00
0.10
0.00
0.00
0.00
0.00
0.00
0.00
0.00
0.00
0.00
0.00
0.00
0.10
0.00
0.10
0.00
0.10
0.50
11.50
6.80
0.10
0.00
0.00
0.00
0.10
0.00
0.10
0.00
2.80
0.10
0.00
0.10
1.90
0.00
0.00
0.00
0.00
0.00
0.10
1.40
0.40
1.10
0.00
0.00
0.00
0.00
0.10
0.00
0.10
0.00
0.00
0.00
0.00
0.00
0.00
0.00
0.00
0.00
0.00
0.00
0.00
13.80
5.50
0.00
0.00
0.00
0.00
0.00
0.20
0.10
0.00
0.10
0.10
0.00
4.70
0.40
0.10
0.00
0.00
0.00
0.00
0.00
0.20
0.40
3.20
0.00
0.00
0.00
0.00
0.00
0.00
1.30
1.20
0.10
0.00
0.60
0.20
2.30
0.00
0.00
0.00
0.00
0.00
0.00
0.00
10.80
0.10
0.00
0.00
0.00
0.00
0.20
0.00
0.00
0.00
0.00
0.00
0.00
0.00
1.80
0.10
0.00
0.00
0.00
0.00
0.00
