20000101
0.00
0.00
0.20
0.20
0.20
0.00
0.20
1.30
3.60
0.00
0.20
0.00
0.20
3.70
23.80
0.40
0.00
0.00
0.40
0.00
0.00
0.20
0.40
0.00
1.30
5.40
1.60
0.20
0.00
0.20
0.20
0.20
0.20
0.00
0.00
0.00
0.00
0.20
0.00
0.00
0.00
0.00
1.10
0.00
0.00
0.00
1.30
0.60
0.00
0.20
0.00
0.00
0.00
0.20
0.00
0.00
0.20
0.40
0.20
0.00
0.20
0.00
0.00
0.00
0.00
0.00
0.00
0.20
0.00
0.00
0.00
0.00
0.00
0.20
0.00
0.00
0.00
0.00
0.00
0.00
0.00
0.00
2.30
0.20
0.40
2.70
12.60
2.00
2.60
0.20
6.50
0.20
1.50
5.40
0.70
4.80
0.20
0.00
0.00
4.80
1.80
20.80
0.00
0.00
0.00
0.00
2.80
0.80
3.20
0.00
0.20
0.20
0.20
6.90
0.20
0.40
0.00
0.60
4.30
0.20
0.00
0.20
0.20
0.00
0.00
0.20
0.20
0.20
0.00
2.70
1.20
0.20
0.00
0.00
0.00
0.20
0.00
4.90
0.20
0.00
0.00
0.20
2.60
0.00
0.00
0.00
1.30
4.30
0.00
0.00
0.00
0.20
0.00
0.20
0.00
0.00
4.30
2.30
0.00
0.00
0.00
30.40
6.90
0.90
5.30
6.50
0.20
0.00
0.00
0.00
0.40
0.20
0.00
0.20
0.00
0.00
0.00
0.00
0.00
0.00
0.00
0.00
0.00
0.00
0.00
0.00
0.00
0.00
0.00
0.00
0.00
21.60
13.60
4.30
0.00
0.20
0.20
0.00
0.00
0.00
0.00
0.00
0.00
0.20
4.20
0.20
1.10
0.00
0.20
0.40
0.00
0.00
0.00
0.20
0.00
0.00
0.20
0.00
0.00
0.00
0.00
0.00
0.00
0.20
0.00
0.00
0.20
0.00
0.00
0.00
0.00
0.00
0.00
0.60
0.40
0.20
0.00
0.20
0.20
0.00
0.00
0.00
5.10
0.00
0.00
0.00
7.60
1.80
0.00
0.20
0.00
0.00
0.00
0.20
0.00
0.00
1.50
0.00
0.00
0.20
0.20
2.60
17.10
6.90
0.20
0.20
0.20
0.00
0.00
0.20
0.20
4.70
3.60
7.40
0.20
0.20
0.00
0.00
0.20
0.40
0.00
0.00
0.00
3.50
4.30
3.00
15.00
2.80
22.10
0.80
0.00
0.20
0.20
0.20
0.20
2.10
0.60
0.20
0.20
0.20
0.00
0.40
0.20
0.20
3.90
0.20
0.00
0.90
0.20
0.20
0.20
0.00
0.00
0.00
0.00
0.20
0.00
0.70
8.80
0.20
0.00
0.00
0.00
0.00
1.10
0.00
0.00
2.50
0.20
0.00
1.70
1.70
0.00
0.00
0.20
0.00
0.00
3.60
0.20
0.90
0.00
0.00
0.00
0.00
0.00
0.00
0.00
0.20
0.00
2.00
0.00
0.20
0.90
0.00
1.50
0.60
50.90
42.20
23.10
0.00
0.00
0.00
0.00
0.00
0.20
0.00
0.00
0.00
0.00
0.00
0.00
0.00
2.10
0.20
0.00
0.00
0.00
0.20
57.50
4.70
26.10
31.30
0.00
0.20
1.50
0.00
0.00
0.00
0.00
0.20
0.00
0.20
0.00
28.50
5.20
0.00
0.00
0.40
0.00
0.20
0.00
0.00
0.00
0.00
0.00
0.00
0.20
0.00
0.20
0.20
15.10
0.00
0.00
0.20
0.00
0.00
0.20
0.00
0.20
0.00
2.20
0.00
0.00
0.00
0.00
0.00
0.60
0.00
0.00
0.20
0.20
0.60
10.30
0.00
3.10
0.00
9.30
2.20
0.00
0.20
2.30
0.00
0.20
0.00
0.00
0.00
0.00
0.00
0.20
0.00
1.70
0.20
0.40
13.80
0.20
0.00
0.00
0.20
0.00
0.00
0.00
0.00
6.00
0.20
0.00
0.00
0.00
0.00
0.00
0.00
0.00
0.70
0.20
0.00
6.80
0.60
0.20
0.00
0.00
0.00
0.00
0.00
0.00
0.00
0.00
0.80
0.80
1.00
2.50
0.20
0.90
0.20
0.00
0.00
0.00
0.20
0.00
0.00
0.00
0.20
0.00
0.00
1.90
0.70
0.00
0.00
0.40
0.40
0.00
0.20
0.00
0.00
0.00
0.20
0.00
0.00
0.00
0.00
0.00
0.00
0.00
0.00
0.00
0.20
0.00
0.00
6.10
0.00
0.00
0.00
0.90
0.00
0.00
0.60
0.00
0.00
0.70
0.00
0.00
0.00
0.00
0.00
0.00
0.60
0.00
0.00
0.00
0.00
0.00
0.60
0.00
0.00
0.00
0.00
0.00
0.00
0.00
0.00
0.00
0.00
0.00
26.20
0.00
0.20
0.00
14.40
0.20
0.20
0.00
0.20
0.00
0.00
0.00
0.20
0.00
0.00
0.00
0.00
0.00
0.00
0.00
0.00
0.00
0.00
0.20
0.00
0.00
0.00
0.00
0.00
0.00
0.20
0.00
0.00
0.00
0.00
0.00
0.20
0.00
0.00
0.00
0.00
0.20
0.00
0.20
0.00
0.40
3.10
22.20
0.20
0.00
21.40
0.90
0.00
0.00
0.00
0.00
1.30
0.20
0.00
0.00
0.00
0.20
0.00
0.00
0.00
9.70
0.40
0.00
0.20
52.20
0.20
3.20
5.60
0.20
0.20
6.30
9.90
0.20
0.20
0.20
0.00
0.60
0.00
0.00
0.20
0.00
3.00
0.00
0.00
0.20
0.80
0.40
0.20
0.20
0.20
10.80
0.40
6.30
0.00
0.20
0.20
0.00
0.40
0.40
0.40
0.00
0.20
0.20
0.00
0.00
0.00
0.00
0.20
0.20
0.00
0.00
1.10
1.10
0.00
7.20
0.20
0.00
2.40
75.50
20.50
26.50
0.00
0.40
0.20
0.20
0.20
0.20
0.00
0.00
0.00
0.40
0.00
0.20
0.20
0.00
0.20
0.20
0.20
0.20
0.00
0.00
0.00
0.20
0.20
0.00
0.20
0.20
0.00
2.00
0.00
0.00
0.00
0.00
0.20
0.00
0.00
0.20
0.00
0.00
0.00
0.00
0.00
0.20
0.00
0.00
0.40
5.10
4.70
3.60
0.40
0.40
0.40
0.20
0.20
0.00
0.20
0.20
3.00
0.20
0.00
0.00
0.00
0.20
0.00
0.20
0.20
0.20
0.20
0.20
0.20
0.00
0.00
0.20
0.00
0.20
0.00
0.20
0.20
0.20
0.00
5.20
3.90
0.00
0.00
0.00
0.20
0.20
0.20
0.20
17.50
0.90
12.60
3.70
0.00
0.00
0.00
0.00
0.00
0.00
0.00
0.00
0.00
0.20
0.00
0.00
5.60
0.00
2.80
8.40
0.00
0.00
0.00
0.00
0.00
0.20
0.00
1.60
1.60
0.00
0.00
0.20
0.00
0.00
0.00
0.00
0.00
0.00
0.00
0.00
0.00
0.20
0.40
9.70
1.10
0.20
0.20
6.90
106.00
2.00
0.00
1.10
22.90
2.00
13.70
13.10
42.40
6.10
0.20
1.00
0.40
0.00
0.20
0.20
0.20
0.00
0.00
0.00
0.00
0.00
0.00
0.00
0.00
0.00
0.20
0.00
0.20
4.40
3.40
2.20
0.20
1.90
68.60
50.50
3.30
5.40
1.40
0.20
0.20
0.00
0.00
0.40
0.00
3.90
0.00
0.00
0.00
0.00
7.40
0.20
0.20
2.60
3.20
0.20
0.00
0.20
0.00
0.00
0.00
0.00
3.80
20.80
5.20
0.20
13.80
0.20
0.00
0.20
0.20
0.00
0.20
0.00
0.00
0.00
0.00
0.00
0.00
0.00
0.00
0.00
0.00
0.00
0.00
0.00
0.00
16.00
1.30
0.00
2.20
0.00
0.00
0.00
0.00
0.00
0.00
0.00
0.20
0.00
7.90
0.20
0.00
0.00
0.20
0.00
0.00
0.00
0.00
0.00
0.20
0.20
0.00
0.00
0.00
0.00
0.00
0.20
0.40
2.80
15.00
0.00
0.00
0.20
0.20
0.20
0.00
5.60
14.70
5.40
0.20
0.00
0.00
0.00
0.00
0.00
0.00
0.00
2.20
0.20
0.20
0.00
0.00
3.30
2.00
7.70
3.30
0.20
0.00
0.20
0.00
0.00
0.40
19.50
0.20
0.20
0.00
1.90
0.00
1.50
0.00
0.00
13.40
0.40
0.20
0.20
0.20
0.00
0.00
0.20
0.00
2.00
0.00
0.00
0.00
0.00
0.00
0.00
0.00
0.00
0.40
0.00
0.00
0.00
0.00
0.00
0.20
0.00
1.70
86.30
13.60
0.40
0.00
0.00
0.20
0.20
0.20
5.00
0.20
0.00
0.20
1.50
0.00
22.80
0.20
0.20
0.20
0.20
0.00
0.20
0.20
1.50
0.20
0.40
0.60
0.80
0.00
6.50
3.40
0.00
0.00
0.00
0.00
0.00
0.00
12.20
0.60
0.20
0.00
0.20
0.20
11.30
0.20
0.00
0.20
15.40
1.90
0.00
0.20
0.20
6.70
0.20
0.40
0.20
0.00
0.00
0.00
0.00
0.00
0.20
0.60
70.00
0.20
0.20
0.20
0.00
0.20
0.20
0.00
0.00
0.00
0.00
0.00
0.20
0.40
0.00
0.20
0.20
0.00
0.00
0.20
4.40
0.40
0.20
0.00
0.00
0.20
0.90
88.40
0.00
4.30
1.50
0.00
0.00
0.00
0.00
0.20
0.00
0.20
0.20
0.20
3.60
0.20
0.00
0.00
0.20
0.00
0.00
0.00
0.00
0.00
0.00
0.00
0.00
0.00
0.00
0.00
1.50
0.00
0.00
0.00
0.00
0.40
1.50
0.00
0.00
0.00
0.00
0.00
0.20
0.00
0.00
14.30
22.90
16.00
3.60
0.60
0.60
2.80
40.90
11.50
0.00
0.20
0.00
1.10
0.20
0.20
0.60
0.00
0.00
0.20
0.20
0.20
0.20
0.20
0.00
0.20
0.00
0.20
0.20
0.20
0.00
0.00
0.20
0.20
0.40
0.20
0.20
0.00
13.80
0.20
32.70
0.00
0.20
6.10
0.00
0.00
0.00
0.00
0.00
7.70
21.90
10.50
0.00
0.00
0.20
0.80
0.40
0.00
0.00
0.00
0.00
0.00
0.00
0.20
0.20
0.00
0.00
0.20
0.00
0.00
0.00
0.00
0.00
0.20
0.00
0.00
0.00
0.20
0.20
0.00
0.20
0.00
0.20
0.00
0.00
0.00
0.00
2.80
5.80
0.00
4.90
0.00
0.00
0.00
0.20
0.20
9.50
11.70
0.00
0.00
0.00
0.00
0.00
0.00
0.00
0.20
0.00
6.40
0.20
0.00
0.00
0.00
0.00
0.00
0.00
0.00
0.00
1.10
0.00
0.00
0.00
0.00
0.00
0.00
0.00
0.00
0.00
0.00
0.20
0.60
0.00
0.00
0.00
0.00
3.50
3.60
0.20
0.00
0.60
0.20
0.00
0.80
0.00
0.00
0.00
0.00
0.00
0.00
0.00
0.00
0.00
0.00
0.00
0.00
0.00
0.00
0.00
0.00
0.00
0.00
0.00
0.00
0.90
0.20
0.00
0.00
0.00
0.00
0.00
0.00
0.00
0.00
0.00
0.00
0.00
0.00
0.00
0.00
0.00
0.00
23.70
0.20
0.00
6.70
0.20
0.00
0.00
21.60
0.00
0.20
0.00
0.00
0.00
0.00
10.50
3.40
2.80
0.20
3.40
15.00
0.00
12.60
0.20
0.20
0.00
0.00
0.00
0.00
0.00
0.00
0.20
0.00
0.20
0.20
0.20
0.20
4.60
0.80
0.00
0.00
0.00
10.40
19.00
0.60
13.10
1.80
0.00
0.00
2.60
0.80
0.00
0.00
0.20
0.00
0.00
0.20
0.00
8.00
0.20
5.40
45.30
67.20
28.80
34.10
0.00
0.20
0.80
0.20
2.00
0.00
19.40
0.60
1.20
0.00
0.00
6.80
0.20
0.40
0.40
0.20
0.40
0.20
0.40
0.20
0.40
0.00
0.20
0.40
0.20
0.20
4.20
1.00
0.00
0.00
0.20
0.00
0.60
0.80
6.60
0.60
0.20
0.00
2.60
0.00
0.20
0.00
10.40
14.20
44.80
89.50
13.00
0.00
10.80
2.20
0.20
0.80
0.20
0.20
0.00
0.20
0.00
0.00
0.00
2.20
1.00
0.20
0.60
3.00
0.00
0.00
0.00
0.20
0.00
3.40
0.00
0.00
0.00
0.00
0.20
0.00
0.00
0.00
0.00
0.20
0.20
0.00
0.20
0.20
0.20
0.00
0.20
0.00
0.00
2.40
0.20
0.00
0.20
0.00
0.00
7.60
5.40
0.00
0.20
9.60
0.00
0.20
0.00
0.00
0.00
0.00
0.00
0.20
0.20
0.40
0.00
0.00
0.00
0.20
0.20
0.00
0.00
0.20
0.20
5.00
0.00
1.20
0.20
33.20
9.60
0.00
0.80
0.00
0.40
12.00
0.00
0.00
0.20
0.00
0.00
0.00
0.00
0.00
0.00
0.00
0.00
0.00
0.00
0.00
0.20
5.00
0.00
0.00
0.20
0.20
0.00
0.00
0.00
0.20
0.40
0.20
0.00
0.00
0.00
1.20
0.00
34.80
23.60
0.20
0.00
1.00
0.20
0.00
0.00
0.00
2.20
2.60
0.00
0.20
0.00
0.00
0.00
7.20
0.80
104.40
7.20
8.80
2.40
0.00
0.00
0.60
0.00
0.00
0.00
0.00
0.00
13.00
41.00
3.20
0.60
0.60
36.00
5.20
31.60
1.00
15.60
0.40
0.00
1.20
16.00
8.60
0.20
0.00
0.00
0.00
0.00
0.00
0.00
0.20
0.00
2.40
0.00
0.20
0.20
0.00
0.00
0.20
0.00
1.60
0.00
0.00
0.00
0.00
0.00
0.00
0.00
0.00
0.20
0.00
0.00
0.20
0.40
0.20
5.20
1.00
3.20
0.00
0.20
12.80
11.80
0.00
0.00
0.00
0.00
0.00
0.00
0.00
0.00
0.00
0.00
0.00
0.00
0.00
0.00
0.40
0.20
0.00
1.40
0.00
8.20
2.80
0.00
0.00
0.00
0.20
0.00
0.00
0.20
0.00
0.20
0.00
0.00
0.00
0.20
0.00
0.00
0.00
0.00
0.00
0.00
0.00
0.00
0.00
0.00
0.60
0.00
0.00
0.00
0.00
0.20
0.00
0.00
0.00
0.00
0.00
0.00
0.20
0.00
0.00
0.00
0.00
0.00
0.00
0.00
0.00
0.00
0.00
0.00
0.00
1.20
0.20
0.20
0.00
0.60
14.00
0.20
0.00
0.20
0.80
0.20
0.20
0.00
0.80
0.00
0.00
6.80
2.80
0.00
0.00
0.20
0.20
0.00
0.00
0.00
0.00
0.00
0.00
0.00
0.00
0.00
0.20
0.20
0.00
0.20
0.00
0.20
0.00
0.20
0.00
0.00
0.20
0.00
0.00
1.80
0.00
8.80
0.20
0.20
0.00
0.00
0.00
0.00
0.00
0.00
0.20
0.00
1.60
25.70
0.40
0.20
0.00
11.40
28.80
0.80
0.20
0.00
0.00
0.00
0.20
0.00
0.00
0.40
0.40
0.00
0.00
0.00
0.00
0.00
0.00
0.00
0.20
0.20
0.00
0.20
0.40
0.40
0.20
0.20
0.00
0.20
0.20
18.80
0.20
7.40
0.00
0.20
20.40
1.00
0.00
37.40
29.20
5.40
0.20
0.20
0.80
0.20
0.00
0.00
0.20
0.20
0.00
0.00
0.20
0.00
0.20
0.00
0.20
3.60
0.00
0.00
0.20
0.20
0.00
0.00
0.00
0.00
0.00
0.00
0.20
0.20
0.20
0.20
0.20
0.20
0.20
0.20
0.00
0.20
0.00
0.20
0.00
0.40
0.00
0.00
0.20
0.40
1.80
0.80
0.00
0.00
0.00
0.00
0.60
0.00
0.00
0.00
0.00
0.00
0.00
0.00
20.60
35.80
58.60
5.40
0.20
0.20
0.20
12.20
0.20
0.00
0.00
0.00
0.00
0.70
0.00
0.00
0.00
0.00
0.00
0.00
0.00
0.00
0.00
0.00
0.00
6.00
0.00
0.20
0.20
0.00
0.00
0.00
0.00
0.00
0.00
0.20
0.20
0.00
0.20
0.20
0.20
0.20
0.20
0.20
0.00
0.00
1.50
0.00
0.00
10.70
0.00
5.60
4.30
0.20
0.00
0.20
25.30
0.00
0.20
0.20
0.00
5.20
0.00
0.00
0.00
0.00
0.00
0.00
2.30
9.90
0.00
1.30
0.70
0.00
0.00
0.00
0.00
0.20
0.00
0.20
0.00
0.00
0.00
0.00
0.00
0.60
0.00
4.60
2.20
0.00
0.00
0.00
1.10
1.50
0.20
0.00
0.40
0.60
0.00
4.30
71.60
0.00
0.00
0.00
0.00
0.00
0.00
0.00
0.00
-99.00
-99.00
-99.00
-99.00
0.20
0.00
0.00
0.00
0.00
0.00
0.00
0.00
0.00
0.00
0.00
0.00
5.60
0.20
0.40
5.40
0.20
0.00
0.00
0.00
0.00
0.00
0.00
0.00
0.00
0.00
0.00
0.20
0.00
0.20
0.00
0.00
0.00
0.00
0.00
0.00
0.00
0.00
0.00
1.80
17.90
0.20
0.00
0.00
0.00
0.00
0.00
0.00
0.00
0.40
0.00
0.00
0.00
0.00
0.00
0.00
0.00
0.20
0.00
0.00
0.00
0.00
0.00
6.00
0.40
0.20
0.00
0.00
0.00
0.00
0.40
1.20
2.00
4.00
0.20
0.00
0.20
0.00
0.00
0.00
2.60
13.40
32.00
0.20
0.00
0.00
0.00
0.00
0.20
1.60
0.00
0.20
0.00
0.20
0.00
0.00
0.20
0.20
8.00
18.00
20.40
37.80
0.20
16.20
0.80
1.60
7.00
0.20
0.20
0.00
3.60
0.00
0.00
0.00
0.20
0.20
0.00
0.00
45.60
0.00
0.20
0.20
0.20
0.00
0.40
2.00
0.00
0.00
2.80
0.40
0.20
0.20
0.20
0.40
21.80
16.60
107.00
0.00
-99.00
-99.00
0.00
6.60
0.20
0.20
0.00
0.20
0.40
0.00
0.20
0.40
0.20
0.20
0.00
0.20
0.20
0.20
0.00
0.20
1.60
0.00
0.20
0.20
0.20
16.80
2.20
0.00
5.40
37.60
20.60
0.00
0.20
0.00
0.00
0.00
0.00
0.20
0.20
0.00
0.00
4.60
1.00
0.20
0.00
0.20
0.00
0.20
0.20
0.80
0.20
0.00
0.00
0.20
0.00
0.00
0.00
0.00
0.00
0.00
0.20
0.00
0.20
0.00
0.00
0.00
0.20
0.00
0.20
0.20
0.20
0.00
0.20
0.00
0.00
0.00
0.00
0.00
2.20
0.20
0.00
0.00
2.00
10.40
15.60
0.60
0.60
0.00
0.20
0.20
1.20
4.00
0.20
1.40
0.00
0.20
0.20
0.00
0.00
0.20
0.00
0.00
0.20
0.40
15.80
36.20
31.60
16.80
0.20
0.20
0.40
0.00
0.00
0.00
0.20
0.00
0.20
0.00
0.00
0.20
0.00
0.00
0.20
0.20
0.80
0.00
0.00
0.00
0.00
0.20
0.20
0.00
0.00
0.20
4.20
0.20
0.00
1.60
0.00
0.00
0.00
1.40
0.00
1.00
0.20
4.60
0.40
3.00
0.00
0.00
0.00
0.20
0.00
0.00
4.60
6.40
0.00
0.00
9.00
0.00
0.00
0.00
0.20
0.00
0.00
0.00
0.00
0.20
0.00
0.40
0.00
0.20
5.00
0.00
0.20
0.00
0.20
0.20
0.00
0.00
0.00
0.00
0.00
0.00
0.00
0.00
0.00
0.80
0.20
0.00
0.00
0.00
0.20
0.00
0.00
0.00
0.00
0.00
0.00
0.00
0.00
0.00
0.20
0.00
0.00
15.40
0.00
0.20
0.00
0.20
1.20
0.00
0.00
0.00
0.00
0.00
0.00
0.00
0.00
0.00
0.00
0.00
0.00
0.00
0.00
0.00
0.00
0.20
0.60
0.00
0.00
0.00
0.00
0.00
0.00
0.00
0.00
0.00
0.20
0.00
0.00
0.20
0.00
0.00
0.20
0.00
0.20
0.20
0.00
0.00
0.20
0.00
0.00
0.00
0.00
0.00
0.00
0.00
0.00
0.00
0.00
0.00
0.00
0.00
1.40
0.00
0.00
0.00
0.00
0.00
0.00
0.00
0.00
0.00
0.00
0.00
0.00
0.00
0.00
0.00
-99.00
0.00
0.00
0.00
0.00
0.00
0.00
0.00
0.00
0.00
0.00
0.00
0.80
0.00
0.00
0.00
0.00
0.40
0.00
0.00
0.00
12.80
2.20
0.00
13.80
0.20
0.00
0.00
0.00
0.00
0.00
0.20
3.00
21.40
2.00
0.20
0.00
0.00
0.20
0.00
0.00
0.00
0.00
0.00
0.00
0.20
0.20
0.00
0.00
0.20
0.00
0.20
6.40
49.40
79.20
0.20
2.40
0.20
1.40
0.20
0.20
0.20
0.40
8.80
30.20
0.00
0.00
0.00
2.20
0.20
0.20
0.00
0.00
0.20
0.20
0.20
0.20
0.20
0.00
0.60
0.00
20.80
21.60
0.20
0.20
0.20
0.20
0.40
93.60
0.20
0.00
0.20
0.00
0.00
0.00
0.00
0.00
0.00
0.00
0.20
0.00
0.20
0.00
0.00
0.00
0.00
0.20
0.40
0.20
3.00
0.20
0.20
0.20
0.20
0.00
0.20
0.20
0.00
1.00
0.00
0.20
0.00
0.20
0.00
0.00
0.20
0.20
0.00
0.00
0.20
0.00
0.00
0.20
0.00
0.00
0.20
0.00
13.60
0.00
2.60
0.20
0.00
0.00
0.40
0.00
0.20
23.20
0.00
0.40
0.20
0.00
0.00
0.00
0.20
0.00
0.00
0.00
0.20
0.20
0.20
0.40
0.00
0.20
0.20
0.00
0.20
0.00
0.20
0.20
0.20
0.00
0.20
0.00
1.40
0.20
0.20
0.20
0.20
0.00
0.00
0.20
0.00
0.00
0.20
1.80
0.20
0.00
0.80
0.20
0.00
0.00
0.00
0.20
3.40
0.20
0.20
0.00
0.00
0.20
0.80
0.20
4.20
0.20
0.00
0.20
10.40
0.20
0.80
0.00
0.00
53.20
28.00
0.40
0.20
0.20
0.00
0.20
0.20
5.60
0.20
0.00
0.20
0.00
0.00
0.00
0.20
0.00
0.20
2.80
1.00
0.00
0.20
0.00
0.00
0.00
0.00
0.00
0.00
0.20
0.00
11.60
0.20
0.00
0.00
0.00
0.20
0.20
1.40
0.00
1.40
0.00
3.00
0.40
0.20
1.00
62.60
0.80
2.00
0.00
0.00
0.00
1.20
3.60
3.60
17.00
34.40
9.20
1.20
0.00
0.00
0.20
2.60
0.00
0.20
0.40
0.20
0.20
0.00
0.00
0.00
0.20
0.00
0.20
11.20
0.20
9.40
1.40
0.00
0.00
0.00
0.00
0.00
0.20
0.00
0.00
0.20
18.60
0.40
0.20
0.20
0.00
0.20
0.00
0.00
0.20
0.00
0.00
0.00
15.20
11.80
0.80
0.00
0.00
0.40
1.00
0.00
0.00
0.00
0.00
0.00
0.00
0.00
0.00
0.00
0.00
0.20
0.00
0.00
0.20
0.00
0.00
0.60
0.20
0.00
0.00
0.00
0.00
0.00
0.00
1.00
0.00
0.00
0.00
0.20
0.20
0.20
0.00
0.00
0.00
0.00
0.00
0.00
0.00
0.40
0.00
0.00
0.20
0.00
0.00
0.20
0.00
0.20
0.00
0.00
0.00
0.00
0.00
0.00
0.00
0.00
0.00
0.00
0.00
0.20
0.00
0.00
0.00
0.00
0.00
0.00
4.40
0.40
13.80
0.00
0.00
0.20
0.00
1.40
0.00
0.20
0.00
0.00
0.00
22.20
0.00
11.40
3.60
0.00
0.00
0.20
0.00
0.00
0.20
0.00
0.40
0.20
0.00
0.20
0.20
0.40
0.00
0.00
0.00
0.00
0.00
0.20
0.00
0.00
0.00
0.00
0.20
0.00
0.00
0.00
0.00
0.00
0.00
0.00
0.20
0.00
0.00
0.80
0.00
0.00
0.00
0.00
0.20
0.20
0.20
3.40
22.40
0.00
0.20
3.80
0.20
39.60
0.40
0.20
0.00
0.20
0.20
0.20
0.60
0.20
0.00
0.20
0.00
0.00
0.00
0.00
0.40
3.00
0.20
0.00
1.20
0.00
0.00
0.00
0.00
0.00
0.20
0.00
0.00
0.00
0.00
0.00
0.00
0.00
0.00
0.00
0.20
0.00
0.00
0.00
0.00
0.00
0.80
0.00
14.20
1.80
0.00
0.00
0.00
0.00
0.00
0.00
0.00
0.00
0.20
0.00
0.00
0.00
0.20
0.20
0.20
0.00
0.20
0.00
0.00
0.00
0.00
8.60
4.60
0.00
2.40
0.20
0.20
14.20
48.00
6.20
0.00
0.20
0.20
0.20
0.00
0.20
0.20
0.00
0.00
0.40
9.80
26.20
2.40
0.00
0.00
0.00
0.20
0.00
1.60
2.20
0.20
0.00
0.00
0.00
0.20
0.00
0.00
0.00
0.00
0.20
0.00
0.20
0.00
0.00
0.20
0.00
0.20
0.00
0.00
0.00
0.00
8.40
5.40
0.20
0.20
0.20
0.20
0.00
0.20
0.20
0.00
0.20
0.20
0.20
0.20
0.00
1.60
6.00
2.40
0.20
0.20
0.20
0.20
0.60
0.00
0.20
0.20
0.20
0.00
0.20
0.20
5.40
1.80
0.00
0.00
0.00
15.80
0.00
0.20
0.00
0.20
0.00
0.20
0.20
0.20
0.00
0.00
0.20
0.00
22.20
0.00
0.00
0.00
5.20
0.20
0.00
0.00
11.20
2.60
0.00
0.40
0.00
0.00
0.00
0.00
0.00
0.00
0.00
0.20
1.40
0.00
0.80
6.20
0.20
0.00
17.60
2.80
0.00
1.80
3.80
0.40
1.80
0.20
0.00
0.20
0.20
7.40
0.00
2.60
0.20
0.00
0.20
0.00
0.00
0.00
0.00
0.00
15.40
14.80
0.20
7.80
0.20
0.00
0.20
0.00
0.40
4.60
0.00
0.00
0.00
0.80
0.00
0.00
16.60
3.80
11.40
0.00
0.00
0.00
0.00
20.80
0.00
2.80
0.20
2.40
1.00
0.00
0.00
0.00
0.00
0.20
0.00
33.80
0.00
10.00
0.80
1.40
0.00
0.20
0.00
0.00
0.00
0.00
0.00
0.00
0.00
3.00
0.00
0.00
0.00
0.00
0.00
0.00
0.00
0.00
0.00
0.00
0.00
0.00
0.00
5.20
22.20
0.20
0.00
0.00
0.00
0.00
0.00
0.00
0.40
0.00
0.00
0.00
0.00
0.00
7.20
0.00
0.00
0.00
0.00
0.00
0.00
0.00
0.00
0.00
0.20
0.00
0.00
0.00
0.00
0.00
0.00
0.00
0.00
2.60
2.60
0.00
0.20
0.00
0.00
0.00
0.00
25.20
0.00
0.00
0.00
0.00
0.20
0.00
0.00
0.00
0.00
0.20
0.20
0.00
0.00
0.00
0.20
0.00
0.00
0.00
0.00
1.00
1.40
1.20
0.00
0.00
0.00
0.00
1.40
0.00
0.20
0.00
0.00
0.00
0.00
0.20
0.00
0.20
0.00
0.00
0.20
0.00
0.00
0.00
0.00
0.00
0.00
0.60
5.80
0.00
0.00
0.00
0.40
0.40
0.00
0.20
0.40
1.40
3.80
0.00
0.20
0.20
0.20
0.00
2.40
0.20
0.00
0.20
8.60
0.00
0.00
7.00
24.20
27.60
0.00
0.40
0.40
6.60
0.00
0.40
0.00
0.20
0.00
3.80
0.00
0.00
0.00
0.00
0.00
0.00
0.00
0.00
0.00
0.20
0.00
8.00
0.00
0.00
2.60
0.00
0.40
0.00
0.00
0.00
0.00
0.00
0.00
0.20
0.00
0.00
21.60
0.00
0.00
0.00
4.40
8.60
0.60
4.00
0.00
0.00
0.00
0.00
0.00
0.20
0.20
0.20
0.20
55.20
7.20
1.80
5.60
0.20
1.20
0.00
0.00
0.00
0.00
0.20
0.80
0.00
0.00
7.00
5.80
0.20
0.20
0.20
0.00
0.00
0.20
0.20
0.00
0.60
0.20
0.20
1.00
1.80
0.00
0.40
0.00
0.00
0.20
0.20
1.20
18.00
17.20
1.80
29.80
0.00
0.00
0.20
1.20
0.00
0.20
2.40
0.00
0.20
0.00
0.00
0.00
0.00
0.00
0.00
0.00
0.00
0.00
0.00
0.00
0.00
0.00
0.20
0.00
0.40
5.80
10.80
0.20
0.60
0.20
0.40
0.00
0.00
0.00
0.00
0.00
0.00
0.00
0.00
0.00
0.00
0.00
0.20
0.00
0.00
0.00
0.20
0.00
0.00
0.00
0.00
0.20
11.20
2.00
0.00
11.80
1.80
6.20
0.80
0.00
0.20
0.00
15.20
3.40
0.00
0.60
6.00
7.20
0.20
0.00
0.40
3.00
18.00
0.20
2.60
8.20
0.20
0.00
0.00
0.00
0.40
7.20
1.80
12.40
1.40
6.60
1.40
0.00
0.00
0.20
0.00
0.00
0.00
0.00
0.00
0.00
0.00
0.00
0.20
29.20
0.00
0.00
0.00
0.00
0.00
0.20
0.00
0.20
0.20
0.00
0.00
0.00
0.00
0.00
0.00
0.00
0.20
0.20
0.00
0.00
0.00
5.60
0.00
0.20
0.20
0.00
0.00
0.00
0.00
0.00
0.00
0.00
0.00
0.00
0.00
4.00
0.00
0.00
0.00
0.00
0.20
0.00
2.40
0.00
0.00
0.00
0.80
0.00
0.00
0.00
1.00
2.20
0.00
2.20
0.00
0.00
0.00
0.00
0.00
0.00
-99.00
0.00
0.20
0.00
0.00
0.00
0.00
0.00
0.00
0.00
0.00
0.00
0.00
0.00
0.00
0.00
0.00
0.00
0.00
4.20
0.00
0.00
0.00
0.00
4.20
0.00
0.00
0.00
0.00
0.00
0.00
0.00
0.00
0.00
0.20
0.00
0.00
0.00
0.00
0.00
0.00
0.00
0.00
0.00
0.00
0.00
0.00
0.00
0.00
0.00
0.20
0.00
7.20
0.00
0.00
0.20
0.20
0.20
0.00
0.20
0.00
0.00
31.00
0.40
0.00
4.20
1.40
0.40
0.00
0.00
0.00
0.00
0.20
0.00
0.00
0.00
0.20
0.20
0.20
1.20
0.00
0.00
0.20
0.20
0.00
0.00
0.40
0.00
0.40
0.20
0.20
0.00
0.00
0.00
0.00
0.00
0.00
0.00
3.20
29.20
27.60
0.00
0.00
0.00
0.00
0.40
0.00
0.20
0.40
0.00
0.20
4.00
0.00
13.20
5.60
0.20
5.60
0.20
0.00
0.00
0.00
0.00
0.20
0.00
0.00
0.20
0.40
0.20
0.00
0.20
0.20
0.00
0.20
0.20
0.00
0.00
0.20
0.00
2.60
1.40
0.00
0.20
0.00
0.00
0.00
0.20
0.00
0.00
0.20
0.20
0.20
0.20
0.00
0.00
0.00
0.00
0.00
0.40
0.00
0.00
0.20
4.40
0.20
1.00
0.20
3.60
0.00
0.00
0.20
0.00
0.00
6.60
0.00
0.00
2.80
16.40
0.00
19.00
0.00
0.00
0.00
0.00
5.20
0.00
2.60
0.00
0.00
0.20
0.00
0.00
1.80
0.00
0.20
0.20
0.40
0.00
0.00
0.00
0.00
0.20
0.00
0.40
0.20
0.20
0.00
10.40
1.00
0.20
0.00
44.80
17.00
0.00
0.20
0.00
0.00
0.00
3.80
31.60
0.00
15.60
11.40
0.00
0.20
0.00
0.00
0.00
0.00
0.00
0.00
0.00
0.20
1.80
30.00
2.60
3.60
0.00
1.40
31.40
9.40
0.20
0.00
0.00
0.00
0.00
0.20
0.00
0.00
0.20
0.00
0.00
2.40
11.80
0.20
0.20
0.00
0.00
0.00
0.00
0.00
0.00
1.60
4.40
0.20
0.00
7.20
0.20
0.00
0.60
0.00
0.00
0.00
0.00
8.00
0.20
0.00
0.40
0.00
0.00
0.00
0.00
0.00
0.00
0.40
0.80
0.00
0.00
0.00
0.00
0.00
0.00
0.10
0.90
13.70
35.90
44.70
26.10
2.40
0.80
0.50
1.10
0.00
0.10
11.40
10.00
0.30
0.00
0.00
0.00
0.00
0.00
0.00
0.00
0.00
0.00
0.00
0.00
0.00
0.00
0.20
0.00
0.00
0.00
0.00
0.00
0.00
0.00
0.00
0.00
0.00
0.00
0.00
0.00
3.80
0.00
0.00
2.20
0.10
0.00
0.00
2.20
25.80
0.00
0.00
0.00
0.00
0.00
0.00
0.00
0.00
0.00
0.00
0.00
0.00
0.00
0.00
1.90
0.00
0.00
0.00
0.00
0.00
0.00
0.00
0.00
0.00
0.00
0.00
0.00
0.00
0.00
0.00
0.00
0.00
0.00
0.00
0.00
0.00
0.00
0.00
0.00
25.50
0.00
0.00
0.10
7.00
0.00
0.00
0.00
0.00
0.00
0.00
1.90
0.00
0.00
8.30
0.00
1.10
0.40
0.00
0.00
0.00
6.50
0.00
0.00
0.00
0.00
0.00
0.00
0.00
0.00
0.00
0.00
0.00
0.00
0.00
0.00
0.10
0.00
0.00
0.00
5.90
10.30
0.10
0.00
0.00
0.00
0.00
0.00
0.00
8.50
33.20
1.00
0.00
0.00
33.10
0.00
0.00
47.10
0.00
0.00
0.00
0.00
0.00
0.00
0.00
0.00
0.00
0.00
0.00
0.00
0.00
0.40
0.40
54.70
17.20
42.30
6.40
0.00
0.00
0.00
0.00
0.00
0.00
0.00
0.00
0.00
0.00
0.00
0.00
0.00
0.00
0.00
0.00
0.00
2.10
0.00
0.00
0.00
0.00
0.00
0.10
7.90
0.00
0.00
3.70
0.10
0.00
0.00
0.00
5.90
0.00
0.00
0.00
0.00
0.00
0.80
0.10
0.00
0.00
0.00
0.00
0.50
0.10
2.70
16.20
0.00
3.90
0.00
0.10
0.00
0.00
0.00
0.00
0.00
0.00
0.00
0.00
0.00
0.00
0.00
0.00
1.40
0.00
0.20
0.00
0.80
9.30
5.10
2.70
0.00
0.00
0.00
0.00
0.00
0.00
0.00
0.00
0.00
0.00
0.00
0.00
0.00
0.00
0.00
1.30
0.10
0.00
0.00
0.00
0.00
0.10
0.00
0.00
0.00
0.00
0.00
0.00
0.00
0.00
0.00
0.00
0.00
1.70
38.20
27.30
4.50
1.10
0.10
0.00
0.00
0.00
0.00
0.00
0.00
0.00
0.20
0.00
0.00
0.00
0.20
0.40
0.00
0.10
3.50
0.00
0.00
0.50
0.40
0.10
0.00
0.00
0.00
0.00
0.10
0.00
0.00
0.60
1.60
8.20
0.50
0.00
0.00
0.00
0.00
0.00
0.00
50.00
0.60
13.40
27.00
6.30
0.30
0.00
0.00
0.00
0.00
0.30
0.00
0.00
0.00
0.00
1.00
2.90
1.40
0.10
1.10
0.00
0.10
0.00
0.00
0.00
0.00
0.10
0.00
0.00
0.00
0.00
0.00
0.00
0.00
0.00
0.00
0.00
0.00
0.00
0.00
0.20
17.60
19.70
0.00
0.30
0.00
0.00
6.50
0.00
0.00
0.00
1.00
0.50
0.00
0.00
0.00
0.00
0.00
0.00
0.00
0.00
0.80
0.10
18.90
0.00
0.00
0.00
0.00
0.00
0.00
0.00
0.00
0.00
0.00
0.00
0.00
0.00
0.00
0.00
0.40
2.20
0.00
0.10
0.00
13.40
0.10
0.00
11.00
0.70
0.00
1.30
0.00
0.00
10.30
0.10
0.00
0.00
0.00
0.00
0.00
0.00
0.00
0.00
0.00
0.00
0.00
0.00
0.00
0.00
0.00
0.00
0.00
0.00
0.00
0.30
0.00
0.00
0.00
0.00
0.00
0.00
0.00
1.20
0.00
0.00
0.20
0.00
0.40
0.00
12.90
0.00
0.00
0.00
0.00
0.00
0.10
85.20
0.40
0.00
0.00
0.00
0.00
0.00
0.00
0.00
0.00
0.00
0.00
0.00
0.00
0.00
0.00
0.00
0.00
0.00
3.60
0.10
0.00
0.00
0.00
0.00
0.00
0.00
0.00
0.00
0.00
0.00
5.90
0.00
0.00
0.00
0.00
0.00
0.00
0.10
0.90
1.00
3.00
0.00
0.00
0.00
0.00
0.00
0.00
0.00
0.00
0.00
0.00
0.00
0.00
56.80
0.10
0.00
0.00
0.00
0.00
0.50
0.00
0.00
0.00
0.00
0.10
0.20
0.10
0.00
0.00
0.00
0.00
0.00
0.00
0.00
0.00
0.00
0.00
0.00
0.00
0.00
0.00
0.00
0.00
0.00
9.10
0.00
0.00
0.00
0.00
36.60
0.10
0.00
30.50
53.60
0.20
0.10
0.00
0.00
0.10
3.80
25.00
17.80
51.20
1.00
0.10
0.00
0.00
0.00
0.00
3.30
2.00
15.80
15.80
0.00
0.10
16.10
3.70
47.10
2.70
0.00
0.00
0.10
0.10
0.00
0.00
2.10
0.00
0.10
0.00
0.00
0.10
0.00
0.00
0.00
0.00
0.00
0.00
0.10
0.00
0.00
0.00
0.00
0.20
0.00
0.00
0.00
0.00
0.00
0.00
0.00
0.00
0.00
0.00
0.00
0.00
0.00
0.00
0.00
0.00
2.50
0.10
0.00
0.00
0.00
0.00
0.00
0.00
0.00
0.00
0.00
0.10
0.10
0.00
5.10
8.10
0.10
0.10
0.00
0.00
0.00
0.10
0.00
0.00
0.00
0.00
0.60
0.00
0.00
0.00
0.00
2.80
0.00
0.00
0.00
0.00
0.00
0.00
0.00
0.00
0.00
0.00
0.00
0.00
0.00
0.00
0.00
0.00
0.40
0.00
0.00
0.00
0.00
0.00
0.00
0.00
0.00
0.00
0.00
0.00
0.00
0.60
0.00
0.00
0.00
0.00
0.00
0.00
0.00
0.00
0.00
0.00
0.10
0.20
0.10
0.00
0.00
0.00
3.40
9.10
23.60
0.10
0.00
0.00
0.00
0.00
0.00
0.00
0.00
0.00
0.00
0.00
8.10
5.70
0.00
0.00
0.30
0.00
0.00
3.70
0.00
2.40
0.00
5.00
0.00
0.00
0.00
4.20
20.30
0.10
0.60
0.10
0.40
1.70
0.00
0.00
0.00
3.90
0.00
2.60
0.00
0.00
0.00
0.00
0.00
2.40
0.00
0.00
0.00
0.00
0.00
0.00
3.90
1.80
0.00
0.00
0.80
0.10
0.10
53.70
7.60
4.20
0.00
0.00
0.00
0.00
0.00
0.30
0.00
0.00
0.00
0.00
0.00
1.30
0.00
0.00
0.00
0.00
0.00
0.00
1.50
0.10
3.10
0.10
0.00
0.00
0.00
0.00
0.00
0.00
0.00
0.00
0.00
0.00
0.00
0.00
0.00
0.00
0.00
0.00
0.00
3.50
0.00
0.00
0.00
19.70
0.10
0.00
0.00
0.00
0.00
0.00
0.00
0.00
0.00
0.00
0.00
0.00
0.00
0.00
0.00
0.00
0.00
0.00
0.00
0.00
0.00
0.00
0.00
0.00
0.00
0.00
0.00
0.00
0.00
0.00
0.00
0.00
0.00
0.00
0.00
0.00
0.00
0.00
0.00
0.00
0.00
0.00
0.00
0.00
0.00
0.00
0.00
0.00
0.00
0.00
0.70
0.00
0.00
0.00
0.00
6.40
0.00
0.00
0.00
0.00
0.00
0.00
0.00
0.00
0.00
0.40
0.00
0.00
33.20
0.00
0.00
0.00
0.00
0.60
7.10
5.50
0.00
0.00
0.00
0.00
0.00
0.00
0.40
0.00
0.00
18.90
0.10
0.00
0.00
0.00
0.00
0.10
0.10
0.00
0.00
0.00
1.60
1.60
5.70
0.00
3.30
0.00
0.00
0.00
0.90
2.70
27.80
23.10
4.70
0.00
0.00
8.00
34.50
0.10
0.00
0.00
27.10
41.20
0.10
0.00
0.00
0.00
0.00
3.00
0.10
0.00
0.50
0.00
0.80
0.00
0.00
0.00
0.00
0.00
0.80
12.20
0.00
0.00
0.10
0.00
0.00
0.00
0.00
17.10
9.20
0.90
0.00
0.00
0.00
0.00
0.00
0.20
0.10
0.00
0.00
0.00
0.00
0.00
0.00
0.00
0.00
0.10
0.00
0.00
0.00
0.00
0.00
0.00
0.00
0.00
0.00
0.10
0.00
0.00
0.00
0.00
0.00
0.00
0.00
0.20
0.00
0.00
0.00
0.00
0.00
0.00
0.20
0.10
0.00
0.00
0.50
1.60
0.00
0.00
0.10
0.00
0.00
0.90
0.00
1.00
0.10
0.00
0.00
0.00
0.30
1.80
0.10
0.00
0.00
0.00
0.00
5.10
0.00
0.00
0.20
0.00
0.00
0.00
0.00
0.10
0.00
0.10
0.00
0.00
0.00
0.00
0.00
0.30
0.10
0.00
2.50
2.80
0.30
0.00
0.00
0.00
1.40
4.20
38.60
0.00
0.00
1.60
40.60
8.10
0.00
0.00
0.20
0.00
0.00
10.00
0.20
0.00
0.00
0.00
1.20
0.90
0.00
4.20
0.00
0.00
0.00
0.00
0.00
0.90
0.80
2.40
0.10
21.40
0.10
16.90
1.70
0.10
3.10
0.50
1.50
0.00
0.10
0.00
0.00
0.00
0.00
0.00
0.00
0.00
0.00
0.00
0.00
3.90
0.00
0.00
0.00
0.00
0.00
11.10
0.10
17.80
5.10
8.60
1.40
0.00
0.00
0.00
0.00
0.00
0.00
0.00
1.10
0.80
0.10
0.00
0.00
0.00
0.40
1.00
4.20
1.10
3.50
4.50
0.10
0.00
0.00
1.10
2.50
7.50
0.20
0.10
7.20
7.30
5.10
1.20
0.00
0.00
0.00
0.00
0.00
0.00
0.00
15.30
2.40
0.10
0.00
0.00
0.00
0.00
0.00
0.00
0.00
0.20
0.10
0.00
5.00
0.10
0.50
0.10
0.00
0.00
0.00
0.00
0.00
0.00
0.00
0.00
0.20
0.00
0.00
0.00
0.00
0.00
0.00
0.00
0.00
0.00
0.00
0.00
0.00
0.70
0.50
3.20
37.80
0.10
0.10
0.00
0.50
0.00
0.00
0.00
0.00
0.00
0.50
0.00
0.00
0.00
0.00
0.00
0.00
0.00
0.00
0.10
1.60
0.00
0.00
0.00
0.00
0.00
0.00
0.00
0.00
2.20
0.00
1.40
0.00
0.00
0.00
0.00
16.80
0.10
0.10
2.60
0.00
0.00
0.00
0.00
0.00
0.00
0.00
0.00
0.00
0.00
8.30
1.20
0.00
2.30
1.50
0.00
0.00
0.00
2.90
0.00
0.00
0.00
0.00
0.00
0.00
0.00
0.00
0.00
0.00
0.00
0.00
0.00
8.10
0.10
0.00
0.10
0.00
12.20
0.50
0.00
0.00
0.00
0.00
1.60
0.70
0.00
0.00
0.00
0.00
0.00
0.00
0.00
0.00
0.00
0.20
0.00
0.00
0.00
0.00
0.00
0.10
0.00
0.00
0.00
0.00
0.00
0.00
0.00
0.00
0.00
0.00
0.00
0.20
0.00
0.00
0.00
0.00
0.00
0.00
0.00
30.20
62.00
45.90
7.90
0.00
0.00
0.00
0.00
0.00
0.00
0.00
0.30
0.00
0.00
1.40
0.00
0.00
0.00
0.00
0.00
0.00
0.00
0.00
0.00
0.10
0.00
0.00
0.00
0.00
0.00
0.00
0.00
0.00
8.90
0.90
0.00
0.00
0.00
0.00
0.00
0.00
0.00
0.00
0.00
0.00
0.10
0.00
0.00
0.00
1.20
0.10
0.00
0.00
0.00
0.10
0.00
0.00
0.00
1.80
0.10
0.00
0.00
0.00
5.90
6.50
0.00
0.00
7.30
0.10
0.20
1.10
0.00
1.40
0.20
0.00
1.30
0.00
2.00
0.00
0.00
0.00
0.00
0.00
2.70
0.10
3.20
0.50
0.00
0.00
0.00
0.00
0.00
3.90
0.10
0.00
0.10
0.00
1.70
0.00
0.00
0.00
0.00
8.60
0.10
1.00
0.00
0.00
2.80
0.00
0.00
0.00
0.00
0.00
0.00
0.00
0.00
0.00
0.00
0.00
0.00
0.00
0.00
0.00
0.00
0.00
0.00
5.60
1.50
0.00
13.40
0.70
0.00
0.00
0.20
1.60
0.10
0.00
0.00
42.50
1.80
0.00
0.00
0.00
0.00
0.00
0.00
3.20
0.10
0.00
0.00
0.00
0.00
0.00
0.00
0.00
3.10
0.70
10.30
0.00
0.00
1.30
3.70
2.80
0.00
0.10
0.00
7.30
1.90
0.00
0.00
0.00
0.00
0.00
0.00
0.00
0.00
0.10
0.00
3.40
0.00
0.00
0.00
0.00
0.00
0.00
1.70
1.00
0.00
0.00
0.00
0.00
19.10
20.00
2.10
1.30
0.00
0.00
0.00
0.00
0.00
0.00
0.00
0.00
0.10
0.00
0.00
0.00
0.00
0.00
0.00
0.20
0.60
0.10
6.50
1.80
0.00
0.00
0.00
0.00
0.00
7.30
0.20
2.30
0.00
0.00
0.40
0.00
1.40
0.00
0.00
9.10
0.00
0.00
10.50
0.10
0.70
0.10
0.00
0.00
3.10
0.00
0.00
0.00
0.00
0.30
0.00
58.00
0.00
0.00
0.00
0.00
4.40
0.10
0.00
30.20
15.60
0.00
0.00
1.80
0.10
0.00
0.00
0.00
0.00
1.00
0.20
0.70
0.00
0.00
0.00
0.00
0.00
0.00
0.00
0.00
0.00
0.00
0.30
6.20
70.70
0.10
0.00
0.00
0.00
0.00
0.00
1.50
0.90
0.00
0.00
0.00
0.00
0.00
0.00
0.40
0.10
0.00
1.30
0.00
0.00
0.00
0.00
2.60
9.70
4.10
11.60
0.00
0.00
0.00
0.10
0.00
0.00
0.00
0.00
0.00
0.00
65.00
16.60
0.10
0.00
0.00
0.00
0.00
6.60
0.00
0.00
0.00
0.00
0.00
0.00
0.10
0.00
0.00
0.00
0.00
0.00
0.00
0.20
0.10
0.00
0.00
0.00
0.00
0.00
0.00
0.00
0.00
0.00
0.00
0.00
0.00
0.00
0.00
3.30
0.00
0.00
0.00
0.00
0.80
0.60
1.00
0.00
0.00
0.00
0.00
0.00
0.00
0.00
0.00
0.00
0.00
0.00
0.00
2.30
0.00
2.00
3.00
2.10
31.80
58.90
3.70
0.00
0.00
12.10
0.10
0.40
0.70
0.00
0.00
0.00
0.00
0.00
0.00
6.60
28.70
0.20
0.40
0.00
0.00
0.00
0.00
0.00
0.10
0.00
0.00
0.00
2.00
0.00
0.00
0.00
0.00
0.00
0.00
0.00
0.00
0.00
0.00
0.00
0.00
0.10
0.00
0.00
0.00
0.00
0.00
0.00
0.60
0.00
0.10
8.60
0.00
0.00
0.00
0.00
0.00
0.00
0.00
0.00
0.00
0.10
1.80
0.00
0.00
0.00
1.50
0.00
0.00
0.00
0.10
0.10
0.00
0.00
0.00
0.00
0.00
0.00
0.00
0.00
0.10
0.00
0.00
0.00
2.10
0.00
9.90
0.00
0.00
1.50
3.10
0.30
0.10
0.00
0.00
4.60
0.00
0.00
0.00
0.00
0.00
0.00
0.00
0.00
1.00
5.00
0.30
4.90
2.50
0.00
0.00
0.00
29.50
10.20
2.50
17.40
0.00
0.00
0.00
0.00
0.00
0.00
0.00
0.00
0.00
0.00
0.00
0.00
0.00
0.00
0.00
0.00
0.00
0.00
0.00
0.00
0.00
0.00
0.20
0.80
0.10
18.10
1.70
0.00
0.00
0.10
0.00
0.00
0.80
9.90
0.00
0.90
0.10
0.00
0.00
0.00
0.00
0.00
0.00
0.00
0.00
0.00
0.00
0.00
0.00
0.00
0.00
0.00
0.00
0.00
0.00
5.80
1.50
0.00
0.00
0.00
0.00
0.00
0.00
0.00
0.00
0.00
0.00
0.00
0.00
0.00
0.00
0.00
0.00
0.00
0.00
0.00
0.20
0.00
0.00
0.30
0.00
0.00
0.00
0.10
0.00
0.00
0.00
0.00
0.00
0.50
2.30
0.00
0.00
0.00
0.00
0.00
0.00
0.00
0.00
0.00
0.00
0.00
0.00
0.00
0.00
0.00
0.00
0.00
0.00
0.00
0.00
0.00
0.00
0.00
0.00
0.00
0.00
0.00
0.00
1.10
0.00
1.10
0.00
0.00
0.00
0.00
5.40
6.00
1.60
10.10
0.00
0.00
0.00
0.00
0.00
0.00
25.10
2.50
0.10
0.00
0.00
0.00
3.40
2.40
0.10
0.00
6.70
0.00
0.00
0.00
0.00
0.00
0.00
0.00
0.00
0.00
0.00
0.00
0.00
0.00
0.00
0.70
9.50
4.90
0.00
0.00
0.00
0.00
0.00
0.90
0.00
0.00
0.00
0.00
0.00
0.00
0.00
0.00
0.00
0.00
0.00
0.00
0.00
0.00
0.00
0.00
0.00
0.00
27.30
16.20
0.00
3.40
4.90
0.00
0.00
0.00
0.00
0.00
0.00
0.00
0.00
0.00
2.70
26.40
0.10
0.00
0.00
0.00
0.00
0.00
0.00
0.00
0.00
0.00
0.00
0.30
0.00
1.70
0.00
0.20
0.10
0.00
18.50
9.30
0.00
0.10
0.00
0.10
0.00
0.00
0.00
0.20
0.10
0.00
0.00
0.10
0.00
0.10
0.00
0.10
0.00
10.70
0.00
0.00
0.00
0.00
0.00
0.00
0.00
0.00
0.00
0.10
0.10
0.00
0.10
0.20
0.00
0.20
0.10
0.50
0.10
0.10
0.10
0.10
0.10
0.10
0.00
0.00
0.10
0.00
0.00
0.00
0.00
0.10
0.10
0.00
0.10
0.20
0.10
0.00
0.00
0.00
0.10
0.10
0.00
7.20
24.70
0.10
0.00
0.00
0.00
0.00
0.00
0.00
0.00
0.00
0.00
0.00
0.00
0.00
0.00
0.10
0.00
0.10
0.00
0.00
0.00
0.00
0.00
0.10
0.00
0.00
0.10
0.00
0.00
0.00
0.00
0.00
0.00
2.80
0.10
0.00
0.00
0.30
0.00
0.30
11.60
0.00
0.00
0.00
0.00
0.00
0.00
0.00
0.00
0.00
0.00
0.40
0.00
11.00
8.50
0.00
0.00
0.00
0.00
0.80
2.70
0.10
0.20
0.00
0.00
0.00
0.00
0.00
0.00
0.00
1.00
3.90
6.90
0.10
0.00
1.30
0.20
0.00
0.00
0.00
0.10
0.00
0.00
0.00
0.00
0.10
0.20
4.40
0.60
0.00
0.00
27.40
0.00
0.00
1.50
0.00
0.00
0.00
0.00
0.00
0.00
0.00
0.00
0.00
0.00
0.00
0.20
17.20
3.50
8.10
0.10
0.00
0.00
0.00
2.70
0.00
2.20
0.00
0.00
0.00
0.00
0.00
0.00
0.00
6.50
5.70
4.70
0.40
1.80
2.90
0.00
0.00
0.00
0.00
13.00
0.10
0.00
0.00
5.30
0.00
0.00
0.00
0.00
0.00
0.00
1.60
7.70
4.10
4.70
0.10
0.00
2.00
0.10
0.00
0.10
0.00
0.00
0.00
0.60
0.00
4.60
1.80
0.00
0.00
0.00
5.00
0.00
0.00
0.00
0.00
0.00
0.00
0.00
0.00
0.00
0.00
0.00
0.00
0.00
0.00
0.00
0.00
0.00
0.00
0.00
0.10
0.00
0.00
0.00
0.00
0.00
0.00
0.00
0.00
0.00
0.00
0.00
0.00
0.00
6.90
0.00
0.00
0.00
0.00
0.00
0.00
0.00
0.00
2.30
0.00
0.00
0.00
0.00
0.90
0.00
0.00
0.00
4.50
0.00
0.00
0.00
0.00
0.00
0.00
0.00
1.10
0.00
0.00
0.00
0.00
0.00
0.00
0.00
0.00
0.00
0.00
0.00
0.00
2.00
0.00
0.00
0.00
0.00
0.00
0.00
0.00
0.00
0.00
0.00
1.70
0.00
0.00
20.00
52.80
0.10
0.00
15.90
0.10
0.00
0.00
0.00
0.00
0.00
0.00
18.20
0.20
0.00
0.00
0.00
0.00
0.50
0.10
0.00
0.00
0.00
5.00
0.10
0.00
0.00
0.00
0.00
43.50
32.80
10.60
0.10
0.10
0.30
0.10
0.00
0.00
0.00
4.50
0.00
0.20
0.90
0.00
0.00
0.20
0.10
0.10
0.00
0.10
0.00
0.10
0.00
1.50
4.10
0.30
0.10
0.00
0.00
0.20
0.00
0.40
0.00
0.00
0.00
0.00
0.10
0.00
0.10
2.10
14.40
11.20
0.10
0.20
0.10
1.50
0.10
3.10
0.00
0.20
0.00
0.10
3.60
0.00
0.90
0.20
0.00
0.20
0.10
0.10
0.00
0.10
0.00
0.10
5.00
0.10
0.10
13.40
2.20
0.00
0.00
0.00
0.10
0.00
0.00
0.10
0.10
0.00
0.10
0.20
0.00
0.10
0.10
0.10
0.00
0.00
0.00
0.00
0.00
0.10
0.00
0.00
1.40
0.00
0.00
0.30
0.00
0.00
0.00
24.60
9.00
92.20
12.80
0.00
0.30
0.70
6.60
13.90
0.00
0.00
0.00
0.10
0.10
0.00
0.00
3.20
0.10
8.20
0.50
0.00
0.00
0.00
0.00
12.30
3.30
4.90
0.20
0.10
0.10
0.00
0.10
0.00
0.10
0.00
2.20
0.00
0.00
0.10
0.00
0.00
0.00
1.30
9.50
0.00
0.00
0.50
0.00
0.10
0.00
0.00
0.00
0.10
0.00
0.00
0.00
0.00
0.00
0.00
0.00
0.30
0.10
0.00
14.20
14.40
0.00
0.00
0.10
0.00
0.00
0.10
7.20
0.10
0.00
0.00
0.30
0.00
0.00
0.00
0.00
0.00
0.00
0.00
0.00
0.00
1.00
0.00
0.10
0.00
0.00
0.00
0.00
0.00
0.00
0.00
0.00
12.30
0.40
0.10
0.00
0.70
0.00
1.00
0.40
0.00
0.00
0.30
0.00
0.00
0.00
0.00
2.10
0.00
0.00
0.00
0.00
0.00
0.00
3.60
5.30
0.00
0.00
0.00
0.00
0.00
0.00
0.00
0.00
0.00
0.00
0.00
0.00
0.00
1.00
0.90
0.30
0.00
0.00
0.00
0.00
0.00
0.00
0.00
0.00
0.00
0.00
0.00
0.00
0.00
0.00
0.00
0.00
0.00
0.00
0.00
0.00
0.00
0.00
0.00
47.30
0.70
27.20
1.20
0.00
0.00
0.00
0.00
0.00
0.00
0.10
0.00
0.00
0.00
0.00
0.00
0.00
0.00
0.00
0.00
0.00
0.00
0.00
2.20
0.00
4.80
0.10
0.00
0.00
0.00
0.00
0.00
0.00
0.00
0.00
0.00
0.00
0.00
0.00
0.00
0.00
0.30
1.20
0.90
0.00
0.00
0.00
0.00
0.00
0.00
0.00
0.00
0.00
0.00
0.00
0.00
0.00
0.00
0.00
0.00
0.00
0.00
0.00
0.00
5.80
0.00
0.00
0.00
0.70
0.00
0.00
0.00
0.00
16.10
0.10
0.00
1.90
0.10
0.40
11.10
19.00
0.10
4.80
0.10
0.00
0.00
0.00
0.00
0.00
4.20
0.00
0.00
0.00
0.00
3.80
0.10
1.50
0.00
0.00
0.00
0.00
0.00
0.00
0.00
0.00
0.00
0.10
0.20
0.10
0.20
0.00
0.00
15.70
26.20
0.00
0.20
0.00
0.00
0.00
0.00
0.00
0.20
0.00
0.00
0.00
0.00
0.00
0.00
0.00
1.90
2.70
0.00
0.00
0.00
0.00
0.00
0.00
0.00
0.00
0.00
0.00
0.00
0.00
0.00
0.10
0.00
0.00
0.10
0.00
0.00
0.00
0.00
0.00
0.00
0.60
0.00
0.00
0.00
0.00
0.00
0.00
0.00
0.10
0.10
0.00
0.00
0.00
0.00
0.20
0.00
4.00
0.10
0.00
3.50
0.00
0.00
0.00
0.00
0.00
0.00
0.10
0.00
0.00
0.00
0.00
0.10
0.00
0.30
0.00
0.00
0.00
0.00
0.10
13.30
0.20
0.00
0.00
0.90
0.00
5.30
1.50
0.00
0.00
0.00
0.00
0.10
0.00
0.00
0.10
0.10
0.00
0.10
3.40
0.00
0.00
0.00
0.10
0.00
4.10
0.00
0.00
25.30
21.60
2.60
0.00
0.00
0.00
0.00
0.00
7.10
0.00
0.00
0.00
0.00
1.60
0.10
0.00
1.00
0.00
0.00
0.00
0.00
0.00
0.00
0.00
9.00
1.30
0.00
0.00
5.00
1.30
0.10
0.90
0.00
0.10
0.20
0.00
3.90
0.10
0.10
0.00
8.40
0.70
0.00
2.90
0.20
0.00
0.00
0.00
23.60
2.40
0.10
0.00
0.00
0.00
0.00
1.20
0.10
0.00
0.00
0.00
0.00
0.00
0.00
18.80
0.90
9.30
35.70
0.00
13.80
5.00
0.00
0.00
0.00
0.00
0.00
0.00
0.00
0.00
0.00
0.00
0.00
0.00
0.00
0.00
2.80
0.00
0.00
0.00
0.30
0.00
0.50
9.50
0.40
0.00
0.00
0.00
0.00
10.50
15.80
7.50
0.00
0.00
0.00
0.00
0.00
0.00
0.00
0.00
0.00
0.00
0.00
0.90
0.00
0.00
0.00
1.00
0.00
0.00
0.00
0.70
0.10
0.00
2.40
10.30
0.00
0.00
3.50
0.30
0.20
0.00
0.00
0.00
0.00
0.00
0.00
0.00
0.00
0.00
0.00
0.00
0.00
0.00
0.00
0.10
0.30
0.00
0.00
0.00
0.00
0.00
0.00
0.00
0.00
0.70
0.00
0.00
0.00
0.00
0.00
0.00
0.00
0.00
39.30
0.00
0.00
0.00
0.00
5.00
0.00
0.00
2.80
0.00
0.00
0.00
0.00
0.00
0.00
0.00
0.00
0.00
0.00
0.00
0.00
0.00
3.10
0.00
12.20
0.00
0.00
0.00
0.00
0.00
0.00
0.00
3.80
0.00
0.00
0.00
0.00
0.00
0.00
0.00
1.50
0.00
0.00
0.00
2.70
0.00
0.10
0.00
0.00
1.40
0.00
0.00
13.60
0.10
0.00
0.00
0.00
0.00
1.80
0.00
0.00
0.00
0.00
0.00
0.00
0.00
0.00
0.00
0.00
0.00
0.00
0.00
0.00
0.00
0.00
0.00
0.00
0.00
0.00
0.00
0.00
0.00
0.30
2.20
5.00
21.50
11.70
0.10
0.10
0.10
9.90
19.40
4.30
1.40
15.90
0.00
2.90
0.00
0.00
0.10
0.00
0.00
0.10
13.70
9.70
0.30
0.10
40.10
2.80
0.00
0.00
0.00
1.40
5.90
0.00
0.00
9.20
0.00
0.00
0.00
0.30
80.80
16.50
1.70
78.00
32.10
0.30
0.60
0.00
0.10
0.90
0.10
0.00
2.10
0.00
0.00
0.00
0.10
0.10
0.00
0.00
0.00
0.10
0.10
0.00
0.00
0.00
0.00
0.00
0.10
10.20
0.60
0.00
3.20
0.10
0.00
0.00
0.00
0.00
0.00
0.00
0.00
0.00
0.00
0.00
0.00
0.10
0.10
0.00
0.00
0.20
0.00
0.00
0.00
0.00
0.00
0.00
0.00
0.00
0.00
0.00
0.00
0.00
0.00
0.00
1.30
0.00
0.00
3.40
0.00
0.00
2.40
0.00
0.00
0.00
3.20
2.40
0.00
0.00
0.00
0.00
1.30
0.00
0.00
0.60
0.00
0.20
0.00
0.00
0.00
0.00
0.00
0.00
0.00
0.00
0.10
0.10
0.00
0.00
0.00
0.00
0.00
0.00
0.00
0.00
0.00
0.00
0.00
0.00
0.00
0.00
0.00
0.00
0.30
0.00
0.00
0.00
0.00
0.00
0.00
3.30
0.70
0.00
0.00
0.00
0.00
0.00
0.00
0.00
0.00
0.00
0.00
0.00
0.00
0.00
0.00
0.00
0.00
0.00
0.00
5.80
19.30
0.00
4.50
0.10
0.00
2.30
2.00
0.00
0.00
0.00
0.00
0.00
0.40
1.60
0.00
0.00
0.00
4.00
0.10
2.40
45.90
0.00
0.00
3.20
0.00
0.00
0.00
0.00
0.00
0.20
4.30
0.10
0.00
0.00
0.00
0.20
0.00
0.00
4.30
0.00
0.00
0.00
0.00
0.00
13.80
15.40
0.10
0.00
0.00
0.00
0.00
2.40
1.60
0.00
0.00
0.00
0.00
0.00
0.00
0.00
0.00
0.00
0.00
0.00
0.00
0.00
0.00
0.00
0.00
13.90
0.10
0.00
0.20
0.00
0.00
0.00
0.00
0.00
0.00
0.00
0.00
0.00
0.00
0.00
0.00
0.00
0.00
0.00
0.00
0.00
0.00
0.00
0.00
0.00
0.00
0.00
0.00
8.70
0.00
0.00
0.00
0.00
0.00
0.00
0.00
0.00
0.00
0.00
0.00
0.00
0.00
0.00
0.00
0.00
0.00
16.00
0.10
0.00
0.00
0.00
0.00
0.00
0.00
0.00
0.00
0.00
0.00
0.00
0.00
0.00
0.00
1.10
0.00
0.00
2.40
0.00
0.00
0.00
0.00
0.00
0.00
0.00
0.00
0.00
0.00
0.00
1.10
0.00
0.00
0.00
0.00
4.70
0.00
0.00
0.00
0.00
0.00
0.00
0.00
1.10
18.20
7.40
0.00
0.00
0.40
0.00
0.00
0.00
0.00
0.10
0.00
26.90
0.50
0.00
0.00
0.00
0.00
0.00
0.10
0.00
0.00
0.20
0.10
0.00
0.00
0.00
0.10
0.00
0.00
0.00
0.00
0.00
0.00
0.00
0.70
10.90
0.00
0.00
0.00
0.00
0.00
6.90
70.10
87.30
0.00
0.10
0.00
0.10
0.20
0.00
0.10
1.00
2.70
0.70
1.50
0.60
1.90
0.00
0.10
0.00
0.00
0.00
0.00
0.00
0.00
2.90
0.10
0.00
0.00
0.00
0.00
0.00
0.00
23.80
1.40
0.00
0.00
0.00
0.00
0.00
0.00
0.00
0.20
0.00
0.00
51.50
26.10
0.00
0.00
0.10
0.10
0.00
0.30
0.10
0.00
0.00
0.00
0.00
0.00
0.00
0.20
0.10
0.00
0.00
0.00
0.00
0.00
0.00
0.00
0.00
0.00
0.00
0.00
0.00
0.10
0.00
0.10
0.00
0.00
0.10
0.00
0.00
4.30
0.00
0.10
0.00
0.10
0.00
0.00
0.60
0.10
0.00
87.50
32.20
20.20
16.10
0.10
0.10
0.10
0.10
0.00
0.10
0.00
0.00
0.00
0.00
0.00
0.00
0.00
0.00
0.00
0.00
0.00
0.00
0.00
6.30
0.00
0.10
0.20
0.00
0.00
0.00
0.00
0.00
0.00
0.00
0.10
0.00
0.00
0.30
0.00
0.00
0.00
0.00
4.90
1.00
0.00
1.90
0.00
0.00
0.00
0.70
0.00
0.00
0.00
0.30
0.00
0.00
7.10
0.10
0.00
0.10
0.20
0.00
0.30
79.90
0.00
0.00
17.30
0.00
0.00
0.00
0.40
3.60
6.00
1.80
0.00
0.00
0.00
0.00
0.00
0.00
0.00
0.00
0.00
0.00
33.40
0.60
0.00
0.00
0.00
7.00
18.70
20.40
65.50
30.70
1.80
0.00
0.00
0.30
0.00
0.00
0.00
0.00
0.30
0.00
0.00
0.00
0.00
0.00
0.00
0.00
2.00
3.80
0.20
0.10
1.90
5.10
0.10
0.40
0.10
0.00
0.00
0.00
0.00
0.00
0.00
0.00
0.00
0.00
0.00
0.00
0.00
0.00
0.00
7.90
0.10
6.60
13.60
0.10
0.00
11.20
15.30
3.00
2.10
0.70
0.00
5.30
0.10
0.40
3.20
6.00
2.30
0.00
0.00
0.00
0.00
0.00
0.00
0.00
0.00
0.00
0.00
0.10
0.20
0.00
10.30
2.70
0.00
0.00
0.00
0.00
0.00
0.00
0.00
0.00
0.00
0.00
0.00
0.00
0.00
0.00
0.00
0.00
0.00
0.00
0.00
0.00
0.00
0.00
0.00
0.00
0.00
0.00
0.00
0.00
0.00
0.00
0.00
0.00
0.00
0.00
0.00
0.00
0.00
0.00
0.00
0.00
0.70
0.10
0.00
0.00
0.00
0.00
0.00
0.00
0.00
0.00
0.00
0.00
0.00
0.00
0.00
0.40
5.20
1.20
0.10
0.00
0.00
0.00
0.00
0.00
20.30
0.00
5.30
1.00
1.00
0.00
0.00
0.00
0.00
0.00
0.00
0.00
0.00
0.00
0.00
4.40
0.10
0.00
0.00
1.70
2.50
0.10
0.20
0.00
0.00
1.30
12.50
0.10
0.00
0.00
0.00
0.00
0.00
0.00
11.80
0.00
0.00
7.30
13.50
0.10
0.00
0.00
0.00
0.00
0.00
0.00
0.70
0.00
0.00
0.00
0.20
0.00
0.00
0.00
0.00
0.10
0.20
0.10
0.10
0.10
0.00
0.40
5.10
0.00
0.20
0.10
0.00
0.00
0.20
0.10
0.10
0.00
0.00
0.00
0.20
0.00
0.00
0.00
0.00
0.10
3.50
17.40
1.60
30.30
0.00
0.00
0.00
0.00
0.00
0.00
0.00
0.00
1.30
0.10
0.00
0.10
2.70
0.00
0.00
0.00
0.00
0.00
0.10
0.10
2.40
0.40
0.00
0.00
0.00
0.10
0.00
0.00
0.00
0.00
0.00
0.00
0.00
0.00
0.00
0.00
0.00
0.00
0.00
0.00
0.00
32.90
0.20
0.00
0.10
0.00
0.10
0.00
0.00
0.00
0.00
0.10
0.00
0.00
0.90
0.10
0.00
0.00
0.00
0.90
0.10
0.00
6.20
0.00
0.00
0.00
0.00
0.00
0.00
0.00
7.50
3.50
0.10
0.00
0.00
4.80
2.00
0.10
0.00
0.00
0.00
0.00
0.00
0.10
1.00
2.70
1.30
0.10
0.10
0.00
0.00
0.00
0.00
0.00
0.00
0.00
0.20
0.00
5.30
1.10
0.00
0.00
0.00
1.80
0.20
0.00
