20000101
0.00
0.00
0.00
0.20
0.20
0.00
0.00
0.20
0.00
0.00
0.00
0.00
0.00
0.20
0.00
0.00
0.00
0.00
0.20
0.00
0.00
0.00
0.00
0.00
0.00
0.00
0.00
0.00
0.00
0.00
0.00
0.00
0.00
0.00
0.00
0.00
0.00
0.00
0.00
0.00
0.00
0.00
0.00
0.00
0.00
0.00
0.00
0.00
0.00
0.00
0.00
0.00
0.00
0.00
0.00
0.00
0.00
0.00
0.00
0.00
0.00
0.00
0.00
0.00
0.00
0.00
0.00
0.00
0.00
0.00
0.00
0.00
0.00
0.00
0.00
0.00
0.00
0.00
0.00
0.00
0.00
0.00
6.80
0.00
0.00
0.00
0.00
3.20
0.00
7.40
11.60
0.00
0.00
14.20
0.00
0.00
0.00
0.00
0.00
0.00
18.80
4.80
0.00
0.00
3.40
2.00
5.60
0.00
0.00
0.00
0.00
0.00
0.80
3.60
0.00
0.00
0.00
6.20
3.00
0.00
0.00
0.00
0.00
0.00
0.00
16.00
0.00
3.20
0.00
0.00
20.40
0.20
0.00
0.00
0.00
0.00
0.00
0.60
0.00
0.00
0.00
1.60
2.20
0.00
0.00
2.40
2.00
0.00
0.00
0.00
0.00
0.00
0.00
0.00
0.00
0.00
10.00
0.00
0.00
0.00
29.20
36.40
1.20
0.00
0.00
0.00
0.00
0.00
0.00
0.00
0.00
-99.00
-99.00
-99.00
0.00
0.00
0.00
0.00
0.00
0.00
0.00
0.00
0.00
0.00
0.00
0.00
0.00
0.00
0.00
0.00
0.00
0.00
0.00
0.00
0.00
0.00
0.00
0.00
0.00
0.00
0.00
0.00
0.00
0.00
0.40
0.00
10.80
0.00
0.00
0.00
0.00
0.00
0.00
0.00
0.00
0.00
0.00
0.00
0.00
0.00
0.00
0.00
0.00
0.30
1.30
0.00
0.00
0.00
0.00
0.00
0.00
0.00
0.00
0.00
0.00
0.00
0.00
0.00
0.00
0.00
0.00
0.00
4.40
0.60
0.00
0.00
0.00
0.00
0.00
0.00
0.00
0.00
0.00
0.00
0.00
0.00
0.00
0.00
0.00
0.00
0.00
0.00
5.60
0.40
0.00
0.00
0.00
0.00
0.00
0.00
0.00
6.40
0.00
0.00
0.20
0.00
0.00
0.00
0.00
0.00
0.00
0.00
0.00
0.00
2.20
0.60
2.20
0.00
0.00
0.00
0.00
0.00
0.00
0.00
14.40
10.20
0.40
0.00
0.00
0.00
0.00
0.00
0.00
0.00
6.00
0.00
3.50
0.30
0.00
2.20
4.80
0.00
0.00
0.00
0.00
0.00
0.00
3.20
0.00
0.00
0.00
0.00
0.00
0.00
0.20
0.00
3.20
8.00
0.00
0.00
0.80
2.20
0.00
15.40
0.00
0.00
0.00
0.00
0.00
0.00
1.80
3.60
0.00
0.00
0.00
0.00
0.20
0.00
0.00
0.00
0.00
0.20
0.00
0.00
0.00
0.60
8.60
14.80
16.80
0.60
0.20
0.00
1.80
0.20
1.20
0.00
0.00
0.40
0.00
1.80
0.00
0.00
0.00
0.00
0.00
0.00
0.60
0.20
0.20
1.60
7.40
0.00
0.00
0.80
0.00
0.00
0.00
0.00
0.00
0.00
0.60
1.80
0.00
2.60
0.00
0.00
0.00
0.00
0.00
0.00
0.00
0.00
0.00
0.00
0.00
0.00
0.00
0.00
0.00
0.00
13.80
0.00
0.00
0.00
0.00
0.00
0.00
0.00
0.00
0.00
0.00
0.00
0.00
0.40
0.00
0.20
3.60
2.20
0.60
0.80
0.00
9.60
0.80
0.00
0.00
0.00
3.20
0.00
0.00
0.00
1.60
0.60
0.00
0.00
0.00
0.00
0.00
0.00
0.00
0.00
0.00
0.00
0.00
1.00
0.00
0.00
0.00
0.00
0.00
0.00
0.00
0.00
0.00
0.00
0.00
0.00
0.00
0.00
0.00
0.00
0.00
0.00
0.00
0.00
0.00
0.00
0.00
0.00
0.00
0.00
0.00
0.00
0.80
0.00
2.00
32.80
5.20
0.60
0.00
0.00
5.40
0.00
0.00
0.00
1.20
9.40
0.00
0.00
0.00
0.40
0.00
0.00
8.20
3.60
0.00
0.00
2.40
0.00
0.00
0.40
0.00
0.00
0.00
0.00
0.00
0.00
0.00
0.00
0.00
0.00
0.00
0.00
0.00
0.00
0.00
0.80
4.60
0.00
0.00
0.00
0.00
1.80
0.00
0.00
0.00
0.00
0.00
0.00
0.00
0.00
0.00
0.00
0.00
0.00
0.00
0.00
0.00
0.00
0.00
0.00
0.20
2.80
0.20
0.00
0.00
30.60
0.00
0.00
0.00
0.00
2.60
0.40
0.00
0.00
0.00
15.60
0.00
0.00
0.00
0.00
0.00
0.00
0.00
0.00
0.00
0.00
0.00
0.00
0.00
0.00
0.00
0.00
0.00
0.00
0.00
0.00
0.00
0.00
0.00
0.00
0.00
0.00
0.00
1.60
0.00
0.00
0.60
0.00
0.00
0.00
0.00
0.00
0.00
0.00
0.00
0.00
0.00
0.00
0.00
0.00
0.00
0.00
0.00
0.00
0.00
0.00
0.00
0.00
0.00
0.00
0.00
0.00
0.00
0.00
0.00
0.00
0.00
0.00
7.40
0.00
18.00
3.80
0.00
0.00
0.00
0.00
2.20
0.00
0.00
0.00
0.00
0.00
0.00
0.00
0.00
0.00
0.20
7.00
0.00
0.00
0.00
0.40
0.00
0.00
0.00
0.40
14.80
0.00
14.20
0.00
0.00
0.00
0.00
0.00
0.00
0.00
0.00
0.00
0.00
0.00
0.00
0.00
0.00
0.00
0.00
0.00
0.00
0.00
0.00
0.00
0.60
0.00
0.00
0.40
5.60
34.00
10.60
0.20
0.00
0.00
0.00
0.20
0.00
0.00
0.00
0.00
0.00
0.00
0.00
0.20
0.20
0.00
0.00
0.00
0.00
0.20
0.20
0.00
0.00
0.00
0.00
0.00
0.00
3.20
13.00
0.00
0.00
0.00
0.00
0.00
0.00
0.00
0.00
0.00
0.00
0.00
0.00
0.00
0.00
0.00
1.20
0.20
6.20
0.60
0.40
0.00
0.00
0.00
0.00
0.00
0.00
0.20
0.00
0.40
0.20
0.20
0.00
0.00
0.00
0.00
0.20
0.20
0.80
8.20
0.00
0.00
0.00
0.00
0.00
0.00
0.00
0.00
0.00
0.00
0.00
0.00
8.20
0.00
0.00
0.00
0.00
0.00
0.00
0.00
0.00
0.20
0.00
0.40
0.00
0.00
0.00
0.00
0.00
0.00
0.00
0.00
0.00
0.00
0.00
0.00
0.00
0.00
0.00
1.60
24.60
0.00
0.00
0.00
0.00
0.00
0.00
0.00
5.80
0.40
0.00
0.00
0.40
0.00
0.00
0.00
0.00
0.00
0.00
0.00
0.00
0.00
0.20
0.00
1.00
0.00
0.00
0.00
5.60
44.80
1.60
0.00
1.80
15.00
3.20
0.00
12.00
0.20
4.40
0.00
0.00
0.00
0.00
0.00
0.00
0.00
0.00
0.00
0.00
0.00
0.00
0.00
0.00
0.00
0.00
0.00
0.00
3.20
0.00
0.00
0.00
0.00
2.60
4.60
4.40
3.80
2.60
0.60
0.00
0.00
0.00
0.00
0.00
0.00
0.00
0.00
0.00
0.00
1.60
0.00
0.00
0.00
0.20
0.20
0.00
0.00
0.00
0.00
0.60
0.00
0.00
14.20
14.60
0.00
0.40
11.00
0.00
0.00
0.00
0.00
0.00
0.00
0.00
0.00
0.00
0.00
0.00
0.00
0.00
0.00
0.00
0.00
0.00
0.00
0.00
0.00
0.00
0.00
0.00
0.00
0.00
0.00
0.00
0.00
0.00
0.40
0.00
0.00
0.00
0.00
0.80
0.00
0.00
0.00
0.00
0.00
0.00
0.00
0.00
0.00
0.00
0.00
0.00
0.00
0.00
0.00
0.00
0.40
0.00
3.20
0.00
0.00
0.00
0.00
0.00
0.00
1.80
1.60
0.00
0.00
0.00
0.00
0.00
0.00
0.00
0.00
0.00
0.00
0.00
0.00
12.40
4.20
9.80
0.00
0.00
0.00
0.00
0.00
0.00
0.00
0.00
0.00
5.00
1.20
2.20
0.00
0.00
1.00
0.20
0.00
0.00
0.00
0.00
0.00
0.00
0.00
0.40
0.60
0.00
5.60
0.00
0.00
0.00
0.00
0.00
0.00
0.00
0.00
0.00
0.00
0.00
8.20
0.00
0.00
0.00
0.00
0.00
0.40
20.20
11.20
0.00
0.00
0.00
0.00
0.00
0.00
0.00
0.00
0.00
0.00
0.00
0.00
0.00
0.00
0.00
0.00
0.00
0.00
0.00
5.20
0.00
0.00
0.00
0.00
0.00
0.00
2.60
4.40
0.00
0.00
0.00
0.00
0.00
3.00
3.00
0.60
0.00
0.00
0.00
0.00
6.60
0.00
0.00
0.00
13.20
0.00
0.00
0.00
0.60
0.00
0.00
1.20
0.00
0.00
0.00
0.00
0.00
0.00
0.00
1.00
5.80
0.20
0.20
0.20
1.00
0.00
0.00
0.40
0.20
0.80
0.60
0.00
0.00
0.20
0.00
0.00
0.00
2.00
0.20
0.00
4.80
0.00
0.00
0.00
0.00
0.00
10.40
1.60
0.00
0.00
0.60
0.00
0.00
0.00
0.00
0.00
0.00
0.00
0.00
0.20
1.60
3.00
0.20
0.00
0.00
0.00
0.00
0.00
0.00
0.00
0.00
0.00
0.00
0.00
0.00
0.00
0.00
0.00
0.00
0.00
0.00
0.00
0.00
0.00
0.00
13.20
2.40
0.60
0.00
0.00
0.00
11.00
33.60
0.20
0.00
0.00
0.00
1.20
32.40
0.00
0.00
0.00
0.00
0.00
0.00
0.20
0.80
0.00
0.00
0.00
0.00
0.00
0.00
0.00
0.00
0.60
0.00
0.20
0.00
0.00
0.00
0.00
0.00
0.00
0.00
0.00
0.00
0.00
9.40
7.60
0.00
1.00
0.00
0.00
0.00
0.00
0.00
0.00
0.00
0.00
7.40
0.00
0.00
0.00
0.00
0.00
0.60
0.00
0.00
0.00
2.80
7.20
0.00
0.00
0.00
0.00
0.00
0.00
0.00
0.00
0.00
0.00
0.00
0.00
0.00
0.00
0.00
22.60
21.60
3.00
0.00
0.00
0.00
0.00
0.00
0.00
0.00
7.80
2.20
0.00
9.20
0.00
0.00
0.00
0.00
6.60
0.20
0.00
0.00
0.00
0.00
0.00
0.00
0.00
0.00
0.00
0.00
2.00
0.00
0.00
0.00
0.00
0.00
0.00
0.00
0.00
0.00
0.00
0.00
4.20
0.00
0.00
0.00
0.00
0.00
0.00
0.00
0.00
0.00
0.00
0.00
0.00
0.00
0.00
0.00
0.00
0.00
0.00
5.80
0.00
0.00
1.20
0.00
0.00
0.00
0.00
0.00
0.00
0.00
0.00
0.00
0.00
0.00
0.00
0.00
0.00
0.00
0.00
0.00
0.00
0.00
0.00
0.00
0.00
0.00
0.00
0.00
0.00
0.00
0.00
0.00
0.00
0.00
0.00
0.00
0.00
0.00
0.00
0.00
0.00
19.00
0.20
0.00
0.00
0.00
0.00
0.00
-99.00
-99.00
0.00
0.00
0.00
0.00
0.00
26.20
2.80
9.20
3.60
0.80
0.00
0.00
11.40
6.80
0.00
0.00
0.00
0.00
0.00
0.00
0.00
0.00
0.00
0.00
0.00
0.00
0.00
0.00
0.00
0.00
0.00
0.00
5.60
0.20
1.00
10.40
7.80
0.00
0.00
0.00
0.00
0.00
0.00
0.00
0.00
0.00
0.00
1.00
0.00
0.00
1.40
9.80
42.80
8.20
8.60
0.00
0.00
0.00
0.00
0.00
0.00
28.40
1.40
2.80
0.00
0.20
2.20
0.00
0.00
0.00
0.00
0.00
0.00
0.00
0.80
0.20
13.60
0.40
0.00
0.00
0.00
0.00
7.80
0.00
0.00
0.00
0.00
0.00
0.20
2.80
3.80
0.00
2.00
1.40
0.00
0.00
0.00
7.40
0.00
2.80
11.20
5.60
0.00
0.20
0.60
0.00
0.00
0.00
0.00
0.20
0.20
0.00
0.00
0.00
1.00
0.00
0.00
0.00
0.00
0.00
0.00
0.00
0.00
0.20
1.40
0.00
0.00
0.00
0.00
0.00
0.00
0.00
0.00
0.00
0.00
0.20
0.00
0.00
0.00
0.00
0.00
0.00
0.00
0.00
0.60
0.00
0.00
0.00
0.00
0.00
0.00
0.00
0.00
0.80
0.20
0.00
0.00
0.00
0.00
0.00
0.00
0.20
0.00
0.20
0.20
0.00
0.00
0.00
0.00
0.20
0.00
0.00
0.00
0.00
0.00
2.00
0.00
0.00
5.80
0.20
0.00
0.00
1.20
12.80
18.80
0.00
0.00
0.00
0.00
0.00
0.00
0.00
0.00
0.00
0.00
0.00
0.00
1.00
0.00
0.00
3.00
0.00
0.00
0.00
0.00
0.00
0.00
0.00
0.00
1.80
0.20
0.00
0.00
0.00
15.40
2.00
13.80
6.40
0.20
1.60
2.00
0.00
0.00
0.00
0.00
0.00
21.20
0.20
0.00
0.00
0.00
0.00
0.20
0.00
9.40
0.00
0.00
0.00
0.00
0.00
21.40
0.00
0.00
0.00
0.00
4.00
3.60
2.20
0.00
0.00
7.50
31.50
1.00
0.80
0.00
1.40
0.00
0.00
24.40
8.00
1.40
0.00
0.00
0.00
0.00
0.00
0.00
0.00
0.00
0.00
0.00
0.00
0.00
0.00
4.20
0.00
0.00
0.00
0.00
0.00
0.00
0.00
0.00
0.00
0.00
0.00
0.00
0.00
0.00
0.00
0.00
0.00
0.00
3.00
0.40
0.00
0.00
0.00
0.20
0.00
0.00
0.00
0.00
0.00
0.20
0.00
0.00
0.00
0.00
0.00
0.00
0.00
0.00
0.00
0.40
5.40
4.00
0.00
0.00
28.00
14.00
0.00
0.00
0.00
0.00
0.00
0.40
0.00
0.00
0.00
0.00
0.00
0.00
0.00
0.00
0.00
0.00
0.00
1.60
0.00
0.00
0.00
0.00
4.20
1.20
0.00
0.00
0.80
0.00
0.00
0.00
0.00
0.00
0.00
0.00
0.00
0.00
3.60
0.00
0.00
0.00
0.00
0.00
0.60
0.00
0.00
0.00
0.00
0.00
24.00
0.00
0.00
0.00
0.00
3.00
0.20
0.00
0.00
0.00
0.00
0.00
0.20
1.60
0.00
0.00
0.00
0.00
0.00
0.00
0.00
0.00
0.00
0.00
0.00
0.00
0.00
0.00
0.00
0.00
0.00
0.00
0.00
0.00
0.00
0.00
0.00
0.00
0.00
0.00
0.00
0.00
0.00
0.00
0.00
0.00
0.00
0.00
0.00
0.00
0.40
1.00
0.00
4.20
0.00
0.00
0.00
8.40
0.80
9.00
0.20
0.60
0.00
0.00
0.00
0.00
0.00
0.00
0.00
0.00
0.00
0.00
0.00
0.00
0.00
0.00
0.00
0.00
0.00
0.00
0.00
0.00
0.00
0.00
0.00
0.00
0.00
0.00
0.00
0.00
0.00
0.30
1.90
0.00
20.40
0.00
0.00
7.80
2.80
0.00
2.60
9.00
5.40
0.00
0.20
0.00
0.00
0.20
0.00
0.00
0.00
0.00
0.00
0.00
0.00
0.00
0.00
0.00
0.20
0.00
0.00
0.00
0.00
0.00
0.00
0.00
0.00
0.00
0.20
0.00
0.30
0.30
0.20
0.20
0.20
0.20
0.00
0.00
0.20
0.20
0.00
0.00
0.20
0.00
0.00
0.00
0.00
0.00
0.00
0.00
0.00
0.00
0.00
0.00
0.00
0.00
0.00
0.00
0.00
0.00
0.00
0.00
0.40
0.00
0.00
0.00
0.00
0.00
0.00
0.00
0.00
0.00
0.00
0.00
0.00
0.00
0.00
0.00
0.00
0.00
0.00
0.00
0.00
0.00
1.40
0.40
0.00
0.00
0.00
0.00
0.00
0.00
0.00
0.00
0.00
0.00
0.00
0.00
0.00
0.00
0.00
0.00
0.00
0.00
0.00
0.00
7.20
0.00
0.00
0.00
0.00
0.00
1.20
0.00
0.00
0.00
11.40
0.00
0.60
0.00
0.00
0.00
0.00
0.00
0.00
0.00
0.00
0.00
0.10
0.10
0.00
0.00
0.00
0.00
0.00
0.00
0.00
0.00
0.00
0.00
0.00
0.00
0.00
0.00
0.00
0.00
0.00
0.40
0.00
0.00
0.00
0.00
0.00
0.80
0.20
0.80
0.40
14.20
0.20
0.60
11.80
20.80
0.00
0.00
0.00
0.00
0.00
0.00
0.00
0.00
0.00
0.00
0.00
0.00
0.00
0.00
0.00
0.00
0.00
0.00
0.00
0.00
0.00
0.00
0.00
0.00
1.60
0.00
0.00
0.00
0.00
0.00
0.00
0.00
0.00
4.60
0.80
0.20
16.80
0.20
0.00
0.00
0.40
1.20
0.00
0.00
0.00
0.00
0.00
3.00
0.00
0.00
0.00
0.00
0.00
0.00
0.00
0.00
0.00
0.00
0.00
0.00
0.00
0.00
0.00
0.00
0.00
0.00
0.00
0.00
0.00
0.00
0.00
0.80
0.00
0.00
0.00
4.40
0.40
0.00
0.00
0.00
0.00
0.00
0.00
4.20
2.20
1.40
0.20
0.00
0.00
0.00
0.20
0.80
3.40
0.00
0.00
0.00
0.00
0.00
0.00
0.00
0.00
0.00
0.00
0.00
0.00
0.00
0.00
0.00
0.00
0.00
0.60
6.80
6.20
11.00
0.00
0.00
0.00
0.40
1.20
0.00
0.00
2.00
1.80
0.00
0.00
0.00
0.00
0.00
0.00
0.00
0.40
0.00
0.00
0.00
0.00
0.00
0.00
0.00
0.00
0.00
0.00
0.00
0.00
0.00
0.00
1.00
0.00
3.20
19.60
16.60
5.80
-99.00
-99.00
0.60
0.00
0.20
0.20
0.00
4.60
0.00
0.00
0.00
0.00
0.40
0.00
0.00
2.00
0.40
0.00
0.00
0.00
0.00
0.00
0.00
0.00
21.80
2.20
8.60
10.00
16.80
17.20
1.60
0.40
0.00
0.00
0.00
0.00
0.00
0.00
0.00
0.00
0.00
0.00
0.00
0.00
0.00
0.00
0.00
6.40
0.40
0.00
0.00
0.00
0.00
0.00
0.00
0.00
0.00
0.00
0.00
0.00
0.40
0.40
0.00
0.00
0.00
0.00
0.00
0.00
0.00
0.00
0.00
0.00
0.00
0.80
0.00
0.00
2.40
0.00
0.00
0.00
0.00
0.00
3.80
3.20
3.80
2.20
1.00
-99.00
0.00
0.00
0.00
1.60
0.00
0.40
0.00
0.00
0.10
0.10
0.00
0.00
0.00
0.00
0.00
0.00
1.00
14.60
14.40
4.00
0.40
0.40
0.00
0.40
0.00
0.00
0.00
0.00
0.00
0.00
0.00
0.00
0.00
0.00
0.00
0.00
0.00
0.00
2.40
0.00
0.00
0.00
0.00
0.00
0.00
0.00
0.00
1.20
0.00
0.00
0.00
0.80
1.20
0.00
0.00
0.00
0.00
0.00
0.00
0.00
0.00
0.00
0.00
0.00
0.00
2.00
0.00
7.40
0.20
0.00
0.40
0.00
0.00
0.00
0.00
0.00
0.00
0.00
0.00
0.00
0.00
0.00
0.00
0.00
0.00
1.80
0.00
0.00
0.00
0.00
0.00
0.00
0.00
0.40
0.00
2.40
0.00
0.00
0.00
0.00
0.00
0.00
0.00
0.00
0.00
0.00
0.00
0.00
0.00
0.00
0.00
0.00
0.00
0.00
0.00
0.00
0.00
0.00
0.00
0.00
0.00
1.40
0.00
0.00
0.00
0.00
0.00
0.00
0.00
0.00
0.00
0.00
0.00
0.00
0.00
0.00
0.00
0.00
0.00
0.00
0.00
0.00
0.00
0.00
0.00
0.00
0.00
0.00
0.00
0.00
0.00
0.00
0.00
0.00
0.00
0.00
0.00
0.00
0.00
0.00
0.00
0.00
0.00
1.20
4.00
0.00
0.00
0.00
0.00
0.00
0.00
0.00
0.00
0.00
0.40
1.00
0.00
0.00
0.00
0.00
0.00
0.00
0.00
0.00
0.40
0.00
0.00
0.00
0.00
0.00
0.00
0.00
0.00
0.00
0.00
0.00
0.40
0.00
0.00
0.00
0.00
0.00
0.00
0.00
0.00
0.00
0.00
0.00
4.80
0.00
0.00
0.00
0.00
0.00
0.00
12.80
3.80
0.00
0.00
0.00
0.00
0.00
0.00
2.00
0.00
0.00
0.00
0.00
0.00
0.00
0.00
0.00
0.00
0.00
0.00
0.00
0.00
0.00
0.00
0.00
0.00
0.00
0.00
8.60
21.00
20.60
0.00
0.00
0.00
0.00
0.00
0.00
0.00
0.00
18.00
0.00
-99.00
0.00
0.00
0.00
0.00
0.00
0.00
0.00
0.00
0.00
0.00
0.00
0.00
0.00
0.00
0.00
15.80
0.80
0.00
0.00
0.00
0.00
0.00
4.40
0.80
1.00
0.40
0.00
6.00
0.40
0.00
0.00
0.00
0.00
0.00
0.00
0.00
0.00
0.00
0.00
0.00
0.00
0.00
0.00
0.00
0.00
0.00
0.00
0.00
0.00
0.00
0.00
6.40
0.80
0.00
0.00
0.00
0.00
0.00
0.00
0.00
0.00
0.00
0.00
0.00
0.00
0.00
0.00
0.00
0.00
0.00
0.00
10.60
0.00
4.40
0.00
0.00
0.00
0.60
0.40
0.00
1.40
0.40
0.40
0.00
0.00
0.00
0.00
1.80
0.80
0.00
0.00
0.00
0.40
0.00
0.00
0.00
0.00
0.00
0.00
0.00
0.00
0.00
0.00
0.00
0.10
0.00
0.00
0.00
0.10
0.10
0.10
0.00
0.00
0.00
0.00
0.00
0.00
0.10
4.90
0.00
0.00
0.00
0.00
0.00
0.00
0.00
0.10
0.10
0.00
0.00
0.00
0.00
0.00
0.00
0.00
2.10
1.70
0.10
0.00
0.30
0.00
0.00
0.00
0.00
3.00
0.00
0.00
0.00
0.00
0.00
0.00
0.00
0.00
0.00
0.00
0.00
0.00
0.00
0.00
0.00
0.00
0.00
3.60
0.00
0.00
0.00
0.00
0.00
-99.00
0.00
0.00
3.60
0.00
0.00
0.00
0.00
0.00
0.00
0.00
0.60
0.00
4.80
0.00
0.00
0.00
0.10
17.90
1.40
28.00
17.00
6.00
6.00
0.40
-99.00
-99.00
0.00
0.00
0.00
7.20
6.00
14.80
0.20
0.00
8.60
1.20
0.00
0.00
0.00
0.00
0.00
0.00
0.00
0.00
0.00
0.00
0.00
0.60
28.20
0.20
6.60
0.20
1.20
0.00
0.00
0.00
0.00
0.00
0.00
0.00
0.00
0.80
0.00
0.00
0.00
0.00
1.40
0.00
0.00
0.00
0.00
0.00
5.00
0.00
1.20
0.00
0.00
0.00
0.80
0.00
0.00
0.00
11.40
0.00
0.00
0.00
-99.00
-99.00
-99.00
0.00
0.00
0.00
0.00
5.20
0.00
0.00
1.80
0.00
0.00
0.00
0.00
0.00
0.00
0.00
0.00
0.00
0.00
0.00
0.00
4.40
0.00
0.00
0.00
0.00
0.00
0.00
0.00
0.00
0.00
0.00
0.00
0.00
0.00
0.00
0.00
0.00
0.00
0.00
0.00
0.00
0.00
0.00
0.00
0.00
0.00
0.00
0.00
0.00
0.00
0.00
3.00
0.00
0.00
0.00
0.00
5.80
16.20
0.00
0.00
0.00
0.00
0.00
0.00
0.00
0.00
0.00
0.00
0.00
0.00
0.00
0.00
0.00
0.20
0.00
0.60
0.00
0.00
0.00
1.00
0.00
0.00
0.00
0.00
0.00
0.00
0.00
0.00
0.00
0.00
0.00
0.00
0.00
0.00
0.00
0.00
0.00
0.00
0.60
0.00
0.00
0.00
0.00
0.20
0.00
0.00
0.00
0.00
0.00
8.20
3.00
0.00
0.00
0.00
3.00
15.00
8.00
0.00
0.00
0.00
0.00
1.80
2.00
0.00
0.00
0.00
0.00
0.00
2.20
0.00
0.00
0.00
0.00
0.00
0.00
0.00
0.00
0.00
0.00
0.00
0.00
0.00
0.00
0.00
0.00
0.00
0.00
0.00
0.00
0.00
0.00
0.00
0.00
0.00
0.00
0.00
0.00
0.00
0.00
0.00
0.00
0.00
5.80
0.20
0.00
0.00
0.00
0.00
0.00
6.80
0.00
0.00
0.00
0.00
0.00
0.00
0.00
0.00
0.00
0.00
0.00
0.00
0.00
0.00
0.00
0.00
0.00
0.00
0.00
0.40
0.40
0.00
0.00
0.00
-99.00
-99.00
-99.00
-99.00
0.00
0.40
0.00
-99.00
0.00
0.00
0.40
18.00
0.80
0.00
0.00
0.00
0.00
0.00
0.00
0.80
-99.00
-99.00
-99.00
-99.00
-99.00
-99.00
-99.00
-99.00
-99.00
-99.00
-99.00
-99.00
0.00
0.00
0.00
0.00
0.00
0.40
0.00
0.00
0.00
0.00
0.00
0.80
3.60
0.00
0.00
0.00
0.00
0.00
0.00
0.00
0.00
0.00
0.00
0.00
0.00
0.00
13.60
2.00
0.00
0.00
14.60
0.60
3.00
0.60
0.00
0.00
0.20
0.00
0.00
0.00
0.00
0.00
0.00
0.00
0.00
0.00
1.20
0.00
0.00
0.00
0.00
0.00
0.00
0.00
0.00
0.00
0.00
0.00
0.00
0.00
0.00
0.40
0.00
0.00
0.80
0.00
0.00
5.20
0.20
0.00
0.00
0.00
0.00
0.00
0.00
0.60
3.00
4.80
2.80
3.80
0.40
2.00
1.80
0.00
0.00
4.20
4.80
0.00
66.40
0.00
0.00
0.00
0.00
0.00
0.00
0.00
67.20
-99.00
-99.00
-99.00
-99.00
-99.00
-99.00
-99.00
-99.00
-99.00
0.00
49.40
44.10
2.40
13.80
0.00
27.00
0.00
1.80
3.00
0.40
8.00
0.40
0.00
1.40
21.60
3.40
22.20
2.00
6.60
1.00
0.00
0.00
3.60
0.80
12.40
3.80
0.40
0.00
0.00
0.00
0.00
2.00
1.50
6.00
0.40
0.00
0.00
0.00
4.20
0.20
0.00
0.00
24.00
0.00
0.00
0.00
0.00
0.00
0.00
13.00
0.00
0.00
11.20
0.00
0.00
0.00
34.40
0.00
0.60
0.00
0.00
0.00
0.00
0.80
51.20
0.00
0.00
101.40
0.00
0.00
0.00
0.00
0.00
0.00
0.00
0.00
0.30
0.00
0.00
0.00
0.00
0.00
0.00
0.00
0.00
0.00
0.00
0.00
1.40
0.00
0.00
0.00
0.00
0.00
0.00
0.00
0.00
27.10
0.00
0.00
0.10
0.00
0.00
0.00
0.00
2.70
0.00
0.00
0.00
0.00
0.30
0.00
0.00
0.00
4.10
19.40
0.00
0.00
0.00
0.00
2.30
0.00
0.00
0.00
0.00
5.60
0.00
0.00
0.00
0.00
0.00
0.00
0.00
0.00
0.00
0.00
40.80
3.80
0.00
0.00
0.00
0.00
0.00
0.00
0.00
0.00
0.00
0.00
0.00
0.00
0.00
0.00
0.00
0.10
0.00
0.00
0.90
0.00
0.00
0.00
0.00
0.00
13.10
0.00
0.00
0.00
0.20
2.50
0.00
0.00
0.00
0.00
19.20
16.50
0.00
7.60
3.30
30.70
0.00
0.00
0.00
0.00
0.00
1.10
0.10
0.20
0.00
1.50
0.00
0.00
0.00
0.00
0.00
0.00
0.00
0.20
0.00
0.40
0.00
0.00
0.00
0.00
0.00
0.00
1.50
0.00
0.00
1.00
0.00
0.00
0.00
0.00
0.00
2.30
3.60
0.20
0.00
0.00
8.70
2.80
0.00
0.00
0.00
0.00
0.00
0.00
0.60
0.20
0.20
0.20
0.30
4.10
4.40
0.30
2.50
0.00
0.00
0.00
3.30
0.20
0.00
0.00
0.40
0.00
0.00
8.70
3.00
0.30
0.20
0.10
0.20
0.20
0.00
0.20
0.10
0.60
0.00
0.00
1.00
0.50
0.70
0.00
0.00
0.00
0.00
0.00
0.00
18.70
5.70
1.60
0.40
0.00
0.10
0.10
0.00
0.00
0.00
0.00
0.00
0.00
0.00
0.00
0.00
0.00
0.00
0.00
0.00
0.00
0.00
0.00
0.00
0.00
0.00
0.00
0.00
1.90
3.00
0.20
0.10
4.70
0.00
0.00
0.00
0.00
0.00
0.00
0.00
0.00
0.00
0.00
0.00
0.00
0.00
0.00
0.00
0.00
0.00
0.00
0.00
0.00
0.00
0.00
0.00
18.50
4.50
0.60
14.70
0.20
3.50
0.00
0.00
0.00
3.90
42.30
6.90
0.00
3.30
14.30
0.80
0.00
0.00
16.80
2.50
0.60
0.80
0.10
0.00
0.00
0.00
0.00
0.00
0.00
25.80
0.00
0.00
0.00
0.40
0.00
0.00
0.00
0.00
0.00
0.00
0.00
0.00
1.20
0.00
0.00
0.00
1.20
0.20
0.00
0.00
0.00
0.00
0.00
0.00
0.00
0.00
0.00
0.00
0.00
0.00
0.00
0.00
0.00
0.00
0.20
0.00
0.00
0.00
0.10
5.80
0.00
0.00
0.00
0.00
0.00
0.00
0.00
0.00
0.00
0.10
1.00
0.00
0.00
0.00
3.10
0.00
0.00
0.00
0.00
5.80
0.00
0.00
0.00
0.00
0.00
0.00
0.00
0.00
0.00
0.00
19.70
0.00
0.30
6.50
0.00
0.00
0.00
0.00
0.00
0.00
0.00
0.00
0.00
0.00
0.00
0.60
0.00
0.00
0.00
0.00
0.00
0.00
0.00
0.00
0.00
0.00
1.40
0.00
0.00
0.00
0.00
0.00
0.00
1.40
0.00
0.00
0.00
0.00
0.00
0.00
0.00
0.00
0.00
0.00
0.00
0.00
0.00
0.00
0.00
0.00
0.00
0.00
0.00
0.00
0.00
0.00
0.00
0.00
0.00
0.00
0.00
0.00
0.00
0.00
0.00
0.00
0.00
0.00
0.80
5.90
0.10
0.00
0.10
11.50
0.90
0.00
0.00
0.00
0.00
0.00
0.00
0.00
0.00
0.00
0.00
0.00
1.70
8.60
0.00
0.00
0.00
0.00
0.00
0.00
1.90
0.00
0.00
0.00
0.00
0.00
0.00
0.00
0.00
0.00
0.00
0.00
1.80
10.70
14.20
0.00
0.00
0.00
0.00
0.00
0.00
0.00
0.00
0.00
0.00
0.10
0.00
0.00
0.00
0.00
1.10
0.00
0.00
0.00
0.00
0.00
0.00
0.00
0.00
0.00
0.00
0.00
0.00
0.00
0.00
0.20
0.00
0.00
0.00
0.40
0.00
0.00
2.50
0.00
0.00
0.50
1.90
0.00
0.00
0.00
0.00
0.00
0.00
0.00
0.10
0.20
3.00
1.60
0.00
0.00
0.40
0.00
0.00
0.00
7.80
12.00
1.90
8.60
0.30
5.80
0.00
0.70
4.50
0.00
2.70
0.00
0.00
0.00
4.40
5.00
0.00
11.90
0.20
7.80
8.30
0.00
7.20
3.70
9.70
0.00
0.00
0.00
0.00
0.00
0.00
0.00
0.00
0.00
0.00
5.10
8.00
0.00
0.00
0.00
0.00
0.00
0.00
0.00
0.00
5.20
0.40
0.00
0.00
6.30
2.80
0.00
0.00
0.00
0.00
0.00
1.20
0.90
1.70
1.80
4.00
0.00
0.60
0.30
0.40
0.20
0.00
0.00
1.90
0.00
0.00
2.00
6.30
0.00
0.00
0.00
10.10
-99.00
0.00
0.00
0.00
0.00
0.00
0.00
0.00
0.00
0.00
0.00
0.00
0.00
6.50
4.00
0.00
0.20
4.00
0.70
0.00
0.00
0.00
3.40
0.60
0.00
0.00
0.00
0.00
0.00
0.00
1.90
0.00
0.00
0.00
0.00
7.10
0.00
1.50
0.10
0.10
0.00
1.50
0.00
0.00
0.00
0.00
3.20
0.00
0.00
0.00
0.00
0.00
0.00
0.60
0.00
2.90
50.60
1.70
0.00
0.00
0.10
0.10
1.90
2.70
0.30
3.90
0.50
0.00
0.00
0.00
0.00
0.00
0.00
0.00
0.00
0.30
0.00
0.00
0.00
0.00
0.00
0.00
0.00
0.00
0.00
0.00
0.00
0.00
0.00
0.00
2.70
0.00
0.00
21.50
6.80
15.50
0.70
0.00
2.60
0.00
1.40
0.00
0.00
0.00
0.00
0.00
0.00
0.00
0.00
0.00
0.00
0.00
0.00
2.70
0.00
0.00
0.00
0.00
0.40
0.00
0.00
0.00
0.00
0.00
0.00
0.00
0.00
0.00
0.00
0.00
0.00
0.00
0.00
0.00
0.00
0.00
0.00
0.00
0.00
0.00
0.00
0.00
0.00
0.00
0.00
0.00
1.70
0.90
0.00
0.00
0.00
0.00
0.00
0.00
0.00
0.00
0.00
1.30
0.00
0.00
0.00
0.00
0.00
0.00
2.90
0.00
0.00
0.00
0.00
0.00
0.00
0.00
0.00
0.00
0.00
0.00
0.00
0.00
0.00
0.00
0.00
0.00
0.00
0.10
0.00
0.00
0.00
0.00
0.00
0.00
0.00
0.00
0.20
17.00
0.90
0.00
2.20
0.90
0.00
11.10
0.40
0.00
0.00
0.00
0.00
0.00
0.00
0.00
0.00
0.00
0.30
0.00
0.00
0.00
0.00
17.80
9.30
7.80
1.60
1.20
0.00
0.00
0.00
0.00
0.00
0.00
0.00
0.00
0.00
0.00
0.00
0.00
0.00
0.00
0.10
0.60
0.10
0.20
0.00
0.10
0.00
0.10
0.00
0.00
0.00
6.50
0.60
0.00
0.10
0.00
0.00
0.70
0.50
0.00
0.20
0.00
0.20
4.30
0.00
0.00
0.00
0.10
0.10
0.10
0.10
0.00
0.00
0.50
0.60
0.00
0.10
0.00
0.30
0.20
0.10
1.70
0.20
0.00
0.10
0.20
0.10
0.10
0.00
0.00
0.00
0.00
0.00
0.00
7.40
0.10
0.60
0.00
0.00
0.00
0.00
0.00
0.00
0.00
0.00
0.10
0.00
0.00
0.20
0.40
0.00
0.00
0.00
0.20
0.00
0.00
0.00
0.10
0.30
0.10
0.10
0.30
0.20
0.10
0.50
0.00
0.00
0.00
0.00
0.00
0.00
0.00
0.70
0.00
0.00
1.40
0.00
0.00
0.00
0.00
0.00
0.00
0.00
0.00
0.00
0.00
0.00
0.10
0.00
1.70
0.20
0.00
5.50
0.10
4.10
0.00
0.00
0.00
0.00
0.00
0.00
0.00
0.00
0.00
0.00
0.00
3.60
0.00
0.00
0.00
0.00
0.00
0.00
0.00
0.10
23.60
0.20
0.40
14.50
1.80
0.00
0.00
0.00
0.00
0.00
0.80
0.00
0.00
0.00
0.00
1.80
0.00
0.00
0.70
0.00
0.00
0.00
0.00
0.00
0.00
0.00
0.00
0.00
0.00
0.00
0.00
0.00
0.00
0.00
0.20
0.10
0.00
0.00
0.00
0.00
1.00
4.90
7.40
1.80
0.20
0.00
0.00
3.70
9.90
0.20
0.00
1.90
0.90
0.00
1.10
0.00
19.50
0.60
0.00
0.00
0.00
0.00
3.00
0.00
0.00
0.00
0.00
0.00
0.00
0.00
0.00
0.00
0.00
0.00
0.00
1.20
0.00
0.00
0.00
13.20
1.90
0.00
1.00
0.80
2.50
0.00
0.00
25.90
0.40
0.00
3.40
0.00
0.00
0.00
0.00
0.00
0.00
0.00
0.00
0.00
0.00
0.00
0.00
0.00
0.00
0.00
0.00
0.00
0.00
0.00
0.00
0.00
0.00
4.90
3.40
0.00
0.00
0.00
0.00
0.00
0.00
0.00
10.30
0.00
0.00
0.00
0.00
0.00
0.00
0.00
0.00
0.00
0.00
0.00
0.00
0.00
0.00
0.00
0.00
0.00
0.00
0.00
0.00
0.00
0.00
0.00
0.00
0.00
0.00
1.30
0.00
0.00
0.00
0.00
0.10
0.00
0.00
0.00
0.00
0.00
0.00
0.00
0.00
0.00
0.00
0.00
0.40
0.00
0.00
0.00
0.00
0.00
27.30
0.00
1.10
0.00
0.00
0.00
0.00
0.00
0.00
0.00
0.00
0.00
0.00
0.00
0.00
0.00
0.00
0.00
0.10
0.00
0.00
0.00
0.00
0.00
0.60
0.00
0.00
0.00
0.00
0.00
0.00
0.00
0.00
0.00
0.00
0.00
0.00
0.00
0.00
0.00
0.00
0.00
0.00
0.00
0.00
0.00
0.00
0.00
0.00
0.00
0.00
0.10
0.00
0.00
5.30
0.00
0.00
8.30
7.70
0.70
0.00
0.00
0.00
0.60
10.50
17.70
4.00
1.30
8.20
0.00
0.00
0.00
0.00
0.00
0.00
0.00
25.60
2.20
0.00
0.00
0.40
1.00
1.90
5.90
0.20
0.20
0.40
0.60
0.20
0.20
0.30
0.50
0.40
0.30
0.00
0.00
0.00
0.00
0.00
0.00
0.10
0.30
0.50
0.10
0.00
0.00
0.00
0.00
0.00
0.00
0.00
0.00
0.00
0.00
0.00
0.00
0.10
0.00
0.00
0.00
0.00
0.00
0.00
0.00
0.00
0.00
0.00
0.00
0.00
0.00
0.00
0.10
0.10
0.20
0.60
0.60
0.20
0.00
0.00
0.00
0.10
0.10
0.10
0.10
0.00
0.10
0.10
0.10
0.00
1.30
0.30
0.10
0.00
0.00
0.90
0.50
0.00
0.00
0.40
0.00
0.00
0.00
0.00
0.00
0.00
0.00
0.00
0.00
0.00
0.00
0.00
0.00
0.00
0.00
0.00
0.00
0.00
0.00
0.00
0.00
0.00
0.00
0.00
0.00
0.00
0.00
0.00
0.00
0.00
0.00
0.00
0.00
0.10
0.00
0.10
0.00
0.10
0.10
0.00
0.00
0.10
0.00
0.60
3.90
0.30
0.00
0.00
0.00
0.10
0.00
0.00
0.00
0.00
0.00
0.00
0.00
1.60
13.40
5.50
7.10
0.00
0.00
0.00
1.80
0.00
3.30
0.00
0.70
0.00
0.00
0.10
1.00
0.00
0.00
2.30
0.00
0.00
0.00
0.00
0.00
0.00
16.00
0.00
9.00
0.00
0.00
0.00
0.50
0.00
0.00
0.00
0.10
0.00
0.00
0.00
2.00
0.00
0.00
0.00
0.00
0.00
0.00
11.30
5.00
0.00
0.00
0.00
0.00
0.20
0.00
0.00
0.00
0.00
0.00
0.00
0.00
0.00
4.50
0.00
0.00
0.00
0.00
0.00
0.00
0.00
0.00
0.00
0.00
0.00
0.00
0.00
0.00
0.00
7.30
0.00
0.00
0.00
0.00
0.00
0.00
0.00
0.00
0.00
0.00
0.00
64.10
0.00
0.00
0.00
2.30
0.00
0.00
0.00
0.00
0.00
1.90
0.00
0.00
0.00
0.00
0.00
0.00
0.00
0.00
0.00
0.00
0.00
0.00
0.00
0.00
0.00
0.00
0.00
0.00
0.00
0.00
0.00
0.00
0.00
0.00
0.10
0.00
0.00
0.00
0.00
0.00
0.00
0.00
0.00
0.00
0.00
0.00
0.00
0.00
0.00
0.00
0.00
0.00
0.80
0.00
0.00
0.00
0.00
0.00
0.00
1.90
0.00
0.00
0.00
0.00
0.00
0.00
0.00
0.00
0.20
0.00
0.00
0.00
0.00
0.00
0.00
0.00
0.00
0.00
0.00
0.00
0.00
0.00
0.00
0.00
0.00
0.00
0.60
0.20
1.00
35.60
0.00
0.00
0.00
0.00
0.00
0.00
0.00
0.00
0.10
0.00
1.60
7.80
0.00
0.00
5.40
0.00
0.00
0.00
0.00
0.90
7.60
16.30
0.00
0.00
0.00
27.60
11.20
0.00
0.00
0.10
3.50
7.60
0.00
0.00
0.00
1.20
0.00
0.00
0.00
0.00
11.70
0.50
0.00
0.00
0.00
0.00
0.00
0.10
7.40
6.70
0.20
0.10
0.00
0.00
0.00
0.00
0.00
0.60
5.70
0.00
0.00
0.00
0.20
0.00
0.00
0.10
0.20
0.00
0.40
0.00
0.20
0.10
0.20
0.30
0.20
3.60
0.20
0.70
0.00
0.00
0.00
0.10
0.20
0.00
0.00
0.00
0.00
0.00
0.00
0.00
0.10
0.00
0.00
0.10
0.10
0.00
0.00
0.00
0.10
0.00
0.00
0.30
0.10
0.10
4.00
0.70
0.00
0.00
0.00
0.00
2.10
27.60
3.00
0.10
0.00
0.00
1.30
0.00
0.80
1.50
0.30
0.00
0.00
0.00
0.00
0.10
0.00
0.00
0.20
0.00
0.00
0.00
0.00
2.40
0.00
0.00
0.00
0.00
0.00
0.00
0.00
0.00
0.00
0.00
0.00
6.30
8.10
0.00
0.00
0.00
0.00
0.40
0.20
0.00
0.00
1.10
15.30
16.60
0.60
0.90
0.00
0.00
0.50
1.30
1.20
0.00
0.00
2.00
5.40
0.00
0.20
1.40
0.00
0.00
0.00
0.00
5.90
0.00
0.70
0.10
5.80
0.00
0.00
0.90
0.00
0.00
1.60
2.60
0.00
0.00
0.00
0.00
0.00
0.00
0.00
0.00
0.00
0.00
0.00
0.00
0.00
0.10
0.00
0.00
0.00
0.00
0.00
2.40
7.00
18.60
11.80
41.40
6.20
0.00
0.00
0.00
0.30
0.00
0.00
0.00
0.00
0.10
0.00
0.00
0.00
0.00
4.30
34.60
0.00
7.80
4.00
2.00
3.10
0.00
0.00
0.00
0.00
0.00
0.00
0.00
0.00
0.00
0.00
0.00
0.00
0.00
0.00
0.00
0.00
0.00
0.00
16.00
0.20
0.00
0.00
0.00
0.00
0.60
0.00
0.00
0.20
5.30
0.90
0.00
1.30
0.00
0.00
0.00
0.00
0.00
0.00
0.00
0.00
0.00
0.20
0.00
0.00
0.00
0.00
0.00
0.00
0.10
0.00
5.90
0.00
0.00
4.70
6.60
0.00
0.00
0.00
3.10
0.00
2.10
0.00
0.00
0.00
0.00
0.00
0.00
0.00
0.30
0.00
0.00
0.00
0.00
0.00
0.00
0.00
0.00
0.00
1.80
0.70
0.00
0.00
0.00
0.00
0.00
0.00
0.00
7.50
0.30
0.00
0.00
0.00
0.00
0.00
0.00
0.00
0.00
0.00
0.00
0.00
3.30
0.30
0.00
0.00
0.00
0.00
0.00
0.00
0.00
2.40
0.30
0.00
0.00
0.00
0.00
0.00
0.00
0.20
0.00
0.00
0.00
0.00
0.00
0.00
0.00
0.00
0.00
0.00
0.00
0.00
0.00
0.00
0.00
0.00
0.00
1.50
13.20
0.00
0.00
0.00
0.00
0.00
0.00
0.00
0.00
0.00
0.00
0.00
0.00
0.00
0.00
0.00
0.00
0.00
0.70
0.10
0.00
0.00
0.00
0.00
0.00
0.00
0.00
0.00
0.00
0.00
0.00
0.10
0.10
0.00
0.00
0.00
0.00
0.00
0.00
0.00
0.00
0.00
0.00
29.20
23.80
36.90
0.00
0.00
0.00
0.00
0.00
0.00
0.00
0.00
0.00
0.00
0.00
0.00
0.00
0.00
0.00
0.00
0.00
0.10
0.30
0.10
0.30
0.30
0.20
0.30
0.50
0.10
0.30
0.10
0.00
0.10
4.00
0.90
0.00
0.00
0.00
0.60
0.80
0.00
0.00
2.00
0.00
0.10
0.00
0.50
0.00
0.00
2.40
0.00
0.00
0.00
0.00
0.00
0.00
0.20
0.80
3.00
0.10
0.20
0.90
0.10
24.90
6.30
0.00
0.00
2.70
0.00
0.00
0.00
0.00
0.00
3.00
8.00
0.00
0.00
2.00
0.00
0.00
1.40
2.20
0.00
0.30
0.90
7.30
0.70
0.00
0.10
0.00
0.00
3.10
7.70
0.00
0.00
0.00
0.00
0.00
0.00
0.00
0.00
0.10
0.10
0.00
0.00
0.00
0.00
0.10
0.00
0.00
0.00
0.00
0.00
0.00
0.00
0.00
0.00
0.00
0.00
0.00
0.00
0.00
0.00
0.00
0.00
0.00
2.80
0.00
0.60
0.00
0.00
0.00
0.00
0.00
5.30
1.40
0.00
0.00
42.30
0.00
0.00
0.00
0.00
0.00
0.00
0.00
6.20
0.00
0.00
0.00
0.00
0.00
0.00
0.00
0.90
3.00
10.00
0.20
0.00
9.70
0.30
0.90
0.00
0.00
0.00
0.00
0.00
0.00
0.00
0.00
0.00
0.00
0.00
0.00
0.00
0.00
0.40
1.10
0.50
0.00
0.00
0.00
0.00
0.00
0.00
0.00
0.00
0.50
0.00
0.00
0.20
7.90
0.00
3.00
0.30
2.60
0.70
0.00
0.00
0.00
1.70
0.10
0.00
0.00
0.00
0.00
0.00
0.00
0.00
0.00
0.00
0.00
0.00
3.40
0.00
0.00
0.00
0.10
0.00
1.60
11.00
2.00
0.00
0.00
0.00
0.00
0.00
0.00
0.00
6.30
0.00
0.00
2.80
6.00
0.00
0.00
0.00
0.00
0.00
0.00
0.00
0.00
0.00
0.00
0.20
3.70
0.00
0.00
0.00
0.00
0.60
3.70
0.00
0.00
0.40
0.00
0.00
0.00
1.10
0.30
0.00
0.00
0.00
0.00
0.00
0.40
0.00
0.00
0.00
0.00
0.00
0.00
0.00
0.00
0.00
0.00
0.00
0.00
0.00
29.40
0.00
0.00
0.00
0.00
0.00
0.00
0.00
0.00
0.00
0.00
0.00
0.00
0.00
0.00
0.00
0.40
1.70
0.00
0.00
0.00
0.00
0.00
4.20
0.00
0.50
0.00
0.00
0.90
0.00
0.60
3.40
1.80
0.00
0.00
0.00
0.00
15.10
0.00
1.30
0.10
0.00
0.00
0.00
14.90
0.00
0.00
0.00
0.00
12.20
0.20
2.80
0.10
1.60
0.10
0.00
0.00
0.00
0.00
0.00
0.00
0.00
0.00
0.00
0.00
0.00
0.00
0.00
0.00
0.00
0.00
0.00
0.00
1.90
15.10
0.00
0.00
0.00
0.00
0.20
0.00
3.60
0.00
0.00
7.60
0.40
0.00
0.00
0.00
0.00
0.00
0.10
0.00
0.00
0.50
0.00
13.50
1.50
9.50
25.30
9.30
0.00
0.00
0.90
3.40
0.00
0.00
0.00
0.00
0.00
0.00
0.00
0.00
0.00
0.80
5.80
0.10
0.00
0.00
0.00
0.30
0.40
0.20
0.20
0.20
0.20
0.30
0.30
0.00
0.00
0.00
0.00
0.00
0.00
0.00
0.00
0.30
0.40
0.10
0.20
0.10
0.40
0.20
0.10
0.10
0.00
0.00
2.30
0.00
0.40
3.80
0.00
0.00
0.00
0.00
0.00
0.00
0.00
0.00
0.00
0.00
2.90
0.10
0.00
0.10
1.00
9.60
0.00
0.00
0.00
0.00
0.00
0.00
0.00
0.00
0.00
0.00
0.00
0.00
0.00
0.00
0.00
0.00
1.00
0.00
1.30
0.00
0.00
0.00
0.00
0.00
0.00
0.00
0.00
0.40
0.00
0.00
0.00
0.00
0.00
0.00
0.00
0.00
0.00
0.00
0.20
0.00
0.00
0.00
0.00
0.90
9.80
2.10
0.00
1.00
6.20
0.00
0.00
0.00
0.00
0.00
0.00
0.00
0.00
0.00
0.00
0.00
0.00
0.00
0.00
0.00
0.00
0.00
0.00
0.00
0.00
0.00
6.20
0.00
6.60
0.30
0.00
0.00
0.00
0.00
0.40
0.00
9.60
0.00
0.00
0.00
0.00
0.00
0.00
0.00
0.00
0.00
0.00
0.00
0.00
0.00
0.00
0.00
0.00
0.00
0.00
0.00
0.00
0.00
0.00
3.80
0.00
0.00
0.00
0.00
0.00
0.00
0.00
0.00
0.00
0.00
0.00
0.00
0.00
0.00
0.00
0.00
0.00
0.00
0.00
0.00
10.00
0.60
0.40
0.20
12.80
0.20
0.00
4.80
0.00
0.00
0.00
0.00
0.00
0.00
6.70
0.00
0.00
0.00
0.00
0.00
0.00
0.00
0.00
0.00
0.00
0.00
0.00
0.00
0.00
0.00
0.00
0.00
0.00
0.00
0.00
0.00
0.00
0.00
0.00
0.00
0.00
0.00
0.40
9.80
0.00
0.00
0.00
0.00
0.00
0.00
0.00
0.00
25.20
0.30
0.00
0.00
0.00
0.00
0.00
0.00
7.00
0.00
0.00
0.00
0.00
0.00
0.00
0.00
0.00
0.00
9.30
0.00
0.00
0.00
0.00
0.00
0.00
0.00
0.00
0.00
0.00
0.00
0.00
12.60
0.10
3.00
3.30
13.90
0.00
0.00
0.00
0.00
0.00
4.70
0.00
0.00
0.00
0.00
0.00
0.00
0.00
0.00
0.00
0.00
0.00
0.00
0.00
0.00
0.00
0.60
0.50
0.00
0.00
0.10
0.20
8.80
0.00
0.00
0.10
0.10
0.00
0.00
0.00
0.00
0.00
0.00
0.00
0.00
0.00
0.00
0.00
0.00
0.00
0.10
0.00
0.00
0.00
0.00
0.00
0.00
0.00
0.00
0.00
0.00
0.00
0.00
22.60
0.00
0.10
0.00
0.00
0.00
0.00
0.10
0.00
0.10
0.50
0.50
0.00
0.20
0.20
0.10
0.20
0.30
0.30
0.50
0.00
0.00
0.00
0.00
0.00
0.00
0.00
0.00
0.00
0.00
0.00
0.00
0.00
0.00
0.00
0.00
0.00
0.10
0.20
0.20
0.20
0.30
0.20
0.00
0.20
0.00
0.00
0.00
0.00
0.00
0.20
0.20
0.00
0.50
0.40
0.10
0.00
0.00
0.10
0.10
0.10
0.00
1.30
3.60
0.00
0.00
0.00
0.00
0.00
0.00
0.00
0.00
0.00
0.00
0.00
0.00
0.00
0.00
0.00
0.00
0.00
0.00
0.00
0.00
0.10
0.20
0.00
0.00
0.00
0.00
0.00
0.00
0.10
0.00
0.00
0.00
0.00
1.10
0.00
0.00
1.40
0.80
8.50
8.00
0.20
0.00
0.00
0.00
0.40
0.10
0.00
0.00
0.20
0.00
0.00
0.00
1.40
36.90
0.00
0.00
0.00
0.00
0.00
3.60
0.10
0.00
0.80
0.00
1.80
0.00
0.00
0.00
0.00
0.00
1.90
3.30
1.80
0.00
2.70
11.70
1.10
0.10
0.00
0.00
0.00
0.00
0.00
0.00
0.00
0.00
0.00
2.60
0.00
0.00
11.30
10.40
0.00
0.00
0.00
0.00
0.00
0.90
0.00
0.00
0.00
0.00
0.00
0.00
0.00
0.00
0.00
2.60
0.00
0.00
0.00
0.00
0.00
7.80
20.30
0.00
1.30
0.00
0.00
0.00
0.00
0.00
0.00
0.00
5.00
23.90
3.70
4.60
0.00
0.00
0.40
0.00
0.00
0.00
0.00
0.00
0.00
0.00
10.30
0.00
0.00
0.00
0.00
0.00
19.70
0.00
0.00
0.00
0.00
0.00
0.00
14.10
0.00
0.00
0.00
0.00
0.00
0.00
3.70
0.00
0.00
0.00
6.80
0.00
0.10
0.70
0.00
0.00
0.00
0.00
0.00
0.00
0.00
0.00
0.00
0.00
0.70
0.00
0.00
0.00
0.00
0.00
0.00
0.00
5.40
0.40
0.00
0.00
0.00
0.00
0.00
0.00
0.00
0.00
0.00
0.00
0.00
0.20
0.00
2.60
0.00
0.00
0.00
0.00
0.00
0.00
0.00
0.00
0.00
0.00
0.00
0.00
0.00
0.00
0.00
0.00
0.00
0.50
0.00
0.00
0.00
0.00
0.00
0.90
2.20
0.00
0.00
0.00
0.00
0.00
0.00
0.00
0.00
0.00
0.00
0.00
0.00
0.00
0.00
0.00
0.00
0.00
0.00
0.00
0.00
0.00
0.00
0.00
3.50
0.00
0.00
0.00
2.90
0.50
0.10
0.00
0.00
0.00
0.00
0.00
0.00
0.00
0.00
0.00
0.00
0.00
0.00
0.00
0.00
0.00
0.00
0.00
0.00
0.00
0.00
2.80
0.00
0.00
0.00
0.00
0.00
1.00
25.10
0.00
0.00
0.00
0.00
0.00
0.00
0.00
0.00
2.30
0.00
0.00
0.90
0.00
0.00
0.00
0.40
0.20
0.20
0.00
0.20
0.10
1.70
7.20
0.00
0.00
0.00
0.00
0.00
0.00
0.00
0.00
0.00
0.00
0.00
0.00
0.00
0.00
0.40
5.20
4.30
28.60
0.10
0.20
0.40
0.40
0.10
0.00
0.00
0.10
0.30
0.20
0.50
0.00
0.00
0.10
0.30
0.20
0.40
0.50
0.40
0.40
0.20
0.20
5.40
0.10
0.00
0.10
3.00
0.50
0.00
0.30
0.40
0.70
0.40
0.20
0.20
0.30
0.30
0.30
0.40
0.20
0.00
0.40
0.10
0.00
0.00
0.00
0.00
0.00
0.00
0.00
0.00
0.00
0.00
0.00
0.00
0.00
0.00
0.00
0.00
0.00
2.70
0.00
2.70
0.00
4.70
5.20
0.00
0.00
0.00
0.10
0.90
0.70
0.10
1.10
0.00
0.00
0.00
0.00
0.00
0.00
0.00
12.60
0.10
0.00
0.00
0.00
0.20
0.00
0.00
0.10
0.00
0.00
0.00
0.00
0.00
0.00
0.00
0.00
0.00
7.30
23.40
0.00
0.00
0.00
0.00
0.00
0.00
0.00
0.20
0.00
0.20
0.00
0.00
0.00
0.00
0.00
0.00
0.00
0.00
0.00
42.70
25.00
0.00
4.40
0.00
0.00
0.00
2.90
0.00
0.00
0.00
0.00
14.00
0.00
0.00
0.00
0.00
0.00
0.00
0.00
0.00
0.00
0.00
0.00
0.00
0.00
0.00
0.00
0.00
0.00
0.00
0.00
1.60
4.00
10.10
0.00
0.00
4.70
0.00
0.00
0.00
0.00
0.40
1.30
0.00
0.00
0.00
0.80
5.80
1.20
0.10
0.00
0.00
0.00
0.00
3.50
0.00
0.00
0.00
0.00
0.00
0.00
0.00
0.00
0.00
0.00
0.00
0.00
0.00
0.00
6.70
1.50
18.20
10.40
0.00
0.00
0.00
0.20
0.00
0.00
0.00
0.00
0.00
0.00
0.00
0.00
0.00
0.00
0.00
0.00
0.00
0.00
0.00
0.30
5.80
0.00
2.90
0.00
0.00
0.00
0.00
0.00
0.00
0.00
0.00
0.00
8.70
0.00
0.00
0.00
0.00
0.00
0.00
0.00
0.00
0.00
0.00
0.00
0.00
1.10
0.00
0.30
0.00
0.00
0.00
0.00
0.00
0.00
0.00
0.00
0.30
0.00
0.00
0.00
0.00
0.00
0.00
0.00
1.80
0.00
0.00
0.00
0.00
0.00
0.00
0.00
0.00
0.00
0.40
0.00
0.00
0.00
0.00
1.50
0.00
0.00
0.00
0.00
0.00
1.60
0.10
0.00
0.00
0.70
0.40
0.00
0.00
0.00
0.00
2.40
0.00
0.00
0.00
0.00
3.80
22.20
0.00
0.00
0.20
0.00
0.00
0.00
7.90
0.00
0.00
0.00
0.00
0.00
0.00
0.00
1.20
0.20
0.00
0.00
0.00
0.00
0.00
0.00
0.00
0.00
0.00
0.00
0.00
0.00
0.00
0.00
0.00
0.00
21.20
11.90
0.10
0.00
0.00
0.00
0.00
0.00
0.00
0.00
0.00
0.00
0.00
0.00
0.00
0.00
0.00
31.20
0.00
0.00
0.00
0.00
0.00
0.00
0.00
0.00
0.00
0.00
0.00
0.00
0.00
0.00
0.00
0.00
0.00
0.00
0.00
0.00
0.00
0.00
0.00
0.00
0.00
0.00
0.00
0.00
0.00
0.00
0.00
0.00
0.10
0.00
0.00
1.30
0.90
0.00
0.00
0.40
0.80
0.00
0.00
0.00
0.00
0.00
0.00
0.00
0.00
0.40
0.20
0.80
3.80
0.40
0.50
0.10
0.00
0.00
0.00
0.00
0.00
0.00
2.20
5.40
0.00
0.00
0.00
0.00
0.00
0.00
0.50
0.00
0.00
0.00
0.00
0.00
0.00
0.00
0.00
0.00
0.10
2.00
19.90
0.00
0.00
0.00
0.00
0.00
0.10
0.00
0.00
5.00
7.70
1.50
0.00
0.00
0.00
0.00
0.00
1.40
0.00
0.00
0.00
0.10
0.30
0.00
0.00
0.00
0.00
0.00
0.00
0.00
0.00
0.00
3.00
15.40
2.70
1.80
0.00
0.00
5.50
0.00
0.00
0.00
0.50
4.10
0.00
0.00
0.30
0.10
3.90
0.00
5.00
0.10
1.30
4.00
0.00
0.00
0.00
37.60
0.80
1.50
0.00
0.00
0.00
0.00
1.10
0.00
0.00
0.00
0.00
0.00
1.40
0.00
13.60
1.90
1.90
31.50
0.00
16.20
0.50
0.00
0.20
0.00
0.10
0.00
0.00
0.00
0.00
0.00
0.00
0.10
0.00
0.00
0.00
12.30
0.00
0.00
0.00
0.00
0.00
0.00
3.30
7.50
0.40
0.00
0.00
0.00
26.00
0.00
0.00
0.00
0.00
0.00
1.20
0.10
0.00
10.10
0.00
0.20
0.00
0.80
0.10
0.00
3.20
0.10
29.10
0.00
0.40
0.00
1.40
0.00
0.00
5.10
0.00
13.20
0.00
1.00
0.00
0.30
0.00
0.00
0.00
0.00
0.00
0.00
0.00
0.00
0.00
0.00
0.00
0.00
0.00
0.00
0.00
0.20
0.00
0.00
0.20
0.00
0.00
0.00
0.00
0.00
0.00
0.00
0.00
0.00
0.00
1.30
0.00
0.00
0.00
10.60
0.00
0.00
0.00
4.60
0.00
0.20
0.00
0.00
0.00
0.00
0.00
0.00
0.00
0.00
0.00
0.00
0.00
0.00
0.00
0.00
0.00
0.00
2.00
1.60
0.00
0.00
0.00
0.00
0.00
0.00
0.00
12.70
0.00
0.00
0.00
0.00
1.10
0.00
0.00
0.00
0.00
0.00
1.60
0.00
0.00
0.00
0.00
0.00
0.50
0.00
2.60
0.00
0.00
0.10
0.00
0.00
0.70
11.00
0.00
0.00
0.00
0.00
0.00
0.00
0.00
0.00
0.00
0.00
0.00
0.00
0.00
0.00
0.00
0.00
0.00
0.00
0.00
0.00
0.00
0.00
0.00
0.00
0.00
0.00
11.70
5.70
0.00
0.00
0.00
46.30
3.40
0.50
1.40
0.40
5.70
1.00
0.00
0.00
0.00
0.00
0.00
2.80
11.50
1.80
0.00
1.40
10.10
0.20
0.00
0.00
0.00
23.50
0.00
0.00
2.30
17.90
0.10
0.00
0.00
0.00
0.00
4.10
0.00
0.80
0.90
0.00
6.10
0.10
0.00
2.10
0.20
0.40
5.50
0.00
0.00
0.00
1.40
0.00
0.00
0.00
0.00
0.50
0.80
0.40
0.10
0.00
0.00
0.00
0.00
7.10
0.10
0.00
1.40
0.00
0.00
0.30
0.00
0.00
0.00
0.20
0.60
0.30
0.20
0.50
0.30
0.00
0.40
0.40
0.30
0.40
0.10
0.00
0.40
0.00
0.00
0.10
0.00
0.00
0.00
0.00
0.00
0.00
0.10
0.30
0.90
0.00
0.00
6.10
0.00
0.00
3.50
0.00
0.00
0.00
0.00
0.00
0.70
0.00
1.10
9.60
0.00
0.00
0.00
0.00
0.00
0.10
0.00
0.00
0.00
0.00
0.00
0.00
0.00
0.00
0.00
0.00
0.00
0.00
0.00
0.00
0.00
0.00
0.00
0.00
0.00
0.00
0.00
0.00
0.00
0.00
0.00
0.00
0.50
0.00
0.00
0.00
0.00
0.00
0.00
0.00
0.00
0.00
0.00
0.00
0.00
0.00
0.00
0.00
0.00
0.00
0.00
0.00
0.00
0.00
0.00
0.00
0.00
0.00
0.00
0.00
0.30
0.00
15.10
0.60
0.20
0.00
1.80
0.00
0.00
0.00
0.00
0.00
0.70
0.00
0.00
0.00
0.00
14.10
0.60
0.40
2.80
0.20
5.70
0.00
0.00
0.00
0.00
0.00
0.00
0.00
8.70
0.00
0.00
0.00
0.00
0.60
0.00
0.00
0.00
0.00
0.00
0.00
0.00
5.20
5.90
0.00
3.30
0.00
0.00
0.00
0.40
29.70
0.00
0.00
0.00
0.00
0.00
0.00
0.00
0.00
0.00
0.00
0.00
0.70
0.00
0.00
0.00
0.00
0.30
5.40
0.00
0.00
0.10
0.00
0.00
0.00
0.00
0.00
0.00
15.80
0.00
0.00
0.00
0.00
0.00
0.00
0.00
0.00
0.00
0.00
0.00
0.00
0.00
0.00
0.00
2.20
11.90
15.50
0.00
0.00
0.00
0.00
0.00
0.00
0.00
0.10
0.00
0.00
0.00
0.00
0.00
0.00
0.00
0.00
1.90
0.10
0.00
0.00
0.00
0.00
0.00
0.00
0.00
0.00
0.00
0.00
0.00
0.00
0.00
0.00
0.00
0.00
0.00
0.00
0.00
0.00
0.00
0.00
0.00
10.80
0.00
0.00
0.00
0.00
0.00
0.00
1.10
0.00
0.00
0.00
0.00
0.00
0.00
0.00
0.00
0.00
0.00
0.00
0.00
0.00
1.60
1.30
0.00
1.60
0.00
0.00
0.00
0.00
0.10
0.00
0.00
15.80
0.10
0.00
0.00
0.00
0.00
0.00
0.00
0.00
0.00
0.00
0.00
0.00
0.00
0.00
0.00
0.00
0.00
0.00
0.00
0.00
0.00
0.00
22.40
0.00
0.00
0.00
0.10
0.00
7.40
0.00
88.90
4.60
0.00
0.00
0.00
0.00
0.00
0.00
0.00
0.30
0.20
0.90
2.20
1.20
0.00
0.00
0.00
0.00
0.00
2.10
0.00
0.00
0.10
1.50
0.00
0.00
0.00
0.00
0.00
0.00
0.00
6.80
3.10
0.00
0.00
0.00
0.00
0.00
0.00
0.00
0.10
0.00
0.00
9.60
12.80
0.30
0.30
0.60
0.00
0.00
0.00
2.00
0.30
0.00
0.00
0.20
0.40
0.00
2.60
12.20
8.60
1.30
0.00
0.00
0.20
0.30
0.00
0.20
0.40
0.30
0.10
0.00
0.40
0.60
0.40
0.30
0.40
0.40
0.10
0.00
0.90
0.10
0.10
0.20
0.20
0.20
0.00
0.00
0.10
3.60
0.00
34.90
21.70
21.90
0.00
0.00
0.00
0.00
0.00
0.10
0.00
0.00
0.00
0.00
0.00
0.10
0.00
0.00
0.00
0.00
0.00
0.00
0.00
0.00
0.40
0.00
0.00
0.10
0.20
0.00
0.00
0.00
0.00
0.00
0.00
0.00
0.00
0.00
0.00
0.00
0.00
0.20
4.60
0.20
0.00
0.40
0.00
0.00
0.00
0.00
0.00
0.00
0.00
0.00
0.00
0.00
11.70
0.00
0.00
0.00
0.00
0.00
0.00
0.10
0.00
0.60
5.60
0.10
0.00
0.00
0.30
5.70
8.00
0.30
0.00
0.00
0.00
0.00
3.20
0.00
0.00
0.00
0.00
0.00
13.40
0.00
0.20
0.00
0.00
9.50
8.70
20.70
41.80
1.50
0.00
0.00
0.00
0.30
15.10
0.10
0.00
0.00
0.00
0.00
0.00
0.00
0.00
0.00
0.00
0.00
0.00
20.80
0.00
0.50
2.50
12.40
1.00
35.20
0.10
0.00
0.00
0.00
0.00
0.00
0.00
0.00
0.00
0.00
0.00
0.00
0.00
0.00
2.40
17.10
1.20
43.60
3.10
0.00
1.40
1.60
0.40
0.50
0.00
0.00
0.00
0.00
0.00
0.10
19.50
0.10
15.00
0.00
0.00
0.00
0.00
0.00
0.00
0.00
0.00
0.00
0.00
0.00
1.40
0.00
0.00
1.30
0.00
0.00
0.00
0.00
0.00
0.00
0.00
0.00
0.00
0.00
0.00
0.00
0.00
0.00
0.00
0.00
0.00
0.00
0.00
0.00
0.60
0.00
0.00
0.00
0.00
0.00
0.00
0.00
0.00
0.00
0.60
0.00
0.00
0.00
0.00
0.00
0.00
0.00
0.00
33.80
0.00
0.30
0.00
0.00
0.00
0.00
0.00
0.00
0.00
0.00
0.00
0.00
0.00
0.00
0.00
1.20
2.00
0.00
0.00
0.00
0.00
0.00
0.00
0.00
0.20
0.00
6.00
5.60
0.10
0.00
0.00
0.00
0.00
0.00
0.00
0.00
10.10
3.70
0.00
0.00
0.00
0.00
0.00
0.00
0.10
0.00
0.00
0.00
0.00
0.00
10.50
0.00
0.00
0.00
0.00
0.00
0.00
0.00
0.00
0.00
0.00
0.00
0.20
0.00
0.00
0.00
0.00
0.00
0.10
0.00
7.60
0.00
0.00
0.80
0.20
0.00
0.00
0.00
0.00
0.00
0.00
0.00
4.10
26.90
0.10
1.30
8.00
0.10
0.00
0.10
0.20
0.10
0.10
0.10
0.00
0.00
0.00
0.00
0.10
0.00
0.00
0.00
0.00
0.00
0.00
0.80
5.80
0.70
0.00
0.40
0.70
0.10
0.00
0.00
0.00
0.00
4.00
0.10
0.00
1.40
6.60
0.00
0.00
0.30
0.10
0.00
0.00
0.20
3.10
0.90
0.10
0.10
0.00
0.30
0.00
0.00
0.00
0.20
0.00
0.00
0.20
0.00
0.00
0.00
0.00
0.00
0.00
0.00
0.00
26.20
7.20
0.00
0.00
0.00
0.00
0.10
0.00
0.00
0.00
0.00
0.20
0.00
2.90
2.30
1.10
0.50
0.00
0.00
0.00
0.00
0.50
0.10
0.00
0.00
0.00
0.00
0.00
0.00
0.00
3.30
2.00
4.80
0.00
10.00
0.00
0.40
0.00
0.00
0.00
0.00
0.00
0.00
0.00
10.60
0.00
0.00
0.00
0.00
0.20
0.10
0.00
0.00
0.00
0.00
0.00
0.00
3.60
18.30
0.00
0.00
0.00
0.00
0.00
0.00
