20000101
-99.00
-99.00
-99.00
-99.00
-99.00
-99.00
-99.00
-99.00
-99.00
-99.00
-99.00
-99.00
-99.00
-99.00
-99.00
-99.00
-99.00
-99.00
-99.00
-99.00
-99.00
-99.00
-99.00
-99.00
-99.00
-99.00
-99.00
-99.00
-99.00
-99.00
-99.00
-99.00
-99.00
-99.00
-99.00
-99.00
-99.00
-99.00
-99.00
-99.00
-99.00
-99.00
-99.00
-99.00
-99.00
-99.00
-99.00
-99.00
-99.00
-99.00
-99.00
-99.00
-99.00
-99.00
-99.00
-99.00
-99.00
-99.00
-99.00
-99.00
-99.00
-99.00
-99.00
-99.00
-99.00
-99.00
-99.00
-99.00
-99.00
-99.00
-99.00
-99.00
-99.00
-99.00
-99.00
-99.00
-99.00
-99.00
-99.00
-99.00
-99.00
-99.00
-99.00
-99.00
-99.00
-99.00
-99.00
-99.00
-99.00
-99.00
-99.00
-99.00
-99.00
-99.00
-99.00
-99.00
-99.00
-99.00
-99.00
-99.00
-99.00
-99.00
-99.00
-99.00
-99.00
-99.00
-99.00
-99.00
-99.00
-99.00
-99.00
-99.00
-99.00
-99.00
-99.00
-99.00
-99.00
-99.00
-99.00
-99.00
-99.00
-99.00
-99.00
-99.00
-99.00
-99.00
-99.00
-99.00
-99.00
-99.00
-99.00
-99.00
-99.00
-99.00
-99.00
-99.00
-99.00
-99.00
-99.00
-99.00
-99.00
-99.00
-99.00
-99.00
-99.00
-99.00
-99.00
-99.00
-99.00
-99.00
-99.00
-99.00
-99.00
-99.00
-99.00
-99.00
-99.00
-99.00
-99.00
-99.00
-99.00
-99.00
-99.00
-99.00
-99.00
-99.00
-99.00
-99.00
-99.00
-99.00
-99.00
-99.00
-99.00
-99.00
-99.00
-99.00
-99.00
-99.00
-99.00
-99.00
-99.00
-99.00
-99.00
-99.00
-99.00
-99.00
-99.00
-99.00
-99.00
-99.00
-99.00
-99.00
-99.00
-99.00
-99.00
-99.00
-99.00
-99.00
-99.00
0.00
5.80
4.00
0.00
0.00
0.00
7.00
4.00
3.80
0.00
0.00
0.00
0.20
0.20
0.80
8.60
1.20
3.20
3.20
1.40
0.20
6.40
1.00
0.00
-99.00
0.20
0.20
0.40
0.00
1.20
0.60
1.80
0.20
0.20
0.00
-99.00
0.00
0.00
0.00
0.00
0.00
0.00
0.00
0.20
0.20
1.40
1.20
0.80
0.20
0.00
0.40
0.20
0.00
0.00
0.00
0.00
0.00
16.00
-99.00
0.00
0.20
1.20
5.00
1.00
15.80
6.40
0.00
0.00
0.40
0.00
0.00
1.40
-99.00
4.20
34.20
40.80
1.00
1.60
0.40
0.40
0.00
0.20
0.40
0.00
0.20
0.20
0.20
0.20
0.20
0.20
0.20
-99.00
-99.00
-99.00
-99.00
-99.00
-99.00
-99.00
-99.00
-99.00
-99.00
-99.00
-99.00
-99.00
-99.00
-99.00
-99.00
-99.00
-99.00
-99.00
-99.00
-99.00
-99.00
-99.00
-99.00
-99.00
-99.00
-99.00
-99.00
-99.00
-99.00
-99.00
-99.00
-99.00
-99.00
-99.00
-99.00
-99.00
-99.00
-99.00
-99.00
-99.00
-99.00
-99.00
-99.00
-99.00
-99.00
-99.00
-99.00
-99.00
-99.00
-99.00
-99.00
-99.00
-99.00
-99.00
-99.00
-99.00
-99.00
-99.00
-99.00
-99.00
-99.00
-99.00
-99.00
-99.00
-99.00
-99.00
-99.00
-99.00
-99.00
-99.00
-99.00
-99.00
-99.00
-99.00
-99.00
-99.00
-99.00
-99.00
-99.00
-99.00
-99.00
-99.00
-99.00
-99.00
-99.00
-99.00
-99.00
-99.00
-99.00
-99.00
-99.00
-99.00
-99.00
-99.00
-99.00
-99.00
-99.00
-99.00
-99.00
-99.00
-99.00
-99.00
-99.00
-99.00
-99.00
-99.00
-99.00
-99.00
-99.00
-99.00
-99.00
-99.00
-99.00
-99.00
-99.00
-99.00
-99.00
-99.00
-99.00
-99.00
-99.00
-99.00
-99.00
-99.00
-99.00
-99.00
-99.00
-99.00
-99.00
-99.00
-99.00
-99.00
-99.00
-99.00
-99.00
-99.00
-99.00
-99.00
-99.00
-99.00
-99.00
-99.00
-99.00
-99.00
-99.00
-99.00
-99.00
-99.00
-99.00
-99.00
-99.00
-99.00
-99.00
-99.00
-99.00
-99.00
-99.00
-99.00
-99.00
-99.00
-99.00
-99.00
-99.00
-99.00
-99.00
-99.00
-99.00
-99.00
-99.00
-99.00
-99.00
-99.00
-99.00
-99.00
-99.00
-99.00
-99.00
-99.00
-99.00
-99.00
-99.00
-99.00
-99.00
-99.00
-99.00
-99.00
-99.00
-99.00
-99.00
-99.00
-99.00
-99.00
-99.00
-99.00
-99.00
-99.00
-99.00
-99.00
-99.00
-99.00
-99.00
-99.00
-99.00
-99.00
-99.00
-99.00
-99.00
-99.00
-99.00
-99.00
-99.00
-99.00
-99.00
-99.00
-99.00
-99.00
-99.00
-99.00
-99.00
-99.00
-99.00
-99.00
-99.00
-99.00
-99.00
-99.00
-99.00
-99.00
-99.00
-99.00
-99.00
-99.00
-99.00
-99.00
-99.00
-99.00
-99.00
-99.00
-99.00
-99.00
-99.00
-99.00
-99.00
-99.00
-99.00
-99.00
-99.00
-99.00
-99.00
-99.00
-99.00
-99.00
-99.00
-99.00
-99.00
-99.00
-99.00
-99.00
-99.00
-99.00
-99.00
-99.00
-99.00
-99.00
-99.00
-99.00
-99.00
-99.00
-99.00
-99.00
-99.00
-99.00
-99.00
-99.00
-99.00
-99.00
-99.00
-99.00
-99.00
-99.00
-99.00
-99.00
-99.00
-99.00
-99.00
-99.00
-99.00
-99.00
-99.00
-99.00
-99.00
-99.00
-99.00
-99.00
-99.00
-99.00
-99.00
-99.00
-99.00
-99.00
-99.00
-99.00
-99.00
-99.00
-99.00
-99.00
-99.00
-99.00
-99.00
-99.00
-99.00
-99.00
-99.00
-99.00
-99.00
-99.00
-99.00
-99.00
-99.00
-99.00
-99.00
-99.00
-99.00
-99.00
-99.00
-99.00
-99.00
-99.00
-99.00
-99.00
-99.00
-99.00
-99.00
-99.00
-99.00
-99.00
-99.00
-99.00
-99.00
-99.00
-99.00
-99.00
-99.00
-99.00
-99.00
-99.00
-99.00
-99.00
-99.00
-99.00
-99.00
-99.00
-99.00
-99.00
-99.00
-99.00
-99.00
-99.00
-99.00
-99.00
-99.00
-99.00
-99.00
-99.00
-99.00
-99.00
-99.00
-99.00
-99.00
-99.00
-99.00
-99.00
-99.00
-99.00
-99.00
-99.00
-99.00
-99.00
-99.00
-99.00
-99.00
-99.00
-99.00
-99.00
-99.00
-99.00
-99.00
-99.00
-99.00
-99.00
-99.00
-99.00
-99.00
-99.00
-99.00
-99.00
-99.00
-99.00
-99.00
-99.00
-99.00
-99.00
-99.00
-99.00
-99.00
-99.00
-99.00
-99.00
-99.00
-99.00
-99.00
-99.00
-99.00
-99.00
-99.00
-99.00
-99.00
-99.00
-99.00
-99.00
-99.00
-99.00
-99.00
-99.00
-99.00
-99.00
-99.00
-99.00
-99.00
-99.00
-99.00
-99.00
-99.00
-99.00
-99.00
-99.00
-99.00
-99.00
-99.00
-99.00
-99.00
-99.00
-99.00
-99.00
-99.00
-99.00
-99.00
-99.00
-99.00
-99.00
-99.00
-99.00
-99.00
-99.00
-99.00
-99.00
-99.00
-99.00
-99.00
-99.00
-99.00
-99.00
-99.00
-99.00
-99.00
-99.00
-99.00
-99.00
-99.00
-99.00
-99.00
-99.00
-99.00
-99.00
-99.00
-99.00
-99.00
-99.00
-99.00
-99.00
-99.00
-99.00
-99.00
-99.00
-99.00
-99.00
-99.00
-99.00
-99.00
-99.00
-99.00
-99.00
-99.00
-99.00
-99.00
-99.00
-99.00
-99.00
-99.00
-99.00
-99.00
-99.00
-99.00
-99.00
-99.00
-99.00
-99.00
-99.00
-99.00
-99.00
-99.00
-99.00
-99.00
-99.00
-99.00
1.00
0.00
0.00
0.20
0.00
0.00
0.00
0.00
0.40
0.00
0.00
0.60
0.20
0.00
-99.00
0.00
0.00
2.80
19.00
0.60
0.00
20.20
8.20
7.20
0.00
6.00
0.20
5.00
0.20
0.00
0.00
0.00
0.00
0.00
0.00
0.00
0.00
0.00
0.00
0.00
0.00
0.00
0.00
0.00
12.40
0.40
2.40
4.00
11.60
0.20
0.00
2.40
5.20
2.00
28.40
1.60
0.00
0.00
0.00
0.00
0.00
0.00
7.20
0.00
-99.00
-99.00
2.60
10.40
-99.00
0.00
0.40
2.60
0.00
0.00
0.80
0.40
0.20
0.00
0.20
0.40
17.00
20.20
0.00
8.80
7.00
0.20
0.20
0.40
1.40
0.40
0.20
0.40
0.00
-99.00
0.00
0.00
0.00
0.00
0.00
0.00
0.00
0.00
0.00
0.00
0.00
0.00
0.00
0.00
0.00
0.00
0.00
-99.00
0.00
0.00
0.00
0.00
0.00
0.00
0.00
-99.00
0.00
0.00
0.00
0.00
0.00
0.00
0.00
0.00
0.00
0.00
0.00
0.00
0.00
0.00
0.00
0.00
0.00
0.00
0.00
0.00
0.00
0.00
0.00
0.00
0.00
0.00
0.00
0.00
0.00
0.00
0.00
0.00
0.00
0.00
0.00
0.00
0.00
0.00
0.00
0.00
0.00
-99.00
-99.00
0.00
0.00
0.00
0.00
0.00
0.00
0.00
1.20
0.00
0.00
0.00
0.00
0.00
0.00
0.00
0.00
-99.00
0.00
0.00
0.00
0.00
0.00
0.00
0.00
0.00
0.00
0.00
0.00
0.00
-99.00
0.00
-99.00
0.00
0.00
0.00
0.00
0.00
0.00
0.00
0.00
0.00
0.00
0.00
0.00
0.00
0.00
0.00
0.00
0.00
0.00
0.00
0.00
0.00
0.00
0.00
0.00
0.00
0.00
0.00
0.00
0.00
0.00
0.00
0.00
0.00
0.00
0.00
0.00
0.00
0.00
0.00
0.00
0.00
0.00
0.00
0.00
0.00
0.00
0.00
0.00
0.00
0.00
0.00
0.00
0.00
0.00
0.00
0.00
0.00
0.00
0.00
0.00
0.00
0.00
0.00
0.00
-99.00
-99.00
-99.00
-99.00
-99.00
-99.00
-99.00
-99.00
-99.00
-99.00
-99.00
-99.00
-99.00
-99.00
-99.00
-99.00
0.00
0.00
0.00
0.00
0.00
0.00
0.00
0.00
0.00
0.00
0.00
7.20
1.00
0.20
0.80
1.60
0.40
0.60
0.00
0.20
7.00
1.60
0.00
0.60
0.00
0.00
0.00
0.00
0.00
0.00
0.00
0.00
0.00
0.00
0.80
1.60
0.20
0.40
1.60
0.20
0.00
7.40
0.00
4.20
6.00
18.20
0.00
0.40
0.20
9.40
13.20
1.60
0.00
0.00
0.00
0.00
0.00
0.00
0.00
0.00
0.00
0.00
0.00
0.00
0.00
-99.00
0.00
0.00
0.00
0.00
0.40
1.40
4.20
0.20
0.00
0.00
1.40
7.60
0.00
2.80
0.00
0.00
0.00
0.00
0.00
0.00
0.00
0.00
0.00
0.00
0.00
0.00
1.00
0.00
0.00
0.00
0.00
0.00
0.00
0.00
0.00
2.40
2.80
-99.00
0.20
4.00
0.20
7.60
1.40
0.00
0.00
-99.00
0.20
-99.00
7.80
0.40
0.80
0.00
0.00
0.00
1.20
0.00
0.40
0.40
1.80
0.80
1.00
0.00
0.00
0.00
0.00
1.00
0.00
0.00
1.60
0.20
0.00
0.00
0.00
0.00
4.00
2.00
5.00
0.20
0.00
0.00
0.40
0.00
0.00
0.00
0.00
9.80
0.20
0.00
4.40
0.00
0.20
0.00
0.00
29.20
2.80
11.00
0.00
0.00
0.00
0.00
0.00
0.20
0.80
0.00
0.40
4.60
0.20
7.80
11.20
0.00
0.20
0.20
0.00
0.00
3.00
1.80
6.60
0.20
0.00
0.00
0.00
0.00
0.00
0.00
0.00
2.00
0.60
10.40
2.80
0.00
0.00
0.00
0.00
0.00
0.00
0.00
3.00
0.00
2.40
2.20
0.00
0.00
9.60
1.20
1.80
0.20
0.00
0.00
0.00
0.00
0.20
0.00
0.00
9.00
0.00
0.00
0.00
0.40
0.00
0.00
0.00
0.80
0.00
0.00
0.00
0.00
0.00
0.60
0.00
0.00
0.00
0.00
0.00
0.40
0.00
0.00
0.00
2.60
8.80
0.00
0.00
0.00
1.40
0.00
0.00
0.40
0.00
0.00
0.00
11.80
0.20
0.00
5.00
4.20
3.20
0.00
13.20
0.80
1.40
10.40
6.20
23.60
0.20
0.00
0.00
0.00
0.00
0.00
0.00
0.00
0.00
0.00
0.00
3.40
2.20
0.00
0.00
0.00
0.20
6.00
0.00
0.00
5.60
2.20
1.60
4.00
0.40
0.00
0.00
0.00
0.00
0.00
0.00
0.00
0.00
3.60
0.60
0.80
0.20
0.60
2.00
3.20
0.40
0.60
0.40
0.40
0.60
0.40
0.40
1.20
0.60
0.40
7.60
6.40
0.20
0.00
0.00
0.00
0.00
0.00
0.00
7.80
10.60
0.00
0.00
0.20
0.00
0.00
3.40
0.60
0.00
0.00
0.00
0.00
0.20
1.40
12.60
0.00
0.00
5.40
5.80
0.40
0.20
7.80
11.40
0.20
10.00
0.80
0.00
0.00
1.20
0.00
0.00
0.00
0.40
0.00
0.00
0.40
0.00
0.00
0.80
0.60
0.00
0.20
0.40
0.23
5.77
0.00
0.00
0.00
0.00
1.47
1.27
1.53
2.80
6.20
4.00
0.00
0.00
0.00
0.00
0.00
0.00
4.00
0.40
0.00
0.00
0.00
0.00
0.00
0.00
8.60
0.00
0.00
0.00
0.00
0.00
0.00
0.00
0.00
0.00
0.00
0.00
0.00
0.00
0.00
0.00
0.00
0.00
0.00
0.00
0.00
0.00
0.00
0.00
0.00
0.00
0.00
0.00
0.00
0.00
0.00
0.00
0.00
1.40
2.40
2.20
0.20
0.00
1.40
0.40
1.40
2.40
1.03
2.00
0.00
0.00
0.00
1.20
0.00
0.40
0.00
0.00
0.00
0.00
0.00
5.20
3.00
0.00
0.00
0.00
0.00
0.00
0.00
0.00
0.00
6.20
2.80
0.00
0.00
0.00
1.87
0.00
2.20
5.40
0.00
2.40
1.00
0.00
0.00
0.00
0.00
0.00
0.00
0.00
0.00
3.20
0.40
0.00
0.80
0.00
0.20
0.00
0.40
0.40
0.00
3.20
10.00
2.20
0.00
0.00
0.00
4.00
10.40
6.20
2.20
2.60
2.60
2.60
2.20
0.00
0.00
0.00
0.00
0.20
1.00
1.20
14.40
0.60
0.00
0.00
0.00
0.00
0.00
0.00
4.60
3.20
7.00
0.00
0.00
0.00
0.00
0.00
0.00
0.00
0.00
0.20
0.00
0.00
0.00
0.00
0.00
0.00
0.00
0.00
19.60
9.20
1.80
0.20
0.00
1.40
8.80
7.40
0.00
0.40
1.60
0.00
0.00
0.00
0.00
0.20
0.20
0.00
0.00
0.00
0.00
0.00
0.00
0.00
0.00
0.80
2.00
14.40
9.60
0.20
0.00
0.60
0.20
0.00
0.00
0.00
0.00
1.20
0.20
0.00
0.60
0.00
0.00
0.00
0.00
0.00
0.00
0.00
0.00
3.40
0.20
0.00
0.00
10.40
0.00
1.00
8.00
0.40
0.00
0.60
0.00
8.20
0.00
0.00
0.00
0.00
0.00
0.00
0.00
0.00
0.00
0.00
0.00
0.00
0.00
6.20
0.20
0.00
0.00
0.00
0.00
1.00
0.20
0.20
1.60
1.00
0.00
0.00
0.00
2.40
0.40
0.00
0.00
0.00
0.00
0.00
2.60
1.00
0.00
0.00
0.00
0.00
0.00
0.00
0.00
0.00
0.00
0.00
0.00
0.00
0.00
0.00
0.00
0.00
0.00
0.00
0.00
0.00
3.80
3.80
0.00
0.00
0.00
0.00
0.00
1.20
0.00
0.00
0.40
0.20
0.00
0.20
0.00
0.00
0.20
1.00
0.00
0.00
14.20
0.60
1.20
1.00
1.80
5.40
0.00
0.00
0.00
0.00
0.00
0.00
0.00
0.00
0.00
0.00
0.00
2.60
0.00
0.00
0.20
0.00
0.00
0.00
0.00
0.40
0.00
0.00
0.00
0.00
0.00
0.00
0.00
0.00
0.00
1.60
0.00
0.20
0.00
0.00
0.00
0.00
0.00
2.40
0.20
0.00
0.00
0.00
0.00
0.00
0.00
0.00
1.40
3.40
0.00
3.80
0.80
0.00
0.00
0.00
0.00
0.00
0.00
0.00
2.40
0.60
0.00
0.00
0.00
0.00
0.00
0.00
0.00
0.00
0.00
0.00
0.00
0.00
0.00
0.00
0.00
0.00
0.00
0.00
0.00
4.40
22.20
0.00
0.00
0.00
0.60
1.00
0.00
0.00
0.00
0.80
0.60
0.00
0.00
0.00
0.00
0.00
0.00
0.00
0.00
0.00
0.20
0.00
0.00
0.00
0.00
2.80
0.00
0.00
0.00
0.00
0.20
3.40
0.20
0.00
0.00
0.00
0.00
0.00
0.00
0.00
0.00
0.00
0.00
0.20
3.20
0.80
0.20
0.20
0.00
0.00
0.00
0.00
0.00
0.00
0.00
0.00
0.00
0.00
0.00
0.00
0.00
0.00
0.00
2.40
0.00
2.00
0.20
0.40
0.00
2.40
0.00
0.00
0.00
0.60
0.00
0.00
0.00
0.00
2.00
0.20
0.40
0.80
0.00
0.60
0.00
9.40
2.80
0.80
0.20
0.60
0.00
0.60
0.80
1.60
0.40
0.00
0.00
0.00
0.00
0.00
0.00
0.00
0.00
0.00
0.00
0.40
0.60
0.00
0.00
0.00
3.80
1.00
1.00
5.40
0.00
0.00
0.00
0.00
0.00
0.20
0.00
0.00
0.00
4.00
0.00
0.00
0.00
0.00
0.00
0.00
0.00
1.00
0.00
0.00
0.00
1.00
0.00
0.00
0.00
0.00
0.00
0.00
0.00
10.80
4.40
19.00
3.20
0.00
0.00
0.00
0.00
0.40
1.20
3.00
0.00
1.20
1.00
0.20
0.00
1.20
6.40
0.00
0.00
0.00
0.00
0.00
22.20
0.00
0.00
0.00
0.00
0.00
0.00
0.00
0.00
0.00
0.00
0.00
0.00
0.00
2.20
0.00
0.00
0.00
0.00
0.00
0.00
0.40
0.00
0.00
1.80
0.20
0.00
2.80
21.00
0.20
0.00
0.00
0.00
0.00
0.00
3.00
1.00
13.80
0.80
0.00
0.00
0.00
0.00
0.20
4.20
1.00
0.00
0.00
0.00
0.00
0.00
0.00
0.00
0.00
1.20
0.00
0.00
0.00
0.80
0.00
0.00
0.00
0.00
36.00
7.00
6.60
6.60
0.00
0.80
0.00
0.00
0.00
0.00
0.00
0.60
0.60
0.00
0.00
0.00
0.00
0.00
0.00
1.60
6.20
0.00
0.00
0.00
0.00
0.00
0.00
3.60
0.20
0.20
0.20
0.00
0.00
0.00
0.00
0.00
0.40
9.60
12.80
3.80
0.00
0.00
0.00
7.20
0.00
0.00
0.00
6.80
0.20
0.00
0.00
0.00
0.00
1.80
0.40
0.00
1.20
0.20
0.00
0.00
2.20
0.20
0.00
0.40
0.00
6.20
0.00
1.40
4.20
0.80
9.00
2.00
0.40
0.00
0.00
0.00
0.00
0.00
0.00
0.00
0.00
0.80
0.20
0.00
0.20
0.00
0.00
0.40
5.00
0.20
0.40
1.60
3.80
0.00
7.60
0.20
0.00
0.00
0.00
0.00
0.00
0.00
0.00
0.00
0.00
0.00
0.00
0.00
0.00
0.00
0.00
0.00
0.00
0.00
0.00
0.20
0.00
0.00
2.60
4.80
0.00
0.00
0.00
0.20
2.00
0.00
0.60
0.00
0.00
0.00
0.00
0.00
0.00
0.00
0.00
1.00
0.00
0.00
0.00
0.00
0.00
0.40
0.00
0.20
0.32
12.61
2.27
0.13
0.00
0.00
0.00
0.00
0.00
0.00
0.00
0.00
0.00
0.00
0.00
0.00
0.00
0.00
0.00
0.00
0.80
1.00
3.00
0.20
0.20
0.00
0.00
0.00
0.00
0.00
0.60
0.00
0.00
0.00
0.00
0.00
3.00
0.00
0.00
9.80
0.00
2.40
20.20
1.40
0.20
0.00
0.00
0.00
0.00
0.00
0.20
0.80
1.40
0.20
0.00
0.00
1.60
0.00
0.00
0.00
0.40
0.00
8.60
0.80
0.00
0.00
0.00
0.00
4.20
0.60
1.20
0.00
4.20
0.00
0.00
0.00
0.00
0.00
1.40
0.40
0.20
0.00
0.00
1.00
0.20
0.60
0.20
0.00
0.00
0.00
3.20
0.00
0.00
0.00
0.00
0.00
0.00
0.80
0.20
1.40
3.40
0.80
0.00
0.00
0.20
3.60
2.40
0.00
0.20
0.00
1.00
0.20
0.00
0.00
0.00
0.00
0.80
0.00
0.00
0.00
0.00
1.00
0.00
0.00
0.00
0.00
0.00
0.00
0.00
0.00
0.00
0.00
0.00
0.60
0.20
0.00
0.00
0.00
0.40
0.00
4.40
5.00
4.80
0.00
0.00
0.00
0.00
0.20
1.40
0.60
0.00
5.40
0.60
0.00
0.20
4.20
0.20
0.00
0.00
5.20
0.20
0.00
0.00
0.00
0.00
0.00
0.00
0.00
0.80
0.20
0.00
6.00
0.00
9.40
0.00
0.00
0.00
0.00
7.00
2.80
0.00
1.60
1.60
0.60
0.00
0.00
0.00
0.00
2.00
0.00
0.00
0.00
0.00
2.60
0.40
0.20
0.00
0.00
0.00
0.00
5.20
0.80
0.40
1.40
2.40
1.20
0.20
0.20
0.60
0.80
2.00
0.00
0.00
0.00
0.00
0.00
0.00
0.00
0.00
0.00
0.00
0.00
0.00
0.00
0.00
0.00
7.00
0.40
4.40
13.40
11.80
2.60
8.20
0.00
0.00
0.00
0.00
0.00
20.20
14.60
1.60
0.20
0.00
0.00
0.00
0.00
0.40
0.00
0.00
3.40
0.40
0.20
0.00
0.20
0.00
0.00
0.20
4.80
5.60
3.80
0.00
0.00
0.00
0.00
3.80
2.40
4.40
0.00
1.20
0.20
0.00
0.00
0.40
0.00
0.00
0.00
0.00
0.00
0.00
0.00
0.00
0.00
0.00
0.00
0.00
0.00
0.00
0.00
0.00
0.40
0.00
0.00
0.00
18.20
0.00
0.00
0.00
0.00
9.00
0.60
0.00
5.00
0.00
0.00
0.00
0.00
0.00
0.00
0.00
0.00
0.00
0.00
1.40
2.00
0.60
1.80
0.00
0.00
0.00
0.00
0.00
0.00
0.00
0.00
0.00
0.00
0.00
0.00
0.00
0.00
0.00
0.00
0.00
0.00
0.00
0.00
0.00
0.00
0.00
0.00
0.00
0.40
0.00
0.00
0.00
0.00
0.60
0.00
0.00
0.00
0.00
0.00
0.00
0.00
0.00
0.00
0.00
0.00
0.00
2.40
2.80
0.00
0.00
0.00
0.00
0.00
0.00
0.00
0.00
0.00
0.00
0.00
0.00
0.00
0.80
0.20
0.00
3.20
1.80
0.80
1.40
8.40
0.00
2.80
0.00
0.00
5.00
4.00
0.00
0.00
0.00
0.00
0.20
0.40
3.60
0.20
0.00
0.00
0.00
0.20
0.00
0.00
0.00
0.00
8.80
2.20
0.20
0.00
0.00
0.00
0.00
0.00
1.80
0.00
0.00
0.00
4.60
0.00
0.00
0.20
2.20
1.00
0.00
0.20
0.00
0.00
0.20
2.40
2.20
14.60
8.40
3.40
0.40
0.00
0.00
0.00
0.00
0.00
0.00
0.00
6.00
0.40
1.00
3.40
1.60
0.20
0.00
0.00
0.00
0.00
0.00
0.00
0.00
0.00
0.00
4.40
0.20
0.00
8.00
19.80
2.20
2.80
8.60
6.20
4.40
0.00
0.00
0.00
0.00
0.00
0.00
0.00
12.20
0.40
2.00
4.00
0.00
3.40
0.80
0.20
0.00
0.60
0.00
13.80
4.40
3.00
0.00
0.00
0.20
1.40
0.00
0.00
1.60
8.00
8.60
2.60
0.00
0.00
2.20
0.80
0.00
0.00
19.80
3.60
0.00
0.00
0.60
0.00
0.00
0.00
0.00
0.00
0.00
0.00
0.00
0.00
0.00
0.00
0.00
0.00
1.20
0.00
0.00
0.00
0.00
0.00
0.00
4.60
0.00
0.00
0.00
0.00
0.00
0.00
0.00
0.00
0.00
0.00
0.00
0.00
17.20
0.20
0.00
0.00
0.00
0.00
0.40
0.00
0.00
0.00
0.00
0.00
0.00
0.00
0.00
1.40
13.00
7.80
0.00
0.00
0.00
0.00
7.20
2.40
0.00
0.00
0.00
0.00
0.00
0.00
0.80
0.60
0.40
1.40
0.80
2.60
0.20
0.00
0.00
1.00
0.00
0.00
0.00
0.00
0.00
0.00
0.00
0.00
0.00
0.00
0.00
0.00
0.00
0.00
0.00
0.00
0.00
0.00
1.80
0.20
0.00
0.00
0.80
0.80
0.40
0.20
0.20
0.00
0.00
0.00
0.00
0.00
0.00
0.00
0.00
0.00
0.00
0.00
0.00
0.00
0.00
0.00
0.00
0.00
0.00
0.60
0.60
0.00
0.00
0.00
0.00
0.00
0.00
0.00
0.00
0.00
0.00
0.00
0.00
0.00
0.00
3.80
0.00
0.00
0.00
0.00
0.00
0.00
0.00
0.00
0.00
0.00
0.00
0.00
0.00
0.00
0.60
0.20
0.00
0.00
0.00
0.60
10.60
0.40
0.00
0.00
0.00
0.00
0.00
0.00
0.00
0.00
0.00
0.00
0.40
0.00
0.40
0.00
0.00
0.40
7.80
6.00
10.60
0.20
0.00
0.00
0.00
0.00
0.00
0.00
0.00
0.00
0.00
0.00
0.00
0.00
0.00
0.00
0.00
0.00
0.40
0.00
0.00
0.00
0.00
1.00
8.60
0.00
3.00
1.20
0.00
0.20
3.80
0.00
7.60
0.20
0.00
1.20
3.00
7.60
9.00
0.00
0.00
0.00
0.00
0.00
0.00
0.00
0.00
0.00
0.00
0.00
0.00
0.00
0.00
0.40
0.00
7.60
0.20
0.00
0.00
0.00
0.00
0.00
0.00
0.00
0.00
0.00
0.00
0.00
0.00
0.00
0.00
0.60
0.20
0.00
0.00
0.00
0.00
0.80
0.20
0.00
0.00
0.00
0.00
0.00
0.00
3.20
0.00
0.00
0.20
0.00
2.00
0.20
4.80
0.00
0.00
0.00
0.00
0.00
0.00
0.00
0.00
0.00
0.40
0.00
0.60
2.40
0.00
1.60
12.20
0.00
0.00
0.40
0.00
0.00
0.00
0.00
0.00
0.00
3.20
1.60
6.80
5.80
10.40
0.00
3.00
0.20
0.00
0.00
7.80
14.20
2.65
26.75
2.20
0.00
0.00
0.00
0.00
0.00
0.00
0.00
0.60
0.00
0.00
0.00
0.00
8.00
0.60
0.20
0.80
0.66
12.99
2.55
0.20
0.00
0.00
9.00
2.40
4.40
7.80
8.60
0.20
0.20
1.80
3.20
2.60
8.20
21.80
6.40
20.80
0.40
0.20
0.00
2.40
1.03
8.17
0.60
0.00
0.00
0.80
0.00
0.60
4.60
4.40
7.40
1.40
0.00
0.00
0.00
2.00
3.60
0.00
0.00
0.00
0.00
0.00
0.00
0.00
0.00
20.60
1.60
0.00
7.80
0.00
4.20
0.00
5.40
0.00
0.20
0.20
0.00
0.00
0.00
0.00
1.80
13.20
0.20
0.00
0.00
0.00
0.00
0.00
0.00
1.00
0.20
0.00
0.00
0.20
4.20
0.00
0.00
0.60
0.00
0.00
0.00
0.00
0.00
0.00
0.20
0.00
1.20
0.20
0.00
0.00
0.00
0.00
0.00
0.00
3.00
0.60
0.40
0.00
0.00
0.00
0.00
0.00
0.20
0.00
0.00
0.00
0.00
0.00
0.00
0.00
0.00
1.00
0.00
0.00
0.00
0.00
0.00
3.60
0.00
0.00
1.20
0.20
30.20
0.00
0.46
0.14
0.00
0.00
0.00
5.66
0.14
0.00
0.00
0.00
0.00
0.00
0.00
0.00
0.00
0.00
0.00
0.00
0.00
0.20
0.00
0.00
0.00
0.00
0.00
0.60
0.00
0.00
0.00
4.20
0.20
0.00
0.00
0.00
0.00
0.80
0.00
0.00
0.00
1.00
1.60
0.00
0.00
0.00
0.40
13.60
0.00
0.60
22.65
7.55
0.00
0.00
0.00
3.40
11.20
0.00
0.00
0.00
0.00
0.00
2.80
1.40
0.00
0.00
0.00
0.00
2.60
5.80
0.00
0.00
0.00
0.00
2.60
0.20
0.00
0.00
0.00
1.60
1.80
2.00
0.00
0.00
0.40
0.60
0.00
0.20
0.00
1.80
0.00
0.00
0.00
0.86
0.74
0.20
0.00
0.20
0.00
0.20
0.00
0.00
0.00
0.00
0.00
0.00
1.00
0.00
0.20
0.80
0.40
0.00
0.00
0.00
0.00
0.00
0.00
0.20
0.00
0.00
0.20
0.00
0.00
0.00
0.00
0.40
0.00
0.00
0.00
0.00
4.20
2.60
0.20
14.40
10.80
2.20
0.80
1.80
5.60
0.20
0.00
0.00
0.00
0.40
1.00
0.00
0.80
1.60
0.00
0.20
0.60
0.00
0.80
22.20
0.20
0.00
0.00
0.00
0.00
0.00
0.00
0.00
0.00
0.00
0.00
0.00
0.00
0.00
0.00
0.00
0.00
4.00
0.00
0.00
0.80
1.60
0.40
0.80
0.00
0.00
0.00
0.00
0.00
0.00
0.00
0.00
0.00
0.00
0.00
0.00
0.00
0.00
0.00
0.00
0.00
0.00
0.00
0.00
4.60
0.00
0.00
0.00
0.20
1.40
0.00
0.00
0.00
0.60
29.20
0.20
0.00
3.40
2.00
0.00
0.00
0.00
5.60
1.20
2.40
6.00
0.20
9.40
18.00
1.00
0.00
0.00
8.00
11.60
0.00
0.00
1.20
6.40
3.80
0.00
0.00
0.00
0.00
0.00
9.60
0.20
0.00
15.40
1.00
0.00
19.80
9.00
0.00
0.00
4.80
0.20
0.00
0.00
0.40
0.00
0.40
0.20
0.00
0.00
0.00
0.00
0.00
0.80
0.00
0.00
0.00
0.00
0.60
8.80
0.80
0.00
1.00
0.00
0.00
0.00
0.00
0.00
0.20
0.00
6.60
0.00
0.00
0.80
0.00
0.00
0.00
0.00
0.00
15.80
6.80
0.00
0.00
7.60
3.80
4.80
0.00
0.00
1.80
9.60
2.80
2.40
0.00
0.00
0.00
0.00
0.00
0.00
2.40
0.00
0.00
0.00
0.00
0.00
0.00
0.80
0.20
0.00
0.00
0.00
0.00
0.00
0.00
0.00
0.00
0.00
8.80
0.20
0.00
0.00
0.00
0.00
21.80
3.40
31.80
0.00
0.00
0.00
0.00
0.00
2.00
6.00
0.20
6.00
0.00
0.00
0.00
0.00
0.00
0.00
6.20
0.40
0.20
0.00
0.00
0.00
0.00
8.20
0.20
0.00
0.00
0.00
0.00
0.00
0.00
0.00
0.00
0.00
10.40
0.40
0.00
0.40
0.00
2.60
9.40
0.00
1.00
6.60
2.60
1.00
0.00
0.00
0.60
1.00
0.00
0.00
1.20
0.20
0.00
0.00
0.00
0.00
0.00
2.20
15.60
0.40
0.40
0.00
0.00
0.00
0.00
0.00
0.00
0.00
0.00
0.00
7.40
20.20
7.20
0.00
0.00
0.00
0.00
0.00
0.00
0.00
0.00
0.00
1.40
4.40
0.60
1.00
1.60
0.20
4.60
20.60
0.00
10.40
2.60
0.00
0.00
0.00
0.00
0.00
0.00
0.00
0.00
0.00
0.00
0.20
0.00
0.00
0.00
0.20
0.20
0.00
6.80
5.60
1.60
1.00
0.00
6.40
0.00
0.00
0.00
0.00
0.00
0.00
0.00
0.00
0.00
0.00
0.00
0.00
0.00
0.00
0.00
0.00
7.40
8.60
10.20
24.20
0.00
0.60
0.00
1.40
6.20
2.80
1.40
5.20
0.00
0.00
0.00
1.00
0.20
0.20
0.20
0.00
0.00
0.00
1.60
0.60
4.20
0.40
0.00
0.00
0.00
0.00
0.40
0.20
0.00
0.00
0.00
0.00
0.00
0.00
0.00
0.60
0.20
0.00
0.00
0.00
0.00
1.00
2.60
1.00
0.00
2.00
0.20
0.00
0.00
0.00
0.00
0.00
0.00
1.40
2.40
0.20
0.40
0.00
0.00
3.20
0.40
0.80
3.40
0.00
-99.00
-99.00
0.00
0.00
8.73
0.20
0.00
0.00
0.00
0.60
0.20
0.00
0.00
0.00
0.00
0.00
0.00
0.40
0.00
0.00
0.00
0.00
3.00
1.00
0.00
0.00
3.80
2.60
0.20
0.00
0.00
1.80
0.00
0.00
0.00
0.13
0.13
0.00
0.00
6.20
0.20
0.00
0.00
0.00
2.60
0.00
0.00
2.00
0.00
0.00
0.00
9.00
0.20
0.00
1.20
1.00
0.80
0.20
0.00
0.00
0.00
0.00
4.00
7.00
5.00
1.20
0.60
0.40
0.00
0.00
0.00
18.40
2.40
0.80
3.20
11.80
1.40
0.40
0.00
0.00
0.00
0.00
0.00
0.00
0.00
0.40
0.00
0.00
0.00
3.40
8.60
0.00
0.00
0.00
0.00
0.40
0.00
0.00
0.00
9.80
0.00
2.80
30.40
21.00
12.20
0.00
1.00
22.80
2.40
0.20
1.40
1.20
1.60
2.20
0.00
0.00
0.00
0.00
1.60
14.40
0.20
0.20
0.60
0.00
0.00
0.00
0.60
5.40
0.00
0.20
0.00
0.00
0.40
10.20
0.40
0.00
0.00
0.00
0.00
0.00
0.00
0.00
0.00
0.40
9.00
16.20
8.60
0.00
0.00
0.00
0.20
0.00
0.20
0.00
0.00
0.60
1.80
0.00
0.00
0.00
0.00
0.00
0.00
0.00
0.00
0.00
0.00
0.00
0.00
0.00
0.00
0.00
0.00
0.80
0.00
0.00
0.00
0.00
0.00
0.00
0.00
0.00
0.00
0.00
0.00
0.00
0.60
9.00
0.00
0.00
0.00
2.60
1.00
1.20
0.00
0.00
0.00
0.00
0.00
0.00
0.00
0.40
17.60
0.20
0.20
0.20
0.20
0.00
0.00
0.60
0.40
0.00
0.00
0.00
0.00
0.00
0.00
0.00
0.80
4.40
0.00
0.00
0.00
0.00
0.00
40.80
1.60
0.00
0.20
0.00
0.00
0.00
0.00
0.00
0.00
0.00
0.00
0.00
0.00
2.80
4.60
0.00
0.00
0.00
0.60
1.60
10.13
18.80
2.20
0.00
0.00
0.00
0.00
0.20
0.60
0.00
4.80
0.00
0.00
0.00
0.20
8.40
5.40
0.00
0.00
0.00
2.00
5.00
0.20
0.20
0.00
1.80
0.00
0.00
0.00
0.00
4.00
1.40
0.00
0.20
0.00
0.00
1.80
1.20
6.00
0.20
0.00
0.00
0.00
0.00
0.00
0.00
0.00
0.00
0.00
0.00
0.00
4.00
9.80
2.60
0.00
0.00
0.00
0.00
0.00
0.00
0.00
0.00
0.00
0.00
0.00
0.00
0.00
0.00
0.00
0.00
7.40
0.00
1.80
1.00
0.00
0.00
0.00
0.00
0.00
0.00
0.00
0.00
0.20
0.00
0.00
0.00
0.00
0.00
0.00
1.80
0.00
0.00
0.00
0.00
0.00
0.00
0.00
0.00
0.00
0.00
0.00
0.00
0.00
0.00
0.00
0.00
1.20
0.20
0.00
0.20
0.40
1.20
0.00
11.80
13.40
0.40
0.00
0.00
0.00
1.80
2.40
0.00
0.00
0.20
0.00
0.00
0.00
0.00
0.00
0.00
0.00
0.00
17.40
0.80
0.20
4.80
9.13
4.40
0.00
0.00
0.00
0.00
3.00
0.20
0.00
0.00
0.00
5.00
0.20
0.00
0.20
4.20
0.00
0.00
1.40
0.60
0.00
0.00
0.00
0.00
0.00
0.00
0.00
0.00
0.00
0.00
0.00
0.00
0.00
0.00
0.00
0.00
0.00
0.00
0.00
0.00
0.00
0.00
0.00
0.00
0.00
0.00
0.00
0.00
0.00
0.00
0.00
0.00
0.00
0.00
0.00
0.00
0.00
0.00
0.00
0.00
0.00
0.00
0.00
0.00
0.00
0.00
0.00
0.00
0.00
0.00
0.00
0.00
0.00
0.00
0.00
0.00
0.00
0.00
0.00
0.00
0.00
0.00
0.00
0.00
0.00
0.00
0.00
0.00
0.00
0.00
0.00
0.00
0.00
0.00
0.00
0.00
0.00
0.00
0.00
0.00
0.00
0.00
0.00
0.00
0.00
0.00
0.00
0.00
0.00
0.00
0.00
0.00
0.00
0.00
0.00
0.00
0.00
0.00
0.00
0.00
0.00
0.00
0.00
0.00
0.00
0.00
0.00
0.00
0.00
0.00
0.00
0.00
0.00
0.00
0.00
0.00
0.00
0.00
0.00
0.00
0.00
0.00
0.00
0.00
0.00
0.00
0.00
0.00
0.00
0.00
0.93
1.33
0.13
0.00
0.00
0.00
0.00
0.00
0.00
0.00
0.00
0.00
1.67
0.60
0.07
0.00
0.00
0.00
1.73
0.07
0.40
3.33
1.07
0.00
0.00
0.00
0.00
0.00
0.00
0.00
0.00
0.00
0.00
0.67
0.07
0.00
0.40
0.00
0.00
0.00
0.00
0.00
0.00
0.00
0.00
0.20
0.00
0.00
0.00
0.00
0.00
0.00
0.00
0.00
0.00
0.00
0.00
0.00
0.00
0.00
0.00
0.00
0.00
0.00
0.00
0.00
0.00
0.47
0.00
0.00
0.00
0.13
2.93
0.07
0.00
1.13
0.80
0.13
0.00
0.00
0.13
0.60
4.80
2.93
1.27
8.33
5.80
0.00
0.00
0.00
0.00
0.00
0.00
0.00
1.93
0.13
0.07
0.00
0.00
0.07
0.27
0.20
0.00
0.00
0.00
0.00
0.00
0.00
0.00
0.00
0.00
0.00
0.00
0.13
0.13
0.00
0.00
0.00
0.00
0.00
0.00
0.00
0.00
0.00
0.00
1.00
1.07
0.13
0.00
7.07
0.40
0.00
0.00
0.00
0.00
0.00
0.00
0.00
0.00
0.00
0.53
0.00
0.27
0.00
0.13
0.00
0.00
0.00
0.00
0.00
0.00
0.00
0.00
0.00
0.00
0.00
0.00
0.00
0.00
0.00
0.07
0.00
0.00
0.00
0.00
0.00
0.00
0.00
0.47
2.80
0.07
0.07
0.20
0.00
0.00
0.07
0.40
0.07
0.00
0.00
0.00
0.00
0.00
0.00
0.00
1.00
0.07
0.47
0.00
0.00
0.00
0.00
0.00
0.00
0.00
0.00
0.00
0.00
0.00
0.00
0.00
0.00
0.00
1.67
0.27
0.07
0.00
0.47
0.40
0.00
0.00
0.00
0.00
0.00
0.13
0.00
0.00
0.00
0.07
0.07
0.00
4.93
12.27
0.00
0.00
0.00
0.00
0.00
0.00
0.00
0.00
0.00
0.20
0.80
1.07
2.00
1.07
0.93
0.47
0.07
0.00
2.07
0.07
0.60
0.07
0.53
3.33
0.13
0.00
0.07
0.73
0.00
0.07
0.00
1.80
0.00
0.00
0.00
0.07
6.87
0.13
1.80
0.00
0.00
0.00
0.47
0.07
0.00
0.00
0.00
0.00
0.00
0.40
0.00
0.27
0.00
0.00
0.00
0.20
0.27
3.53
4.07
0.47
0.27
0.40
0.20
0.13
0.13
0.13
0.07
0.13
0.20
0.00
0.00
1.87
2.40
0.07
0.00
0.00
2.53
0.00
0.00
0.67
0.73
0.00
0.00
0.00
0.00
0.00
0.07
0.53
8.00
0.13
0.00
0.00
0.00
0.00
0.00
0.00
1.07
0.07
0.00
0.00
1.67
0.27
0.00
0.20
6.13
0.00
0.00
0.00
0.00
0.00
0.00
0.00
0.00
0.00
0.00
0.00
0.00
0.00
0.00
0.00
0.00
0.00
0.00
0.00
0.00
0.00
0.13
0.13
0.07
0.07
0.00
0.00
0.00
0.00
0.00
0.07
3.53
0.33
0.00
0.00
0.00
0.00
0.00
0.00
0.00
0.00
0.00
0.00
0.00
0.00
0.07
0.00
0.00
0.00
0.00
0.00
0.00
0.00
0.80
1.27
2.07
0.00
0.00
0.00
0.00
0.00
0.27
0.00
0.00
0.07
1.47
0.00
0.00
0.00
0.00
0.00
0.00
0.00
0.00
0.60
0.00
0.00
0.00
0.00
2.47
0.27
0.00
0.33
0.07
0.07
1.93
0.00
0.00
0.00
0.00
0.00
0.00
0.00
0.00
0.00
0.00
0.13
2.60
0.00
0.00
1.13
0.00
0.07
0.00
0.00
1.80
0.80
2.33
0.00
0.00
0.00
1.33
2.07
0.53
0.13
0.00
0.27
0.33
0.07
0.00
0.00
5.53
0.00
0.00
0.00
0.20
1.27
1.00
1.93
0.00
0.00
0.00
0.00
0.00
0.33
0.07
0.00
0.00
0.00
0.00
0.00
0.00
0.07
6.93
0.27
0.60
0.13
0.00
0.00
0.20
0.67
0.47
4.07
0.00
0.47
0.87
0.00
0.00
0.00
0.00
0.00
0.33
0.13
0.40
0.00
0.00
0.00
0.00
0.33
0.00
0.00
0.00
0.00
0.00
0.00
0.00
0.00
0.00
0.00
0.27
0.07
0.00
0.00
0.00
0.00
0.00
0.00
0.00
0.07
0.00
0.07
0.47
1.80
2.67
3.47
0.13
2.20
9.00
2.60
0.07
0.00
0.47
2.00
0.00
0.73
1.20
0.20
0.00
0.00
0.00
0.80
4.47
0.07
0.00
0.13
3.27
1.73
0.13
0.13
0.13
0.27
0.67
0.13
1.07
0.00
0.00
0.00
0.00
0.00
0.00
0.00
0.13
0.00
0.07
0.00
0.00
0.40
0.00
0.00
0.00
0.00
0.07
1.53
2.40
1.53
0.93
0.47
0.07
0.00
0.53
0.33
0.13
0.07
0.00
1.27
0.67
0.00
0.00
0.00
0.60
0.13
1.93
0.47
0.07
0.20
1.00
0.27
0.87
0.00
0.80
0.20
0.00
1.73
0.13
0.07
0.07
0.00
0.00
3.20
0.00
0.00
0.00
0.00
0.00
0.00
0.00
0.00
1.53
0.00
0.00
0.00
0.00
0.00
0.60
0.27
1.67
0.53
2.33
5.73
0.00
1.73
0.00
0.00
0.00
0.00
0.00
1.60
1.13
0.00
0.00
0.00
0.00
0.80
9.60
0.27
2.87
1.80
0.07
0.27
0.80
4.53
0.00
0.00
0.00
0.00
0.27
1.13
0.20
1.93
6.80
0.60
0.20
0.00
0.00
0.40
0.87
0.07
4.67
1.07
12.07
0.00
0.00
1.33
0.67
0.00
0.00
3.67
14.13
0.33
0.53
0.27
0.00
0.00
0.00
0.00
0.00
0.00
0.00
0.00
0.00
0.20
0.00
0.00
0.00
0.00
0.00
0.00
7.93
1.07
0.40
0.93
0.07
4.47
0.00
0.00
1.87
0.47
0.00
0.00
1.33
0.73
0.00
1.53
0.00
0.00
0.00
0.00
0.33
1.20
0.00
0.00
0.00
0.07
0.47
0.00
0.00
1.07
10.20
0.13
0.00
0.00
0.00
9.33
0.13
0.00
0.00
2.07
0.00
0.00
0.00
0.00
0.00
0.53
0.20
0.00
0.00
0.00
0.13
0.00
0.13
0.00
0.00
0.00
0.00
0.00
0.00
0.00
2.60
11.67
0.13
0.00
1.00
0.00
0.00
0.00
0.00
2.13
0.00
0.00
0.00
0.00
0.00
0.00
0.00
0.00
0.00
0.00
0.00
0.00
0.40
0.40
0.00
0.00
0.00
3.27
1.93
0.07
0.00
0.00
0.00
0.00
0.00
0.13
0.00
0.00
0.00
0.00
0.33
0.00
0.00
0.20
2.53
0.00
0.00
0.07
0.00
0.00
0.00
0.00
0.00
0.00
0.00
0.00
0.00
0.00
0.00
2.87
11.07
0.00
0.00
0.00
0.00
2.13
1.13
0.07
0.20
2.13
3.87
0.00
0.00
0.00
0.00
0.00
0.00
0.00
0.00
0.00
0.00
0.00
0.00
0.00
0.00
4.00
0.60
0.00
0.00
0.00
0.00
0.00
0.00
0.00
0.00
0.00
0.00
0.00
0.00
0.00
0.00
0.00
0.00
0.00
0.60
0.13
0.00
0.00
0.00
0.93
0.20
0.00
0.07
0.00
2.13
1.33
0.00
0.00
0.00
0.00
0.07
0.07
0.00
0.07
0.13
0.07
0.07
0.00
0.00
0.00
0.07
0.00
0.00
0.00
0.00
0.00
0.07
0.00
0.00
0.07
0.00
0.07
0.00
0.07
0.00
2.13
0.00
0.00
0.60
0.00
0.20
0.00
0.07
0.20
0.73
0.20
0.20
2.67
0.47
0.00
0.00
0.00
0.73
2.67
0.00
0.00
0.00
0.00
0.00
0.00
0.00
0.00
0.93
0.13
0.13
3.33
0.53
0.00
2.20
1.93
3.33
0.07
0.00
-99.00
0.00
0.00
0.00
0.00
0.00
0.00
0.00
0.00
0.00
0.00
0.00
0.00
0.00
1.47
0.33
0.00
0.73
0.07
0.00
0.00
0.00
1.27
0.13
0.00
0.53
5.00
0.47
0.27
0.00
0.00
0.20
0.00
0.00
0.33
0.00
0.00
0.00
0.00
0.00
0.00
0.00
0.20
0.47
2.00
0.20
0.13
5.07
0.00
0.73
0.00
0.00
0.00
0.00
0.00
0.47
0.00
0.00
0.00
0.00
0.87
0.33
0.00
0.00
0.00
0.00
0.13
0.00
0.00
0.00
0.00
0.00
0.87
0.07
4.20
0.07
0.20
0.20
2.60
3.60
0.00
4.40
0.33
1.00
0.20
0.07
0.00
0.00
0.33
0.07
0.00
0.00
0.00
0.00
0.00
1.60
1.73
1.13
0.00
0.00
0.00
2.27
0.60
0.07
0.07
0.07
0.00
0.80
5.87
2.53
2.40
0.00
0.00
0.60
0.00
0.00
0.13
5.20
0.33
0.07
0.07
0.73
0.27
0.00
0.00
0.00
0.00
0.40
0.07
0.00
0.00
0.00
0.00
0.67
0.53
0.00
0.00
0.00
0.00
3.13
0.00
0.00
3.73
0.20
0.00
0.00
0.33
1.87
0.00
0.00
0.00
0.00
0.00
1.53
0.33
0.00
0.00
0.13
4.93
0.00
0.00
0.00
0.00
4.13
0.07
1.00
0.00
6.33
0.13
0.00
0.00
0.00
0.00
0.00
1.73
0.47
0.00
0.00
0.00
0.00
0.00
0.00
0.00
3.60
0.67
0.60
0.20
0.00
0.00
0.00
6.60
0.27
0.00
0.00
0.00
1.33
0.00
0.00
0.00
0.00
0.00
0.00
0.00
0.00
2.73
0.00
0.13
0.07
0.00
0.00
0.67
0.00
0.07
0.00
0.00
1.73
1.93
0.00
7.00
0.00
0.00
0.00
0.00
0.00
0.00
0.00
0.00
0.00
0.00
0.00
0.00
0.00
0.00
0.00
0.00
0.00
0.00
0.00
0.00
1.13
2.60
3.13
0.53
0.00
0.00
0.00
0.40
0.00
0.00
0.00
0.00
2.93
0.20
0.00
1.33
0.00
0.00
0.07
0.00
0.00
0.00
0.07
1.87
1.13
0.00
3.53
3.33
3.07
2.47
0.00
0.00
0.07
0.00
0.13
0.07
2.33
1.60
0.00
0.07
0.00
0.07
0.20
0.33
2.73
0.40
0.13
0.00
0.07
0.00
0.00
0.00
0.00
0.00
0.00
3.93
1.33
0.00
0.00
0.00
0.00
0.00
0.00
0.00
0.00
0.00
0.00
0.00
0.00
0.00
0.13
0.00
0.00
0.00
0.00
2.80
0.00
0.00
0.00
0.00
0.00
0.00
0.00
0.40
0.00
0.00
0.00
0.00
3.40
9.13
1.73
0.53
0.07
0.07
0.00
0.00
0.00
0.00
0.00
0.00
0.00
0.00
0.00
0.00
0.67
0.73
0.00
0.00
0.00
0.00
0.00
0.93
0.40
1.93
4.07
14.47
3.80
0.93
0.40
0.47
0.00
0.00
0.33
0.00
0.00
0.00
0.00
0.00
0.00
0.00
0.00
0.00
0.47
0.00
0.07
0.47
0.00
0.00
0.00
0.80
3.60
0.00
0.73
0.00
0.00
0.00
0.40
0.00
0.00
0.00
0.00
0.00
0.00
0.00
0.00
0.00
0.00
0.00
0.00
0.00
0.00
0.00
0.00
0.00
0.00
1.40
0.07
2.27
2.73
0.33
0.00
0.00
0.13
0.00
0.33
2.47
3.60
0.00
0.00
0.00
0.00
0.07
0.40
0.07
0.07
0.00
0.00
1.73
0.00
0.00
0.00
0.00
0.00
0.00
1.07
0.00
0.00
0.00
1.27
0.47
0.27
0.07
0.13
0.07
0.07
0.00
0.00
0.00
0.20
0.13
0.07
0.07
0.07
0.00
0.00
0.00
0.13
0.27
0.07
0.13
0.00
3.00
0.00
2.53
0.93
0.33
2.33
0.73
0.00
0.00
0.00
0.00
1.33
1.27
0.00
0.00
0.00
0.00
0.00
0.00
0.00
0.00
0.00
0.00
0.00
0.00
0.00
0.00
0.00
0.00
0.00
0.00
0.00
0.00
0.00
0.00
2.33
3.53
0.67
0.00
0.00
8.13
0.07
0.00
4.40
0.00
0.00
0.00
0.00
0.00
4.47
12.47
0.07
0.00
2.80
2.00
0.00
0.00
0.00
4.93
0.13
0.00
0.00
0.00
3.00
0.93
0.67
0.00
0.47
0.07
0.00
0.00
0.00
0.60
0.33
0.00
0.00
0.00
0.00
0.00
0.00
0.00
1.40
0.07
0.67
7.60
1.13
0.00
0.00
0.00
0.00
0.00
3.00
0.00
3.40
0.00
0.00
0.00
0.40
0.87
0.33
0.00
0.00
0.00
0.00
0.00
0.00
0.00
0.00
0.00
0.00
0.13
0.00
0.80
1.13
2.80
0.27
0.80
1.27
0.07
0.00
0.00
0.00
0.00
1.93
0.87
0.00
0.93
0.00
0.00
0.27
0.00
0.00
0.00
0.00
0.00
0.00
0.00
0.00
0.87
0.07
0.00
0.00
0.00
0.00
14.67
0.80
0.00
0.00
0.00
0.00
0.00
0.00
0.00
0.00
0.00
0.00
0.00
0.00
0.00
0.00
0.00
0.00
0.00
0.07
0.27
0.00
0.67
9.93
7.00
0.00
0.20
0.00
0.00
0.00
0.00
0.00
0.00
0.00
0.00
0.00
0.00
0.00
0.00
0.00
0.00
0.00
0.00
0.00
0.00
0.00
0.00
0.00
0.00
0.00
0.00
0.00
0.00
0.00
0.00
0.00
0.00
0.00
0.00
0.00
0.20
0.40
0.07
1.93
0.67
2.00
0.47
0.13
0.27
0.87
3.33
0.00
0.00
0.20
0.33
0.40
0.00
1.07
1.40
0.00
0.00
0.27
0.00
0.00
0.00
0.00
0.00
0.00
0.00
0.00
0.13
0.00
0.00
0.20
0.00
0.00
0.00
3.67
0.00
2.07
0.33
0.07
4.40
2.20
1.87
0.33
0.07
0.00
0.00
0.00
0.00
0.00
1.27
0.07
0.00
0.67
0.00
0.93
0.27
0.00
0.00
0.27
0.07
1.87
0.40
0.27
0.07
0.00
1.33
0.00
0.00
0.00
0.07
0.07
0.00
0.53
0.20
0.00
0.27
0.47
0.00
0.00
0.00
0.00
0.00
0.00
0.13
0.00
0.00
0.00
0.00
0.00
0.00
0.20
3.80
2.60
0.00
0.00
0.53
0.07
1.73
0.13
0.60
0.07
0.00
0.40
0.60
0.13
0.00
0.00
0.20
3.87
0.20
0.00
0.00
0.00
0.00
0.93
0.53
0.00
0.27
0.47
0.00
0.00
0.00
0.00
0.00
0.00
2.00
15.13
0.13
2.00
1.27
0.27
0.13
0.00
0.00
0.00
0.07
0.00
0.00
0.00
2.87
0.00
0.00
0.00
0.00
0.00
1.67
0.73
2.93
0.07
0.00
0.00
7.87
0.80
0.00
2.33
0.07
0.00
0.00
0.40
0.07
0.00
0.00
0.00
0.00
2.07
0.20
1.00
0.00
0.00
0.00
0.00
0.00
0.53
0.07
0.00
0.00
0.00
0.60
0.47
0.80
0.07
0.00
0.80
2.20
0.00
0.93
2.60
0.00
1.13
1.40
0.40
0.00
0.00
0.00
0.00
0.00
0.00
0.00
1.33
0.07
1.67
0.07
0.00
0.00
0.00
0.00
0.00
0.00
-99.00
0.00
0.00
0.00
0.00
0.07
0.00
0.00
0.00
0.00
1.87
0.00
0.00
0.00
0.00
0.00
1.60
0.07
6.27
0.07
0.00
0.07
0.00
0.00
0.00
0.00
0.00
0.00
0.00
0.00
0.00
0.33
0.00
0.00
0.00
1.07
0.00
0.00
0.00
0.00
0.00
0.67
0.00
0.00
0.00
2.20
3.93
0.00
0.00
0.13
0.00
0.00
0.00
0.00
0.00
1.27
0.07
0.87
0.00
0.00
0.00
0.00
0.00
4.67
0.67
0.00
0.00
0.00
0.13
0.00
0.00
0.00
0.00
0.00
1.40
4.20
4.73
0.00
0.00
0.00
0.00
0.00
0.00
0.00
0.07
0.53
3.20
0.00
0.13
0.00
0.00
0.00
0.00
0.00
0.00
0.00
0.00
0.80
8.00
0.07
0.07
0.00
0.33
0.13
0.00
0.00
0.53
1.87
0.00
0.00
0.00
0.00
0.00
0.13
7.33
2.80
1.73
2.73
1.20
0.73
0.27
0.13
0.00
0.00
0.00
0.00
0.00
0.00
0.00
0.00
0.00
0.00
0.00
0.00
0.00
0.00
0.00
0.00
0.00
0.00
0.00
0.00
0.00
0.00
0.00
0.07
0.00
0.00
0.00
0.00
0.00
0.00
0.00
0.00
0.00
0.00
0.00
0.00
0.00
0.00
0.00
0.00
0.00
0.00
6.60
0.93
0.00
0.40
0.07
6.87
9.40
0.00
0.07
0.00
0.00
0.00
0.00
0.00
0.00
0.07
0.07
0.47
0.00
0.00
0.00
0.00
0.00
0.87
1.00
1.73
4.00
4.00
0.27
0.33
0.00
0.00
0.20
0.00
0.67
3.67
0.00
0.00
0.00
0.00
0.00
0.00
0.00
0.00
0.00
0.00
0.00
0.00
0.00
0.20
0.00
0.00
1.33
3.13
0.27
1.27
2.80
0.00
0.00
0.00
0.00
0.53
0.00
0.00
0.00
0.00
0.00
0.00
0.00
0.00
0.00
0.67
0.60
2.33
1.13
0.07
1.40
0.00
0.00
0.00
0.53
2.13
0.13
0.00
0.13
2.27
0.00
0.00
0.00
0.80
0.00
0.00
0.00
0.00
0.00
0.00
0.00
0.00
0.00
0.00
0.00
0.00
0.00
0.00
0.00
1.80
5.33
0.20
0.07
0.00
1.67
0.00
0.13
0.00
0.00
0.33
0.53
0.00
0.00
0.00
2.40
10.60
0.00
0.00
0.13
0.00
0.00
0.00
3.67
0.53
0.00
0.00
9.20
0.00
0.00
0.00
0.00
0.00
0.00
0.27
2.60
1.40
0.07
1.27
3.27
1.33
0.00
0.00
0.00
0.00
0.60
0.00
0.00
0.00
0.00
0.00
0.00
0.00
0.00
0.00
0.00
0.00
0.53
0.00
0.00
0.00
0.13
3.00
4.07
1.00
0.47
0.80
0.53
0.00
0.00
0.00
0.00
0.00
0.00
0.13
0.00
6.27
0.00
0.00
0.00
0.00
0.00
0.00
0.27
0.00
0.00
0.07
7.53
0.00
0.73
0.00
0.00
0.00
0.00
0.00
0.00
0.00
0.00
0.00
0.00
0.00
0.00
0.40
10.27
0.13
0.00
1.33
0.00
0.00
0.00
0.00
0.00
0.07
0.00
0.00
0.07
0.00
0.00
0.00
0.00
0.53
1.00
0.00
0.00
0.00
3.07
0.07
1.73
0.33
0.00
0.00
0.00
0.13
0.00
0.00
0.00
0.00
0.60
0.13
0.00
0.00
0.00
0.07
3.67
2.13
0.00
0.67
0.00
0.13
0.00
1.13
0.00
0.00
1.27
0.00
0.00
0.00
0.00
4.40
1.93
0.20
0.00
0.00
0.00
0.00
0.00
0.00
0.00
0.00
0.00
0.00
0.00
0.00
0.00
0.00
0.00
8.40
0.47
0.00
0.00
0.00
0.00
0.00
0.00
0.00
0.00
0.00
0.00
0.00
0.00
0.00
0.00
0.00
2.40
3.47
1.47
0.00
0.00
3.13
0.00
0.00
0.00
0.07
0.00
0.00
0.00
0.00
0.00
0.00
0.00
0.00
0.00
0.00
0.00
0.60
0.00
0.00
0.00
0.27
0.07
0.93
0.07
0.00
0.00
0.00
0.00
0.00
0.20
0.53
0.47
3.87
0.00
0.00
0.07
0.33
0.13
0.00
4.73
0.00
0.13
0.00
0.00
0.00
0.00
0.00
0.00
5.53
0.40
0.73
0.00
0.07
1.67
3.00
0.07
0.00
0.00
1.20
8.73
0.00
0.00
0.53
0.00
0.07
0.00
0.13
0.00
0.00
0.00
0.00
0.00
2.87
5.73
0.00
0.00
0.00
0.80
2.60
0.27
0.00
0.00
0.00
0.00
0.00
0.07
0.60
1.53
2.80
0.00
0.00
0.00
0.27
0.13
2.67
0.00
0.40
3.87
0.07
0.00
0.00
2.33
3.27
6.00
2.07
0.07
0.00
0.00
0.00
0.00
0.00
4.13
1.20
0.33
0.80
0.07
0.00
0.07
0.07
0.00
0.60
1.40
0.00
0.00
0.00
4.00
1.67
0.13
0.67
0.00
0.87
0.13
0.00
0.00
0.00
1.53
0.00
0.80
0.67
0.00
0.13
0.13
1.33
0.00
0.00
0.07
0.53
0.00
0.27
1.07
5.33
0.33
0.67
3.27
0.00
1.60
0.07
0.00
0.00
0.00
0.00
0.00
0.00
0.00
0.00
2.07
0.00
0.00
0.00
5.73
0.33
4.73
0.00
0.27
0.60
5.33
0.00
0.00
0.07
4.60
0.53
0.00
0.00
0.00
8.67
0.93
0.07
0.60
0.07
0.00
0.00
0.00
0.20
0.87
0.13
1.40
0.13
0.40
0.00
6.13
4.27
3.20
2.07
0.33
0.73
0.80
0.00
0.07
0.73
5.40
0.13
0.00
0.13
7.13
0.00
4.27
1.40
0.07
0.00
0.00
0.00
0.00
0.00
0.00
0.00
0.00
0.00
0.00
0.00
0.00
0.00
0.07
0.00
0.00
0.00
0.00
0.00
0.00
0.00
0.00
0.00
3.53
0.00
0.00
5.53
0.07
0.00
0.00
0.00
1.33
0.00
0.13
0.00
3.53
0.33
0.00
0.00
1.87
0.13
0.00
0.00
0.00
0.00
0.00
0.00
0.00
0.00
0.00
0.00
0.00
0.20
5.60
1.13
3.53
0.13
0.00
4.87
0.07
0.00
0.00
0.07
2.60
0.00
0.00
0.00
0.00
0.00
0.00
0.00
0.00
0.00
0.00
2.00
0.93
0.00
0.00
0.00
0.00
1.53
0.07
10.13
1.00
0.00
0.00
0.00
0.00
0.00
0.47
0.07
0.00
0.00
0.00
0.00
0.53
0.07
0.00
0.00
0.00
0.07
0.00
0.00
0.00
0.00
0.00
0.53
0.07
0.00
0.00
0.00
0.00
0.00
0.67
1.20
0.07
0.67
2.40
0.47
0.13
0.00
1.67
14.00
0.20
0.07
0.07
0.27
0.13
0.00
0.00
0.00
0.13
0.00
0.33
2.13
0.07
0.00
0.00
1.53
0.20
0.13
0.00
0.00
4.87
0.60
0.00
0.07
4.60
0.07
0.00
0.00
0.00
0.00
0.00
0.00
0.00
0.00
0.00
1.00
0.27
0.00
1.40
0.00
0.07
0.07
0.00
0.00
0.00
0.07
0.00
0.00
0.00
0.00
0.00
0.00
0.00
0.00
0.00
0.00
0.00
0.00
2.67
1.00
0.13
3.87
0.00
0.00
0.00
0.00
0.00
0.00
0.00
0.00
0.00
0.00
0.00
0.00
0.00
0.00
0.00
0.00
0.00
0.00
0.00
0.00
0.00
0.00
0.00
0.07
0.07
0.00
0.00
0.00
0.00
0.00
0.00
0.00
0.00
0.00
0.80
0.13
0.27
2.80
0.07
1.47
0.00
0.53
6.73
2.20
0.47
1.07
3.40
1.60
0.00
0.80
3.47
0.00
0.00
0.00
0.00
0.00
0.00
0.00
0.00
0.00
0.00
0.00
0.00
0.00
0.00
0.00
0.00
0.00
0.00
0.00
0.00
0.00
0.00
0.00
0.00
0.00
0.00
0.00
0.00
0.27
0.00
0.00
0.00
0.00
0.00
0.00
0.00
0.00
0.00
0.00
0.00
0.00
0.00
0.00
0.00
0.00
0.00
0.00
0.00
0.00
0.00
0.00
0.00
0.00
0.00
0.47
2.07
1.60
0.07
2.47
0.73
0.00
0.00
0.13
1.53
1.13
0.40
0.00
0.00
2.20
0.20
0.00
0.00
0.00
0.00
0.40
0.13
1.40
2.60
2.20
0.07
0.00
0.00
0.00
0.00
0.27
1.00
0.00
0.27
0.00
0.00
0.00
0.27
0.07
0.13
0.00
0.00
0.00
0.00
0.00
2.27
2.27
0.00
0.53
0.00
0.00
0.13
2.27
6.00
2.33
0.00
0.00
0.00
0.00
0.00
0.00
0.00
0.60
0.07
0.00
1.80
0.00
0.00
0.00
0.07
0.33
2.67
0.00
0.00
0.00
0.00
0.00
0.00
0.00
0.00
0.93
1.33
0.07
0.00
0.00
0.00
0.00
0.00
0.00
0.00
0.00
0.00
0.00
0.00
0.00
0.00
0.00
0.00
1.13
3.67
0.00
0.00
0.00
0.00
0.00
0.00
0.00
0.40
0.00
0.00
0.00
0.00
0.00
0.00
0.00
0.00
0.00
9.53
0.00
0.00
0.00
0.00
0.00
0.00
0.00
0.00
0.00
0.00
0.27
0.00
0.00
0.00
0.00
0.07
0.00
0.00
0.00
0.00
0.00
0.00
4.60
17.20
0.07
0.00
0.00
0.00
0.00
0.07
0.27
0.00
0.00
0.00
0.00
3.73
0.00
0.00
0.00
0.00
0.00
0.00
0.00
0.00
3.80
0.53
0.00
0.00
0.13
0.40
0.00
1.33
1.53
0.13
0.00
0.00
0.40
0.00
0.00
0.00
0.00
0.13
0.00
0.00
0.00
1.47
0.00
0.00
0.00
0.00
0.00
0.00
0.00
0.00
0.00
0.00
0.00
0.00
2.87
1.07
0.00
0.00
0.00
0.00
4.80
0.00
9.93
7.67
0.00
0.07
0.00
0.00
0.00
0.00
0.00
0.73
0.80
1.13
1.60
1.93
0.47
1.07
2.73
1.80
1.33
0.07
0.27
0.07
0.00
3.20
0.00
0.07
0.53
0.33
0.07
0.00
0.00
4.33
3.13
0.00
0.00
0.33
1.27
0.27
0.00
0.87
0.67
0.00
0.00
0.00
0.00
0.00
0.00
0.00
2.07
0.00
0.07
7.47
10.07
0.00
0.00
0.00
0.60
0.40
1.80
7.73
2.07
3.13
0.07
0.00
0.00
0.00
0.00
0.00
0.00
0.00
0.00
0.00
0.00
0.00
0.00
0.00
0.00
0.00
0.00
0.00
0.00
0.00
0.00
0.00
0.00
0.00
0.00
0.27
0.00
0.00
0.00
0.00
11.93
9.53
0.00
0.00
0.40
0.00
0.00
0.07
0.00
0.00
0.00
0.00
0.00
0.07
0.00
0.00
0.00
0.00
0.00
0.00
0.00
0.00
0.00
0.00
0.00
0.00
0.00
0.00
0.00
0.00
0.00
0.00
0.00
0.00
0.00
0.00
1.07
0.13
0.00
0.20
7.33
2.40
0.47
1.20
1.67
1.60
0.00
0.20
0.00
0.00
0.07
0.40
0.07
0.47
10.53
0.00
0.00
0.00
0.00
0.00
0.40
0.60
0.00
0.33
0.53
0.00
0.00
0.00
4.20
0.60
0.67
0.07
0.07
0.00
0.00
0.00
0.73
2.07
0.20
0.00
0.00
0.00
0.33
0.00
0.67
0.00
0.00
0.47
0.20
0.20
0.60
0.00
0.00
0.07
1.73
1.07
1.93
0.33
0.00
0.00
2.27
0.07
0.00
0.00
0.00
0.00
0.00
0.00
0.00
5.60
1.60
1.07
0.53
2.07
3.13
0.40
0.07
0.00
0.00
0.00
0.00
0.00
0.00
0.00
0.00
0.00
0.00
0.00
0.00
0.00
1.07
5.40
0.27
0.80
0.60
0.13
4.47
3.73
0.20
0.07
1.60
3.27
1.87
0.47
0.07
0.07
2.07
0.20
0.13
0.00
0.00
0.00
0.00
0.00
0.40
4.67
0.13
0.00
0.00
0.00
0.07
0.07
7.60
0.00
0.00
0.00
0.00
0.00
0.00
0.00
0.20
0.00
2.53
0.07
0.00
0.00
0.00
0.00
0.00
0.00
0.00
0.00
0.00
0.33
0.20
0.00
0.00
0.93
0.07
0.00
0.00
0.00
0.00
0.00
0.00
0.00
0.00
0.00
0.00
0.00
6.80
0.07
0.00
2.33
0.00
0.00
1.07
0.00
0.00
0.00
0.00
0.00
0.00
0.00
0.00
0.00
0.00
0.00
0.00
3.27
0.27
0.00
0.00
0.00
0.00
0.00
0.00
0.00
0.00
0.00
0.00
0.80
0.27
0.00
0.00
0.00
0.00
0.00
0.00
0.00
1.47
1.73
0.00
1.27
0.40
0.00
0.00
5.87
4.27
0.13
0.00
0.00
0.00
0.00
7.93
1.13
0.67
0.00
0.07
0.33
0.00
0.00
0.00
2.67
0.93
3.53
0.93
0.33
0.00
0.00
0.00
0.00
0.20
0.00
4.60
1.27
0.07
1.40
0.33
0.20
0.00
0.00
0.00
0.00
0.00
0.00
1.40
2.13
0.00
0.47
4.20
0.00
0.00
0.07
0.00
0.00
0.00
0.00
0.00
0.00
0.00
0.00
0.00
0.00
0.00
0.00
0.00
0.00
0.00
0.20
0.07
0.13
0.00
0.00
0.07
0.00
0.00
0.33
0.73
0.20
0.27
0.20
0.07
5.33
3.93
5.93
0.00
0.07
0.20
0.07
0.00
0.00
0.00
0.47
0.20
0.00
0.07
0.00
0.27
0.07
0.00
0.93
0.00
0.27
0.00
0.00
0.07
0.00
0.00
0.00
0.00
0.00
0.00
1.93
0.73
0.00
0.00
0.00
0.00
0.00
0.00
0.27
0.00
0.00
0.00
0.07
3.00
0.53
0.73
0.00
0.00
2.20
0.00
0.13
1.40
4.40
2.47
0.00
0.00
0.00
0.00
0.27
0.00
1.67
0.47
0.07
0.00
0.80
0.00
0.00
0.00
0.00
0.00
0.00
0.00
0.00
0.67
6.53
0.07
0.00
0.00
0.00
0.00
1.53
0.07
0.00
0.00
0.00
0.00
0.93
0.00
0.00
0.00
0.00
0.00
0.00
0.00
0.00
