20000101
0.00
0.00
0.20
0.20
0.20
0.20
0.00
0.20
6.00
0.00
0.00
0.00
0.20
3.20
27.20
0.60
0.00
0.20
0.00
0.00
0.00
0.60
0.20
0.00
0.00
13.60
1.80
0.20
0.40
0.00
0.20
0.20
0.80
0.00
0.00
0.00
0.00
0.20
0.00
0.00
0.00
0.00
0.60
0.00
0.40
0.00
5.60
0.60
0.00
0.00
0.00
0.00
0.00
0.20
0.00
0.00
0.40
0.20
0.00
0.00
0.40
0.00
0.00
0.00
0.00
0.00
0.00
0.20
0.00
0.00
0.00
0.00
0.00
0.00
0.00
0.00
0.00
0.00
0.00
0.00
0.00
0.00
1.20
0.20
0.20
1.80
14.60
1.80
7.80
0.20
9.00
0.40
0.00
3.20
0.20
5.40
0.60
0.20
0.00
5.00
1.60
19.80
0.00
0.00
0.00
0.00
3.60
1.60
2.60
0.00
0.20
0.00
0.20
4.80
0.20
0.00
0.00
2.20
7.40
0.00
0.20
0.00
0.00
0.00
0.20
0.60
0.00
0.40
0.00
9.80
0.80
0.00
0.20
0.00
0.00
0.00
0.20
2.60
0.00
0.00
0.00
0.00
2.00
0.00
0.00
0.00
0.40
4.00
0.00
0.00
0.00
0.00
0.00
0.20
0.00
0.00
4.80
3.00
0.00
0.00
0.00
33.60
6.40
0.60
7.80
7.20
0.20
0.00
0.00
0.00
0.00
0.20
0.20
0.00
0.00
0.40
0.00
0.00
0.00
0.20
0.00
0.00
0.00
0.00
0.00
0.00
0.00
0.20
0.00
0.00
0.00
66.60
7.20
5.60
0.00
0.20
0.20
0.00
0.00
0.00
0.40
0.20
0.00
0.00
1.60
0.20
0.00
0.00
0.00
0.40
0.00
0.00
0.20
0.00
0.00
0.80
0.00
0.00
0.00
0.00
0.00
0.00
0.00
0.20
0.60
0.00
0.00
0.00
0.00
0.00
0.00
0.20
0.20
1.00
0.00
0.20
0.20
0.00
0.20
0.00
0.00
0.00
2.60
0.00
0.00
0.00
4.40
2.00
0.00
0.00
0.20
0.00
0.00
0.20
0.00
0.20
0.00
0.00
0.20
0.00
0.20
6.60
11.20
4.80
0.20
0.00
0.20
0.20
0.00
0.00
0.40
3.20
2.00
1.00
0.00
0.00
0.00
0.00
0.00
0.00
0.00
0.00
0.00
3.60
2.80
4.00
10.40
1.80
14.00
1.00
0.20
0.00
0.20
0.00
0.20
1.20
0.20
0.00
0.00
0.00
0.20
0.20
0.20
0.00
3.80
0.20
0.20
2.60
0.20
0.20
0.00
0.00
0.00
0.00
0.00
0.00
0.00
0.20
10.20
0.20
0.00
0.00
0.00
0.00
0.40
0.40
0.00
3.80
0.00
0.00
0.80
1.00
0.20
0.00
0.20
0.00
0.20
1.20
0.20
0.20
0.00
0.00
0.00
0.00
0.20
0.00
0.20
0.20
0.20
0.40
0.00
0.20
0.20
0.40
0.00
0.00
22.00
19.00
6.40
0.00
0.00
0.00
0.20
0.00
0.00
0.00
0.00
0.60
0.00
0.00
0.00
0.20
7.60
0.00
0.40
0.00
0.00
0.00
17.20
2.00
7.80
19.40
0.20
0.00
1.20
0.00
0.00
0.20
0.00
0.20
0.00
0.20
0.00
13.00
5.00
0.00
0.00
0.00
0.00
0.00
0.20
0.00
0.00
0.00
0.40
0.20
0.20
0.00
0.20
0.20
4.00
0.00
0.20
0.00
0.00
0.00
0.20
0.00
0.00
0.00
1.60
0.40
0.00
0.00
0.00
0.00
0.60
0.00
0.00
0.20
0.00
0.20
6.80
0.00
2.00
0.00
5.20
1.20
0.20
0.00
0.60
0.00
0.20
0.00
0.00
0.00
0.00
0.00
0.20
0.00
1.20
0.20
1.00
10.20
0.00
0.00
0.00
0.20
0.00
0.00
0.00
0.00
5.20
0.00
0.00
0.00
0.00
0.00
0.00
0.00
0.00
0.00
0.20
0.20
6.60
0.60
0.00
0.00
0.00
0.00
0.00
0.00
0.00
0.00
0.00
0.60
0.60
10.60
3.40
0.00
0.20
0.00
0.00
0.00
0.00
0.00
0.00
0.00
0.00
0.20
0.00
0.00
1.00
0.60
0.00
0.00
0.40
0.00
0.00
0.00
0.00
0.00
0.00
0.00
0.00
0.00
0.00
0.00
0.00
0.00
0.00
0.00
0.00
0.00
0.00
0.00
3.40
0.00
0.00
0.00
0.00
0.00
0.00
0.20
0.00
0.00
0.00
0.00
0.00
0.00
0.00
0.00
0.00
0.20
0.00
0.00
0.00
0.00
0.00
0.20
0.00
0.00
0.20
0.00
0.00
0.00
0.20
0.00
0.00
0.00
0.00
24.20
0.00
0.00
0.00
11.80
0.00
0.00
0.00
0.00
0.00
0.00
0.00
0.00
0.00
0.20
0.00
0.00
0.00
0.00
0.00
0.00
0.00
0.00
0.00
0.00
0.00
0.00
0.00
0.00
0.00
0.00
0.00
0.00
0.00
0.20
0.00
0.00
0.00
0.00
0.20
0.00
0.20
0.00
0.00
0.00
0.00
1.20
5.80
0.00
0.00
4.20
0.20
0.00
0.00
0.00
0.00
1.60
0.40
0.00
0.00
0.00
0.00
0.00
0.00
0.00
6.80
0.20
0.00
0.20
28.80
0.00
2.20
1.40
0.00
0.00
2.80
1.20
0.20
0.20
0.20
0.00
0.40
0.00
0.00
0.00
0.00
7.80
0.00
0.00
0.20
0.20
0.00
0.20
0.00
0.20
7.40
0.20
1.00
0.20
0.00
2.00
0.20
0.20
0.20
0.00
0.00
0.20
0.00
0.20
0.20
0.00
0.00
0.20
0.20
0.20
0.00
1.00
1.00
0.00
2.40
0.00
0.00
0.20
23.20
2.00
0.00
0.00
0.00
0.00
0.20
0.20
0.00
0.00
0.00
0.00
0.00
0.00
0.00
0.00
0.00
0.00
0.20
0.00
0.20
0.00
0.00
0.00
0.00
0.20
0.00
0.00
0.20
1.20
1.80
0.00
0.00
0.00
0.20
0.00
0.20
0.00
0.00
0.00
0.00
0.00
0.00
0.00
0.00
0.00
0.00
0.20
0.80
0.40
0.00
-99.00
0.00
4.00
0.00
0.00
0.00
0.40
0.20
1.00
0.00
0.20
0.00
0.00
0.20
0.20
0.00
0.00
0.00
0.20
0.60
0.00
0.00
0.00
0.00
0.20
0.00
0.00
0.20
0.00
0.20
0.00
4.20
3.00
0.00
0.00
0.00
0.00
0.20
0.20
0.00
16.80
0.40
11.00
5.60
0.20
0.00
0.00
0.00
0.00
0.00
0.00
0.20
0.00
0.00
0.00
0.20
4.40
0.00
1.80
5.00
0.20
0.00
0.00
0.00
0.00
0.20
0.00
1.00
1.40
0.00
0.00
0.00
0.00
0.00
0.00
0.00
0.00
0.00
0.00
0.00
0.00
0.00
0.40
10.40
0.60
0.00
0.20
13.40
98.20
1.80
0.00
0.40
14.00
1.60
16.60
16.00
25.60
6.20
0.40
1.00
0.20
0.00
0.00
0.20
0.00
0.00
0.00
0.00
0.00
0.00
0.00
0.00
0.00
0.00
0.00
0.00
0.00
3.40
1.20
1.80
0.00
1.80
54.40
45.60
8.20
4.20
1.00
0.20
0.20
0.00
0.00
0.00
0.20
1.20
0.00
0.00
0.00
0.00
8.80
0.00
0.00
2.40
3.40
0.20
0.20
0.00
0.00
0.00
0.00
0.00
1.60
19.60
2.20
0.00
14.80
0.00
0.00
0.00
0.20
0.00
0.00
0.00
0.00
0.00
0.00
0.00
0.00
0.00
0.00
0.00
0.00
0.00
0.00
0.00
0.00
9.40
0.80
0.00
0.20
0.00
0.00
0.00
0.00
0.00
0.00
0.00
0.00
0.00
10.40
0.60
0.20
0.00
0.20
0.00
0.00
0.00
0.00
0.00
0.00
0.00
0.00
0.00
0.00
0.00
0.00
0.00
0.20
1.80
17.40
0.20
0.00
0.00
0.00
0.20
0.00
12.60
12.40
3.60
0.00
0.00
0.00
0.00
0.20
0.00
0.00
0.00
1.60
0.00
0.00
0.20
0.00
2.00
1.60
5.40
2.00
0.20
0.00
0.00
0.00
1.80
1.80
7.20
0.20
0.00
0.00
0.00
0.00
17.00
0.00
0.00
4.00
0.20
0.20
0.20
0.20
0.00
0.20
0.20
0.00
3.40
0.00
0.00
0.00
0.00
0.00
0.00
0.00
0.00
0.20
0.00
0.20
0.00
0.20
0.00
0.00
0.00
1.40
42.00
13.20
1.60
0.00
0.00
0.20
0.20
0.00
3.20
0.20
0.00
0.20
0.20
0.00
11.60
0.00
0.20
0.00
0.20
0.00
0.20
0.00
1.40
0.20
0.20
0.00
0.60
0.00
5.20
3.00
0.00
0.00
0.00
0.00
0.00
0.00
24.40
1.20
0.00
0.20
0.20
0.00
8.60
0.20
0.00
0.60
21.80
3.00
0.00
0.20
0.00
2.00
0.20
0.60
0.20
0.00
0.00
0.60
0.00
0.00
0.00
0.60
51.00
1.00
0.20
0.20
0.20
0.00
0.20
0.00
0.00
0.20
0.00
0.00
0.40
0.20
0.20
0.20
0.00
0.20
0.00
0.00
5.80
0.80
0.20
0.00
0.00
0.00
0.80
117.20
0.00
3.40
0.80
0.20
0.20
0.00
0.00
0.00
0.00
0.20
0.20
0.20
6.20
0.20
0.00
0.00
0.00
0.00
0.00
0.00
0.00
0.00
0.00
0.00
0.00
0.00
0.00
0.00
1.00
0.00
0.00
0.00
0.20
0.20
1.60
0.00
0.00
0.00
0.00
0.00
0.00
0.00
0.00
14.20
14.80
7.80
7.00
9.80
0.00
1.20
25.60
9.40
0.00
0.20
0.00
1.00
0.20
0.20
1.00
0.00
0.20
0.20
0.20
0.20
0.20
0.00
0.00
0.20
0.00
0.00
0.20
0.20
0.00
0.00
0.00
0.20
0.00
0.20
0.20
0.00
9.20
0.00
37.00
0.60
0.00
3.00
1.60
0.00
0.00
0.00
0.00
4.20
19.60
13.60
0.00
0.00
0.00
0.00
0.00
0.00
0.00
0.00
0.00
0.00
0.00
0.00
0.20
0.00
0.00
0.60
0.00
0.00
0.00
0.00
0.00
0.20
0.00
0.00
0.20
0.40
0.60
0.00
0.00
0.00
0.00
0.00
0.00
0.00
0.00
0.60
5.20
0.00
6.60
0.00
0.00
0.00
0.20
0.20
5.20
11.20
0.00
0.00
0.00
0.00
0.00
0.00
0.00
0.00
0.00
6.00
0.00
0.00
0.00
0.00
0.00
0.00
0.00
0.00
0.00
0.60
0.00
0.00
0.00
0.00
0.00
0.00
0.00
0.00
0.20
0.00
0.00
0.20
0.00
0.00
0.00
0.00
8.20
1.40
0.00
0.00
0.20
0.00
0.00
0.00
0.00
0.00
0.00
0.00
0.00
0.00
0.20
0.00
0.00
0.00
0.00
0.00
0.00
0.00
0.00
0.00
0.00
0.20
0.00
0.00
0.80
0.00
0.00
0.00
0.00
0.00
0.00
0.00
0.00
0.00
0.00
0.00
0.00
0.00
0.00
0.00
0.00
0.00
17.60
0.40
0.00
1.20
0.20
0.40
0.00
0.40
0.00
0.00
0.00
0.00
0.00
0.00
13.00
3.40
1.20
0.00
7.60
18.40
0.00
13.20
1.40
0.20
0.00
0.00
0.00
0.00
0.00
0.00
0.00
0.20
0.00
0.20
0.20
0.00
10.00
1.20
0.00
0.00
0.20
7.00
14.60
0.60
8.60
0.40
0.00
0.00
25.20
0.80
0.00
0.00
0.20
0.00
0.00
0.00
0.00
0.60
0.00
1.00
45.20
39.00
22.40
6.00
0.00
0.00
1.60
0.00
0.00
0.00
14.60
0.40
2.20
0.00
0.00
9.00
0.00
0.00
0.20
0.20
0.40
0.20
0.40
0.00
0.40
0.20
0.00
0.20
0.00
0.20
2.60
1.40
0.20
0.00
0.00
0.20
1.20
2.60
13.00
1.00
0.00
0.00
3.60
0.00
0.00
0.20
14.20
24.60
49.40
68.20
14.60
0.20
6.40
2.60
1.20
2.80
0.20
0.00
0.00
0.20
0.00
0.00
0.00
5.00
3.60
0.20
0.40
0.60
0.00
0.00
0.00
0.20
0.00
3.00
0.00
0.00
0.00
0.00
0.40
0.00
0.00
0.00
0.20
0.20
0.00
0.00
0.40
0.00
0.20
0.00
0.00
0.00
0.00
2.80
0.20
0.00
0.80
0.00
0.00
9.20
8.00
0.00
0.60
11.20
0.00
0.00
0.00
0.00
0.00
0.00
0.00
0.00
0.00
0.40
0.00
0.00
0.00
0.00
0.20
0.20
0.00
0.00
0.00
3.60
0.00
0.60
0.00
30.40
8.60
0.00
1.20
0.00
1.60
15.00
0.40
0.40
0.00
0.00
0.00
0.00
0.00
0.00
0.00
0.20
0.00
0.00
0.00
0.00
0.00
2.60
0.00
0.00
0.20
0.00
0.00
0.00
0.00
0.00
0.80
0.20
0.00
0.00
0.00
0.40
0.20
24.80
18.20
1.20
0.20
0.80
0.00
0.00
0.00
0.00
1.00
1.60
0.20
0.00
0.00
0.00
0.00
7.20
0.00
79.40
10.60
5.20
1.60
0.00
0.00
0.60
0.00
0.00
0.00
0.00
0.00
12.60
34.60
4.20
0.00
0.20
25.60
5.20
29.40
0.80
21.00
1.20
0.00
1.20
13.40
5.00
0.20
0.00
0.00
0.00
0.00
0.00
0.00
0.00
0.20
1.40
0.00
0.20
0.20
0.00
0.00
0.00
0.00
1.20
0.20
0.20
0.00
0.00
0.00
0.00
0.00
0.00
0.20
0.00
0.00
0.00
0.40
0.00
4.80
0.80
1.40
0.00
0.00
8.60
7.80
0.00
0.00
0.00
0.00
0.00
0.00
0.00
0.00
0.00
0.00
0.00
0.00
0.00
0.00
0.20
0.20
0.20
0.00
0.00
4.40
4.80
0.00
0.00
0.00
0.00
0.00
0.00
0.00
0.00
0.20
0.00
0.00
0.00
0.00
0.00
0.00
0.00
0.00
0.00
0.00
0.00
0.00
0.00
0.00
0.80
0.00
0.00
0.00
0.00
0.20
0.00
0.20
0.00
0.00
0.00
0.00
0.20
0.20
0.20
0.00
0.00
0.00
0.00
0.00
0.00
0.00
0.00
0.00
0.00
1.20
0.20
0.00
0.00
9.60
15.60
0.20
0.00
0.20
0.00
0.20
0.00
0.00
1.00
0.00
0.00
10.00
1.80
0.20
0.00
0.20
0.20
0.00
0.00
0.00
0.00
0.00
0.00
0.00
0.00
0.00
0.20
0.20
0.00
0.00
0.20
0.40
0.00
0.20
0.00
0.00
0.20
0.00
0.00
0.20
0.00
1.60
0.00
0.40
0.00
0.20
0.00
0.00
0.00
0.00
0.20
0.20
0.80
31.80
0.80
0.80
0.00
18.20
27.60
5.00
0.20
0.00
0.00
0.00
0.00
0.00
0.00
0.60
0.00
0.00
0.00
0.00
0.00
0.00
0.00
0.00
0.20
0.20
0.00
0.20
0.20
0.20
0.20
0.20
0.00
0.40
0.20
17.00
0.20
8.00
0.00
0.60
39.60
1.00
0.00
31.40
22.20
2.40
0.20
0.20
2.00
0.20
0.00
2.40
0.20
0.00
0.00
0.00
0.20
0.00
0.00
0.20
0.20
6.00
0.00
0.00
0.20
0.20
0.00
0.00
0.00
0.00
0.00
0.20
0.00
0.20
0.20
0.20
0.20
0.20
0.20
0.20
0.20
0.20
0.20
0.20
0.20
0.60
0.00
0.00
0.20
0.20
2.40
1.60
0.00
0.00
0.00
0.00
0.00
0.00
0.00
0.60
0.00
0.00
0.00
1.40
18.60
22.40
52.80
0.20
0.20
0.40
0.20
6.20
1.60
0.00
0.00
0.00
0.00
0.80
0.00
0.00
0.00
0.00
0.00
0.00
0.00
0.00
0.00
0.00
0.00
3.20
0.00
0.20
0.40
0.00
0.00
0.00
0.00
0.00
0.20
0.00
0.60
0.00
0.20
0.20
0.40
0.20
0.20
0.20
0.00
0.00
3.00
0.20
0.00
8.00
0.20
4.40
3.40
0.00
0.00
0.00
2.20
0.20
0.00
0.00
0.00
2.80
0.20
0.00
0.00
0.00
0.00
0.00
2.20
2.60
0.00
1.40
0.20
0.60
0.00
0.00
0.20
0.00
0.00
0.20
0.00
0.00
0.00
0.00
0.00
0.80
0.00
4.20
1.00
0.00
0.00
0.00
0.60
1.00
0.20
0.00
0.20
1.00
0.00
3.00
56.80
0.00
0.00
0.00
0.00
0.40
0.00
0.00
0.00
0.20
0.00
0.20
0.00
0.00
0.00
0.00
0.00
0.00
0.00
0.00
0.00
0.00
0.00
0.00
0.00
3.20
0.20
1.40
22.80
0.20
0.00
0.00
0.00
0.00
0.00
0.00
0.00
0.00
0.00
0.00
0.00
0.20
0.00
0.00
0.00
0.00
0.00
0.00
0.00
0.00
0.00
0.00
1.20
13.20
0.00
0.00
0.00
0.00
0.00
0.00
0.00
0.20
0.00
0.00
0.00
0.00
0.20
0.00
0.00
0.20
0.00
0.00
0.20
0.00
0.00
0.00
2.00
0.20
0.00
0.00
0.00
0.00
0.00
0.40
1.20
2.40
3.80
0.00
0.00
0.00
0.00
0.00
0.00
1.40
1.20
30.80
0.20
0.00
0.00
0.00
0.00
0.20
2.00
0.00
0.20
0.20
0.00
0.20
0.00
0.20
0.00
34.00
14.80
9.80
20.20
0.00
8.20
0.20
0.80
0.00
0.20
0.20
0.20
5.80
0.00
0.00
0.20
0.20
0.20
0.00
0.20
35.40
0.20
0.20
0.00
0.00
0.00
0.00
1.20
0.00
0.00
4.40
0.00
0.20
0.00
0.20
0.40
15.80
10.20
150.60
23.60
20.80
3.60
0.20
26.60
0.20
0.20
0.00
0.20
1.20
0.00
0.20
0.20
0.20
0.20
0.20
0.00
0.20
0.20
0.00
0.00
2.40
0.00
0.00
0.20
0.20
19.00
2.80
0.00
6.60
35.60
24.40
0.00
0.20
0.00
0.00
0.00
0.00
0.00
0.20
0.00
0.00
4.20
1.00
0.00
0.00
0.20
0.00
0.00
0.20
0.20
0.00
0.00
0.00
0.00
0.00
0.00
0.00
0.00
0.00
0.00
0.00
0.00
0.00
0.00
0.00
0.00
0.00
0.20
0.20
0.00
0.20
0.20
0.20
0.00
0.00
0.00
0.00
0.00
2.20
0.00
0.00
0.00
5.20
29.60
18.80
0.60
2.20
0.00
0.40
0.20
1.20
3.60
2.20
5.40
0.00
0.00
0.00
0.00
0.00
0.20
0.00
0.00
0.00
0.60
12.20
36.40
30.60
17.20
0.60
0.20
0.00
0.00
0.00
0.00
0.20
0.00
0.20
0.00
0.00
0.00
0.00
0.00
0.00
0.20
5.60
0.00
0.00
0.20
0.00
0.00
0.00
0.00
0.00
0.20
7.00
0.20
0.00
0.20
0.00
0.00
0.00
1.80
0.00
1.40
0.00
2.80
1.20
2.00
0.00
0.00
0.00
0.00
0.00
0.00
0.20
1.00
0.00
0.00
7.80
0.00
0.00
0.00
0.00
0.00
0.00
0.00
0.00
0.20
0.00
0.00
0.00
0.00
4.20
0.00
0.00
0.00
0.20
0.00
0.00
0.00
0.00
0.00
0.00
0.00
0.00
0.00
0.00
0.00
0.00
0.00
0.00
0.00
0.00
0.00
0.00
0.00
0.00
0.00
0.00
0.00
0.00
0.00
0.00
0.00
0.00
16.20
0.00
0.00
0.00
0.00
0.80
0.00
0.00
0.00
0.00
0.00
0.00
0.00
0.00
0.00
0.00
0.00
0.00
0.00
0.00
0.00
0.00
0.00
0.40
0.00
0.00
0.00
0.00
0.00
0.00
0.00
0.00
0.00
0.20
0.00
0.00
0.00
0.20
0.00
0.00
0.00
0.00
0.40
0.00
0.00
0.00
0.20
0.00
0.00
0.00
0.00
0.00
0.00
0.00
0.00
0.00
0.20
0.00
0.00
0.60
0.00
0.00
0.00
0.00
0.00
0.00
0.00
0.00
0.00
0.00
0.00
0.20
0.00
0.20
0.00
0.00
0.00
0.00
0.00
0.00
0.20
0.00
0.00
0.00
0.00
0.00
0.00
0.80
0.00
0.00
0.00
0.00
1.80
0.00
0.00
0.00
10.20
7.80
0.00
10.20
0.20
0.00
0.00
0.00
0.20
0.00
0.00
1.20
13.80
0.80
0.00
0.00
0.20
0.00
0.20
0.00
0.00
0.00
0.00
0.20
0.00
0.00
0.20
0.00
0.00
0.20
0.00
7.20
30.60
58.60
0.00
1.40
0.00
0.60
0.00
0.20
0.20
0.60
10.00
25.80
0.20
0.00
0.00
0.00
0.20
0.20
0.00
0.20
0.00
0.00
0.20
0.20
0.00
0.00
0.00
0.00
29.60
27.40
0.20
0.20
0.00
0.20
1.00
54.40
0.00
0.00
0.20
0.20
0.00
0.00
0.00
0.00
0.20
0.00
0.00
0.00
0.00
0.00
0.00
0.00
0.00
0.00
0.20
0.00
0.20
0.00
0.20
0.40
0.00
0.00
0.20
0.20
0.20
1.00
0.00
0.00
0.00
0.20
0.00
0.00
0.00
0.00
0.20
0.00
0.00
0.00
0.00
0.20
0.00
0.00
0.00
0.00
12.20
0.00
4.20
0.00
0.20
0.00
0.40
0.00
0.00
25.40
0.00
0.40
0.20
0.00
0.00
0.00
0.40
0.00
0.00
0.00
0.00
0.20
0.20
0.20
0.20
0.00
0.20
0.00
0.20
0.00
0.00
0.20
0.00
0.20
0.00
0.00
0.20
0.00
0.20
0.20
0.00
0.20
0.20
0.20
0.00
0.00
0.20
0.80
0.00
0.20
0.80
0.00
0.00
0.00
0.00
0.20
3.20
0.00
0.20
0.00
0.20
0.00
0.80
0.00
4.40
0.20
0.60
0.00
9.00
0.20
0.40
0.00
0.20
27.00
19.60
2.20
0.00
0.20
0.00
0.20
0.00
8.20
0.20
0.00
0.00
0.00
0.00
0.00
0.20
0.00
0.20
2.60
1.20
0.00
0.20
0.00
0.00
0.00
0.00
0.00
0.00
0.00
0.00
8.80
0.00
0.20
0.00
0.00
0.20
0.00
1.20
0.00
3.80
0.20
0.80
0.40
0.00
0.40
41.00
1.20
1.80
0.20
0.00
0.00
1.00
2.80
3.60
13.60
24.00
3.00
0.20
0.00
0.00
0.00
0.00
0.20
0.20
0.20
0.20
0.00
0.00
0.20
0.00
0.00
0.20
0.20
9.40
0.00
7.80
0.80
0.00
0.00
0.00
0.00
0.00
0.20
0.00
0.00
0.20
9.60
0.20
0.00
0.00
0.00
0.20
0.20
0.00
0.00
0.00
0.00
1.40
12.20
10.80
0.80
0.00
0.00
0.00
1.80
0.00
0.00
0.00
0.00
0.00
0.00
0.00
0.00
0.00
0.00
0.00
0.00
0.20
0.00
0.00
0.00
0.00
0.20
0.00
0.00
0.00
0.00
0.00
0.00
0.20
0.00
0.00
0.00
0.00
0.60
0.20
0.00
0.00
0.00
0.00
0.00
0.00
0.00
0.20
0.00
0.00
0.00
0.00
0.20
0.00
0.20
0.00
0.00
0.20
0.00
0.00
0.00
0.00
0.00
0.00
0.00
0.00
0.00
0.20
0.00
0.00
0.00
0.00
0.00
0.00
2.40
0.20
12.00
0.00
0.00
0.00
0.20
2.20
0.20
0.00
0.00
0.00
0.00
6.80
0.00
6.40
1.00
0.00
0.00
0.20
0.00
0.00
0.20
0.00
0.00
0.00
0.00
0.20
0.00
1.40
0.00
0.00
0.00
0.00
0.00
0.20
0.00
0.20
0.00
0.20
0.20
0.00
0.20
0.40
0.00
0.00
0.00
1.60
0.20
0.20
0.80
0.00
0.40
0.00
0.00
0.00
0.40
0.20
1.00
4.40
32.80
0.20
0.00
1.00
0.20
42.00
0.20
0.00
0.20
0.20
0.20
0.20
0.20
0.20
0.00
0.00
0.00
0.00
0.00
0.20
0.20
5.40
0.00
0.00
0.20
0.00
0.00
0.00
0.00
0.20
0.20
0.00
0.20
0.00
0.00
0.00
0.00
0.00
0.00
0.00
0.20
0.00
0.00
0.00
0.00
0.00
0.00
0.00
13.00
1.60
0.00
0.00
0.40
0.00
0.00
0.00
0.00
0.20
0.00
0.00
0.00
0.20
0.20
0.20
0.40
0.00
0.20
0.00
0.00
0.00
0.00
9.20
3.40
0.20
2.60
0.20
0.20
7.20
23.60
13.60
0.00
0.20
0.00
0.20
0.00
0.60
0.00
0.00
0.00
0.40
12.20
23.80
3.40
0.00
0.00
0.00
0.00
0.00
3.20
1.20
0.00
0.00
0.00
0.00
0.00
0.00
0.00
0.00
0.00
0.00
0.00
0.20
0.00
0.00
0.00
0.00
0.00
0.00
0.00
0.00
0.00
3.20
3.20
0.00
0.20
0.00
0.00
0.20
0.20
0.00
0.20
0.20
0.20
0.20
0.20
0.20
2.60
8.00
1.00
0.20
0.20
0.00
0.20
1.40
0.00
0.20
0.20
0.00
0.00
0.20
0.20
6.60
0.40
0.20
0.00
0.00
28.40
0.00
0.00
0.00
0.00
0.00
0.00
0.00
0.00
0.00
0.40
0.20
0.00
23.40
0.00
0.20
0.00
8.40
0.00
0.00
0.00
11.20
2.20
0.00
0.00
0.00
0.00
0.00
0.00
0.00
0.00
0.00
0.00
2.40
0.00
0.60
7.00
0.00
0.00
8.00
3.40
0.00
0.20
5.00
0.00
1.20
0.00
0.00
0.20
0.00
5.20
0.00
4.40
0.00
0.00
0.20
0.00
0.00
0.00
0.00
0.00
19.80
14.20
0.40
34.80
0.00
0.00
0.00
0.40
0.00
2.00
0.00
0.00
0.00
0.80
0.00
0.00
17.60
6.60
7.20
0.20
0.20
0.00
0.00
16.40
0.00
1.60
0.00
1.20
1.20
0.00
0.00
0.00
1.20
0.00
0.00
27.20
0.00
21.00
0.00
2.60
0.00
0.00
0.20
0.00
0.00
1.20
0.00
0.00
0.00
1.80
0.00
0.00
0.00
0.00
0.00
0.00
0.00
0.00
0.00
0.00
0.00
0.00
0.00
0.00
0.20
0.00
19.20
0.00
0.00
0.00
0.00
0.00
1.20
0.00
0.00
0.00
0.00
0.00
7.60
0.00
0.00
0.00
0.00
0.00
0.00
0.00
0.00
0.00
0.00
0.20
0.00
0.00
0.00
0.00
0.00
0.00
0.00
2.40
1.80
0.00
0.00
0.00
0.00
0.00
0.00
16.40
0.00
0.00
0.00
0.00
0.00
0.00
0.00
0.00
0.00
0.00
0.20
0.00
0.00
0.00
0.00
0.00
0.20
0.00
0.00
0.60
0.40
0.20
0.00
0.00
0.00
0.00
1.60
0.00
0.00
0.00
0.00
0.00
0.00
0.00
0.00
0.00
0.00
0.00
0.00
0.00
0.00
0.00
0.00
0.00
0.00
0.40
5.60
0.80
0.00
0.00
0.00
0.00
0.00
0.00
0.00
0.00
0.00
0.00
0.00
0.00
3.80
0.00
0.00
0.00
0.00
0.00
12.20
0.20
0.00
3.60
24.20
15.80
0.00
2.60
0.20
3.60
0.00
0.40
0.00
0.20
0.00
6.60
0.20
0.00
0.00
0.00
0.40
0.00
0.00
0.00
0.00
0.20
0.00
2.60
0.00
0.00
5.60
0.60
0.60
0.00
0.00
0.00
0.00
5.40
0.00
0.00
0.00
0.00
40.80
0.00
0.00
0.00
3.40
5.40
0.60
2.80
0.20
0.00
0.00
0.00
0.00
0.20
0.20
0.20
0.20
27.80
2.40
2.00
2.20
2.00
0.20
0.00
0.00
0.00
0.00
0.20
0.60
0.00
0.00
10.60
7.60
0.00
0.20
0.20
0.00
0.00
0.00
0.20
0.20
0.40
0.60
0.20
0.80
1.60
0.20
0.80
0.20
0.00
0.20
0.20
0.40
12.20
23.00
2.00
40.80
0.00
1.60
0.00
0.40
0.00
0.00
2.00
0.00
0.00
0.00
0.00
0.00
0.00
0.00
0.00
0.00
0.00
0.00
0.00
0.00
0.00
0.00
0.00
0.00
0.80
4.00
6.20
0.00
0.20
0.20
0.80
0.00
0.00
0.00
0.00
0.00
0.00
0.00
0.00
0.00
0.00
0.00
0.00
0.20
0.00
0.00
0.00
0.00
0.00
0.00
0.00
0.00
7.40
3.00
0.00
10.40
2.60
4.00
2.00
0.00
0.00
0.00
10.40
1.00
0.00
0.20
6.40
5.60
0.00
0.00
0.40
3.80
7.80
0.20
1.00
7.80
0.40
0.00
0.00
0.00
0.00
6.00
1.40
6.60
0.80
3.80
2.40
0.00
0.00
0.00
0.00
0.00
0.00
0.00
0.00
0.00
0.00
0.00
0.00
21.20
0.00
0.00
0.00
0.00
0.00
0.00
0.00
0.00
0.20
0.00
0.00
0.00
0.00
0.00
0.00
0.00
0.40
0.20
0.00
0.00
0.00
20.30
0.00
0.00
0.00
0.00
0.00
0.00
0.00
0.00
0.00
0.20
0.00
0.00
0.00
1.10
0.00
0.00
0.00
0.00
0.00
0.00
0.20
0.00
0.00
0.00
0.10
0.00
0.00
0.00
0.10
0.20
0.30
1.50
0.00
0.00
0.20
0.00
0.00
0.00
0.00
0.00
0.00
0.00
0.00
0.00
0.00
0.00
0.00
0.00
0.00
0.00
0.00
0.00
0.00
0.00
0.00
0.00
0.00
0.00
1.60
0.00
0.00
0.00
0.40
0.00
0.00
0.00
0.00
0.00
0.00
0.00
0.00
0.00
0.00
0.00
0.00
0.00
0.00
0.00
0.00
0.00
0.00
0.00
0.00
0.00
0.00
0.00
0.00
0.00
0.00
0.00
10.40
0.00
0.00
0.00
0.00
0.00
0.00
0.00
0.00
0.00
20.20
0.10
0.00
7.00
1.40
0.20
0.20
0.00
0.00
0.00
0.00
0.00
0.00
0.00
0.00
0.00
0.00
2.30
0.00
0.00
0.00
0.00
0.00
0.00
0.20
0.10
0.10
0.00
0.00
0.00
0.00
0.00
0.00
0.00
0.00
0.00
2.20
9.30
30.90
0.00
0.00
0.00
0.00
0.00
0.00
0.00
0.00
0.00
0.00
3.50
0.00
17.80
2.80
0.00
3.90
0.10
0.00
0.00
0.00
0.00
0.00
0.00
0.00
0.20
0.20
0.10
0.00
0.00
0.00
0.00
0.00
0.00
0.10
0.00
0.50
0.10
4.30
1.70
0.10
0.00
0.00
0.00
0.00
0.00
0.00
0.00
0.10
0.10
0.00
0.10
0.00
0.00
0.00
0.00
0.00
1.20
0.00
0.00
0.00
13.60
0.40
0.60
0.40
2.40
0.00
0.00
0.00
0.00
0.00
7.90
0.00
0.00
4.30
15.80
0.00
32.70
0.30
0.00
0.00
0.00
5.30
0.00
3.50
0.00
0.00
0.30
0.00
0.10
1.90
0.10
0.10
0.00
1.10
0.00
0.00
0.00
0.00
0.00
0.00
0.30
0.20
0.00
0.10
13.40
1.70
0.20
0.00
39.80
23.30
0.00
0.00
0.00
0.00
0.00
7.00
38.40
0.00
12.00
12.30
0.00
0.00
0.00
0.00
0.00
0.00
0.00
0.00
0.00
0.00
1.70
30.50
0.80
3.30
0.00
1.70
100.30
0.00
0.00
0.00
0.00
0.00
0.00
0.00
0.00
0.00
0.00
0.00
0.00
1.90
4.90
0.10
0.00
0.00
0.00
0.00
0.00
0.00
0.00
0.10
3.90
0.10
0.00
9.10
0.20
0.00
0.20
0.00
0.00
0.00
0.00
10.70
0.00
0.00
0.20
0.00
0.00
0.10
0.00
0.00
0.00
0.20
1.10
0.00
0.00
0.00
0.00
0.00
0.00
0.10
1.20
11.80
40.50
40.00
16.70
3.60
0.00
0.00
0.00
0.00
0.00
6.20
6.30
0.80
0.00
0.00
0.00
0.00
0.00
0.00
0.00
0.00
0.00
0.00
0.00
0.00
0.00
0.20
0.00
0.00
0.00
0.00
0.00
0.00
0.00
0.00
0.30
0.00
0.00
0.00
0.30
2.50
0.00
0.00
0.90
0.10
0.00
0.00
3.10
8.90
0.00
0.00
0.00
0.00
0.00
0.00
0.00
0.00
0.00
0.00
0.00
0.00
0.00
0.00
0.90
0.00
0.00
0.00
0.00
0.00
0.00
0.00
0.00
0.00
0.00
0.00
0.00
0.00
0.00
0.00
0.00
0.00
0.00
0.00
0.00
0.00
0.00
0.00
0.00
2.60
0.00
0.00
0.00
12.10
0.00
0.00
0.00
0.00
0.00
0.00
0.70
0.00
0.00
8.50
0.10
0.40
0.00
0.00
0.00
0.00
5.80
0.10
0.00
0.00
0.00
0.00
0.00
0.00
0.00
0.00
0.00
0.00
0.00
0.00
0.00
0.00
0.00
0.00
0.00
10.60
7.80
0.10
0.00
0.00
0.00
0.00
0.00
0.00
2.10
61.20
1.20
0.00
0.00
25.80
0.10
0.00
23.90
0.10
0.00
0.00
0.00
0.00
0.00
0.00
0.00
0.00
0.00
0.00
0.00
0.00
0.60
0.60
34.30
20.80
37.40
17.00
0.00
0.00
0.00
0.00
0.00
0.00
0.00
0.00
0.00
0.00
0.00
0.00
0.00
0.00
0.00
0.00
0.00
5.20
0.00
0.00
0.00
0.00
0.10
0.10
4.50
0.00
0.00
1.40
0.00
0.00
0.00
0.10
8.90
0.10
0.00
0.00
0.10
0.10
1.20
0.10
0.00
0.00
0.00
0.00
0.20
0.00
4.40
13.70
0.00
0.00
0.00
0.00
0.00
0.00
0.00
0.00
0.10
0.00
0.00
0.00
0.00
0.00
0.20
0.00
0.70
0.90
0.90
0.00
0.90
6.60
2.40
2.30
0.00
0.00
0.00
0.00
0.00
0.00
0.00
0.00
0.00
0.00
0.00
0.00
0.00
0.00
0.00
0.10
0.00
0.00
0.10
0.00
0.10
0.10
0.10
0.00
0.10
0.00
0.00
0.00
0.00
0.00
0.00
0.00
0.00
3.20
7.10
33.50
3.80
0.80
0.00
0.00
0.00
0.00
0.10
0.10
0.00
0.20
0.10
0.10
0.00
0.00
0.10
0.30
0.00
0.00
5.10
0.00
0.00
0.80
0.30
0.10
0.00
0.00
0.00
0.00
0.00
0.00
0.00
0.50
1.10
12.40
1.50
0.20
0.00
0.00
0.00
0.00
0.00
54.70
3.30
6.50
19.80
6.10
1.10
0.00
0.00
0.00
0.00
0.30
0.00
0.00
0.10
0.00
0.60
1.00
0.60
0.10
0.40
0.00
0.00
0.00
0.00
0.00
0.00
0.10
0.00
0.00
0.00
0.00
0.00
0.00
0.00
0.00
0.00
0.00
0.00
0.00
0.00
0.00
15.00
14.30
0.00
0.00
0.00
0.00
7.00
0.10
0.00
0.00
3.10
0.70
0.00
0.00
0.00
0.00
0.00
0.00
0.00
0.00
0.10
0.00
16.90
0.00
0.00
0.00
0.00
0.00
0.00
0.00
0.00
0.00
0.00
0.00
0.00
0.00
0.00
0.00
0.20
0.70
0.00
0.20
0.00
11.50
0.30
0.00
15.30
0.30
0.00
3.10
0.00
0.00
6.90
0.00
0.00
0.00
0.00
0.00
0.00
0.00
0.00
0.00
0.00
0.00
0.00
0.00
0.00
0.00
0.00
0.00
0.00
0.00
0.00
0.60
0.00
0.00
0.00
0.00
0.00
0.00
0.00
2.70
0.00
0.00
0.00
0.00
0.40
0.00
11.20
0.00
0.00
0.00
0.00
0.00
0.20
83.70
0.20
0.00
0.00
0.00
0.00
0.00
0.00
0.00
0.00
0.00
0.00
0.00
0.00
0.00
0.00
0.00
0.00
0.00
5.10
0.10
0.00
0.00
0.00
0.00
0.00
0.00
0.00
0.00
0.00
0.00
2.60
0.00
0.00
0.00
0.00
0.00
0.00
0.00
0.90
1.20
0.60
0.00
0.00
0.00
0.00
0.00
0.10
0.00
0.00
0.00
0.00
0.00
0.00
36.40
0.30
0.00
0.00
0.10
0.00
0.80
0.00
0.00
0.00
0.00
0.10
0.10
0.20
0.10
0.00
0.00
0.00
0.00
0.00
0.00
0.00
0.00
0.00
0.00
0.00
0.00
0.00
0.00
0.00
0.10
5.70
0.00
0.00
1.00
17.10
73.80
0.10
0.00
33.00
59.80
0.10
0.10
0.00
0.00
2.00
0.00
31.30
21.10
43.90
4.10
0.40
0.10
0.00
0.00
0.10
0.00
1.00
13.80
5.30
0.00
0.30
2.80
2.90
34.60
4.80
0.00
0.00
0.30
0.10
0.10
0.00
1.90
0.20
0.10
0.00
0.00
0.00
0.00
0.00
0.00
0.10
0.30
0.00
0.20
0.10
0.00
0.10
0.00
0.00
0.00
0.00
0.00
0.00
0.00
0.00
0.00
0.00
0.00
0.00
0.00
0.10
0.00
0.00
0.00
0.00
1.20
0.00
0.10
0.00
0.00
0.00
0.00
0.00
0.00
0.10
0.10
0.20
0.10
0.00
3.20
6.00
0.00
0.10
0.00
0.00
0.20
0.10
0.00
0.00
0.10
0.00
0.80
0.00
0.00
0.00
0.00
4.70
0.00
0.00
0.00
0.00
0.00
0.00
0.00
0.00
0.00
0.00
0.00
0.00
0.00
0.00
0.00
0.00
2.00
0.00
0.00
0.00
0.00
0.00
0.00
0.00
0.00
0.00
0.00
0.00
0.00
0.00
0.00
0.00
0.00
0.00
0.00
0.00
0.00
0.00
0.00
0.00
0.10
0.00
0.10
0.00
0.00
0.00
2.90
13.20
25.10
0.00
0.00
0.00
0.00
0.00
0.00
0.00
0.00
0.00
0.00
0.00
3.40
2.50
0.00
0.00
0.40
0.00
0.00
2.70
0.00
2.70
0.00
2.30
0.00
0.00
0.00
5.10
15.10
0.00
0.80
0.60
0.00
4.00
0.00
0.00
0.00
6.00
0.00
0.00
0.00
0.00
0.00
0.00
0.00
1.00
0.00
0.00
0.00
0.00
0.00
0.00
7.90
2.00
0.00
0.00
0.20
0.20
0.40
34.50
7.70
3.80
0.10
0.00
0.00
0.00
0.00
0.10
0.00
0.00
0.00
0.00
0.00
5.10
0.40
0.00
0.00
0.00
0.00
0.00
1.00
0.00
0.50
0.00
0.00
0.00
0.00
0.00
0.00
0.00
0.00
0.00
0.00
0.00
0.00
0.00
0.00
0.00
0.00
0.00
0.00
2.90
0.00
0.00
0.00
15.90
0.00
0.00
0.00
0.00
0.00
0.00
0.00
0.00
0.00
0.00
0.00
0.00
0.00
0.00
0.00
0.00
0.00
0.00
0.00
0.00
0.00
0.00
0.00
0.00
0.00
0.00
0.00
0.00
0.00
0.00
0.00
0.00
0.00
0.00
0.00
0.00
0.00
0.00
0.00
0.00
0.00
0.00
0.00
0.00
0.00
0.00
0.00
0.00
0.00
0.00
0.10
0.00
0.00
0.00
0.00
2.10
0.00
0.00
0.00
0.00
0.00
0.00
0.00
0.00
0.00
0.20
0.10
0.00
49.80
0.00
0.00
0.00
0.00
0.20
12.50
14.00
0.00
0.00
0.00
0.00
0.00
0.00
0.00
0.00
0.10
22.20
0.10
0.00
0.00
0.10
0.00
0.30
0.00
0.00
0.00
0.10
1.70
3.10
0.60
0.00
2.00
0.10
0.00
0.00
0.30
1.60
8.20
11.30
5.40
0.10
0.00
7.70
15.40
0.40
0.00
0.00
19.30
39.70
0.10
0.00
0.00
0.00
0.00
3.10
0.10
0.00
0.20
0.00
0.20
0.00
0.00
0.00
0.00
0.00
2.10
13.70
0.00
0.10
0.10
0.00
0.10
0.00
0.00
12.60
9.90
3.00
0.00
0.00
0.00
0.00
0.00
0.20
0.00
0.00
0.00
0.00
0.00
0.00
0.00
0.00
0.00
0.00
0.00
0.00
0.00
0.10
0.00
0.00
0.20
0.00
0.10
0.10
0.00
0.20
0.00
0.00
0.10
0.00
0.00
0.00
0.00
0.00
0.00
0.00
0.00
0.00
0.20
0.00
0.00
0.10
0.20
5.40
0.10
0.00
0.10
0.00
0.00
0.80
0.00
2.00
0.00
0.00
0.00
0.00
0.90
1.50
0.00
0.00
0.00
0.00
0.10
4.90
0.00
0.00
0.30
0.00
0.00
0.00
0.60
0.20
0.00
0.00
0.00
0.00
0.00
0.00
0.20
1.50
0.00
0.00
2.80
1.50
0.60
0.00
0.00
0.00
0.10
2.60
27.20
0.00
0.00
1.00
47.40
7.80
0.00
0.10
0.10
0.00
0.00
16.40
0.70
0.00
0.00
0.00
0.30
0.70
0.00
4.50
0.00
0.00
0.00
0.00
0.00
0.70
0.80
3.60
0.00
11.10
0.10
21.60
1.10
0.10
0.80
0.70
0.90
0.00
0.00
0.00
0.00
0.00
0.00
0.00
0.00
0.00
0.00
0.00
0.00
3.20
0.00
0.00
0.00
0.00
0.00
11.40
0.40
11.60
8.90
7.80
0.80
0.00
0.00
0.00
0.00
0.00
0.00
0.00
0.70
0.20
0.10
0.00
0.00
0.00
0.20
0.10
2.80
0.30
2.30
1.70
0.20
0.00
0.00
1.30
4.00
6.00
0.20
0.00
7.40
7.60
8.90
0.90
0.00
0.00
0.00
0.00
0.00
0.00
0.00
9.40
5.60
0.00
0.00
0.00
0.00
0.00
0.00
0.00
0.10
0.00
0.00
0.00
3.60
0.00
0.10
0.00
0.00
0.00
0.00
0.00
0.00
0.00
0.00
0.00
0.00
0.00
0.00
0.00
0.00
0.00
0.00
0.00
0.00
0.00
0.00
0.00
0.00
0.00
0.30
3.10
44.50
0.10
0.00
0.00
0.10
0.00
0.00
0.00
0.00
1.00
1.10
0.00
0.00
0.00
0.00
0.00
0.00
0.00
0.00
0.00
0.10
0.00
0.00
0.00
0.00
0.00
0.00
0.00
0.00
1.90
0.00
0.90
0.00
0.00
0.00
0.00
11.50
0.00
0.00
1.10
0.40
0.00
0.00
0.00
0.00
0.00
0.00
0.00
0.00
0.00
11.90
0.10
0.00
2.20
2.70
0.00
0.00
0.00
2.80
0.00
0.00
0.00
0.00
0.00
0.00
0.00
0.10
0.00
0.00
0.00
0.10
0.00
5.30
0.00
0.10
0.10
1.30
2.90
0.20
0.00
0.00
0.00
0.00
1.90
0.90
0.00
0.00
0.00
0.00
0.00
0.00
0.00
0.10
0.10
0.10
0.20
0.00
0.00
0.10
0.00
0.00
0.00
0.20
0.00
0.00
0.00
0.00
0.00
0.00
0.00
0.00
0.10
0.10
0.00
0.00
0.00
0.00
0.00
0.00
0.00
35.30
53.70
55.10
11.00
0.00
0.00
0.00
0.00
0.00
0.00
0.00
1.40
0.00
0.00
0.40
0.00
0.00
0.00
0.10
0.00
0.10
0.00
0.10
0.10
0.10
0.00
0.00
0.10
0.10
0.10
0.00
0.00
0.10
7.50
0.60
0.00
0.00
0.00
0.00
0.00
0.00
0.00
0.00
0.00
0.00
0.20
0.00
0.00
0.00
0.30
0.00
0.00
0.00
0.10
0.00
0.00
0.00
0.00
4.10
0.10
0.00
0.00
0.00
0.50
10.20
0.00
0.00
5.90
0.20
0.60
0.30
0.00
2.00
0.20
0.00
3.40
0.00
1.20
0.00
0.00
0.00
0.10
0.00
4.20
0.10
5.60
3.60
0.00
0.00
0.00
0.00
0.00
4.20
0.10
0.00
0.20
0.00
1.20
0.10
0.00
0.00
0.00
4.20
0.10
0.70
0.00
0.00
3.00
0.00
0.00
0.00
0.00
0.00
0.00
0.00
0.00
0.00
0.00
0.00
0.00
0.00
0.00
0.00
0.00
0.00
0.00
4.40
0.90
0.00
11.90
2.70
0.00
0.00
0.00
1.90
0.00
0.00
0.00
39.20
2.00
0.00
0.00
0.00
0.00
0.00
0.00
3.70
0.10
0.00
0.00
0.00
0.00
0.00
0.00
0.10
2.50
0.70
10.10
0.00
0.20
3.60
2.60
4.20
0.00
0.00
0.00
7.10
2.00
0.00
0.00
0.00
0.00
0.00
0.00
0.00
0.00
0.10
0.00
3.30
0.00
0.00
0.00
0.00
0.00
0.00
1.30
1.40
0.20
0.00
0.00
0.00
22.20
10.00
0.90
0.90
0.00
0.00
0.00
0.00
0.00
0.00
0.00
0.00
0.00
0.00
0.00
0.00
0.00
0.00
0.00
0.30
0.60
0.20
3.50
2.50
0.00
0.00
0.00
0.00
0.00
10.60
0.00
1.10
0.00
0.00
0.10
0.00
0.90
0.00
0.00
16.20
0.00
0.00
9.40
0.00
0.50
0.10
0.00
0.00
1.70
0.30
0.00
0.00
0.00
0.00
0.00
26.00
0.00
0.00
0.00
0.00
4.90
0.00
0.00
29.40
20.00
0.00
0.00
4.80
0.40
0.00
0.00
0.00
0.00
0.30
0.00
1.20
0.00
0.00
0.00
0.10
0.00
0.10
0.00
0.00
0.00
0.00
0.00
2.00
78.40
0.10
0.00
0.00
0.00
0.00
0.00
0.20
0.90
0.00
0.00
0.00
0.00
0.00
0.00
0.20
0.00
0.00
0.20
0.10
0.00
0.00
0.00
1.70
11.20
4.70
24.50
0.00
0.10
0.00
0.10
0.00
0.00
0.00
0.00
0.00
0.00
35.10
22.70
0.10
0.00
0.00
0.00
0.00
9.20
0.00
0.00
0.00
0.10
0.00
0.10
0.00
0.00
0.00
0.00
0.00
0.00
0.00
0.30
0.00
0.10
0.00
0.00
0.00
0.00
0.00
0.00
0.00
0.00
0.00
0.10
0.00
0.00
0.00
5.70
0.00
0.00
0.10
0.00
1.20
0.40
1.60
0.00
0.00
0.20
0.00
0.00
0.00
0.00
0.10
0.00
0.00
0.00
0.00
1.90
0.00
3.20
3.70
0.00
27.30
36.20
4.20
0.10
0.00
17.00
0.90
0.00
0.50
0.00
0.00
0.00
0.00
0.00
0.00
8.40
31.20
0.20
0.20
0.00
0.00
0.00
0.10
0.30
0.10
0.00
0.10
0.00
1.90
0.00
0.00
0.00
0.00
0.00
0.00
0.00
0.00
0.00
0.00
0.00
0.10
0.00
0.00
0.00
0.00
0.00
0.00
0.00
0.40
0.00
0.10
12.80
0.00
0.00
0.40
0.00
0.00
0.00
0.00
0.00
0.00
0.00
0.90
0.00
0.00
0.00
1.60
0.00
0.00
0.00
0.30
0.00
0.00
0.00
0.10
0.00
0.00
0.00
0.00
0.00
0.20
0.00
0.00
0.10
2.00
0.00
12.10
0.00
0.00
0.70
3.20
0.20
0.00
0.00
0.00
4.10
0.00
0.00
0.00
0.00
0.00
0.00
0.00
0.00
2.10
3.50
0.10
4.90
0.30
0.10
0.00
0.00
18.10
19.90
2.00
18.20
0.20
0.00
0.00
0.00
0.00
0.00
0.00
0.00
0.00
0.00
0.00
0.00
0.00
0.00
0.00
0.00
0.00
0.00
0.00
0.00
0.00
0.00
0.00
0.20
0.00
8.60
0.90
0.00
0.00
0.00
0.00
0.00
0.10
4.20
0.00
0.90
0.10
0.00
0.00
0.00
0.00
0.00
0.00
0.00
0.00
0.00
0.00
0.00
0.00
0.00
0.00
0.00
0.00
0.00
0.00
5.30
0.90
0.00
0.00
0.00
0.00
0.00
0.00
0.00
0.00
0.00
0.00
0.00
0.00
0.00
0.00
0.00
0.00
0.00
0.00
0.00
0.00
0.00
0.00
0.30
0.00
0.00
0.00
0.90
0.00
0.00
0.00
0.00
0.00
0.20
1.40
0.10
0.00
0.10
0.00
0.00
0.00
0.00
0.00
0.00
0.00
0.00
0.00
0.00
0.00
0.00
0.00
0.00
0.00
0.00
0.00
0.00
0.00
0.00
0.00
0.00
0.00
0.00
0.00
0.90
0.00
0.70
0.00
0.00
0.00
0.00
1.60
3.20
0.70
14.50
0.00
0.00
0.00
0.00
0.00
0.00
18.20
4.00
0.00
0.00
0.00
0.10
4.80
1.80
0.10
0.20
4.80
0.00
0.00
0.00
0.00
0.00
0.00
0.00
0.00
0.00
0.00
0.00
0.00
0.00
0.00
0.40
10.70
5.00
0.00
0.00
0.00
0.00
0.00
1.70
0.00
0.00
0.00
0.00
0.00
0.00
0.00
0.00
0.00
0.00
0.00
0.00
0.00
0.00
0.00
0.00
0.00
0.00
14.60
10.70
0.00
4.60
3.70
0.00
0.00
0.00
0.00
0.00
0.00
0.00
0.00
0.20
1.10
3.10
0.00
0.00
0.00
0.00
0.00
0.00
0.00
0.00
0.00
0.00
0.00
0.50
0.00
8.50
0.20
0.00
0.10
0.00
22.50
6.00
0.10
0.10
0.20
0.10
0.00
0.00
0.10
0.20
0.00
0.00
0.00
0.20
0.00
0.10
0.00
0.00
0.10
9.20
0.00
0.00
0.00
0.00
0.00
0.00
0.00
0.00
0.00
0.00
0.20
0.00
0.00
0.10
0.00
0.40
0.00
0.30
0.00
0.00
0.10
0.00
0.10
0.10
0.00
0.00
0.00
0.00
0.00
0.00
0.00
0.00
0.00
0.10
0.00
0.10
0.00
0.00
0.00
0.00
0.10
0.00
0.00
3.70
16.80
0.10
0.00
0.00
0.00
0.00
0.00
0.00
0.00
0.00
0.00
0.00
0.00
0.00
0.00
0.00
0.00
0.00
0.00
0.00
0.00
0.00
0.00
0.00
0.00
0.00
0.00
0.00
0.00
0.00
0.00
0.00
0.00
3.30
0.00
0.00
0.00
0.30
0.00
0.00
9.30
0.00
0.00
0.00
0.00
0.00
0.00
0.00
0.00
0.00
0.00
0.10
0.00
9.80
8.30
0.00
0.00
0.00
0.00
0.00
0.80
0.80
0.00
0.00
0.00
0.00
0.00
0.00
0.00
0.00
1.30
2.90
3.60
0.00
0.00
2.80
0.00
0.00
0.00
0.00
0.00
0.00
0.00
0.00
0.00
0.00
0.00
5.70
1.10
0.00
0.00
27.00
0.00
0.00
0.30
0.00
0.00
0.00
0.00
0.00
0.00
0.00
0.00
0.00
0.00
0.00
0.00
13.00
12.80
8.60
0.10
0.00
0.00
0.00
2.20
0.00
2.70
0.00
0.00
0.00
0.00
0.00
0.00
0.00
7.00
6.80
5.30
0.20
2.70
13.40
0.00
0.00
0.00
0.00
14.20
0.10
0.00
0.00
5.40
0.00
0.00
0.00
0.00
0.00
0.30
0.30
6.40
4.20
2.80
0.00
0.00
1.20
0.00
0.00
0.00
0.00
0.00
0.00
1.30
0.00
3.90
0.40
0.10
1.10
0.00
1.00
0.00
0.00
0.00
0.00
0.00
0.00
0.00
0.00
0.00
0.00
0.00
0.00
0.00
0.00
0.00
0.00
0.00
0.00
0.00
0.00
0.00
0.00
0.00
0.00
0.00
0.00
0.00
0.00
0.00
0.00
0.00
0.00
0.10
0.40
0.00
0.00
0.00
0.00
0.00
0.00
0.00
0.00
0.10
0.00
0.00
0.00
0.00
0.60
0.00
0.00
0.00
13.80
0.00
0.00
0.00
0.00
0.00
0.00
0.00
1.80
0.00
0.00
0.00
0.00
0.00
0.00
0.00
0.00
0.00
0.00
0.00
0.00
1.10
0.00
0.00
0.00
0.00
0.00
0.00
0.00
0.00
0.00
0.00
1.30
0.00
0.00
13.80
31.00
0.00
0.00
10.90
0.10
0.00
0.00
0.30
0.00
0.00
0.00
29.60
0.10
0.00
0.00
0.00
0.00
0.10
0.10
0.00
0.00
0.00
5.10
0.10
0.00
0.00
0.00
0.00
56.10
38.20
10.00
0.10
0.00
0.40
0.10
0.00
0.00
0.00
4.80
0.00
0.20
2.30
0.20
0.00
0.10
0.10
0.20
0.00
0.00
0.10
0.10
0.00
1.30
3.00
0.10
0.10
0.00
0.00
0.00
0.00
0.50
0.00
0.00
0.00
0.00
0.00
0.00
0.00
1.50
5.40
12.00
0.90
0.00
0.90
0.90
0.20
3.70
0.00
0.00
0.30
0.00
19.00
0.00
0.00
0.10
0.00
0.10
0.10
0.10
0.00
0.00
0.10
0.20
8.80
0.00
0.00
23.40
7.60
0.00
0.00
0.00
0.00
0.00
0.00
0.00
0.00
0.10
0.00
0.00
0.10
0.00
0.10
0.00
0.00
0.00
0.00
0.00
0.00
0.20
0.00
0.00
2.20
0.00
0.00
0.70
0.00
0.00
0.00
7.10
12.30
88.40
15.80
0.00
0.20
0.10
4.50
8.10
0.00
0.00
0.00
0.10
0.10
0.00
0.00
4.80
0.00
7.60
0.10
0.00
0.00
0.00
0.00
19.00
6.10
3.20
0.10
0.10
0.10
0.00
0.10
0.00
0.10
0.00
2.90
0.00
0.00
0.00
0.10
0.00
0.00
2.10
9.00
0.00
0.00
0.30
0.00
0.10
0.00
0.00
0.00
0.00
0.00
0.00
0.00
0.00
0.00
0.00
0.00
0.90
0.00
0.00
11.30
12.70
0.00
0.00
0.00
0.00
0.00
0.00
9.50
0.00
0.00
0.00
0.40
0.00
0.00
0.00
0.00
0.00
0.00
0.00
0.00
0.00
0.80
0.00
0.00
0.00
0.00
0.00
0.00
0.00
0.00
0.00
0.00
6.70
1.20
0.00
0.00
1.40
0.50
0.70
0.50
0.00
0.00
0.30
0.00
0.00
0.00
0.00
2.20
0.00
0.00
0.00
0.00
0.00
0.00
1.60
8.90
0.00
0.00
0.00
0.00
0.00
0.00
0.00
0.00
0.00
0.00
0.20
0.00
0.00
0.10
2.40
0.00
0.00
0.00
0.00
0.00
0.00
0.00
0.00
0.00
0.00
0.00
0.00
0.00
0.00
0.00
0.00
0.00
0.00
0.00
0.00
0.00
0.30
0.00
0.00
54.90
0.40
11.80
0.30
0.00
0.00
0.00
0.00
0.00
0.10
0.10
0.00
0.00
0.00
0.00
0.00
0.00
0.00
0.00
0.00
0.00
0.00
4.00
0.00
0.00
1.90
0.10
0.00
0.00
0.00
0.00
0.00
0.00
0.00
0.00
0.00
0.10
0.00
0.00
0.10
0.00
0.10
0.40
0.40
0.00
0.00
0.00
0.00
0.00
0.00
0.00
0.00
0.40
0.00
0.00
0.00
0.00
0.00
0.00
0.00
0.00
0.00
0.00
0.00
5.00
0.00
0.00
0.00
0.40
0.00
0.00
0.00
0.00
24.30
0.00
0.00
2.10
0.10
0.70
11.20
27.80
0.10
6.80
0.00
0.00
0.00
0.00
0.00
0.00
5.80
0.00
0.00
0.00
0.00
7.90
0.20
1.50
0.00
0.00
0.00
0.00
0.00
0.00
0.00
0.00
0.00
0.10
0.20
0.10
0.00
0.10
0.00
12.10
34.80
0.00
0.10
0.10
0.00
0.00
0.20
0.10
0.20
0.00
0.00
0.00
0.00
0.00
0.00
0.10
26.80
4.20
0.00
0.00
0.00
0.00
0.00
0.00
0.00
0.00
0.00
0.00
0.00
0.10
0.00
0.10
0.00
0.10
0.10
0.10
0.00
0.10
0.00
0.00
0.00
0.10
0.00
0.10
0.00
0.00
0.00
0.00
0.10
0.40
0.10
0.00
0.00
0.00
0.00
0.10
0.00
0.40
0.00
0.00
3.50
0.00
0.00
0.00
0.00
0.00
0.00
0.10
0.00
0.00
0.00
0.00
0.00
0.10
2.30
0.00
0.00
0.00
0.00
0.10
24.60
0.20
0.00
0.00
0.60
0.00
1.60
13.80
0.10
0.00
0.00
0.00
0.20
0.00
0.00
0.00
0.10
0.00
0.00
6.10
0.10
0.00
0.10
0.10
0.00
4.60
0.00
0.00
35.80
8.00
2.10
0.00
0.00
0.10
0.00
0.00
8.40
0.00
0.00
0.00
0.00
0.40
0.20
0.00
1.70
0.00
0.00
0.00
0.00
0.00
0.00
0.00
10.30
1.10
0.00
0.00
4.40
1.40
0.10
0.30
0.00
0.10
0.30
0.00
2.80
0.10
0.10
0.00
10.70
0.20
0.00
3.90
0.30
0.00
0.00
0.00
33.50
2.40
0.00
0.00
0.00
0.00
0.00
0.10
0.00
0.00
0.00
0.00
0.00
0.00
0.00
15.90
0.20
4.10
35.60
0.00
6.10
4.80
0.00
0.00
0.00
0.00
0.00
0.00
0.00
0.00
0.00
0.00
0.00
0.00
0.00
0.00
4.80
0.00
1.00
0.00
0.30
0.00
0.10
8.00
0.00
0.00
0.10
0.20
0.00
9.50
26.60
6.80
0.00
0.00
0.00
0.00
0.00
0.00
0.00
0.00
0.00
0.00
0.00
1.00
0.00
0.00
0.00
0.00
0.00
0.00
0.00
4.70
0.00
0.00
2.30
7.40
0.10
0.00
8.70
0.00
1.20
0.00
0.00
0.00
0.00
0.00
0.00
0.00
0.00
0.00
0.00
0.00
0.00
0.00
0.00
0.00
0.30
0.00
0.00
0.00
0.00
0.00
0.00
0.00
0.00
0.60
0.00
0.00
0.00
0.00
0.00
0.00
0.00
0.00
40.00
0.00
0.00
0.00
0.00
2.90
0.10
0.00
2.60
0.00
0.00
0.00
0.00
0.00
0.00
0.00
0.00
0.00
0.00
0.00
0.00
0.00
0.00
0.00
10.90
0.00
0.00
0.00
0.00
0.00
0.00
0.00
0.20
0.00
0.00
0.00
0.00
0.00
0.00
0.00
0.80
0.00
0.00
0.00
1.40
0.00
2.30
0.00
0.00
0.30
0.00
0.00
13.30
0.00
0.00
0.00
0.00
0.00
1.40
0.00
0.00
0.00
0.00
0.00
0.00
0.00
0.00
0.00
0.00
0.00
0.00
0.00
0.00
0.00
0.00
0.00
0.00
0.00
0.00
0.00
0.00
0.00
0.10
5.80
6.60
25.80
15.90
0.10
0.10
0.00
1.10
29.10
1.10
1.60
8.90
0.00
2.30
0.20
0.00
0.00
0.00
0.00
0.10
16.90
6.30
1.30
0.60
37.70
2.80
0.10
0.30
0.00
2.00
3.80
0.00
0.00
3.70
0.00
0.00
0.00
0.00
8.00
14.90
0.30
12.60
2.30
1.10
1.00
0.10
0.20
0.50
0.10
0.00
2.70
0.00
0.00
0.10
0.00
0.00
0.10
0.00
0.00
0.10
0.20
0.00
0.00
0.10
0.00
0.00
0.00
21.60
2.30
0.00
2.30
0.10
0.00
0.00
0.00
0.00
0.00
0.00
0.10
0.00
0.00
0.00
0.00
0.10
0.20
0.00
0.00
0.00
0.00
0.00
0.00
0.00
0.00
0.00
0.00
0.00
0.00
0.00
0.00
0.00
0.00
0.00
1.30
0.00
0.00
4.20
0.00
0.00
0.40
0.00
0.00
0.00
0.80
2.40
0.00
0.00
0.00
0.00
0.00
0.00
0.00
0.80
0.00
0.20
0.00
0.00
0.00
0.00
0.00
0.00
0.00
0.00
0.10
0.10
0.00
0.00
0.00
0.00
0.00
0.00
0.00
0.00
0.00
0.00
0.10
0.00
0.00
0.00
0.00
0.00
0.20
0.00
0.00
0.00
0.00
0.00
0.00
3.40
0.10
0.00
0.00
0.00
0.00
0.00
0.00
0.00
0.00
0.00
0.00
0.00
0.00
0.00
0.00
0.00
0.00
0.00
0.00
5.00
22.70
0.10
3.30
0.00
0.00
1.80
0.40
0.00
0.00
0.00
0.00
0.00
0.70
2.90
0.00
0.00
0.00
3.50
0.00
2.40
4.80
0.00
0.00
0.80
0.00
0.00
0.00
0.00
0.00
0.20
6.10
0.00
0.00
0.00
0.00
0.60
0.00
0.00
4.70
0.00
0.00
0.00
0.00
0.00
4.40
15.60
0.10
0.00
0.00
0.00
0.00
2.00
1.40
0.00
0.00
0.00
0.00
0.00
0.00
0.00
0.00
0.00
0.00
0.00
0.00
0.00
0.00
0.00
0.00
21.30
0.10
0.00
0.00
0.00
0.00
0.00
0.00
0.00
0.00
0.00
0.00
0.00
0.00
0.00
0.00
0.00
0.00
0.00
0.00
0.00
0.00
0.00
0.00
0.00
0.00
0.00
0.00
6.00
0.00
0.00
0.00
0.00
0.00
0.00
0.00
0.00
0.00
0.00
0.00
0.00
0.00
0.00
0.00
0.00
0.00
12.70
0.00
0.00
0.00
0.00
0.00
0.00
0.00
0.00
0.00
0.00
0.00
0.00
0.00
0.00
0.00
2.10
0.00
0.00
1.20
0.00
0.00
0.00
0.00
0.00
0.00
0.00
0.00
0.00
0.00
0.00
0.10
0.00
0.00
0.00
0.00
2.20
0.00
0.00
0.00
0.00
0.00
0.00
0.00
1.50
13.00
9.80
0.00
0.00
0.70
0.00
0.00
0.00
0.00
0.00
0.00
40.40
1.20
0.00
0.00
0.10
0.00
0.10
0.00
0.00
0.10
0.00
0.00
0.00
0.00
0.00
0.00
0.00
0.00
0.00
0.00
0.00
0.00
0.00
2.10
9.60
0.00
0.00
0.00
0.00
0.00
6.70
104.30
83.20
0.10
0.10
0.10
0.10
0.20
0.10
0.10
0.50
1.70
0.90
0.70
0.40
2.40
0.00
2.40
0.10
0.00
0.00
0.10
0.00
0.00
6.00
0.10
0.00
0.10
0.00
0.00
0.00
0.00
20.40
3.00
0.00
0.00
0.10
0.00
0.00
0.00
0.00
1.70
0.20
0.00
33.70
35.60
0.00
0.20
0.10
0.10
0.00
0.40
0.00
0.00
0.10
0.00
0.10
0.00
0.00
0.10
0.00
0.00
0.00
0.00
0.00
0.00
0.00
0.00
0.00
0.00
0.10
0.00
0.00
0.00
0.10
0.00
0.10
0.00
0.10
0.00
0.00
4.80
0.00
0.00
0.10
0.10
0.00
0.00
0.20
0.10
0.10
59.10
11.50
18.60
20.90
0.20
0.20
0.00
0.00
0.00
0.10
0.00
0.00
0.00
0.10
0.00
0.00
0.00
0.00
0.00
0.00
0.00
0.00
0.00
6.20
0.00
0.00
0.10
0.00
0.10
0.00
0.00
0.10
0.10
0.10
0.20
0.10
0.10
0.00
0.00
0.00
0.00
0.00
20.10
1.20
0.00
0.20
0.00
0.00
0.00
0.60
0.00
0.00
0.00
0.60
0.00
0.00
11.80
0.10
0.00
0.00
0.00
2.50
0.70
48.90
0.00
0.00
7.10
0.00
0.00
0.00
0.10
3.70
12.80
1.30
0.00
0.00
0.00
0.00
0.00
0.00
0.00
0.00
0.00
0.00
61.80
0.30
0.00
0.00
0.00
10.30
22.00
23.80
88.20
51.10
0.20
0.00
0.00
0.10
0.00
11.60
0.00
0.00
0.20
0.00
0.00
0.00
0.00
0.00
0.00
0.00
2.00
3.90
0.00
0.00
11.80
3.00
0.00
2.20
0.10
0.00
0.00
0.00
0.00
0.00
0.00
0.00
0.00
0.00
0.00
0.00
0.00
0.00
0.00
13.10
0.10
9.60
21.80
0.00
0.40
15.40
4.10
0.30
1.50
2.40
0.00
1.80
0.00
0.20
2.10
4.30
3.70
0.00
0.00
0.00
0.00
0.00
0.00
0.00
0.00
0.00
0.00
0.00
0.00
0.00
2.70
1.60
0.00
0.00
0.00
0.00
0.00
0.00
0.10
0.00
0.10
0.00
0.00
0.00
0.00
0.00
0.00
0.00
0.00
0.00
0.00
0.00
0.00
0.00
0.00
0.00
0.00
0.00
0.00
0.00
0.00
0.00
0.00
0.00
0.00
0.00
0.00
0.00
0.00
0.00
0.00
0.00
0.00
0.00
0.00
0.10
0.10
0.00
0.00
0.00
0.00
0.00
0.00
0.00
0.00
0.00
0.00
0.40
4.40
2.40
0.00
0.00
0.00
0.00
0.00
0.00
14.10
0.30
6.40
0.60
3.20
0.00
0.00
0.00
0.00
0.00
0.10
0.00
0.00
0.00
0.00
0.60
0.00
0.00
0.00
2.10
2.20
0.10
0.10
0.00
0.10
0.80
14.70
0.00
0.00
0.00
0.00
0.00
0.00
0.20
9.70
0.00
0.00
8.40
14.40
0.10
0.00
0.00
0.00
0.00
0.00
0.00
0.40
0.10
0.00
0.00
2.40
0.00
0.00
0.00
0.10
0.00
0.30
0.10
0.00
0.40
0.00
0.10
5.00
0.30
0.10
0.10
0.10
0.00
0.10
0.00
0.10
0.00
0.00
0.00
0.00
0.00
0.00
0.00
0.00
0.00
3.60
7.40
0.10
30.10
0.00
0.00
0.00
0.00
0.00
0.00
0.00
0.00
0.80
0.00
0.00
0.10
3.00
0.00
0.00
0.00
0.00
0.00
0.00
0.00
1.40
0.20
0.00
0.00
0.00
0.00
0.00
0.00
0.00
0.10
0.00
0.00
0.00
0.00
0.00
0.00
0.00
0.00
0.00
0.00
0.00
38.80
2.10
0.00
0.00
0.00
0.00
0.00
0.00
0.00
0.00
0.00
0.00
0.00
0.90
0.00
0.00
0.00
0.00
0.80
0.00
0.00
4.00
0.10
0.00
0.00
0.00
0.00
0.00
0.00
18.20
4.00
0.20
0.00
0.00
2.80
0.00
0.00
0.00
0.00
0.00
0.00
0.00
0.00
0.60
4.60
3.70
0.10
0.00
0.00
0.00
0.00
0.00
0.10
0.10
0.00
0.20
0.00
0.00
1.10
0.00
0.00
0.00
2.40
0.10
0.00
