20000101
0.00
0.00
0.20
0.20
0.00
0.20
0.00
0.00
0.60
0.00
0.00
0.20
0.00
0.00
0.00
0.20
0.00
0.00
0.20
0.00
0.20
0.00
0.00
0.00
0.00
0.00
0.00
0.20
0.20
0.00
0.00
0.00
0.20
0.00
0.00
0.00
0.00
0.00
0.60
0.20
0.00
0.00
0.00
0.00
0.00
0.00
0.00
0.00
0.00
0.00
0.00
0.00
0.00
0.00
0.00
0.00
0.00
0.00
0.00
0.00
0.00
0.00
0.00
0.00
0.00
0.00
0.00
0.00
0.00
0.00
0.00
0.00
0.00
0.00
0.00
0.00
0.00
0.00
0.00
1.00
0.00
0.00
21.30
0.20
0.00
0.00
0.00
0.60
0.00
8.70
5.80
0.00
4.10
6.50
0.00
0.00
0.00
0.00
0.00
3.80
13.20
3.20
0.00
0.00
0.40
4.00
6.00
0.00
0.60
0.20
0.00
0.00
3.10
0.60
0.00
0.00
0.00
12.30
1.80
0.00
0.00
0.00
0.00
0.00
0.00
3.10
0.00
1.30
1.00
8.50
17.00
0.20
0.00
0.00
0.00
0.00
0.00
1.50
0.00
0.00
0.00
4.90
0.20
0.20
0.00
0.00
1.90
0.00
0.00
0.20
0.00
0.00
0.00
0.00
0.00
0.00
17.40
0.00
0.00
0.00
18.40
27.50
0.60
0.00
1.50
0.20
0.00
0.20
0.00
0.00
0.00
0.00
0.00
0.00
0.00
0.00
0.00
0.00
0.00
0.00
0.00
0.00
0.00
0.00
0.00
0.00
0.00
0.00
0.00
0.00
0.00
0.00
0.00
0.00
0.00
0.00
0.00
0.00
0.00
0.00
0.00
0.00
0.00
0.00
2.70
0.00
0.00
0.00
0.00
0.00
0.00
0.00
0.00
0.20
0.00
0.00
0.00
0.00
0.00
0.00
0.00
0.00
0.00
0.00
0.00
0.00
0.00
0.00
0.00
0.00
0.00
0.00
0.00
0.00
0.00
0.00
0.00
0.00
0.00
0.00
0.00
0.00
6.70
1.70
0.00
0.00
0.00
0.00
0.00
0.00
0.00
0.00
0.00
0.00
0.00
0.80
0.00
0.00
1.00
0.00
10.50
11.20
10.30
0.80
0.00
0.00
0.00
0.00
0.00
0.00
0.00
29.60
0.20
0.00
0.00
0.00
0.00
0.00
0.00
0.00
0.00
0.00
0.00
0.00
2.30
2.20
0.20
0.00
0.20
0.00
0.40
0.00
0.00
0.00
27.20
40.20
0.20
0.00
0.00
0.20
0.00
0.20
0.00
3.60
6.40
0.00
6.30
0.80
0.00
6.60
4.80
0.00
0.00
0.20
0.00
0.00
0.00
4.30
0.00
0.20
0.20
0.00
0.20
0.00
0.20
0.20
5.20
10.70
0.00
0.00
2.50
2.10
0.20
17.40
0.00
0.40
0.00
0.00
0.20
0.20
3.80
3.40
0.20
0.00
0.20
0.00
0.20
0.20
0.20
0.00
0.00
0.20
0.20
0.00
0.20
1.00
4.00
6.00
16.10
1.00
0.40
0.20
2.00
0.20
2.50
0.00
0.00
0.00
0.00
3.20
0.00
0.00
0.00
0.20
0.00
0.00
9.30
1.10
0.40
3.10
2.00
0.40
0.00
0.20
0.20
0.00
0.20
0.80
0.00
0.40
0.20
4.70
0.00
6.50
0.00
0.00
0.00
0.20
0.00
0.00
0.20
0.20
0.00
0.00
0.00
0.00
0.00
0.00
0.20
0.00
2.50
0.20
0.20
0.00
0.20
0.00
0.00
0.20
0.00
0.00
0.20
0.00
0.00
0.20
0.20
1.00
7.90
1.70
0.60
0.20
0.00
6.10
1.40
0.00
0.00
0.00
3.10
0.20
0.00
0.00
4.00
1.60
0.00
0.00
0.00
0.00
0.00
0.00
0.00
0.00
0.00
0.00
0.00
0.80
0.00
0.00
0.00
0.00
0.00
0.00
0.00
0.00
0.00
0.00
0.00
0.00
0.00
0.00
0.00
0.00
0.00
0.00
0.00
0.00
0.00
0.00
0.00
0.00
0.00
0.00
0.80
0.00
0.00
0.00
13.60
67.60
5.80
0.00
0.00
0.00
2.20
0.00
0.00
0.00
4.20
7.60
0.00
0.00
0.00
0.20
0.00
0.00
5.20
0.00
0.00
0.00
11.80
0.20
1.40
1.00
0.00
0.00
0.00
0.00
0.00
0.00
0.00
0.00
0.00
0.00
0.00
0.00
0.00
0.00
0.00
1.40
6.80
0.00
0.00
0.00
0.00
0.00
0.00
0.00
0.00
0.00
0.00
0.00
0.00
0.00
0.00
0.00
0.00
0.00
0.00
0.00
0.00
0.00
0.00
0.20
1.40
0.80
0.00
0.00
0.00
14.00
0.00
0.00
0.00
0.00
14.60
1.20
0.40
0.20
0.00
15.30
0.00
0.00
0.00
0.00
0.00
0.00
0.00
0.40
0.60
0.00
0.00
0.00
0.00
0.00
0.00
0.00
0.00
0.00
0.00
0.00
0.00
0.00
0.00
0.00
0.00
4.20
0.40
2.20
0.00
0.00
0.60
0.00
0.00
0.00
0.00
0.00
0.00
0.00
0.00
0.00
0.00
0.00
0.00
0.00
0.00
0.00
0.00
0.00
0.00
0.00
0.00
0.00
0.00
0.00
0.00
0.00
0.00
0.00
0.00
0.00
0.00
0.00
8.00
0.00
15.40
0.60
0.00
0.20
0.00
0.00
4.20
0.00
0.00
0.00
0.00
0.00
0.00
0.00
0.00
0.00
0.00
0.60
0.00
0.00
0.00
0.20
0.00
0.00
0.00
0.00
5.60
1.60
1.80
0.00
0.20
0.00
0.00
0.00
0.00
0.00
0.00
0.20
0.00
0.00
0.00
0.00
0.00
0.00
0.20
0.00
0.00
0.00
0.00
0.00
0.00
0.00
0.00
0.20
3.40
19.40
5.80
0.20
0.00
0.00
0.20
0.00
0.00
0.00
0.20
0.20
0.00
0.00
0.20
0.00
0.00
0.20
0.00
0.00
0.00
0.20
0.00
0.20
0.00
0.00
0.00
0.00
0.00
0.00
0.00
0.00
0.00
0.00
0.00
0.00
0.00
0.00
0.00
0.00
0.00
0.00
0.00
0.00
0.00
0.00
1.40
0.80
2.20
0.60
0.80
0.00
0.00
0.00
0.00
0.00
0.00
0.20
0.00
0.20
0.00
0.00
0.00
0.00
0.00
0.20
0.00
0.00
0.60
2.00
0.00
0.00
0.00
0.20
0.00
0.20
0.20
0.00
0.00
0.00
0.00
0.20
3.80
0.20
0.00
0.00
0.00
0.00
0.00
0.00
0.20
0.20
0.00
0.00
0.00
0.00
0.20
0.00
0.00
0.00
0.00
0.00
0.00
0.00
0.00
0.00
0.00
0.00
0.00
0.00
3.40
0.00
0.00
0.20
0.00
0.00
0.00
0.00
3.80
0.60
0.20
0.00
0.00
0.00
0.00
0.00
0.00
0.00
0.00
0.00
0.00
0.00
0.00
0.00
0.40
0.00
0.00
0.00
2.60
12.80
0.40
0.00
5.00
3.20
6.00
0.20
3.00
5.80
0.40
0.00
0.00
0.00
0.00
0.00
0.20
0.00
0.00
0.00
0.00
0.00
0.00
0.00
0.00
0.00
0.00
0.00
0.00
0.00
0.00
0.00
0.00
0.40
1.60
10.20
9.80
3.60
0.60
0.20
0.00
0.00
0.00
0.00
0.00
1.20
0.00
0.00
0.00
0.00
2.40
0.00
0.00
0.00
0.00
0.00
0.00
0.00
0.00
0.00
0.00
0.00
0.00
6.40
3.80
0.00
0.20
4.00
0.00
0.00
0.00
0.00
0.00
0.00
0.00
0.00
0.00
0.00
0.00
0.00
0.00
0.00
0.00
0.00
0.00
0.00
0.40
0.00
0.40
0.00
0.60
0.00
0.00
0.00
0.00
0.00
0.00
1.80
0.00
0.00
0.00
0.80
0.00
0.00
0.00
0.00
0.00
0.00
0.00
0.00
0.00
0.00
0.00
0.00
0.00
0.00
0.00
0.00
0.80
0.00
0.40
11.80
0.00
0.00
0.00
0.00
0.00
0.00
0.00
0.40
0.00
0.00
0.00
0.00
0.00
0.20
0.00
0.00
0.00
0.00
0.00
0.40
2.80
5.00
16.50
0.00
0.00
0.00
0.20
0.00
0.00
0.00
0.00
0.00
40.20
0.60
0.00
0.00
0.60
8.00
0.00
0.00
0.00
0.00
0.00
0.00
0.00
0.00
2.00
4.00
0.00
20.10
0.00
0.20
0.20
0.00
0.00
0.00
0.00
0.00
0.00
0.00
0.00
9.00
0.00
0.00
0.00
0.20
0.00
0.40
14.60
8.20
0.00
0.00
0.00
0.00
0.00
0.00
0.00
0.00
0.00
0.00
4.40
0.00
0.00
0.00
0.00
0.20
0.00
0.20
0.00
7.60
0.00
0.00
0.40
0.00
0.00
0.20
2.20
1.60
0.00
0.00
0.00
0.00
0.40
7.00
5.00
0.00
0.00
0.00
0.20
0.00
14.80
0.80
0.00
0.00
17.00
0.00
0.00
0.20
1.00
0.00
0.00
0.60
0.40
0.00
0.20
0.00
0.00
0.00
0.00
0.20
12.00
1.20
0.20
0.20
2.80
0.20
0.20
0.80
0.20
0.20
0.40
0.00
0.20
0.20
0.20
0.20
0.00
3.00
0.00
0.00
4.40
0.20
0.20
0.00
0.20
0.00
9.60
1.20
0.20
0.20
0.20
0.00
0.20
0.00
0.20
0.00
0.20
0.00
0.00
0.20
2.20
2.00
0.40
0.00
0.00
0.00
0.00
0.00
0.20
0.00
0.20
0.00
0.00
0.00
0.00
0.20
0.00
0.00
0.20
0.00
0.00
0.00
0.00
0.00
0.00
3.60
2.40
0.00
0.20
0.00
0.00
17.20
34.00
0.20
0.00
0.00
0.00
2.80
12.20
0.20
0.00
0.00
0.00
0.00
0.00
1.20
1.00
0.20
0.00
0.00
0.00
0.00
0.00
0.00
0.00
2.80
0.00
0.00
0.00
0.00
0.00
0.00
0.00
0.00
0.00
0.00
0.00
0.80
25.00
0.20
0.00
0.60
0.00
0.00
0.00
0.00
0.00
0.00
0.00
0.00
15.00
0.00
0.20
0.00
0.00
1.00
3.00
0.00
0.00
0.00
1.20
6.40
0.20
0.00
0.00
0.00
0.00
0.00
0.00
0.00
0.00
0.00
0.00
0.00
0.00
0.00
0.00
39.00
18.20
2.60
0.00
0.00
0.00
0.00
0.00
0.00
0.00
16.90
0.00
0.00
0.00
0.00
0.00
0.00
0.00
8.80
0.40
0.00
0.00
0.00
0.00
0.00
0.00
0.00
0.00
0.00
0.00
3.00
0.00
0.00
0.80
0.00
0.20
0.00
0.00
0.00
1.00
0.00
0.00
0.20
0.00
0.00
0.00
0.00
0.00
0.00
0.00
0.20
0.00
0.00
0.00
0.00
0.00
0.00
0.00
0.00
0.00
0.20
1.20
0.00
0.20
0.80
0.00
0.00
0.00
0.00
0.00
0.00
0.00
0.00
0.00
0.00
0.20
0.00
0.00
0.00
0.00
0.00
0.00
0.00
0.00
0.20
0.00
0.00
0.00
0.00
0.00
0.00
0.00
0.00
0.00
0.00
0.00
0.00
0.00
0.00
0.00
0.00
0.00
0.80
13.80
0.60
0.00
0.00
0.00
0.00
0.00
0.00
0.00
0.00
0.00
0.00
0.00
0.20
45.70
3.60
1.40
1.80
20.30
0.00
0.00
8.80
2.20
0.00
0.00
0.00
0.00
0.00
0.00
0.00
0.00
0.00
0.00
0.00
0.00
0.00
0.80
0.00
0.00
0.00
0.00
2.60
0.60
0.00
8.60
3.60
2.20
0.20
0.00
0.00
0.00
0.00
0.00
0.00
0.00
0.00
0.00
0.00
0.00
5.80
5.20
39.60
4.80
12.60
0.40
0.00
0.00
0.00
0.00
0.00
16.80
4.80
4.00
0.20
4.60
7.80
0.60
0.00
0.00
0.20
0.00
0.00
0.20
2.80
0.20
18.40
0.00
0.20
0.00
0.00
6.20
7.60
0.00
0.00
0.20
0.20
0.00
0.60
2.40
1.40
0.00
3.00
0.80
0.00
0.00
0.00
6.20
0.00
2.80
18.00
0.60
1.40
0.00
0.20
0.00
0.00
0.20
0.00
0.40
0.40
0.00
0.20
0.00
1.80
0.00
0.20
0.20
0.20
0.00
0.00
0.00
0.00
0.40
1.60
0.20
0.00
0.20
0.00
0.20
0.00
0.00
0.00
0.20
0.40
0.00
0.20
0.00
0.20
0.20
0.00
0.20
0.00
0.00
0.40
0.00
0.00
0.00
0.00
0.00
0.00
0.00
0.40
1.00
0.40
0.00
0.00
1.20
0.00
0.00
0.40
0.40
0.00
0.40
0.40
0.20
0.20
0.20
0.00
0.20
0.00
0.20
0.00
0.20
0.20
0.00
0.00
0.20
11.20
4.60
0.00
0.00
2.60
10.40
16.00
0.00
0.20
0.00
0.00
0.00
0.00
0.00
0.00
0.00
0.00
0.00
0.00
0.20
0.20
0.00
0.60
0.00
0.00
0.20
0.00
0.00
0.00
0.00
0.00
0.00
0.00
0.00
0.00
0.00
14.80
6.80
6.00
11.40
1.20
5.40
0.80
0.00
0.00
0.00
0.00
0.00
13.80
0.20
0.60
0.00
0.00
0.00
0.00
0.00
20.20
0.00
0.40
0.00
0.00
0.60
19.80
0.00
0.00
0.00
0.00
2.00
12.80
2.60
0.00
0.00
1.60
14.80
1.40
0.80
0.00
0.20
0.00
0.00
15.00
5.60
0.80
0.00
0.00
0.20
0.20
0.00
0.00
0.00
0.00
0.00
2.20
0.00
0.00
0.00
0.80
0.20
0.00
0.60
0.60
0.00
0.00
0.00
0.00
0.00
0.00
0.00
0.00
0.00
0.00
0.00
0.00
0.00
0.00
8.60
0.40
0.00
0.00
0.00
0.00
0.00
0.00
0.00
0.00
0.00
0.00
0.00
0.00
0.00
0.00
0.00
0.00
0.00
0.00
0.00
0.00
4.80
7.60
0.00
0.00
19.50
0.60
0.00
0.00
0.00
0.00
0.00
0.20
0.00
0.00
0.00
0.00
0.00
0.00
0.00
0.00
0.00
0.00
0.00
0.40
0.00
0.00
0.00
0.00
0.40
0.00
0.00
0.00
0.00
0.00
2.00
0.00
0.00
0.00
0.00
0.00
0.00
0.00
0.00
0.00
0.00
0.00
0.00
0.00
3.20
0.40
0.00
0.00
0.00
0.00
8.60
0.00
0.00
0.00
0.00
2.40
1.40
0.00
0.00
0.00
0.00
0.00
0.00
1.40
0.00
0.00
0.00
1.40
0.00
0.00
0.00
0.00
0.00
0.00
0.00
0.00
0.00
0.00
0.00
0.00
0.00
0.00
0.00
0.00
0.00
0.00
0.00
0.00
0.00
0.00
0.00
0.00
0.00
0.00
0.00
0.00
0.00
0.00
0.00
0.00
0.20
0.60
0.00
0.00
0.40
0.00
0.00
5.50
0.20
14.10
0.80
1.60
0.00
0.20
0.00
0.00
0.40
0.00
0.00
0.00
0.00
0.00
0.00
0.00
0.00
0.00
0.20
0.00
0.00
0.00
0.00
0.00
0.20
0.00
0.00
0.00
0.00
0.00
0.00
0.40
0.00
1.10
2.70
0.20
13.50
0.00
0.20
6.70
2.20
0.00
3.70
8.10
1.00
0.00
0.00
0.00
0.20
0.20
0.00
0.00
0.20
0.00
0.00
0.00
0.00
0.00
0.20
0.00
0.40
0.00
0.00
0.00
0.20
0.00
0.00
0.00
0.20
0.20
0.20
0.20
0.20
0.20
0.20
0.00
0.40
0.40
0.00
0.00
0.00
0.00
0.00
0.00
0.20
0.00
0.00
0.00
0.20
0.00
0.00
0.00
0.00
0.00
0.00
0.00
0.00
0.00
0.00
0.00
0.00
0.00
0.00
0.00
0.60
1.90
3.00
0.20
0.00
0.00
0.20
0.00
0.00
0.00
0.00
0.00
0.00
0.00
0.00
0.60
1.40
0.00
0.00
0.00
0.00
0.00
0.20
0.80
0.00
0.00
0.00
0.00
0.00
0.00
0.00
0.00
0.00
0.00
0.00
0.00
0.00
0.00
0.00
0.00
0.00
0.00
0.00
0.00
8.00
0.00
0.00
0.00
0.00
0.00
0.00
0.20
0.00
0.00
2.80
0.80
0.40
0.00
0.00
0.00
0.40
0.00
0.00
0.00
0.00
0.00
3.50
0.20
0.20
0.00
0.00
0.00
0.00
0.00
0.60
0.00
0.40
0.20
0.00
0.00
0.00
0.00
0.00
0.00
0.00
0.00
0.00
0.00
0.00
0.00
0.00
2.10
0.80
5.80
1.30
17.00
0.20
0.80
21.40
13.00
0.00
0.00
0.00
0.00
1.70
0.00
0.00
0.00
0.00
0.00
0.00
0.00
0.60
0.40
0.20
0.00
0.00
0.00
0.00
0.00
0.00
0.00
0.00
0.00
2.30
0.00
0.20
0.00
0.00
0.00
0.00
0.00
0.00
4.90
2.70
0.00
1.70
1.90
0.80
0.00
1.40
4.60
0.00
0.20
0.00
0.00
0.00
0.20
2.00
0.00
0.00
0.00
0.00
0.00
0.00
0.00
0.00
0.00
0.00
0.00
0.00
0.00
0.00
0.00
0.00
0.00
0.00
0.00
0.00
0.00
0.00
8.80
0.00
0.20
0.40
20.70
9.70
0.00
0.00
0.00
0.00
0.00
0.00
4.40
1.90
0.00
0.20
0.00
0.00
0.00
0.20
0.60
0.20
0.00
0.00
0.00
0.00
0.00
0.00
0.00
0.00
0.00
0.00
0.00
0.00
0.00
0.00
0.00
0.00
0.00
0.00
0.00
7.20
11.20
0.00
0.20
0.00
0.00
0.00
0.00
0.00
8.80
4.20
0.00
0.00
0.00
0.00
0.00
0.00
0.00
0.20
0.00
0.00
0.00
0.00
0.00
0.00
0.00
0.00
0.00
0.00
0.20
0.00
0.20
0.00
0.80
1.70
4.50
14.70
17.30
19.00
0.40
0.00
6.80
0.20
0.20
0.40
1.30
16.00
0.00
0.20
0.00
0.00
0.80
0.20
0.00
0.40
0.20
0.00
0.00
0.00
0.00
0.20
0.00
0.00
8.50
1.60
2.50
0.40
15.10
12.50
4.40
0.20
0.00
0.00
0.20
0.00
0.00
0.20
0.00
0.20
0.00
0.00
0.00
0.00
0.20
0.00
0.00
7.20
0.20
0.00
0.20
0.00
0.00
0.00
0.40
0.00
0.00
0.20
0.00
0.00
0.20
0.20
0.00
0.20
0.20
0.00
0.20
0.00
0.00
0.00
0.00
0.00
0.00
0.20
0.00
0.00
0.20
0.20
0.00
0.00
0.00
0.00
1.70
9.60
6.60
2.90
3.00
0.20
0.00
0.00
0.20
0.20
0.00
0.00
0.00
0.00
0.40
0.00
0.00
0.20
0.00
0.00
0.20
0.00
2.20
6.50
10.60
5.80
0.40
0.20
0.00
0.20
0.00
0.20
0.00
0.20
0.00
0.20
0.00
0.00
0.00
0.00
0.20
0.00
0.00
0.00
1.90
0.00
0.00
0.00
0.00
0.00
0.40
1.20
0.20
0.00
0.00
0.00
0.00
0.40
0.40
0.00
0.00
0.00
0.00
0.00
0.00
0.00
0.00
0.00
0.20
0.00
0.00
0.00
0.00
4.10
0.20
0.00
0.80
0.20
0.00
0.00
0.60
0.00
0.00
0.00
0.00
0.00
0.00
0.00
0.00
0.00
0.00
11.20
0.00
0.00
0.00
0.00
0.00
0.00
0.00
0.60
0.00
0.60
0.20
0.00
0.00
0.00
0.00
0.00
0.00
0.00
0.00
0.60
0.00
0.00
0.00
0.00
0.00
0.00
0.00
0.00
0.00
0.60
0.00
0.00
0.00
0.00
0.00
10.70
0.00
0.00
0.00
0.00
0.00
0.00
0.00
0.00
0.00
0.00
0.00
0.00
0.00
0.20
0.00
0.00
0.00
0.00
0.00
0.00
0.00
0.00
0.60
0.00
0.00
0.00
1.10
0.20
0.00
0.00
0.00
0.00
0.00
14.50
0.00
0.00
0.00
0.00
0.00
0.00
0.00
0.40
0.00
0.00
0.60
0.00
0.00
0.00
0.00
0.00
0.00
0.00
0.60
0.80
0.00
0.00
0.00
0.00
0.00
0.00
0.00
2.60
0.60
0.20
0.20
0.00
0.00
0.00
0.00
0.00
0.00
0.00
0.00
0.00
0.00
0.00
0.00
0.00
0.00
0.00
0.00
0.00
0.00
0.00
0.00
0.00
0.60
0.00
0.00
0.00
0.00
0.00
0.00
8.10
0.00
0.00
0.20
0.00
0.00
0.00
0.00
0.20
0.00
0.00
0.00
0.00
0.00
0.00
0.00
0.00
0.00
0.00
0.00
0.00
0.00
0.00
0.00
0.00
0.00
0.00
0.00
7.20
29.00
15.20
0.20
0.80
0.00
0.00
0.00
0.00
0.00
0.00
7.50
0.20
0.00
0.00
0.00
0.00
0.00
0.20
0.00
0.00
0.00
0.00
0.00
0.00
0.00
0.00
0.00
0.00
13.50
0.40
0.00
0.00
0.00
0.00
0.00
13.10
1.60
1.40
0.20
0.20
8.10
0.20
0.00
0.00
0.00
0.20
0.00
0.20
0.00
0.20
0.00
0.00
0.00
0.00
0.00
0.00
0.00
0.20
0.20
0.20
0.20
0.00
0.20
0.00
8.10
0.20
0.00
0.20
0.00
0.20
0.00
0.00
0.00
0.00
0.20
0.00
0.20
0.00
0.20
0.20
0.00
0.00
0.00
0.00
7.00
0.20
3.70
0.00
0.00
0.20
0.00
0.00
0.00
0.20
0.00
0.40
0.00
0.20
0.20
0.00
0.00
1.00
0.00
0.00
0.00
0.00
0.20
0.00
0.20
0.20
0.00
0.20
0.20
0.00
0.20
0.00
0.00
0.20
0.20
0.20
0.20
0.00
0.20
0.20
0.00
0.00
0.00
0.20
0.20
0.20
0.00
5.00
0.00
0.00
0.60
0.00
0.00
0.00
0.00
2.60
0.60
0.00
0.20
0.00
0.00
0.00
0.20
0.20
2.70
3.50
0.60
0.00
1.00
0.00
0.00
0.00
0.00
6.90
0.20
0.00
0.20
0.00
0.00
0.20
0.00
0.00
0.00
1.50
0.00
0.00
0.00
0.00
0.00
0.00
0.00
7.90
0.00
0.00
0.20
0.00
0.00
0.00
0.00
0.00
0.00
0.00
0.00
0.00
0.00
0.00
0.00
0.00
0.00
0.00
0.00
0.00
0.00
0.00
0.60
10.90
34.20
27.80
11.20
3.90
6.80
0.40
0.00
0.00
0.00
0.00
0.00
7.10
6.30
7.10
2.50
1.00
1.50
0.20
0.00
0.00
0.40
0.20
0.00
0.00
0.00
0.00
0.00
9.80
0.00
1.90
18.90
0.20
2.60
3.00
0.20
0.00
0.00
0.00
0.00
0.00
0.00
0.00
0.00
1.70
6.40
0.00
0.00
0.00
5.00
0.00
0.20
0.00
0.00
0.00
2.60
0.80
0.60
0.20
0.00
0.20
0.20
0.00
0.00
0.00
12.60
0.20
0.00
0.00
0.00
0.00
0.00
0.00
0.00
0.00
0.80
5.50
0.00
0.00
1.00
0.00
0.00
0.00
0.40
0.00
0.20
0.00
0.00
0.00
0.00
0.00
0.00
2.60
0.20
0.00
0.00
0.00
0.00
0.00
0.00
0.00
0.00
0.00
0.00
0.00
0.00
0.00
0.00
0.00
0.00
0.00
0.00
0.00
0.00
0.00
0.00
0.00
0.00
0.60
0.00
0.00
0.00
0.00
0.00
0.00
0.00
0.00
4.70
0.20
1.50
0.80
0.00
0.00
0.00
0.00
0.00
0.00
0.00
0.00
0.00
0.00
0.00
0.00
0.00
0.00
1.90
0.00
0.20
0.00
0.00
1.10
0.40
1.70
0.00
0.00
0.00
0.00
0.00
0.00
0.00
0.00
0.00
0.00
0.00
0.00
0.00
0.00
0.00
0.00
0.00
12.80
0.20
0.40
0.00
0.40
0.80
0.00
0.00
0.00
0.00
0.00
0.00
0.20
0.00
0.00
0.00
9.00
14.00
2.20
0.20
0.00
0.20
0.00
0.00
1.80
0.00
0.00
0.00
0.00
0.20
6.80
0.20
0.20
0.00
0.00
0.00
0.00
0.00
0.60
0.00
0.00
0.20
0.00
0.00
0.00
0.00
0.00
0.00
0.00
0.40
0.00
0.00
0.00
0.00
0.00
0.00
0.00
0.00
0.00
0.00
0.00
0.00
0.00
0.00
10.60
0.40
0.00
0.00
0.20
0.00
0.20
0.20
0.00
0.20
0.00
0.20
0.00
0.20
0.00
0.00
0.20
0.00
0.00
0.20
0.00
0.00
0.00
0.00
0.00
0.00
0.00
0.20
0.20
0.00
0.20
1.00
0.00
0.00
0.00
0.00
0.20
0.20
0.00
0.00
0.00
0.00
0.00
6.40
5.00
0.20
0.00
0.00
0.20
0.00
0.00
0.00
2.60
0.00
0.00
0.40
0.20
3.20
0.00
0.00
0.20
0.40
0.20
0.00
0.20
0.00
0.00
0.20
0.20
0.20
0.20
0.20
0.00
0.60
0.20
1.20
1.00
0.00
1.60
0.00
0.00
0.00
0.00
0.00
0.00
0.00
0.00
0.00
0.00
0.00
1.60
0.20
0.00
0.00
0.00
0.20
1.00
2.00
0.20
0.00
2.20
0.00
0.00
0.20
0.00
0.00
0.00
0.00
0.00
0.00
0.40
0.20
0.00
0.00
0.00
0.00
0.00
0.00
0.00
0.00
0.00
0.00
0.00
0.00
0.00
0.00
0.00
0.00
0.80
0.00
0.00
2.20
0.20
0.00
0.00
0.00
0.00
0.00
0.00
4.20
4.20
7.20
11.00
3.00
0.00
1.40
1.00
0.00
0.00
4.40
7.40
2.60
20.00
0.00
0.00
0.00
0.00
0.00
0.00
0.00
3.60
0.00
0.00
0.00
0.00
0.00
0.00
0.00
0.00
0.00
0.00
14.20
22.20
2.20
0.00
0.20
15.20
1.00
2.00
0.00
0.20
7.60
0.20
0.00
0.80
11.80
5.20
15.60
2.20
2.60
4.60
0.00
0.00
2.40
2.00
1.00
6.20
0.00
0.00
0.00
0.00
0.00
0.20
0.40
0.20
0.20
0.00
0.00
0.00
11.20
0.60
0.00
0.00
0.00
0.00
0.00
0.00
0.00
0.00
3.80
6.80
0.00
0.00
3.00
0.00
0.00
0.00
0.00
0.00
0.00
0.00
0.00
0.00
0.00
22.90
3.80
0.00
0.00
0.00
0.00
0.00
0.00
0.00
0.00
0.00
0.00
0.00
0.00
0.00
0.00
0.00
0.00
0.00
0.20
0.00
0.00
0.00
0.00
0.00
1.00
0.60
0.00
0.00
0.00
0.00
0.00
0.00
0.00
0.60
0.00
0.00
0.00
0.00
0.00
0.00
0.00
0.00
0.00
0.00
0.00
0.00
0.00
0.00
0.00
0.00
0.00
0.00
0.00
0.00
0.00
0.00
0.80
0.00
0.00
0.00
0.00
7.20
0.20
0.00
0.00
0.00
0.00
0.00
0.00
0.00
0.00
0.00
8.20
21.20
0.00
0.00
1.20
0.00
0.00
0.00
0.00
0.00
0.00
0.00
0.00
0.00
0.00
0.00
0.00
0.00
0.00
0.00
0.20
0.00
0.00
0.00
0.20
0.00
24.80
0.00
0.00
0.00
11.20
0.20
0.00
0.00
0.20
0.00
19.80
8.60
0.20
11.20
9.20
46.20
0.00
0.20
0.00
0.00
0.40
1.00
0.00
0.20
0.00
2.60
0.00
0.00
0.20
0.20
0.00
0.20
0.00
0.20
0.00
0.00
0.20
0.00
0.00
0.00
0.00
0.00
0.60
0.00
0.00
0.00
0.20
0.00
0.20
0.00
0.00
2.20
3.00
0.00
0.00
0.20
10.80
0.00
0.20
0.00
0.20
0.20
0.00
0.20
0.20
0.00
0.20
0.00
0.00
3.40
7.00
0.00
5.20
0.00
0.00
0.20
5.20
0.00
0.00
0.20
0.00
0.00
0.00
5.00
0.80
0.20
0.00
0.00
0.00
0.20
0.20
0.00
0.00
0.80
0.20
0.00
2.40
1.40
0.00
0.00
0.00
0.00
0.00
0.00
0.00
9.20
17.20
2.40
0.00
0.00
1.40
0.60
0.00
0.00
0.00
0.00
0.00
0.00
0.00
0.00
0.00
0.00
0.20
0.00
0.20
0.00
0.00
0.20
0.00
0.00
0.00
0.20
0.20
0.40
2.40
0.20
0.00
6.40
0.20
0.00
0.00
0.00
0.00
0.00
0.00
0.00
0.20
0.00
0.00
0.00
0.00
0.00
0.00
0.00
0.00
0.00
0.00
0.00
0.00
0.00
0.00
18.20
3.40
0.20
13.00
0.00
3.40
0.20
0.00
0.00
0.60
46.40
3.00
0.00
5.60
17.80
0.00
0.00
0.00
9.40
0.00
0.00
0.00
0.00
0.00
0.00
0.00
0.00
0.00
0.00
28.60
0.00
0.00
0.00
0.00
0.00
0.00
0.00
0.00
0.00
0.00
0.00
0.00
0.00
1.20
0.00
0.00
0.00
0.20
0.00
0.00
0.00
0.00
0.00
0.00
0.00
0.00
0.00
0.00
0.00
0.00
0.00
0.00
0.00
0.00
0.20
0.00
0.00
0.00
1.80
4.20
0.00
0.00
1.00
0.00
0.00
0.00
0.00
0.00
0.00
0.00
0.20
0.00
0.00
0.20
7.20
0.00
0.00
0.00
0.00
1.00
0.00
0.00
0.00
0.00
0.00
0.00
0.00
0.40
0.00
0.00
11.80
0.20
0.00
0.00
0.00
0.00
0.00
0.00
0.00
0.00
0.00
0.00
0.00
0.00
0.00
2.20
0.00
0.00
0.00
0.00
0.00
0.00
0.00
0.00
0.00
0.00
25.90
0.00
0.00
0.00
0.00
0.00
0.60
12.60
0.60
0.00
0.00
0.00
0.00
0.00
0.00
0.00
0.00
0.00
0.00
0.00
0.00
0.00
0.00
0.20
1.20
0.00
0.00
0.00
0.00
0.00
0.00
0.00
0.00
0.00
0.00
0.00
0.00
0.00
0.00
0.00
0.00
0.00
2.60
4.80
0.00
0.00
0.00
12.00
0.00
0.00
0.00
0.00
2.40
0.00
0.00
0.00
0.00
0.00
0.00
0.40
3.00
3.40
0.20
0.00
0.00
0.00
0.00
0.00
5.40
0.20
0.00
0.00
0.00
0.00
0.00
0.00
0.00
0.00
0.00
0.00
8.00
11.20
15.60
0.00
0.60
0.00
0.00
0.20
0.20
0.00
0.00
0.20
0.20
0.20
0.00
0.00
0.00
0.00
0.00
0.00
0.00
0.00
0.00
0.00
0.00
0.00
0.00
0.00
0.00
0.00
0.00
0.20
0.00
0.20
0.00
0.20
0.20
0.00
0.00
0.00
2.20
0.20
0.00
0.00
0.20
0.00
0.20
0.00
0.00
0.20
0.00
0.20
0.20
0.00
0.80
3.40
0.00
0.00
0.20
0.00
0.00
0.00
7.60
14.40
7.40
5.60
0.60
6.60
0.20
0.20
1.40
0.40
0.40
0.00
0.00
0.20
3.80
2.60
0.80
12.80
6.80
0.20
0.00
0.00
8.20
6.40
4.00
0.00
0.00
0.00
0.20
0.20
0.20
0.00
0.00
0.20
0.00
9.80
7.20
0.00
0.20
0.00
0.00
0.00
0.00
0.20
0.00
4.80
0.60
0.00
0.00
5.60
0.20
0.00
0.00
0.00
0.00
0.00
0.40
2.60
0.40
0.00
1.20
0.00
0.40
0.20
2.00
0.40
0.40
0.00
2.60
0.00
0.00
6.20
3.40
0.00
0.00
0.00
9.80
8.40
0.00
0.00
0.00
0.00
0.20
0.00
0.00
0.00
0.00
0.00
0.00
0.00
7.60
1.80
0.00
1.20
6.60
1.00
0.20
0.00
0.00
2.00
0.00
0.00
0.00
1.00
0.20
0.00
0.00
4.20
0.00
0.00
0.00
0.00
4.80
0.00
1.20
0.40
0.00
0.00
0.00
0.00
0.20
0.00
0.00
18.80
0.20
0.00
0.00
0.00
0.00
0.00
1.20
0.40
5.40
25.60
0.20
0.20
0.00
0.00
0.20
1.40
1.00
2.60
2.80
0.00
0.00
11.00
0.00
0.00
0.00
0.00
0.00
0.00
1.60
0.00
0.00
0.00
0.00
0.00
4.20
0.20
0.00
0.00
0.00
0.00
0.00
0.00
0.00
3.80
0.00
3.40
19.60
2.80
5.20
0.60
0.00
0.40
0.00
0.00
0.00
0.00
0.00
0.00
0.00
0.00
0.00
0.00
0.00
0.00
0.00
0.00
0.00
0.00
0.00
0.00
0.00
2.40
0.20
0.00
0.00
0.00
0.00
0.00
0.00
0.00
0.00
0.00
0.00
0.00
0.00
0.00
0.00
0.00
0.00
0.40
0.00
0.00
0.00
0.00
0.00
0.00
0.00
0.00
0.00
1.80
10.80
0.00
0.00
0.00
0.00
0.00
0.00
0.00
0.00
0.00
0.00
0.00
0.00
0.00
0.00
0.00
0.00
9.00
0.20
0.00
0.00
0.00
0.00
0.00
0.00
0.00
0.00
0.00
0.00
0.00
0.00
0.00
0.00
0.00
0.00
3.80
0.00
0.00
0.00
0.00
0.00
0.00
0.00
0.00
0.00
0.00
29.00
4.40
0.00
8.40
0.20
0.00
5.80
0.60
0.00
0.00
0.00
0.00
0.00
0.00
0.00
0.00
1.80
0.40
0.00
0.00
0.00
0.00
46.40
2.00
4.20
4.20
0.40
0.00
0.20
0.00
0.00
0.20
0.20
0.00
0.00
0.00
0.00
0.20
0.00
0.00
0.00
0.00
0.00
0.60
1.80
0.00
0.20
0.00
0.00
0.20
0.20
0.00
10.00
0.20
0.00
0.00
0.00
0.20
1.00
0.60
0.00
0.20
0.00
0.00
4.40
0.20
0.00
0.20
0.00
0.20
0.00
0.20
0.00
0.00
2.60
1.40
0.00
0.00
0.20
1.20
0.20
0.60
1.00
0.00
0.00
0.20
0.20
0.00
0.00
0.20
0.00
0.00
0.00
0.00
0.00
7.60
1.60
0.20
0.00
0.00
0.00
0.00
0.00
0.00
0.00
0.00
0.00
0.00
0.20
0.20
0.80
0.00
0.00
0.40
0.40
0.00
0.00
0.00
0.20
0.20
0.40
0.20
0.20
0.00
0.20
0.00
0.00
0.00
0.00
0.00
0.00
0.00
0.20
7.60
0.00
0.00
0.00
0.00
0.20
0.00
0.20
0.00
0.00
0.20
0.00
0.00
0.20
0.00
0.20
0.00
1.00
0.00
0.20
6.40
0.00
2.80
0.20
0.00
0.00
0.00
0.00
0.20
0.00
0.00
0.00
0.00
0.00
1.80
1.40
0.00
0.00
0.00
0.00
0.00
0.00
4.20
29.80
0.00
1.00
13.20
1.20
0.00
0.20
0.00
0.00
0.20
2.60
0.00
0.00
0.00
0.00
0.40
0.00
0.00
1.60
0.00
0.00
0.00
0.40
0.00
0.20
0.00
0.00
0.00
0.00
0.00
0.00
0.20
0.00
0.00
0.60
0.00
0.00
0.00
0.00
0.00
0.00
2.00
20.70
7.40
0.20
0.00
0.20
9.20
0.00
0.00
0.00
0.00
0.00
0.00
0.00
0.00
25.80
0.00
0.00
0.00
0.00
0.00
0.00
0.00
0.00
0.00
0.00
0.00
0.00
0.00
0.00
0.00
0.00
0.00
0.00
1.80
0.00
0.00
0.00
15.40
1.60
0.00
0.40
2.60
5.80
0.00
0.00
10.20
0.00
0.00
16.50
0.00
0.00
0.00
0.00
0.00
0.00
0.00
0.00
0.00
0.00
0.00
0.00
0.00
0.00
0.00
0.00
0.00
0.00
0.00
0.00
0.00
0.00
2.60
1.90
0.00
0.00
0.00
0.00
0.00
0.00
0.00
0.90
0.10
0.00
0.00
0.00
0.00
0.00
0.40
0.00
0.00
0.00
0.00
0.00
0.00
0.00
0.00
0.00
0.00
10.00
0.00
0.00
0.00
0.00
0.00
0.00
0.00
0.00
0.00
0.00
0.00
0.00
0.00
0.10
0.00
0.00
0.00
0.00
0.00
0.00
0.00
0.00
0.00
0.00
0.00
0.00
0.00
0.00
0.00
0.00
0.00
0.00
0.00
7.80
0.00
0.00
1.50
0.00
0.00
0.00
0.00
0.00
0.00
0.00
0.00
0.00
0.00
0.00
0.10
0.00
0.00
0.00
0.00
0.00
0.00
0.60
0.00
0.00
0.00
0.00
0.00
0.00
0.00
0.00
0.00
0.00
0.00
0.00
0.00
0.00
0.00
0.00
0.00
0.00
0.00
0.00
0.00
0.00
0.00
0.00
0.00
0.00
0.00
0.00
0.00
4.50
0.00
0.00
11.20
8.00
0.20
0.00
0.10
0.00
0.00
6.90
23.90
0.10
0.10
2.10
0.00
0.10
0.00
0.00
0.00
0.00
0.40
42.90
0.50
0.00
0.20
0.80
0.40
2.50
3.30
0.20
0.00
0.30
0.10
0.00
0.00
0.00
0.10
0.10
0.00
0.00
0.00
0.00
0.10
0.00
0.20
0.10
0.10
0.00
0.10
0.00
0.10
0.00
0.00
0.00
0.00
0.10
0.20
0.00
0.10
0.10
0.00
0.20
0.10
0.10
0.10
0.10
0.10
0.10
0.00
0.30
0.00
0.10
0.00
0.00
0.00
0.00
0.10
0.10
0.20
0.40
0.20
0.00
0.00
0.00
0.20
0.10
0.10
0.00
0.10
0.10
0.00
0.10
0.10
0.20
0.20
0.10
0.30
0.00
0.00
1.80
0.10
0.00
0.00
0.00
0.00
0.00
0.00
0.00
0.00
0.00
0.00
0.00
0.00
0.00
0.00
0.00
0.00
0.00
0.00
0.00
0.00
0.00
0.00
0.00
0.00
0.00
0.00
0.00
0.00
0.00
0.40
0.00
0.00
0.00
0.00
0.00
0.00
0.00
0.00
0.00
0.00
0.00
0.00
0.00
0.00
0.00
0.00
10.30
51.00
1.40
0.00
0.00
0.00
0.10
0.00
0.00
0.00
0.00
0.00
0.00
0.00
13.40
0.50
1.90
4.90
0.20
0.00
0.00
1.30
0.00
0.00
0.10
0.00
0.00
0.00
0.00
0.40
0.90
0.00
1.40
0.00
0.00
0.00
0.00
0.00
0.00
10.10
0.10
11.80
0.00
0.00
0.00
1.50
2.90
0.10
0.00
1.80
0.00
0.00
0.00
0.30
0.00
0.00
0.00
0.00
0.00
0.00
9.40
1.60
0.00
0.00
0.00
0.00
0.00
0.00
0.00
0.00
0.00
0.00
0.00
0.00
0.00
5.80
0.00
0.00
0.00
0.00
0.00
0.00
0.00
0.00
0.00
0.00
0.00
0.00
0.00
0.00
0.40
11.50
0.10
0.00
0.00
0.00
0.00
0.00
0.00
0.00
0.00
0.00
0.00
2.90
0.00
0.00
0.00
3.40
0.00
0.00
0.00
0.00
0.00
0.00
0.00
0.00
0.00
0.00
0.00
0.00
0.00
0.00
0.00
0.00
0.00
0.00
0.00
0.00
0.00
2.00
0.00
0.00
0.00
0.00
0.00
0.00
0.00
0.00
19.60
0.00
0.00
0.00
0.00
0.00
0.00
0.00
0.00
0.00
0.00
0.00
0.00
0.00
0.00
0.00
0.00
0.20
0.00
0.00
0.00
0.00
0.00
0.10
0.00
2.60
0.00
0.00
0.00
0.00
0.00
0.00
0.00
0.00
2.30
0.10
0.00
0.00
0.00
0.00
0.00
0.00
0.00
0.00
0.00
0.00
0.00
0.00
0.00
3.50
0.10
0.00
0.10
0.00
0.40
36.70
0.00
0.10
0.00
0.00
0.00
0.00
0.00
0.00
0.00
0.00
3.00
5.50
0.10
0.00
3.50
0.00
0.00
0.00
0.00
2.80
4.30
22.50
0.00
0.10
0.10
22.40
11.20
0.10
0.00
0.00
5.50
4.50
0.00
0.10
0.00
3.70
0.00
0.00
0.00
0.10
11.90
0.20
0.10
0.30
0.20
0.00
0.10
0.10
11.90
0.60
0.20
0.20
0.10
0.00
0.20
0.00
0.20
1.80
0.20
0.00
0.00
0.00
0.30
0.10
0.00
0.00
0.00
0.00
0.10
0.20
0.10
0.00
0.10
0.00
0.40
4.90
0.50
0.90
0.10
0.00
0.00
0.00
0.00
0.00
0.10
0.10
0.00
0.00
0.20
0.00
0.20
0.00
0.30
0.20
0.10
0.20
0.10
0.10
0.10
0.10
0.10
0.50
0.00
0.20
2.10
0.50
0.10
0.10
0.00
0.00
1.60
20.10
2.60
0.10
0.00
0.00
1.40
0.00
0.90
2.70
0.10
0.00
0.00
0.10
0.50
0.00
0.00
0.00
0.00
0.00
0.00
0.00
0.00
1.20
0.00
0.00
0.00
0.00
0.00
0.00
0.00
0.00
0.00
0.00
0.00
4.30
5.10
0.00
0.00
0.00
0.00
0.00
0.00
0.00
0.00
0.20
14.10
29.90
1.70
0.30
0.10
0.00
0.60
0.80
0.20
0.00
0.00
0.10
6.60
0.30
0.60
1.20
0.00
0.00
0.00
0.00
7.20
0.00
0.40
0.00
12.00
0.00
0.50
1.60
0.00
2.60
4.40
0.20
0.00
0.00
0.00
0.00
0.00
0.00
0.00
0.00
0.00
0.00
0.00
0.00
0.00
0.00
0.00
0.00
0.00
0.00
0.00
7.80
7.30
12.00
12.70
23.30
5.00
0.00
0.00
0.00
1.40
0.00
0.00
0.00
0.00
0.20
0.00
0.00
0.00
0.00
15.70
8.80
0.00
7.00
0.00
0.10
0.30
0.00
0.00
0.00
0.00
0.00
0.50
1.60
0.10
0.00
0.00
0.00
0.00
0.00
0.00
0.00
0.00
0.00
0.00
12.60
0.10
0.00
0.00
0.00
0.40
0.00
0.00
0.00
13.80
8.10
0.40
0.00
0.00
0.00
0.00
0.00
0.00
0.00
0.00
0.00
0.00
0.00
1.20
0.00
0.00
0.00
0.00
0.00
0.00
0.00
0.00
46.70
0.00
0.00
4.40
17.20
0.10
0.00
0.10
1.00
0.00
2.00
0.00
0.00
0.10
0.00
0.00
0.00
0.00
0.00
0.00
0.00
0.00
0.00
0.00
0.10
0.00
0.00
0.00
7.00
0.00
0.00
0.00
0.00
1.30
0.00
0.00
0.00
90.50
0.00
0.00
0.00
0.00
0.00
0.00
0.00
0.00
0.00
0.00
0.00
0.00
0.00
0.00
0.00
0.00
0.00
0.00
0.00
0.00
0.00
4.50
0.10
0.00
0.00
0.00
0.00
0.00
0.00
0.00
0.00
0.00
0.00
0.00
0.00
0.00
0.00
0.00
0.00
0.00
0.00
0.00
0.20
0.00
0.00
0.00
0.00
2.20
0.20
0.10
0.00
0.00
0.00
0.00
0.00
0.00
0.00
0.00
0.00
0.00
0.00
0.00
0.00
0.00
0.00
0.00
1.80
0.00
0.00
0.00
0.00
0.00
0.00
0.00
0.00
0.00
0.00
0.00
0.00
0.20
0.00
0.00
0.00
0.00
0.00
0.00
0.00
0.00
0.00
0.00
0.00
19.70
19.30
20.40
0.00
0.00
0.00
0.00
0.00
0.00
0.10
0.10
0.00
0.00
0.10
0.00
0.00
0.20
0.00
0.00
0.10
0.10
0.10
0.60
0.40
0.10
0.10
0.40
0.30
0.00
0.10
0.00
0.00
0.10
3.10
0.00
0.10
0.20
0.10
4.10
1.50
0.00
0.00
1.80
0.00
0.10
0.10
0.90
0.00
0.00
9.90
0.00
0.00
0.20
0.10
0.10
0.10
0.00
0.00
3.00
0.00
0.20
0.80
0.10
19.20
0.10
0.00
0.00
1.10
0.00
0.10
0.00
0.00
0.00
3.50
2.30
0.10
0.00
1.20
0.00
0.10
2.50
1.30
0.00
0.20
0.50
4.90
0.40
0.10
0.10
0.00
0.00
0.10
1.50
0.20
0.00
0.00
0.00
0.00
0.00
0.00
0.00
0.20
0.00
0.00
0.30
0.00
0.00
0.70
0.00
0.00
0.00
0.00
0.00
0.00
0.00
0.00
0.00
0.00
0.00
0.00
0.00
0.00
0.00
0.00
0.00
0.00
1.30
0.00
0.60
0.00
0.00
0.00
0.00
0.00
13.80
0.40
0.00
0.60
38.00
0.00
0.00
0.00
0.00
0.00
0.00
0.00
0.20
0.00
0.00
0.00
0.00
0.00
0.00
0.00
0.40
1.00
5.70
0.60
0.00
5.10
0.00
1.10
0.00
0.00
0.00
0.00
0.00
0.00
0.00
0.00
0.00
0.00
0.00
0.00
0.00
0.30
0.00
0.10
0.00
0.00
0.00
0.00
0.00
0.00
0.00
0.30
0.30
0.00
0.30
0.00
0.00
14.30
0.00
6.30
0.10
1.10
1.80
0.10
0.00
0.00
2.00
0.00
0.00
0.00
0.00
0.00
0.00
0.00
0.00
0.00
0.00
0.00
0.00
13.80
0.00
0.00
0.00
0.00
0.00
0.10
11.70
0.00
0.00
0.00
0.00
0.00
0.00
0.50
5.90
4.80
0.00
0.00
0.00
6.70
0.00
0.00
0.00
0.00
0.00
0.00
0.00
0.00
0.00
0.00
0.10
0.10
0.00
0.00
0.00
0.00
0.30
4.50
0.00
0.00
0.00
0.00
0.00
0.00
0.30
23.40
0.00
0.00
0.00
0.00
0.00
0.00
0.00
0.00
0.00
0.00
0.00
0.00
0.00
0.00
0.00
1.20
0.00
2.00
0.70
20.90
0.00
0.00
0.00
0.00
0.00
0.00
0.00
0.00
0.00
0.00
0.00
0.00
3.00
0.30
0.00
0.60
20.90
0.00
0.00
0.00
0.00
0.00
1.00
0.00
2.80
0.00
0.00
8.00
0.00
0.00
9.10
0.60
0.00
0.00
0.10
0.00
12.40
0.00
3.10
0.10
0.10
0.00
0.00
2.00
0.00
0.00
0.00
1.10
0.20
0.10
4.60
0.10
0.30
0.00
0.00
0.00
0.00
0.00
0.00
0.00
0.00
0.00
0.00
0.00
0.00
0.00
0.00
0.00
0.00
0.00
0.00
0.00
2.00
9.10
0.00
0.10
0.00
0.20
2.70
0.10
3.10
0.10
0.00
3.70
0.60
0.10
0.00
0.00
0.20
0.00
0.00
0.00
0.00
0.60
0.00
13.90
0.60
17.00
44.30
3.00
0.00
0.20
1.00
2.30
0.10
0.10
0.00
0.00
0.00
0.00
0.00
0.10
0.10
0.00
2.70
0.10
0.10
0.00
0.10
0.00
0.00
0.00
0.10
0.00
0.00
0.10
0.20
0.00
0.00
0.00
0.00
0.00
0.00
0.00
0.00
0.10
0.10
0.00
0.20
0.00
0.00
0.30
0.10
0.10
0.20
0.20
2.50
0.00
0.20
0.10
0.00
0.10
0.00
0.10
0.00
0.00
0.00
0.00
0.00
0.00
1.80
0.10
0.00
0.00
2.00
8.80
0.00
0.00
0.00
0.00
0.00
0.00
0.00
0.00
0.00
0.00
0.00
0.20
0.00
0.00
0.00
0.00
0.90
0.00
5.60
0.00
0.00
0.00
0.00
0.00
0.00
0.00
0.00
0.00
0.00
0.00
0.00
0.00
0.00
0.00
0.00
0.00
0.00
0.30
0.00
0.00
0.00
0.00
0.00
3.40
1.60
9.00
0.00
0.70
0.50
0.00
0.10
0.00
0.00
0.00
0.00
0.00
0.00
0.00
0.00
0.00
0.00
0.00
0.00
0.00
0.00
0.00
0.00
0.00
0.00
0.00
3.50
0.10
2.40
0.20
0.00
0.00
1.10
0.10
0.40
0.00
1.10
0.00
0.00
0.40
0.00
0.00
0.00
0.00
0.00
0.00
0.00
0.00
0.00
0.00
0.00
0.00
0.00
0.00
0.00
0.00
0.00
0.00
0.00
2.70
0.00
0.00
0.00
0.00
0.00
0.00
0.00
0.00
0.00
0.00
0.00
0.00
0.00
0.00
0.00
0.00
0.00
0.00
0.00
1.60
24.10
0.50
4.60
4.80
5.20
0.00
31.90
0.00
0.00
0.00
0.00
0.00
0.00
0.00
33.00
0.10
0.00
0.00
0.00
0.00
0.00
0.00
0.00
0.00
0.00
0.00
0.00
0.00
0.00
0.00
0.00
0.00
0.00
0.00
0.00
0.00
0.00
0.00
0.00
12.20
0.00
0.00
6.10
1.00
0.00
0.00
0.00
0.00
0.00
0.00
0.00
0.10
8.90
0.30
0.00
0.10
0.00
0.00
0.00
0.00
3.70
0.00
0.00
0.00
0.00
0.00
0.00
0.00
0.00
0.60
23.90
0.00
0.00
0.00
0.00
1.30
0.00
0.00
0.00
0.00
0.00
0.00
0.00
3.40
0.20
2.20
7.50
6.20
0.00
0.00
0.00
0.00
0.00
1.80
0.00
0.20
0.00
0.00
0.00
0.00
0.00
0.00
0.00
0.00
0.00
0.00
0.00
0.00
0.00
1.90
1.60
0.00
0.00
0.00
0.50
0.00
0.00
0.00
0.10
0.30
0.00
0.00
0.00
0.00
0.00
5.30
0.10
0.00
0.00
0.00
0.00
1.40
0.00
0.00
0.00
0.00
0.00
0.00
0.00
0.00
5.60
0.10
0.00
0.00
0.00
0.00
30.90
0.10
0.10
0.10
0.00
0.10
0.00
0.20
0.00
0.00
0.00
0.10
0.00
0.00
0.20
0.00
0.00
0.20
0.20
0.00
0.00
0.10
0.00
0.00
0.00
0.00
0.00
0.00
0.10
0.10
0.10
0.10
0.00
0.00
0.00
0.00
0.00
0.00
0.10
0.00
0.00
0.00
0.00
0.00
0.00
0.00
0.10
0.00
0.00
0.00
0.10
0.30
0.10
0.10
0.20
0.10
0.00
0.20
0.10
0.10
0.00
0.00
1.30
6.00
0.10
0.00
0.00
0.00
0.00
0.00
0.00
0.00
0.00
0.00
0.00
0.00
0.00
0.00
0.00
0.00
0.00
0.00
0.00
0.00
0.10
0.10
0.00
0.00
0.00
0.00
0.00
0.00
0.00
0.00
0.00
0.00
0.10
1.70
0.00
0.10
1.60
0.70
5.90
10.90
0.10
0.00
0.00
0.00
0.10
0.10
0.10
0.00
2.90
0.10
0.00
0.00
1.50
42.90
0.00
0.10
0.10
0.00
0.00
1.60
0.00
0.00
0.00
0.00
1.10
0.00
0.00
0.00
0.10
1.90
5.50
0.10
0.40
0.00
9.30
1.50
0.10
0.10
0.00
0.00
0.00
0.00
0.00
0.00
0.00
0.00
0.00
0.00
0.00
0.00
15.70
14.70
0.00
0.00
0.00
0.00
0.10
0.00
0.60
0.00
0.00
0.00
2.70
0.10
0.00
0.00
1.40
0.50
0.00
3.30
0.00
0.00
0.00
6.60
10.10
0.10
0.90
0.00
0.00
0.00
0.00
0.00
0.00
0.00
7.00
27.50
3.70
3.20
0.30
0.00
0.30
0.00
0.00
0.00
0.00
0.00
0.00
0.00
0.00
0.00
0.00
0.00
0.00
0.00
5.60
0.00
0.00
0.00
0.00
0.00
0.00
1.50
0.00
0.00
0.00
0.00
0.00
0.00
0.00
0.00
0.00
0.20
0.00
0.00
0.40
5.50
0.00
0.00
0.00
0.00
0.00
0.00
0.00
0.00
0.00
0.00
0.00
0.00
0.00
0.00
0.00
0.00
0.00
0.00
0.10
0.40
0.00
0.00
1.20
0.00
0.00
0.00
0.00
0.00
0.00
0.00
0.00
1.50
0.10
0.30
0.00
0.00
0.00
0.00
0.00
0.00
0.00
0.00
0.00
0.00
0.00
0.00
0.00
0.00
0.00
0.00
0.00
0.00
0.00
0.00
0.00
0.00
0.00
0.00
15.20
0.10
0.00
0.00
0.00
0.00
0.00
0.00
0.00
0.00
0.00
0.00
0.00
0.00
0.00
0.00
0.00
0.00
0.00
0.00
0.00
0.00
0.00
0.00
9.70
0.60
0.00
0.00
20.00
0.00
0.00
0.00
0.00
0.00
0.00
0.00
0.00
0.00
59.40
0.00
0.00
0.00
0.00
0.00
0.00
0.00
0.00
0.00
0.00
0.00
0.00
12.80
0.00
0.00
0.00
0.00
0.00
1.60
20.30
0.00
0.10
0.00
0.30
0.10
0.00
0.10
0.10
3.10
0.00
12.00
0.00
0.00
0.10
0.10
0.20
0.10
0.10
0.00
0.20
0.00
4.80
3.50
0.00
0.00
0.00
0.10
0.00
0.20
0.00
0.00
0.10
0.00
0.00
0.10
0.00
0.10
0.10
5.80
3.10
19.30
0.10
0.10
1.00
0.00
0.10
0.00
0.00
0.10
0.10
0.00
0.10
0.00
0.00
0.10
0.40
0.10
0.30
0.30
0.00
0.20
0.10
0.20
2.00
0.00
0.10
0.10
0.10
0.10
0.20
0.00
0.10
0.10
0.00
0.10
0.20
0.00
0.00
0.20
0.30
0.00
0.00
0.00
0.00
0.30
0.10
0.10
0.30
0.10
0.20
0.00
0.00
0.10
0.00
0.00
0.00
0.00
0.00
0.00
0.00
0.20
0.10
0.00
0.00
0.00
4.00
6.90
0.10
0.00
0.00
0.10
3.00
1.90
0.90
2.00
0.00
0.00
0.00
0.00
0.00
0.00
0.00
5.00
0.00
0.00
0.00
0.10
0.00
0.10
0.20
0.10
0.10
0.00
0.00
0.00
0.00
0.00
0.00
0.00
0.00
12.30
3.30
0.00
0.00
0.00
0.00
0.00
0.00
0.00
0.40
0.90
0.00
0.00
0.00
0.00
0.00
0.00
0.00
0.00
0.00
0.00
33.50
25.90
0.00
6.00
0.10
0.00
0.00
2.70
0.10
0.00
0.00
0.00
8.10
0.00
0.00
0.00
0.00
0.00
0.00
0.00
0.00
0.00
0.00
0.00
0.00
0.00
0.00
0.00
0.00
0.00
0.00
0.00
7.40
1.10
8.90
0.10
0.00
7.40
0.00
0.00
0.20
0.00
0.00
0.60
0.00
0.00
0.00
2.20
12.70
0.80
0.20
0.00
0.00
0.00
0.00
8.10
0.00
0.00
0.00
0.00
0.00
0.00
0.00
0.00
0.00
0.00
0.00
0.00
0.00
0.00
6.30
3.20
14.30
1.70
0.00
0.00
0.00
1.50
0.00
0.00
0.00
0.00
0.00
0.00
0.00
0.00
0.00
0.00
0.00
0.00
0.00
0.00
0.00
0.90
4.30
5.10
6.20
0.00
0.00
0.00
0.00
0.00
0.00
0.00
0.20
0.00
3.10
0.00
0.00
0.00
0.00
0.00
0.00
0.00
0.00
0.00
0.00
0.20
0.00
8.10
0.00
0.00
0.00
0.00
0.00
0.00
0.00
0.00
0.00
0.00
0.00
0.00
0.00
0.00
0.00
0.00
0.00
0.00
5.90
0.10
0.00
0.00
0.00
0.00
0.10
0.00
0.00
0.00
4.50
0.00
0.00
0.00
0.20
4.50
0.00
0.30
0.00
0.00
0.00
0.50
0.00
0.10
0.00
0.70
0.00
0.00
0.00
0.00
0.00
0.90
0.00
0.00
0.00
0.00
3.60
20.00
0.00
0.10
0.00
0.00
0.00
0.00
10.80
0.00
0.00
0.00
0.00
0.00
0.00
0.00
0.50
0.00
0.00
0.00
0.00
0.00
0.00
0.00
0.00
0.00
0.00
0.00
0.00
0.00
0.00
0.00
0.00
0.00
25.50
7.60
0.00
0.10
0.00
0.00
0.00
0.00
0.00
0.10
0.00
0.10
0.00
0.00
0.00
0.00
0.00
0.50
0.10
0.00
0.00
0.00
0.00
0.10
0.00
0.10
0.00
0.00
0.00
0.00
0.00
0.00
0.00
0.10
0.00
0.10
0.00
0.00
0.00
0.00
0.00
0.00
0.10
0.00
0.50
0.00
0.00
0.00
0.00
0.00
0.10
0.00
0.10
2.40
2.20
0.00
0.10
1.90
0.00
0.10
0.00
0.00
0.00
0.10
0.10
0.30
0.20
0.10
0.20
0.90
4.60
0.40
0.60
0.20
0.10
0.00
0.00
0.00
0.00
0.00
6.40
9.10
0.10
0.00
0.00
0.00
0.10
0.00
0.90
0.10
0.10
0.00
0.00
0.10
0.10
0.00
0.00
0.00
0.00
5.50
6.30
0.10
0.00
0.10
0.10
0.30
0.10
0.00
0.00
6.80
25.10
1.30
0.00
0.00
0.10
0.20
0.00
0.00
0.10
0.00
0.00
0.10
0.10
0.00
0.00
0.00
0.00
0.00
0.00
0.00
0.00
0.00
0.00
22.70
3.70
1.50
0.00
0.00
3.20
0.00
0.00
0.00
1.10
8.50
0.10
0.00
0.10
0.40
2.60
0.00
3.40
0.10
2.20
0.30
0.00
0.00
0.10
27.10
0.00
0.40
0.20
0.00
0.00
0.00
0.40
0.00
0.00
0.00
0.10
0.00
2.60
0.30
8.80
1.50
15.10
47.40
0.10
22.20
0.00
0.10
2.40
0.10
0.00
0.00
0.00
0.00
0.00
0.00
0.00
0.00
0.00
0.00
0.00
4.30
0.10
0.00
0.00
0.00
0.00
0.00
2.30
0.50
14.60
0.10
0.00
0.00
15.30
0.00
0.00
0.00
0.00
2.40
0.00
0.70
0.50
38.60
0.10
0.00
0.00
1.80
0.00
0.00
13.10
0.30
11.30
0.10
0.00
0.70
0.00
0.00
0.00
2.50
0.10
0.00
0.00
1.00
0.00
0.10
0.00
0.00
0.00
0.00
0.00
0.00
0.00
0.00
0.00
0.00
0.00
0.00
0.00
0.00
6.60
2.30
0.00
0.00
0.00
0.00
0.00
0.00
0.00
0.00
0.00
0.00
0.00
0.00
0.00
1.10
0.00
0.00
0.00
0.40
0.00
0.00
0.00
2.60
0.00
0.30
0.00
0.00
0.00
0.00
0.00
0.00
0.00
0.00
0.00
0.00
0.00
0.00
0.00
0.00
0.00
0.00
5.40
0.30
0.00
0.00
1.40
0.00
0.00
0.00
0.00
0.40
0.10
0.00
0.00
0.00
2.60
0.00
0.00
0.00
0.00
0.00
0.50
0.00
0.00
0.00
0.00
0.00
0.20
0.00
0.10
0.00
0.00
0.00
0.00
0.00
0.00
0.00
0.00
0.00
0.00
0.00
0.00
0.00
0.00
0.00
0.00
0.00
0.00
0.00
0.00
0.00
0.00
0.00
0.00
0.00
0.00
0.00
0.00
0.00
0.00
0.20
0.00
0.00
16.90
7.10
0.10
0.00
0.00
66.80
1.90
0.10
0.20
0.80
2.30
1.00
0.00
0.10
0.10
0.20
0.10
1.30
9.10
1.60
0.00
1.30
19.00
0.00
0.00
0.10
0.10
26.40
0.10
0.10
2.10
9.00
0.00
0.10
0.00
0.00
0.00
0.40
0.00
0.30
1.90
0.00
5.80
0.20
0.20
1.40
0.30
0.90
2.50
0.10
0.10
0.10
2.40
0.10
0.00
0.10
0.30
0.30
0.30
0.00
0.20
0.10
0.10
0.30
0.10
7.00
0.00
0.10
1.70
0.00
0.10
0.20
0.00
0.00
0.00
0.30
0.20
0.00
0.30
0.40
0.20
0.00
0.20
0.00
0.00
0.20
0.10
0.00
0.10
0.00
0.10
0.20
0.10
0.10
0.00
0.00
0.10
0.00
0.10
0.20
0.10
0.00
0.20
1.30
0.00
0.10
1.30
0.00
0.00
0.00
0.10
0.00
0.80
0.00
1.20
9.10
0.10
0.00
0.00
0.00
0.00
0.00
0.10
0.10
0.00
0.00
0.00
0.10
0.00
0.00
0.00
0.00
0.00
0.00
0.00
0.00
0.00
0.00
0.00
0.00
0.00
0.00
0.00
0.00
0.00
0.00
0.00
0.00
1.00
0.00
0.00
0.00
0.00
0.00
0.00
0.00
0.00
0.00
0.00
0.00
0.00
0.00
0.00
0.00
0.00
0.00
0.00
0.00
0.00
0.00
0.00
0.00
0.00
0.00
0.10
0.00
0.10
0.00
6.90
2.60
0.10
0.40
0.70
0.00
0.00
0.00
0.00
0.00
0.80
0.00
0.00
0.00
0.00
4.10
0.80
1.10
0.50
0.40
1.60
0.00
0.00
0.00
0.00
0.00
0.00
0.00
2.40
0.10
0.00
0.00
0.00
0.00
0.00
0.00
0.00
0.00
0.00
0.00
0.00
2.90
4.80
0.00
7.20
0.00
0.00
0.00
1.10
28.20
0.10
0.00
0.00
0.00
0.00
0.00
0.00
0.00
0.00
0.00
0.00
0.10
0.00
0.00
0.00
0.00
0.60
5.30
0.00
0.00
0.00
0.00
0.00
0.00
0.00
0.00
0.40
1.20
0.00
0.00
0.00
0.00
0.00
0.00
0.00
0.00
0.00
0.00
0.00
0.00
0.00
0.00
0.20
0.50
16.20
31.30
0.00
0.00
0.00
0.00
0.00
0.00
0.00
0.30
0.00
0.00
0.00
0.00
0.00
0.00
0.00
0.00
0.00
3.20
0.00
0.00
0.00
0.00
0.00
0.00
0.00
0.00
0.00
0.00
0.00
0.00
0.00
0.00
0.00
0.00
0.00
0.00
0.00
0.00
0.00
0.00
0.00
21.60
0.10
0.00
0.00
0.00
0.00
0.00
1.30
0.00
0.00
0.00
0.00
0.00
0.00
0.00
0.00
0.00
0.00
0.00
0.00
0.00
0.50
0.00
0.00
0.40
0.80
0.10
0.00
0.00
0.00
0.00
0.00
4.00
0.00
0.00
0.00
0.00
0.00
0.00
0.00
0.00
0.00
0.00
0.00
0.00
0.00
0.00
0.00
0.00
0.00
0.00
0.00
0.00
0.00
0.00
15.70
0.10
0.00
0.00
0.20
0.00
5.50
0.10
115.40
5.90
0.10
0.10
0.10
0.00
0.00
0.10
0.10
0.30
0.80
5.70
1.00
1.10
0.00
0.00
0.00
0.00
0.40
0.00
0.10
0.30
0.00
2.40
0.80
0.10
0.10
0.00
0.20
0.10
0.00
11.80
1.20
0.00
0.00
0.50
0.10
0.00
0.00
0.00
0.10
0.10
0.20
7.60
7.80
0.30
0.10
0.40
0.10
0.00
0.10
2.20
0.60
0.00
0.00
0.00
0.20
0.00
3.30
17.10
5.30
1.10
0.00
0.00
0.10
0.30
0.00
0.00
0.30
0.10
0.00
0.00
0.00
0.20
0.10
0.30
0.20
0.40
0.00
0.20
1.40
0.10
0.30
0.10
0.10
0.20
0.20
0.00
0.10
7.00
0.10
21.20
37.60
14.20
0.00
0.00
1.50
0.10
0.00
0.10
0.00
0.10
0.20
0.10
0.20
0.20
0.00
0.00
0.00
0.00
0.00
0.00
0.00
0.10
0.00
0.10
0.00
0.20
0.20
0.00
0.00
0.10
0.00
0.10
0.00
0.10
0.00
0.00
0.00
0.00
0.00
1.70
9.30
0.40
0.00
0.10
0.00
0.00
0.00
0.00
0.00
0.00
0.00
0.00
0.00
7.80
15.00
2.30
0.00
0.00
0.00
0.00
0.00
0.50
1.10
1.30
7.40
0.10
0.00
0.00
0.00
10.20
12.00
0.60
0.00
0.00
0.00
0.00
1.10
0.00
0.00
0.00
0.00
0.00
5.90
1.10
0.00
0.00
0.00
0.00
2.60
13.40
30.70
0.70
0.60
0.00
0.00
0.00
13.10
0.10
0.00
0.00
0.00
0.00
0.00
0.00
0.00
0.00
0.00
0.00
0.00
20.80
0.00
1.90
4.40
8.00
0.70
18.10
0.00
0.00
0.00
0.00
0.00
0.00
0.00
0.00
0.00
0.00
0.00
0.00
0.60
0.00
6.50
10.40
0.10
4.60
2.00
0.00
3.00
0.50
0.00
0.80
0.00
0.10
0.00
0.00
0.00
0.10
9.70
0.00
8.30
0.00
0.00
0.00
0.00
0.00
0.00
0.10
0.00
0.00
0.00
0.00
1.00
0.00
0.20
3.30
0.00
0.00
0.00
0.00
0.00
0.00
0.00
0.00
0.00
3.30
0.20
0.00
0.00
0.00
0.00
0.00
0.00
0.00
0.00
0.00
1.90
0.00
0.00
0.00
0.00
0.00
0.00
0.00
0.00
0.00
0.00
0.00
0.00
0.00
0.00
0.00
0.00
0.30
0.20
0.00
0.00
0.00
0.00
0.00
0.00
0.00
0.00
0.00
0.00
0.00
0.00
0.00
0.00
0.00
0.00
0.70
0.00
0.00
0.00
0.00
0.00
0.00
0.00
0.00
0.00
0.00
0.20
17.20
0.10
0.00
0.00
0.00
0.00
0.00
0.00
0.00
2.70
1.70
0.00
0.00
0.00
0.00
0.00
0.00
0.30
0.00
0.00
0.00
0.00
0.00
10.50
0.00
0.00
0.00
0.00
0.00
0.00
0.00
0.00
0.00
0.00
0.00
0.00
0.00
0.00
0.00
0.00
0.00
0.00
0.00
3.80
0.00
0.00
0.80
0.10
0.00
0.00
0.00
0.00
0.00
0.00
0.00
7.20
20.80
3.00
8.30
16.20
0.30
0.30
0.00
0.30
0.00
0.20
0.50
0.10
0.00
0.10
0.10
0.10
0.00
0.00
0.10
0.10
0.10
0.00
0.10
3.20
0.30
0.20
0.20
0.50
0.10
0.00
0.00
0.10
0.00
6.90
0.00
0.20
1.70
5.30
0.00
0.00
0.00
0.30
0.10
0.00
0.20
2.40
1.10
0.30
0.20
0.40
0.30
0.10
0.00
0.10
0.30
0.00
0.00
0.20
0.00
0.40
0.00
0.00
0.00
0.00
0.10
0.10
38.40
7.90
0.00
0.00
0.10
0.10
0.00
0.20
0.10
0.00
0.20
0.40
0.10
3.90
3.20
0.20
0.20
0.00
0.00
0.00
0.10
0.50
0.00
0.00
0.00
0.00
0.00
0.00
0.00
0.10
2.20
2.00
2.70
0.00
4.90
0.20
1.30
0.00
0.00
0.00
0.10
0.00
0.00
0.00
12.10
0.00
0.00
0.00
0.10
0.40
0.00
0.00
0.00
0.00
0.00
0.00
0.00
0.00
0.00
0.00
0.00
0.00
0.00
0.00
0.00
