20000101
-99.00
-99.00
-99.00
-99.00
-99.00
-99.00
-99.00
-99.00
-99.00
-99.00
-99.00
-99.00
-99.00
-99.00
-99.00
-99.00
-99.00
-99.00
-99.00
-99.00
-99.00
-99.00
-99.00
-99.00
-99.00
-99.00
-99.00
-99.00
-99.00
-99.00
-99.00
-99.00
-99.00
-99.00
-99.00
-99.00
-99.00
-99.00
-99.00
-99.00
-99.00
-99.00
-99.00
-99.00
-99.00
-99.00
-99.00
-99.00
-99.00
-99.00
-99.00
-99.00
-99.00
-99.00
-99.00
-99.00
-99.00
-99.00
-99.00
-99.00
-99.00
-99.00
-99.00
-99.00
-99.00
-99.00
-99.00
-99.00
-99.00
-99.00
-99.00
-99.00
-99.00
0.00
0.00
0.00
0.00
0.00
0.00
0.80
0.40
0.00
2.20
0.20
0.00
3.00
19.60
1.00
3.80
0.00
4.20
0.00
0.40
1.40
1.00
6.20
0.80
0.00
0.00
3.40
3.80
16.60
0.00
0.00
0.00
0.00
1.20
1.40
1.60
0.00
0.00
0.00
0.20
8.80
0.00
0.00
0.00
1.00
1.00
0.00
0.00
0.00
0.00
0.00
0.00
0.20
0.00
0.00
0.00
1.20
1.40
0.20
0.00
0.00
0.00
0.00
0.00
5.20
0.20
0.00
0.00
0.00
5.60
0.00
0.00
0.00
4.00
7.80
0.00
0.00
0.00
0.00
0.00
0.00
0.20
0.00
4.40
2.20
0.00
0.00
0.00
40.10
9.40
0.60
2.40
1.60
0.00
0.00
0.00
0.00
0.20
0.00
0.00
0.00
0.00
0.00
0.00
0.00
0.00
2.20
0.00
0.00
0.20
0.00
0.00
0.00
0.00
0.00
0.00
0.00
0.00
5.20
4.60
0.20
0.00
0.00
0.00
0.00
0.00
0.00
0.80
0.00
0.00
0.20
1.20
0.00
1.00
0.00
0.00
0.60
0.20
0.00
0.00
0.00
0.00
0.00
0.00
0.00
0.00
0.00
0.00
0.00
0.00
0.00
0.20
0.00
0.00
0.00
0.00
0.00
0.00
0.00
0.00
2.00
0.00
0.00
0.00
0.20
0.00
0.00
0.00
0.00
6.60
5.20
0.00
0.00
1.00
0.00
0.00
0.00
0.00
0.00
0.00
0.00
0.00
0.00
0.00
0.00
0.00
0.00
0.00
1.00
7.80
4.20
0.20
0.20
0.00
0.20
0.00
0.00
0.00
3.60
2.80
15.40
0.20
0.20
0.00
0.00
0.00
0.00
0.00
0.00
0.00
2.40
3.20
1.80
11.00
4.20
19.80
0.60
0.20
0.20
0.20
0.20
0.40
0.20
0.20
0.20
0.20
0.20
0.00
0.20
0.00
0.00
5.80
0.00
0.20
2.20
0.20
0.20
1.00
0.00
0.00
0.00
0.00
0.20
0.00
1.20
7.00
0.00
0.00
0.00
0.00
0.00
3.20
0.00
0.20
3.80
0.00
0.00
1.80
2.00
0.20
0.60
1.20
0.00
1.00
1.00
0.20
0.00
0.20
0.00
0.00
0.00
0.20
0.00
0.20
0.00
0.20
6.40
0.20
0.20
0.00
0.20
0.20
0.20
36.60
52.20
12.00
0.00
0.00
0.00
0.00
0.00
0.40
0.00
0.00
0.00
0.00
0.00
0.00
0.20
1.60
0.20
0.20
0.00
0.20
6.20
53.10
10.60
24.80
29.30
0.00
0.20
1.60
0.00
0.00
0.20
0.80
0.00
0.00
0.20
0.00
22.40
8.00
0.00
0.00
0.00
0.00
0.00
0.20
0.00
0.00
0.00
0.40
0.20
0.00
0.00
0.20
0.20
10.60
0.00
0.00
0.20
0.00
0.00
0.20
0.00
0.00
0.00
0.00
0.00
0.00
0.00
0.00
0.00
0.40
0.00
0.00
0.40
0.00
0.80
7.40
0.00
4.40
0.20
8.20
0.80
0.20
0.00
1.80
0.00
0.00
0.20
0.00
0.00
0.00
0.00
0.20
0.40
1.20
0.20
3.00
7.20
0.20
0.00
0.00
0.20
0.00
0.00
0.00
0.00
4.80
0.00
0.00
0.00
0.00
0.00
0.00
0.00
0.00
0.00
0.40
0.00
6.80
1.20
0.60
0.00
0.00
0.00
0.00
0.00
0.00
0.00
0.00
0.60
0.80
1.00
0.80
0.00
1.20
0.00
0.00
0.00
0.00
0.00
0.00
0.00
0.00
0.00
0.00
0.00
4.80
0.60
0.00
0.00
1.80
0.00
0.00
0.00
0.00
0.00
0.00
0.00
0.00
0.00
0.20
0.00
0.00
0.00
0.00
0.00
0.00
0.00
0.00
0.00
7.20
0.00
0.00
0.60
0.00
0.00
0.00
0.00
0.00
0.00
0.00
0.00
0.00
0.00
0.00
0.00
0.00
0.20
0.20
0.00
0.00
0.00
0.00
1.40
0.00
0.00
0.00
0.00
0.00
0.00
0.00
0.00
0.00
0.00
0.00
13.80
0.20
0.00
0.00
14.40
0.00
0.00
0.20
0.00
0.00
0.00
0.00
0.00
0.00
0.00
0.00
0.00
0.00
0.00
0.00
0.00
0.00
0.00
0.00
0.00
0.00
0.00
0.00
0.00
0.00
0.00
0.00
0.00
0.00
0.00
0.00
0.00
0.00
0.00
0.00
0.00
0.00
0.00
0.00
0.20
0.00
4.80
6.20
0.00
0.00
20.90
0.20
0.00
0.00
0.00
0.00
4.80
0.80
0.00
0.00
0.00
0.00
0.00
0.00
0.00
0.60
0.00
0.00
0.20
26.30
0.00
4.00
0.00
0.20
0.00
5.80
23.70
0.00
0.20
0.20
0.00
0.40
0.20
0.00
0.00
0.00
1.00
0.00
0.00
0.40
0.40
0.20
0.20
0.00
0.20
14.50
0.20
11.80
0.00
0.20
1.00
0.20
0.20
0.20
0.20
0.00
0.20
0.00
0.00
0.00
0.00
0.00
0.20
0.00
0.00
0.00
1.80
1.80
0.00
2.60
0.40
0.00
0.20
44.80
21.10
17.90
0.00
0.40
0.00
0.20
0.20
0.00
0.00
0.00
0.00
0.00
0.00
0.00
0.40
0.20
0.20
0.20
0.00
0.20
0.20
0.00
0.00
0.00
0.20
0.00
0.00
0.20
1.00
0.00
0.00
0.00
0.00
0.00
0.00
0.20
0.00
0.00
0.00
0.00
0.00
0.00
0.00
0.00
0.00
0.00
1.00
3.00
6.40
3.40
0.20
0.00
0.20
0.20
0.00
0.20
0.20
0.00
2.20
0.20
0.00
0.00
0.00
0.00
0.00
0.20
0.20
0.00
0.00
0.20
0.00
0.00
0.20
0.00
0.20
0.40
0.00
0.20
0.20
0.00
0.00
4.40
2.00
0.00
0.00
0.00
0.00
0.00
0.20
0.00
10.40
1.20
10.80
2.60
0.20
0.00
0.00
0.00
0.00
0.00
0.00
0.20
0.20
0.00
0.00
0.00
5.20
0.00
0.20
3.40
0.20
0.00
0.00
0.00
0.00
0.00
0.00
1.40
1.80
0.00
0.00
0.00
0.00
0.00
0.00
0.00
0.00
0.00
0.00
0.00
0.00
0.00
0.80
11.20
0.20
0.00
0.00
7.00
116.00
1.00
0.00
0.20
20.00
1.80
13.60
24.00
47.70
7.00
0.20
0.80
0.20
0.00
0.00
0.20
0.00
0.20
0.00
0.00
0.00
0.00
0.00
0.00
0.00
0.00
0.00
0.00
0.60
3.60
3.80
6.60
0.60
1.80
47.20
36.40
3.20
4.00
1.40
0.00
0.00
0.00
0.00
0.20
0.00
3.00
0.00
0.00
0.20
0.00
0.60
0.00
0.20
9.00
2.20
0.00
0.00
0.00
0.00
0.20
0.00
0.20
10.20
11.20
2.40
0.00
13.60
0.00
0.00
0.00
0.20
0.00
0.20
0.00
0.00
0.00
0.00
0.00
0.00
0.00
0.00
0.00
0.20
0.00
0.00
0.00
0.00
10.70
0.00
0.00
0.00
0.00
0.00
0.00
0.00
0.00
0.00
0.00
0.20
0.00
9.40
0.20
0.00
0.60
0.00
0.00
0.00
0.00
0.00
0.00
0.00
0.00
0.00
0.00
0.00
0.00
0.00
0.00
0.20
4.80
14.20
0.20
0.00
0.00
9.60
7.20
0.00
0.60
22.10
9.60
0.20
0.00
0.00
0.00
0.00
0.00
0.00
0.00
2.00
0.00
0.00
0.20
0.00
1.80
2.20
3.60
3.20
0.00
0.00
0.00
0.00
0.00
0.00
24.50
0.40
0.20
0.00
4.20
0.80
0.00
0.00
0.00
16.50
6.20
0.20
0.20
0.20
0.00
0.20
0.00
0.20
0.40
0.00
0.00
0.00
0.00
0.00
0.00
0.00
0.00
0.00
0.00
0.00
0.00
0.00
0.00
0.20
0.00
0.60
85.30
14.20
0.40
0.00
0.00
0.20
0.00
0.20
2.80
0.20
0.00
0.20
0.40
0.00
13.20
0.00
0.20
0.20
0.20
0.00
0.00
0.20
1.00
0.00
0.20
0.20
0.20
0.00
4.80
0.60
0.00
0.00
0.00
0.00
0.00
0.00
4.00
0.40
0.00
0.20
0.20
0.00
10.60
0.20
0.00
0.60
14.80
0.80
0.00
0.00
0.20
0.00
0.20
1.00
0.00
0.00
0.00
0.00
0.00
0.00
0.00
0.40
68.80
0.20
0.20
0.00
0.00
0.20
0.20
0.00
0.00
0.00
0.00
0.20
0.20
0.00
0.40
0.20
0.20
0.00
0.00
0.00
4.40
0.20
0.00
0.00
0.00
0.00
0.80
90.50
0.00
2.60
0.20
0.00
0.00
0.00
0.00
0.00
0.00
0.20
0.20
0.20
2.40
0.20
0.00
0.00
0.00
0.00
0.00
0.00
0.00
0.00
0.00
0.00
0.00
0.00
0.00
0.00
0.40
0.00
0.00
0.00
0.00
1.20
0.40
0.00
0.00
0.00
0.00
0.00
0.00
0.00
0.00
13.80
18.00
17.40
4.20
0.00
0.40
0.60
29.00
13.60
0.00
0.20
1.40
0.20
0.20
0.20
0.60
0.00
0.00
0.00
0.20
0.20
0.00
0.20
0.00
0.40
0.00
0.20
0.20
0.20
0.00
0.00
0.00
0.20
0.00
0.20
0.00
0.00
8.80
1.80
24.40
0.60
0.00
4.20
0.00
0.00
0.00
0.00
0.00
2.00
20.40
9.60
0.00
0.00
0.00
0.00
0.00
0.00
0.00
0.00
0.20
0.00
0.00
0.00
0.20
0.00
0.00
0.20
0.00
0.00
0.00
0.00
0.00
0.00
0.00
0.00
0.00
0.00
0.20
0.00
0.00
0.00
0.20
0.00
0.00
0.00
0.00
0.20
6.60
0.00
7.40
0.00
0.00
0.00
0.00
0.20
9.60
8.40
0.00
0.00
0.00
0.00
0.00
0.00
0.00
0.00
0.00
5.40
0.20
0.00
0.00
0.00
0.00
0.00
0.00
0.00
0.00
0.40
0.00
0.00
0.00
0.00
0.00
0.00
0.00
0.00
0.20
0.00
0.00
0.00
0.00
0.00
0.00
0.00
2.80
1.60
0.00
0.00
0.20
0.00
0.00
0.00
0.00
0.00
0.00
0.00
0.00
0.00
0.00
0.00
0.20
0.00
0.00
0.00
0.00
0.00
0.00
0.00
0.00
0.00
0.00
0.00
0.00
0.00
0.00
0.00
0.00
0.00
0.00
0.00
0.00
0.00
0.00
0.00
0.00
0.00
0.00
0.00
0.00
0.00
10.30
0.00
0.00
3.40
0.20
0.00
0.00
0.80
0.00
0.00
0.00
0.00
0.00
0.00
6.00
2.20
2.00
0.00
0.00
3.20
0.00
18.50
3.20
0.20
0.00
0.00
0.00
0.00
0.00
0.00
0.00
0.00
0.00
0.20
0.00
0.20
17.90
0.40
0.00
0.00
0.00
17.80
19.10
0.00
6.00
2.60
0.00
0.00
0.80
0.40
0.00
0.00
0.00
0.00
0.00
0.00
0.00
1.40
0.00
7.40
38.60
57.30
18.60
7.80
0.20
0.20
0.60
3.00
0.20
0.00
24.00
1.20
0.80
0.00
0.00
2.00
0.00
0.20
0.20
0.20
0.20
0.20
0.20
0.20
1.00
0.00
0.20
0.20
0.00
0.00
12.90
2.20
0.00
0.00
0.20
0.00
0.60
0.60
6.80
1.20
0.00
0.20
2.80
0.20
0.00
0.00
12.00
11.20
49.60
15.00
9.80
0.00
7.80
1.60
0.20
3.00
0.20
0.00
0.00
0.20
0.00
0.00
0.00
1.80
2.00
0.20
0.00
0.60
0.00
0.00
0.00
0.20
0.20
2.60
0.00
0.00
0.00
0.00
0.00
0.00
0.00
0.00
0.00
0.20
0.00
0.40
0.80
0.20
0.20
0.00
0.00
0.00
0.00
1.60
0.40
0.00
0.60
0.00
0.00
10.00
8.20
0.20
0.40
13.40
0.00
0.00
0.00
0.00
0.00
0.00
0.00
0.20
0.00
0.20
0.00
0.00
0.00
0.00
0.00
0.00
0.00
0.00
0.20
3.00
0.00
0.40
0.40
35.40
12.20
0.00
0.20
0.00
0.40
8.20
0.00
0.20
0.00
0.00
0.00
0.00
0.00
0.00
0.20
0.00
0.00
0.00
0.00
0.00
0.40
6.60
0.00
0.00
0.20
0.20
0.00
0.20
0.00
0.00
0.40
0.20
0.00
0.00
0.00
1.40
0.00
37.90
26.90
0.40
0.00
0.40
0.40
0.00
0.20
0.00
1.40
2.80
0.00
0.00
0.00
0.00
0.00
1.00
0.40
105.10
7.20
15.00
4.80
0.00
0.20
0.40
0.00
0.00
0.00
0.00
0.00
12.00
45.30
1.00
0.20
0.00
18.80
0.60
35.20
1.20
9.00
0.20
0.00
0.60
15.40
5.80
0.00
0.00
0.00
0.00
0.00
0.20
0.00
0.00
0.00
9.40
0.00
0.20
0.00
0.20
0.00
0.20
0.00
0.40
0.00
0.00
0.00
0.00
0.00
0.00
0.00
0.00
0.20
0.00
0.00
0.20
0.00
0.00
8.40
0.00
1.00
0.00
0.00
10.60
1.20
0.00
0.00
0.00
0.00
0.00
0.00
0.00
0.00
0.00
0.00
0.00
0.00
0.00
0.00
0.20
0.20
0.40
2.40
0.20
4.80
3.40
0.00
0.00
0.00
0.00
0.00
0.00
0.00
0.20
0.20
0.00
0.00
0.20
0.00
0.00
0.00
0.00
0.00
0.00
0.00
0.00
0.00
0.00
0.60
3.00
0.00
0.20
0.00
0.00
0.00
0.20
0.00
0.00
0.00
0.00
0.00
0.00
0.20
0.00
0.00
0.00
0.20
0.00
0.00
0.00
0.00
0.00
0.00
0.00
1.80
8.40
0.00
0.20
0.20
8.20
0.00
0.20
0.20
0.40
0.20
0.20
0.00
0.80
0.00
0.20
9.00
4.80
0.00
0.00
0.20
0.20
0.00
0.00
0.00
0.00
0.00
0.00
0.00
0.00
0.00
0.00
0.20
0.20
0.00
0.00
0.20
0.00
0.00
0.20
0.00
0.20
0.00
2.40
1.40
0.00
1.20
2.40
0.20
0.00
0.00
0.00
0.00
0.00
0.00
0.20
0.00
1.20
23.50
0.40
0.00
0.00
12.00
26.60
0.80
0.20
0.00
0.00
0.20
0.00
0.00
0.00
1.20
0.20
0.00
0.00
0.00
0.00
0.00
0.00
0.00
0.00
0.20
0.00
0.20
0.20
0.20
0.20
0.00
0.20
0.20
0.00
12.40
0.00
7.40
0.00
0.20
6.80
0.40
0.00
25.20
23.00
2.60
0.00
0.20
3.80
0.00
0.00
0.20
0.20
0.00
0.00
0.00
0.20
0.00
0.00
0.00
0.20
1.80
0.20
0.00
0.20
0.40
0.00
0.00
0.00
0.00
0.00
0.00
0.20
0.20
0.20
0.20
0.20
0.20
0.00
0.20
0.00
0.20
0.20
0.00
0.00
0.60
0.00
0.00
0.00
0.00
0.20
0.20
0.00
0.00
0.00
0.00
0.00
0.00
0.00
0.00
0.00
0.00
0.00
0.00
27.20
29.80
55.40
7.00
0.20
0.40
0.00
3.80
0.20
0.00
0.00
0.00
0.00
1.20
0.00
0.00
0.00
0.00
0.00
0.00
0.00
0.20
0.00
0.00
0.00
3.60
0.00
0.40
0.00
0.00
0.00
0.00
0.00
0.00
0.20
0.20
0.00
0.00
0.20
0.00
0.20
0.00
0.20
0.20
0.00
0.80
0.80
0.00
0.00
7.20
0.00
4.60
4.80
0.00
0.00
0.00
6.80
0.20
0.00
0.20
0.00
4.60
0.00
0.00
0.00
0.00
0.00
0.00
2.60
3.40
0.20
1.20
0.20
0.20
0.00
0.00
0.00
0.40
0.20
0.00
0.00
0.00
0.00
0.20
0.00
0.40
0.00
5.40
0.20
0.00
0.00
0.00
0.40
0.80
0.20
0.00
0.40
0.80
0.00
2.40
74.10
0.00
0.00
0.00
0.00
0.40
0.00
0.00
0.20
0.00
0.00
0.20
0.20
0.20
0.00
0.00
0.00
0.00
0.00
0.00
0.00
0.00
0.00
0.00
0.20
6.80
0.20
0.40
6.80
0.00
0.00
0.00
0.00
0.00
0.00
0.00
0.00
0.00
0.20
0.20
0.20
0.20
0.20
0.00
0.00
0.00
0.00
0.00
0.20
0.00
0.00
0.00
2.60
12.60
0.00
0.00
0.00
0.00
0.00
0.00
0.00
0.20
0.20
0.00
0.00
0.00
0.00
0.00
0.00
0.00
0.00
0.20
0.00
0.20
0.20
0.00
6.20
0.20
0.00
0.00
0.00
0.00
0.00
0.00
0.00
2.80
1.20
0.00
0.00
0.00
0.00
0.00
0.00
1.60
0.20
17.00
0.00
0.00
0.00
0.00
0.00
0.00
1.20
0.20
0.00
0.00
0.20
0.00
0.00
0.00
0.20
4.20
12.00
12.20
40.50
0.00
1.00
0.60
0.20
0.80
0.00
0.00
0.20
2.80
0.00
0.00
0.00
0.00
0.00
0.00
0.00
16.00
0.00
0.00
0.00
0.40
0.00
4.60
4.60
0.00
0.00
5.40
0.00
0.00
0.20
0.00
0.20
14.20
24.60
72.60
27.40
21.90
0.80
0.00
5.80
0.00
0.00
0.00
0.20
0.20
0.00
0.20
0.20
0.20
0.20
0.20
0.20
0.00
0.20
0.00
0.20
1.00
0.00
0.00
0.00
0.20
22.80
3.40
0.00
4.00
31.90
26.60
0.40
0.20
0.00
0.00
0.00
0.00
0.00
0.20
0.00
0.00
3.60
1.40
0.20
0.00
0.20
0.00
0.00
0.00
3.40
0.20
0.00
0.00
0.20
0.00
0.00
0.00
0.00
0.00
0.00
0.00
0.00
0.00
0.00
0.00
0.00
0.00
0.00
0.00
0.20
0.20
0.00
0.20
0.00
0.00
0.00
0.00
0.00
8.40
0.20
0.00
0.00
1.20
7.80
13.40
0.00
0.20
0.20
0.20
0.20
2.00
0.60
0.20
0.20
0.00
0.20
0.00
0.00
0.00
0.00
0.00
0.00
0.00
0.40
15.00
44.80
27.80
10.00
0.20
0.00
0.20
0.20
0.00
0.00
0.00
0.00
0.20
0.00
0.00
0.00
0.00
0.00
0.00
0.20
4.00
0.00
0.00
0.00
0.00
0.00
0.00
0.00
0.00
0.00
10.20
0.80
0.00
0.00
0.20
0.00
0.00
0.60
0.00
2.20
0.00
5.20
0.40
4.60
0.00
0.00
0.00
0.00
0.00
0.00
6.00
7.00
0.00
0.00
5.00
0.00
0.00
0.00
0.00
0.00
0.20
0.00
0.00
0.00
0.00
0.00
0.00
0.20
8.60
0.20
0.00
0.00
0.20
0.00
0.00
0.00
0.00
0.00
0.00
0.00
0.00
0.00
0.00
0.00
0.20
0.00
0.00
0.00
0.20
0.00
0.00
0.00
0.00
0.00
0.00
0.00
0.00
0.00
0.00
0.20
0.00
20.10
0.00
0.00
0.00
0.20
1.20
0.00
0.00
0.00
0.20
0.00
0.00
0.00
0.00
0.00
0.40
0.00
0.00
0.00
0.00
0.00
0.00
0.00
0.20
0.00
0.00
0.00
0.00
0.00
0.00
0.00
0.00
0.00
0.20
0.00
0.00
0.20
0.00
0.20
0.20
0.20
0.00
0.00
0.00
0.00
0.00
0.00
0.00
0.00
0.00
0.00
0.00
0.00
0.00
0.00
0.00
0.00
0.00
0.00
1.20
0.00
0.00
0.00
0.00
0.00
0.00
0.00
0.00
0.00
0.00
0.00
0.00
0.00
0.00
0.00
0.00
0.00
0.00
0.00
0.00
0.00
1.00
0.00
0.00
0.00
0.00
0.00
0.00
0.00
0.00
0.00
0.00
0.00
0.00
0.00
0.00
20.00
2.00
0.00
13.20
0.20
0.00
0.00
0.00
0.00
0.00
0.00
1.80
15.80
4.60
0.20
0.00
0.00
0.00
0.40
0.00
0.00
0.00
0.00
0.00
0.00
0.00
0.20
0.00
0.00
0.20
0.20
3.80
72.00
27.80
0.00
1.80
0.20
0.00
0.00
0.00
0.00
0.00
8.00
4.20
0.60
0.00
0.00
0.00
0.00
0.00
0.00
0.20
0.00
0.00
0.00
0.00
0.00
0.00
0.20
0.00
30.30
16.80
0.20
0.20
0.00
0.00
0.20
44.40
0.00
0.20
0.00
0.20
0.00
0.00
0.00
0.00
0.00
0.20
0.00
0.00
0.00
0.00
0.00
0.00
0.00
0.00
0.00
0.00
0.00
0.00
0.00
0.00
0.00
0.00
0.00
0.00
0.00
0.60
0.00
0.00
0.00
0.00
0.00
0.00
0.20
0.00
0.00
0.00
0.00
0.00
0.00
0.00
0.00
0.00
0.00
0.00
6.60
0.00
0.00
0.00
0.00
1.80
0.00
0.00
0.00
14.00
0.20
0.20
0.00
0.00
0.00
0.00
0.00
0.00
0.00
0.00
0.00
0.00
0.00
0.00
0.00
0.00
0.00
0.00
0.00
0.00
0.00
0.00
0.00
0.00
0.00
0.00
0.00
0.00
0.00
0.00
0.00
0.00
0.00
0.00
0.00
0.00
0.00
0.80
2.60
0.00
0.00
0.00
0.20
0.00
0.00
0.00
2.00
0.00
0.00
0.00
0.00
0.00
1.00
0.00
3.00
0.00
0.00
0.00
10.40
0.00
2.20
0.00
0.00
48.80
14.20
0.20
0.00
0.00
0.20
0.60
0.20
2.20
0.20
0.00
0.00
0.00
0.00
0.00
0.20
0.00
0.00
2.40
1.00
0.00
0.00
0.00
0.00
0.00
0.00
0.00
0.00
0.00
0.00
7.20
0.00
0.00
0.00
0.00
0.20
0.00
0.60
0.00
1.20
0.40
7.00
0.60
0.20
0.20
22.00
0.20
1.60
0.00
0.00
0.00
0.60
3.80
4.40
18.20
26.80
5.60
1.00
0.00
0.20
0.00
0.00
0.00
0.20
0.20
0.00
0.00
0.00
0.00
0.00
0.20
0.00
0.00
16.00
1.00
4.00
2.00
0.00
0.00
0.00
0.00
0.00
0.00
0.00
0.20
0.00
8.60
0.00
0.00
0.00
0.20
0.00
0.00
0.00
0.00
0.00
0.00
0.00
0.00
0.00
0.80
0.00
0.00
3.00
0.20
0.00
0.00
0.00
0.00
0.20
0.00
0.00
0.00
0.00
0.20
0.20
0.00
0.00
0.40
0.00
0.00
0.60
0.20
0.00
0.00
0.00
0.00
0.00
0.00
0.20
0.00
0.00
0.00
0.00
0.60
0.20
0.00
1.00
0.00
0.00
0.00
0.00
0.00
0.60
0.60
0.00
0.00
0.00
0.00
0.00
0.00
0.00
0.00
0.00
0.00
0.00
0.00
0.00
0.00
0.00
0.00
0.00
0.00
0.00
0.00
0.00
0.00
0.00
0.00
0.00
4.20
1.00
9.00
0.00
0.00
0.00
0.00
0.20
0.00
0.00
0.00
0.00
0.00
15.60
0.00
11.00
1.80
0.00
0.00
0.20
0.00
0.00
0.00
-99.00
-99.00
-99.00
-99.00
-99.00
0.20
0.20
0.00
0.20
0.00
0.00
0.00
0.00
0.00
0.00
0.20
0.00
0.00
0.00
0.00
0.00
0.00
0.00
0.00
0.00
0.00
0.00
0.00
0.00
0.00
0.00
0.00
0.00
0.60
0.20
0.40
1.60
0.80
0.00
0.00
0.20
0.00
0.00
4.60
0.00
0.00
0.20
0.20
0.00
0.40
0.00
0.00
0.00
0.00
0.00
0.00
0.00
0.40
0.80
0.00
0.00
0.20
0.00
0.00
0.00
0.00
0.00
0.00
0.00
0.20
0.00
0.00
0.00
0.00
0.00
0.00
0.00
0.20
0.00
0.00
0.00
0.00
0.00
0.20
0.00
15.80
1.60
0.00
0.00
0.00
0.00
0.00
0.00
0.00
0.00
0.20
0.00
0.00
0.00
0.00
0.20
0.80
0.00
0.20
0.00
0.00
0.00
0.00
10.60
3.20
0.20
1.40
0.20
0.00
9.20
32.00
3.60
0.00
0.20
0.00
0.00
0.20
0.20
0.00
0.00
0.00
0.20
12.20
20.40
3.40
0.00
0.00
0.00
0.20
0.00
2.40
0.80
0.00
0.00
0.00
0.00
0.00
0.00
0.00
0.00
0.00
0.20
0.00
0.00
0.20
0.00
0.00
0.20
0.00
0.00
0.00
0.80
0.00
3.20
2.40
0.20
0.20
0.00
0.20
0.00
0.20
0.20
0.00
0.20
0.20
0.20
0.20
0.00
1.20
4.60
3.20
0.20
0.20
0.00
0.60
0.80
0.00
0.20
0.20
0.20
0.00
0.20
0.20
0.60
0.60
0.00
0.00
0.00
13.40
0.20
0.00
0.00
0.20
0.00
0.20
0.00
0.20
0.00
0.80
0.00
0.00
13.20
0.20
0.60
0.00
4.60
0.20
0.00
0.00
7.60
1.20
0.00
0.00
0.00
0.00
0.00
0.00
0.00
0.00
0.00
1.00
1.20
0.00
1.40
5.40
0.00
0.00
12.40
3.20
0.00
0.80
4.60
0.20
0.80
0.20
0.00
0.00
0.20
7.00
0.20
3.00
0.20
0.00
0.20
0.00
0.00
0.00
0.00
0.00
15.60
12.00
0.40
1.40
0.20
0.00
0.00
0.00
0.40
6.60
0.20
0.00
0.00
1.00
0.00
0.20
18.80
2.20
11.60
0.00
2.20
0.20
0.00
22.60
13.10
1.20
0.00
0.80
0.20
0.00
0.00
0.00
0.00
0.00
0.00
27.60
0.20
2.60
0.40
2.60
0.00
0.20
0.00
0.00
0.20
0.00
0.00
0.00
0.00
2.60
0.00
0.00
0.00
0.00
0.00
0.00
0.00
0.00
0.00
0.00
0.00
0.00
0.00
0.60
24.70
0.40
0.00
0.00
0.00
0.00
0.00
0.00
0.20
0.00
0.00
0.00
0.00
0.20
2.00
0.00
0.00
0.00
0.00
0.00
0.00
0.00
0.00
0.00
0.20
0.00
0.20
0.00
0.00
0.00
0.00
0.00
0.00
15.10
6.00
0.00
0.00
0.20
0.00
0.00
0.00
20.00
0.00
0.00
0.00
0.00
0.00
0.00
0.00
0.00
0.00
0.00
0.00
0.20
0.00
0.00
0.60
0.00
0.00
0.00
0.00
19.50
0.80
0.00
0.00
0.00
0.00
0.00
0.20
0.00
0.00
0.00
0.20
0.00
0.00
0.00
0.00
0.00
0.20
0.00
0.00
0.00
0.40
0.00
0.00
0.00
0.00
0.40
8.20
0.00
0.00
0.00
0.20
0.60
0.20
0.00
1.00
2.60
15.20
0.00
0.20
0.00
0.20
0.00
0.80
0.00
0.00
0.20
11.40
0.20
0.00
6.20
6.60
23.60
0.00
0.20
0.20
0.80
0.20
0.00
0.20
0.20
0.00
4.40
0.00
0.00
0.00
0.00
0.20
0.00
0.00
0.00
0.00
0.20
0.00
6.40
0.20
0.00
1.80
0.20
1.60
0.00
0.00
0.00
5.20
0.00
0.00
0.00
0.00
0.00
18.60
0.00
0.00
0.00
2.00
5.00
0.40
1.40
0.00
0.00
0.00
0.00
0.00
0.00
0.00
0.40
0.00
40.10
7.40
1.00
7.20
0.00
0.00
0.00
0.00
0.00
0.00
0.20
1.00
0.00
0.00
13.00
17.60
0.20
0.20
0.00
0.00
0.00
0.20
0.00
0.20
0.40
0.00
0.00
1.20
2.60
1.40
0.00
0.00
0.00
0.40
0.40
0.60
14.20
15.20
1.20
26.20
0.20
0.00
0.00
0.00
0.00
0.00
0.80
0.00
0.20
0.00
0.00
0.00
0.00
0.00
0.00
0.00
0.00
0.00
0.00
0.00
0.00
0.00
0.00
0.20
0.40
4.40
10.40
0.00
1.60
0.00
1.00
0.00
0.00
0.00
0.00
0.00
0.00
0.00
0.00
0.00
0.00
0.00
0.00
0.20
0.00
0.00
0.00
0.00
0.00
0.00
0.00
0.00
12.00
2.60
0.00
9.20
2.00
5.00
0.20
0.20
0.00
0.00
10.60
8.00
0.00
0.00
2.20
16.20
0.00
0.20
0.40
1.00
4.20
0.20
1.00
10.40
0.20
0.00
0.00
0.00
0.40
7.00
1.20
10.60
1.60
10.00
0.20
0.00
0.00
0.00
0.20
0.00
0.00
0.00
0.00
0.00
0.00
0.00
0.00
20.20
0.20
0.00
0.00
0.00
0.00
0.20
0.00
0.00
0.20
0.00
0.20
0.20
0.00
0.00
0.00
0.00
0.20
0.20
0.00
0.00
0.00
16.50
0.00
0.20
0.00
0.00
0.00
0.20
0.00
0.00
0.00
0.00
0.00
0.00
0.00
3.60
0.00
0.00
0.00
0.00
0.20
0.00
26.70
0.00
0.00
0.20
0.20
0.00
0.00
0.00
1.20
2.00
0.20
0.80
2.00
0.00
0.00
0.00
0.00
0.20
1.40
0.20
0.00
0.60
0.00
0.00
0.00
0.00
0.00
0.20
0.00
0.00
0.00
0.00
0.00
0.00
0.00
0.00
0.00
5.40
0.00
0.00
0.20
0.00
0.40
0.00
0.00
0.00
0.00
0.00
0.00
0.00
0.00
0.00
0.20
0.00
0.00
0.00
0.00
0.00
0.00
0.00
0.00
0.00
0.20
0.00
0.00
0.00
0.00
3.20
0.20
0.00
0.00
0.00
0.00
0.00
0.20
0.00
0.20
0.00
0.00
0.00
20.50
0.00
0.00
4.40
2.20
0.00
0.00
0.00
0.00
0.00
0.20
0.00
0.00
0.00
0.20
0.00
0.60
0.00
0.00
0.00
0.00
0.20
0.00
0.00
0.20
0.60
0.80
0.00
0.20
0.00
0.00
0.00
0.00
0.00
0.00
0.00
9.20
29.30
17.20
0.00
0.00
0.00
0.00
0.20
0.20
0.20
0.00
0.20
0.00
4.20
0.00
10.80
23.50
0.00
8.60
0.00
0.20
0.00
0.00
0.00
0.20
0.00
0.00
0.20
0.20
0.00
0.00
0.20
0.20
0.00
0.00
0.20
0.00
0.00
1.60
0.20
3.00
8.80
0.00
0.00
0.00
0.20
0.00
0.00
0.20
0.00
0.20
0.00
0.20
0.20
0.00
0.00
0.00
0.00
0.00
0.00
0.00
0.00
0.00
5.20
0.00
0.60
0.00
2.40
0.00
0.00
0.20
0.20
0.00
8.00
0.20
0.00
2.80
18.00
0.00
12.80
0.00
0.00
0.00
0.00
4.80
0.00
1.60
0.00
0.20
0.20
0.00
0.00
1.60
0.00
0.20
0.00
0.20
0.00
0.20
0.00
0.00
0.00
0.00
0.20
0.00
0.00
0.00
10.80
1.00
0.20
0.20
37.30
11.40
0.00
0.00
0.00
0.00
0.00
3.00
30.20
0.20
11.80
11.80
0.00
0.00
0.00
0.00
0.20
0.20
0.00
0.00
0.00
0.00
3.20
25.40
0.80
3.80
0.00
3.20
22.80
16.40
0.60
0.00
0.00
0.00
0.00
0.20
0.00
0.00
0.00
0.00
0.00
1.40
14.60
0.20
0.00
0.80
0.00
0.00
0.00
0.00
0.00
0.80
5.60
0.20
0.20
5.80
0.00
0.00
0.20
0.00
0.00
0.00
0.00
5.80
0.00
0.20
0.20
0.00
0.00
0.00
0.00
0.00
0.00
0.40
1.60
0.20
0.00
0.00
0.00
0.00
0.00
0.20
4.20
5.00
26.60
65.00
9.00
1.40
1.20
0.40
0.80
0.20
0.00
5.40
9.20
0.00
0.00
0.00
0.00
0.00
0.00
0.00
0.00
0.00
0.00
0.20
0.00
0.00
0.00
2.40
0.00
0.00
0.00
0.00
0.00
0.00
0.00
0.00
0.40
0.00
0.00
0.00
0.40
2.80
0.00
0.40
2.00
0.00
0.00
0.40
1.00
16.70
0.20
0.00
0.00
0.00
0.00
0.20
0.00
0.00
0.00
0.00
0.00
0.00
0.00
0.00
7.80
0.00
0.00
0.00
0.00
0.00
0.00
0.00
0.00
0.00
0.00
0.00
0.00
0.00
0.00
0.00
0.00
0.00
0.00
0.00
0.00
0.00
0.00
0.00
0.00
0.20
0.00
0.00
0.00
4.40
0.00
0.00
0.00
0.00
0.00
0.00
6.20
0.20
0.00
23.50
0.00
0.40
0.20
0.00
0.00
0.00
4.00
0.00
0.20
0.00
0.00
0.00
0.00
0.00
0.00
0.00
0.00
0.00
0.00
0.00
0.00
0.00
0.00
0.20
0.00
13.00
3.00
0.20
0.00
0.00
0.20
0.00
0.00
0.00
4.20
24.00
0.00
0.40
0.00
15.00
0.00
1.40
25.00
0.00
0.00
0.00
0.10
0.00
0.00
0.00
0.00
0.00
0.10
0.00
0.00
0.00
0.10
0.00
62.00
25.70
24.40
5.30
0.00
0.00
0.00
0.00
0.00
0.00
0.00
0.00
0.00
0.00
0.00
0.00
0.00
0.00
0.00
0.00
0.10
1.90
0.20
0.00
0.00
0.00
0.00
0.10
10.00
0.00
0.00
0.00
0.00
0.00
0.00
0.00
6.30
0.00
0.00
0.00
0.00
0.00
0.60
0.00
0.00
0.00
0.00
0.00
1.10
0.20
7.40
30.10
0.10
0.00
0.10
0.00
0.00
0.00
0.00
0.00
0.00
0.00
0.00
0.00
0.00
0.00
0.00
0.00
0.60
0.00
0.00
0.00
1.10
11.60
8.00
0.20
0.00
0.00
0.00
0.00
0.00
0.00
0.10
0.00
0.00
0.00
0.00
0.00
0.00
0.00
0.00
0.20
0.00
0.00
0.00
0.00
0.20
0.10
0.10
0.00
0.00
0.00
0.00
0.00
0.00
0.00
0.00
0.00
0.00
3.40
14.20
30.00
8.10
0.40
0.00
0.00
0.00
0.00
0.00
0.20
0.00
0.00
0.10
0.00
0.00
0.00
0.10
0.60
0.00
0.00
21.60
0.00
0.00
0.00
1.30
0.20
0.00
0.00
0.00
0.00
0.00
0.00
0.00
0.30
1.10
8.80
1.20
0.10
0.00
0.00
0.00
0.00
0.00
49.50
0.70
25.10
37.80
10.20
0.40
0.00
0.00
0.00
0.00
0.00
0.00
0.00
0.00
0.00
0.00
1.20
0.00
0.10
1.30
0.00
0.00
0.00
0.00
0.00
0.00
0.00
0.00
0.00
0.00
0.00
0.00
0.00
0.00
0.00
0.00
0.00
0.00
0.00
0.00
0.00
11.40
9.60
0.00
0.00
0.00
0.00
8.70
0.00
0.00
0.10
0.10
1.00
0.10
0.00
0.00
0.00
0.00
0.00
0.00
0.00
0.50
0.00
16.70
0.00
0.00
0.00
0.00
0.00
0.00
0.00
0.00
0.00
0.00
0.00
0.00
0.00
0.00
0.00
0.20
0.40
0.00
0.20
0.00
18.50
0.10
0.00
22.60
0.90
0.00
3.40
0.00
0.00
7.80
0.00
0.00
0.00
0.00
0.00
0.00
0.00
0.00
0.00
0.00
0.00
0.00
0.00
0.00
0.00
0.00
0.00
0.00
0.00
0.00
0.90
0.00
0.00
0.00
0.00
0.00
0.00
0.00
2.20
9.80
0.00
0.00
0.00
0.20
0.00
8.70
0.00
0.00
0.00
0.00
0.00
0.40
51.90
1.50
0.00
0.00
0.00
0.00
0.00
0.00
0.00
0.00
8.60
0.00
0.00
0.00
0.00
0.00
0.00
0.00
0.00
2.60
0.00
0.00
0.00
0.00
0.00
0.00
0.00
0.00
0.00
0.00
0.00
1.50
0.00
0.00
0.00
0.00
0.00
0.00
0.00
0.60
0.40
1.90
0.00
0.00
0.00
0.00
0.00
0.00
0.00
0.00
0.00
0.00
0.00
0.00
37.10
0.20
0.00
0.00
0.00
0.00
0.10
0.00
0.00
0.00
0.00
0.00
0.10
0.00
0.00
0.00
0.00
0.00
0.00
0.00
0.00
0.00
0.00
0.00
0.00
0.00
0.00
0.00
0.00
0.00
0.00
6.00
0.00
0.00
0.00
0.00
27.00
0.10
0.00
28.00
65.60
0.60
0.10
0.00
0.00
0.30
8.60
31.00
10.00
48.20
0.40
0.20
0.10
0.00
0.10
0.00
5.60
1.10
14.90
3.90
0.00
0.10
8.80
1.00
30.90
0.90
0.00
0.00
0.10
0.00
0.10
0.00
0.30
0.10
0.20
0.00
0.00
0.20
0.00
0.00
0.00
0.10
0.00
0.00
0.10
0.10
0.00
0.00
0.00
0.00
0.00
0.00
0.00
0.00
0.00
0.00
0.00
0.00
0.00
0.00
0.00
0.00
0.00
0.00
0.00
0.00
3.10
0.00
0.10
0.00
0.00
0.00
0.00
0.00
0.00
0.00
0.00
0.10
0.10
0.00
12.70
3.30
0.00
0.10
0.00
0.00
0.00
0.10
0.00
0.00
0.00
0.00
0.20
0.00
0.00
0.00
0.00
1.40
0.00
0.00
0.00
0.00
0.00
0.00
0.00
0.00
0.00
0.00
0.00
0.00
0.00
0.00
0.00
0.00
0.80
0.00
0.00
0.00
0.00
0.00
0.00
0.00
0.00
0.00
0.00
0.00
0.00
0.00
0.00
0.00
0.00
0.00
0.00
0.00
0.00
0.00
0.00
0.00
0.00
0.00
0.00
0.00
0.00
0.00
4.90
10.80
22.00
0.00
0.10
0.00
0.00
0.00
0.00
0.00
0.00
0.00
0.00
0.00
4.80
2.80
0.00
0.00
0.80
0.10
0.00
3.80
0.00
1.10
0.00
5.40
0.00
0.00
0.00
2.60
20.50
0.10
0.00
0.50
0.00
5.70
0.00
0.00
0.00
2.80
0.00
1.00
0.00
0.00
0.00
0.00
0.00
0.00
0.00
0.00
0.00
0.00
0.00
0.00
7.10
2.50
0.00
0.00
0.10
0.10
0.80
57.70
12.70
4.70
0.00
0.00
0.00
0.00
0.00
0.00
0.00
0.00
0.00
0.00
0.00
4.50
0.10
0.00
0.00
0.00
0.00
0.00
0.40
0.10
0.80
0.00
0.00
0.00
0.00
0.00
0.00
0.00
0.00
0.00
0.00
0.00
0.00
0.00
0.00
0.00
0.00
0.00
0.00
3.30
0.00
0.00
0.00
22.70
0.00
0.00
0.00
0.00
0.00
0.00
0.00
0.00
0.00
0.00
0.00
0.00
0.00
0.00
0.00
0.00
0.00
0.00
0.00
0.00
0.00
0.10
0.00
0.00
0.00
0.00
0.00
0.00
0.00
0.00
0.00
0.70
0.00
0.00
0.00
0.00
2.40
0.00
0.00
0.00
0.00
0.00
0.00
0.00
0.00
0.00
0.00
0.00
0.00
0.00
0.00
0.00
0.00
0.00
0.00
10.20
0.00
0.00
0.00
0.00
0.00
0.00
0.00
0.00
0.00
0.00
0.00
0.00
26.20
0.00
0.00
0.00
0.00
0.00
3.00
0.00
0.00
0.00
0.00
0.00
0.00
0.00
1.70
0.10
0.10
28.20
0.10
0.00
0.00
0.00
0.00
0.00
0.00
0.00
0.00
0.00
0.00
1.50
0.50
0.00
4.40
0.00
0.00
0.00
2.40
1.80
4.80
41.20
1.80
0.10
0.00
5.80
25.50
0.40
0.00
0.00
20.00
45.90
0.10
0.00
0.00
0.00
0.70
2.10
0.00
0.00
0.10
0.00
0.60
0.00
0.00
0.00
0.00
0.00
0.30
7.80
0.00
0.10
0.10
0.00
0.10
0.00
0.00
14.90
4.80
0.80
0.00
0.00
0.00
0.00
0.00
1.40
0.10
0.00
0.00
0.00
0.00
0.00
0.00
0.00
0.00
0.00
0.00
0.00
0.00
0.00
0.10
0.00
0.10
0.00
0.00
0.00
0.00
0.00
0.00
0.00
0.00
0.00
0.00
0.10
0.00
0.00
0.00
0.00
0.00
0.00
0.10
0.40
0.00
0.00
0.70
0.90
0.00
0.00
0.00
0.00
0.00
0.90
0.00
2.90
0.00
0.00
0.00
0.00
0.50
0.80
0.00
0.00
0.00
0.00
0.00
2.40
0.00
0.00
2.70
0.00
0.00
0.30
0.00
0.30
0.80
0.50
0.00
0.00
0.00
0.00
0.00
2.30
0.00
0.10
1.20
1.70
0.00
0.00
0.00
0.00
0.10
9.30
28.90
0.00
0.00
0.80
34.80
9.50
0.00
0.20
0.40
0.10
0.40
30.50
0.60
0.00
0.00
0.00
1.30
0.50
0.00
4.30
0.00
0.00
0.00
0.00
0.00
0.80
0.40
6.00
0.00
0.20
0.10
25.70
0.80
0.10
5.00
1.00
0.40
0.00
0.20
0.10
0.00
0.00
0.00
0.00
0.00
0.00
0.00
0.00
0.00
2.40
0.00
0.00
0.00
0.00
0.00
10.30
0.30
15.80
4.60
10.20
0.50
0.00
0.00
0.00
0.00
0.00
0.00
0.00
2.40
0.10
0.00
0.00
0.00
0.00
0.60
0.00
3.20
0.20
10.30
9.30
0.50
0.00
0.00
0.10
1.00
2.00
0.00
0.00
5.30
8.60
2.40
3.00
0.00
0.00
0.00
0.00
0.00
0.00
0.00
21.20
4.10
0.00
0.00
0.00
0.00
0.00
0.00
0.00
0.00
0.00
0.00
0.00
5.30
0.00
0.00
0.00
0.00
0.00
0.00
0.00
0.00
0.00
0.00
0.00
0.00
0.00
0.00
0.00
0.00
0.00
0.00
0.00
0.00
0.00
0.00
0.20
0.00
10.00
0.20
5.50
16.50
0.00
0.00
0.00
1.70
0.00
0.00
0.00
0.00
0.00
1.50
0.00
0.00
0.00
0.00
0.00
0.00
0.00
0.00
1.90
1.70
0.00
0.00
0.00
0.00
0.00
0.00
0.00
0.00
3.70
0.00
0.20
0.00
0.00
0.00
0.00
26.00
0.00
0.40
0.80
0.00
0.00
0.00
0.00
0.00
0.00
0.00
0.00
0.00
0.00
6.00
0.10
0.00
14.40
0.20
0.00
0.00
0.00
17.30
0.00
0.00
0.00
0.00
0.00
0.00
0.00
0.00
0.00
0.00
0.00
0.00
0.00
9.10
0.10
0.00
0.00
0.00
7.50
0.40
0.00
0.00
0.00
0.00
2.10
2.70
0.10
0.00
0.00
0.00
0.00
0.00
0.00
0.00
0.10
0.10
0.00
0.00
0.00
0.00
0.00
0.10
0.00
0.00
0.00
0.00
0.00
0.00
0.00
0.10
0.00
0.00
0.00
0.00
0.00
0.00
0.00
0.00
0.00
0.00
0.00
11.10
66.90
55.00
7.00
0.00
0.00
0.00
0.00
0.00
0.00
0.00
0.20
0.00
0.00
1.90
0.00
0.00
0.00
0.00
0.00
0.00
0.00
0.10
0.10
0.00
0.00
0.00
0.10
0.10
0.10
0.00
0.00
0.00
8.40
0.20
0.00
0.00
0.00
0.00
0.00
0.00
0.00
0.40
0.00
0.00
0.10
0.00
0.00
0.00
0.10
0.00
0.00
0.00
0.00
0.10
0.00
0.00
0.20
1.90
0.10
0.00
0.00
0.00
3.50
6.50
0.10
0.00
4.90
0.00
0.30
1.00
0.00
3.50
0.10
0.00
0.10
0.00
0.60
0.00
0.00
0.00
0.00
0.00
2.10
0.00
2.20
5.20
0.00
0.00
0.00
0.00
0.00
3.30
0.20
0.00
0.00
0.00
0.70
0.00
0.00
0.00
0.00
5.70
0.20
0.30
0.00
0.00
2.40
0.00
0.00
0.00
0.00
0.00
0.00
0.00
0.00
0.00
0.00
0.00
0.00
0.00
0.00
0.00
0.00
0.00
0.00
2.90
1.00
0.00
8.80
0.10
0.50
0.00
0.30
1.60
0.00
0.00
0.00
44.20
1.80
0.00
0.00
0.00
0.00
0.00
0.00
7.60
0.10
0.00
0.00
0.00
0.00
0.00
0.00
0.00
1.60
0.10
6.30
0.00
0.00
0.80
3.20
0.20
0.00
0.10
0.10
1.10
3.90
0.00
0.00
0.00
0.00
0.00
0.00
0.00
0.00
1.10
0.00
2.20
0.00
0.00
0.00
0.00
0.00
0.00
2.90
1.50
0.20
0.00
0.00
0.00
10.60
2.30
2.70
1.40
0.00
0.00
0.00
0.00
0.00
0.00
0.00
0.00
0.00
0.00
0.00
0.00
0.00
0.00
0.00
0.00
0.20
0.00
3.90
5.70
0.00
0.00
0.00
0.00
0.00
5.20
0.10
0.60
0.00
0.00
1.40
0.00
0.00
0.00
0.00
3.90
0.00
0.00
8.20
0.00
0.20
0.00
0.00
0.00
0.00
8.90
0.00
0.00
0.00
0.00
0.00
43.90
0.00
0.00
0.00
0.00
2.20
0.00
0.00
22.30
0.20
0.00
0.00
1.70
5.70
0.10
0.00
0.00
0.00
0.00
0.10
1.00
0.00
0.00
0.00
1.60
0.10
0.00
0.00
0.00
0.00
0.70
0.20
0.50
34.20
0.20
0.00
0.00
0.00
0.00
0.00
0.70
0.70
0.10
0.00
0.00
0.00
0.00
0.00
0.00
0.00
0.10
1.30
0.00
0.00
0.00
0.00
2.50
1.80
0.40
1.20
0.00
0.00
0.00
0.00
0.00
0.00
0.00
0.10
0.00
0.00
61.90
24.90
0.10
0.00
0.00
0.00
0.00
3.40
0.00
0.00
0.00
0.00
0.00
0.00
0.10
0.00
0.00
0.00
0.00
0.00
0.00
0.10
0.00
0.10
0.00
0.00
0.00
0.00
0.00
0.00
0.10
0.10
0.00
0.00
0.00
0.00
2.90
16.60
0.00
0.00
0.00
0.00
0.00
0.40
0.20
0.00
0.10
0.10
0.00
0.00
0.00
0.00
0.00
0.00
0.00
0.00
0.00
2.20
0.10
3.10
2.40
0.80
41.00
73.30
1.50
0.00
0.00
7.80
0.20
0.00
0.00
0.30
0.00
0.00
0.00
0.00
0.10
1.50
28.80
0.00
0.70
0.00
0.00
0.00
0.00
0.20
0.00
0.10
0.00
0.00
1.30
0.00
0.00
0.00
0.00
0.00
0.00
0.00
0.00
0.00
0.00
0.10
0.00
0.10
0.00
0.10
-99.00
-99.00
-99.00
-99.00
-99.00
-99.00
-99.00
-99.00
-99.00
-99.00
-99.00
-99.00
-99.00
-99.00
-99.00
-99.00
-99.00
-99.00
-99.00
-99.00
-99.00
-99.00
-99.00
-99.00
-99.00
-99.00
-99.00
-99.00
-99.00
-99.00
-99.00
-99.00
-99.00
-99.00
-99.00
-99.00
-99.00
-99.00
-99.00
-99.00
-99.00
-99.00
-99.00
-99.00
-99.00
-99.00
-99.00
-99.00
-99.00
-99.00
-99.00
-99.00
-99.00
-99.00
-99.00
-99.00
-99.00
-99.00
-99.00
-99.00
-99.00
-99.00
-99.00
-99.00
-99.00
-99.00
-99.00
-99.00
-99.00
-99.00
-99.00
-99.00
-99.00
-99.00
-99.00
-99.00
-99.00
-99.00
-99.00
-99.00
-99.00
-99.00
-99.00
-99.00
-99.00
-99.00
-99.00
-99.00
-99.00
-99.00
-99.00
-99.00
-99.00
-99.00
-99.00
-99.00
-99.00
-99.00
-99.00
-99.00
-99.00
-99.00
-99.00
-99.00
-99.00
-99.00
-99.00
-99.00
-99.00
-99.00
-99.00
-99.00
-99.00
-99.00
-99.00
-99.00
-99.00
-99.00
-99.00
-99.00
-99.00
-99.00
-99.00
-99.00
-99.00
-99.00
-99.00
-99.00
-99.00
-99.00
-99.00
-99.00
-99.00
-99.00
-99.00
-99.00
-99.00
-99.00
-99.00
-99.00
-99.00
-99.00
-99.00
-99.00
-99.00
-99.00
-99.00
-99.00
-99.00
-99.00
-99.00
-99.00
-99.00
-99.00
-99.00
-99.00
-99.00
-99.00
-99.00
-99.00
-99.00
-99.00
-99.00
-99.00
-99.00
-99.00
-99.00
-99.00
-99.00
-99.00
-99.00
-99.00
-99.00
-99.00
-99.00
-99.00
-99.00
-99.00
-99.00
-99.00
-99.00
-99.00
-99.00
-99.00
-99.00
-99.00
-99.00
-99.00
-99.00
-99.00
-99.00
-99.00
-99.00
-99.00
-99.00
-99.00
-99.00
-99.00
-99.00
-99.00
-99.00
-99.00
-99.00
-99.00
-99.00
-99.00
-99.00
-99.00
-99.00
-99.00
-99.00
-99.00
-99.00
-99.00
-99.00
-99.00
-99.00
-99.00
-99.00
-99.00
-99.00
-99.00
-99.00
-99.00
-99.00
-99.00
-99.00
-99.00
-99.00
-99.00
-99.00
-99.00
-99.00
-99.00
-99.00
-99.00
-99.00
-99.00
-99.00
-99.00
-99.00
-99.00
-99.00
-99.00
-99.00
-99.00
-99.00
-99.00
-99.00
-99.00
-99.00
-99.00
-99.00
-99.00
-99.00
-99.00
-99.00
-99.00
-99.00
-99.00
-99.00
-99.00
-99.00
-99.00
-99.00
-99.00
-99.00
-99.00
-99.00
-99.00
-99.00
-99.00
-99.00
-99.00
-99.00
-99.00
-99.00
-99.00
-99.00
-99.00
-99.00
-99.00
-99.00
-99.00
-99.00
-99.00
-99.00
-99.00
-99.00
-99.00
-99.00
-99.00
-99.00
-99.00
-99.00
-99.00
-99.00
-99.00
-99.00
-99.00
-99.00
-99.00
-99.00
-99.00
-99.00
-99.00
-99.00
-99.00
-99.00
-99.00
-99.00
-99.00
-99.00
-99.00
-99.00
-99.00
-99.00
-99.00
-99.00
-99.00
-99.00
-99.00
-99.00
-99.00
-99.00
-99.00
-99.00
-99.00
-99.00
-99.00
-99.00
-99.00
-99.00
-99.00
-99.00
-99.00
-99.00
-99.00
-99.00
-99.00
-99.00
-99.00
-99.00
-99.00
-99.00
-99.00
-99.00
-99.00
-99.00
-99.00
-99.00
-99.00
-99.00
-99.00
-99.00
-99.00
-99.00
-99.00
-99.00
-99.00
-99.00
-99.00
-99.00
-99.00
-99.00
-99.00
-99.00
-99.00
-99.00
-99.00
-99.00
-99.00
-99.00
-99.00
-99.00
-99.00
-99.00
-99.00
-99.00
-99.00
-99.00
-99.00
-99.00
-99.00
-99.00
-99.00
-99.00
-99.00
-99.00
-99.00
-99.00
-99.00
-99.00
-99.00
-99.00
-99.00
-99.00
-99.00
-99.00
-99.00
-99.00
-99.00
-99.00
-99.00
-99.00
-99.00
-99.00
-99.00
-99.00
-99.00
-99.00
-99.00
-99.00
-99.00
-99.00
-99.00
-99.00
-99.00
-99.00
-99.00
-99.00
-99.00
-99.00
-99.00
-99.00
-99.00
-99.00
-99.00
-99.00
-99.00
-99.00
-99.00
-99.00
-99.00
-99.00
-99.00
-99.00
-99.00
-99.00
-99.00
-99.00
-99.00
-99.00
-99.00
-99.00
-99.00
-99.00
-99.00
-99.00
-99.00
-99.00
-99.00
-99.00
-99.00
-99.00
-99.00
-99.00
-99.00
-99.00
-99.00
-99.00
-99.00
-99.00
-99.00
-99.00
-99.00
-99.00
-99.00
-99.00
-99.00
-99.00
-99.00
-99.00
-99.00
-99.00
-99.00
-99.00
-99.00
-99.00
-99.00
-99.00
-99.00
-99.00
-99.00
-99.00
-99.00
-99.00
-99.00
-99.00
-99.00
-99.00
-99.00
-99.00
-99.00
-99.00
-99.00
-99.00
-99.00
-99.00
-99.00
-99.00
-99.00
-99.00
-99.00
-99.00
-99.00
-99.00
-99.00
-99.00
-99.00
-99.00
-99.00
-99.00
-99.00
-99.00
-99.00
-99.00
-99.00
-99.00
-99.00
-99.00
-99.00
-99.00
-99.00
-99.00
-99.00
-99.00
-99.00
-99.00
-99.00
-99.00
-99.00
-99.00
-99.00
-99.00
-99.00
-99.00
-99.00
-99.00
-99.00
-99.00
-99.00
-99.00
-99.00
-99.00
-99.00
-99.00
-99.00
-99.00
-99.00
-99.00
-99.00
-99.00
-99.00
-99.00
-99.00
-99.00
-99.00
-99.00
-99.00
-99.00
-99.00
-99.00
-99.00
-99.00
-99.00
-99.00
-99.00
-99.00
-99.00
-99.00
-99.00
-99.00
-99.00
-99.00
-99.00
-99.00
-99.00
-99.00
-99.00
-99.00
-99.00
-99.00
-99.00
-99.00
-99.00
-99.00
-99.00
-99.00
-99.00
-99.00
-99.00
-99.00
-99.00
-99.00
-99.00
-99.00
-99.00
-99.00
-99.00
-99.00
-99.00
-99.00
-99.00
-99.00
-99.00
-99.00
-99.00
-99.00
-99.00
-99.00
-99.00
-99.00
-99.00
-99.00
-99.00
-99.00
-99.00
-99.00
-99.00
-99.00
-99.00
-99.00
-99.00
-99.00
-99.00
-99.00
-99.00
-99.00
-99.00
-99.00
-99.00
-99.00
-99.00
-99.00
-99.00
-99.00
-99.00
-99.00
-99.00
-99.00
-99.00
-99.00
-99.00
-99.00
-99.00
-99.00
-99.00
-99.00
-99.00
-99.00
-99.00
-99.00
-99.00
-99.00
-99.00
-99.00
-99.00
-99.00
-99.00
-99.00
-99.00
-99.00
-99.00
-99.00
-99.00
-99.00
-99.00
-99.00
-99.00
-99.00
-99.00
-99.00
-99.00
-99.00
-99.00
-99.00
-99.00
-99.00
-99.00
-99.00
-99.00
-99.00
-99.00
-99.00
-99.00
-99.00
-99.00
-99.00
-99.00
-99.00
-99.00
-99.00
-99.00
-99.00
-99.00
-99.00
-99.00
-99.00
-99.00
-99.00
-99.00
-99.00
-99.00
-99.00
-99.00
-99.00
-99.00
-99.00
-99.00
-99.00
-99.00
-99.00
-99.00
-99.00
-99.00
-99.00
-99.00
-99.00
-99.00
-99.00
-99.00
-99.00
-99.00
-99.00
-99.00
-99.00
-99.00
-99.00
-99.00
-99.00
-99.00
-99.00
-99.00
-99.00
-99.00
-99.00
-99.00
-99.00
-99.00
-99.00
-99.00
-99.00
-99.00
-99.00
-99.00
-99.00
-99.00
-99.00
-99.00
-99.00
-99.00
-99.00
-99.00
-99.00
-99.00
-99.00
-99.00
-99.00
-99.00
-99.00
-99.00
-99.00
-99.00
-99.00
-99.00
-99.00
-99.00
-99.00
-99.00
-99.00
-99.00
-99.00
-99.00
-99.00
-99.00
-99.00
-99.00
-99.00
-99.00
-99.00
-99.00
-99.00
-99.00
-99.00
-99.00
-99.00
-99.00
-99.00
-99.00
-99.00
-99.00
-99.00
-99.00
-99.00
-99.00
-99.00
-99.00
-99.00
-99.00
-99.00
-99.00
-99.00
-99.00
-99.00
-99.00
-99.00
-99.00
-99.00
-99.00
-99.00
-99.00
-99.00
-99.00
-99.00
-99.00
-99.00
-99.00
-99.00
-99.00
-99.00
-99.00
-99.00
-99.00
-99.00
-99.00
-99.00
-99.00
-99.00
-99.00
-99.00
-99.00
-99.00
-99.00
-99.00
-99.00
-99.00
-99.00
-99.00
-99.00
-99.00
-99.00
-99.00
-99.00
-99.00
-99.00
-99.00
-99.00
-99.00
-99.00
-99.00
-99.00
-99.00
-99.00
-99.00
-99.00
-99.00
-99.00
-99.00
-99.00
-99.00
-99.00
-99.00
-99.00
-99.00
-99.00
-99.00
-99.00
-99.00
-99.00
-99.00
-99.00
-99.00
-99.00
-99.00
-99.00
-99.00
-99.00
-99.00
-99.00
-99.00
-99.00
-99.00
-99.00
-99.00
-99.00
-99.00
-99.00
-99.00
-99.00
-99.00
-99.00
-99.00
-99.00
-99.00
-99.00
-99.00
-99.00
-99.00
-99.00
-99.00
-99.00
-99.00
-99.00
-99.00
-99.00
-99.00
-99.00
-99.00
-99.00
-99.00
-99.00
-99.00
-99.00
-99.00
-99.00
-99.00
-99.00
-99.00
-99.00
-99.00
-99.00
-99.00
-99.00
-99.00
-99.00
-99.00
-99.00
-99.00
-99.00
-99.00
-99.00
-99.00
-99.00
-99.00
-99.00
-99.00
-99.00
-99.00
-99.00
-99.00
-99.00
-99.00
-99.00
-99.00
-99.00
-99.00
-99.00
-99.00
-99.00
-99.00
-99.00
-99.00
-99.00
-99.00
-99.00
-99.00
-99.00
-99.00
-99.00
-99.00
-99.00
-99.00
-99.00
-99.00
-99.00
-99.00
-99.00
-99.00
-99.00
-99.00
-99.00
-99.00
-99.00
-99.00
-99.00
-99.00
-99.00
-99.00
-99.00
-99.00
-99.00
-99.00
-99.00
-99.00
-99.00
-99.00
-99.00
-99.00
-99.00
-99.00
-99.00
-99.00
-99.00
-99.00
-99.00
-99.00
-99.00
-99.00
-99.00
-99.00
-99.00
-99.00
-99.00
-99.00
-99.00
-99.00
-99.00
-99.00
-99.00
-99.00
-99.00
-99.00
-99.00
-99.00
-99.00
-99.00
-99.00
-99.00
-99.00
-99.00
-99.00
-99.00
-99.00
-99.00
-99.00
-99.00
-99.00
-99.00
-99.00
-99.00
-99.00
-99.00
-99.00
-99.00
-99.00
-99.00
-99.00
-99.00
-99.00
-99.00
-99.00
-99.00
-99.00
-99.00
-99.00
-99.00
-99.00
-99.00
-99.00
-99.00
-99.00
-99.00
-99.00
-99.00
-99.00
-99.00
-99.00
-99.00
-99.00
-99.00
-99.00
-99.00
-99.00
-99.00
-99.00
-99.00
-99.00
-99.00
-99.00
-99.00
-99.00
-99.00
-99.00
-99.00
-99.00
-99.00
-99.00
-99.00
-99.00
-99.00
-99.00
-99.00
-99.00
-99.00
-99.00
-99.00
-99.00
-99.00
-99.00
-99.00
-99.00
-99.00
-99.00
-99.00
-99.00
-99.00
-99.00
-99.00
-99.00
-99.00
-99.00
-99.00
-99.00
-99.00
-99.00
-99.00
-99.00
-99.00
-99.00
-99.00
-99.00
-99.00
-99.00
-99.00
-99.00
-99.00
-99.00
-99.00
-99.00
-99.00
-99.00
-99.00
-99.00
-99.00
-99.00
-99.00
-99.00
-99.00
-99.00
-99.00
-99.00
-99.00
-99.00
-99.00
-99.00
-99.00
-99.00
-99.00
-99.00
-99.00
-99.00
-99.00
-99.00
-99.00
-99.00
-99.00
-99.00
-99.00
-99.00
-99.00
-99.00
-99.00
-99.00
-99.00
-99.00
-99.00
-99.00
-99.00
-99.00
-99.00
-99.00
-99.00
-99.00
-99.00
-99.00
-99.00
-99.00
-99.00
-99.00
-99.00
-99.00
-99.00
-99.00
-99.00
-99.00
-99.00
-99.00
-99.00
-99.00
-99.00
-99.00
-99.00
-99.00
-99.00
-99.00
-99.00
-99.00
-99.00
-99.00
-99.00
-99.00
-99.00
-99.00
-99.00
-99.00
-99.00
-99.00
-99.00
-99.00
-99.00
-99.00
-99.00
-99.00
-99.00
-99.00
-99.00
-99.00
-99.00
-99.00
-99.00
-99.00
-99.00
-99.00
-99.00
-99.00
-99.00
-99.00
-99.00
-99.00
-99.00
-99.00
-99.00
-99.00
-99.00
-99.00
-99.00
-99.00
-99.00
-99.00
-99.00
-99.00
-99.00
-99.00
-99.00
-99.00
-99.00
-99.00
-99.00
-99.00
-99.00
-99.00
-99.00
-99.00
-99.00
-99.00
-99.00
-99.00
-99.00
-99.00
-99.00
-99.00
-99.00
-99.00
-99.00
-99.00
-99.00
-99.00
-99.00
-99.00
-99.00
-99.00
-99.00
-99.00
-99.00
-99.00
-99.00
-99.00
-99.00
-99.00
-99.00
-99.00
-99.00
-99.00
-99.00
-99.00
-99.00
-99.00
-99.00
-99.00
-99.00
-99.00
-99.00
-99.00
-99.00
-99.00
-99.00
-99.00
-99.00
-99.00
-99.00
-99.00
-99.00
-99.00
-99.00
-99.00
-99.00
-99.00
-99.00
-99.00
-99.00
-99.00
-99.00
-99.00
-99.00
-99.00
-99.00
-99.00
-99.00
-99.00
-99.00
-99.00
-99.00
-99.00
-99.00
-99.00
-99.00
-99.00
-99.00
-99.00
-99.00
-99.00
-99.00
-99.00
-99.00
-99.00
-99.00
-99.00
-99.00
-99.00
-99.00
-99.00
-99.00
-99.00
-99.00
-99.00
-99.00
-99.00
-99.00
-99.00
-99.00
-99.00
-99.00
-99.00
-99.00
-99.00
-99.00
-99.00
-99.00
-99.00
-99.00
-99.00
-99.00
-99.00
-99.00
-99.00
-99.00
-99.00
-99.00
-99.00
-99.00
-99.00
-99.00
-99.00
-99.00
-99.00
-99.00
-99.00
-99.00
-99.00
-99.00
-99.00
-99.00
-99.00
-99.00
-99.00
-99.00
-99.00
-99.00
-99.00
-99.00
-99.00
-99.00
-99.00
-99.00
-99.00
-99.00
-99.00
-99.00
-99.00
-99.00
-99.00
-99.00
-99.00
-99.00
-99.00
-99.00
-99.00
-99.00
-99.00
-99.00
-99.00
-99.00
-99.00
-99.00
-99.00
-99.00
-99.00
-99.00
-99.00
-99.00
-99.00
-99.00
-99.00
-99.00
-99.00
-99.00
-99.00
-99.00
-99.00
-99.00
-99.00
-99.00
-99.00
-99.00
-99.00
-99.00
-99.00
-99.00
-99.00
-99.00
-99.00
-99.00
-99.00
-99.00
-99.00
-99.00
-99.00
-99.00
-99.00
-99.00
-99.00
-99.00
-99.00
-99.00
-99.00
-99.00
-99.00
-99.00
-99.00
-99.00
-99.00
-99.00
-99.00
-99.00
-99.00
-99.00
-99.00
-99.00
-99.00
-99.00
-99.00
-99.00
-99.00
-99.00
-99.00
-99.00
-99.00
-99.00
-99.00
-99.00
-99.00
-99.00
-99.00
-99.00
-99.00
-99.00
-99.00
-99.00
-99.00
-99.00
-99.00
-99.00
-99.00
-99.00
-99.00
-99.00
-99.00
-99.00
-99.00
-99.00
-99.00
-99.00
-99.00
-99.00
-99.00
-99.00
-99.00
-99.00
-99.00
-99.00
-99.00
-99.00
-99.00
-99.00
-99.00
-99.00
-99.00
-99.00
-99.00
-99.00
-99.00
-99.00
-99.00
-99.00
-99.00
-99.00
-99.00
-99.00
-99.00
-99.00
-99.00
-99.00
-99.00
-99.00
-99.00
-99.00
-99.00
-99.00
-99.00
-99.00
-99.00
-99.00
-99.00
-99.00
-99.00
-99.00
-99.00
-99.00
-99.00
-99.00
-99.00
-99.00
-99.00
-99.00
-99.00
-99.00
-99.00
-99.00
-99.00
-99.00
-99.00
-99.00
-99.00
-99.00
-99.00
-99.00
-99.00
-99.00
-99.00
-99.00
-99.00
-99.00
-99.00
-99.00
-99.00
-99.00
-99.00
-99.00
-99.00
-99.00
-99.00
-99.00
-99.00
-99.00
-99.00
-99.00
-99.00
-99.00
-99.00
-99.00
-99.00
-99.00
-99.00
-99.00
-99.00
-99.00
-99.00
-99.00
-99.00
-99.00
-99.00
-99.00
-99.00
-99.00
-99.00
-99.00
-99.00
-99.00
-99.00
-99.00
-99.00
-99.00
-99.00
-99.00
-99.00
-99.00
-99.00
-99.00
-99.00
-99.00
-99.00
-99.00
-99.00
-99.00
-99.00
-99.00
-99.00
-99.00
-99.00
-99.00
-99.00
-99.00
-99.00
-99.00
-99.00
-99.00
-99.00
-99.00
-99.00
-99.00
-99.00
-99.00
-99.00
-99.00
-99.00
-99.00
-99.00
-99.00
-99.00
-99.00
-99.00
-99.00
-99.00
-99.00
-99.00
-99.00
-99.00
-99.00
-99.00
-99.00
-99.00
-99.00
-99.00
-99.00
-99.00
-99.00
-99.00
-99.00
-99.00
-99.00
-99.00
-99.00
-99.00
-99.00
-99.00
-99.00
-99.00
-99.00
-99.00
-99.00
-99.00
-99.00
-99.00
-99.00
-99.00
-99.00
-99.00
-99.00
-99.00
-99.00
-99.00
-99.00
-99.00
-99.00
-99.00
-99.00
-99.00
-99.00
-99.00
-99.00
-99.00
-99.00
-99.00
-99.00
-99.00
-99.00
-99.00
-99.00
-99.00
-99.00
-99.00
-99.00
-99.00
-99.00
-99.00
-99.00
-99.00
-99.00
-99.00
-99.00
-99.00
-99.00
-99.00
-99.00
-99.00
-99.00
-99.00
-99.00
-99.00
-99.00
-99.00
-99.00
-99.00
-99.00
-99.00
-99.00
-99.00
-99.00
-99.00
-99.00
-99.00
-99.00
-99.00
-99.00
-99.00
-99.00
-99.00
-99.00
-99.00
-99.00
-99.00
-99.00
-99.00
-99.00
-99.00
-99.00
-99.00
-99.00
-99.00
-99.00
-99.00
-99.00
-99.00
-99.00
-99.00
-99.00
-99.00
-99.00
-99.00
-99.00
-99.00
-99.00
-99.00
-99.00
-99.00
-99.00
-99.00
-99.00
-99.00
-99.00
-99.00
-99.00
-99.00
-99.00
-99.00
-99.00
-99.00
-99.00
-99.00
-99.00
-99.00
-99.00
-99.00
-99.00
-99.00
-99.00
-99.00
-99.00
-99.00
-99.00
-99.00
-99.00
-99.00
-99.00
-99.00
-99.00
-99.00
-99.00
-99.00
-99.00
-99.00
-99.00
-99.00
-99.00
-99.00
-99.00
-99.00
-99.00
-99.00
-99.00
-99.00
-99.00
-99.00
-99.00
-99.00
-99.00
-99.00
-99.00
-99.00
-99.00
-99.00
-99.00
-99.00
-99.00
-99.00
-99.00
-99.00
-99.00
-99.00
-99.00
-99.00
-99.00
-99.00
-99.00
-99.00
-99.00
-99.00
-99.00
-99.00
-99.00
-99.00
-99.00
-99.00
-99.00
-99.00
-99.00
-99.00
-99.00
-99.00
-99.00
-99.00
-99.00
-99.00
-99.00
-99.00
-99.00
-99.00
-99.00
-99.00
-99.00
-99.00
-99.00
-99.00
-99.00
-99.00
-99.00
-99.00
-99.00
-99.00
-99.00
-99.00
-99.00
-99.00
-99.00
-99.00
-99.00
-99.00
-99.00
-99.00
-99.00
-99.00
-99.00
-99.00
-99.00
-99.00
-99.00
-99.00
-99.00
-99.00
-99.00
-99.00
-99.00
-99.00
-99.00
-99.00
-99.00
-99.00
-99.00
-99.00
-99.00
-99.00
-99.00
-99.00
-99.00
-99.00
-99.00
-99.00
-99.00
-99.00
-99.00
-99.00
-99.00
-99.00
-99.00
-99.00
-99.00
-99.00
-99.00
-99.00
-99.00
-99.00
-99.00
-99.00
-99.00
-99.00
-99.00
-99.00
-99.00
-99.00
-99.00
-99.00
-99.00
-99.00
-99.00
-99.00
-99.00
-99.00
-99.00
-99.00
-99.00
-99.00
-99.00
-99.00
-99.00
-99.00
-99.00
-99.00
-99.00
-99.00
-99.00
-99.00
-99.00
-99.00
-99.00
-99.00
-99.00
-99.00
-99.00
-99.00
-99.00
-99.00
-99.00
-99.00
-99.00
-99.00
-99.00
-99.00
-99.00
-99.00
-99.00
-99.00
-99.00
-99.00
-99.00
-99.00
-99.00
-99.00
-99.00
-99.00
-99.00
-99.00
-99.00
-99.00
-99.00
-99.00
-99.00
-99.00
-99.00
-99.00
-99.00
-99.00
-99.00
-99.00
-99.00
-99.00
-99.00
-99.00
-99.00
-99.00
-99.00
-99.00
-99.00
-99.00
-99.00
-99.00
-99.00
-99.00
-99.00
-99.00
-99.00
-99.00
-99.00
-99.00
-99.00
-99.00
-99.00
-99.00
-99.00
-99.00
-99.00
-99.00
-99.00
-99.00
-99.00
-99.00
-99.00
-99.00
-99.00
-99.00
-99.00
-99.00
-99.00
-99.00
-99.00
-99.00
-99.00
-99.00
-99.00
-99.00
-99.00
-99.00
-99.00
-99.00
-99.00
-99.00
-99.00
-99.00
-99.00
-99.00
-99.00
-99.00
-99.00
-99.00
-99.00
-99.00
-99.00
-99.00
-99.00
-99.00
-99.00
-99.00
-99.00
-99.00
-99.00
-99.00
-99.00
-99.00
-99.00
-99.00
-99.00
-99.00
-99.00
-99.00
-99.00
-99.00
-99.00
-99.00
-99.00
-99.00
-99.00
-99.00
-99.00
-99.00
-99.00
-99.00
-99.00
-99.00
-99.00
-99.00
-99.00
-99.00
-99.00
-99.00
-99.00
-99.00
-99.00
-99.00
-99.00
-99.00
-99.00
-99.00
-99.00
-99.00
-99.00
-99.00
-99.00
-99.00
-99.00
-99.00
-99.00
-99.00
-99.00
-99.00
-99.00
-99.00
-99.00
-99.00
-99.00
-99.00
-99.00
-99.00
-99.00
-99.00
-99.00
-99.00
-99.00
-99.00
-99.00
-99.00
-99.00
-99.00
-99.00
-99.00
-99.00
-99.00
-99.00
-99.00
-99.00
-99.00
-99.00
-99.00
-99.00
-99.00
-99.00
-99.00
-99.00
-99.00
-99.00
-99.00
-99.00
-99.00
-99.00
-99.00
-99.00
-99.00
-99.00
-99.00
-99.00
-99.00
-99.00
-99.00
-99.00
-99.00
-99.00
-99.00
-99.00
-99.00
-99.00
-99.00
-99.00
-99.00
-99.00
-99.00
-99.00
-99.00
-99.00
-99.00
-99.00
-99.00
-99.00
-99.00
-99.00
-99.00
-99.00
-99.00
-99.00
-99.00
-99.00
-99.00
-99.00
-99.00
-99.00
-99.00
-99.00
-99.00
-99.00
-99.00
-99.00
-99.00
-99.00
-99.00
-99.00
-99.00
-99.00
-99.00
-99.00
-99.00
-99.00
-99.00
-99.00
-99.00
-99.00
-99.00
-99.00
-99.00
-99.00
-99.00
-99.00
-99.00
-99.00
-99.00
-99.00
-99.00
-99.00
-99.00
-99.00
-99.00
-99.00
-99.00
-99.00
-99.00
-99.00
-99.00
-99.00
-99.00
-99.00
-99.00
-99.00
-99.00
-99.00
-99.00
-99.00
-99.00
-99.00
-99.00
-99.00
-99.00
-99.00
-99.00
-99.00
-99.00
-99.00
-99.00
