20000101
0.00
0.00
0.00
0.00
0.00
0.00
0.00
0.00
0.00
0.00
0.00
-99.00
-99.00
-99.00
-99.00
-99.00
-99.00
-99.00
0.00
0.00
0.00
0.00
0.00
0.00
0.00
0.00
0.00
0.00
0.00
0.00
0.00
0.00
0.00
0.00
0.00
0.00
0.00
0.00
0.00
0.00
0.00
0.00
0.00
0.00
0.00
0.00
0.00
0.00
0.00
0.00
0.00
0.00
0.00
0.00
0.00
0.00
0.00
0.00
0.00
0.00
0.00
0.00
0.00
0.00
0.00
0.00
0.00
0.00
0.00
0.00
0.00
0.00
0.00
0.00
0.00
0.00
0.00
0.00
0.00
0.00
0.00
0.00
0.00
0.00
0.00
0.00
0.00
0.00
0.00
0.00
0.00
0.00
0.00
0.00
0.00
0.00
0.00
0.00
0.00
0.00
0.00
0.00
0.00
0.00
0.00
0.00
0.00
0.00
0.00
0.00
0.00
0.00
0.00
0.00
0.00
0.00
0.00
0.00
0.00
0.00
0.00
0.00
0.00
0.00
0.00
0.00
3.30
0.80
0.00
23.70
9.80
4.50
0.70
0.00
0.00
0.00
4.50
5.50
0.00
0.00
1.50
7.90
0.80
0.00
0.00
3.70
13.60
6.60
0.00
0.70
0.00
0.00
6.40
27.80
0.00
1.70
36.10
25.80
17.50
4.20
17.50
114.90
45.30
33.50
20.70
5.80
6.30
0.00
0.00
0.00
0.00
0.00
0.00
0.00
0.70
1.00
0.00
11.80
1.40
3.80
0.00
0.00
0.00
0.00
0.00
0.00
0.00
0.00
0.00
0.00
0.00
15.70
5.90
5.30
0.00
1.40
11.20
0.00
0.00
1.80
0.80
0.00
0.00
0.00
1.10
0.00
11.20
0.00
0.00
0.00
0.00
0.00
0.00
2.10
1.70
30.20
18.20
4.10
1.20
0.00
0.00
0.00
0.00
0.00
0.00
0.00
0.00
0.00
0.00
0.00
0.00
0.00
0.00
0.00
0.00
0.70
0.00
0.00
0.70
0.00
0.00
0.00
30.30
0.00
0.00
0.00
0.00
0.00
0.00
0.00
0.00
0.00
0.00
0.00
0.00
0.00
0.00
0.00
0.00
0.00
23.80
0.00
7.50
9.20
0.00
0.00
0.00
0.00
0.00
4.60
0.00
5.00
0.00
4.60
9.60
5.10
1.80
0.00
0.00
2.30
1.30
0.70
3.20
7.80
2.30
1.30
12.10
7.90
16.10
18.90
0.00
0.00
0.00
4.30
3.50
3.10
0.00
0.00
0.00
0.00
0.00
0.00
0.00
0.00
2.30
0.00
1.30
1.50
0.00
0.70
2.30
0.00
0.00
0.00
0.00
0.00
7.90
5.80
0.90
0.00
5.70
4.20
2.50
0.90
3.30
0.00
0.00
5.70
5.90
1.00
0.00
1.50
0.60
1.30
3.40
0.00
4.20
0.60
0.00
2.10
1.40
15.10
1.10
0.00
0.00
0.00
0.00
0.00
0.00
5.00
0.00
0.00
0.00
0.00
0.00
0.00
0.00
7.30
0.70
0.00
0.00
0.00
0.00
0.00
0.70
0.00
27.90
2.00
0.00
2.20
8.10
3.20
-99.00
-99.00
-99.00
-99.00
-99.00
3.50
5.00
0.00
0.00
0.00
0.00
0.00
0.00
1.90
0.00
2.00
0.00
0.00
-99.00
-99.00
-99.00
-99.00
11.10
7.50
22.90
2.00
0.00
0.00
0.00
0.00
1.10
2.90
5.80
0.00
1.70
0.00
0.00
0.00
3.00
0.00
0.00
0.00
0.00
0.00
0.00
0.00
0.00
0.00
0.00
0.00
0.00
0.00
0.00
0.00
10.40
3.00
0.00
11.00
0.00
5.30
0.00
0.00
2.80
0.00
17.60
0.00
0.00
0.00
0.70
1.80
0.00
0.00
0.00
0.80
2.30
2.80
6.50
0.00
0.00
0.00
0.00
19.60
11.10
0.00
0.00
2.00
0.00
0.00
0.00
-99.00
-99.00
-99.00
0.60
3.70
12.90
0.00
0.00
0.00
0.00
0.00
0.00
0.00
9.70
7.40
8.10
2.50
0.00
7.40
2.30
0.00
4.60
0.00
4.40
17.60
2.20
0.00
3.80
1.90
10.10
1.40
0.00
0.90
0.60
10.50
0.00
0.00
11.80
0.00
0.60
2.10
1.30
0.00
0.00
2.00
7.10
0.00
0.00
0.00
0.00
0.00
0.00
0.00
0.00
0.00
0.00
0.00
0.00
0.00
0.00
1.90
1.90
0.00
0.00
17.30
34.30
0.00
0.00
3.30
0.00
8.70
0.00
0.00
0.00
0.00
0.00
0.00
0.00
0.00
0.00
0.00
0.00
5.30
0.00
0.00
0.00
0.00
0.00
56.00
7.50
27.60
7.30
0.00
0.70
10.40
0.00
0.80
1.50
0.00
13.20
13.40
0.00
0.00
0.00
21.20
1.50
0.00
0.00
0.00
0.00
0.00
0.00
0.00
0.00
0.00
0.00
0.00
0.00
4.00
0.00
0.00
0.00
0.00
0.00
0.00
9.90
0.00
0.00
0.00
4.30
4.60
2.90
0.00
0.00
0.80
3.30
0.00
0.00
0.00
0.00
0.00
0.00
0.00
0.00
0.00
5.50
0.00
0.00
0.00
0.00
4.90
0.00
0.00
0.00
0.00
0.00
0.00
0.00
0.00
0.00
0.00
1.10
0.00
0.00
1.60
0.00
0.00
0.00
2.10
35.30
3.70
2.00
0.00
0.00
0.00
12.50
0.00
0.00
0.00
0.00
1.80
0.00
7.60
0.00
0.00
0.00
0.00
0.00
0.00
0.00
0.00
0.00
0.00
0.00
0.00
0.00
0.00
2.60
0.00
0.00
1.50
0.00
0.00
0.00
0.00
0.00
0.00
0.00
7.00
4.10
0.00
0.00
0.00
0.00
0.00
0.70
11.90
18.90
6.40
6.90
10.20
29.80
21.40
2.90
1.50
0.00
17.80
5.30
0.00
0.00
0.00
4.40
0.00
0.00
0.00
0.00
2.90
0.00
0.00
0.00
0.00
0.00
0.00
0.00
0.00
0.00
0.00
0.00
0.00
0.00
0.00
0.00
1.40
2.00
0.00
0.00
0.00
0.00
0.00
0.00
0.00
0.80
0.00
0.00
4.20
0.00
0.00
0.00
0.00
12.90
0.00
0.00
3.60
0.00
0.00
0.00
0.00
0.00
0.00
0.00
0.00
0.00
7.60
9.80
10.60
2.40
0.00
0.00
0.00
0.00
2.00
5.60
0.00
5.90
0.00
0.00
0.00
0.00
0.00
0.00
0.00
0.00
0.00
0.00
0.00
0.00
0.00
0.00
-99.00
-99.00
-99.00
-99.00
-99.00
0.00
0.00
0.00
0.00
0.00
0.00
0.00
0.00
0.00
0.00
0.00
0.00
0.00
0.00
0.00
0.00
-99.00
-99.00
-99.00
-99.00
-99.00
-99.00
-99.00
-99.00
-99.00
-99.00
-99.00
-99.00
-99.00
-99.00
-99.00
-99.00
-99.00
-99.00
-99.00
0.00
-99.00
0.00
0.00
0.00
0.00
0.00
0.00
0.00
0.00
0.00
0.00
0.00
0.00
60.70
8.80
1.90
1.80
1.80
0.00
3.10
3.10
1.50
33.10
5.30
1.00
0.00
3.20
0.00
0.00
0.00
0.00
0.00
0.00
0.00
0.00
0.00
0.00
0.70
0.00
0.00
1.30
5.60
9.10
16.80
11.40
0.00
2.60
3.70
1.50
21.50
5.70
2.80
0.60
0.00
0.00
0.60
0.80
9.80
13.40
0.70
0.70
5.90
6.80
4.90
0.00
0.00
1.30
4.90
0.00
2.90
0.00
0.00
0.00
0.60
0.80
3.50
10.30
27.20
1.60
17.60
10.50
2.80
0.00
2.00
0.00
0.00
0.00
0.00
0.00
0.00
0.00
0.00
0.00
0.00
0.00
0.00
0.00
0.00
0.00
0.00
15.30
0.00
0.00
0.00
0.00
0.00
0.00
0.00
0.00
13.10
13.30
11.50
0.00
5.80
0.80
17.30
42.50
10.50
0.00
0.00
0.00
0.00
0.00
0.00
2.10
0.00
3.00
0.00
0.00
0.00
14.40
43.30
4.00
2.70
0.00
14.00
0.00
12.40
0.00
0.00
0.00
12.80
9.70
8.10
0.00
0.00
0.00
0.00
17.90
0.00
18.70
0.80
0.00
6.40
10.70
8.50
2.50
0.70
2.40
0.80
0.00
2.80
1.00
2.70
0.00
0.00
2.90
5.10
9.80
0.00
0.00
7.90
0.60
0.00
0.00
0.00
0.00
0.00
0.00
0.00
10.90
28.50
0.00
13.10
4.10
4.10
0.00
0.00
0.00
0.00
0.00
0.00
0.00
0.00
0.00
0.00
0.00
0.00
0.00
0.00
0.00
4.90
11.60
20.40
30.60
6.10
0.00
0.00
2.20
8.80
11.20
0.00
0.00
4.70
32.60
0.60
2.70
0.00
0.00
0.00
0.00
0.00
0.00
0.00
9.80
0.00
0.00
11.80
1.60
0.00
21.80
10.90
4.60
36.00
9.70
0.00
0.00
-99.00
-99.00
-99.00
-99.00
-99.00
-99.00
-99.00
-99.00
-99.00
-99.00
-99.00
-99.00
-99.00
-99.00
-99.00
-99.00
-99.00
-99.00
-99.00
-99.00
-99.00
-99.00
-99.00
-99.00
-99.00
-99.00
-99.00
-99.00
-99.00
-99.00
-99.00
-99.00
-99.00
-99.00
-99.00
-99.00
-99.00
-99.00
-99.00
-99.00
-99.00
-99.00
-99.00
-99.00
-99.00
-99.00
-99.00
-99.00
-99.00
0.00
-99.00
-99.00
-99.00
-99.00
-99.00
-99.00
-99.00
-99.00
-99.00
-99.00
0.00
-99.00
-99.00
-99.00
-99.00
-99.00
-99.00
-99.00
-99.00
-99.00
-99.00
-99.00
-99.00
-99.00
-99.00
-99.00
-99.00
-99.00
-99.00
-99.00
-99.00
-99.00
-99.00
-99.00
-99.00
-99.00
-99.00
-99.00
-99.00
-99.00
-99.00
-99.00
-99.00
-99.00
-99.00
-99.00
-99.00
-99.00
-99.00
-99.00
-99.00
-99.00
-99.00
-99.00
-99.00
-99.00
-99.00
-99.00
-99.00
-99.00
-99.00
-99.00
-99.00
-99.00
-99.00
-99.00
-99.00
-99.00
-99.00
-99.00
-99.00
-99.00
-99.00
-99.00
-99.00
-99.00
-99.00
-99.00
-99.00
-99.00
-99.00
-99.00
-99.00
-99.00
-99.00
-99.00
-99.00
-99.00
-99.00
-99.00
-99.00
-99.00
-99.00
-99.00
-99.00
-99.00
-99.00
-99.00
-99.00
-99.00
-99.00
-99.00
-99.00
-99.00
-99.00
-99.00
-99.00
-99.00
-99.00
-99.00
-99.00
-99.00
-99.00
-99.00
-99.00
-99.00
-99.00
-99.00
-99.00
-99.00
-99.00
-99.00
0.00
-99.00
-99.00
-99.00
-99.00
-99.00
-99.00
-99.00
-99.00
-99.00
-99.00
-99.00
-99.00
-99.00
-99.00
-99.00
-99.00
-99.00
-99.00
-99.00
-99.00
-99.00
-99.00
-99.00
-99.00
-99.00
-99.00
-99.00
-99.00
-99.00
-99.00
-99.00
-99.00
-99.00
-99.00
-99.00
-99.00
-99.00
-99.00
-99.00
-99.00
-99.00
-99.00
-99.00
-99.00
-99.00
-99.00
-99.00
-99.00
-99.00
-99.00
-99.00
-99.00
-99.00
-99.00
-99.00
-99.00
-99.00
-99.00
-99.00
-99.00
-99.00
-99.00
-99.00
-99.00
-99.00
-99.00
-99.00
-99.00
-99.00
-99.00
-99.00
-99.00
-99.00
-99.00
-99.00
-99.00
-99.00
-99.00
-99.00
-99.00
-99.00
-99.00
-99.00
-99.00
-99.00
-99.00
-99.00
-99.00
-99.00
-99.00
-99.00
-99.00
-99.00
-99.00
-99.00
-99.00
-99.00
-99.00
-99.00
-99.00
-99.00
-99.00
0.00
-99.00
-99.00
-99.00
-99.00
-99.00
-99.00
-99.00
-99.00
-99.00
-99.00
-99.00
-99.00
-99.00
-99.00
-99.00
-99.00
-99.00
-99.00
-99.00
-99.00
-99.00
-99.00
-99.00
-99.00
-99.00
-99.00
-99.00
-99.00
-99.00
-99.00
-99.00
-99.00
-99.00
-99.00
-99.00
-99.00
-99.00
-99.00
-99.00
-99.00
-99.00
-99.00
-99.00
-99.00
-99.00
-99.00
-99.00
-99.00
-99.00
-99.00
-99.00
-99.00
-99.00
-99.00
-99.00
-99.00
-99.00
-99.00
-99.00
-99.00
-99.00
-99.00
-99.00
-99.00
-99.00
-99.00
-99.00
-99.00
-99.00
-99.00
-99.00
-99.00
-99.00
-99.00
-99.00
-99.00
-99.00
-99.00
-99.00
-99.00
-99.00
-99.00
-99.00
-99.00
-99.00
-99.00
-99.00
-99.00
-99.00
-99.00
-99.00
-99.00
-99.00
-99.00
-99.00
-99.00
-99.00
-99.00
-99.00
-99.00
-99.00
-99.00
-99.00
-99.00
-99.00
-99.00
-99.00
-99.00
-99.00
-99.00
-99.00
-99.00
-99.00
-99.00
-99.00
-99.00
-99.00
-99.00
-99.00
-99.00
-99.00
-99.00
-99.00
-99.00
-99.00
-99.00
-99.00
-99.00
-99.00
-99.00
-99.00
-99.00
-99.00
-99.00
-99.00
-99.00
-99.00
-99.00
-99.00
-99.00
-99.00
-99.00
-99.00
-99.00
-99.00
-99.00
-99.00
-99.00
-99.00
-99.00
-99.00
-99.00
-99.00
-99.00
-99.00
-99.00
-99.00
-99.00
-99.00
-99.00
-99.00
-99.00
-99.00
-99.00
-99.00
-99.00
-99.00
-99.00
-99.00
-99.00
-99.00
-99.00
-99.00
-99.00
-99.00
-99.00
-99.00
-99.00
-99.00
-99.00
-99.00
-99.00
-99.00
-99.00
-99.00
-99.00
-99.00
-99.00
-99.00
-99.00
-99.00
-99.00
-99.00
-99.00
-99.00
-99.00
-99.00
-99.00
-99.00
-99.00
-99.00
-99.00
-99.00
-99.00
-99.00
-99.00
0.00
-99.00
-99.00
-99.00
-99.00
-99.00
-99.00
-99.00
-99.00
-99.00
-99.00
-99.00
-99.00
-99.00
-99.00
-99.00
-99.00
-99.00
-99.00
-99.00
-99.00
-99.00
-99.00
-99.00
-99.00
-99.00
-99.00
-99.00
-99.00
-99.00
-99.00
-99.00
-99.00
-99.00
-99.00
-99.00
-99.00
-99.00
-99.00
-99.00
-99.00
-99.00
-99.00
-99.00
-99.00
-99.00
-99.00
-99.00
-99.00
-99.00
-99.00
-99.00
-99.00
-99.00
-99.00
-99.00
-99.00
-99.00
-99.00
-99.00
-99.00
-99.00
-99.00
-99.00
-99.00
-99.00
-99.00
-99.00
-99.00
-99.00
-99.00
-99.00
-99.00
-99.00
-99.00
-99.00
-99.00
-99.00
-99.00
0.00
0.00
0.00
4.60
0.00
-99.00
-99.00
-99.00
-99.00
-99.00
-99.00
-99.00
-99.00
-99.00
-99.00
-99.00
-99.00
-99.00
-99.00
-99.00
-99.00
-99.00
-99.00
-99.00
-99.00
-99.00
-99.00
-99.00
-99.00
-99.00
-99.00
-99.00
-99.00
-99.00
-99.00
-99.00
-99.00
-99.00
-99.00
-99.00
-99.00
-99.00
-99.00
-99.00
-99.00
-99.00
-99.00
-99.00
-99.00
-99.00
-99.00
-99.00
-99.00
-99.00
-99.00
-99.00
-99.00
-99.00
-99.00
-99.00
-99.00
-99.00
-99.00
-99.00
-99.00
-99.00
-99.00
-99.00
-99.00
-99.00
-99.00
-99.00
-99.00
-99.00
-99.00
-99.00
-99.00
-99.00
-99.00
-99.00
-99.00
-99.00
-99.00
-99.00
-99.00
-99.00
-99.00
-99.00
-99.00
-99.00
-99.00
-99.00
-99.00
-99.00
-99.00
-99.00
-99.00
-99.00
-99.00
-99.00
-99.00
-99.00
-99.00
-99.00
-99.00
-99.00
-99.00
-99.00
-99.00
-99.00
-99.00
-99.00
-99.00
-99.00
-99.00
-99.00
-99.00
-99.00
-99.00
-99.00
-99.00
-99.00
-99.00
-99.00
-99.00
-99.00
-99.00
-99.00
-99.00
-99.00
-99.00
-99.00
-99.00
-99.00
-99.00
-99.00
-99.00
-99.00
-99.00
-99.00
-99.00
-99.00
-99.00
-99.00
-99.00
-99.00
-99.00
-99.00
-99.00
-99.00
-99.00
-99.00
-99.00
-99.00
-99.00
-99.00
-99.00
-99.00
-99.00
-99.00
-99.00
-99.00
-99.00
-99.00
-99.00
-99.00
-99.00
-99.00
-99.00
-99.00
-99.00
-99.00
-99.00
-99.00
-99.00
-99.00
-99.00
-99.00
-99.00
-99.00
-99.00
-99.00
-99.00
-99.00
-99.00
-99.00
-99.00
-99.00
-99.00
-99.00
-99.00
-99.00
-99.00
-99.00
-99.00
-99.00
-99.00
-99.00
-99.00
-99.00
-99.00
-99.00
-99.00
-99.00
-99.00
-99.00
-99.00
-99.00
-99.00
-99.00
-99.00
-99.00
-99.00
-99.00
-99.00
-99.00
-99.00
-99.00
-99.00
-99.00
-99.00
-99.00
-99.00
-99.00
-99.00
-99.00
-99.00
-99.00
-99.00
-99.00
-99.00
-99.00
-99.00
-99.00
-99.00
-99.00
-99.00
-99.00
-99.00
-99.00
-99.00
-99.00
-99.00
-99.00
-99.00
-99.00
-99.00
-99.00
-99.00
-99.00
-99.00
-99.00
-99.00
-99.00
-99.00
-99.00
-99.00
-99.00
-99.00
-99.00
-99.00
-99.00
-99.00
-99.00
-99.00
-99.00
-99.00
-99.00
-99.00
-99.00
-99.00
-99.00
-99.00
-99.00
-99.00
-99.00
-99.00
-99.00
-99.00
-99.00
-99.00
-99.00
-99.00
-99.00
-99.00
-99.00
-99.00
-99.00
-99.00
-99.00
-99.00
-99.00
-99.00
-99.00
23.90
0.00
0.00
0.00
0.00
0.00
0.00
0.00
0.00
0.00
7.20
0.00
15.40
0.00
0.00
0.00
0.00
0.00
1.00
0.00
0.00
0.00
15.60
17.70
19.80
24.70
0.60
0.00
3.80
5.20
8.70
3.50
0.00
4.40
1.50
6.60
4.40
1.20
3.00
0.00
0.00
0.00
0.00
0.00
0.00
0.70
2.50
0.00
4.00
15.70
0.00
0.00
0.00
6.90
2.70
14.60
1.40
8.90
3.50
0.80
3.30
51.90
16.20
0.00
0.00
1.10
4.40
0.70
0.00
0.00
0.00
1.40
1.40
0.00
2.20
0.00
0.00
0.00
3.80
0.00
1.40
0.00
0.00
0.00
0.00
1.40
15.10
17.40
20.70
0.80
0.00
0.00
0.00
0.00
0.00
19.00
2.30
0.00
0.00
1.70
0.00
1.10
1.90
17.50
0.00
0.00
0.00
0.00
1.40
4.70
0.00
0.00
1.50
0.00
0.70
0.00
0.00
0.00
0.00
2.20
0.00
0.00
0.00
7.10
0.70
0.00
0.00
0.00
0.00
0.00
21.90
0.00
0.00
6.90
0.90
0.00
0.90
43.30
0.80
0.00
0.00
0.00
0.00
0.00
0.60
3.70
13.00
9.40
0.00
0.90
1.30
0.00
3.50
54.60
7.30
9.70
17.00
10.80
0.00
0.00
0.00
1.40
0.00
1.80
0.00
0.00
0.00
5.40
1.40
0.00
0.00
0.00
21.90
5.00
5.00
12.60
0.00
0.00
1.20
0.00
0.00
0.00
0.00
1.60
14.70
0.00
0.00
0.00
0.00
0.00
0.00
2.30
12.80
2.00
1.70
0.00
0.80
0.00
7.70
20.10
2.10
0.90
0.80
0.60
0.00
0.00
0.00
0.00
0.00
7.40
14.90
0.00
1.20
0.00
0.00
4.80
0.00
0.00
0.00
5.00
4.10
0.00
0.00
0.00
1.70
7.00
7.60
0.60
10.10
0.00
0.00
0.00
1.50
0.00
0.00
0.00
0.00
39.80
0.00
0.00
0.00
3.50
2.00
0.90
6.40
4.00
0.00
0.00
0.00
0.00
0.00
0.00
0.00
0.00
1.50
0.90
0.00
6.20
1.50
0.00
0.70
2.70
0.00
4.00
11.30
0.00
33.90
0.00
0.00
0.00
0.00
0.00
0.00
0.00
1.70
7.30
0.00
0.00
0.00
0.00
0.00
0.00
0.00
0.00
0.00
0.00
0.00
9.70
6.20
3.40
15.00
18.40
0.00
0.00
0.00
0.00
0.00
0.00
0.00
1.00
0.00
1.00
1.10
2.10
0.00
0.00
0.60
16.40
5.10
2.10
0.00
0.00
0.00
0.00
1.10
0.00
0.00
0.00
11.50
19.00
2.90
0.00
0.00
0.00
0.00
0.00
0.00
0.00
1.10
0.00
0.00
0.00
0.00
1.10
0.00
0.00
2.60
0.00
0.90
0.90
0.70
0.00
0.00
0.00
0.00
0.00
1.80
7.80
0.00
1.10
0.00
0.00
0.70
15.10
13.70
8.90
0.80
18.90
18.00
45.20
26.10
0.00
0.00
0.00
0.00
0.00
0.00
1.90
2.40
0.00
2.30
0.00
0.90
0.00
1.90
0.00
3.90
0.00
0.00
0.00
0.00
0.00
0.00
0.00
1.40
1.30
0.80
0.00
4.10
2.60
0.00
0.00
0.00
0.00
0.00
0.00
8.40
4.50
0.00
1.40
0.00
0.00
0.00
0.00
0.00
0.00
18.40
4.10
0.00
0.00
0.00
0.70
0.00
6.10
0.00
0.00
3.90
1.40
0.00
0.00
2.10
0.00
8.30
0.00
0.70
0.00
0.00
0.00
0.00
0.00
0.00
0.00
5.50
0.00
0.00
0.00
0.00
1.50
0.80
0.00
1.00
0.00
0.70
-99.00
0.00
0.00
0.00
0.00
0.00
11.60
0.00
0.00
0.00
0.00
0.00
0.00
19.10
8.80
10.00
0.00
0.00
0.00
-99.00
-99.00
-99.00
-99.00
-99.00
-99.00
-99.00
-99.00
-99.00
-99.00
-99.00
-99.00
4.00
3.90
1.60
0.00
0.00
0.00
0.00
7.10
3.30
0.00
2.30
9.90
3.00
0.00
5.80
20.40
0.90
0.00
0.70
0.00
1.20
0.00
0.00
13.20
13.20
0.00
0.00
0.00
0.00
0.00
23.30
0.00
0.70
1.30
0.00
4.40
0.00
0.00
0.00
0.00
0.00
0.00
14.30
0.00
5.30
0.00
0.00
0.00
0.00
0.00
0.90
1.40
2.10
0.00
0.00
0.00
0.00
2.80
0.00
0.00
0.00
0.00
0.00
0.00
134.00
10.80
0.00
0.00
30.10
21.80
5.80
27.40
59.60
8.00
35.40
5.20
1.30
0.00
0.00
5.50
27.20
21.50
2.70
8.70
0.80
0.00
0.00
0.00
2.40
0.00
0.00
0.00
12.30
1.30
0.00
2.00
0.00
6.50
0.00
19.00
36.70
0.00
0.00
0.00
0.00
0.60
5.80
3.90
0.00
0.00
2.60
18.00
0.00
0.80
0.00
0.00
0.00
0.00
0.00
0.00
0.00
0.00
0.00
0.00
0.00
0.00
0.00
0.00
0.00
0.00
0.00
3.50
0.00
0.00
23.20
19.90
0.80
0.00
0.00
0.00
18.30
21.90
0.00
67.00
6.60
0.60
0.00
0.00
0.00
0.00
0.00
0.00
0.00
0.00
4.70
48.80
0.00
8.20
1.10
0.60
0.00
0.00
0.60
0.00
0.00
0.00
2.10
0.90
1.40
0.00
0.00
0.00
0.00
0.00
0.00
0.00
0.00
0.00
0.00
0.00
0.00
-99.00
-99.00
-99.00
-99.00
-99.00
-99.00
-99.00
4.80
0.00
0.00
0.00
0.00
0.00
0.00
0.00
0.00
0.00
0.00
0.00
0.00
0.00
0.80
3.20
3.70
0.00
7.20
2.30
0.00
0.00
0.00
0.60
0.00
0.00
0.00
0.00
0.00
0.00
0.00
1.70
7.30
7.70
3.60
15.70
0.00
0.70
0.00
3.40
0.00
17.40
0.00
0.00
0.00
0.00
0.00
0.00
9.90
0.60
2.50
0.00
0.00
1.20
0.00
0.00
0.00
0.00
12.60
18.40
0.00
0.60
0.00
5.30
0.00
0.00
0.00
4.70
0.00
0.00
11.80
-99.00
0.00
-99.00
-99.00
-99.00
-99.00
-99.00
-99.00
-99.00
-99.00
-99.00
-99.00
-99.00
-99.00
-99.00
-99.00
-99.00
0.00
0.00
0.00
-99.00
-99.00
-99.00
-99.00
-99.00
-99.00
-99.00
-99.00
-99.00
-99.00
-99.00
-99.00
-99.00
0.00
-99.00
-99.00
-99.00
-99.00
-99.00
-99.00
0.00
0.00
18.60
0.90
14.10
17.90
10.80
28.30
0.80
0.00
0.00
0.00
0.00
0.00
2.20
24.90
0.00
11.20
50.20
0.00
16.30
1.60
2.50
0.00
0.80
0.00
9.70
11.00
3.10
1.40
0.00
1.90
0.00
0.00
1.40
0.00
13.80
19.60
2.40
0.00
0.00
0.00
-99.00
0.00
0.60
1.10
-99.00
91.20
77.50
0.00
157.10
105.00
48.20
47.80
52.40
173.30
125.20
238.30
50.50
40.10
33.20
-99.00
-99.00
0.00
-99.00
-99.00
-99.00
-99.00
-99.00
-99.00
-99.00
-99.00
0.00
-99.00
-99.00
68.60
70.60
69.80
69.00
-99.00
-99.00
-99.00
-99.00
-99.00
-99.00
-99.00
-99.00
-99.00
-99.00
-99.00
-99.00
-99.00
-99.00
-99.00
-99.00
-99.00
-99.00
-99.00
-99.00
-99.00
-99.00
-99.00
-99.00
-99.00
-99.00
-99.00
-99.00
-99.00
-99.00
-99.00
-99.00
-99.00
-99.00
-99.00
-99.00
-99.00
-99.00
-99.00
-99.00
-99.00
-99.00
-99.00
-99.00
-99.00
-99.00
-99.00
-99.00
-99.00
-99.00
-99.00
-99.00
-99.00
-99.00
-99.00
-99.00
-99.00
-99.00
-99.00
-99.00
-99.00
-99.00
-99.00
-99.00
-99.00
-99.00
-99.00
-99.00
-99.00
-99.00
-99.00
-99.00
-99.00
-99.00
-99.00
-99.00
-99.00
-99.00
-99.00
-99.00
-99.00
-99.00
-99.00
-99.00
-99.00
-99.00
-99.00
-99.00
-99.00
-99.00
-99.00
-99.00
-99.00
-99.00
-99.00
-99.00
-99.00
-99.00
-99.00
-99.00
-99.00
-99.00
-99.00
-99.00
-99.00
-99.00
-99.00
-99.00
-99.00
-99.00
-99.00
-99.00
-99.00
-99.00
-99.00
-99.00
-99.00
-99.00
-99.00
0.70
6.10
-99.00
-99.00
1.50
2.90
4.30
35.10
9.40
4.10
1.60
1.70
3.10
1.70
1.40
2.70
2.30
3.90
5.90
5.30
17.30
16.70
5.20
5.50
9.40
8.10
11.80
4.60
-99.00
-99.00
5.30
15.40
7.20
10.30
-99.00
-99.00
15.10
12.80
17.20
20.30
10.50
-99.00
-99.00
-99.00
-99.00
-99.00
-99.00
-99.00
-99.00
-99.00
-99.00
-99.00
-99.00
-99.00
-99.00
-99.00
-99.00
-99.00
-99.00
-99.00
-99.00
-99.00
-99.00
-99.00
-99.00
-99.00
-99.00
-99.00
-99.00
-99.00
-99.00
-99.00
-99.00
-99.00
-99.00
-99.00
-99.00
-99.00
0.00
-99.00
-99.00
-99.00
-99.00
-99.00
-99.00
-99.00
-99.00
-99.00
-99.00
-99.00
-99.00
-99.00
0.70
2.00
2.10
1.80
2.30
1.10
1.00
1.00
4.70
1.90
3.20
2.10
1.30
1.30
0.30
0.50
4.50
1.00
2.90
0.80
24.40
19.70
12.80
7.10
6.40
18.90
5.00
12.10
0.40
2.50
0.50
1.30
0.60
0.70
2.60
6.00
0.40
0.00
0.00
0.00
0.00
0.00
0.00
0.00
0.00
0.00
0.00
0.00
0.00
0.00
0.00
0.00
0.00
0.00
0.00
0.00
0.00
0.00
0.00
0.00
0.00
0.00
0.00
0.00
0.00
0.00
0.00
0.00
0.00
0.00
0.00
0.00
0.00
0.00
0.00
0.00
1.50
1.00
1.00
0.60
0.50
8.50
2.10
2.00
0.40
0.00
0.00
0.00
0.00
0.00
0.00
0.00
1.10
0.00
0.00
0.00
0.00
0.00
0.00
0.00
0.00
0.00
0.00
0.00
0.00
0.00
0.00
0.00
0.00
0.00
0.00
0.00
0.00
0.00
0.00
0.00
0.00
0.00
0.00
0.00
0.00
0.00
0.00
0.00
0.00
0.00
0.00
0.00
0.00
0.00
0.00
0.00
0.00
0.00
0.00
0.00
0.00
0.00
0.00
0.00
0.00
0.00
0.00
0.00
0.00
0.00
0.00
-99.00
-99.00
-99.00
-99.00
5.00
2.00
3.60
2.90
5.80
0.80
1.20
17.40
3.80
1.80
2.20
2.60
2.80
1.00
2.20
3.40
2.20
0.80
1.80
3.00
2.80
1.80
1.60
4.20
11.40
2.60
2.40
2.00
2.20
3.00
1.40
1.20
12.80
16.40
3.40
2.60
2.20
2.00
2.20
2.30
35.30
2.20
2.80
2.60
12.40
3.20
3.00
2.00
1.60
21.80
2.20
4.20
10.00
11.20
0.80
31.20
1.60
1.60
6.20
5.00
20.80
20.00
41.40
14.20
2.20
4.00
3.40
7.40
3.40
3.80
4.40
4.80
2.20
4.20
3.00
3.60
3.00
3.00
3.80
3.40
3.80
4.20
23.00
2.40
4.80
3.20
1.60
31.40
3.20
4.20
4.40
8.80
7.00
3.00
3.60
5.80
3.80
7.80
3.60
3.00
6.00
36.80
5.80
3.00
1.20
2.80
4.80
147.60
13.80
7.20
28.60
19.20
48.40
1.40
3.00
33.40
56.60
3.40
3.40
6.00
4.00
75.80
49.80
67.00
3.40
6.40
4.40
2.00
39.80
32.20
6.60
9.20
70.40
38.20
47.40
27.80
12.00
14.60
18.20
9.80
14.40
29.20
14.20
7.60
24.20
18.40
8.60
7.80
7.60
12.20
37.20
22.60
25.40
13.00
67.60
49.20
17.40
29.60
27.00
22.40
14.80
4.00
0.60
1.80
3.00
3.80
7.80
3.00
2.20
4.40
3.60
7.40
0.00
4.20
0.00
0.00
1.40
9.80
0.60
0.00
2.20
4.40
0.00
0.00
7.00
0.80
0.00
0.00
0.00
0.00
14.40
10.20
4.80
38.40
35.60
17.40
6.60
54.00
20.60
4.80
0.00
0.00
0.00
0.80
4.40
1.80
4.20
0.00
17.60
3.40
8.20
0.60
27.20
131.80
2.80
0.00
0.00
0.00
0.00
0.00
0.00
0.00
0.00
0.00
3.20
0.00
0.00
0.00
0.00
0.00
0.00
6.00
3.20
0.60
17.60
31.40
9.60
8.00
0.00
0.00
0.00
0.00
0.00
0.00
0.00
0.00
0.00
0.00
0.00
0.00
0.00
0.00
0.00
0.00
7.40
0.00
0.00
0.00
42.00
10.40
0.00
4.60
5.20
19.40
4.80
0.00
0.00
1.60
109.00
10.00
0.00
11.00
23.60
31.80
0.00
0.00
66.80
12.20
17.40
16.60
4.80
62.60
54.40
3.80
0.00
0.00
3.00
40.80
0.00
3.00
0.00
23.20
22.00
0.00
0.00
3.40
0.00
0.20
19.20
0.00
0.00
35.80
11.00
0.00
23.20
46.00
4.40
0.00
11.00
0.00
0.00
0.60
1.20
0.00
0.00
1.60
0.00
21.00
0.00
0.00
0.00
3.80
0.00
0.00
0.00
0.20
0.60
67.20
2.00
0.00
9.20
0.00
3.20
0.00
0.00
2.40
4.00
4.00
15.80
0.00
0.00
4.20
0.00
0.00
0.00
0.00
0.00
51.20
3.00
0.00
0.00
19.40
27.20
6.00
1.60
2.80
9.80
14.20
4.00
0.00
0.00
0.00
0.00
0.00
0.00
0.00
2.20
0.00
0.00
20.00
2.40
0.00
8.00
2.00
0.00
0.00
0.00
0.00
0.00
0.00
0.00
0.00
0.00
0.00
42.20
0.60
0.80
0.60
1.00
10.80
21.00
31.20
54.00
1.40
1.40
0.60
0.00
0.00
0.00
8.80
0.60
0.00
0.00
0.00
0.00
0.80
0.00
13.80
7.00
0.40
0.00
0.00
0.00
0.00
0.00
15.60
0.00
0.00
2.00
0.00
0.00
0.00
0.00
0.00
0.00
0.00
9.40
0.00
0.60
4.00
2.80
4.20
16.80
2.80
33.60
35.20
19.00
0.00
0.00
0.00
0.00
0.60
0.00
0.00
3.40
8.60
0.00
0.00
0.00
0.00
0.00
2.60
13.40
0.00
19.00
0.00
4.20
0.00
0.00
0.00
0.00
0.00
0.00
0.00
31.60
18.60
49.80
21.00
17.00
18.40
0.00
0.00
0.00
0.00
0.00
0.00
13.20
30.40
0.00
17.80
23.40
17.20
45.40
109.20
10.40
44.00
44.40
0.00
0.00
0.00
0.00
0.00
0.00
0.00
0.00
1.00
2.20
1.00
0.40
0.40
0.80
0.80
1.00
1.00
3.00
38.20
24.20
14.00
25.60
40.80
1.40
0.20
2.40
0.20
0.80
0.40
0.40
1.00
1.20
2.20
3.20
4.80
0.60
3.60
5.20
0.80
14.20
7.60
6.20
44.00
13.00
11.60
1.80
8.80
14.40
8.40
3.40
13.40
-99.00
-99.00
-99.00
-99.00
-99.00
-99.00
-99.00
-99.00
0.20
9.80
34.20
11.80
57.20
16.20
3.60
8.20
4.80
0.80
23.40
4.00
3.80
2.60
8.20
1.80
7.00
2.20
0.00
13.80
27.00
2.60
0.00
0.00
2.20
1.40
4.20
11.00
0.00
5.00
13.60
9.80
0.00
0.00
0.00
0.00
0.00
1.80
7.80
1.40
14.80
0.00
0.60
2.40
0.60
2.00
0.00
0.00
29.00
0.80
0.00
0.00
5.00
8.60
0.00
0.00
0.00
36.20
0.00
0.40
4.40
2.40
0.40
0.80
0.00
0.00
0.00
0.00
0.00
1.80
2.80
9.40
0.00
1.20
4.00
0.00
0.00
0.00
0.00
1.40
0.00
0.00
0.00
4.40
18.20
0.00
0.00
30.20
1.60
0.00
0.00
0.00
27.80
3.80
1.20
5.20
0.60
0.00
2.80
9.00
0.00
0.20
11.40
6.60
0.00
0.00
0.00
0.00
0.00
1.80
39.00
29.20
7.60
38.00
27.40
6.20
8.00
0.00
1.00
9.20
14.80
0.40
31.20
48.80
3.00
8.00
2.20
0.00
0.00
0.00
0.00
0.00
0.00
0.00
0.00
0.00
0.00
16.80
21.00
1.20
0.60
8.00
0.00
0.00
0.00
0.00
0.00
15.40
0.00
15.00
35.60
16.20
9.80
1.20
15.00
44.20
11.80
0.00
12.60
7.20
27.20
23.00
0.00
0.00
0.00
0.00
1.20
0.00
11.00
56.80
0.00
0.00
0.00
0.00
3.40
8.40
0.00
0.00
0.80
9.20
6.00
0.00
26.20
0.00
0.00
0.00
0.00
0.00
0.00
0.00
0.00
7.80
38.80
106.20
13.20
0.00
0.00
0.00
0.00
0.00
1.80
0.00
0.00
61.40
17.80
0.00
4.00
2.40
0.00
0.00
0.00
0.00
0.00
0.00
24.20
2.00
2.00
1.00
0.00
0.00
1.20
7.80
0.00
0.00
0.00
0.00
0.00
0.00
0.00
0.00
0.00
0.00
0.00
0.00
0.00
37.00
0.00
2.00
0.20
16.20
2.00
27.40
5.20
0.00
2.60
0.00
0.00
0.00
0.20
3.80
45.60
0.60
0.00
13.20
10.40
0.00
0.00
39.00
27.60
0.00
0.00
0.00
0.00
0.00
0.00
0.00
14.40
33.60
0.00
0.00
0.00
0.00
28.40
81.00
9.60
7.00
2.60
0.00
0.00
3.80
3.80
0.00
0.00
0.00
0.00
0.00
0.00
24.00
11.40
0.00
0.00
0.00
3.40
5.00
20.60
66.00
5.40
0.00
0.00
0.00
0.00
15.20
1.20
3.00
16.20
0.60
2.60
0.00
0.00
36.40
21.00
6.60
0.00
0.00
1.20
21.00
6.80
0.00
0.00
11.00
2.60
0.00
1.80
1.40
6.20
9.60
1.40
5.80
2.40
6.00
5.80
19.20
21.80
11.80
0.00
0.00
0.00
0.00
2.60
2.00
9.00
4.20
2.60
0.00
0.00
23.20
0.80
7.40
2.60
0.00
0.00
0.00
0.00
0.00
0.00
1.00
0.00
0.00
0.00
0.00
0.20
6.40
8.00
0.60
6.00
1.20
11.20
21.40
0.00
0.00
0.00
0.00
0.00
0.00
4.60
0.00
5.60
4.60
0.00
0.00
0.00
0.00
0.00
2.80
3.20
1.20
0.00
0.00
0.00
0.00
0.00
0.00
0.00
0.00
0.00
0.00
0.00
0.00
0.00
0.00
14.40
0.00
0.00
31.00
0.80
4.20
4.20
37.80
60.20
16.60
0.00
0.00
7.80
27.80
22.80
5.00
7.20
6.00
2.20
0.00
0.00
0.00
0.00
0.00
0.00
1.00
92.00
0.00
2.40
27.20
79.00
24.60
0.00
0.00
0.00
0.00
2.60
0.00
0.00
0.00
0.60
15.20
5.00
6.40
17.80
32.80
0.00
0.00
7.80
1.20
0.00
0.00
0.00
0.00
0.00
11.40
1.20
0.00
0.00
0.00
0.00
0.00
0.00
0.00
0.00
0.00
1.20
3.60
40.40
11.40
26.40
10.60
0.00
7.80
0.00
4.60
0.00
19.60
25.40
0.00
3.40
3.00
31.20
0.00
0.00
0.00
2.00
1.40
2.00
27.60
0.00
0.00
0.00
5.60
5.00
3.80
4.60
0.00
0.00
0.00
0.00
20.80
5.60
0.00
9.80
30.80
42.00
14.40
31.80
14.40
24.20
5.80
5.80
31.00
20.00
12.80
15.80
0.00
2.00
11.40
0.00
0.00
2.60
1.20
0.00
0.00
0.00
29.00
9.20
2.40
0.00
0.00
1.20
1.60
20.00
26.80
0.00
0.00
0.00
48.00
2.40
0.00
0.00
0.60
0.00
1.60
0.00
0.00
12.80
55.00
1.40
0.00
0.00
2.60
0.00
22.80
0.00
0.00
0.00
0.00
8.80
59.60
34.80
9.20
0.00
0.00
0.00
0.00
0.00
0.00
0.00
0.00
12.60
0.00
2.60
0.00
0.00
0.00
0.00
0.00
62.40
3.20
0.00
0.00
0.00
1.20
0.00
0.00
0.00
0.00
0.00
0.60
18.60
19.40
0.00
0.00
0.00
1.60
0.00
0.00
10.60
2.80
8.00
0.00
0.00
0.00
0.00
0.00
0.00
0.00
0.00
0.00
0.00
3.60
3.40
0.00
35.80
13.20
0.00
0.00
0.00
0.00
13.60
0.00
0.00
0.00
4.00
0.00
0.00
0.00
0.00
0.00
0.00
0.00
0.00
45.20
13.00
0.00
0.00
0.00
0.00
0.00
0.00
0.00
0.00
0.00
0.00
26.40
3.40
0.00
0.00
6.40
74.80
0.00
0.00
63.20
20.20
0.00
0.00
0.00
6.20
52.40
107.00
14.00
60.40
75.80
54.20
0.00
0.00
4.20
0.00
0.00
0.00
3.00
14.20
4.20
0.00
0.00
0.00
1.80
1.00
21.40
1.00
0.00
0.00
0.00
0.00
0.00
0.00
0.00
0.00
5.00
0.00
0.00
28.00
10.00
0.00
0.00
0.00
0.00
0.00
4.60
0.00
0.00
0.00
41.00
56.00
15.00
23.00
91.20
45.00
0.00
1.60
11.40
0.00
0.00
0.00
2.00
15.80
9.20
52.20
0.00
20.40
0.60
13.60
8.60
8.40
0.00
0.00
0.00
0.00
0.00
0.00
0.00
0.00
0.00
0.00
0.00
0.00
0.00
19.60
0.00
0.00
0.00
0.00
0.00
0.00
1.20
56.40
25.80
0.00
11.20
12.60
0.60
0.00
1.60
51.20
15.20
4.20
0.00
0.00
0.00
0.00
0.00
3.40
38.80
6.00
31.20
0.00
0.00
10.20
0.00
0.00
0.00
0.00
0.00
0.00
0.00
0.00
0.00
0.00
0.00
0.00
38.80
12.80
7.80
9.00
6.20
13.80
0.00
0.00
0.00
0.00
0.00
0.00
0.00
0.00
1.80
3.20
10.00
2.60
15.80
20.40
0.00
0.00
0.00
2.00
0.00
3.80
0.00
0.00
0.00
13.40
2.60
4.60
11.60
6.00
4.80
29.80
12.00
0.00
17.60
0.00
25.80
9.40
36.60
69.20
33.80
1.20
3.60
16.60
7.20
1.20
1.20
16.20
0.00
0.00
0.00
0.60
20.20
4.80
27.80
0.60
0.00
2.60
4.00
1.20
0.00
0.00
3.20
0.00
0.00
0.00
0.00
1.80
0.00
0.00
0.00
8.20
0.00
22.20
55.60
80.80
37.20
0.00
0.00
0.60
0.00
0.00
0.00
1.40
0.00
0.00
0.60
4.00
28.80
0.00
0.00
0.00
8.80
1.20
0.00
6.20
13.60
16.00
0.00
0.00
0.00
0.00
0.00
1.80
96.40
0.00
0.00
0.00
0.00
0.00
0.00
0.00
8.00
0.00
0.00
3.00
45.60
0.00
0.00
42.80
26.40
0.00
0.00
0.00
0.00
0.00
0.00
0.00
0.00
0.00
0.00
0.00
0.00
0.00
0.00
0.00
0.00
0.00
0.00
0.00
1.60
0.00
4.60
8.40
0.00
0.00
0.00
0.00
0.00
0.00
6.40
66.40
16.20
0.00
0.00
0.00
0.00
0.00
0.00
0.00
0.00
0.00
0.00
0.00
0.00
0.00
0.00
0.00
0.00
0.00
0.00
4.00
0.00
0.00
5.80
9.80
67.00
0.00
0.00
0.00
0.00
0.00
0.00
0.00
0.00
0.80
20.60
17.80
0.00
31.20
13.60
0.00
0.00
0.00
0.00
14.00
2.40
0.00
0.00
0.00
10.00
5.80
4.40
21.80
0.00
3.20
51.80
3.20
0.00
0.00
0.00
0.00
0.00
0.00
0.00
0.00
0.00
4.80
20.80
13.60
0.00
23.80
2.80
0.00
0.00
1.80
120.40
27.40
17.80
0.80
0.00
0.00
29.40
42.40
48.20
3.20
0.00
3.40
1.20
0.00
0.80
0.00
37.20
2.60
1.80
0.00
3.80
2.20
9.40
11.40
0.00
0.00
0.00
0.00
0.00
4.20
18.40
0.00
0.00
0.00
1.80
0.00
0.00
2.40
18.40
34.60
29.80
18.60
0.00
0.00
26.60
28.20
28.20
56.00
9.80
18.80
16.00
0.00
0.00
0.00
0.00
1.20
1.80
5.00
2.20
4.20
0.00
0.00
1.80
8.40
0.00
0.00
0.00
1.60
8.40
0.00
0.60
6.80
0.00
0.00
28.80
15.40
0.00
0.00
0.00
0.00
0.00
0.00
0.00
25.00
0.00
0.60
53.00
52.80
93.00
57.80
13.40
39.80
37.60
23.80
12.80
1.20
15.40
56.20
0.00
57.80
23.40
15.00
0.00
0.00
0.00
12.60
49.80
3.40
14.00
31.20
51.40
13.40
33.80
27.40
10.20
22.80
25.60
21.20
37.00
4.80
0.00
0.00
0.00
0.00
0.00
4.40
3.00
2.60
18.80
13.80
0.00
0.00
0.00
5.20
0.00
0.00
4.40
19.00
10.20
18.60
11.80
3.40
0.60
1.20
23.60
23.40
28.80
4.80
0.00
9.40
2.40
1.20
11.80
0.00
0.60
0.60
18.40
5.60
1.80
1.80
6.80
4.40
17.80
0.00
18.40
8.00
0.00
39.60
23.20
23.60
0.00
0.60
0.00
0.00
0.60
0.00
0.00
0.00
0.00
0.00
0.00
0.00
51.20
0.60
0.00
0.00
0.00
0.00
7.00
22.40
56.00
30.80
18.60
13.40
1.60
6.40
1.20
0.00
0.00
0.00
1.20
5.40
18.60
2.40
0.00
0.00
0.00
8.00
59.60
6.40
3.20
7.40
10.80
1.20
35.60
116.20
3.60
4.60
4.00
0.00
2.40
31.80
18.40
38.00
91.20
39.80
15.20
0.00
0.00
3.40
24.40
0.00
5.20
15.60
7.00
0.00
0.00
48.80
11.40
0.00
0.00
20.00
90.20
13.60
0.00
6.20
0.00
1.20
0.00
0.00
0.00
0.00
2.60
0.00
0.00
10.20
1.00
1.20
0.00
0.00
0.00
0.00
0.00
1.60
14.40
0.60
9.40
29.80
10.40
0.00
19.20
12.20
11.00
0.00
20.60
8.40
0.00
22.20
0.00
0.00
0.00
44.20
0.00
3.20
0.00
0.00
0.00
0.60
0.00
0.00
0.00
6.40
52.60
18.60
0.00
0.00
0.00
143.80
0.00
0.00
0.00
46.80
0.00
0.00
0.60
0.00
0.00
16.00
0.00
1.20
0.00
2.00
0.00
3.20
0.80
0.00
0.00
0.00
0.00
0.00
0.00
0.00
40.20
67.20
1.80
0.00
41.60
0.60
0.00
0.00
0.00
7.40
0.00
0.00
5.80
2.00
0.00
0.00
0.00
0.00
0.00
0.00
0.00
0.00
4.80
12.80
0.60
0.00
0.00
63.20
32.80
16.80
4.80
0.00
0.00
0.00
19.40
1.20
0.00
0.00
0.00
14.40
18.60
0.00
0.00
10.60
15.40
1.20
22.00
3.80
1.40
3.60
0.00
0.00
0.00
9.00
0.60
0.00
0.00
0.00
6.80
40.40
131.20
0.00
0.00
0.00
12.00
31.00
75.60
66.60
18.20
24.60
84.20
0.00
26.40
51.40
99.00
8.00
95.60
19.40
31.20
21.20
1.20
0.00
0.00
0.00
0.00
75.00
0.00
0.00
0.00
0.00
0.00
0.00
0.00
0.00
0.00
0.00
0.00
0.00
0.00
11.00
0.00
0.00
0.00
0.00
16.80
28.60
0.00
0.00
0.00
22.20
15.80
45.60
2.60
6.20
0.00
0.00
0.00
2.40
1.20
9.80
32.60
23.40
0.00
0.00
0.00
0.00
0.00
0.00
0.00
5.60
21.80
1.20
1.20
0.60
19.20
11.20
20.20
3.00
32.20
36.80
140.80
40.80
6.40
52.80
7.20
1.80
6.80
3.00
26.80
9.00
2.00
1.80
3.60
3.80
13.20
4.40
3.60
37.00
12.20
0.00
0.00
1.20
1.80
21.20
0.00
0.00
2.20
0.00
11.00
0.00
0.00
0.00
1.80
13.00
16.80
60.40
16.20
0.00
82.20
53.00
77.60
0.00
0.00
0.00
0.00
0.00
0.00
0.00
0.00
0.00
0.00
0.00
0.00
0.00
0.00
0.00
0.60
18.80
19.20
9.60
35.80
56.20
0.00
0.00
0.00
8.40
0.60
0.00
14.00
83.00
28.80
9.40
0.00
0.00
0.60
0.00
0.00
15.60
0.00
0.00
0.00
0.00
0.00
0.00
0.00
1.20
7.60
7.20
1.20
0.60
35.40
22.80
19.00
0.60
20.00
2.40
6.40
1.40
31.80
18.00
0.00
0.00
0.00
3.00
3.20
0.00
0.00
0.00
0.00
19.60
0.00
0.00
0.00
0.00
0.00
4.80
3.80
24.40
0.60
2.80
1.80
9.20
68.00
0.00
41.40
17.20
34.80
17.60
5.40
2.60
0.00
9.00
2.40
4.40
0.00
0.00
0.00
0.00
48.00
2.00
0.00
0.00
2.00
0.00
17.20
5.00
0.00
12.20
0.00
0.60
8.60
80.60
23.00
10.80
0.00
0.00
20.80
0.00
3.40
8.20
23.60
5.80
0.00
22.40
49.40
0.00
16.20
0.80
0.00
13.80
0.80
0.00
0.00
0.00
0.00
0.00
7.60
12.00
3.20
0.00
0.00
0.00
61.80
0.00
0.00
32.80
7.60
0.00
0.00
8.80
32.20
0.60
0.00
0.00
0.80
0.00
25.80
0.00
0.00
33.80
23.00
20.80
0.00
1.20
2.00
0.00
0.00
1.60
3.20
17.80
10.40
0.00
0.00
0.40
0.00
0.00
5.00
0.00
1.60
0.60
0.00
0.00
0.00
1.40
0.00
1.20
5.40
3.80
0.00
0.00
0.00
0.00
0.00
26.00
0.60
15.00
1.60
5.00
21.80
0.00
0.60
0.00
0.00
3.00
0.00
0.00
0.00
14.00
0.80
0.60
0.00
0.00
0.00
1.20
1.20
0.00
0.00
0.00
21.20
36.80
0.00
38.60
3.80
1.20
0.00
0.00
0.00
0.00
0.00
0.00
0.00
0.00
0.00
0.00
0.00
0.00
0.00
0.00
0.00
0.00
0.00
0.00
2.40
38.00
26.80
24.80
0.00
1.20
0.60
5.60
0.00
1.20
0.00
0.00
36.00
0.60
1.20
8.00
0.00
0.00
0.00
0.00
0.00
0.60
0.00
15.40
10.00
11.20
42.40
24.00
70.40
18.20
3.80
0.00
9.60
1.80
29.00
15.80
48.80
6.80
5.80
16.00
0.00
0.00
2.80
5.60
50.60
32.40
45.80
0.00
2.00
0.60
0.00
0.00
0.00
8.40
3.80
73.00
39.40
3.00
0.00
0.00
0.00
0.00
0.00
0.00
0.00
0.00
0.00
0.00
0.00
0.00
13.00
0.00
0.00
0.00
0.00
24.20
7.20
0.00
4.20
0.00
5.60
5.60
3.20
18.60
4.20
5.60
13.00
4.00
33.80
126.40
53.00
42.60
5.00
8.60
14.40
9.20
0.00
0.00
3.20
0.00
0.00
0.60
0.60
0.00
4.20
21.00
0.00
13.60
0.00
0.00
0.00
42.40
14.40
53.40
54.00
69.40
70.20
27.40
25.40
14.80
0.00
0.00
32.60
1.80
0.00
0.00
0.00
0.00
0.00
0.00
0.00
10.80
26.20
18.60
5.40
0.00
0.00
0.00
0.60
6.40
21.60
1.20
36.80
35.60
24.60
25.40
32.80
0.00
3.40
0.00
0.00
0.00
0.00
0.00
0.00
0.00
0.00
0.00
0.00
0.00
0.60
0.00
0.00
0.00
0.60
8.80
0.00
21.00
54.20
0.60
0.00
0.00
5.00
0.00
9.60
13.80
63.60
2.60
1.20
0.00
1.60
3.20
3.20
3.60
0.60
0.00
0.00
1.20
0.00
0.00
0.00
0.00
0.00
1.20
16.20
13.80
0.00
0.00
56.80
20.20
3.60
2.40
10.80
3.60
1.00
0.60
0.00
0.00
23.80
0.00
0.00
1.60
0.00
20.40
0.00
0.00
12.40
0.00
0.00
25.60
15.60
25.20
2.00
19.00
7.80
15.40
38.00
0.60
0.00
0.00
0.00
0.00
17.20
7.80
32.40
0.00
0.00
0.00
0.00
0.00
0.00
0.00
0.00
0.00
0.00
0.00
0.00
0.00
0.00
0.00
0.00
0.00
0.00
0.00
0.00
0.00
31.60
8.20
11.40
0.00
0.00
39.60
5.80
0.00
4.80
0.00
0.00
0.00
0.00
0.00
196.00
129.00
0.00
0.00
20.20
2.20
0.00
0.00
0.00
41.60
7.40
0.60
0.00
17.40
9.80
11.20
2.60
0.00
16.20
6.00
0.00
0.00
0.80
12.40
4.40
0.60
0.00
0.00
0.00
0.00
0.00
0.00
15.00
1.80
21.40
45.20
28.80
0.00
0.00
0.00
0.00
0.00
29.00
0.00
97.20
1.20
0.00
9.20
29.40
25.80
0.00
0.00
0.00
0.00
3.20
13.20
0.00
0.00
0.00
1.60
0.00
4.40
1.20
30.60
4.80
5.40
2.80
18.60
21.00
8.40
0.00
0.00
0.00
0.60
12.00
22.40
0.00
0.00
0.00
0.00
5.40
0.00
0.60
0.60
6.80
0.00
0.00
0.00
0.00
31.80
7.80
0.00
0.00
0.00
0.00
54.40
16.60
0.00
0.00
0.00
0.00
0.00
0.00
0.00
0.00
0.00
0.00
0.00
0.00
0.00
0.00
0.00
0.00
0.00
54.80
10.60
0.00
20.40
104.20
52.40
2.00
23.60
0.00
0.00
0.00
0.00
0.00
0.00
1.40
0.00
0.00
0.60
1.80
0.00
0.00
0.00
0.00
0.00
0.00
0.00
0.00
0.00
0.00
0.00
0.00
0.00
0.00
0.00
0.00
0.00
0.00
0.80
1.80
0.00
0.60
3.40
9.20
0.60
19.40
14.40
19.20
2.40
5.40
3.60
9.80
11.20
12.00
0.00
27.00
20.20
5.60
0.00
27.00
22.60
0.00
0.00
14.00
5.00
0.00
0.00
0.00
0.00
1.80
0.00
0.00
8.20
0.00
0.00
23.00
0.00
0.00
1.80
25.40
0.00
13.40
11.20
4.00
17.20
25.00
46.20
42.00
9.80
0.00
18.20
0.00
0.00
0.00
30.60
0.00
0.00
29.20
0.60
44.60
29.00
20.60
0.00
32.60
14.80
6.00
19.40
11.60
13.60
4.20
53.00
5.00
3.60
0.00
2.40
3.60
5.00
27.60
2.40
0.00
3.60
8.20
0.00
0.60
3.00
0.00
7.80
0.60
4.80
0.00
3.00
0.00
17.80
11.20
0.00
8.00
12.00
53.40
0.00
23.20
34.20
13.20
10.80
3.80
10.00
4.00
0.00
2.00
5.20
0.60
0.00
0.00
6.60
9.20
10.40
34.00
20.60
0.00
0.00
4.80
7.80
0.00
6.40
3.20
0.00
0.00
0.00
0.00
0.80
0.60
29.20
36.60
1.20
4.20
5.40
18.00
18.40
3.20
0.60
0.00
5.20
0.00
0.00
3.20
28.00
0.00
0.00
0.00
0.00
0.00
3.80
22.00
23.00
7.00
1.80
0.00
2.80
22.00
2.80
8.80
0.00
0.00
0.00
5.80
0.00
0.00
1.20
0.00
1.00
9.60
1.20
27.80
1.80
0.00
0.00
0.00
0.00
2.40
0.00
0.00
0.40
0.80
19.00
13.00
14.80
1.00
1.00
25.60
27.40
0.00
10.40
5.80
0.00
9.40
9.20
3.00
5.40
0.00
0.00
0.00
0.00
0.00
0.00
18.40
0.00
30.20
6.20
0.60
0.00
0.00
0.00
0.00
0.00
0.00
10.80
0.00
0.00
0.00
9.60
12.80
0.00
0.00
0.00
16.60
9.00
0.00
0.00
0.00
0.00
16.40
10.40
2.00
0.00
0.00
2.60
0.00
0.00
0.00
0.00
0.00
0.00
0.00
0.00
2.40
0.00
0.00
0.00
0.00
0.00
0.00
0.00
0.00
0.00
0.60
16.40
0.00
0.00
0.00
18.60
14.40
0.00
7.60
43.20
2.40
0.00
0.60
0.00
0.00
4.00
0.00
17.20
0.00
0.00
0.00
0.00
0.00
0.00
7.20
0.00
4.60
0.00
2.40
0.00
0.00
0.00
0.00
0.00
13.20
43.60
40.40
0.00
0.00
1.20
0.60
0.00
0.60
0.00
1.80
22.00
33.00
1.20
6.00
0.00
0.00
0.00
0.00
0.00
0.00
0.00
0.00
14.60
76.20
8.20
6.20
7.40
44.40
1.20
26.20
0.60
38.80
23.00
0.00
0.00
0.00
0.00
0.00
4.40
53.60
16.20
17.40
0.00
0.00
5.20
0.00
0.00
0.00
0.00
0.00
0.00
0.00
0.00
0.00
0.00
0.00
0.00
0.00
0.00
0.00
0.00
0.00
0.00
0.00
0.00
0.00
0.00
0.00
0.00
0.00
10.00
1.40
0.00
0.00
0.00
0.00
0.00
0.00
0.00
0.00
0.00
0.00
0.00
0.00
0.00
0.00
0.00
6.00
0.00
74.80
36.00
3.40
62.40
25.60
62.20
60.20
6.20
0.00
0.00
0.00
0.00
2.20
9.00
0.00
0.00
0.60
9.60
15.20
0.00
0.60
0.00
0.00
2.40
4.00
4.80
58.00
64.00
36.80
41.20
0.00
0.00
1.80
3.60
14.00
7.80
0.00
0.00
0.00
0.00
0.00
0.00
0.00
0.00
0.00
3.20
0.00
0.00
0.00
6.80
0.00
0.00
4.20
42.60
8.60
14.00
51.60
2.60
0.00
0.00
0.00
29.20
14.60
0.00
0.00
0.00
0.00
0.00
0.00
0.00
2.80
10.00
7.20
50.80
15.80
5.00
2.40
0.00
0.00
0.00
1.40
46.60
27.80
0.00
0.00
15.80
0.00
0.00
0.60
3.60
0.00
0.00
0.00
0.00
0.00
2.40
0.00
0.00
0.00
0.00
0.00
0.00
0.00
0.00
0.00
14.20
19.40
23.20
0.00
0.00
11.00
0.00
18.20
4.00
0.00
4.00
8.40
0.00
0.00
0.00
17.20
24.40
4.40
0.00
0.00
0.00
0.00
0.00
25.40
2.40
0.00
0.00
50.20
0.00
0.00
0.00
9.60
0.00
0.00
0.60
22.40
7.60
3.40
26.60
23.60
18.20
12.40
0.60
0.00
8.80
4.60
0.00
0.00
0.00
0.00
0.00
0.00
0.00
0.00
0.00
0.00
0.00
1.20
0.00
0.00
0.00
9.40
29.80
2.20
5.20
1.20
15.60
34.00
1.80
0.00
0.00
0.00
0.00
0.00
1.60
4.60
43.60
0.00
0.00
0.00
0.00
0.00
0.00
6.40
0.00
5.20
0.00
52.80
0.00
9.40
2.60
0.00
0.00
0.00
0.00
0.00
1.00
0.00
0.00
0.00
0.00
0.00
28.20
146.80
0.60
3.80
22.80
9.20
0.00
0.00
0.00
0.00
0.00
0.00
0.00
0.00
0.00
0.00
0.00
0.00
14.40
17.00
0.00
0.00
0.60
29.40
0.00
4.00
41.00
12.20
0.80
0.60
2.20
0.60
0.60
0.00
0.00
38.00
24.80
4.60
8.80
0.00
1.80
31.00
16.20
0.00
16.40
0.00
0.00
0.00
14.40
0.00
0.00
17.40
0.00
0.00
0.00
0.00
10.20
57.00
9.60
0.00
0.00
0.00
0.00
0.00
0.00
0.00
0.00
0.00
0.00
0.00
0.00
0.00
0.00
0.00
41.00
6.20
0.00
1.20
0.00
0.00
0.00
0.00
0.00
0.60
0.00
0.00
0.00
0.00
0.00
0.00
0.00
31.60
61.20
12.40
0.00
26.60
88.60
10.40
5.40
10.80
27.20
0.00
0.00
0.00
0.00
0.00
0.00
0.00
0.00
0.00
0.00
1.20
41.80
0.00
0.00
0.00
19.20
1.80
41.00
22.80
0.00
0.00
0.00
0.00
0.00
20.60
11.40
6.00
37.00
4.80
6.20
6.20
33.60
23.40
15.00
41.80
0.00
51.40
24.80
0.00
0.00
0.00
0.00
0.60
74.80
70.40
19.00
0.00
17.00
25.60
46.40
0.00
0.00
0.00
6.20
29.40
0.00
0.00
19.00
11.20
0.00
0.60
6.60
0.00
0.00
2.40
0.00
2.80
40.00
56.60
1.40
0.00
0.00
35.00
94.00
16.80
0.00
0.00
0.00
0.00
19.20
25.80
39.60
27.20
31.60
3.00
1.80
14.00
15.60
10.20
76.40
14.20
21.40
72.80
2.00
0.00
10.60
57.00
92.60
101.40
37.00
0.00
0.00
0.00
0.00
0.00
0.00
30.00
29.80
3.60
2.00
4.60
12.00
1.40
3.20
0.00
18.60
22.80
1.20
10.00
0.00
24.20
9.20
0.00
12.60
9.00
31.40
17.00
12.20
0.60
0.00
66.00
9.00
25.40
32.40
0.00
4.60
1.80
17.60
0.00
0.00
7.60
5.00
0.60
5.20
18.40
30.40
4.40
15.60
39.40
2.60
14.60
0.60
0.00
4.60
0.00
0.00
0.00
0.00
0.00
0.00
17.80
0.00
0.00
0.00
6.40
30.80
10.60
0.60
3.60
19.80
109.60
9.80
6.80
0.00
91.80
40.40
3.80
4.40
0.00
44.60
31.20
26.00
27.00
0.00
0.00
0.00
0.00
0.60
4.60
5.20
2.60
0.60
1.40
0.60
31.00
11.00
19.00
14.20
2.20
10.80
7.60
2.20
14.20
6.60
9.60
4.20
0.00
10.60
33.40
17.00
50.60
29.60
0.60
1.20
0.00
0.00
0.00
0.00
0.00
0.00
0.00
0.00
0.00
0.00
0.00
0.00
1.80
9.40
0.00
0.00
0.00
0.00
17.60
4.60
0.00
22.20
3.00
5.60
3.20
26.00
0.00
7.80
0.00
0.00
36.40
0.00
4.80
0.00
37.80
1.00
0.00
0.00
6.60
11.20
0.60
0.00
0.00
0.00
0.00
0.00
0.00
0.00
0.00
0.00
0.00
0.00
35.60
57.60
30.40
2.60
0.00
18.60
0.00
0.60
0.00
2.00
35.00
0.00
0.00
0.00
0.00
0.00
0.00
0.60
1.20
0.00
0.00
10.60
57.00
0.00
0.00
0.00
0.00
19.80
19.00
66.00
15.80
0.00
0.00
0.00
0.60
0.00
53.60
0.00
0.00
0.00
0.00
0.00
5.80
0.00
0.00
0.60
0.00
0.00
0.60
0.00
0.00
0.00
0.00
3.80
0.60
0.60
0.00
0.00
0.00
0.00
59.20
29.60
6.20
7.20
20.40
1.60
0.00
1.80
55.40
38.80
13.40
0.60
3.60
9.00
4.60
0.00
0.00
0.00
0.00
0.00
1.80
64.40
38.60
9.20
1.20
16.80
0.00
26.20
0.00
0.00
23.20
3.60
1.20
0.80
19.60
3.00
1.40
4.20
0.00
0.00
0.60
0.00
0.00
4.40
0.00
1.80
0.60
0.00
6.80
0.00
6.80
31.80
0.00
0.00
0.00
38.20
0.00
0.00
0.00
0.00
0.00
0.00
17.60
1.80
0.00
0.00
0.00
0.00
81.20
39.40
0.00
23.20
3.20
0.00
1.20
0.00
0.00
0.00
0.00
0.00
0.00
0.00
0.00
0.00
0.00
0.00
0.00
0.00
0.00
0.00
0.00
0.00
0.00
0.00
15.60
12.00
11.60
1.20
0.00
2.00
0.00
0.00
0.00
7.60
0.00
0.00
20.20
11.00
25.60
86.40
8.40
70.80
0.60
48.80
96.40
32.20
15.20
5.20
19.60
55.00
12.80
23.60
47.20
0.60
1.20
0.00
0.00
6.00
10.60
0.00
0.00
0.00
0.00
0.00
0.00
0.00
0.00
0.00
0.00
0.00
0.00
0.00
0.00
0.00
0.00
0.00
0.00
0.00
0.00
0.00
0.00
24.20
0.00
0.00
3.20
0.00
6.00
0.00
18.80
1.20
0.00
0.00
12.40
2.80
32.80
1.20
0.00
0.00
0.00
0.00
0.00
0.00
0.00
0.00
0.00
0.00
0.00
3.00
10.60
11.00
0.00
6.60
12.20
5.00
0.60
1.80
20.60
56.40
3.80
0.00
12.00
19.20
1.20
0.00
0.00
0.00
32.40
10.20
2.60
9.60
36.40
40.20
3.00
0.00
0.00
0.00
0.00
7.00
12.40
18.20
19.00
2.60
0.00
0.00
8.00
4.60
0.00
2.40
0.00
0.00
0.00
0.00
11.80
42.80
24.00
36.00
2.40
0.00
0.00
14.60
75.80
32.60
7.00
10.20
8.00
7.80
0.00
0.00
0.00
0.00
0.00
0.00
17.60
0.00
3.20
0.00
10.80
1.20
33.80
0.00
0.00
3.40
1.20
0.00
0.00
0.00
0.00
12.60
12.20
0.00
0.00
0.00
0.00
0.00
0.00
0.00
0.00
0.00
0.00
0.00
4.40
0.00
0.00
0.00
0.00
11.80
14.80
0.00
0.00
0.00
0.00
2.60
0.00
0.00
0.00
0.00
0.00
0.00
0.00
0.00
0.00
0.00
0.00
12.00
71.00
0.00
0.00
0.60
0.00
0.80
0.00
0.00
0.00
0.00
0.00
0.80
0.00
0.00
0.00
9.80
13.20
0.00
0.00
0.00
0.00
0.00
0.00
33.00
139.20
0.00
0.00
0.00
0.00
0.00
0.00
1.40
0.00
0.00
0.00
0.00
7.80
2.60
0.00
0.00
6.40
0.00
0.00
0.00
0.00
37.80
25.40
0.00
0.00
0.00
1.40
0.00
41.00
20.40
0.60
0.00
3.80
13.00
0.00
0.00
0.00
0.00
0.00
0.00
0.00
0.00
0.60
11.60
0.00
0.00
0.00
3.20
0.00
0.00
0.00
0.00
0.00
0.00
2.40
35.20
5.60
0.00
0.00
1.80
4.20
33.40
0.60
94.20
33.60
4.00
0.00
0.00
0.00
0.60
0.00
0.60
28.80
20.00
17.60
33.80
9.00
16.40
26.60
15.00
41.20
41.20
24.80
18.80
10.40
1.00
28.00
2.00
8.00
7.20
18.40
0.00
0.00
0.00
14.60
15.20
4.20
0.60
1.20
5.00
1.80
1.20
10.60
1.20
0.60
0.00
0.00
0.60
0.00
0.00
5.80
43.80
0.60
34.80
65.80
105.60
0.00
0.00
0.00
1.80
1.20
43.20
32.60
11.40
52.40
1.20
0.00
0.00
0.00
0.00
0.00
0.00
0.00
0.00
0.00
0.00
0.00
0.00
0.00
0.00
0.00
0.00
0.00
25.40
0.00
0.00
0.00
0.00
0.00
0.00
14.80
0.00
17.20
0.00
3.60
41.40
11.20
0.00
1.20
11.20
0.00
0.00
0.00
0.00
0.00
4.60
0.00
0.00
7.40
0.00
0.00
0.00
0.00
0.00
0.00
0.00
0.00
0.00
0.00
0.00
0.00
4.00
1.20
0.00
0.00
0.00
0.00
0.00
0.00
4.00
6.40
32.80
4.40
0.60
2.00
43.60
29.60
25.20
16.40
45.00
56.00
0.00
-99.00
-99.00
3.20
5.60
10.80
2.40
7.80
34.00
1.00
2.00
1.60
2.80
2.80
5.80
5.80
3.60
18.60
8.20
3.00
2.80
7.60
58.00
9.80
7.80
8.60
4.20
3.00
2.40
0.40
5.20
11.60
2.20
2.00
3.00
0.60
11.20
5.20
7.20
3.80
3.40
8.00
37.00
58.60
116.20
34.40
5.80
5.20
4.40
5.60
17.80
12.00
3.20
9.60
28.20
3.20
4.20
5.80
3.60
4.00
2.60
5.20
3.60
58.60
15.20
15.80
14.00
59.60
47.40
27.80
10.00
4.60
6.40
6.00
8.20
6.40
4.40
5.60
5.60
4.00
8.00
3.40
5.80
5.80
30.00
29.60
5.80
11.80
24.40
8.80
34.80
31.40
26.20
20.80
23.40
36.80
8.60
0.80
0.60
0.00
20.80
0.80
0.00
0.00
0.00
0.20
0.00
0.00
17.00
34.20
10.40
0.00
0.00
0.20
2.40
1.20
11.80
1.20
0.00
0.20
0.20
0.20
0.00
0.80
18.00
0.00
15.60
0.80
0.20
0.80
0.00
0.20
0.00
0.20
16.40
0.00
0.00
0.20
0.60
0.00
0.00
22.40
0.00
0.00
0.20
0.00
0.60
0.80
0.80
0.60
0.20
0.00
0.40
0.60
12.40
2.80
0.40
9.80
0.20
0.00
29.60
0.00
2.00
0.20
0.00
1.00
0.20
0.40
0.20
0.00
0.20
0.00
0.20
38.40
25.60
14.40
0.00
1.40
0.20
0.20
0.20
0.20
10.20
4.60
0.00
10.80
9.60
0.00
0.20
0.00
0.00
4.00
0.20
0.00
31.60
26.40
0.20
18.20
6.40
0.20
0.20
98.40
75.60
8.60
1.80
0.00
0.00
0.00
63.60
4.60
5.80
0.00
3.00
29.20
0.00
0.00
34.00
29.60
23.20
23.20
42.40
19.60
0.00
0.00
0.00
0.00
16.80
32.60
38.80
14.60
0.00
11.00
21.80
1.00
0.00
0.00
0.00
0.00
0.00
0.00
25.00
10.20
0.00
7.20
28.60
0.00
0.00
1.40
0.00
0.00
0.00
0.00
3.00
5.00
0.00
0.00
13.60
0.00
0.00
0.00
0.00
0.00
0.00
3.60
0.00
1.80
0.00
0.00
20.20
5.60
0.00
1.80
15.40
16.80
8.20
16.80
11.60
59.80
48.40
68.00
0.00
5.20
3.60
0.00
0.00
0.00
1.80
5.40
12.40
0.00
0.60
10.00
30.60
4.00
0.00
29.00
3.00
28.40
4.00
2.00
9.00
0.80
0.60
5.80
0.00
0.00
0.60
15.40
7.20
0.00
0.00
0.00
13.80
5.60
0.00
27.40
0.00
0.00
2.60
3.00
26.00
14.80
29.00
11.80
2.00
58.20
0.00
9.00
49.20
47.00
71.40
7.80
0.00
0.00
0.60
7.40
4.80
10.40
3.80
7.20
0.00
43.00
4.60
0.00
0.00
0.00
0.00
0.00
0.00
0.00
1.80
61.60
0.00
0.00
0.00
0.00
0.00
3.60
0.00
0.00
0.00
0.00
5.60
11.20
0.00
1.40
4.80
0.00
0.00
10.40
0.20
17.60
