20000101
0.00
0.20
0.00
0.20
0.20
0.00
0.00
0.20
0.40
0.00
0.20
0.20
0.00
0.20
0.20
0.20
0.20
0.20
0.20
0.00
0.20
0.00
0.20
0.00
0.00
0.00
0.00
0.00
0.20
0.20
0.00
0.20
0.00
0.00
0.20
0.00
0.00
0.00
0.00
0.00
0.00
0.00
0.00
0.00
0.00
0.00
0.00
-99.00
-99.00
-99.00
-99.00
0.00
0.00
0.00
0.00
0.20
0.20
0.00
0.00
0.00
-99.00
0.60
0.00
0.00
0.00
0.00
0.00
0.20
0.00
0.00
0.00
0.00
0.00
0.00
0.00
0.00
0.00
0.00
0.00
3.20
0.00
0.00
8.10
0.20
0.20
0.00
0.00
1.00
0.00
9.70
3.20
-99.00
-99.00
-99.00
-99.00
-99.00
-99.00
-99.00
-99.00
-99.00
8.60
0.80
0.00
0.00
0.80
4.20
2.60
0.00
1.00
0.00
0.00
0.00
10.60
0.80
0.00
0.00
0.00
3.40
2.20
0.00
0.00
0.00
0.00
0.00
0.00
5.80
0.20
0.20
0.40
5.80
20.50
13.10
0.20
0.00
0.00
0.00
0.00
2.20
0.00
0.00
0.00
0.20
0.60
0.00
0.00
0.40
1.00
0.00
0.00
0.00
0.00
0.00
0.00
0.00
0.00
0.00
8.70
0.00
0.00
0.00
25.20
21.90
0.20
0.00
0.00
0.00
0.00
0.00
0.00
0.00
0.00
0.00
0.00
0.00
0.00
0.00
0.00
0.40
0.00
0.00
0.00
0.00
0.00
0.00
0.00
0.00
0.00
0.00
0.00
0.00
0.00
0.00
0.00
0.00
0.00
0.00
0.00
0.00
0.00
0.00
0.00
0.00
0.00
0.00
1.20
0.00
0.00
0.00
0.00
0.00
0.00
0.00
0.00
0.20
0.00
0.00
0.00
0.00
0.00
0.00
0.00
0.00
0.00
0.20
0.20
0.00
0.00
0.00
0.00
0.00
0.00
0.00
0.00
0.00
0.00
0.00
0.00
0.00
0.00
0.00
0.00
0.00
3.60
0.00
0.00
0.00
0.00
0.00
0.00
0.00
0.00
0.00
0.00
0.00
0.00
3.00
0.00
0.00
0.00
0.00
2.20
13.80
2.60
2.20
0.00
0.00
0.00
0.00
0.20
0.00
0.00
1.60
1.00
0.20
0.00
0.00
0.00
0.00
0.00
0.00
0.00
0.00
0.00
0.20
3.00
2.60
0.20
0.00
0.40
0.00
0.00
0.00
0.20
0.00
34.30
34.30
0.00
0.00
0.00
0.00
0.20
0.40
0.80
1.20
6.80
0.00
7.20
0.40
0.00
6.40
6.20
0.00
0.00
0.00
0.20
0.20
0.00
4.60
0.00
0.20
0.00
0.20
0.00
0.20
0.00
0.00
5.60
9.40
0.00
0.00
2.00
1.20
0.00
11.40
0.00
0.20
0.20
0.00
0.20
0.00
4.80
3.80
0.00
0.20
0.20
0.00
0.40
0.20
0.20
0.00
0.00
0.40
0.00
0.20
0.20
0.20
4.40
8.00
14.30
1.20
0.40
0.00
2.40
0.40
2.80
0.00
0.00
0.20
0.20
2.60
0.00
0.00
0.20
0.00
0.00
0.00
8.40
0.20
0.40
0.20
1.60
1.40
0.00
0.60
0.20
0.20
0.00
1.00
0.00
0.40
0.80
5.00
0.20
4.00
0.00
0.00
0.00
0.00
0.00
0.00
0.20
0.20
0.00
0.00
0.00
0.00
0.00
0.00
0.20
0.20
4.00
0.00
0.20
0.20
0.20
0.20
0.00
0.20
0.00
0.20
0.00
0.00
0.00
2.00
0.00
1.20
6.00
3.60
0.80
0.40
0.00
4.60
0.00
0.00
0.80
0.20
5.20
0.00
0.00
0.00
1.60
1.60
0.00
0.00
0.00
0.00
0.00
0.00
0.00
-99.00
-99.00
-99.00
-99.00
-99.00
0.00
0.00
0.00
0.00
0.00
0.00
0.00
0.00
0.00
0.00
0.00
0.00
0.00
0.00
0.00
0.00
0.00
0.00
0.00
0.00
0.00
0.00
0.00
0.00
0.00
0.00
0.00
0.00
0.00
0.00
14.60
72.90
6.80
0.00
0.20
0.00
0.00
0.00
0.00
0.00
3.60
21.70
0.00
0.20
0.00
0.00
0.00
0.00
18.20
0.00
0.00
1.60
0.00
3.00
0.40
0.00
0.00
0.00
0.00
0.00
0.00
0.00
0.00
0.00
0.00
0.00
0.00
0.00
0.10
0.00
0.00
2.40
6.40
0.00
0.00
0.00
0.00
0.20
0.00
0.00
0.00
0.00
0.00
0.00
0.00
0.00
0.00
0.00
0.00
0.00
0.00
0.00
0.00
0.00
0.00
0.00
2.80
0.00
0.20
0.00
0.00
24.20
0.20
0.00
0.00
0.00
0.00
-99.00
0.20
0.20
0.00
2.60
0.00
0.00
0.00
0.00
0.00
0.00
0.00
0.20
3.20
0.00
0.00
0.00
0.00
0.00
0.00
0.00
0.00
0.00
0.00
0.00
0.00
0.00
0.00
0.00
0.00
3.80
1.80
0.40
0.00
0.00
4.00
0.20
0.00
0.00
0.00
0.00
0.00
0.00
0.00
0.00
0.00
0.00
0.00
0.00
0.00
0.00
0.00
0.00
0.00
0.00
0.00
0.00
0.00
0.00
0.00
-99.00
0.00
0.00
0.00
0.00
0.00
0.60
12.90
0.00
9.30
0.20
0.20
0.00
0.00
0.00
5.60
0.00
0.00
0.20
0.00
0.00
0.00
0.00
0.00
0.00
0.00
1.60
0.00
0.20
0.00
0.40
0.20
0.00
0.00
0.40
13.70
6.00
3.40
0.00
0.20
0.00
0.00
0.20
0.20
0.00
0.20
0.20
0.20
0.20
0.00
0.00
0.20
0.00
0.20
0.20
0.20
0.00
0.00
0.00
0.00
0.00
0.00
1.20
8.60
32.50
9.80
0.20
0.00
0.20
0.20
0.00
0.20
0.00
0.20
0.20
0.00
0.20
0.20
0.00
0.20
0.40
0.00
0.00
0.20
0.40
0.40
0.00
0.20
0.00
0.20
0.00
0.00
0.00
0.00
0.00
0.00
0.00
0.00
0.00
0.00
0.00
0.00
0.00
0.00
0.00
0.00
0.00
0.00
0.00
2.40
1.20
4.20
3.20
3.60
0.00
0.00
0.00
0.00
0.00
0.00
0.20
0.00
1.00
0.20
0.20
0.20
0.00
0.00
0.20
0.00
0.20
2.00
6.40
0.00
0.00
0.00
0.20
0.20
0.20
0.00
0.00
0.20
0.00
0.20
0.00
6.80
0.00
0.00
0.00
0.00
0.00
0.20
0.20
0.00
0.60
0.00
0.00
0.00
0.00
0.20
0.00
0.00
0.00
0.00
0.00
0.00
0.00
0.00
0.00
0.00
0.00
0.00
0.00
6.60
0.00
0.00
0.00
0.00
0.00
0.00
0.00
0.60
0.20
0.00
0.00
0.00
0.00
0.20
0.00
0.00
0.00
0.00
0.00
0.00
0.20
0.00
0.00
1.60
0.20
0.00
0.00
2.40
14.60
0.00
0.00
5.40
4.60
16.30
0.20
4.40
3.20
0.80
0.00
0.00
0.00
0.00
0.00
0.00
0.00
0.00
0.00
0.00
0.00
0.00
0.00
0.00
0.00
0.00
0.00
0.00
0.00
0.00
0.40
0.00
0.00
2.20
16.20
21.90
5.70
0.60
0.80
0.20
0.00
0.00
0.00
0.00
1.80
0.00
0.00
0.00
0.00
2.20
0.00
0.00
0.00
0.00
0.00
0.00
0.00
0.00
0.00
0.20
0.00
0.00
8.90
3.80
0.00
1.40
4.00
0.00
0.00
0.00
0.00
0.00
0.00
0.00
0.00
0.00
0.00
0.00
0.00
0.00
0.00
0.00
0.00
0.00
0.00
0.00
0.00
0.00
0.00
0.00
0.00
0.00
0.00
0.00
0.00
0.00
0.00
0.00
0.00
0.00
0.00
1.00
0.00
0.00
0.00
0.00
0.00
0.00
0.00
0.00
0.00
0.00
0.00
0.00
0.00
0.00
0.00
0.20
0.00
0.00
5.80
0.00
0.00
0.00
0.00
0.00
0.00
0.20
0.80
0.00
0.00
0.00
0.00
0.00
0.20
0.00
0.00
0.20
0.20
0.00
0.00
1.40
4.40
10.10
0.20
1.20
0.00
0.20
0.00
0.00
0.00
0.00
0.00
2.00
3.00
0.00
0.00
1.00
4.60
0.00
0.00
0.00
0.00
0.00
0.00
0.00
0.40
8.30
3.40
0.00
15.80
0.00
0.00
0.00
0.00
0.00
0.00
0.00
0.00
0.00
0.20
0.00
9.00
0.00
0.20
0.00
0.20
0.00
0.80
14.20
3.60
0.00
0.00
0.00
0.00
0.20
0.00
0.00
0.00
0.00
0.40
7.30
0.00
0.00
0.00
0.00
0.00
0.20
0.20
0.20
8.90
0.20
0.20
0.20
0.00
0.00
0.60
0.40
0.00
0.00
0.00
0.00
0.00
0.00
5.00
2.20
0.00
0.20
0.20
0.00
0.20
12.10
0.40
0.00
0.00
5.20
0.20
0.20
0.20
0.40
0.40
0.00
0.40
0.20
0.00
0.00
0.00
0.00
0.20
0.00
0.80
8.60
1.60
0.20
0.20
3.40
0.20
0.20
1.00
0.20
0.40
1.20
0.00
0.20
0.20
0.00
0.20
0.00
1.60
0.00
0.00
5.00
0.20
0.00
0.20
0.20
0.00
9.80
0.60
0.00
0.20
1.40
0.00
0.00
0.00
0.20
0.00
0.00
0.20
0.00
0.00
2.80
1.60
1.20
0.00
0.00
0.00
0.00
0.00
0.00
0.00
0.00
0.40
0.00
0.00
0.00
0.00
0.00
0.00
0.00
0.00
0.00
0.20
0.00
0.00
0.00
1.40
0.00
0.00
0.00
0.00
0.00
12.20
42.40
0.00
0.20
0.00
0.00
-99.00
-99.00
-99.00
-99.00
-99.00
-99.00
-99.00
-99.00
-99.00
-99.00
-99.00
-99.00
-99.00
-99.00
-99.00
-99.00
-99.00
-99.00
-99.00
-99.00
-99.00
-99.00
-99.00
-99.00
-99.00
-99.00
-99.00
-99.00
-99.00
-99.00
-99.00
-99.00
-99.00
-99.00
-99.00
-99.00
-99.00
-99.00
-99.00
-99.00
-99.00
-99.00
-99.00
-99.00
-99.00
-99.00
-99.00
-99.00
-99.00
-99.00
-99.00
-99.00
-99.00
-99.00
-99.00
-99.00
-99.00
-99.00
-99.00
-99.00
-99.00
-99.00
-99.00
-99.00
-99.00
-99.00
-99.00
-99.00
-99.00
-99.00
-99.00
-99.00
-99.00
-99.00
-99.00
-99.00
-99.00
-99.00
-99.00
-99.00
-99.00
-99.00
-99.00
-99.00
-99.00
-99.00
-99.00
-99.00
-99.00
-99.00
-99.00
-99.00
-99.00
-99.00
-99.00
-99.00
-99.00
-99.00
-99.00
-99.00
-99.00
-99.00
-99.00
-99.00
-99.00
-99.00
-99.00
-99.00
-99.00
-99.00
-99.00
-99.00
-99.00
-99.00
-99.00
-99.00
-99.00
-99.00
-99.00
-99.00
-99.00
-99.00
-99.00
-99.00
-99.00
-99.00
-99.00
-99.00
-99.00
-99.00
-99.00
-99.00
-99.00
-99.00
-99.00
-99.00
-99.00
-99.00
-99.00
-99.00
-99.00
-99.00
-99.00
-99.00
-99.00
-99.00
-99.00
-99.00
-99.00
-99.00
-99.00
-99.00
-99.00
-99.00
-99.00
-99.00
-99.00
-99.00
-99.00
-99.00
-99.00
-99.00
-99.00
-99.00
-99.00
-99.00
-99.00
-99.00
-99.00
-99.00
-99.00
-99.00
-99.00
-99.00
-99.00
-99.00
-99.00
-99.00
-99.00
-99.00
-99.00
-99.00
-99.00
-99.00
-99.00
-99.00
-99.00
-99.00
-99.00
-99.00
-99.00
-99.00
-99.00
-99.00
-99.00
-99.00
-99.00
-99.00
-99.00
-99.00
-99.00
-99.00
-99.00
-99.00
-99.00
-99.00
-99.00
-99.00
-99.00
-99.00
-99.00
-99.00
-99.00
-99.00
-99.00
-99.00
-99.00
-99.00
-99.00
-99.00
-99.00
-99.00
-99.00
-99.00
-99.00
-99.00
-99.00
-99.00
-99.00
-99.00
-99.00
-99.00
-99.00
-99.00
-99.00
-99.00
-99.00
-99.00
-99.00
-99.00
-99.00
-99.00
-99.00
-99.00
-99.00
-99.00
-99.00
-99.00
-99.00
-99.00
-99.00
-99.00
-99.00
-99.00
-99.00
-99.00
-99.00
-99.00
-99.00
-99.00
-99.00
-99.00
-99.00
-99.00
-99.00
-99.00
-99.00
-99.00
-99.00
-99.00
-99.00
-99.00
-99.00
-99.00
-99.00
-99.00
-99.00
-99.00
-99.00
-99.00
-99.00
-99.00
-99.00
-99.00
-99.00
-99.00
-99.00
-99.00
-99.00
-99.00
-99.00
-99.00
-99.00
-99.00
-99.00
-99.00
-99.00
-99.00
-99.00
-99.00
-99.00
-99.00
-99.00
-99.00
-99.00
-99.00
-99.00
-99.00
-99.00
-99.00
-99.00
-99.00
-99.00
-99.00
-99.00
-99.00
-99.00
-99.00
-99.00
-99.00
-99.00
-99.00
-99.00
-99.00
-99.00
-99.00
-99.00
-99.00
-99.00
-99.00
-99.00
-99.00
-99.00
-99.00
-99.00
-99.00
-99.00
-99.00
-99.00
-99.00
-99.00
-99.00
-99.00
-99.00
-99.00
-99.00
-99.00
-99.00
-99.00
-99.00
-99.00
-99.00
-99.00
-99.00
-99.00
-99.00
-99.00
-99.00
-99.00
-99.00
-99.00
-99.00
-99.00
-99.00
-99.00
-99.00
-99.00
-99.00
-99.00
-99.00
-99.00
-99.00
-99.00
-99.00
-99.00
-99.00
-99.00
-99.00
-99.00
-99.00
-99.00
-99.00
-99.00
-99.00
-99.00
-99.00
-99.00
-99.00
-99.00
-99.00
-99.00
-99.00
-99.00
-99.00
-99.00
-99.00
-99.00
-99.00
-99.00
-99.00
-99.00
-99.00
-99.00
-99.00
-99.00
-99.00
-99.00
-99.00
-99.00
-99.00
-99.00
-99.00
-99.00
-99.00
-99.00
-99.00
-99.00
-99.00
-99.00
-99.00
-99.00
-99.00
-99.00
-99.00
-99.00
-99.00
-99.00
-99.00
-99.00
-99.00
-99.00
-99.00
-99.00
-99.00
-99.00
-99.00
-99.00
-99.00
-99.00
-99.00
-99.00
-99.00
-99.00
-99.00
-99.00
-99.00
-99.00
-99.00
-99.00
-99.00
-99.00
-99.00
-99.00
-99.00
-99.00
-99.00
-99.00
-99.00
-99.00
-99.00
-99.00
-99.00
-99.00
-99.00
-99.00
-99.00
-99.00
-99.00
-99.00
-99.00
-99.00
-99.00
-99.00
-99.00
-99.00
-99.00
-99.00
-99.00
-99.00
-99.00
-99.00
-99.00
-99.00
-99.00
-99.00
-99.00
-99.00
-99.00
-99.00
-99.00
-99.00
-99.00
-99.00
-99.00
-99.00
-99.00
-99.00
-99.00
-99.00
-99.00
-99.00
-99.00
-99.00
-99.00
-99.00
-99.00
-99.00
-99.00
-99.00
-99.00
-99.00
-99.00
-99.00
-99.00
-99.00
-99.00
-99.00
-99.00
-99.00
-99.00
-99.00
-99.00
-99.00
-99.00
-99.00
-99.00
-99.00
-99.00
-99.00
-99.00
-99.00
-99.00
-99.00
-99.00
-99.00
-99.00
-99.00
-99.00
-99.00
-99.00
-99.00
-99.00
-99.00
-99.00
-99.00
-99.00
-99.00
-99.00
-99.00
-99.00
-99.00
-99.00
-99.00
-99.00
-99.00
-99.00
-99.00
-99.00
-99.00
-99.00
-99.00
-99.00
-99.00
-99.00
-99.00
-99.00
-99.00
-99.00
-99.00
-99.00
-99.00
-99.00
-99.00
-99.00
-99.00
-99.00
-99.00
-99.00
-99.00
-99.00
-99.00
-99.00
-99.00
-99.00
-99.00
-99.00
-99.00
-99.00
-99.00
-99.00
-99.00
-99.00
-99.00
-99.00
-99.00
-99.00
-99.00
-99.00
-99.00
-99.00
-99.00
-99.00
-99.00
-99.00
-99.00
-99.00
-99.00
-99.00
-99.00
-99.00
-99.00
-99.00
-99.00
-99.00
-99.00
-99.00
-99.00
-99.00
-99.00
-99.00
-99.00
-99.00
-99.00
-99.00
-99.00
-99.00
-99.00
-99.00
-99.00
-99.00
-99.00
-99.00
-99.00
-99.00
-99.00
-99.00
-99.00
-99.00
-99.00
-99.00
-99.00
-99.00
-99.00
-99.00
-99.00
-99.00
-99.00
0.00
5.00
2.80
0.00
3.20
7.20
1.60
0.00
0.40
0.00
0.20
0.20
0.00
0.20
0.20
0.00
0.00
0.00
0.00
0.20
0.00
0.20
1.80
0.00
0.00
0.00
0.00
0.00
0.00
-99.00
-99.00
-99.00
-99.00
-99.00
-99.00
-99.00
-99.00
-99.00
-99.00
-99.00
-99.00
-99.00
-99.00
-99.00
-99.00
-99.00
-99.00
-99.00
-99.00
-99.00
-99.00
-99.00
-99.00
-99.00
-99.00
-99.00
-99.00
-99.00
-99.00
-99.00
-99.00
-99.00
-99.00
-99.00
-99.00
-99.00
-99.00
-99.00
-99.00
-99.00
-99.00
-99.00
-99.00
-99.00
-99.00
-99.00
-99.00
-99.00
-99.00
-99.00
-99.00
-99.00
-99.00
-99.00
-99.00
-99.00
-99.00
-99.00
-99.00
-99.00
-99.00
-99.00
-99.00
-99.00
-99.00
-99.00
-99.00
-99.00
-99.00
-99.00
-99.00
-99.00
-99.00
-99.00
-99.00
-99.00
-99.00
-99.00
-99.00
-99.00
-99.00
-99.00
-99.00
-99.00
-99.00
-99.00
-99.00
-99.00
-99.00
-99.00
-99.00
-99.00
-99.00
-99.00
-99.00
-99.00
-99.00
-99.00
-99.00
-99.00
-99.00
-99.00
-99.00
-99.00
-99.00
-99.00
-99.00
-99.00
-99.00
-99.00
-99.00
-99.00
-99.00
-99.00
-99.00
-99.00
-99.00
-99.00
-99.00
-99.00
-99.00
-99.00
-99.00
-99.00
-99.00
-99.00
-99.00
-99.00
-99.00
-99.00
-99.00
-99.00
-99.00
-99.00
-99.00
-99.00
-99.00
-99.00
-99.00
-99.00
-99.00
-99.00
-99.00
-99.00
-99.00
-99.00
-99.00
-99.00
-99.00
-99.00
-99.00
-99.00
-99.00
-99.00
-99.00
-99.00
-99.00
-99.00
-99.00
-99.00
-99.00
-99.00
-99.00
-99.00
-99.00
-99.00
-99.00
-99.00
-99.00
-99.00
-99.00
-99.00
-99.00
-99.00
-99.00
-99.00
-99.00
-99.00
-99.00
-99.00
-99.00
-99.00
-99.00
-99.00
-99.00
-99.00
-99.00
-99.00
-99.00
-99.00
-99.00
-99.00
-99.00
-99.00
-99.00
-99.00
-99.00
-99.00
-99.00
-99.00
-99.00
-99.00
-99.00
-99.00
-99.00
-99.00
-99.00
-99.00
-99.00
-99.00
-99.00
-99.00
-99.00
-99.00
-99.00
-99.00
-99.00
-99.00
-99.00
-99.00
-99.00
-99.00
-99.00
-99.00
-99.00
-99.00
-99.00
-99.00
-99.00
-99.00
-99.00
-99.00
-99.00
-99.00
-99.00
-99.00
-99.00
-99.00
-99.00
-99.00
-99.00
-99.00
-99.00
-99.00
-99.00
-99.00
-99.00
-99.00
-99.00
-99.00
-99.00
-99.00
-99.00
-99.00
-99.00
-99.00
-99.00
-99.00
-99.00
-99.00
-99.00
-99.00
-99.00
-99.00
-99.00
-99.00
-99.00
-99.00
-99.00
-99.00
-99.00
-99.00
-99.00
-99.00
-99.00
-99.00
-99.00
-99.00
-99.00
-99.00
-99.00
-99.00
-99.00
-99.00
-99.00
-99.00
-99.00
-99.00
-99.00
-99.00
-99.00
-99.00
-99.00
-99.00
-99.00
-99.00
-99.00
-99.00
-99.00
-99.00
-99.00
-99.00
-99.00
-99.00
-99.00
-99.00
-99.00
-99.00
-99.00
-99.00
-99.00
-99.00
-99.00
-99.00
-99.00
-99.00
-99.00
-99.00
-99.00
-99.00
-99.00
-99.00
-99.00
-99.00
-99.00
-99.00
-99.00
-99.00
-99.00
-99.00
-99.00
-99.00
-99.00
-99.00
-99.00
-99.00
-99.00
-99.00
-99.00
-99.00
-99.00
-99.00
-99.00
-99.00
-99.00
-99.00
-99.00
-99.00
-99.00
-99.00
-99.00
-99.00
-99.00
-99.00
-99.00
-99.00
-99.00
-99.00
-99.00
-99.00
-99.00
-99.00
-99.00
-99.00
0.00
0.00
0.00
0.00
0.20
1.60
10.60
6.60
4.60
2.00
0.00
0.00
0.00
0.40
1.00
0.00
0.20
0.00
0.00
0.40
0.00
0.20
0.20
0.00
0.00
0.20
0.00
0.00
4.80
1.60
0.00
0.40
0.40
0.20
0.20
0.00
0.20
0.20
0.00
0.20
0.00
0.20
0.00
0.00
0.00
0.20
0.00
0.00
0.00
1.40
0.00
0.00
0.20
0.00
0.00
0.20
1.60
0.00
0.00
0.00
0.00
0.00
0.40
1.80
0.00
0.00
0.00
0.00
0.00
0.00
0.00
0.00
0.00
0.00
0.20
0.00
0.20
1.40
7.40
0.20
0.00
1.40
0.00
0.00
0.00
0.40
0.00
0.00
0.00
0.00
0.00
0.00
0.00
0.00
0.00
0.00
6.20
0.20
0.00
0.00
0.00
0.00
0.00
0.00
1.20
0.00
1.80
0.00
0.00
0.20
0.00
0.20
0.00
0.00
0.00
0.00
0.00
0.00
0.00
0.00
0.00
0.20
0.00
0.00
0.00
0.00
0.60
0.00
0.00
0.00
0.00
0.20
7.00
0.00
0.00
0.00
0.00
0.00
-99.00
0.00
0.00
0.00
0.00
0.00
0.00
0.00
0.00
0.00
0.00
0.00
0.00
0.00
0.00
0.00
0.00
0.00
0.00
0.00
0.00
0.00
0.00
0.20
0.00
0.00
0.00
0.00
3.60
0.00
0.00
0.00
0.00
0.00
0.00
0.00
0.00
0.00
0.00
0.80
0.40
0.00
0.00
0.00
0.00
0.40
0.00
1.80
0.00
0.00
0.00
0.00
0.00
0.20
0.00
0.00
0.00
5.20
1.80
0.00
0.00
1.00
0.00
0.00
0.00
0.00
0.00
-99.00
0.00
1.60
0.00
0.00
0.00
0.00
0.00
0.00
0.00
0.00
0.00
0.00
0.20
0.00
0.00
0.20
0.00
0.00
0.00
0.00
0.00
0.00
0.00
0.00
0.00
0.00
0.00
0.00
0.20
0.00
0.00
0.00
0.00
0.00
0.00
0.00
0.00
0.00
0.00
0.00
0.00
0.00
0.00
0.00
0.00
0.00
0.00
0.00
5.60
23.20
62.10
0.20
1.20
0.00
0.00
0.00
0.00
0.00
0.80
0.00
0.00
0.00
0.00
0.00
0.00
0.00
0.00
0.20
0.00
0.00
0.00
0.00
0.00
0.00
0.00
0.00
0.00
8.20
0.40
0.00
0.00
0.20
0.60
0.00
14.40
2.00
3.40
0.20
0.00
7.80
0.20
0.00
0.00
0.00
0.00
0.00
0.00
0.00
0.00
0.00
0.00
-99.00
0.20
0.20
0.00
0.00
0.20
0.20
0.20
0.00
0.20
0.20
0.00
7.80
0.40
0.00
0.20
0.00
0.20
0.00
0.00
0.00
0.00
0.00
0.20
0.00
0.20
0.00
0.20
0.00
0.00
0.00
0.20
10.20
0.40
4.60
0.00
0.00
0.00
0.00
0.00
0.00
0.20
0.00
0.20
0.00
0.20
0.00
0.20
0.40
0.80
0.00
0.00
0.00
0.00
0.20
0.00
0.20
0.00
-99.00
-99.00
-99.00
-99.00
-99.00
-99.00
-99.00
0.20
-99.00
-99.00
-99.00
-99.00
-99.00
-99.00
-99.00
-99.00
-99.00
-99.00
-99.00
-99.00
-99.00
-99.00
-99.00
-99.00
-99.00
-99.00
-99.00
-99.00
-99.00
-99.00
0.00
-99.00
-99.00
-99.00
-99.00
-99.00
-99.00
-99.00
-99.00
-99.00
0.00
-99.00
-99.00
-99.00
-99.00
-99.00
-99.00
-99.00
-99.00
-99.00
-99.00
-99.00
-99.00
-99.00
-99.00
-99.00
-99.00
-99.00
-99.00
-99.00
-99.00
-99.00
-99.00
-99.00
-99.00
-99.00
-99.00
-99.00
-99.00
-99.00
-99.00
-99.00
-99.00
-99.00
-99.00
-99.00
0.00
-99.00
-99.00
0.00
-99.00
-99.00
-99.00
-99.00
-99.00
-99.00
-99.00
0.00
0.00
2.80
15.60
11.40
7.00
1.40
5.80
0.60
0.00
0.00
0.60
0.00
0.00
6.00
4.00
6.60
2.20
0.20
-99.00
0.20
0.20
0.00
0.00
0.00
0.00
0.00
0.00
0.00
0.00
0.20
0.00
0.20
2.80
0.00
3.60
0.20
0.20
0.00
0.00
0.00
0.00
0.00
-99.00
-99.00
0.00
-99.00
-99.00
-99.00
-99.00
-99.00
-99.00
0.00
0.00
0.00
0.00
0.20
0.00
0.00
-99.00
0.00
0.00
0.20
0.00
0.00
0.00
-99.00
10.60
0.80
0.00
0.00
0.00
0.00
-99.00
0.00
0.00
0.00
1.00
3.40
0.00
0.00
0.20
0.00
0.00
0.00
0.00
0.00
0.00
0.00
0.00
0.00
0.00
0.00
0.00
0.60
0.00
0.00
0.00
0.00
0.00
0.00
0.00
0.00
-99.00
-99.00
-99.00
0.20
0.00
0.00
0.00
0.00
-99.00
0.00
0.00
0.00
0.00
0.00
-99.00
-99.00
-99.00
-99.00
-99.00
0.00
-99.00
-99.00
-99.00
0.00
-99.00
-99.00
-99.00
-99.00
0.00
0.00
0.00
0.00
0.00
0.00
0.00
0.00
0.00
0.00
0.00
0.00
0.00
0.00
0.00
0.00
0.00
0.00
0.00
0.00
0.00
-99.00
-99.00
0.00
0.00
0.00
0.00
0.00
0.00
0.00
0.00
0.00
0.00
0.00
0.00
0.00
0.00
0.00
0.00
0.00
0.00
10.60
8.00
0.00
0.00
1.20
22.60
0.20
0.20
0.00
0.00
0.00
0.00
1.60
0.00
0.00
0.00
7.60
9.80
0.60
0.00
0.20
2.00
0.00
0.00
0.20
0.00
0.00
0.20
0.00
0.20
1.00
0.00
0.00
0.00
0.00
0.00
0.00
0.00
0.00
0.00
0.20
0.00
0.00
0.00
0.00
0.00
0.00
-99.00
-99.00
0.00
0.20
0.20
-99.00
-99.00
-99.00
-99.00
-99.00
-99.00
-99.00
0.00
0.00
0.00
0.00
0.00
7.20
0.00
0.00
0.00
0.00
0.20
0.00
0.20
0.20
0.00
0.20
0.00
0.00
0.20
0.00
0.00
0.20
0.20
0.00
0.00
0.00
0.00
0.00
0.00
-99.00
-99.00
-99.00
-99.00
0.60
0.00
0.20
1.40
0.00
0.00
0.20
0.00
0.00
0.20
0.00
0.00
0.00
0.20
0.00
7.00
4.00
0.20
0.00
0.20
0.20
0.00
0.00
0.00
3.40
0.00
0.00
0.20
0.20
2.00
0.40
0.00
0.20
0.40
0.20
0.00
0.20
0.00
0.20
0.20
-99.00
0.40
0.20
0.20
0.20
0.00
0.00
0.60
1.60
0.00
0.00
0.00
0.20
0.00
0.00
0.20
0.00
0.00
0.00
0.00
0.00
0.20
3.40
1.20
5.60
3.60
0.20
0.00
2.20
0.80
0.00
0.20
0.00
0.00
0.00
0.20
0.00
1.20
0.00
0.00
0.00
0.00
0.60
0.00
0.20
0.00
0.00
0.00
0.00
0.00
0.00
0.00
0.00
0.00
0.00
0.00
0.00
0.20
0.00
0.00
0.80
0.20
0.00
1.00
0.20
0.00
0.00
0.00
0.00
0.00
0.00
3.20
3.80
6.40
5.80
3.40
0.00
2.20
0.00
0.00
0.00
4.80
6.00
3.00
17.00
0.20
0.00
0.00
0.00
0.00
0.00
0.00
1.20
0.00
0.00
0.00
0.00
0.00
0.00
0.00
0.00
0.00
0.00
7.80
27.60
3.00
0.20
0.00
11.60
0.00
1.60
0.20
0.20
7.00
0.00
0.00
0.60
14.00
4.20
12.00
3.20
3.40
0.00
0.20
0.00
5.40
8.00
0.00
0.00
0.20
0.00
0.00
0.00
0.00
0.20
0.20
6.00
0.00
0.00
0.00
0.00
5.80
0.80
0.00
0.00
0.00
0.00
0.00
0.00
0.00
0.00
5.60
4.80
0.00
0.00
0.20
0.00
0.00
0.00
0.00
0.00
0.00
0.00
0.00
0.00
0.00
11.00
0.20
0.00
0.00
0.00
0.00
0.00
0.00
0.00
0.00
0.00
0.00
0.00
0.00
0.00
0.00
0.00
0.00
0.00
0.00
0.00
0.00
0.00
0.00
0.00
1.80
0.40
0.00
0.00
0.00
0.00
0.00
0.00
0.00
7.40
0.20
0.00
0.00
0.00
0.00
0.00
0.00
0.40
0.00
0.00
0.00
0.00
0.60
0.00
0.00
0.00
0.00
0.00
0.00
0.00
0.00
0.00
0.00
-99.00
0.00
0.00
0.00
2.00
0.00
-99.00
0.00
0.00
0.00
0.00
0.00
0.00
0.00
0.00
3.80
20.20
2.60
0.00
0.00
0.00
0.00
0.20
0.00
0.00
0.00
0.00
0.00
0.00
0.00
0.00
0.00
0.00
0.00
0.00
1.00
0.00
0.00
0.00
0.20
0.00
9.60
0.00
0.00
0.20
26.20
0.00
0.00
0.00
0.20
0.00
20.40
7.40
0.60
8.80
7.80
19.20
0.00
0.00
0.00
0.00
0.20
2.20
0.00
0.20
0.00
1.60
0.00
0.00
0.00
0.20
0.20
0.00
0.00
0.20
0.00
0.20
0.00
0.00
0.00
0.00
0.00
0.20
0.80
0.00
0.00
0.00
0.00
0.00
0.20
0.00
0.00
2.20
2.40
0.00
0.00
0.00
0.00
0.00
0.00
0.00
0.20
0.20
0.00
0.00
0.40
0.20
0.00
0.00
0.00
3.00
4.00
0.40
4.40
0.00
0.00
4.20
3.60
0.20
0.00
0.20
0.00
0.00
0.00
4.60
0.80
0.00
0.20
0.00
0.00
0.20
0.20
0.00
0.20
0.80
0.00
0.00
2.60
1.20
0.00
0.00
0.00
0.00
0.00
0.00
0.00
4.60
0.00
0.00
0.00
0.00
0.80
0.00
0.00
0.00
0.00
0.00
0.00
0.00
0.00
0.00
0.00
0.00
0.00
0.00
0.00
0.00
0.00
0.00
0.00
0.00
0.00
0.00
0.00
0.60
3.00
0.20
0.00
7.40
0.00
0.00
0.00
0.00
0.00
0.00
0.00
0.00
0.00
0.20
0.00
0.00
0.00
0.00
0.00
0.00
0.00
0.00
0.00
0.00
0.00
0.00
0.00
14.80
4.00
0.00
8.60
0.20
1.80
0.00
0.00
0.00
1.60
39.40
2.20
0.00
19.00
24.00
0.00
0.00
0.20
7.00
0.60
0.00
0.20
0.80
0.00
0.00
0.00
0.00
0.00
0.00
15.80
0.00
0.00
0.00
0.20
0.00
0.00
0.00
0.00
0.00
0.00
0.00
0.00
0.00
0.60
0.00
0.00
0.20
0.20
0.00
0.00
0.00
0.00
0.00
0.00
0.00
0.00
0.00
0.00
0.00
0.00
0.00
0.00
0.00
0.60
0.20
0.20
0.00
0.00
4.40
4.00
0.00
0.00
4.40
0.00
0.00
0.00
0.00
0.00
0.00
0.00
0.20
0.00
0.00
0.00
0.00
0.00
0.00
0.00
0.00
2.20
0.00
0.00
0.00
0.00
0.00
0.00
0.00
0.60
0.00
0.00
7.00
0.00
0.00
5.00
0.00
0.00
0.00
0.00
0.00
0.00
0.00
0.00
0.00
0.00
0.00
0.80
0.00
0.00
0.00
0.00
0.00
0.00
0.00
0.00
0.00
0.00
11.20
0.00
0.00
0.00
0.00
0.00
0.00
15.30
3.60
0.00
0.20
0.00
0.00
0.00
0.00
0.00
0.00
0.00
0.00
0.00
0.00
0.00
0.00
0.00
9.80
0.00
0.00
0.00
0.00
0.00
0.00
0.00
0.00
0.00
0.00
0.00
0.00
0.00
0.00
0.00
0.00
0.00
0.20
8.60
0.20
0.00
0.00
14.90
0.80
0.00
0.00
0.00
0.40
0.00
0.00
0.00
0.20
0.00
0.00
0.20
3.20
0.00
0.00
0.20
0.00
0.00
0.00
0.40
7.40
0.00
0.00
0.20
0.00
0.00
0.00
0.00
0.00
0.00
0.00
0.20
5.00
6.40
8.60
0.00
0.00
0.00
0.20
0.40
0.00
0.20
0.00
0.20
0.20
0.20
0.00
0.00
0.00
0.00
0.60
0.00
0.00
0.00
0.00
0.00
0.20
0.00
0.00
0.00
0.00
0.00
0.20
0.20
0.00
0.40
0.00
0.20
0.20
0.40
0.00
0.20
1.60
0.00
0.00
0.40
0.60
0.00
0.00
0.00
0.20
0.00
0.20
0.00
0.40
0.40
0.00
1.80
0.00
0.00
0.20
0.00
0.00
0.00
6.40
11.40
7.00
4.00
2.00
7.40
0.00
0.60
5.00
0.00
1.20
0.00
0.00
0.20
7.20
1.80
0.00
17.20
10.60
0.00
0.00
0.00
7.80
7.20
3.40
0.00
0.00
0.00
0.00
0.00
0.20
0.00
0.00
0.20
0.00
13.20
1.40
0.20
0.00
0.20
0.00
0.00
0.00
0.00
0.20
4.60
0.60
0.00
0.00
6.20
0.00
0.00
0.00
0.00
0.00
0.00
0.60
3.00
1.60
0.00
1.40
0.00
0.00
0.00
1.80
0.40
0.20
0.00
2.20
0.00
0.00
5.40
1.80
0.00
0.00
0.00
9.20
4.20
0.00
0.00
0.00
0.40
0.00
0.00
0.00
0.00
0.00
0.00
0.20
0.20
1.80
3.00
0.20
2.80
4.80
0.40
0.20
0.00
0.00
3.00
0.60
0.00
0.00
1.80
0.00
0.00
0.00
7.20
0.20
0.00
0.00
0.00
0.40
0.00
1.80
0.00
1.60
0.00
0.20
0.40
0.00
0.00
0.00
5.60
0.20
0.00
0.00
0.00
0.00
0.00
0.60
0.00
6.60
22.80
0.00
0.00
0.00
0.00
0.00
1.40
1.00
0.20
1.80
0.00
0.80
0.00
0.00
0.00
0.00
0.00
0.00
0.00
0.00
0.00
0.00
0.00
0.00
0.00
0.00
0.00
0.00
0.00
0.00
0.00
0.00
0.00
0.00
5.00
0.00
1.40
17.60
1.00
7.80
8.20
0.20
4.40
0.00
0.00
0.00
0.00
0.00
0.00
0.00
0.00
0.00
0.00
0.00
0.00
0.00
0.00
0.00
0.00
0.00
0.00
0.00
0.60
0.00
0.00
0.00
0.00
0.00
0.00
0.00
0.00
0.00
0.00
0.00
0.00
0.00
0.00
0.00
0.00
0.00
0.00
0.00
0.00
0.00
0.00
0.00
0.00
0.00
0.00
0.00
0.40
0.00
0.00
0.00
0.00
0.00
0.00
0.00
0.00
0.00
0.00
0.00
0.00
0.00
0.00
0.00
0.00
0.00
2.00
0.00
0.00
0.00
0.00
0.00
0.00
0.00
0.00
0.00
0.00
0.00
0.00
0.00
0.00
0.00
0.00
0.00
0.80
0.00
0.00
0.00
0.00
0.00
0.00
0.00
0.00
0.00
0.00
14.00
0.20
0.00
3.00
0.20
0.00
3.20
0.20
0.00
0.00
0.00
0.00
0.00
0.00
0.00
0.00
1.40
0.00
0.00
0.00
0.00
0.00
25.80
0.60
1.40
6.00
0.20
0.00
0.20
0.00
0.20
0.00
0.00
0.00
0.20
0.00
0.00
0.20
0.00
0.00
0.00
0.00
0.40
0.20
1.20
0.00
0.00
0.00
0.20
0.00
0.20
0.00
8.80
0.20
0.00
0.00
0.00
0.00
1.00
0.00
0.00
0.20
0.00
0.00
5.40
0.00
0.20
0.00
0.00
0.00
0.00
0.20
0.00
0.00
2.20
0.20
0.00
0.00
0.00
1.40
0.00
0.40
0.40
0.00
0.00
0.40
0.00
0.00
0.00
0.00
0.00
0.20
0.00
0.00
0.00
7.20
1.20
1.00
0.00
0.00
0.00
0.00
0.00
0.00
0.00
0.00
0.00
0.00
0.20
0.20
1.40
0.00
0.00
1.00
0.80
0.20
0.00
0.00
0.00
0.40
0.40
0.40
0.20
0.00
0.00
0.20
0.00
0.00
0.00
0.00
0.00
0.00
1.00
4.00
0.00
0.00
0.00
0.20
0.00
0.00
0.20
0.00
0.20
0.20
0.00
0.00
0.20
0.00
0.20
0.40
0.60
0.80
0.00
4.20
0.00
3.20
0.00
0.00
0.20
0.00
0.00
0.00
0.00
0.00
0.60
0.00
0.00
3.80
7.60
0.00
0.00
0.00
0.00
0.00
0.00
3.40
29.00
0.00
2.40
9.60
1.20
0.20
0.00
0.00
0.00
0.00
2.00
0.00
0.00
0.00
0.00
1.60
0.00
0.00
2.60
0.00
0.00
0.00
0.20
0.00
0.20
0.00
0.00
0.00
0.00
0.00
0.00
0.00
0.00
0.00
0.00
0.00
0.00
0.00
0.00
0.00
0.00
8.00
4.20
6.40
3.40
1.80
0.20
0.00
0.20
0.00
0.00
0.00
0.20
0.00
0.00
0.00
26.20
0.20
0.00
0.00
0.00
0.40
0.20
0.00
0.00
0.00
0.00
0.00
0.00
0.00
0.00
0.00
0.00
0.00
0.00
5.20
0.00
0.00
0.00
11.50
0.10
0.00
0.10
1.20
6.60
0.00
0.10
7.40
0.00
0.00
0.20
0.00
0.00
0.00
0.00
0.00
0.00
0.00
0.00
0.00
0.00
0.00
0.00
0.00
0.00
0.00
0.00
0.00
0.00
0.00
0.00
0.00
0.00
0.80
1.30
0.00
0.00
0.00
0.00
0.00
0.00
0.00
9.00
1.30
0.00
0.00
0.00
0.00
0.00
0.00
0.00
0.00
0.00
0.00
0.00
0.00
0.00
0.00
0.00
0.00
0.00
0.00
0.00
0.00
0.00
0.00
0.00
0.00
0.00
0.00
0.00
0.00
0.00
0.00
0.60
0.00
0.00
0.00
0.00
0.00
0.00
0.00
0.00
0.00
0.00
0.00
0.00
0.00
0.00
0.00
0.00
0.00
0.00
0.20
16.10
13.80
0.00
1.60
0.00
0.00
0.00
0.00
0.00
0.00
0.00
0.00
0.00
0.00
0.00
3.90
0.00
0.00
0.00
0.00
0.00
0.00
0.00
0.00
0.00
0.00
0.00
0.00
0.00
0.00
0.00
0.00
0.00
0.00
0.00
0.00
0.00
0.00
0.00
0.00
0.00
0.00
0.00
0.00
0.00
0.00
0.00
0.00
0.00
0.00
0.00
0.00
4.40
0.10
0.40
11.70
3.20
0.50
0.00
0.10
0.00
0.10
8.20
35.60
0.10
0.00
0.50
0.00
0.10
0.10
0.00
0.10
0.00
0.00
26.50
0.10
0.00
0.10
1.80
0.10
1.10
5.90
0.30
0.10
0.30
0.10
0.00
0.10
0.00
0.10
0.10
0.00
0.00
0.00
0.00
0.00
0.00
0.00
0.20
0.20
0.10
0.00
0.00
0.00
0.00
0.00
0.00
0.00
0.00
0.10
0.00
0.00
0.10
0.00
0.20
0.10
0.10
0.10
0.10
0.00
0.00
0.00
0.20
0.00
0.00
0.10
0.00
0.00
0.10
0.10
0.40
0.20
0.30
0.20
0.00
0.00
0.00
0.10
0.10
0.30
0.10
0.20
0.00
0.10
0.10
0.10
0.30
0.00
0.70
0.00
0.00
0.00
0.10
0.00
0.00
0.00
0.20
0.10
0.00
0.00
0.00
0.00
0.00
0.00
0.00
0.00
0.00
0.00
0.00
0.00
0.00
0.00
0.00
0.00
0.00
0.00
0.00
0.00
0.00
0.00
0.00
0.00
0.00
0.00
0.00
0.00
0.00
0.00
0.00
0.00
0.00
0.00
0.00
0.00
0.00
0.00
0.00
0.00
0.00
0.00
5.30
24.90
0.80
0.10
0.00
0.00
0.00
0.00
0.00
0.00
0.00
0.00
0.00
0.00
9.90
2.10
2.20
4.10
0.20
0.00
0.00
2.00
0.00
0.00
0.00
0.80
0.00
0.00
0.00
0.40
0.00
0.00
0.90
0.00
0.00
0.00
0.00
0.00
0.00
6.20
0.00
17.10
0.00
0.00
0.00
1.70
0.10
0.00
0.00
0.60
0.00
0.00
0.00
0.00
0.00
0.00
0.00
0.00
0.00
0.10
5.00
2.80
0.00
0.00
0.00
0.00
0.00
0.00
0.00
0.00
0.00
0.00
0.00
0.00
0.00
6.40
0.00
0.00
0.00
0.00
0.00
0.00
0.00
0.00
0.00
0.00
0.00
0.00
0.00
0.00
0.70
15.50
0.10
0.00
0.00
0.00
0.00
0.00
0.00
0.00
0.00
0.00
0.00
0.00
0.00
0.00
0.00
1.90
0.20
0.00
0.00
0.00
0.00
0.00
0.00
0.00
0.00
0.00
0.00
0.00
0.00
0.00
0.00
0.00
0.00
0.00
0.00
0.00
0.00
10.90
0.00
0.00
0.00
0.00
0.00
0.00
0.00
0.00
39.50
0.00
0.00
0.00
0.00
0.00
0.00
0.00
0.00
0.00
0.00
0.00
0.00
0.00
3.50
0.00
0.00
1.00
0.00
0.00
0.00
0.00
0.00
0.00
0.00
1.50
0.00
0.00
0.00
0.00
0.00
0.00
0.00
0.00
9.30
0.10
0.00
0.00
0.00
0.00
0.00
0.00
0.00
0.00
0.00
0.00
0.00
0.00
0.00
0.50
0.00
0.00
0.00
0.10
0.50
33.90
0.20
0.00
0.10
0.00
0.00
0.00
0.00
0.00
0.00
0.00
5.20
7.10
0.00
0.00
4.80
0.00
0.00
0.00
0.00
4.20
9.90
11.90
0.00
0.00
0.10
18.00
4.70
0.00
0.00
0.00
4.50
7.60
0.00
0.00
0.00
4.00
0.00
0.00
0.20
0.10
9.60
0.10
0.10
0.10
0.10
0.00
0.10
0.20
9.20
0.40
0.00
0.20
0.10
0.00
0.10
0.10
0.10
1.00
0.10
0.00
0.00
0.00
0.10
0.10
0.10
0.00
0.00
0.00
0.10
0.00
0.00
0.10
0.00
0.40
0.50
4.60
0.20
0.80
0.20
0.00
0.00
0.00
0.00
0.00
0.10
0.20
0.10
0.00
0.10
0.00
0.20
0.10
0.40
0.10
0.10
0.60
0.10
0.10
0.20
0.10
0.30
0.20
0.20
0.20
2.90
2.20
0.00
0.00
0.00
0.00
2.20
18.10
1.20
0.00
0.00
0.00
1.20
0.30
0.60
3.00
0.00
0.00
0.10
0.00
0.20
0.20
0.00
0.00
0.30
0.00
0.00
0.00
0.00
0.90
0.00
0.00
0.00
0.00
0.00
0.00
0.00
0.00
0.00
0.00
0.00
6.40
5.60
0.00
0.00
0.00
0.00
0.40
0.10
0.10
0.00
0.00
18.20
21.40
1.70
0.40
0.00
0.00
0.10
0.00
0.00
0.00
0.00
0.20
6.30
0.00
2.80
0.50
0.00
1.00
0.00
0.00
7.30
0.20
0.30
0.00
6.30
0.00
0.00
0.80
0.00
2.40
2.80
0.00
0.00
0.00
0.00
0.00
0.00
0.00
0.00
0.00
0.00
0.00
0.00
0.00
0.00
0.00
0.00
0.00
0.00
0.00
0.00
8.70
6.50
8.80
11.00
31.20
6.10
0.00
0.00
0.00
3.50
0.00
0.00
0.00
0.00
0.40
0.00
0.00
0.00
0.00
2.40
4.40
0.00
2.60
0.20
0.10
0.50
0.00
0.00
0.00
0.00
0.00
0.90
0.90
0.00
0.00
0.00
0.00
0.00
0.00
0.00
0.00
0.00
0.00
0.00
9.50
0.40
0.00
0.00
0.00
0.30
0.00
0.00
0.00
9.20
15.10
0.30
0.00
0.40
0.00
0.00
0.00
0.00
0.00
0.00
0.00
0.00
0.00
1.30
0.20
0.00
0.00
0.00
0.00
0.00
0.00
0.00
0.90
3.70
0.00
6.10
20.90
0.00
0.20
0.00
3.70
0.00
2.20
0.00
0.00
0.10
0.00
0.00
0.00
0.00
0.10
0.00
0.00
0.00
0.00
0.00
0.00
0.00
0.00
0.00
6.60
0.10
0.00
0.00
0.00
0.10
0.00
0.00
0.00
26.70
0.10
0.00
0.00
0.00
0.00
0.00
0.00
0.00
0.00
0.00
0.00
0.00
0.00
0.00
0.00
0.00
0.00
0.00
0.00
0.00
0.00
6.10
0.10
0.00
0.00
0.00
0.00
0.00
0.00
0.00
0.00
0.00
0.00
0.00
0.00
0.00
0.00
0.00
0.00
0.00
0.00
0.00
0.10
0.00
0.00
0.00
0.00
2.40
7.80
0.20
0.00
0.00
0.00
0.00
0.00
0.00
0.00
0.00
0.00
0.00
0.00
0.00
0.00
0.00
0.00
0.00
2.20
0.00
0.00
0.00
0.00
0.00
0.00
0.00
0.00
0.00
0.00
0.00
0.00
0.40
0.00
0.00
0.00
0.00
0.00
0.00
0.00
0.00
0.00
0.00
0.00
21.10
16.20
10.80
0.00
0.00
0.00
0.00
0.00
0.00
0.00
0.00
0.10
0.00
0.10
0.00
0.00
0.20
0.00
0.10
0.10
0.20
0.20
0.20
0.30
0.30
0.20
0.30
0.30
0.00
0.10
0.10
0.00
0.10
3.00
0.00
0.10
0.10
0.00
4.30
1.20
0.00
0.00
0.80
0.00
0.10
0.00
1.00
0.20
0.00
3.70
0.00
0.00
0.10
0.20
0.20
0.10
0.10
0.00
2.70
0.00
0.40
0.70
0.10
18.70
0.00
0.00
0.00
0.00
0.10
0.00
0.00
0.00
0.00
4.20
2.50
0.00
0.00
1.40
0.00
0.10
2.50
1.40
0.00
0.10
0.50
3.70
0.50
1.20
0.10
0.00
0.00
0.20
1.50
0.10
0.00
0.00
0.00
0.00
0.00
0.00
0.00
0.20
0.00
0.10
0.90
0.00
0.00
1.60
0.00
0.00
0.00
0.00
0.00
0.00
0.00
0.00
0.00
0.00
0.00
0.00
0.00
0.00
0.00
0.00
0.00
0.10
1.70
0.00
1.30
1.10
0.00
0.00
0.00
0.00
7.80
0.10
0.00
0.60
41.70
0.00
0.00
0.00
0.00
0.00
0.00
0.00
0.00
0.00
0.00
0.00
0.00
0.00
0.00
0.00
0.70
0.80
3.10
0.00
0.00
2.90
0.40
0.60
0.00
0.00
0.00
0.00
0.00
0.00
0.00
0.00
0.00
0.00
0.00
0.00
0.00
0.00
0.00
0.10
0.00
0.00
0.00
0.00
0.00
0.00
0.00
0.00
0.90
0.00
0.00
0.00
0.00
6.40
0.00
11.00
0.00
4.50
0.00
0.00
0.00
0.00
1.20
0.00
0.00
0.00
0.00
0.00
0.00
0.00
0.00
0.00
0.00
0.00
0.00
6.70
0.00
0.00
0.00
0.00
0.00
0.00
7.40
0.00
0.00
0.00
0.00
0.00
0.00
0.50
0.60
2.30
0.00
0.00
0.00
3.20
0.00
0.00
0.00
0.00
0.00
0.00
0.00
0.00
0.00
0.00
0.30
0.10
0.00
0.00
0.00
0.00
0.10
5.10
0.00
0.00
0.00
0.00
0.00
0.00
2.70
25.90
0.00
0.00
0.00
0.00
0.00
0.00
0.00
0.00
0.00
0.00
0.00
0.00
0.00
0.00
0.00
0.60
0.00
1.30
0.20
36.60
0.00
0.00
0.00
0.00
0.00
0.00
0.00
0.00
0.00
0.00
0.00
0.00
24.00
0.20
0.00
10.70
17.20
0.00
0.00
0.00
0.00
0.00
5.20
0.00
2.20
0.30
0.30
6.30
0.00
0.40
12.30
0.10
0.30
0.00
0.10
0.00
7.40
0.00
37.70
0.00
0.10
0.10
0.00
6.00
0.00
0.10
0.00
6.00
0.10
0.10
7.50
0.10
0.40
0.00
0.00
0.00
0.00
0.00
0.00
0.00
0.00
0.00
0.00
0.00
0.00
0.00
0.00
0.00
0.00
0.10
0.10
0.00
2.20
8.20
0.00
0.10
0.00
0.00
3.40
0.00
4.20
0.10
0.00
3.40
0.30
0.10
0.00
0.00
0.00
0.10
0.00
0.00
0.30
0.30
0.00
46.60
7.60
25.00
38.40
8.10
0.00
0.10
1.20
7.40
0.10
0.10
0.00
0.00
0.00
0.00
0.00
0.10
0.10
0.10
2.60
0.00
0.10
0.10
0.10
0.00
0.00
0.10
0.00
0.10
0.00
0.10
0.30
0.00
0.00
0.00
0.00
0.00
0.10
0.10
0.00
0.20
0.50
0.00
0.00
0.00
0.20
0.20
0.20
0.10
0.20
0.30
2.60
0.00
0.10
0.00
0.00
0.10
0.00
0.10
0.00
0.00
0.00
0.00
0.00
0.00
6.00
0.10
0.00
0.10
2.60
15.90
0.00
0.00
0.00
0.00
0.00
0.00
0.00
0.00
0.00
0.00
0.00
0.00
0.00
0.00
0.00
0.10
1.10
0.00
3.60
0.00
0.00
0.00
0.00
0.00
0.00
0.00
0.00
0.00
0.00
0.00
0.00
0.00
0.00
0.00
0.00
0.00
0.00
0.40
0.00
0.00
0.00
0.00
0.00
5.30
6.50
8.90
1.70
4.50
7.50
0.00
0.00
0.00
0.00
0.00
0.00
0.00
0.00
0.00
0.00
0.00
0.00
0.00
0.00
0.00
0.00
0.00
0.00
0.00
0.00
0.00
0.00
0.00
2.40
0.00
0.00
0.00
1.80
0.00
0.10
0.00
1.60
0.00
0.00
1.00
0.00
0.00
0.00
0.00
0.00
0.00
0.00
0.00
0.00
0.00
0.00
0.00
0.00
0.00
0.00
0.00
0.00
0.00
0.00
2.90
0.00
0.00
0.00
0.00
0.00
0.00
0.00
0.00
0.00
0.00
0.00
0.00
0.00
0.00
0.00
0.00
0.00
0.00
0.00
0.00
0.00
0.40
4.50
0.40
0.30
0.00
17.60
1.10
0.00
0.00
0.00
0.00
0.00
0.00
12.20
0.10
0.00
0.00
0.00
0.00
0.00
0.00
0.00
0.00
0.00
0.00
0.00
0.00
0.00
0.00
0.00
0.00
0.00
0.00
0.00
0.00
0.00
0.00
0.00
9.60
0.10
0.00
13.20
0.20
0.00
0.10
0.00
0.00
0.00
0.00
0.00
0.00
17.70
0.10
0.00
1.60
0.00
0.00
0.00
0.00
4.20
0.00
0.00
0.00
0.00
0.00
0.00
0.00
0.00
0.30
11.10
0.00
0.00
0.00
0.00
3.10
0.00
0.00
0.00
0.00
0.00
0.00
0.00
4.40
0.10
2.20
0.60
3.70
0.10
0.00
0.00
0.00
0.00
2.30
0.00
0.00
0.00
0.00
0.00
0.00
0.00
0.00
0.00
0.00
0.00
0.00
0.00
0.00
0.00
0.00
0.00
0.00
0.00
0.00
2.70
0.00
0.00
0.00
0.00
0.30
0.00
0.00
0.00
0.00
0.00
4.10
0.10
0.00
0.00
0.00
0.40
1.30
0.00
0.00
0.00
0.00
0.00
0.00
0.00
0.00
2.70
0.00
0.00
0.00
0.00
0.00
69.00
0.10
0.70
0.00
0.00
0.00
0.10
0.20
0.00
0.20
0.00
0.00
0.00
0.10
0.10
0.10
0.00
0.10
0.20
0.20
0.00
0.00
0.00
0.00
0.00
0.00
0.00
0.10
0.00
0.10
0.30
0.10
0.10
0.00
0.00
0.00
0.00
0.00
0.30
0.10
0.00
0.20
0.10
0.00
0.10
0.10
0.00
0.10
0.00
0.00
0.40
0.20
0.00
0.30
0.10
0.10
0.00
0.90
0.10
0.10
0.10
0.00
2.30
8.00
0.10
0.00
0.00
0.00
0.00
0.00
0.00
0.00
0.00
0.10
0.00
0.00
0.00
0.00
0.00
0.00
0.10
0.10
0.00
0.00
0.10
0.00
0.00
0.00
0.00
0.00
0.00
0.00
0.10
0.00
0.00
0.00
0.10
1.80
0.00
0.00
2.80
1.00
6.60
9.30
0.70
0.00
0.00
0.00
0.00
0.00
0.10
0.00
2.40
0.00
0.00
0.00
2.70
34.20
0.00
0.00
0.00
0.00
0.00
2.30
0.00
0.00
0.00
0.00
1.40
0.00
0.00
0.00
0.00
3.90
2.30
0.00
0.00
0.00
5.50
1.60
0.80
0.10
0.00
0.00
0.00
0.00
0.00
0.00
0.00
0.00
0.00
0.00
0.00
0.00
17.00
22.50
0.00
0.00
0.00
0.00
1.50
0.00
2.00
0.10
0.00
0.00
1.20
0.00
0.00
0.00
1.50
0.30
0.20
1.70
0.10
0.00
0.00
4.90
7.90
0.10
2.00
0.00
0.00
0.00
0.00
0.00
0.00
0.00
5.40
26.50
3.70
3.90
0.10
0.00
0.00
0.00
0.00
0.00
0.00
0.00
0.00
0.00
0.90
0.00
0.00
0.00
0.00
0.00
3.10
0.00
0.00
0.00
0.00
0.00
0.00
0.10
0.00
0.10
0.00
0.00
0.00
0.00
0.00
0.00
0.00
0.00
0.00
0.00
0.00
1.00
0.00
0.00
0.00
0.00
0.00
0.00
0.00
0.00
0.00
0.00
0.50
0.00
0.00
0.00
0.00
0.00
0.00
0.00
0.00
0.10
0.00
0.00
0.10
0.00
0.00
0.00
0.00
0.00
0.00
0.00
0.00
1.60
0.00
0.00
0.00
0.00
0.00
0.00
0.00
0.00
0.00
0.00
0.00
0.00
0.00
0.00
0.00
0.00
0.00
0.00
0.00
0.00
0.00
0.00
0.00
0.00
0.00
0.00
0.80
0.10
0.00
0.00
0.00
0.00
0.00
0.00
0.00
0.00
0.00
0.00
0.00
0.00
0.00
0.00
0.00
0.00
0.00
0.00
0.00
0.00
0.00
0.00
40.80
0.90
0.00
0.00
7.80
0.00
0.00
0.00
0.00
0.00
0.00
0.00
0.00
0.00
0.00
0.00
0.00
0.00
0.00
0.00
0.00
0.00
0.00
0.00
0.00
0.00
0.00
2.10
0.00
0.00
0.00
0.00
0.00
1.30
14.50
0.50
0.00
0.00
0.20
0.00
0.10
0.00
0.00
1.40
0.00
8.10
0.10
0.00
0.10
0.00
0.20
0.40
0.10
0.00
0.00
0.00
5.40
3.40
0.00
0.00
0.00
0.30
0.00
0.00
0.00
0.00
0.00
0.00
0.10
0.00
0.10
0.00
0.20
4.50
7.00
11.90
0.20
0.10
4.20
1.80
0.10
0.00
0.00
0.10
0.20
0.00
0.10
0.00
0.10
0.20
0.30
0.10
0.20
0.40
0.10
0.20
0.20
0.10
3.50
0.00
0.20
0.10
0.10
0.00
0.10
0.00
0.10
0.10
0.10
0.20
0.10
0.10
0.00
0.20
0.30
0.00
0.00
0.20
0.00
0.10
0.00
0.20
0.10
0.00
0.10
0.00
0.00
0.00
0.00
0.00
0.00
0.00
0.00
0.00
0.00
0.30
0.10
0.00
0.00
0.00
7.50
2.80
0.00
0.00
0.10
0.20
3.10
2.90
0.40
1.00
0.00
0.00
0.00
0.00
0.00
0.00
0.00
5.60
0.00
0.10
0.00
0.10
0.00
0.20
0.10
0.10
0.10
0.10
0.10
0.10
0.00
0.00
0.00
0.00
0.00
10.80
13.00
0.00
0.00
0.00
0.00
0.00
0.00
0.00
0.40
2.10
0.00
0.00
0.10
0.00
0.00
0.00
0.00
0.00
0.00
0.20
29.60
34.70
0.00
4.50
0.10
0.00
0.00
11.10
0.10
0.00
0.00
0.00
9.70
0.10
0.00
0.00
0.00
0.00
0.00
0.00
0.00
0.00
0.00
0.00
0.00
0.00
0.00
0.00
0.00
0.00
0.00
0.00
3.10
0.60
7.60
0.00
0.00
2.10
0.00
0.00
0.20
0.00
0.00
0.70
0.00
0.00
0.00
2.00
18.70
0.70
0.00
0.00
0.00
0.00
0.00
5.60
0.00
0.00
0.00
0.00
0.00
0.00
0.00
0.00
0.00
0.00
0.00
0.00
0.00
0.00
3.40
2.10
21.50
0.10
0.00
0.00
0.00
1.30
0.00
0.00
0.00
0.00
0.00
0.00
0.00
0.00
0.00
0.00
0.00
0.00
0.00
0.00
0.00
1.10
2.40
7.60
0.50
0.00
0.00
0.00
0.00
0.00
0.00
0.00
0.90
0.00
1.60
0.00
0.00
0.00
0.00
0.00
0.00
0.00
0.00
0.00
0.00
0.30
0.00
6.50
0.00
0.00
0.00
0.00
0.00
0.00
0.00
0.00
0.00
0.00
0.00
0.00
0.00
0.00
0.00
0.00
0.10
0.00
8.20
0.10
0.00
0.00
0.00
0.00
0.00
0.00
0.00
0.00
0.00
0.00
0.00
0.00
0.10
3.50
0.00
1.10
0.10
0.00
0.30
1.10
0.00
0.00
0.00
0.60
0.00
0.00
0.00
0.00
0.00
0.70
0.00
0.00
0.00
0.00
1.30
13.70
0.00
0.00
0.00
0.00
0.00
0.00
7.50
0.00
0.00
0.00
0.00
0.00
0.00
0.00
0.40
0.00
0.00
0.00
0.00
0.00
0.00
0.00
0.00
0.00
0.00
0.00
0.00
0.00
0.00
0.00
0.00
0.00
18.50
5.30
0.20
0.00
0.00
0.00
0.00
0.00
0.00
0.10
0.10
0.00
0.00
0.00
0.00
0.00
0.00
1.50
0.00
0.00
0.00
0.00
0.00
0.00
0.00
0.00
0.00
0.00
0.00
0.00
0.00
0.00
0.00
0.10
0.10
0.10
0.00
0.00
0.00
0.00
0.00
0.00
0.10
0.00
0.00
0.00
0.00
0.00
0.00
0.00
0.10
0.00
0.50
2.00
1.50
0.00
0.10
0.10
0.10
0.00
0.00
0.00
0.20
0.10
0.20
0.10
0.20
0.10
0.10
1.30
4.20
1.10
0.60
0.00
0.10
0.00
0.00
0.00
0.00
0.00
7.10
3.10
0.10
0.00
0.00
0.00
0.00
0.80
0.20
0.00
0.10
0.00
0.00
0.10
0.10
0.00
0.00
0.00
0.00
5.30
5.20
0.00
0.00
0.10
0.10
0.20
0.20
0.00
0.10
10.10
10.20
1.80
0.00
0.00
0.00
0.00
0.00
0.00
0.00
0.10
0.00
0.10
0.10
0.00
0.00
0.00
0.00
0.00
0.00
0.00
0.00
0.00
0.00
12.70
3.70
1.50
0.00
0.00
3.30
0.00
0.00
0.00
1.30
3.80
0.00
0.00
0.10
0.20
1.30
0.00
3.70
0.00
1.40
0.00
0.00
0.00
0.00
16.00
0.00
0.00
0.00
0.00
0.00
0.00
0.40
0.00
0.00
0.00
0.00
0.00
1.40
0.20
7.20
9.80
17.30
19.40
0.30
11.20
0.40
0.00
2.50
0.10
0.10
0.00
0.00
0.00
0.00
0.00
0.00
0.00
0.00
0.00
0.90
8.40
0.10
0.10
0.00
0.00
0.00
0.00
0.90
0.30
0.20
0.00
0.00
0.00
9.00
0.00
0.00
0.00
0.00
0.00
0.00
12.20
0.10
2.00
0.20
0.00
0.00
0.70
0.00
0.70
27.70
0.90
5.80
0.00
0.00
0.00
0.60
0.00
1.10
5.60
0.00
0.00
0.90
2.10
0.00
0.10
0.00
0.00
0.00
0.00
0.00
0.00
0.00
0.00
0.00
0.00
0.00
0.00
0.00
0.00
0.00
0.00
0.00
0.00
0.00
0.00
0.00
0.00
0.00
0.00
0.00
0.00
0.00
0.00
0.00
0.30
0.00
0.00
0.00
0.10
0.00
1.20
0.00
13.50
0.00
0.50
0.00
0.00
0.00
0.00
0.00
0.00
0.00
0.00
0.00
0.00
0.00
0.00
0.00
0.00
0.00
0.00
1.70
0.00
0.00
0.00
3.20
0.00
0.00
0.00
42.00
1.10
0.00
0.00
0.00
0.00
2.00
0.00
0.00
0.00
0.00
0.00
1.70
0.00
0.00
0.00
0.00
0.00
0.20
0.00
2.90
0.00
0.00
0.00
0.00
0.00
0.00
0.00
0.00
0.00
0.00
0.00
0.20
0.00
0.00
0.00
0.00
0.00
0.00
0.00
0.00
0.00
0.00
0.00
0.00
0.00
0.00
0.00
0.00
0.00
0.00
0.40
0.00
0.00
29.90
11.60
0.10
0.00
0.00
53.20
1.70
0.20
0.00
0.20
10.50
0.30
0.10
0.00
0.10
0.10
0.00
1.20
8.70
1.20
0.00
1.00
13.90
0.00
0.00
0.10
0.10
25.80
0.10
0.00
2.30
7.00
0.00
0.00
0.00
0.00
0.00
0.30
0.00
3.50
9.90
0.00
3.90
0.10
0.10
1.60
0.20
1.70
2.90
0.00
0.10
0.00
2.20
0.10
0.00
0.20
0.10
0.30
0.30
0.10
0.10
0.00
0.00
0.20
0.10
11.30
0.00
0.10
1.60
0.00
0.10
0.60
0.00
0.20
0.00
0.20
0.30
0.20
0.10
0.20
0.10
0.00
0.00
0.00
0.10
0.00
0.00
0.00
0.00
0.10
0.10
0.10
0.10
0.00
0.00
0.00
0.10
0.00
0.10
0.20
0.10
0.00
0.10
1.10
0.00
0.20
1.10
0.00
0.00
0.00
0.00
0.00
1.10
0.00
1.80
9.30
0.00
0.00
0.00
0.00
0.00
0.20
0.10
0.10
0.00
0.00
0.00
0.10
0.10
0.00
0.00
0.00
0.00
0.00
0.10
0.00
0.10
0.00
0.00
0.00
0.00
0.00
0.00
0.00
0.00
0.00
0.00
0.00
0.20
0.00
0.00
0.00
0.00
0.00
0.00
0.00
0.00
0.00
0.00
0.00
0.00
0.00
0.00
0.00
0.00
0.00
0.00
0.00
0.00
0.00
0.00
0.00
0.00
0.00
0.10
0.30
0.20
0.00
10.50
1.50
0.00
0.00
0.60
0.00
0.10
0.00
0.00
0.00
0.50
0.00
0.00
0.00
0.00
3.10
0.80
0.90
4.00
0.10
1.10
0.00
0.00
0.00
0.00
0.00
0.00
0.00
4.10
0.10
0.00
0.00
0.00
0.00
0.00
0.00
0.00
0.00
0.00
0.00
0.00
3.80
0.80
0.00
0.00
0.00
0.00
0.00
2.30
22.60
0.40
0.00
0.00
0.00
0.00
0.00
0.00
0.00
0.00
0.00
0.00
0.10
0.00
0.00
0.00
0.00
0.00
6.10
0.20
0.00
0.00
0.00
0.00
0.00
0.00
0.00
0.40
1.60
0.00
0.00
0.00
0.00
0.00
0.00
0.00
0.00
0.00
0.00
0.00
0.00
0.00
0.00
0.00
0.00
10.40
18.40
0.00
0.00
0.00
0.00
0.00
0.00
0.00
0.40
0.00
0.00
0.00
0.00
0.00
0.00
0.00
0.00
0.00
0.40
0.00
0.00
0.00
0.00
0.00
0.00
0.00
0.00
0.00
0.00
0.00
0.00
0.00
0.00
0.00
0.00
0.00
0.00
0.00
0.00
0.00
0.00
0.00
20.10
0.20
0.00
0.00
0.00
0.00
0.00
2.80
0.00
0.00
0.00
0.00
0.00
0.00
0.00
0.00
0.00
0.00
0.00
0.00
0.00
0.40
0.20
0.00
0.80
2.40
0.00
0.00
0.00
0.00
0.00
0.00
3.50
0.00
0.00
0.00
0.00
0.00
0.00
0.00
0.00
0.00
0.00
0.00
0.00
0.00
0.00
0.00
0.00
0.00
0.00
0.00
0.00
0.00
0.00
2.70
0.00
0.00
0.00
0.40
0.00
3.20
0.00
88.10
3.10
0.10
0.10
0.10
0.00
0.00
0.10
0.20
0.00
0.70
3.50
0.90
1.10
0.00
0.00
0.10
0.00
0.00
0.00
0.00
0.00
0.80
3.10
0.10
0.10
0.20
0.00
0.10
0.00
0.00
7.30
1.90
0.00
0.00
0.50
0.00
0.00
0.00
0.00
0.20
0.10
0.10
8.20
10.00
0.20
0.10
0.20
0.00
0.00
0.30
2.90
0.70
0.00
0.00
0.00
0.00
0.00
2.10
9.70
6.40
0.30
0.00
0.00
0.10
0.10
0.00
0.00
0.20
0.00
0.00
0.00
0.00
0.00
0.10
0.40
0.00
0.00
0.10
0.10
0.90
0.20
0.10
0.10
0.20
0.10
0.10
0.10
0.30
10.70
0.60
23.90
21.50
11.70
0.10
0.00
0.80
0.20
0.00
0.00
0.00
0.00
0.10
0.10
0.20
0.20
0.00
0.10
0.00
0.20
0.10
0.00
0.00
0.00
0.00
0.00
0.10
0.20
0.10
0.00
0.00
0.10
0.00
0.10
0.00
0.10
0.10
0.00
0.00
0.00
0.00
1.20
6.40
0.90
0.00
0.10
0.00
0.00
0.00
0.00
0.00
0.00
0.00
0.00
0.00
8.10
12.90
2.70
0.00
0.20
0.00
0.10
0.00
0.20
1.30
1.70
0.00
0.10
0.00
0.00
0.00
11.80
10.10
3.40
0.00
0.10
0.00
0.00
0.40
0.10
0.00
0.00
0.80
0.00
2.50
0.00
0.50
0.00
0.00
0.10
1.70
5.90
24.20
4.30
0.30
0.00
0.00
0.00
14.80
0.10
0.00
0.00
0.00
0.00
0.00
0.00
0.00
0.00
0.00
0.00
0.00
18.90
0.00
5.20
6.60
7.20
0.50
18.80
0.00
0.00
0.00
0.00
0.00
0.00
0.00
0.00
0.90
0.00
0.00
0.00
1.50
0.00
6.60
0.00
0.50
8.80
1.90
0.00
3.90
0.40
0.20
0.00
0.00
2.00
0.10
0.00
0.00
1.70
18.20
0.00
7.20
0.00
0.00
0.00
0.00
0.00
0.00
0.70
0.00
0.00
0.00
0.00
1.30
0.00
0.90
0.60
0.00
0.00
0.00
0.00
0.00
0.00
0.00
0.00
0.00
0.00
0.00
0.00
0.00
0.00
0.00
0.00
0.10
0.00
0.00
0.00
0.40
0.00
0.00
0.00
0.00
0.00
0.00
0.00
0.00
0.00
0.00
0.00
0.00
0.00
0.00
0.00
0.00
0.00
0.10
1.50
0.00
0.00
0.00
0.00
0.00
0.00
0.00
0.00
0.00
0.00
0.00
0.00
0.00
0.00
0.00
8.40
0.00
0.00
0.00
0.00
0.00
0.00
0.00
0.00
0.10
0.00
0.00
3.00
0.00
0.00
0.00
0.00
0.00
0.00
0.00
0.00
2.20
1.50
0.00
0.00
0.00
0.00
0.00
0.00
0.10
0.00
0.00
0.00
0.00
0.00
15.30
0.00
0.00
0.00
0.00
0.00
0.00
0.00
0.00
0.00
0.00
0.00
0.00
0.00
0.00
0.00
0.00
0.00
0.10
0.00
3.10
0.00
0.00
1.30
0.00
0.00
0.00
0.00
0.10
0.10
0.10
0.00
13.80
18.00
4.50
4.50
20.50
0.30
0.10
0.20
0.20
0.30
0.20
0.30
0.10
0.00
0.10
0.00
0.20
0.00
0.10
0.10
0.10
0.10
0.00
0.20
1.50
1.50
0.20
0.20
0.20
0.00
0.00
0.00
0.40
0.20
7.10
0.10
0.00
1.30
8.20
0.00
0.00
0.00
0.30
0.10
0.10
0.30
3.10
0.60
0.20
0.20
0.30
0.10
0.00
0.00
0.00
0.80
0.00
0.00
0.00
0.00
0.00
0.00
0.00
0.00
0.10
0.00
0.00
31.60
7.40
0.00
0.00
0.10
0.10
0.10
0.10
0.00
0.00
0.10
0.30
0.10
4.40
3.10
0.00
1.20
0.00
0.00
0.00
0.00
0.70
0.00
0.00
0.00
0.00
0.00
0.00
0.00
0.00
2.20
2.50
1.60
0.00
4.10
0.00
0.10
0.00
0.00
0.00
0.00
0.10
0.00
0.00
10.50
0.10
0.00
0.00
0.20
0.20
0.20
0.00
0.00
0.00
0.00
0.00
0.00
0.00
1.80
0.00
0.00
0.00
0.00
0.00
0.00
