20000101
0.00
0.20
0.00
0.20
0.20
0.00
0.20
0.00
2.00
0.00
0.20
0.00
0.20
2.60
11.40
2.80
0.00
0.20
0.00
0.00
0.20
0.00
0.00
0.00
0.20
1.00
1.20
0.00
0.20
0.00
0.20
0.20
0.60
0.00
0.20
0.20
0.00
0.00
0.00
0.00
0.20
0.00
0.20
0.00
0.00
0.00
0.20
0.20
0.00
0.00
0.00
0.00
0.20
0.00
0.20
0.00
0.40
0.00
0.20
0.00
0.40
0.00
0.20
0.20
0.20
0.00
0.00
0.20
0.00
0.00
0.00
0.20
0.00
0.00
0.00
0.00
0.00
0.00
0.20
0.00
0.00
0.00
2.00
0.20
0.00
4.60
10.80
6.00
0.20
0.00
3.20
0.20
1.40
1.00
1.00
2.20
0.00
0.00
0.00
4.40
2.60
31.10
0.20
0.00
0.00
0.00
4.20
0.80
0.20
0.00
0.00
0.00
0.00
14.90
0.20
0.00
0.00
3.20
16.60
0.00
0.00
0.00
0.00
0.00
0.20
0.00
0.00
0.00
0.00
3.00
7.20
0.20
0.00
0.00
0.00
0.00
0.20
0.40
0.00
0.00
0.00
0.00
5.20
3.40
1.00
0.00
0.00
7.40
0.00
0.20
0.00
0.00
0.00
0.00
0.00
0.00
9.70
2.00
0.00
0.20
0.00
44.30
8.40
0.40
5.00
3.40
0.00
0.00
0.00
0.00
0.20
0.00
0.00
0.00
0.00
0.60
0.00
0.00
0.20
0.00
0.00
0.00
0.00
0.00
0.00
0.20
0.00
0.00
0.00
0.00
0.00
6.40
14.50
0.00
0.00
0.00
10.10
1.20
0.00
0.00
0.00
0.20
0.00
0.00
1.40
0.20
0.00
0.00
0.00
0.00
0.00
0.00
0.00
0.00
0.00
0.80
2.20
0.00
0.20
0.00
0.00
0.00
0.00
1.40
0.20
0.00
0.00
0.00
0.00
0.00
0.00
0.00
0.00
0.60
0.00
0.00
0.00
0.00
0.00
0.00
0.00
0.00
5.80
0.00
0.20
0.00
9.30
10.10
0.00
0.00
0.00
0.00
0.00
0.00
0.00
0.00
0.00
1.00
0.20
0.00
0.20
4.00
12.90
6.70
0.00
0.20
0.00
0.00
0.00
0.00
0.80
14.10
27.10
4.60
0.60
0.00
0.20
0.00
0.20
0.00
0.20
0.00
0.20
7.60
7.30
1.00
21.60
0.20
9.00
3.20
0.00
0.00
0.20
3.40
0.80
7.20
20.20
0.00
0.20
0.00
0.00
0.00
0.20
0.00
2.60
0.00
0.20
0.00
0.20
0.20
0.00
0.00
0.20
0.00
0.00
0.20
0.00
1.00
5.20
0.00
0.00
0.20
0.20
0.00
0.00
0.00
0.00
3.60
0.20
0.00
0.40
0.40
0.20
12.90
12.70
0.20
2.80
5.40
0.20
0.00
0.20
1.60
0.00
0.00
0.00
0.00
0.20
0.00
0.20
0.00
0.20
0.00
0.20
0.20
4.40
33.50
19.20
26.50
11.40
0.00
0.00
0.00
0.20
0.00
0.00
0.00
0.00
0.00
0.00
0.00
0.00
0.00
0.00
0.20
0.20
0.00
0.00
0.80
14.10
13.40
39.00
18.40
0.00
0.20
0.20
0.00
0.20
0.00
0.00
0.00
0.00
0.00
0.00
14.20
5.00
0.20
0.00
0.20
0.00
0.00
0.20
0.00
0.00
0.00
0.80
0.20
0.00
0.00
0.40
11.80
17.30
0.00
0.00
0.00
1.00
0.00
0.20
0.00
0.20
0.00
3.60
8.00
0.00
0.00
0.00
0.20
2.20
0.00
0.00
0.40
0.20
0.80
5.60
0.00
1.00
0.00
4.60
0.20
0.00
0.20
1.00
0.20
0.00
0.00
0.00
0.00
0.00
0.00
0.00
0.00
15.10
0.20
0.20
5.30
0.20
0.00
0.00
0.20
0.00
0.00
0.00
0.00
9.10
0.20
0.00
0.00
0.00
0.00
0.00
0.00
0.00
0.20
0.20
0.20
4.20
1.40
0.20
0.00
0.00
0.00
0.00
0.00
0.00
0.00
0.00
2.80
15.20
0.60
1.40
13.10
9.00
0.20
0.00
0.00
0.00
0.00
0.20
0.00
0.00
0.00
0.00
0.00
2.20
5.60
0.00
0.00
0.00
0.80
0.00
8.40
0.00
0.20
0.00
0.00
0.00
0.00
1.00
0.00
0.00
0.00
0.00
0.00
0.00
0.00
0.00
0.00
22.10
0.20
0.00
0.00
0.00
0.00
0.00
0.60
0.00
0.20
0.00
0.00
0.00
0.00
0.00
0.00
0.00
0.00
0.00
0.00
0.00
0.00
0.00
7.50
0.20
0.00
0.00
0.00
0.00
0.00
0.00
0.00
0.00
0.00
0.00
2.80
-99.00
-99.00
-99.00
-99.00
-99.00
-99.00
-99.00
-99.00
-99.00
-99.00
-99.00
-99.00
-99.00
-99.00
-99.00
-99.00
-99.00
-99.00
-99.00
-99.00
-99.00
-99.00
-99.00
0.00
0.40
0.00
0.00
0.00
0.00
0.00
0.00
0.40
0.00
0.00
0.00
0.00
0.00
0.00
0.00
0.00
0.00
0.00
0.00
0.00
0.00
27.50
12.50
0.00
0.00
7.90
0.20
0.00
0.00
0.20
0.00
0.00
0.60
0.00
0.20
0.00
0.00
0.00
0.00
5.60
0.20
0.00
0.00
0.00
24.70
0.00
2.40
2.00
0.00
0.00
8.00
1.80
0.20
0.20
0.00
0.20
0.00
0.00
0.00
-99.00
0.00
0.00
0.00
0.00
0.00
0.00
0.00
0.40
0.00
-99.00
-99.00
0.00
0.00
-99.00
0.00
0.00
0.00
0.00
0.00
0.00
0.00
0.00
0.00
0.00
0.00
0.00
0.00
0.00
0.00
0.00
0.00
0.00
0.00
0.00
0.00
0.00
0.00
0.00
0.00
0.00
0.00
0.00
2.40
0.20
0.20
0.00
0.00
0.20
0.20
0.20
0.00
0.00
0.20
0.00
0.00
0.00
0.00
0.20
0.20
0.00
0.20
0.00
0.20
0.20
0.00
0.20
0.00
0.00
0.00
0.00
0.00
0.00
0.00
0.00
0.20
0.00
0.20
0.00
0.00
0.00
0.00
0.20
0.00
0.00
0.00
0.00
2.20
17.20
9.80
0.20
0.00
0.20
1.00
0.00
0.60
0.20
0.00
3.60
0.00
0.00
0.00
0.20
0.00
0.20
0.00
0.20
0.40
2.00
0.00
0.20
0.00
0.20
0.00
0.20
0.20
0.00
0.00
0.20
0.20
0.00
2.60
4.80
0.20
0.00
0.20
0.00
0.00
0.20
0.20
21.30
0.00
9.40
2.00
0.20
0.20
0.20
0.00
0.00
0.00
0.00
0.00
0.00
0.00
0.20
0.00
7.40
0.00
5.00
18.50
0.00
0.00
0.00
0.00
0.00
0.20
0.00
2.60
1.00
0.00
0.00
0.00
0.00
0.00
0.00
0.00
0.00
0.00
0.00
0.00
0.20
0.00
0.20
10.40
0.00
0.20
0.00
6.60
66.40
2.00
0.00
0.60
25.20
1.00
7.40
8.80
48.70
6.20
2.80
0.80
0.40
1.20
0.20
0.00
0.40
0.00
0.00
0.20
0.00
0.00
0.00
0.00
0.00
0.20
0.00
0.00
1.80
9.20
3.40
6.90
1.80
3.40
30.00
35.20
2.00
18.80
18.80
0.00
0.20
0.00
0.00
0.00
1.00
4.80
0.20
0.00
0.20
0.00
23.80
0.00
0.00
1.40
1.40
0.00
0.20
0.00
0.00
0.00
0.00
0.20
4.40
67.40
4.00
0.00
16.00
0.00
0.20
0.00
0.20
0.00
0.00
0.00
0.00
0.00
0.00
0.00
0.00
0.00
0.00
0.00
0.00
0.00
0.00
0.00
0.00
3.00
0.40
0.20
0.00
0.00
0.00
0.00
0.00
0.00
0.00
0.00
0.00
0.00
18.40
5.70
2.40
0.00
0.00
0.00
0.00
0.00
0.00
0.00
0.80
0.00
0.00
0.00
0.00
0.00
0.00
0.00
15.30
16.70
15.70
0.00
0.20
0.00
0.00
0.00
0.00
4.00
6.30
3.20
0.00
0.20
0.00
0.00
0.20
0.00
0.00
0.00
0.20
0.00
0.00
0.20
0.00
9.50
7.10
8.20
4.20
0.00
0.00
0.00
0.00
3.40
0.20
0.60
0.80
8.30
0.20
0.00
0.00
0.00
0.00
0.00
5.00
2.40
0.20
0.00
0.00
0.60
0.00
0.00
0.00
2.20
5.90
0.00
0.00
0.00
0.00
0.00
0.00
4.20
6.60
0.00
0.60
0.20
0.00
0.20
0.00
0.20
5.50
77.30
9.40
0.80
0.00
0.00
0.00
0.00
0.20
0.00
0.00
0.00
0.00
2.80
0.00
7.90
0.00
0.00
0.20
0.00
0.20
0.20
0.00
0.80
0.20
0.00
0.20
0.00
0.00
3.40
6.20
0.00
0.00
0.00
0.00
0.20
0.00
12.00
1.00
0.00
0.00
0.20
0.00
6.00
0.20
0.00
0.80
20.60
0.20
0.00
0.20
0.00
0.00
0.20
0.20
0.00
0.20
0.20
1.40
0.00
0.20
0.20
2.80
46.80
1.00
0.20
0.20
0.00
0.00
0.20
0.00
0.20
0.20
0.00
0.20
0.20
0.40
0.20
0.00
0.00
0.20
0.00
0.20
3.00
2.40
0.00
0.00
0.00
0.00
3.60
47.90
0.20
0.80
0.20
0.00
0.20
0.20
0.00
0.00
0.20
0.00
0.20
0.20
7.20
0.20
0.20
0.00
0.00
0.00
0.00
0.00
0.00
0.20
0.00
0.20
0.00
0.00
0.00
0.00
2.00
0.00
0.00
0.00
0.20
0.00
0.60
0.20
0.00
0.20
0.00
0.00
0.20
0.80
0.20
17.40
33.60
1.40
8.20
0.60
1.20
22.40
28.50
10.60
0.00
0.20
0.00
0.00
0.20
0.20
6.40
0.00
0.00
0.20
0.20
0.00
0.20
0.20
0.00
0.80
0.00
0.20
0.20
0.00
0.00
0.20
0.00
0.00
0.20
0.00
0.20
0.00
9.60
1.20
9.20
4.40
0.60
6.40
0.20
0.00
0.00
0.00
0.00
2.20
16.90
6.20
0.20
0.00
0.00
2.00
0.00
0.00
0.00
0.00
0.00
0.20
0.00
0.00
0.00
0.00
0.00
0.40
0.00
0.00
0.20
0.00
0.00
0.00
0.00
0.00
0.00
1.80
7.70
0.00
0.00
0.00
0.60
0.00
0.00
0.00
0.00
1.40
4.40
0.00
2.60
0.00
0.00
0.00
0.00
1.80
12.20
10.00
0.00
0.00
0.00
0.00
0.00
0.00
0.00
0.00
0.00
0.40
3.00
0.00
0.00
0.00
0.00
0.00
0.00
0.00
0.00
4.40
0.00
2.40
0.20
0.00
0.00
0.00
0.00
0.00
0.00
0.00
0.00
1.80
0.00
0.00
0.00
0.00
0.00
0.40
0.00
0.00
2.20
0.00
0.00
0.40
0.00
0.00
0.00
0.00
0.00
0.00
0.00
0.00
0.00
0.00
0.00
0.00
0.00
0.00
9.30
0.00
0.00
0.00
0.00
0.00
15.10
0.00
0.00
0.00
0.00
0.00
0.00
0.00
0.00
0.00
0.00
0.00
0.00
0.00
0.00
0.00
0.00
0.80
15.50
0.00
0.00
0.00
0.20
0.00
0.00
0.00
13.70
0.00
0.00
0.00
0.00
0.00
13.30
5.00
3.20
0.00
0.00
1.00
0.00
10.70
0.00
0.20
0.00
0.00
0.00
0.00
0.00
0.00
0.00
0.00
0.00
0.00
0.00
0.00
8.60
3.20
0.00
0.00
0.00
4.60
15.60
8.70
4.40
1.80
0.00
0.00
5.30
10.00
0.20
0.00
0.00
0.00
0.00
0.00
0.00
5.00
0.00
13.00
8.40
51.20
9.80
30.50
0.00
0.00
1.40
0.20
0.00
0.00
19.90
1.60
0.80
0.00
0.00
6.20
0.00
0.00
0.20
0.00
0.00
0.00
0.20
0.00
3.20
0.00
0.00
0.40
0.00
0.20
2.60
2.40
0.00
0.00
0.00
0.00
2.20
5.00
11.60
3.40
0.00
0.00
2.00
0.20
0.00
0.00
10.40
6.00
39.50
17.90
3.80
0.00
7.40
4.00
0.20
1.00
0.20
0.20
0.00
0.00
0.00
0.20
0.20
0.60
1.40
0.00
0.00
0.20
0.00
0.00
0.00
0.20
0.00
5.80
0.20
0.00
0.20
0.20
0.00
0.00
0.00
0.20
0.20
0.00
0.20
0.00
0.00
0.00
0.00
0.20
0.00
0.00
0.00
0.40
0.00
0.40
0.60
0.00
0.20
0.00
0.80
0.20
0.00
13.40
2.40
0.20
0.00
0.00
0.00
0.00
0.20
0.00
0.00
0.20
0.00
0.00
0.00
0.20
0.20
0.00
0.20
0.00
0.20
22.30
0.00
0.80
0.40
40.80
7.80
0.20
3.80
0.00
3.60
28.80
1.20
0.20
1.40
0.20
0.00
0.00
0.20
0.00
10.00
0.00
0.20
0.20
0.40
0.00
0.60
2.60
0.20
0.00
0.00
0.00
0.00
0.00
0.00
0.00
14.70
0.20
0.00
1.00
0.20
7.20
0.00
52.40
20.60
0.60
0.00
1.20
0.00
0.00
0.00
0.00
2.20
6.80
0.20
0.20
0.00
0.20
0.20
15.00
0.80
80.40
0.00
7.60
0.80
0.20
0.00
1.80
0.00
0.00
0.00
0.00
0.00
8.00
29.00
0.40
1.00
0.40
21.20
1.20
22.60
4.20
1.80
0.40
0.00
3.00
19.80
3.80
0.20
0.00
0.00
0.20
0.00
0.00
0.00
0.00
0.80
0.00
0.00
0.20
0.00
0.00
0.00
0.00
0.00
1.00
0.40
0.00
0.00
0.00
0.00
0.00
0.00
0.00
0.00
0.00
0.00
0.40
5.20
0.20
11.10
1.00
0.40
0.00
0.00
17.70
0.20
0.00
0.00
0.00
0.00
0.20
0.00
0.00
0.00
0.00
0.00
0.00
0.00
0.00
0.00
0.60
0.40
0.40
0.00
0.00
10.50
5.20
1.20
1.40
0.00
0.00
0.00
0.00
0.00
0.20
0.00
0.00
0.00
0.00
0.00
0.00
0.00
0.00
0.00
0.00
0.00
0.00
0.00
0.00
0.00
16.50
13.10
0.00
0.00
0.20
0.00
0.00
0.00
0.00
0.00
0.00
0.00
0.20
0.00
0.00
0.00
5.40
0.00
0.00
0.00
0.00
0.00
0.00
0.00
0.00
7.00
0.80
0.80
0.20
0.40
14.30
0.00
0.00
0.00
0.20
0.20
0.20
0.00
1.00
0.00
0.20
8.60
12.10
0.20
0.00
0.20
0.00
0.00
0.00
0.00
0.20
1.00
0.00
0.00
0.20
0.00
0.00
0.00
0.20
0.00
0.00
0.20
0.00
0.00
0.20
0.00
0.20
0.00
0.00
0.60
0.00
0.20
0.00
0.00
0.00
0.00
0.00
0.00
0.00
0.00
0.00
0.20
4.20
15.20
0.20
0.00
0.00
5.00
17.10
0.40
0.20
0.00
0.20
0.20
0.00
0.00
0.20
0.00
0.00
0.00
0.00
0.00
0.00
0.00
0.00
0.00
0.20
0.00
0.20
0.00
0.20
0.20
0.20
0.00
0.00
0.00
0.20
8.80
0.20
7.40
0.20
0.00
23.20
1.00
0.00
17.80
19.20
6.40
0.00
0.00
0.00
0.00
0.00
0.00
0.00
0.00
0.00
0.20
0.00
0.20
0.00
0.00
0.20
8.30
0.00
0.20
0.20
0.00
0.00
0.00
0.00
0.20
0.00
0.20
0.00
0.20
0.00
0.40
0.00
0.20
0.00
0.20
0.00
0.20
0.20
0.00
0.00
1.00
0.00
0.00
0.20
0.20
0.00
0.00
0.00
0.00
0.00
0.00
0.00
0.00
0.00
0.00
0.00
0.00
0.20
0.00
11.60
44.50
31.80
6.60
0.20
0.00
0.20
5.30
0.20
0.00
0.00
0.00
0.00
0.00
6.20
0.20
0.00
0.00
0.00
0.00
0.00
0.60
4.20
0.00
0.20
2.80
0.20
0.00
0.00
0.00
0.00
0.00
0.00
0.60
0.20
0.00
0.20
0.00
0.20
0.20
0.00
0.20
0.00
0.00
0.00
0.80
0.60
0.00
0.00
5.20
0.00
15.40
6.90
0.00
0.20
0.20
3.80
0.00
0.00
0.20
0.00
3.60
2.80
0.00
0.00
0.00
0.00
0.00
5.60
1.20
0.00
0.40
0.00
0.00
0.00
0.00
0.00
3.40
0.00
0.00
0.00
0.00
0.00
0.00
0.00
1.80
0.20
3.20
1.60
0.20
0.00
0.00
0.00
1.00
0.80
0.00
0.40
0.40
0.00
6.60
28.60
0.20
0.00
0.20
0.00
1.00
0.20
0.00
0.00
0.00
0.00
0.00
0.00
0.40
0.00
0.20
0.00
0.00
0.00
0.00
3.00
0.00
0.00
0.00
0.00
2.20
0.00
0.80
39.30
0.00
0.00
0.00
0.00
0.00
0.00
0.00
0.00
0.00
0.00
0.00
0.00
0.00
0.20
0.00
0.00
0.00
0.00
0.00
0.00
0.00
0.00
0.00
4.00
18.10
1.40
0.00
0.20
0.00
0.00
0.00
0.00
0.00
0.00
0.00
0.00
0.00
0.20
0.20
0.00
0.00
0.00
0.00
0.00
0.00
0.80
0.00
6.20
3.20
0.00
0.00
0.00
0.00
0.00
0.00
0.00
3.20
9.00
0.00
0.00
0.00
0.00
0.00
0.00
3.40
2.40
9.20
0.20
0.00
0.00
0.00
0.00
0.00
11.00
0.00
0.00
0.20
0.00
0.00
0.00
0.00
0.00
0.40
42.50
42.70
26.60
0.20
33.10
0.20
0.00
3.20
0.20
0.00
0.80
4.40
0.00
0.00
0.20
0.00
0.00
0.20
0.00
29.40
0.60
0.20
0.00
1.00
0.20
0.00
2.00
0.00
0.00
0.20
0.00
0.00
0.20
0.00
1.00
2.40
10.20
54.60
20.60
13.30
0.00
0.00
9.20
0.00
0.00
0.00
0.20
0.20
0.00
0.00
0.00
0.40
0.00
0.00
0.00
0.20
0.20
0.00
0.00
1.60
0.20
0.00
0.20
0.20
10.80
0.40
0.00
14.30
34.20
46.40
0.40
4.90
0.00
0.00
0.00
0.00
0.20
0.00
0.20
0.00
2.60
0.80
0.00
0.20
0.00
0.00
0.20
0.80
0.00
0.40
0.00
0.20
0.20
0.00
0.00
0.00
0.20
0.00
0.00
0.20
0.00
0.00
0.20
0.00
0.00
0.00
0.20
0.00
0.20
0.00
0.00
0.20
0.00
0.00
0.00
0.00
0.00
0.00
0.00
0.20
0.00
2.00
1.60
22.20
1.20
2.40
1.80
0.20
0.00
0.60
0.40
0.80
0.20
0.20
0.00
0.20
0.00
0.00
0.00
0.20
0.00
0.00
3.20
12.60
50.50
31.90
22.20
1.60
0.00
0.00
0.00
0.00
0.00
0.20
0.40
0.00
0.20
0.00
0.00
0.00
0.00
0.20
0.20
0.20
0.00
0.00
0.00
0.00
0.20
0.20
0.00
0.00
0.00
7.60
0.40
0.00
3.40
0.20
0.00
0.00
10.00
0.00
0.20
0.00
2.00
1.20
0.00
0.00
0.00
0.00
0.20
0.00
0.00
5.20
7.40
0.00
0.00
11.40
0.00
0.00
0.00
0.00
0.00
0.00
0.00
0.00
0.00
0.00
0.00
0.00
0.00
0.00
3.60
0.20
0.00
0.00
0.00
0.20
0.00
0.00
0.00
0.00
0.00
0.00
0.00
0.00
0.00
0.00
0.00
0.00
0.00
0.00
0.20
0.00
0.00
0.00
0.00
0.00
0.00
0.00
0.00
0.00
0.00
0.00
0.40
0.00
1.60
0.20
0.80
0.00
0.00
0.00
0.00
0.00
0.00
0.00
0.00
0.00
0.00
0.20
0.00
0.00
0.00
0.00
0.00
0.00
9.60
0.80
0.00
0.00
0.00
0.00
0.00
0.00
0.00
0.00
0.00
0.00
0.00
0.00
0.00
0.00
0.40
3.00
0.00
0.00
0.00
0.00
0.00
0.00
0.00
0.00
0.00
0.00
0.00
0.00
0.00
0.00
0.00
0.00
0.00
0.00
0.00
11.90
0.00
0.00
0.00
0.00
0.00
0.00
0.00
0.60
8.50
0.00
0.00
0.00
0.00
0.00
0.00
0.00
0.00
0.00
0.00
0.00
0.00
0.00
0.00
0.00
0.00
0.00
0.80
17.50
0.00
0.00
0.00
0.00
3.80
0.00
12.10
2.40
7.80
0.00
0.00
73.20
0.00
0.00
0.00
0.00
0.00
0.00
0.00
2.40
0.60
3.80
0.20
0.00
0.00
0.00
0.00
0.00
0.00
0.00
0.00
0.00
0.00
0.00
0.00
0.20
0.00
0.00
0.00
1.00
47.10
17.00
0.20
0.20
0.00
0.00
0.00
0.00
0.20
0.20
5.20
1.60
0.20
0.00
0.00
0.20
0.00
0.00
0.00
0.20
0.00
1.60
0.00
0.00
0.00
0.00
0.00
0.00
22.50
20.70
0.40
0.20
0.00
0.00
0.00
54.90
0.00
0.00
0.00
0.20
0.00
0.00
0.00
0.00
0.20
0.20
0.00
0.00
-99.00
-99.00
-99.00
-99.00
-99.00
-99.00
-99.00
-99.00
-99.00
-99.00
-99.00
-99.00
-99.00
0.00
0.00
0.00
0.00
0.20
0.00
0.20
0.00
0.00
0.00
0.00
0.00
0.00
0.00
0.00
0.00
0.00
0.00
0.20
0.00
0.00
0.00
0.00
14.50
0.20
1.20
0.20
0.00
0.00
0.20
0.00
0.20
13.90
0.20
0.20
0.00
0.20
0.00
0.00
1.00
0.00
0.00
0.00
0.20
0.20
0.20
0.00
0.20
0.00
0.00
0.20
0.00
0.20
0.00
0.20
0.00
0.20
0.00
0.00
0.20
0.00
0.20
0.20
0.00
0.00
0.00
0.20
0.00
0.00
0.00
1.00
0.20
0.00
0.00
0.00
0.00
0.00
0.00
0.40
3.00
0.00
0.00
0.20
0.00
0.40
0.40
0.00
8.40
0.80
0.00
0.00
2.20
0.20
0.00
0.20
0.00
37.50
6.00
0.00
0.20
0.00
0.00
0.20
0.00
9.30
0.20
0.00
0.20
0.00
0.20
0.00
0.00
0.00
0.00
6.40
0.00
0.00
0.00
0.00
0.00
0.00
0.00
0.00
0.00
0.00
0.20
9.30
0.00
0.00
0.00
0.00
0.20
0.00
0.60
0.00
-99.00
0.20
0.00
2.40
2.00
11.80
30.20
0.00
-99.00
0.00
0.00
0.00
-99.00
-99.00
-99.00
17.50
19.20
3.20
0.00
0.00
0.00
0.00
0.00
0.20
0.20
0.00
0.20
0.00
0.00
0.00
0.40
0.00
0.60
0.20
17.10
0.20
1.20
0.40
0.20
0.20
0.00
0.00
0.20
0.00
0.00
0.20
0.00
12.10
2.80
0.00
0.20
0.00
0.00
0.20
0.00
0.00
0.00
0.00
0.00
14.70
7.70
0.20
0.00
0.00
0.00
2.60
0.20
0.00
22.90
0.00
0.20
0.00
0.00
0.00
0.00
0.00
0.00
0.00
0.00
0.20
0.00
0.00
0.60
0.20
0.00
0.00
0.00
0.00
0.00
0.00
0.00
0.00
0.00
0.00
0.00
0.60
0.00
0.00
0.00
0.00
0.00
0.00
0.00
2.60
0.00
0.40
0.00
0.00
0.00
0.00
0.00
0.00
0.00
0.00
0.00
0.00
0.00
0.00
0.00
0.00
0.00
0.00
0.00
4.60
0.00
0.00
0.20
0.00
0.00
0.00
0.00
5.70
0.20
33.70
0.00
0.00
0.20
8.90
2.60
0.00
0.20
0.00
0.00
0.00
5.20
0.00
22.40
3.80
0.60
0.20
0.00
0.00
0.20
0.00
0.60
3.60
0.20
0.00
0.00
0.00
0.00
0.00
0.00
0.00
0.00
0.00
0.00
0.00
0.00
0.00
0.00
0.00
0.00
0.00
2.20
0.00
0.00
0.00
5.40
0.00
0.00
0.00
2.20
0.00
0.00
0.00
0.00
0.20
0.00
5.30
8.50
0.60
0.00
1.00
5.20
0.20
21.90
0.80
0.00
0.00
0.00
0.20
0.80
5.70
0.20
1.00
0.00
0.00
0.00
0.00
0.00
0.00
4.00
1.40
0.00
0.00
0.00
0.40
0.00
0.00
0.00
0.00
0.00
0.00
0.20
0.00
0.00
0.00
0.20
0.00
0.00
0.00
0.00
0.00
0.00
0.00
0.00
1.60
0.20
14.90
0.40
0.00
0.20
0.60
0.00
0.00
0.00
0.00
0.20
0.00
0.00
0.00
0.20
0.00
0.00
0.00
0.20
0.20
0.00
0.00
0.00
0.00
3.40
0.60
0.20
0.00
0.00
0.40
4.20
17.50
0.20
0.00
0.20
0.20
0.20
0.00
0.20
0.00
0.20
0.20
0.20
36.40
0.60
0.00
0.00
0.00
0.00
0.00
0.00
0.80
2.60
0.00
0.00
0.20
0.00
0.20
0.00
0.00
0.00
0.00
0.20
0.40
0.00
0.20
0.00
0.00
0.20
0.00
0.00
0.00
0.20
0.00
18.10
9.00
0.20
0.20
0.00
0.20
0.00
0.20
0.00
0.20
0.00
0.20
0.20
0.20
0.20
1.00
7.40
2.60
0.20
0.00
0.20
0.00
0.80
0.00
0.00
0.20
0.40
0.00
0.20
0.00
3.80
0.00
0.00
0.00
0.00
19.00
0.00
0.00
0.00
0.20
0.00
0.20
0.00
0.20
0.40
4.20
0.00
0.00
32.40
0.80
0.00
0.00
1.60
0.00
0.20
0.00
17.90
6.40
0.00
0.00
0.00
0.00
0.20
0.00
0.20
0.00
0.00
0.20
4.60
0.60
0.20
7.70
0.00
0.00
12.30
4.20
0.00
0.60
9.00
0.80
3.40
0.20
0.00
0.20
0.00
5.60
0.20
11.00
0.00
0.00
0.00
0.00
0.20
0.20
0.00
0.00
24.40
26.10
4.00
15.10
0.00
0.00
0.00
0.20
1.00
1.80
0.20
0.40
0.00
6.20
0.20
1.00
18.10
4.20
3.00
0.20
0.00
0.00
0.00
19.20
0.00
2.60
15.00
16.70
0.80
2.20
0.00
0.00
1.20
0.00
0.00
32.80
0.00
0.00
0.40
71.10
0.00
0.00
0.00
0.00
0.00
0.00
0.00
0.00
2.20
4.60
0.00
0.00
0.00
0.20
0.00
0.00
0.00
0.00
0.20
0.00
0.00
0.00
0.00
0.60
18.00
4.00
0.20
0.00
0.00
0.00
0.00
0.00
0.00
0.00
0.00
0.00
0.00
0.00
0.00
0.00
0.00
0.00
0.00
0.00
0.00
0.00
0.00
0.00
0.80
0.00
0.20
0.00
0.00
0.00
0.00
0.00
0.00
5.10
0.00
0.00
0.00
0.00
0.00
0.00
0.00
9.70
0.40
0.00
0.00
0.00
0.00
0.00
0.00
0.00
0.00
1.80
0.20
0.00
0.00
0.00
1.20
0.00
0.00
0.00
0.00
0.40
2.80
4.20
0.00
0.00
0.00
0.00
1.00
1.00
0.00
0.00
0.00
3.80
0.00
0.00
0.20
0.00
0.00
0.00
0.00
0.00
0.00
6.00
0.00
0.00
0.00
0.80
4.20
0.00
0.00
0.00
0.20
0.40
0.00
0.00
6.60
0.00
8.00
0.00
0.00
0.00
0.20
0.80
0.60
0.20
0.00
0.00
18.80
3.40
0.00
9.00
6.40
42.30
0.00
0.00
0.00
0.40
0.20
0.00
0.00
0.00
0.00
4.60
0.20
0.20
0.00
0.20
0.00
0.20
0.00
0.00
0.20
0.00
0.00
0.40
0.40
0.00
0.60
0.00
1.20
0.00
0.00
0.00
0.00
0.00
0.00
0.00
0.00
0.00
7.80
5.60
0.20
0.00
2.80
6.00
0.40
5.40
0.20
0.00
0.20
0.20
0.20
0.20
0.00
0.20
0.20
38.20
8.80
9.60
5.80
0.20
0.00
0.00
0.00
0.00
0.20
0.00
5.00
1.80
0.00
3.20
14.40
0.00
0.20
0.20
0.00
0.20
0.20
0.00
0.20
0.60
0.00
0.00
0.60
0.60
0.80
2.40
2.60
0.20
0.20
0.00
0.20
32.10
7.20
4.00
16.40
0.00
0.00
0.00
5.10
0.20
0.00
4.80
0.00
0.20
0.00
0.20
0.00
0.00
0.00
0.20
0.00
0.00
0.00
0.20
0.00
0.20
0.00
0.00
0.00
0.00
0.00
0.00
0.00
0.00
0.10
0.00
0.00
0.20
0.00
0.00
0.00
0.00
0.00
0.20
0.00
0.00
0.00
0.20
0.00
0.00
0.00
0.20
0.00
0.00
0.00
0.00
0.00
11.60
8.40
2.20
27.20
4.00
5.60
0.20
0.00
0.00
0.00
24.60
0.00
0.00
1.80
3.20
8.20
0.00
0.20
0.00
2.20
10.90
0.20
0.20
3.20
0.00
0.00
0.00
0.00
0.60
15.40
0.20
0.00
0.00
7.80
2.40
0.00
0.00
0.00
0.00
0.00
0.00
0.00
0.00
0.40
0.00
0.00
0.00
28.10
0.00
0.00
0.00
0.00
0.00
0.00
0.00
0.00
0.20
0.00
0.20
7.90
0.00
0.00
0.00
0.00
2.80
0.20
0.00
0.00
0.00
10.50
0.20
0.00
0.00
0.00
0.00
0.00
0.00
0.00
0.00
0.00
0.00
0.00
0.00
12.70
0.20
0.00
0.00
0.00
0.00
0.00
0.00
0.00
0.00
0.00
5.00
0.40
0.00
0.00
0.00
0.60
2.80
3.20
0.20
0.00
0.00
0.00
0.00
0.00
0.00
0.20
0.00
0.00
0.00
0.00
0.00
0.00
0.00
0.00
0.00
0.00
0.00
0.00
0.00
0.00
0.00
0.00
0.00
2.00
0.20
0.00
0.00
0.00
7.70
0.00
0.40
0.20
0.00
0.00
0.00
0.00
0.00
0.00
0.00
0.00
0.00
0.00
0.00
0.00
0.00
0.00
0.00
0.00
0.00
0.00
0.00
0.00
0.00
0.00
0.00
0.00
0.80
0.00
0.00
0.00
0.00
0.00
0.00
0.00
0.00
0.60
10.60
1.00
0.00
5.00
0.60
0.00
16.10
0.00
0.00
0.00
0.00
0.00
0.00
0.00
0.40
0.00
0.40
0.00
0.00
0.00
0.00
0.20
0.00
0.00
0.00
0.00
0.20
0.00
0.00
0.00
0.00
0.00
0.00
0.00
0.00
0.00
14.20
27.40
12.00
0.20
0.00
0.00
0.00
0.20
0.20
0.20
0.00
0.20
0.00
0.40
0.00
1.60
5.90
0.00
4.00
0.20
0.00
0.20
0.00
0.00
0.00
0.00
0.00
0.20
0.00
0.00
0.00
0.20
0.00
0.20
0.00
0.00
0.20
0.00
0.00
0.00
4.40
0.60
0.00
0.20
0.00
0.00
0.00
0.20
0.00
0.00
0.00
0.20
0.00
0.20
0.00
0.00
0.00
0.00
0.00
0.00
0.00
0.00
0.40
11.30
4.40
3.20
0.00
1.00
0.20
0.00
0.00
0.00
0.00
0.00
0.00
0.00
3.60
7.00
0.00
19.40
0.00
0.20
0.20
0.00
1.40
0.20
5.40
0.00
1.60
0.00
0.00
0.00
2.60
0.20
0.20
0.00
4.20
0.00
0.00
0.00
0.20
0.00
0.00
0.40
0.60
0.00
0.20
11.40
0.00
0.20
0.20
39.40
16.60
0.00
0.00
0.00
0.00
0.00
5.40
5.80
0.20
12.70
13.80
0.00
0.20
0.00
0.00
0.00
0.00
0.00
0.00
0.00
0.20
1.80
21.20
0.40
3.40
0.00
2.20
30.80
9.60
0.00
0.00
0.00
0.20
0.00
0.20
0.00
0.20
0.00
0.00
0.00
10.10
8.20
0.20
0.20
0.80
0.00
0.20
0.00
0.00
0.00
0.00
2.20
0.00
0.00
21.70
0.00
0.00
0.60
0.00
0.00
0.00
0.00
12.80
0.20
0.00
0.60
0.20
0.00
0.00
0.00
0.00
0.00
0.00
2.00
0.20
0.00
0.20
0.20
0.00
0.00
0.00
4.80
7.40
36.60
29.60
9.00
3.40
0.80
2.20
3.20
0.00
0.00
33.80
16.00
2.60
0.20
0.00
0.00
0.20
0.00
0.00
0.00
0.00
0.00
0.00
0.00
0.00
0.40
0.40
0.00
0.00
0.00
0.00
0.00
0.00
0.20
0.00
1.40
0.00
0.00
0.40
0.20
5.20
0.00
0.00
1.00
0.80
0.00
0.00
13.00
10.20
1.80
0.20
0.00
0.00
0.00
0.00
0.00
0.00
0.00
0.00
0.00
0.00
0.00
0.00
0.60
0.00
0.00
0.00
0.00
0.00
0.00
0.00
0.00
0.00
0.00
0.00
0.00
0.00
0.00
0.00
0.00
0.00
0.00
0.00
0.00
0.00
0.00
0.00
0.80
1.00
6.30
0.00
0.00
13.10
0.00
0.00
2.80
0.40
0.00
0.00
24.20
0.20
0.00
5.40
0.00
1.20
3.60
0.00
0.00
0.00
5.60
0.00
0.00
0.00
0.00
0.00
0.00
0.00
0.00
0.00
0.00
0.00
0.00
0.00
0.60
0.00
0.00
0.00
0.40
2.60
0.20
0.00
0.00
0.00
1.20
0.00
0.00
0.20
8.70
44.90
0.60
0.00
0.00
7.40
0.00
0.20
37.00
0.20
0.00
0.00
0.00
0.00
0.00
0.00
0.00
0.20
1.60
0.00
0.00
0.00
1.00
0.60
20.60
32.20
24.60
4.00
0.00
0.00
0.00
0.00
0.20
0.00
0.20
0.00
0.00
0.00
0.00
0.00
0.00
0.00
0.00
0.20
0.00
2.80
0.20
0.00
0.20
0.00
0.20
0.00
5.60
0.00
0.00
0.40
0.20
0.00
0.00
0.00
5.00
0.00
1.20
0.00
0.20
0.00
0.00
0.20
0.00
0.20
0.00
0.00
1.20
0.00
0.80
11.80
0.20
0.20
0.00
0.20
0.00
0.00
0.00
0.00
0.00
0.00
0.00
0.20
0.00
0.00
0.00
0.00
0.00
0.00
0.00
0.00
1.40
9.40
13.60
3.80
0.20
0.00
0.20
0.00
0.00
1.00
0.60
0.00
0.20
0.00
0.00
0.00
0.00
0.00
0.00
0.20
0.00
0.00
0.20
0.00
0.20
0.20
0.00
0.00
0.20
0.00
0.00
0.20
-99.00
0.00
0.00
0.00
0.00
1.20
25.50
11.20
5.40
0.80
0.20
0.00
0.00
0.00
0.10
0.00
0.10
0.00
0.20
0.00
0.00
0.00
0.10
0.90
0.00
0.00
5.20
0.00
0.00
2.80
0.10
0.00
0.00
0.00
0.00
0.00
0.00
0.00
0.00
2.80
8.20
7.30
0.20
0.10
0.00
0.80
0.00
0.00
0.00
73.40
0.20
22.50
23.10
6.40
0.50
0.00
0.00
0.00
0.00
1.70
0.10
0.00
0.00
0.00
2.50
0.10
5.50
0.10
0.10
0.00
0.00
0.00
0.00
0.00
0.00
0.00
0.00
0.00
0.00
0.00
0.00
0.00
0.00
0.00
0.00
0.00
0.00
0.00
0.00
0.00
3.90
10.00
4.10
0.20
0.30
1.20
18.60
0.00
0.10
0.00
1.00
1.10
0.00
0.00
0.00
1.00
0.10
0.00
0.00
0.00
0.50
0.00
20.50
0.00
0.00
0.00
0.00
0.00
0.00
0.00
0.00
0.00
0.00
0.00
0.00
0.00
0.00
0.00
1.40
7.60
0.10
2.10
0.30
23.10
0.80
0.00
0.10
2.60
0.00
14.90
0.90
0.00
1.90
0.00
0.00
0.00
0.00
0.00
0.00
0.00
0.00
0.20
0.00
0.00
0.00
0.00
0.00
0.00
0.00
0.00
0.00
0.00
0.00
0.00
0.00
0.00
0.00
0.00
0.00
0.00
0.00
1.90
4.10
0.50
0.00
0.00
2.20
0.00
9.40
0.00
0.10
0.00
0.00
0.00
0.20
86.00
4.10
2.10
5.40
0.30
0.00
0.00
0.00
0.00
0.00
0.00
0.00
0.00
0.00
0.00
0.00
0.00
0.00
0.90
0.00
0.00
0.00
0.00
0.00
0.00
0.00
0.00
0.00
0.00
0.00
0.00
8.40
0.00
0.00
0.00
0.00
0.00
0.00
0.00
0.00
2.00
0.50
0.00
0.00
0.00
0.00
0.00
0.00
0.00
0.00
0.00
0.00
0.00
0.00
7.50
0.00
0.00
0.00
0.00
0.00
1.00
0.00
0.00
0.00
0.00
0.00
0.00
0.00
0.00
0.00
0.00
0.00
0.00
0.00
0.00
0.00
0.00
0.00
0.00
0.00
0.00
0.00
0.00
0.00
0.00
6.80
0.10
0.00
0.00
0.30
31.90
0.10
0.00
37.90
39.40
0.80
0.10
0.00
0.00
7.30
6.90
43.90
16.40
40.90
0.00
0.00
0.00
0.00
0.00
0.10
9.80
0.70
61.20
10.80
0.10
0.00
7.70
35.00
47.40
8.40
0.00
0.20
0.00
0.10
0.10
0.00
0.00
0.10
0.00
0.00
0.00
0.10
0.00
0.00
0.10
0.00
0.10
0.00
0.10
0.00
0.00
0.00
0.10
0.00
0.00
0.10
0.00
0.00
0.00
0.10
0.10
0.00
0.10
0.20
0.00
0.10
0.00
0.10
0.00
0.00
0.20
0.10
0.10
0.00
0.00
0.10
0.00
0.10
0.10
0.00
0.10
0.10
0.00
0.10
3.80
5.70
0.20
0.10
0.00
0.10
0.00
0.10
0.00
0.10
0.00
0.00
9.70
0.00
0.10
0.00
0.40
0.70
0.00
0.00
0.00
0.00
0.00
0.00
0.00
0.00
0.00
0.00
0.00
0.00
0.00
0.00
0.00
0.00
0.00
0.10
0.00
0.00
0.00
0.00
0.00
0.00
0.00
0.00
0.00
0.00
0.00
0.50
0.10
0.00
0.00
0.00
0.00
0.00
0.00
0.00
0.00
0.00
0.00
0.00
0.10
0.00
0.00
0.00
2.20
5.70
19.20
0.00
0.00
0.00
0.00
0.00
0.00
0.00
0.00
0.00
0.00
0.00
11.70
10.70
1.10
0.00
0.00
0.00
0.00
1.00
0.00
10.00
2.30
11.00
1.40
0.00
0.00
2.20
3.00
0.30
3.20
0.00
0.00
0.00
0.00
0.00
0.00
3.90
0.00
1.40
0.00
0.00
0.00
1.40
0.00
9.10
0.10
0.00
0.00
0.00
0.00
0.00
4.00
0.20
0.10
0.00
0.00
0.20
0.00
25.90
7.30
1.30
0.00
0.00
0.00
0.00
0.00
3.90
0.00
0.80
0.10
0.00
0.00
6.60
4.40
0.00
0.00
0.00
0.00
0.00
0.20
0.00
5.30
0.00
0.00
0.00
0.00
0.00
0.00
0.00
0.00
0.00
0.00
0.00
0.00
0.00
0.00
0.00
0.00
0.00
0.00
3.30
0.00
0.00
0.40
11.50
0.10
0.00
0.00
0.00
0.00
0.00
0.00
0.00
0.00
0.00
0.00
0.00
0.00
0.00
0.00
0.00
0.00
0.00
0.00
0.00
0.00
0.40
0.00
0.00
0.00
0.00
0.00
0.00
0.00
0.00
0.00
2.30
0.00
0.00
0.00
0.00
0.00
0.00
0.00
0.00
0.00
0.00
0.00
0.00
0.00
0.00
0.00
0.00
0.00
0.00
1.70
0.00
0.00
4.00
0.00
6.70
0.10
0.00
0.00
0.00
0.00
0.00
0.00
0.00
0.00
1.80
0.00
0.00
11.20
0.10
0.00
0.00
0.00
0.00
13.80
5.10
0.00
0.00
0.00
0.00
0.00
0.00
0.00
0.00
0.30
45.70
0.60
0.00
0.00
0.00
0.00
0.10
0.00
0.00
0.00
0.00
1.30
2.90
1.50
0.00
3.40
0.00
0.10
0.00
1.20
2.00
4.90
39.00
1.20
0.10
0.00
12.70
9.60
3.70
0.00
0.00
23.20
52.60
0.10
0.00
0.00
0.00
0.00
6.90
0.10
0.20
0.40
0.00
0.00
0.00
0.00
0.00
0.00
0.00
1.60
4.10
0.00
0.10
0.10
0.00
0.00
0.00
0.00
8.20
9.60
1.20
0.00
0.30
0.00
0.10
0.10
0.00
0.10
0.00
0.10
0.10
0.10
0.00
0.10
0.10
0.00
0.00
0.00
0.00
0.00
0.00
0.00
0.00
0.00
0.00
0.20
0.20
0.00
0.10
0.10
0.00
0.10
0.10
0.00
1.50
0.10
0.00
0.00
0.10
0.10
0.00
0.30
0.20
0.00
0.10
2.00
1.70
0.10
0.10
0.00
0.00
0.10
3.00
0.10
1.40
0.10
0.00
0.00
0.10
0.00
1.80
0.70
0.00
0.00
0.00
0.10
4.00
0.00
0.00
0.00
2.80
0.00
0.00
0.00
0.00
0.00
0.00
0.00
0.00
0.00
0.00
0.00
0.10
0.00
0.00
0.90
5.70
0.10
0.00
0.00
0.00
2.10
15.30
15.30
0.00
0.00
3.30
44.10
11.20
0.00
0.00
0.00
0.00
0.00
9.00
0.20
0.20
0.00
0.00
0.90
0.80
0.00
4.20
0.10
0.00
0.00
0.00
0.10
5.20
0.20
4.20
0.00
11.10
0.10
13.00
7.10
0.10
1.50
5.10
0.80
0.00
0.10
0.00
0.00
0.00
0.00
0.00
0.00
0.00
0.00
0.00
0.00
7.10
0.00
0.00
0.00
0.00
0.00
14.90
0.20
15.00
3.80
9.70
1.10
0.00
0.00
0.00
0.00
0.00
0.00
0.00
1.00
0.60
0.00
0.00
0.00
0.00
0.70
10.80
6.30
1.30
5.30
4.00
0.70
0.00
0.00
4.00
3.60
8.30
0.00
0.00
20.20
4.40
0.00
0.30
0.00
0.00
0.00
0.00
0.00
0.00
0.00
15.70
0.50
0.10
0.00
0.00
0.00
0.00
0.00
0.00
0.00
0.20
0.30
0.00
18.20
0.10
3.40
0.00
0.00
0.00
0.00
0.00
0.00
0.00
0.00
0.40
0.00
0.00
0.00
0.00
0.00
0.00
0.00
0.00
22.80
0.00
0.00
0.10
0.00
0.00
6.90
2.10
0.60
1.30
0.00
0.00
0.00
0.00
0.00
0.00
0.00
0.00
4.40
0.00
0.00
0.00
0.00
0.00
0.00
0.00
0.00
1.50
14.20
0.00
0.00
0.00
0.00
7.90
0.10
0.00
0.00
0.10
0.00
0.60
0.00
0.00
0.00
0.00
3.10
0.00
0.00
3.80
13.60
0.10
0.00
0.00
0.00
0.00
0.00
0.00
0.00
0.00
18.30
2.20
0.00
2.00
3.50
0.00
0.00
0.00
2.50
0.00
0.00
0.00
0.00
0.00
0.00
0.00
0.00
0.00
0.00
0.00
0.10
0.00
0.00
0.00
0.00
0.00
0.40
15.20
3.60
1.20
0.00
0.00
0.00
1.10
1.30
0.10
0.00
0.00
0.00
0.00
0.00
0.00
0.00
0.00
0.00
0.00
0.00
0.00
0.00
0.00
0.20
0.00
0.00
0.00
0.00
0.00
0.00
0.00
0.00
0.00
0.00
0.00
0.10
0.00
0.00
0.00
0.00
0.00
0.00
0.00
2.80
30.80
49.70
4.60
0.00
0.00
0.10
0.00
0.00
0.00
0.10
0.40
0.00
0.10
0.50
0.00
0.10
0.00
0.00
0.00
0.10
0.00
0.00
0.10
0.10
0.00
0.00
0.00
0.00
0.00
0.00
1.10
0.00
14.50
1.40
0.00
0.10
0.00
0.00
0.00
0.00
0.00
0.00
0.50
0.00
0.10
0.00
0.00
0.10
7.40
0.10
0.00
0.00
0.00
0.10
0.00
0.00
0.00
0.50
0.10
0.10
0.00
0.00
9.10
1.20
0.00
0.10
4.20
0.00
0.10
0.00
0.00
1.80
0.10
0.40
4.20
0.00
10.60
0.10
0.10
0.00
0.00
0.00
0.30
0.00
6.60
5.50
0.00
0.20
0.00
0.00
0.00
4.80
0.10
0.00
0.00
0.00
0.60
0.10
0.00
0.00
0.00
0.60
0.10
0.00
0.10
0.00
3.80
0.00
1.40
0.00
0.00
0.00
0.00
0.00
0.00
0.00
0.00
0.00
0.00
0.00
0.00
0.00
0.00
0.00
0.00
1.80
0.10
0.10
5.60
0.00
0.30
0.00
0.00
3.70
0.00
0.10
0.20
33.00
1.20
0.00
0.00
0.00
0.00
0.00
0.00
0.10
0.00
0.00
0.00
0.00
0.00
0.00
0.00
0.10
3.00
1.10
4.60
0.20
0.00
6.80
3.90
1.00
0.30
0.00
0.00
2.30
1.30
0.00
0.00
0.00
0.00
0.00
0.00
0.00
0.00
0.40
0.20
6.10
0.10
0.00
0.00
0.00
0.00
0.00
7.40
0.80
0.10
0.00
0.00
0.00
58.20
11.30
2.30
1.30
2.30
0.00
0.00
0.00
0.00
0.00
0.00
0.00
0.00
0.00
0.00
0.00
0.00
0.00
2.20
7.30
0.70
0.20
6.70
31.10
0.00
0.00
0.00
0.00
0.00
0.00
0.00
1.40
0.10
0.00
7.70
0.00
0.20
0.00
0.00
0.00
0.00
0.00
16.90
0.10
9.90
0.00
0.00
6.70
0.00
0.00
0.00
0.00
0.00
0.60
0.00
10.70
0.10
0.00
0.00
0.00
3.30
0.00
0.00
30.00
13.80
0.00
0.00
2.70
9.10
0.00
0.10
0.00
0.80
0.20
3.60
0.20
0.00
0.00
0.00
0.00
0.10
1.30
0.00
0.00
0.00
0.00
0.00
6.50
44.80
0.50
0.00
0.00
0.00
0.00
0.00
1.10
2.70
0.00
0.00
0.00
0.00
0.10
4.40
0.40
0.10
0.00
1.10
0.00
0.10
0.00
0.00
25.10
0.10
38.00
25.70
0.10
0.00
0.00
0.00
0.40
0.10
1.10
0.00
0.00
0.00
148.60
6.10
0.40
0.00
0.00
0.00
0.50
10.10
0.00
0.00
0.00
0.00
0.10
0.10
0.10
0.00
0.00
0.00
0.00
0.00
0.00
0.00
0.10
0.00
0.00
0.00
0.00
0.00
0.00
0.00
0.00
0.00
0.00
0.00
0.00
0.00
8.60
6.90
0.00
0.10
0.00
0.00
1.90
0.00
1.90
0.10
0.00
0.10
0.10
0.00
0.00
0.00
0.00
0.00
0.00
0.00
0.00
3.60
0.10
4.80
4.20
0.70
58.70
77.60
2.30
0.00
0.30
6.30
0.20
0.00
0.20
0.20
0.00
0.00
0.00
0.10
0.00
7.20
30.30
0.10
0.40
0.00
0.10
0.00
0.00
0.10
0.10
0.00
0.10
0.10
0.00
0.10
0.00
0.00
0.00
0.10
0.00
0.00
0.00
0.10
0.00
0.00
0.10
0.00
0.00
0.00
0.10
0.00
0.00
0.00
0.10
0.30
0.10
14.00
0.00
0.00
0.00
0.10
0.10
0.00
0.00
0.00
0.00
0.00
0.00
0.50
0.20
0.00
5.20
0.10
8.30
0.00
0.30
0.10
0.00
0.00
0.10
0.00
0.00
0.00
0.10
0.00
0.00
0.00
0.00
0.00
1.10
0.00
13.80
0.10
0.00
0.90
0.40
0.10
0.00
0.00
0.00
6.60
0.00
0.00
0.00
0.00
0.00
0.00
0.00
0.00
4.20
12.00
0.10
9.00
1.20
0.00
0.00
0.00
22.70
0.10
1.40
13.40
3.30
0.00
0.00
0.00
0.00
0.00
0.00
0.00
0.00
0.00
0.00
0.00
0.00
0.00
0.00
0.00
0.00
0.00
0.00
0.00
0.00
0.00
1.60
0.50
0.00
10.20
0.80
0.00
0.10
0.00
0.00
0.00
1.70
0.30
0.00
3.00
0.00
0.00
0.00
0.00
0.00
0.00
0.00
0.00
0.00
0.00
0.00
0.00
0.00
0.00
0.00
0.00
0.00
0.00
0.00
14.00
13.20
0.10
0.00
0.00
0.00
0.00
0.00
0.00
0.00
0.00
0.00
0.00
1.80
0.00
0.00
0.00
0.00
0.00
0.00
44.00
0.00
0.00
0.00
0.00
0.00
7.40
9.20
4.60
0.00
0.00
0.00
0.00
0.00
3.10
1.90
0.00
0.00
0.00
0.00
0.00
0.00
0.00
0.00
0.00
0.00
0.00
0.00
0.00
0.00
0.00
0.00
0.00
0.00
0.00
0.00
0.00
0.00
0.00
0.00
0.00
0.00
0.30
0.00
4.20
0.00
0.50
0.00
0.00
0.00
0.00
0.00
0.00
2.10
16.10
0.00
0.00
0.00
0.00
0.00
0.00
7.70
3.10
0.10
0.00
0.00
8.80
54.60
12.90
0.00
0.00
9.50
0.00
0.00
0.00
0.00
0.00
0.00
0.00
0.00
0.00
0.00
0.00
0.00
0.00
5.00
1.00
13.60
4.30
0.00
0.00
0.00
0.00
0.00
3.60
0.00
0.10
0.00
0.00
0.00
0.00
0.00
0.00
0.00
0.00
0.00
0.00
0.70
0.00
0.00
0.00
0.00
0.00
19.10
32.90
1.80
12.00
9.10
0.00
0.00
0.00
0.00
0.00
0.00
0.00
0.00
0.00
7.80
0.80
0.00
0.00
0.00
0.00
0.00
0.00
0.00
0.00
0.00
0.00
0.00
2.70
0.80
0.00
0.00
0.00
0.00
0.00
24.70
10.20
0.00
0.00
0.00
0.00
0.30
0.10
0.00
0.00
0.00
0.00
0.10
0.00
0.00
0.00
0.00
0.10
0.00
2.30
0.00
0.10
0.00
0.00
0.00
0.00
0.00
0.00
0.00
0.00
0.10
0.00
0.00
0.00
0.00
0.00
0.00
0.20
0.00
0.10
0.00
0.00
0.20
0.00
0.00
0.00
0.00
0.10
0.00
0.00
0.10
0.00
0.00
0.00
0.20
0.20
0.10
0.00
0.00
0.10
0.00
0.00
0.00
0.80
4.00
0.10
0.00
0.00
0.00
0.00
0.00
0.00
0.00
0.00
0.00
0.00
0.00
0.00
0.00
0.00
0.00
0.00
0.00
0.00
0.00
0.00
0.00
0.00
0.00
0.00
0.00
0.00
0.10
0.00
0.00
0.00
0.00
5.30
0.10
0.00
0.00
0.10
0.00
1.00
2.20
0.10
0.00
0.00
0.00
0.00
0.00
0.00
0.00
0.00
0.00
0.00
0.00
13.90
6.90
0.00
0.00
0.10
0.10
0.00
0.40
0.00
7.10
0.00
0.00
0.10
0.00
0.00
0.00
0.00
0.00
7.10
4.70
0.10
0.00
1.50
0.00
0.00
0.00
0.00
0.00
0.00
0.00
0.00
0.00
0.00
0.00
4.00
0.00
0.00
0.40
32.10
0.00
0.00
6.30
0.00
0.00
0.00
0.00
0.00
0.00
0.00
0.00
0.00
0.00
0.00
1.00
29.00
7.70
7.70
0.00
0.00
0.00
1.50
2.50
0.00
3.60
0.10
0.00
0.00
0.00
0.00
0.00
0.10
9.70
14.90
6.70
0.10
8.10
16.00
0.10
0.10
0.00
0.00
13.10
0.10
0.00
0.00
20.90
0.00
0.00
0.00
0.00
0.00
0.80
0.10
8.90
0.60
2.90
0.00
0.00
7.70
0.00
0.00
0.00
0.00
0.00
0.00
0.60
0.00
0.00
0.00
0.00
0.00
0.10
16.90
0.00
0.00
0.00
0.00
0.00
0.00
0.00
0.00
0.00
0.00
0.00
0.00
0.00
0.00
0.00
0.00
0.00
0.00
0.00
0.90
0.00
0.00
0.00
0.00
0.00
2.30
0.00
0.00
0.00
0.00
0.00
0.00
0.00
2.60
0.10
0.00
0.00
0.00
0.00
0.00
0.00
0.00
0.00
0.00
0.00
0.00
0.00
0.00
0.00
0.00
0.00
4.40
0.10
0.00
0.00
0.00
0.00
0.00
0.10
1.60
0.00
0.00
0.00
0.00
0.00
0.00
0.00
0.00
0.00
0.00
0.00
1.40
1.90
0.00
0.00
0.00
0.00
0.00
0.00
0.00
0.00
0.00
0.00
1.70
0.00
0.00
0.50
4.70
0.10
0.00
16.60
0.10
0.00
4.00
0.00
0.00
0.00
0.00
11.60
0.10
0.00
0.00
0.00
0.00
5.60
0.20
0.00
0.00
0.00
5.70
0.00
0.00
0.00
0.00
0.00
58.40
25.00
5.50
0.00
0.00
0.10
0.00
0.00
0.00
0.00
5.00
0.00
0.40
1.10
0.10
0.00
0.00
0.00
0.10
0.00
0.00
0.00
0.00
0.00
2.90
0.30
0.00
0.00
0.00
0.00
0.00
0.00
0.00
0.00
0.00
0.00
0.00
0.00
0.00
0.20
16.80
3.70
15.60
0.10
0.10
0.60
0.10
0.10
2.30
0.10
0.10
0.00
0.10
7.00
0.10
0.00
0.00
0.10
0.00
0.20
0.10
0.00
0.10
0.00
0.00
10.20
0.50
0.10
5.40
0.00
0.10
0.00
0.00
0.00
0.00
0.10
0.00
0.00
0.10
0.00
0.00
0.10
0.10
0.00
0.00
0.10
0.00
0.20
0.00
0.10
0.00
0.00
0.00
1.40
0.10
0.00
0.10
0.00
0.00
0.10
26.10
8.80
18.10
2.70
0.00
0.20
1.90
21.50
7.40
0.00
0.00
0.10
0.10
0.00
0.00
0.00
0.00
0.00
3.80
5.50
0.20
0.00
2.40
0.80
19.10
0.50
4.40
0.10
0.20
0.00
0.00
0.00
0.00
0.00
0.00
6.00
0.00
0.00
0.10
0.00
0.00
0.00
5.60
6.50
0.00
0.00
0.00
0.00
0.00
0.00
0.00
0.00
0.00
0.00
0.00
0.00
0.00
0.00
0.00
0.00
0.00
0.40
0.10
23.30
14.20
0.00
0.00
0.00
0.00
0.00
0.00
3.20
0.80
0.00
0.00
0.00
0.00
0.00
0.00
0.00
0.00
0.00
0.00
0.00
0.00
3.80
0.10
0.00
0.00
0.00
0.00
0.00
0.00
0.00
0.00
0.00
7.90
6.70
0.00
0.00
1.10
0.00
4.10
0.90
0.00
0.10
0.10
0.00
0.00
0.00
0.00
4.20
0.00
0.00
0.00
0.00
0.00
0.00
1.90
0.10
0.00
0.00
0.10
0.00
0.00
0.00
0.00
0.00
0.00
0.00
0.00
0.00
0.00
1.70
0.30
0.70
0.00
0.00
0.00
0.00
0.00
0.00
0.00
0.00
0.00
0.00
0.00
0.00
0.00
0.00
0.00
0.00
0.00
0.00
0.00
0.00
0.60
0.00
0.00
3.80
0.00
12.60
0.10
0.00
0.00
0.00
0.00
0.00
0.00
0.20
0.70
0.00
0.00
0.00
0.00
0.00
0.00
0.00
0.00
0.00
0.00
0.00
1.50
0.00
1.90
0.10
8.30
1.00
0.00
0.00
0.00
0.00
0.00
0.00
0.00
0.00
0.00
0.00
0.20
0.00
2.60
2.30
1.80
0.00
0.00
0.00
0.00
0.00
0.00
0.00
0.00
5.30
0.00
0.00
0.00
0.10
0.00
0.00
0.00
0.00
0.00
0.00
0.00
9.40
0.10
0.90
0.00
0.10
0.00
20.00
0.30
0.00
20.90
0.00
0.00
0.10
0.00
0.10
14.30
0.00
0.00
4.30
0.00
0.00
0.00
0.20
0.00
0.10
2.60
0.10
0.00
0.00
0.00
3.40
0.70
0.40
0.00
0.00
0.00
0.00
0.00
0.00
0.00
0.00
0.00
0.00
0.00
0.10
0.00
0.00
0.00
12.10
34.50
0.00
0.00
0.00
0.00
0.00
0.00
0.10
0.10
0.00
0.00
0.00
0.00
0.00
0.00
0.00
2.70
0.70
0.00
0.00
0.00
0.10
0.00
0.00
0.00
0.00
0.00
0.00
0.00
0.00
0.00
0.00
0.00
0.00
0.00
0.10
0.00
0.20
0.00
0.00
0.00
3.10
0.00
4.70
0.20
0.00
0.10
0.00
0.00
0.10
0.00
0.00
0.00
0.20
0.10
0.00
0.00
0.50
0.20
0.10
2.50
0.00
0.00
0.00
0.00
0.00
0.00
0.00
0.10
0.00
0.00
0.00
0.10
0.00
0.00
0.00
0.00
0.00
0.00
0.50
19.10
0.20
0.10
0.00
0.70
0.00
4.20
1.20
0.00
0.00
0.00
0.00
0.00
0.00
0.00
0.00
0.00
0.00
0.10
9.60
0.00
0.00
0.00
0.00
0.20
9.30
0.00
0.10
12.00
39.90
3.60
0.00
0.60
0.00
0.00
0.00
6.80
0.00
0.20
0.00
0.00
6.80
0.00
0.00
0.20
0.60
0.00
0.00
0.00
0.00
5.80
0.00
9.60
5.30
0.20
0.00
12.20
9.60
0.00
0.00
0.00
0.10
0.40
0.00
0.30
0.00
0.00
0.00
1.30
0.00
4.20
4.40
0.20
0.10
0.00
0.00
24.60
0.70
0.20
0.00
0.00
0.00
0.00
0.00
0.10
0.00
0.00
0.00
0.00
0.10
0.00
23.00
1.30
14.10
34.90
2.10
7.70
7.50
0.00
0.00
0.00
0.00
0.00
0.00
0.00
0.00
0.00
0.00
0.00
0.00
0.00
0.00
9.40
0.00
0.10
0.00
0.10
0.10
0.80
6.70
1.60
4.10
1.80
1.90
0.00
25.20
24.80
1.80
0.00
0.00
0.00
0.00
6.50
0.00
0.00
0.70
0.00
0.00
0.00
3.80
0.00
0.00
0.40
0.00
0.20
0.00
0.00
1.90
0.00
0.00
2.80
6.20
0.00
0.00
0.70
1.10
1.90
0.00
0.00
0.00
0.00
0.00
0.00
0.00
0.00
0.00
0.00
0.00
0.00
0.00
0.00
0.00
8.10
0.00
0.00
0.00
0.00
0.00
0.00
0.90
0.00
9.70
0.00
0.10
0.00
0.70
0.00
0.00
0.00
0.00
14.80
0.00
0.00
0.00
0.00
0.10
3.90
0.00
9.40
0.00
0.00
0.00
0.00
0.00
0.00
0.00
0.00
0.00
0.00
0.00
0.00
0.00
0.00
0.00
6.00
0.00
0.00
0.00
0.10
0.00
0.00
0.00
26.10
0.00
0.00
0.00
0.00
0.00
0.00
0.00
1.00
0.00
0.00
0.00
4.80
0.00
11.80
0.00
0.00
0.40
0.10
0.00
1.80
0.00
0.00
0.00
0.00
0.00
0.00
0.00
0.00
0.00
0.00
0.00
3.30
0.00
0.00
0.00
0.00
0.00
0.00
0.00
0.00
0.00
0.00
0.00
0.10
0.00
0.00
0.00
0.00
0.00
0.10
4.10
3.10
25.00
2.60
0.10
0.00
14.40
27.50
25.40
7.10
1.10
15.50
0.00
1.50
0.00
0.00
0.00
0.10
0.00
0.20
20.80
10.00
0.00
0.20
41.60
2.10
0.10
0.00
0.00
10.60
1.60
0.00
0.00
17.70
0.00
0.00
0.00
0.00
5.80
63.00
3.50
12.30
40.80
0.60
1.20
0.10
0.10
2.50
0.10
0.00
4.00
0.10
0.00
0.00
2.40
0.10
0.00
0.00
0.00
0.00
0.00
0.00
0.00
0.00
0.00
0.00
0.00
6.10
0.70
0.00
2.60
0.00
0.10
0.00
0.00
0.00
0.00
0.00
0.00
0.00
0.00
0.00
0.00
0.10
0.00
0.00
0.00
0.10
0.00
0.00
0.00
0.00
0.00
0.00
0.10
0.00
0.00
0.00
0.10
0.00
0.00
0.00
2.10
0.00
0.00
8.10
0.00
0.10
0.00
0.00
0.00
0.00
1.00
1.70
0.00
0.10
0.00
0.20
0.00
0.00
0.00
0.00
0.00
0.10
0.00
0.00
0.00
0.00
0.00
0.00
0.00
0.00
0.10
0.00
0.10
0.00
0.00
0.00
0.00
0.00
0.00
0.00
0.00
0.00
0.00
0.00
0.00
0.00
0.00
0.00
0.10
0.00
0.00
0.00
0.00
0.90
0.00
5.30
0.00
0.00
0.00
0.00
0.00
0.00
0.00
0.00
0.00
0.00
0.00
0.00
0.00
0.00
0.00
0.00
0.00
0.00
0.00
15.70
15.90
0.10
5.00
0.10
4.40
1.50
7.40
1.60
0.00
0.00
0.00
0.00
0.10
0.10
0.10
0.00
0.00
2.30
0.00
0.50
2.20
0.00
0.00
0.00
0.00
0.00
0.30
0.10
0.00
2.40
14.50
0.10
0.00
0.00
0.00
5.40
0.10
0.00
0.00
0.00
0.00
0.00
0.00
0.00
13.80
8.50
2.80
0.00
0.00
0.00
0.00
10.30
1.50
0.00
0.00
3.80
0.00
0.00
0.00
0.00
0.00
0.00
0.00
0.00
0.00
0.00
0.00
0.10
0.00
17.20
0.10
0.00
0.00
0.00
0.00
0.00
0.00
0.00
0.00
0.00
0.00
0.00
0.00
0.00
0.00
0.00
0.00
0.00
0.00
0.00
0.00
0.00
0.00
0.00
0.00
0.00
0.10
26.30
0.00
0.00
0.00
0.00
0.00
0.00
0.00
2.70
0.00
0.00
0.00
0.00
0.00
0.00
0.00
0.00
0.00
16.50
0.10
0.00
0.00
0.00
0.00
0.00
0.00
0.00
0.00
0.00
0.00
0.00
0.00
0.00
0.00
2.60
0.00
0.00
6.00
0.00
0.00
0.00
0.00
0.00
0.00
0.00
0.00
0.00
0.00
0.00
2.20
0.00
0.00
0.00
0.00
8.40
0.50
0.00
0.00
5.30
0.10
0.00
0.00
1.70
21.60
6.90
0.00
0.00
2.10
0.00
0.00
0.00
0.10
0.70
0.00
15.20
0.00
0.00
0.00
0.00
0.00
0.00
0.00
0.00
0.00
0.00
0.00
0.00
0.00
0.00
0.00
0.00
0.00
2.50
0.00
0.00
0.00
0.00
0.80
1.50
0.00
0.00
0.00
0.00
2.70
3.30
66.10
28.80
0.00
0.00
0.00
0.00
0.10
0.00
0.00
0.00
0.20
1.50
0.90
0.10
2.50
0.00
0.20
0.00
0.00
2.40
0.00
0.00
0.00
3.10
0.00
0.00
0.00
0.10
0.10
0.00
0.00
21.70
6.60
0.00
0.00
0.00
0.00
0.00
0.00
0.00
0.10
0.00
0.00
51.60
14.30
0.00
0.00
0.00
0.00
0.00
1.50
0.10
0.00
0.00
0.00
0.00
0.00
0.00
0.00
4.70
0.00
0.00
0.00
0.00
0.00
0.00
0.00
0.00
0.00
0.00
0.00
0.00
0.00
0.10
0.00
0.00
0.00
0.10
0.00
0.00
10.20
0.10
0.00
0.00
0.10
0.00
0.00
0.00
0.00
0.00
44.10
58.50
47.70
42.20
0.00
0.00
0.00
0.00
0.00
0.00
0.10
0.00
0.00
0.00
0.00
0.00
0.00
0.00
0.00
0.00
0.00
0.00
1.80
5.00
0.00
0.00
0.10
0.00
0.00
0.00
0.00
0.00
0.00
0.00
0.00
0.00
0.10
0.00
0.50
0.00
0.00
0.00
0.00
0.10
0.00
0.00
3.80
0.10
0.00
0.00
0.00
0.00
0.10
0.00
0.00
0.00
30.60
0.00
0.00
0.00
0.00
0.10
3.30
16.00
0.00
0.00
7.10
0.10
0.10
0.00
1.50
4.70
15.10
0.40
0.00
0.00
0.00
0.00
0.00
0.00
0.00
0.00
0.10
0.00
37.30
0.20
0.00
0.00
0.00
14.50
23.20
6.50
68.50
19.60
0.30
0.00
0.00
0.10
0.00
0.10
0.00
0.00
0.00
0.00
0.00
0.00
0.00
0.00
0.00
0.00
2.80
8.70
0.10
0.00
0.70
19.80
0.30
0.20
0.00
0.00
0.00
0.00
0.00
0.00
0.00
0.00
0.00
0.00
0.00
0.00
1.90
0.00
0.00
11.00
0.20
25.20
36.50
0.00
0.10
15.10
31.90
0.70
7.10
0.10
0.00
3.20
5.10
0.80
4.30
1.00
7.30
0.00
1.70
0.00
0.00
0.00
0.00
0.00
0.00
0.00
0.00
0.00
0.00
0.00
60.70
8.40
0.00
0.00
0.00
0.00
0.00
0.00
0.20
0.00
0.30
0.30
1.30
4.10
0.00
0.00
0.00
0.00
0.00
0.00
0.00
0.00
12.50
0.00
0.00
0.00
0.00
0.00
0.00
0.00
0.00
0.00
1.00
0.40
0.00
0.00
0.00
0.20
0.00
0.00
0.00
0.00
11.50
0.60
0.00
0.00
0.00
0.00
0.00
0.00
0.00
0.00
0.00
0.00
0.00
0.00
0.00
1.10
12.80
6.10
0.00
13.60
0.10
0.00
0.00
0.00
4.30
0.90
1.60
13.60
0.50
0.00
0.00
0.00
0.00
0.00
0.00
0.00
0.90
3.90
11.70
6.40
0.00
0.00
0.00
0.00
1.10
0.70
0.00
0.00
0.00
0.40
7.90
0.00
0.00
0.00
0.00
0.00
0.00
0.10
2.60
0.10
0.00
9.10
15.80
0.10
0.00
0.00
0.00
0.00
0.00
0.00
0.70
0.00
0.00
0.00
0.70
0.10
0.00
0.00
0.00
0.00
0.10
0.20
1.90
0.40
0.00
0.00
8.50
0.20
0.10
0.00
0.00
0.10
0.00
0.10
0.00
0.00
0.00
0.00
0.00
0.00
0.10
0.00
0.00
0.00
1.60
36.00
43.80
32.80
0.00
0.00
0.00
0.00
0.10
0.00
0.00
0.00
1.20
0.00
0.10
0.80
0.40
0.10
0.00
0.00
0.00
0.00
2.10
3.10
0.10
0.10
0.10
0.00
0.00
0.00
0.00
0.00
0.00
0.10
0.00
0.00
0.00
0.00
0.00
0.00
0.00
0.00
0.00
0.00
0.00
14.60
0.00
0.00
0.10
0.10
0.00
0.00
0.00
0.00
0.00
0.10
0.00
0.00
0.90
0.00
0.00
0.00
0.00
0.00
0.00
0.00
5.10
0.10
0.00
0.00
0.00
0.00
0.00
0.00
20.80
2.70
0.10
0.00
0.00
2.50
2.20
1.40
0.00
0.00
0.00
0.00
0.00
0.00
0.80
1.50
0.00
0.00
0.00
0.00
0.00
0.00
0.00
0.00
0.00
0.00
3.10
0.10
0.00
0.60
1.50
0.10
0.00
1.60
0.20
0.00
