20000101
0.00
0.00
0.00
0.00
0.00
0.00
0.00
0.00
0.00
0.00
0.00
0.00
0.00
0.40
36.20
0.20
0.00
0.00
0.00
0.00
0.00
0.00
0.00
0.00
0.80
0.20
0.20
0.00
0.00
0.00
0.20
0.20
0.20
0.00
0.00
0.00
0.00
0.00
0.00
0.00
0.00
0.00
0.20
0.00
0.00
0.00
0.00
0.00
0.00
0.00
0.00
0.00
0.00
0.00
0.00
0.00
0.00
0.00
0.00
0.00
0.20
0.00
0.00
0.00
0.00
0.00
0.00
0.20
0.00
0.00
0.00
0.00
0.00
0.00
0.00
0.00
0.00
0.00
0.00
4.40
0.00
0.40
4.00
0.00
0.00
0.00
0.00
4.50
0.00
25.10
9.80
0.00
0.40
2.80
0.00
0.00
0.00
0.00
1.00
7.50
31.70
1.80
0.00
0.00
0.00
0.00
12.80
0.00
0.00
0.00
0.00
0.00
1.40
1.20
0.00
0.00
0.00
1.20
0.00
0.00
0.00
0.00
0.00
0.00
0.00
0.00
0.00
0.00
0.00
0.00
22.60
0.20
0.00
0.00
0.00
0.00
0.00
0.40
0.00
0.00
0.40
2.40
0.00
0.00
0.00
0.00
0.60
1.00
0.00
0.00
0.00
0.00
0.00
0.00
0.00
0.20
23.20
0.00
0.00
0.00
9.20
16.50
2.60
0.00
0.20
0.00
0.20
0.00
0.00
0.00
0.00
0.00
0.00
0.00
0.00
0.00
0.00
0.00
0.00
0.00
0.00
0.00
0.00
0.00
0.00
0.00
0.00
0.00
0.00
0.00
0.00
0.00
0.00
0.00
0.00
0.00
0.00
0.00
0.80
0.00
0.00
0.00
0.00
0.00
1.20
0.00
0.00
0.00
0.00
0.00
0.00
0.20
0.00
0.00
0.00
0.00
0.00
0.00
0.00
0.00
0.00
0.00
0.00
0.60
1.00
0.00
0.00
0.00
0.00
0.00
0.00
0.00
0.00
0.00
0.00
0.00
0.00
0.00
0.00
38.60
3.90
0.00
16.10
0.00
0.00
0.00
0.00
0.00
0.00
0.00
0.00
0.00
0.00
0.00
0.00
0.40
0.00
0.00
0.00
0.00
2.40
0.00
67.40
0.00
0.00
0.00
0.00
0.00
0.00
0.00
24.30
13.80
0.20
0.00
0.00
0.00
0.00
0.00
0.00
0.00
0.00
0.00
0.00
0.00
0.20
1.20
4.20
0.00
0.00
0.00
0.00
0.00
0.00
0.00
37.40
26.60
3.40
0.40
8.70
0.40
0.20
0.00
0.40
0.00
3.80
0.00
3.80
0.20
0.00
0.00
1.20
0.00
0.00
0.00
0.00
0.00
0.00
3.20
0.00
0.00
0.00
0.00
0.00
0.00
0.00
0.00
5.90
16.00
0.20
0.00
0.40
0.00
0.00
11.20
0.20
0.00
0.00
0.00
0.00
0.00
4.00
4.60
0.00
0.20
0.00
0.00
0.00
0.00
0.00
0.00
0.00
0.00
0.00
0.00
0.00
6.30
3.40
8.80
17.80
0.20
0.60
0.20
1.00
0.20
0.20
0.00
0.00
0.00
0.00
0.80
0.00
0.00
0.00
0.00
0.00
0.00
0.80
0.20
25.50
0.80
12.70
0.20
0.00
0.20
0.00
0.00
0.00
0.00
0.00
0.00
0.00
2.60
0.20
2.20
0.00
0.00
0.00
0.00
0.00
0.00
0.00
0.00
0.00
0.00
0.00
0.00
0.00
0.00
0.20
0.20
5.10
2.20
0.00
0.00
0.00
0.00
0.00
0.00
0.00
0.00
0.00
0.00
0.00
0.20
0.00
0.40
1.60
0.00
0.00
2.40
0.00
11.60
1.40
0.00
0.20
0.00
0.40
0.00
0.00
0.00
0.00
0.00
0.00
0.00
0.00
0.00
0.00
0.00
0.00
0.00
0.00
0.00
0.00
0.40
0.00
0.00
0.00
0.00
0.00
0.00
0.00
0.00
0.00
0.40
0.00
0.00
0.00
0.00
0.00
0.00
0.00
0.00
0.00
1.60
0.00
0.00
0.00
0.00
0.00
0.00
0.00
0.00
0.20
0.00
0.20
42.50
12.00
0.00
2.40
0.20
0.00
0.00
0.00
0.00
3.00
18.40
0.20
0.00
0.00
0.00
0.00
0.00
4.00
7.00
0.60
0.20
0.00
0.20
0.00
0.00
0.00
0.00
0.00
0.00
0.00
0.00
0.00
0.00
0.00
0.00
0.00
0.00
0.00
0.00
0.00
0.00
0.80
0.00
0.00
0.00
0.00
0.00
0.00
0.00
0.00
0.00
0.00
0.00
0.00
0.00
0.00
0.00
0.00
0.00
0.00
0.00
0.00
0.00
0.00
0.00
0.00
0.20
2.80
0.00
0.60
24.90
0.00
0.00
0.00
0.00
0.20
1.60
18.10
0.00
3.10
27.00
0.00
0.00
0.00
0.00
0.00
0.00
0.00
0.00
0.00
0.00
0.00
0.00
0.00
0.00
0.00
0.00
0.00
0.00
0.00
0.00
0.00
0.00
0.00
0.00
0.00
0.00
0.00
0.40
0.00
0.00
0.00
0.00
0.00
0.00
0.00
0.00
0.00
0.00
0.00
0.00
0.00
0.00
0.00
0.00
0.00
4.00
0.00
0.00
0.00
0.00
0.00
0.00
0.00
0.00
0.00
0.00
0.00
0.00
0.00
0.40
2.40
1.40
4.70
0.20
54.40
1.20
0.00
0.00
0.00
0.00
1.40
0.60
0.00
0.20
0.00
0.20
0.20
0.00
0.20
0.00
0.00
13.10
6.80
0.00
0.00
0.80
0.00
0.20
0.00
7.50
6.50
15.10
1.60
0.00
0.00
0.00
0.00
0.00
0.00
0.00
0.20
0.20
0.00
0.20
0.20
2.00
0.00
0.20
0.00
0.00
0.00
0.00
0.00
0.00
5.20
0.00
0.00
1.60
14.30
49.20
16.70
0.80
0.00
0.00
0.00
0.00
0.00
0.00
0.00
0.00
0.00
0.00
0.00
0.00
0.00
0.00
0.00
0.00
0.00
0.00
0.00
0.00
0.00
0.00
0.00
0.00
0.00
3.20
0.00
0.00
0.00
0.20
0.20
0.00
0.00
0.00
0.20
0.00
0.00
0.00
0.00
0.00
0.00
0.00
0.40
0.40
4.20
6.00
12.50
0.00
0.00
0.00
2.60
0.00
8.10
0.00
0.00
0.80
0.20
0.00
0.00
0.00
0.00
0.00
0.00
0.00
1.00
0.80
0.00
0.00
0.00
0.00
0.00
0.00
0.00
0.00
0.00
0.00
0.20
0.00
1.60
0.00
0.00
0.00
0.00
0.00
0.00
0.20
0.00
0.20
0.00
0.00
0.00
0.00
0.00
0.00
0.00
0.00
0.00
0.00
0.00
0.00
0.00
0.00
0.00
3.30
0.00
12.90
24.90
0.00
0.00
0.00
0.00
0.00
0.00
0.00
4.90
0.20
0.00
0.00
16.70
0.00
0.00
0.00
0.00
0.00
0.20
0.00
0.00
0.20
0.80
2.60
6.00
0.00
0.00
0.00
9.80
9.20
2.60
0.00
1.60
7.30
2.00
0.00
16.00
4.30
14.10
0.00
0.00
0.00
0.00
0.00
0.00
0.00
0.00
0.20
0.00
0.00
0.00
0.00
0.00
0.00
0.00
0.00
0.00
0.20
2.80
0.00
0.00
0.00
7.40
28.10
41.70
1.00
0.40
0.00
0.20
0.00
0.00
0.00
0.00
0.00
0.00
0.00
0.00
0.00
2.60
0.20
0.00
0.00
0.60
0.40
0.00
0.00
0.00
0.00
0.00
0.00
0.00
16.30
2.20
0.00
1.20
5.20
0.00
0.00
0.00
0.00
0.20
0.00
0.00
0.00
0.00
0.00
0.00
0.00
0.00
0.00
0.00
0.00
0.00
0.00
0.00
0.00
0.00
0.00
0.00
0.00
0.00
0.00
0.00
0.20
0.20
0.00
0.20
0.00
0.00
0.00
0.00
0.00
0.00
0.00
0.00
0.00
0.00
0.00
0.00
0.00
0.20
1.40
0.00
0.00
0.00
0.00
0.00
0.00
0.00
0.00
0.00
0.00
0.00
0.00
0.00
0.00
7.20
1.60
0.00
0.00
0.00
0.00
0.00
0.00
0.00
0.00
0.00
0.00
0.00
0.00
12.00
3.40
9.70
0.20
0.00
0.00
0.00
0.00
0.00
0.00
0.00
5.50
0.00
28.60
0.20
0.00
0.00
7.20
0.20
0.00
0.00
0.00
0.00
0.00
0.00
73.30
6.30
0.20
0.20
4.20
2.20
0.00
0.00
0.00
0.00
0.00
0.00
0.00
0.00
1.60
0.00
13.90
0.00
0.00
0.00
0.00
0.00
0.60
31.30
11.80
0.20
0.00
0.00
0.20
0.00
0.20
0.20
0.00
0.00
0.00
0.00
0.00
0.00
0.00
0.00
0.00
0.20
0.00
0.20
0.00
0.00
0.00
0.00
0.20
0.00
0.00
0.20
0.20
0.00
0.00
0.00
0.00
0.40
1.60
4.00
1.00
0.00
0.00
0.00
1.20
5.20
0.00
0.00
0.40
45.20
0.00
0.00
0.00
0.00
0.00
0.00
0.80
0.00
0.00
0.00
0.00
0.00
0.00
0.00
6.60
14.50
0.00
0.20
0.00
2.20
0.00
0.00
2.80
0.20
1.40
0.00
0.00
0.00
0.00
0.00
0.00
0.00
0.00
0.00
0.00
0.00
0.20
0.00
0.00
0.00
0.00
6.00
0.00
0.00
1.20
0.00
0.00
0.00
0.00
0.00
0.00
0.00
0.00
0.00
0.00
0.60
2.80
0.60
0.00
0.00
0.00
0.00
0.00
0.00
0.00
0.00
0.40
0.00
0.00
0.00
0.00
0.80
0.00
0.00
0.00
0.00
0.00
0.00
0.00
0.60
3.40
2.00
0.00
0.00
0.00
0.00
13.80
44.90
0.20
16.80
0.20
0.50
14.70
15.70
0.40
0.00
0.00
0.00
0.00
0.00
2.40
2.20
0.00
0.00
0.00
0.00
0.00
0.00
0.00
0.00
0.20
0.00
0.00
0.00
0.00
0.00
0.00
0.00
0.00
0.00
0.00
0.00
0.40
39.40
0.00
2.00
1.20
0.00
0.20
0.00
0.00
0.00
0.00
0.00
0.00
2.20
0.00
0.00
0.00
0.00
3.00
5.00
0.00
0.00
0.00
8.70
0.00
0.00
0.00
0.00
0.00
0.00
0.00
0.00
0.00
0.00
0.00
0.00
0.20
0.00
0.00
0.20
38.50
13.20
2.80
0.00
0.00
0.00
0.00
0.00
0.00
0.40
3.60
1.40
0.00
2.40
0.00
0.00
0.00
0.00
3.80
3.20
0.00
0.00
0.00
0.00
0.00
0.00
0.00
0.00
0.00
0.00
2.60
0.00
0.00
2.80
0.00
0.00
0.00
0.00
0.00
0.00
0.00
0.00
0.00
0.00
0.00
0.00
0.00
0.00
0.00
0.00
0.00
0.00
0.60
0.20
0.00
0.00
0.00
0.00
0.00
0.00
5.40
0.00
0.00
0.00
0.00
0.00
0.00
0.00
0.00
0.00
0.00
0.00
0.00
0.00
0.00
0.40
0.00
0.00
0.00
0.00
0.00
0.00
0.00
0.00
0.00
0.00
0.00
0.00
0.00
0.00
0.00
0.00
0.00
0.00
0.00
0.00
0.00
0.00
0.00
0.00
0.00
0.00
0.00
21.90
0.00
0.00
0.00
16.40
0.60
0.40
0.00
0.00
0.00
0.00
0.00
0.00
0.00
5.90
0.40
1.20
7.50
20.00
0.20
0.00
11.00
2.20
0.20
0.00
0.00
0.00
0.00
0.00
0.00
0.00
0.00
0.00
0.00
0.00
1.60
0.40
0.00
0.00
0.00
0.00
2.60
4.50
5.70
6.00
22.90
0.00
0.00
0.00
0.00
0.00
0.00
0.00
0.00
0.00
0.00
6.30
0.40
0.00
5.20
3.80
44.90
18.80
31.60
0.20
0.00
2.00
0.00
0.00
0.20
7.00
7.20
2.40
0.00
0.00
0.40
0.00
0.00
0.00
0.00
0.00
0.00
0.20
1.20
1.60
43.30
0.20
0.00
0.00
0.00
0.40
29.60
4.40
0.00
0.00
0.60
0.00
5.40
3.10
3.10
0.00
0.20
0.40
0.00
0.00
0.00
6.40
0.00
0.00
44.90
0.60
0.00
1.80
0.20
0.00
0.00
0.00
0.00
0.00
0.00
0.00
0.00
0.00
1.80
0.00
0.00
0.00
0.00
0.00
0.00
0.00
0.00
0.00
0.80
0.00
0.00
0.00
0.00
0.00
0.00
0.00
0.00
0.00
0.00
0.00
0.00
0.00
0.00
0.00
0.00
0.00
0.00
0.00
0.00
0.00
0.00
0.00
0.00
0.00
0.20
1.80
0.00
0.20
0.00
0.00
0.00
0.40
0.00
0.00
0.20
0.00
0.00
0.00
0.00
0.00
0.00
0.00
0.00
0.00
0.00
0.00
0.00
0.00
0.00
0.20
0.00
24.00
14.70
0.80
0.00
0.00
3.80
19.30
23.30
0.00
0.00
0.40
0.00
0.00
0.00
0.00
0.00
0.00
0.00
0.00
0.00
0.00
0.00
0.00
0.00
0.00
0.00
0.00
0.00
0.00
0.00
0.00
0.00
0.00
0.00
0.00
6.30
14.60
19.80
3.80
45.90
0.60
2.80
0.40
1.80
0.00
0.00
0.00
0.00
8.90
21.70
1.40
2.20
0.20
1.20
0.00
0.00
4.80
24.90
0.00
0.20
0.00
0.00
0.00
22.40
0.00
0.00
0.00
0.00
0.00
1.60
3.30
0.00
2.40
2.60
36.50
0.40
0.00
0.00
0.00
0.00
0.20
0.00
11.30
2.60
0.00
0.00
0.00
0.00
0.00
0.00
0.00
0.00
0.00
0.20
0.00
0.00
0.00
0.00
0.00
0.00
0.00
0.60
0.00
0.00
0.00
0.00
0.00
0.00
0.00
0.00
0.00
0.00
0.00
0.00
0.60
0.60
1.60
2.80
0.00
0.00
0.00
0.60
0.00
0.00
0.00
0.00
0.00
0.00
0.00
0.00
0.00
0.00
0.00
0.00
0.00
0.00
0.00
0.60
3.40
0.20
0.00
0.00
0.00
2.80
0.00
0.00
0.00
0.00
0.00
0.20
0.00
0.00
0.00
0.00
0.00
0.00
0.00
0.00
0.00
0.00
0.00
0.40
0.00
0.00
0.00
0.00
0.00
0.40
0.00
0.00
0.00
0.00
0.00
0.00
0.00
0.00
0.00
0.00
0.00
0.00
0.20
0.00
0.00
0.00
0.00
0.00
4.90
0.00
0.00
0.00
0.00
0.00
2.00
2.90
6.70
0.00
7.70
8.80
0.00
0.60
110.00
32.50
0.00
0.00
2.20
14.60
0.40
0.00
14.10
0.00
0.00
0.00
0.00
0.00
0.00
0.00
0.00
0.00
0.00
0.00
0.00
0.00
0.00
0.00
0.00
0.00
0.00
0.00
0.00
0.00
0.00
0.00
0.00
0.00
0.00
0.00
0.60
0.00
0.00
0.00
0.00
0.20
1.20
1.20
0.00
1.60
0.00
0.00
0.00
6.20
0.00
10.10
0.00
0.40
0.00
0.00
0.00
0.00
0.00
0.00
1.60
0.00
0.00
0.00
0.00
0.00
0.00
0.00
0.00
0.00
0.00
0.00
0.00
0.00
0.00
0.00
0.00
0.00
0.00
0.00
0.00
0.00
0.00
0.00
7.00
0.00
9.60
0.00
3.00
6.80
3.80
0.00
6.60
6.00
7.10
0.20
0.00
0.00
0.00
0.00
0.00
0.20
0.00
0.00
0.00
0.00
0.00
0.00
0.00
0.00
0.00
0.00
0.00
0.00
0.00
0.00
0.00
0.00
0.00
0.00
0.00
0.00
0.00
0.00
0.00
0.20
0.00
0.00
0.00
0.00
0.00
0.00
0.00
0.00
0.00
0.00
0.00
0.00
0.00
0.00
0.00
0.00
0.00
0.00
0.00
0.00
0.00
0.00
0.00
0.00
0.00
0.00
0.20
11.80
0.20
4.00
13.30
0.20
0.00
0.00
0.00
0.00
0.00
0.00
0.00
0.00
0.00
0.00
0.00
1.80
0.00
0.00
0.00
0.00
0.00
0.00
0.40
0.40
0.00
0.00
0.00
0.00
0.00
0.00
0.00
0.00
0.00
0.00
0.00
0.00
0.00
0.00
0.00
0.20
0.00
0.00
1.00
2.00
7.50
0.80
0.00
0.20
0.00
0.00
2.80
0.00
0.00
0.00
3.20
0.00
0.00
0.00
0.20
0.00
0.20
0.00
0.00
0.00
0.00
0.00
0.00
0.00
0.00
0.00
0.00
0.00
0.00
0.00
0.00
0.00
0.20
0.00
0.00
0.00
0.00
0.00
0.00
0.00
0.80
4.10
0.20
0.20
0.00
0.00
0.00
0.60
0.00
0.00
0.00
24.00
0.20
0.00
58.00
6.50
0.00
0.00
0.00
0.00
2.20
0.20
0.00
0.20
0.00
0.00
0.00
0.00
0.00
0.00
0.40
0.00
0.00
0.00
0.00
0.00
0.00
0.00
0.00
0.00
0.20
0.20
4.40
0.20
0.00
0.00
0.00
0.00
0.00
0.00
2.00
0.00
0.00
0.00
0.00
0.00
0.00
0.40
0.00
0.00
8.60
3.90
0.00
0.60
0.00
0.00
0.00
14.80
12.10
0.00
0.00
0.00
0.00
0.00
0.00
0.00
0.00
0.00
0.00
0.00
0.00
0.00
0.00
0.00
0.00
0.00
0.00
0.00
0.80
12.20
0.00
10.90
0.00
0.00
0.00
0.00
0.00
0.00
0.00
2.20
19.20
33.00
0.00
0.00
0.20
0.00
0.00
0.20
1.40
0.00
0.00
0.00
0.00
0.00
0.00
0.00
0.00
0.00
0.00
0.00
0.00
0.00
0.00
0.00
0.00
0.00
0.00
5.30
58.30
12.00
0.20
0.00
0.00
0.00
3.00
1.00
0.20
4.00
1.40
0.00
0.00
0.00
0.00
0.00
0.00
0.00
21.80
0.00
0.20
0.20
0.20
0.00
0.00
0.00
0.00
0.00
1.40
12.70
0.00
0.00
0.00
1.40
27.70
18.80
16.70
19.10
31.90
0.00
0.00
1.00
0.00
0.00
0.00
0.00
5.30
0.00
0.00
0.00
0.00
0.60
0.20
0.20
6.90
0.00
0.00
0.00
0.00
0.00
0.00
0.00
0.00
11.80
17.70
0.60
1.40
25.70
52.40
7.30
0.20
0.00
0.00
0.00
0.00
0.00
0.00
0.00
0.00
0.00
0.00
0.00
0.00
0.00
0.00
0.00
5.80
0.20
0.00
0.40
0.00
0.00
0.00
0.00
0.00
0.00
0.00
0.00
0.00
0.00
0.00
0.00
0.00
0.00
0.00
0.00
0.00
0.00
0.00
0.00
0.00
0.20
0.00
0.00
0.00
0.00
0.00
0.00
0.00
0.00
0.00
2.40
33.30
13.80
4.20
7.80
0.00
0.20
0.00
0.00
0.40
2.00
0.00
0.00
0.00
0.00
0.20
0.00
0.00
0.00
0.00
0.00
1.40
1.40
6.70
11.00
4.60
0.00
0.00
1.20
0.00
0.00
0.00
0.00
0.00
0.00
0.00
0.20
0.00
0.00
0.00
0.00
0.00
0.00
0.00
0.60
0.00
0.00
1.00
0.00
0.00
0.00
23.00
0.00
0.00
0.00
0.00
0.00
0.00
0.00
0.00
0.00
0.00
0.00
0.00
0.00
0.00
0.00
0.00
0.00
0.00
0.00
3.80
0.20
0.80
0.00
0.20
0.00
0.00
0.00
0.00
0.00
0.00
0.00
0.00
0.00
0.00
0.00
0.00
0.00
0.00
0.20
0.00
0.20
0.00
0.00
0.00
0.00
0.00
0.00
2.60
0.60
3.80
0.00
0.00
0.20
0.00
0.00
0.00
0.00
0.00
0.00
1.80
0.20
0.00
0.00
0.00
0.00
2.90
0.20
0.00
1.60
0.00
0.00
0.00
1.00
0.00
1.80
0.00
0.00
0.00
2.00
0.40
0.00
0.20
0.00
0.00
0.00
0.20
0.00
0.00
0.00
0.00
0.00
0.00
3.60
6.60
0.00
0.00
0.00
0.00
0.00
0.00
0.00
0.80
0.00
0.20
0.00
0.20
0.00
0.00
0.00
1.00
0.00
0.00
0.00
0.00
0.00
0.00
0.00
0.40
0.40
0.20
0.00
0.00
0.00
0.00
0.00
0.00
0.00
0.00
0.00
0.20
0.00
0.00
0.00
0.00
0.00
0.00
0.00
0.00
0.00
0.00
0.00
0.00
0.00
0.00
0.00
-99.00
0.00
0.00
0.00
0.00
0.00
0.00
0.00
0.00
0.00
0.00
0.00
3.20
0.00
0.00
0.00
0.00
14.00
0.00
0.00
0.00
0.00
0.00
0.40
28.40
24.40
0.40
0.80
0.00
0.00
0.00
0.00
1.80
0.20
0.00
0.00
0.00
0.00
0.00
0.00
0.00
0.00
0.00
0.00
0.00
0.00
0.00
0.00
0.00
0.00
0.00
0.80
137.30
68.20
65.20
0.20
0.00
0.00
0.00
0.00
0.00
0.00
0.60
23.00
0.20
0.00
0.00
0.00
0.00
0.00
0.00
0.00
0.00
0.20
0.00
0.00
0.00
0.00
1.60
0.20
0.00
6.70
0.20
0.00
0.00
0.00
2.40
0.00
2.20
0.20
1.80
0.00
0.00
2.20
0.00
0.00
0.00
0.00
0.00
0.20
0.00
0.00
0.20
0.00
0.00
0.00
0.00
0.00
6.70
2.00
0.00
0.20
0.00
0.00
0.00
0.00
0.00
0.40
0.40
0.00
0.00
0.00
0.00
0.00
0.00
0.00
0.00
0.00
0.00
0.20
0.00
0.00
0.00
0.60
0.20
0.00
0.00
16.40
0.00
2.40
0.00
0.00
0.00
0.00
0.00
0.00
1.80
0.40
0.20
0.00
0.00
0.00
0.00
5.00
1.20
0.00
0.00
0.00
0.00
0.00
0.00
0.00
0.00
0.20
0.00
0.00
0.00
0.00
0.00
0.00
0.00
0.00
0.00
0.00
0.00
0.00
0.00
0.00
0.00
0.00
0.00
0.20
0.00
0.00
2.60
0.20
0.00
3.40
0.00
0.00
0.00
0.00
6.40
0.20
0.00
0.00
0.00
0.00
0.00
0.00
0.20
5.00
3.60
0.00
0.00
0.00
0.00
0.00
0.00
0.00
4.40
0.20
0.00
0.00
7.70
0.20
0.00
0.00
0.20
0.00
0.00
0.00
0.00
0.00
0.00
0.00
0.00
0.00
7.10
0.00
0.00
0.00
0.00
0.20
0.00
0.00
0.00
0.00
0.00
0.00
0.20
0.00
0.00
0.00
0.00
0.00
0.00
2.40
0.00
-99.00
2.40
0.20
16.40
14.80
1.00
0.80
10.50
4.20
1.80
0.00
0.00
1.80
0.40
0.20
14.70
19.00
10.20
6.30
0.00
0.00
0.00
0.00
0.00
0.20
0.00
0.00
0.00
0.00
0.00
0.00
0.00
23.80
0.00
4.40
0.00
3.60
1.20
0.60
0.00
0.40
0.00
0.20
0.00
0.00
0.00
0.00
0.20
0.00
0.00
0.00
0.00
0.40
0.20
0.00
0.00
0.00
0.60
0.00
0.00
0.00
0.00
0.00
0.00
0.00
0.00
0.00
0.00
0.00
0.00
0.00
0.00
0.00
0.00
0.00
0.00
0.00
0.00
0.00
0.80
0.20
0.00
1.60
0.00
0.00
0.00
0.00
0.00
0.00
0.00
0.00
0.00
0.00
0.00
0.00
1.00
0.00
0.20
0.00
0.00
0.00
0.00
0.00
0.00
0.00
0.00
0.00
0.00
0.00
0.00
0.00
0.00
0.00
0.00
0.00
5.10
0.00
0.00
0.00
0.00
0.00
0.00
0.00
0.00
0.00
0.00
0.00
0.00
0.00
0.00
0.00
7.90
14.60
1.60
0.00
0.00
0.00
0.00
0.00
3.00
0.00
0.00
0.00
0.20
0.00
0.00
0.00
2.00
0.00
0.00
0.00
0.00
0.00
0.00
0.00
0.00
0.00
0.00
0.00
0.00
0.00
0.00
0.00
0.00
0.00
0.00
0.00
0.00
0.00
0.00
0.00
0.00
0.00
0.20
0.20
0.00
0.00
0.00
6.10
0.00
0.00
0.00
0.00
0.00
0.00
0.60
0.00
0.00
0.00
6.70
24.40
0.40
0.00
0.00
0.00
0.00
0.20
1.00
0.00
0.00
0.20
0.00
5.50
21.30
0.00
0.00
0.20
0.00
0.00
0.00
0.60
0.00
0.00
0.60
0.00
0.00
0.00
0.00
0.00
0.00
0.00
0.00
0.00
0.00
0.00
0.00
0.00
0.00
0.00
0.00
0.00
0.00
0.00
0.00
0.00
0.00
0.00
3.60
0.40
0.00
0.00
0.00
0.00
0.00
0.00
0.00
0.00
0.00
0.00
0.00
0.00
0.00
0.00
0.00
0.00
0.00
0.00
0.00
0.00
0.00
0.00
0.00
0.00
0.00
19.80
3.40
0.00
9.80
13.00
0.40
2.20
0.00
0.00
0.00
0.00
0.00
0.00
0.00
0.00
0.00
4.40
5.00
0.00
0.00
0.00
0.00
0.00
0.00
1.20
0.00
0.00
0.00
0.80
0.00
2.40
0.00
0.00
0.00
0.20
0.00
0.00
0.00
0.00
0.00
0.20
0.00
0.00
0.00
0.00
0.00
0.00
0.00
1.60
0.00
0.00
0.00
0.00
0.00
0.00
0.00
0.00
0.00
2.40
0.00
0.00
0.00
0.00
0.80
3.40
0.20
0.00
0.20
0.00
7.00
2.40
0.20
0.00
0.40
0.00
0.00
0.00
0.20
0.00
0.00
0.00
0.00
0.00
0.40
0.00
0.20
0.00
0.00
0.00
0.00
0.00
0.00
0.00
0.00
0.00
0.00
0.00
0.00
0.00
0.00
0.20
0.00
0.00
0.00
2.40
0.00
0.00
0.00
0.00
0.00
0.00
0.00
0.60
0.20
4.10
0.20
15.50
0.20
0.00
0.00
0.00
0.00
1.40
3.20
0.00
12.90
0.20
0.00
0.00
0.00
0.20
0.00
0.00
0.60
0.00
0.00
0.00
0.00
0.00
0.00
0.00
0.00
0.00
0.60
24.00
53.00
2.00
5.10
0.20
1.20
0.20
1.20
6.10
0.00
16.90
0.00
0.00
0.00
0.40
1.20
10.60
1.60
6.80
24.50
0.00
0.00
8.90
0.20
0.00
1.00
0.00
0.40
0.00
0.00
0.00
0.20
7.70
0.40
0.00
0.00
0.00
0.00
4.50
0.00
0.00
0.00
0.00
0.00
0.00
0.00
0.00
0.00
0.00
4.10
0.00
0.00
0.00
0.80
0.00
0.00
0.00
0.00
3.00
0.00
0.00
0.20
0.00
0.00
39.20
0.00
0.00
0.00
0.00
0.00
0.00
0.00
0.00
0.00
0.00
0.00
0.00
0.00
0.00
0.00
0.00
0.00
0.00
0.00
0.00
0.00
0.00
0.00
0.00
0.00
2.00
0.00
0.00
0.00
0.00
0.00
1.00
0.00
0.00
0.00
0.00
0.00
4.50
0.60
0.00
3.60
0.00
0.00
0.00
0.00
0.00
0.00
0.00
0.00
35.10
0.00
0.00
0.00
0.00
0.00
0.80
0.00
0.00
0.00
0.00
0.20
0.00
0.00
0.00
0.00
0.00
0.40
0.00
0.60
0.00
3.20
75.10
4.40
0.00
0.00
13.00
0.00
0.00
0.00
0.00
0.00
0.00
0.00
0.00
0.00
0.00
0.00
9.30
0.40
0.00
0.00
2.20
0.00
0.00
0.20
0.00
0.00
12.00
0.20
0.40
0.00
10.40
15.00
0.00
1.60
0.20
0.00
26.20
20.80
0.00
14.50
9.10
69.90
0.20
0.20
0.00
0.00
0.00
2.20
0.20
0.00
0.00
0.00
0.00
0.00
0.00
0.00
0.00
0.00
0.00
0.00
0.00
0.00
0.00
0.00
0.00
0.00
0.00
0.00
0.00
0.00
0.00
0.00
0.00
0.00
0.00
0.00
0.00
0.00
6.60
0.20
0.00
0.00
8.60
0.00
0.80
0.00
0.00
0.00
0.00
0.00
0.00
0.00
0.00
0.00
0.40
16.80
15.90
4.80
1.80
0.00
0.00
0.40
5.20
2.20
0.00
0.00
0.00
0.00
0.00
18.40
2.80
0.00
0.00
0.00
0.00
0.00
0.00
0.00
0.00
0.00
0.00
0.00
0.00
0.00
0.40
0.20
0.20
0.00
0.00
0.00
0.20
3.60
6.80
1.40
0.20
0.00
0.20
0.40
0.00
0.00
0.00
0.00
0.00
0.00
0.00
0.00
0.00
0.20
0.00
0.00
0.00
0.00
0.00
0.00
0.00
0.00
0.00
0.00
0.20
0.00
0.80
0.20
12.00
1.60
0.00
0.00
0.00
0.00
0.00
0.00
0.00
0.00
0.00
0.00
0.00
0.00
0.00
0.00
0.00
0.00
0.00
0.00
0.00
0.00
0.00
0.00
0.00
8.40
1.80
8.80
15.50
2.80
5.80
0.20
0.00
0.00
2.20
36.40
11.20
0.00
15.40
19.80
1.00
0.20
0.00
0.20
0.20
0.00
0.00
0.00
0.00
0.00
0.00
0.00
0.00
0.00
9.40
0.00
0.00
0.00
1.40
0.40
0.00
0.00
0.00
0.00
0.00
0.00
0.00
0.60
0.00
0.00
0.00
0.80
0.00
0.00
0.00
0.00
0.00
0.00
0.00
0.00
0.00
0.00
0.00
0.00
0.20
0.00
0.00
0.00
0.00
0.00
0.00
0.00
0.00
0.00
2.60
3.70
0.00
0.00
0.00
0.00
0.00
0.00
0.00
0.00
0.00
0.00
0.00
0.00
0.20
0.00
0.00
0.00
1.80
0.00
0.00
0.00
0.00
0.00
0.00
0.00
0.00
0.20
0.00
0.00
0.00
0.00
3.30
0.20
2.20
0.00
0.20
0.00
0.00
0.00
0.00
0.00
0.00
0.00
0.00
0.00
0.00
0.00
0.00
0.00
0.00
0.00
0.00
0.00
0.00
0.00
0.00
0.00
0.00
0.40
0.00
0.00
0.00
0.00
0.00
0.00
0.00
0.00
0.00
0.00
0.00
0.00
0.00
0.00
0.00
0.00
0.00
0.00
0.00
0.00
0.00
3.20
0.00
0.00
0.00
0.00
0.00
0.00
0.00
0.00
0.00
0.00
0.00
0.00
0.00
0.00
0.00
0.00
0.00
0.00
1.00
0.00
6.00
0.00
7.20
0.00
0.00
0.00
0.00
1.20
0.00
0.00
0.00
0.00
0.00
0.00
0.00
14.60
4.40
0.00
0.00
0.00
0.00
0.00
0.20
0.20
0.00
0.00
0.00
0.00
0.00
0.00
0.40
0.00
0.00
0.00
0.00
7.00
10.80
18.80
0.00
0.00
0.00
0.00
0.00
0.00
0.20
0.00
0.00
0.00
0.20
0.00
0.00
0.00
0.00
0.00
0.00
0.00
0.00
0.00
0.00
0.00
0.00
0.00
0.00
0.00
0.00
0.00
0.00
0.00
0.50
0.00
0.00
0.00
0.20
0.00
0.00
0.40
0.00
0.00
0.00
0.00
0.00
0.00
0.00
0.00
0.00
0.00
0.00
0.00
0.00
4.60
23.10
0.00
0.00
0.00
0.00
0.00
0.00
8.30
7.20
2.60
8.00
1.70
2.70
0.00
0.00
4.70
0.10
0.10
0.00
0.00
0.00
13.80
1.30
0.00
25.60
6.20
0.00
0.30
0.60
10.30
3.00
4.00
0.00
0.00
0.00
11.30
0.40
0.00
0.00
0.00
0.00
0.00
2.60
0.00
0.00
0.00
0.00
0.00
0.50
0.10
0.00
0.00
8.80
0.10
0.00
0.00
4.80
0.20
0.00
0.00
0.00
0.00
0.00
2.10
2.90
3.30
13.60
0.40
0.00
1.00
0.50
0.00
0.00
0.00
0.00
3.80
0.00
0.00
0.60
4.40
0.00
0.00
0.00
12.40
8.80
0.00
0.00
0.00
0.00
0.00
0.00
0.00
0.00
0.00
0.00
0.10
0.20
3.50
2.90
0.00
0.00
1.60
0.00
0.00
0.00
0.00
1.20
0.00
0.00
0.00
0.00
0.00
0.00
0.00
4.50
0.00
0.00
0.00
0.00
10.90
0.80
0.20
0.00
0.00
3.10
0.00
0.20
0.00
0.00
0.00
1.70
0.10
0.00
0.00
0.00
0.00
0.00
0.00
4.20
0.90
49.30
0.60
0.00
0.00
6.50
0.00
3.60
0.20
0.10
0.10
3.20
0.00
0.00
0.00
0.00
0.00
0.00
0.00
0.00
0.00
0.00
0.00
0.00
0.00
0.30
0.00
0.00
0.00
0.00
0.00
0.00
0.00
0.00
0.30
4.10
0.00
0.00
17.80
1.00
0.00
0.00
0.00
5.30
1.00
4.00
0.00
0.00
0.00
0.00
0.00
0.00
0.00
0.00
0.00
0.00
0.00
0.00
0.00
0.00
0.00
0.00
0.00
0.00
0.00
0.00
0.00
0.00
0.00
0.00
0.00
0.00
0.00
0.00
0.00
0.00
0.00
0.00
0.00
0.00
0.00
7.80
0.10
0.00
0.00
0.00
0.00
0.00
0.00
0.00
0.00
1.60
4.30
0.00
0.00
0.00
0.00
0.00
0.00
0.20
0.00
0.00
20.70
1.30
0.00
0.00
0.00
0.00
0.00
30.40
0.00
0.00
0.00
0.00
0.00
0.00
0.00
0.00
0.00
0.00
0.00
3.30
1.20
0.10
0.00
0.00
0.00
0.60
6.30
0.00
0.00
0.00
0.00
0.00
0.00
0.00
0.00
0.00
31.40
0.00
0.00
40.70
2.50
0.00
2.70
0.00
0.00
0.00
0.00
0.00
0.00
0.00
0.00
0.00
0.00
0.10
0.00
0.00
0.00
0.00
22.80
1.90
8.70
32.20
0.30
0.00
0.00
0.00
0.00
0.00
0.00
0.00
0.00
0.00
0.00
0.00
0.00
0.00
0.00
0.00
0.10
0.00
0.50
0.00
0.00
0.00
0.00
0.00
0.00
0.00
0.20
0.00
0.00
0.00
0.00
0.00
0.10
0.40
0.00
0.00
0.00
0.00
1.80
0.00
0.00
0.00
0.00
0.00
0.00
0.00
0.00
0.50
2.90
0.00
0.00
0.00
0.00
1.00
0.10
2.30
1.00
1.80
0.00
0.00
0.00
1.20
2.40
0.00
0.00
0.00
0.00
0.20
0.00
8.70
1.00
0.00
0.00
0.00
0.00
0.00
0.00
0.00
0.00
0.20
0.00
0.00
0.00
0.00
0.20
0.00
0.00
0.00
0.00
0.20
0.00
0.00
0.00
0.00
0.00
0.00
0.00
0.00
0.00
0.00
0.00
0.00
0.00
0.00
0.00
0.20
9.10
42.10
0.00
0.30
0.20
0.00
0.00
0.00
0.00
0.00
0.00
0.00
0.00
0.00
0.00
0.00
0.00
0.00
0.90
1.10
0.10
0.00
0.00
1.00
0.00
0.00
0.00
0.00
0.00
0.00
0.00
0.00
6.20
0.00
0.00
7.30
20.50
0.00
0.00
0.00
0.00
0.00
0.00
8.30
66.10
0.00
3.40
22.40
2.70
0.00
0.00
0.00
0.00
0.00
2.60
0.00
0.00
0.00
0.00
2.40
0.00
0.00
0.00
0.00
0.00
0.00
0.00
0.00
0.00
0.00
0.00
0.00
0.00
0.00
0.50
0.00
0.00
0.00
0.50
0.10
0.00
0.00
0.00
0.00
6.20
11.30
0.10
1.30
1.90
17.50
0.00
0.00
0.00
0.00
0.00
0.00
5.00
0.00
0.00
0.00
27.30
0.00
0.00
0.00
0.00
0.00
0.00
2.20
0.00
0.00
0.00
0.00
0.00
0.00
0.00
0.00
0.00
0.00
0.00
0.00
1.20
0.30
0.10
0.30
0.00
0.00
3.80
0.00
1.10
0.00
0.00
19.70
0.00
0.00
17.40
0.00
0.00
0.00
0.00
0.00
0.00
0.00
0.00
0.00
0.00
0.00
0.00
0.00
0.00
0.00
0.00
0.00
0.00
0.30
0.00
0.00
0.00
0.50
0.00
0.00
0.00
0.00
0.00
0.00
0.00
0.00
2.30
0.00
0.00
0.00
0.00
0.00
0.00
0.00
0.00
7.20
4.30
0.00
0.00
0.00
0.30
4.50
0.00
0.00
0.30
0.00
0.00
0.00
0.00
0.00
0.00
0.00
0.00
0.00
0.00
0.00
0.00
0.00
0.60
0.00
0.00
0.00
0.00
0.00
0.00
0.00
0.00
0.00
0.00
0.00
0.00
0.00
0.00
0.00
0.00
0.00
0.00
0.00
0.00
0.00
0.00
0.00
0.00
0.00
0.00
0.00
0.00
0.00
0.00
0.00
0.00
0.00
0.00
0.00
0.00
0.00
0.00
0.00
0.00
0.00
5.50
0.00
0.00
0.00
0.00
0.00
0.00
0.00
0.00
0.00
0.00
0.00
0.00
0.00
0.00
0.00
0.00
0.00
0.00
0.00
0.00
0.00
0.00
0.00
0.00
0.00
0.00
0.00
0.00
14.70
3.20
0.00
0.00
35.00
9.10
1.70
0.00
0.50
0.00
0.20
5.60
38.30
0.50
2.90
4.50
0.00
0.00
0.00
0.00
0.00
0.00
0.30
62.10
0.00
0.90
0.00
3.60
0.00
1.00
1.20
0.00
0.00
0.00
0.00
0.00
0.00
0.00
0.00
0.00
0.00
0.00
0.00
0.00
0.00
0.00
0.00
0.00
0.00
0.00
0.00
0.00
0.00
0.00
0.00
0.00
0.00
0.00
0.00
0.00
0.00
0.00
0.00
0.00
0.00
0.00
0.00
0.00
0.00
0.00
0.00
0.00
0.00
0.00
0.00
0.00
0.00
0.00
0.00
0.00
0.00
0.00
0.00
0.00
0.00
0.00
4.40
0.00
0.00
0.00
0.00
0.00
0.00
0.00
0.00
0.00
1.30
0.00
0.00
0.00
0.00
0.00
0.00
0.00
0.00
0.00
0.00
0.00
0.00
0.00
0.00
0.00
0.30
0.00
0.00
0.00
0.00
0.00
0.00
0.00
0.00
0.00
0.00
0.00
0.00
0.00
0.00
0.00
0.00
0.00
0.00
0.00
0.00
0.00
0.00
0.00
0.00
0.00
0.00
0.00
0.00
0.00
0.00
0.00
0.00
0.00
0.00
0.00
14.00
9.70
39.70
0.00
0.00
0.00
0.00
0.00
0.00
0.00
0.00
0.00
0.00
0.00
0.00
7.80
0.00
22.20
2.30
0.00
0.00
0.00
0.00
0.00
1.00
0.00
0.00
0.00
0.00
0.00
0.00
0.20
0.00
0.90
2.80
1.10
0.00
0.00
0.00
0.00
22.50
1.70
1.30
0.00
0.00
0.00
1.30
0.00
0.00
0.00
0.00
0.10
0.00
0.00
0.00
0.00
0.00
0.00
0.00
1.80
0.00
0.90
1.60
0.00
0.00
0.00
0.00
0.00
0.00
0.00
0.00
0.00
0.00
0.00
0.00
0.00
1.10
0.00
0.00
0.00
0.00
0.90
0.00
0.00
0.10
0.00
0.00
0.00
0.00
0.00
0.00
0.90
0.40
0.00
0.00
0.00
0.00
0.00
0.00
0.00
0.10
0.00
0.00
0.00
19.50
0.00
0.00
0.00
0.20
0.30
0.00
0.00
0.00
0.00
0.10
0.00
0.00
0.10
0.00
0.00
0.00
0.00
0.00
0.00
0.00
0.00
0.00
0.00
0.00
0.00
0.00
0.30
0.00
0.00
0.00
0.00
0.00
0.00
0.00
0.00
4.90
0.00
0.00
0.00
0.00
0.00
0.00
0.00
0.00
0.00
0.00
0.00
0.00
0.00
0.00
0.00
0.00
0.00
0.00
0.00
0.00
24.70
0.00
0.10
5.10
0.00
0.00
0.00
0.00
0.00
0.00
0.00
0.00
0.00
0.00
0.00
0.00
0.00
0.00
0.00
0.00
0.00
0.00
0.00
0.00
0.00
0.00
0.00
0.00
0.00
0.00
1.10
0.00
0.40
78.50
0.00
0.00
0.00
0.00
0.00
0.00
0.00
0.00
0.00
0.00
14.40
0.10
0.00
0.00
0.10
0.00
0.00
0.00
0.30
7.60
6.90
34.90
0.00
0.00
0.10
40.70
1.20
0.00
0.00
0.00
10.40
19.60
0.00
0.00
0.10
4.10
0.00
0.00
0.00
0.00
5.20
0.00
1.30
0.00
0.40
0.00
0.00
0.00
12.60
7.80
0.00
0.00
0.10
0.00
0.00
0.00
0.00
0.00
0.80
0.00
0.00
0.00
0.00
0.00
0.00
0.00
0.00
0.00
0.00
0.00
0.00
0.00
0.00
0.00
0.00
1.20
0.10
0.00
0.00
0.00
0.00
0.00
0.00
0.00
0.00
0.10
0.00
0.00
0.00
0.00
0.00
0.00
0.00
0.00
0.00
0.00
0.00
0.00
0.00
0.00
0.00
0.00
0.00
0.00
0.00
0.40
0.00
0.00
0.00
0.00
0.10
9.70
0.00
0.00
0.10
0.00
0.30
0.00
0.30
0.00
0.00
0.00
0.00
0.00
0.00
0.00
0.00
0.00
0.10
0.00
0.00
0.10
0.00
0.00
0.00
0.00
0.00
0.00
0.00
0.00
0.00
0.00
0.00
0.00
0.00
9.80
11.50
0.00
0.00
0.00
0.00
33.60
6.60
0.00
0.00
10.60
32.40
34.00
0.20
0.10
0.10
0.10
0.00
0.00
0.30
0.00
0.00
0.10
1.80
0.00
0.30
0.90
0.00
0.00
0.00
0.00
0.00
2.60
0.70
0.10
2.20
0.00
0.00
0.20
0.00
0.10
0.10
0.20
0.00
0.00
0.00
0.00
0.00
0.00
0.00
0.00
0.00
0.00
0.00
0.00
0.00
0.00
0.00
0.00
0.00
0.00
0.00
4.90
3.30
12.50
8.80
48.50
2.90
3.60
0.00
0.00
0.50
0.00
0.00
0.00
0.00
0.90
0.00
0.00
0.00
0.00
7.40
10.10
0.00
2.60
0.10
2.30
4.90
0.00
0.00
0.00
0.00
0.00
0.00
0.00
0.00
0.00
0.00
0.00
0.00
0.00
0.00
0.00
0.00
0.00
0.00
10.50
0.80
0.00
0.00
0.00
0.40
0.00
0.00
0.00
0.60
3.20
0.00
0.00
0.00
0.00
0.00
0.00
0.00
0.00
0.00
0.00
0.00
0.00
0.00
0.00
0.00
0.00
0.00
0.00
0.00
0.00
0.00
0.00
0.00
0.00
0.00
0.00
0.00
0.00
0.80
3.80
0.00
0.00
0.00
0.00
1.20
0.20
0.00
0.00
0.00
1.30
0.10
0.00
0.00
0.00
0.00
0.00
0.00
0.00
0.00
0.70
0.00
0.00
0.00
0.00
0.00
0.00
0.00
0.00
0.00
3.60
0.50
0.40
0.00
0.00
0.00
0.00
0.00
0.00
0.00
0.00
2.60
3.70
2.00
0.00
0.00
0.00
0.00
0.00
0.00
0.00
5.90
0.20
0.00
0.00
0.00
0.00
0.00
0.00
0.00
0.00
0.00
0.00
0.00
0.00
0.00
0.00
0.00
0.00
0.00
0.00
0.00
0.00
0.10
0.00
0.00
0.00
0.20
15.00
0.00
0.00
0.00
0.00
0.00
0.00
0.00
0.00
0.00
0.00
0.00
0.00
0.00
0.00
0.00
0.00
0.00
1.20
0.20
0.00
0.00
0.00
0.00
0.00
0.00
0.00
0.00
0.00
0.00
0.00
0.00
0.00
0.00
0.00
0.00
0.00
0.00
0.00
0.00
0.00
0.00
0.00
52.30
-99.00
4.10
0.10
0.00
0.00
0.00
0.00
0.00
0.00
0.00
0.00
0.00
0.00
0.10
0.00
0.00
0.00
0.00
0.00
0.00
0.00
0.00
0.00
0.00
0.00
0.00
0.00
0.00
0.00
0.00
0.00
0.00
9.60
1.90
0.00
0.00
0.00
0.10
1.00
0.00
0.00
0.00
0.00
0.00
0.00
0.30
0.10
0.00
0.20
0.00
0.00
0.00
0.00
0.00
0.00
0.80
0.00
1.60
0.00
0.10
2.20
0.00
18.80
0.10
0.00
0.00
0.60
0.00
0.00
0.00
0.00
0.00
0.80
0.00
0.00
0.00
0.00
0.00
0.00
2.00
0.20
0.00
0.00
0.00
12.60
0.20
0.00
0.00
0.00
0.00
0.00
2.30
0.10
0.00
0.00
0.00
0.00
0.00
0.00
0.00
0.20
0.00
0.00
0.00
0.00
0.00
1.30
0.00
0.00
0.00
0.00
0.00
0.00
0.00
0.00
0.00
0.00
0.00
0.00
0.00
0.00
0.00
0.00
0.00
0.10
1.90
0.00
0.00
1.20
0.00
0.00
0.00
0.00
14.80
0.00
0.00
0.30
22.00
0.00
0.00
0.00
0.00
0.00
0.00
0.00
1.00
0.00
0.00
0.00
0.00
0.00
0.00
0.00
4.70
1.10
9.60
0.00
0.00
1.80
0.00
0.00
0.00
0.00
0.00
0.00
0.00
0.00
0.00
0.00
0.00
0.00
0.00
0.00
0.00
0.00
0.20
0.30
3.20
0.00
0.00
0.00
0.00
0.00
0.00
0.00
0.30
0.10
0.00
0.30
0.00
17.70
0.00
3.70
0.00
3.20
0.00
0.00
0.00
0.00
0.00
0.00
0.00
0.00
0.00
0.00
0.00
0.00
0.00
0.00
0.00
0.50
0.00
15.00
0.10
0.00
0.00
0.00
0.00
0.00
13.10
0.00
0.00
0.00
0.00
0.00
0.00
0.30
0.40
1.50
14.70
0.00
0.00
0.50
0.00
0.00
0.00
0.00
0.00
0.00
0.00
0.00
0.00
0.00
0.10
0.00
0.00
0.00
0.00
0.00
0.00
0.20
0.00
0.00
0.30
0.00
0.00
0.00
0.00
0.10
0.00
0.00
0.00
0.00
0.00
0.00
0.00
0.00
0.00
2.20
0.00
0.00
0.00
0.00
0.00
0.00
0.00
0.00
0.30
4.30
0.00
0.00
0.00
0.00
0.00
0.40
0.10
0.00
0.00
0.00
0.00
0.00
0.10
12.30
0.20
0.00
6.00
0.40
0.00
0.00
0.00
0.00
9.20
0.00
0.40
0.00
2.10
6.20
0.00
0.50
6.10
1.00
0.00
0.00
0.00
0.00
2.70
0.00
20.20
0.00
0.00
0.00
0.00
0.20
0.00
0.00
0.00
0.00
3.80
0.00
1.20
0.00
2.10
0.00
0.00
0.00
0.00
0.00
0.00
0.00
0.00
0.00
0.00
0.00
0.00
0.00
0.00
0.00
0.00
0.00
0.00
0.00
0.30
10.00
0.00
0.00
0.00
0.00
0.00
0.00
1.50
0.00
0.00
2.30
0.00
0.00
0.00
0.00
0.00
0.00
0.00
0.00
0.00
0.00
0.00
11.90
16.90
17.80
12.40
30.50
21.00
0.00
10.20
6.00
0.00
0.00
0.00
0.00
0.00
0.00
0.00
0.00
0.00
0.70
16.90
0.00
0.00
0.00
0.00
0.00
0.00
0.00
0.00
0.00
0.00
0.00
0.00
0.00
0.00
0.00
0.00
0.00
0.00
0.00
0.00
0.00
0.00
0.00
0.00
0.00
0.00
0.00
0.00
0.00
0.00
0.00
1.20
0.00
1.00
3.00
0.10
0.00
0.00
0.00
0.00
0.00
0.00
0.00
0.00
0.00
6.70
0.80
0.00
0.00
0.20
11.20
0.00
0.00
0.00
0.00
0.00
0.00
0.00
0.00
0.00
0.00
0.00
0.00
0.10
0.00
0.00
0.00
0.30
0.00
2.90
0.00
0.00
0.00
0.00
0.00
0.00
0.00
0.00
0.00
0.00
0.00
0.00
0.00
0.00
0.00
0.00
0.00
0.00
5.00
0.00
0.00
0.00
0.10
0.00
13.30
22.50
1.20
2.50
5.90
3.10
0.00
0.00
0.00
0.00
0.00
0.00
0.00
0.00
0.00
0.00
0.00
0.00
0.00
0.00
0.00
0.00
0.00
0.00
0.00
0.00
0.00
0.40
0.00
1.10
0.00
0.00
0.00
0.10
0.00
0.00
0.00
10.40
0.00
0.00
0.00
0.00
0.00
0.00
0.00
0.00
0.00
0.00
0.00
0.00
0.00
0.00
0.00
0.00
0.00
0.00
0.00
0.00
0.00
0.00
2.80
0.10
0.00
0.00
0.00
0.00
0.00
0.00
0.00
0.00
0.00
0.00
0.00
0.00
0.00
0.00
0.00
0.00
0.00
0.00
0.00
0.00
0.00
0.00
0.00
4.70
0.00
3.60
27.50
0.00
0.00
0.00
0.00
0.00
0.00
4.10
0.00
0.00
0.00
0.00
0.00
0.00
0.00
0.00
0.00
0.00
0.00
0.00
0.00
0.00
0.00
0.00
0.00
0.00
0.00
0.00
0.00
0.00
0.00
0.00
0.50
0.00
0.00
0.00
0.10
0.00
0.00
0.00
0.00
0.00
0.30
0.00
1.10
20.80
0.10
0.00
0.00
0.30
0.00
0.00
0.00
4.20
0.10
0.00
0.00
0.00
0.00
0.00
0.70
0.00
2.30
31.00
0.00
0.00
0.00
0.80
0.00
0.00
0.00
0.00
0.00
0.00
0.00
0.00
0.70
5.20
45.90
9.10
19.60
0.00
0.00
0.00
6.40
0.00
2.90
6.90
0.30
0.00
0.00
0.00
0.00
0.00
0.00
0.00
0.00
0.00
0.00
0.00
0.00
0.00
0.00
20.10
0.00
13.50
2.80
9.50
0.00
2.30
0.00
0.10
0.00
0.00
0.00
0.00
0.00
0.00
0.00
2.30
0.60
0.00
0.00
0.00
0.00
0.00
0.00
0.00
0.00
0.00
0.00
0.00
0.00
7.40
0.10
0.00
0.00
0.10
0.20
26.30
0.10
0.50
0.50
0.00
0.10
0.00
0.00
0.00
0.00
0.00
0.00
0.00
0.00
0.00
0.00
0.00
0.00
0.00
0.00
0.00
0.00
0.00
0.00
0.00
0.00
0.00
0.00
0.00
0.00
0.00
0.00
0.00
0.00
0.00
0.00
1.00
0.00
0.00
0.00
0.00
0.00
0.00
0.00
0.00
0.00
0.00
0.00
0.00
0.00
0.00
0.00
0.00
0.00
0.00
0.00
0.00
0.10
0.00
0.00
0.10
0.00
0.00
0.40
0.00
0.00
0.00
0.00
0.10
0.00
0.30
0.00
0.00
0.00
0.00
0.00
0.00
0.00
0.00
0.00
0.00
0.00
0.00
0.00
0.00
0.00
0.10
0.00
0.00
0.00
0.00
0.00
0.00
0.00
0.00
0.00
0.40
0.90
0.00
0.00
0.90
3.90
0.00
3.20
0.40
0.00
0.00
0.00
0.00
0.00
0.00
0.00
0.00
0.00
0.00
0.00
1.40
23.30
0.20
0.00
0.00
0.00
0.00
0.00
0.00
0.00
0.00
0.00
1.00
0.00
0.00
0.00
0.00
9.50
22.00
0.60
0.20
0.00
11.00
11.50
0.00
0.00
0.00
0.00
0.00
0.00
0.00
0.00
0.00
0.00
0.00
3.20
0.00
0.00
12.40
19.80
0.00
0.00
0.00
0.00
0.00
0.00
0.00
0.00
0.00
0.00
0.00
0.00
0.00
0.00
0.50
1.50
0.10
0.60
0.00
0.00
0.00
7.80
6.70
0.00
2.60
0.00
0.00
0.00
0.00
0.00
0.10
0.20
0.20
14.00
5.60
0.50
0.00
0.00
0.00
0.00
0.00
0.00
0.00
0.00
0.00
0.00
0.00
0.00
0.00
0.00
0.00
0.00
2.90
0.00
0.00
0.00
0.00
0.00
0.00
0.80
0.00
1.30
0.00
0.00
0.00
0.00
0.00
0.00
0.00
0.00
0.90
0.00
0.00
0.90
0.00
0.00
0.00
0.00
0.00
0.00
0.00
0.00
0.00
0.00
0.00
0.00
0.00
0.00
0.30
0.00
0.00
0.00
0.50
0.00
0.00
0.00
0.00
0.00
0.00
0.00
0.00
0.00
0.00
0.00
0.00
0.00
0.00
14.50
0.00
0.00
0.00
0.00
0.00
0.00
0.00
0.00
0.00
0.00
0.00
0.00
0.00
0.00
0.00
0.00
0.00
0.50
0.00
0.00
0.00
0.00
0.00
0.00
0.00
0.00
0.00
0.00
0.00
0.00
0.00
0.00
0.00
0.00
0.00
0.00
0.00
2.10
1.20
0.00
0.00
0.00
0.00
0.00
0.00
0.00
0.00
0.00
0.00
0.50
0.00
0.00
6.60
0.80
1.20
0.10
0.00
0.00
0.00
0.00
0.00
0.00
19.70
0.00
0.00
0.00
1.10
1.90
0.00
0.00
0.00
0.00
0.00
0.00
0.00
3.40
0.10
13.00
1.70
0.00
0.00
14.10
11.00
2.20
0.00
0.00
0.20
0.20
0.00
0.00
0.60
0.00
0.00
0.70
0.90
0.00
0.00
0.00
0.10
0.00
0.00
0.00
0.00
0.00
0.10
2.00
0.00
0.00
0.00
0.00
0.00
0.00
0.00
0.00
0.00
0.00
0.00
0.00
0.00
0.00
1.10
13.10
5.70
18.50
0.00
0.00
0.20
50.70
4.50
0.00
0.00
0.00
0.20
0.00
2.30
0.00
0.00
0.00
0.00
0.00
0.00
0.00
0.00
0.00
0.00
3.10
97.90
0.00
0.00
7.90
1.10
0.20
0.00
0.00
0.00
0.00
0.00
0.00
0.00
0.00
0.00
0.00
0.00
0.00
0.00
0.00
0.00
0.00
0.00
0.00
0.00
0.00
0.00
0.00
0.00
0.00
0.00
0.00
0.00
0.00
0.00
2.70
0.00
1.30
0.90
0.00
0.00
0.00
9.50
7.80
0.00
0.00
0.00
0.00
0.30
0.00
0.00
1.40
0.00
0.20
0.00
0.00
0.00
0.00
0.00
7.80
0.20
0.00
0.00
0.00
0.10
0.00
0.00
0.00
0.00
0.00
2.00
0.00
0.00
0.00
0.00
0.00
0.00
7.30
4.90
0.00
0.00
0.00
0.00
0.20
0.10
0.00
0.00
0.00
0.00
0.00
0.00
0.00
0.00
0.00
0.00
0.00
0.00
0.00
23.60
0.40
0.00
1.80
0.00
0.10
0.00
3.90
0.00
0.00
0.00
0.00
0.00
0.00
0.00
0.00
0.00
0.00
0.00
0.00
0.00
0.10
0.00
0.00
0.00
0.00
0.00
0.00
0.00
0.00
0.00
0.00
0.70
1.20
8.20
0.00
0.20
0.00
0.00
0.00
0.00
0.00
0.00
0.00
0.00
0.00
1.40
0.00
8.70
0.00
0.10
0.00
0.00
0.00
0.00
0.20
0.00
0.00
0.00
0.00
0.00
0.00
0.00
0.00
0.00
0.00
0.00
0.00
0.00
0.00
0.00
3.30
6.30
3.20
0.00
0.00
0.00
0.00
0.00
0.00
0.00
0.00
0.00
0.00
0.00
0.00
0.00
0.00
0.00
0.00
0.00
0.00
0.00
0.00
0.00
1.20
1.20
0.00
0.00
0.00
0.00
0.00
0.00
0.00
0.00
0.00
0.30
0.00
0.00
0.00
0.00
0.00
0.00
0.00
0.00
0.00
0.00
0.00
0.00
0.00
0.00
25.20
0.00
0.00
0.00
0.00
0.00
0.00
0.00
0.00
0.80
0.20
0.00
0.00
0.00
0.00
0.00
0.00
1.00
0.00
0.00
0.00
0.00
0.00
0.00
0.00
0.00
0.00
0.00
0.00
0.00
0.00
0.00
0.10
0.00
0.00
0.00
0.00
0.80
4.50
4.50
0.20
0.00
0.40
5.80
0.00
0.00
0.00
0.00
1.60
0.00
0.00
0.00
0.00
20.00
5.90
0.00
0.00
0.00
0.00
0.00
0.00
1.80
0.10
0.00
0.10
0.00
0.00
1.60
0.00
0.70
0.00
0.00
0.00
0.00
0.00
0.00
0.00
0.00
0.00
0.00
0.00
0.00
0.00
0.00
0.00
0.00
0.00
50.60
11.40
0.00
0.00
0.00
0.00
0.00
0.00
0.00
0.10
0.00
0.00
0.00
0.00
0.00
0.00
0.00
18.30
0.00
0.00
0.00
0.00
0.00
0.00
0.00
0.00
0.00
0.00
0.00
0.00
0.00
0.00
0.00
0.00
0.00
0.00
0.00
0.00
0.00
0.00
0.00
0.00
0.00
0.00
0.90
0.00
0.00
0.00
0.00
0.00
0.00
0.00
0.30
0.20
0.40
0.00
0.00
0.00
0.00
0.00
0.00
0.00
0.00
0.00
0.00
0.00
0.00
0.00
0.00
0.40
2.40
0.00
0.00
0.00
0.00
0.00
0.00
0.00
0.00
0.00
0.00
4.10
0.00
0.00
0.00
0.00
0.00
0.00
0.00
0.00
0.00
0.00
0.00
0.00
0.00
0.00
0.00
0.00
0.00
0.30
7.60
0.00
0.00
0.00
0.00
0.00
0.80
1.60
0.00
9.30
39.40
12.40
0.00
2.60
0.00
0.00
0.00
0.10
0.00
0.00
0.00
0.00
0.00
0.00
0.00
0.00
0.00
0.00
0.00
0.00
0.00
4.30
5.70
12.10
2.40
1.60
0.10
0.10
1.50
0.20
0.00
0.00
0.70
1.40
0.10
0.10
0.00
0.00
0.80
0.00
2.30
0.00
0.90
0.00
0.00
0.00
0.10
6.20
0.30
0.00
0.00
0.00
0.00
0.80
0.10
0.00
0.00
0.00
0.00
0.00
0.30
0.70
6.30
1.20
5.70
8.70
0.00
26.40
0.60
0.10
0.90
0.00
0.00
0.00
0.00
0.00
0.00
0.00
0.00
0.00
0.00
0.60
0.70
10.10
0.00
6.70
0.00
0.00
0.00
0.00
0.00
0.00
0.00
0.00
0.00
0.00
1.40
0.00
0.00
0.00
0.00
0.00
0.10
0.00
0.00
0.00
0.00
0.00
0.00
0.90
0.00
0.00
10.30
0.00
0.40
0.00
0.00
0.00
1.80
0.00
0.00
3.50
0.10
0.00
0.00
3.90
0.00
0.00
0.00
0.00
0.00
0.00
0.00
0.00
0.00
0.00
0.00
0.00
0.00
0.00
0.00
0.00
0.00
0.00
0.00
0.00
0.00
0.00
0.00
0.00
0.00
0.00
0.00
0.00
0.30
0.00
1.90
0.00
0.00
0.00
0.00
2.50
0.00
0.00
0.00
0.20
0.00
0.30
0.00
0.00
0.00
0.00
0.00
0.00
0.00
0.00
0.00
0.00
0.00
0.00
0.00
0.00
0.00
0.00
0.00
27.40
0.00
0.00
0.00
47.80
0.00
0.00
0.00
21.90
0.00
0.00
0.00
0.00
0.00
0.10
0.00
0.00
0.00
0.00
0.50
1.80
0.00
0.60
0.00
0.00
0.00
0.00
6.90
5.30
0.00
0.20
0.00
0.00
0.60
0.90
0.00
0.00
10.70
0.00
0.00
5.20
0.00
0.00
0.00
0.00
0.00
0.00
0.00
0.00
0.00
0.00
0.00
0.00
0.00
0.00
0.00
0.00
0.00
0.00
0.00
0.00
117.30
15.50
0.00
0.00
0.20
59.70
0.00
0.00
0.00
7.10
53.10
0.00
0.00
0.00
0.00
0.00
0.00
1.30
3.60
0.50
0.00
6.80
10.50
0.00
0.00
0.00
0.00
10.70
0.00
0.00
7.60
10.50
0.00
0.00
0.00
0.00
0.00
3.30
0.00
1.50
3.80
1.40
5.70
0.10
0.00
5.10
0.00
0.00
3.90
0.00
0.00
0.00
1.70
0.00
0.00
0.00
0.00
0.10
0.00
0.00
0.00
0.00
0.00
0.00
0.00
4.70
0.30
0.00
0.00
0.00
0.00
0.00
0.00
0.00
0.00
0.00
0.00
0.00
0.00
0.00
0.00
0.00
0.00
0.00
0.00
0.00
0.00
0.00
0.00
0.00
0.00
0.00
0.00
0.00
0.00
0.00
0.00
0.00
0.00
0.00
0.00
0.00
1.30
1.00
0.10
0.00
0.20
0.00
0.00
0.00
0.00
0.00
2.50
0.00
0.20
1.10
0.00
0.00
0.00
0.00
0.00
0.00
0.00
0.00
0.00
0.00
0.00
0.00
0.00
0.00
0.00
0.00
0.00
0.00
0.00
0.00
0.00
0.00
0.00
0.00
0.00
0.00
0.00
0.00
0.00
0.00
0.00
0.00
1.00
0.00
0.00
0.00
0.00
0.00
0.00
0.00
0.00
0.00
0.30
0.20
0.00
0.30
0.00
0.00
0.00
0.00
0.00
0.00
0.00
0.00
0.00
0.00
0.00
0.00
0.00
0.00
1.60
0.00
1.60
0.20
0.00
2.10
0.30
1.00
0.00
0.00
0.00
0.00
0.00
0.00
0.00
0.00
0.00
4.60
0.20
4.60
0.80
0.00
0.50
0.00
0.00
0.00
0.00
0.00
0.00
1.00
1.60
0.00
0.00
0.00
0.00
0.10
0.00
1.20
0.00
0.00
0.00
0.00
0.00
0.00
13.80
0.00
0.00
0.00
0.00
0.00
0.00
31.20
1.30
0.00
0.00
0.00
0.00
0.00
0.00
0.00
0.00
0.00
0.00
0.00
0.00
0.00
0.00
0.00
1.30
2.30
0.00
0.00
0.00
0.00
0.00
0.00
0.00
0.00
0.00
0.00
0.00
0.00
0.00
0.00
0.00
0.00
0.00
0.00
0.00
0.00
0.00
0.00
0.00
0.00
2.60
0.60
3.00
0.10
0.00
0.00
0.00
0.00
0.00
0.00
0.00
0.00
0.00
0.00
0.00
0.00
0.00
0.00
0.00
0.00
0.20
0.00
0.00
0.00
0.00
0.00
0.00
0.00
0.00
0.00
0.00
0.00
0.00
0.00
0.00
0.00
13.80
7.80
0.00
0.00
0.00
0.00
0.00
0.00
0.00
0.00
0.00
0.00
0.00
0.00
0.00
0.60
13.00
0.00
0.00
0.00
0.00
1.10
0.00
0.00
0.00
0.00
0.00
0.00
0.00
0.00
3.20
13.90
0.00
2.10
0.10
0.00
0.00
0.00
0.00
0.00
0.00
7.90
6.50
0.00
0.00
0.00
0.00
0.00
1.00
0.00
0.00
0.00
0.00
0.00
0.00
0.00
0.00
0.00
0.00
0.10
0.00
0.00
0.00
0.00
1.80
0.00
0.00
0.00
0.00
0.00
2.80
0.30
198.70
1.00
0.00
0.00
0.00
0.00
0.00
0.00
0.10
0.00
0.00
0.30
1.30
0.00
0.00
0.00
0.00
0.00
0.00
0.00
0.00
0.00
10.30
1.40
0.20
0.00
0.00
0.00
0.00
0.00
0.00
9.40
0.10
0.00
0.00
0.00
0.00
0.00
0.00
0.00
0.00
0.00
0.00
23.00
6.50
0.50
0.10
0.50
0.00
0.00
0.00
0.00
0.00
0.00
0.00
0.20
0.00
0.00
2.10
7.50
1.10
0.40
0.00
0.00
0.00
0.00
0.00
0.00
0.00
0.00
0.00
0.00
0.00
0.00
0.00
0.00
0.00
0.00
0.00
0.00
0.80
0.00
0.00
0.00
0.00
0.00
0.00
0.00
0.40
20.90
2.60
86.00
19.80
34.20
0.10
0.00
0.00
0.00
0.00
0.00
0.00
0.00
0.00
0.00
0.00
0.00
0.00
0.00
0.00
0.00
0.00
0.00
0.00
1.20
0.00
0.00
0.00
0.00
0.00
0.00
0.00
0.00
0.00
0.00
0.10
0.00
0.00
0.00
0.00
0.00
0.00
0.00
1.20
0.00
0.00
0.00
0.00
0.00
0.00
0.00
0.00
0.10
0.00
0.00
0.00
0.00
18.80
0.90
0.00
0.00
0.20
0.00
7.70
0.20
0.00
0.70
12.70
0.00
0.00
0.00
1.50
6.40
12.50
10.90
0.10
0.00
0.00
0.00
0.10
0.00
0.00
0.00
0.00
0.00
5.40
0.00
0.70
0.40
0.00
7.70
31.40
14.30
31.10
2.30
0.20
0.00
0.00
0.00
5.20
0.50
0.00
0.00
0.00
0.00
0.00
0.00
0.00
0.00
0.00
0.00
0.00
19.80
0.00
0.00
0.80
30.30
0.10
15.20
0.00
0.00
0.00
0.00
0.00
0.00
0.00
0.00
10.90
0.00
0.00
0.00
0.00
0.00
1.80
0.00
0.00
15.40
3.30
0.00
0.00
20.80
0.00
0.00
0.00
0.00
0.00
0.00
0.00
0.00
14.40
0.00
17.70
0.00
0.00
0.00
0.00
0.00
0.00
0.00
0.00
0.00
0.00
0.00
0.00
0.00
0.00
0.00
0.00
0.00
0.00
0.00
0.00
0.00
0.00
0.00
0.10
0.00
0.00
0.00
0.00
0.00
0.00
0.00
0.00
0.00
0.00
0.00
0.00
0.00
0.00
0.00
0.00
0.00
0.00
0.00
0.00
0.00
0.00
0.00
0.00
0.00
0.00
0.00
0.00
2.20
0.10
0.30
0.00
37.90
0.00
0.00
0.00
0.00
0.00
0.00
0.00
0.00
0.00
0.00
0.00
0.00
0.00
2.40
3.20
0.00
0.00
0.00
0.00
0.00
0.00
0.00
0.00
0.80
0.00
18.70
1.20
0.00
0.00
0.00
0.00
0.00
0.00
0.00
26.50
0.40
0.00
0.10
0.00
0.00
0.00
0.00
0.00
0.00
0.00
0.00
0.00
0.00
2.90
0.00
1.30
0.00
0.00
0.00
0.00
0.00
0.00
0.00
0.00
0.00
0.00
0.00
0.00
0.00
0.00
0.00
0.00
0.00
0.90
0.10
0.00
0.00
0.00
0.00
0.00
0.00
0.00
0.10
0.20
0.00
0.60
2.90
9.90
0.50
6.80
0.10
0.00
0.00
0.00
0.10
0.00
0.00
0.00
0.00
0.00
0.00
0.00
0.00
0.00
0.00
0.00
0.00
0.30
0.30
31.00
16.90
0.00
0.10
0.00
0.00
0.00
0.00
0.00
0.00
0.70
0.00
0.00
0.00
7.10
0.00
0.00
0.00
0.20
0.00
0.00
6.90
0.60
0.20
0.00
0.00
0.10
0.00
0.00
0.00
0.00
0.10
0.00
0.00
0.00
0.00
0.00
0.00
0.00
0.00
0.00
0.40
0.70
38.70
6.30
0.00
0.00
0.00
0.00
0.00
0.00
0.00
0.00
0.00
0.10
0.00
8.50
0.20
0.30
0.00
0.00
0.00
0.00
0.00
0.00
0.00
0.00
0.00
0.00
0.00
0.00
0.30
0.00
2.80
1.00
1.50
0.00
0.40
0.00
6.00
0.70
0.10
0.00
0.00
0.10
0.00
0.00
1.60
0.00
0.00
0.00
0.00
0.10
0.80
0.00
0.00
0.00
0.00
0.00
0.00
0.00
5.70
0.00
0.00
0.00
0.00
0.00
0.00
