20000101
-99.000000
-99.000000
-99.000000
-99.000000
-99.000000
-99.000000
-99.000000
-99.000000
-99.000000
-99.000000
-99.000000
-99.000000
-99.000000
-99.000000
-99.000000
-99.000000
-99.000000
-99.000000
-99.000000
5.451840
-99.000000
-99.000000
-99.000000
-99.000000
-99.000000
-99.000000
-99.000000
-99.000000
-99.000000
-99.000000
-99.000000
-99.000000
-99.000000
-99.000000
-99.000000
-99.000000
-99.000000
-99.000000
-99.000000
-99.000000
-99.000000
-99.000000
-99.000000
-99.000000
-99.000000
-99.000000
-99.000000
-99.000000
-99.000000
-99.000000
-99.000000
-99.000000
-99.000000
-99.000000
-99.000000
-99.000000
-99.000000
-99.000000
-99.000000
-99.000000
-99.000000
-99.000000
-99.000000
-99.000000
-99.000000
-99.000000
-99.000000
-99.000000
-99.000000
-99.000000
-99.000000
-99.000000
-99.000000
-99.000000
-99.000000
-99.000000
-99.000000
-99.000000
-99.000000
-99.000000
-99.000000
-99.000000
-99.000000
-99.000000
-99.000000
-99.000000
-99.000000
-99.000000
-99.000000
-99.000000
-99.000000
-99.000000
-99.000000
-99.000000
-99.000000
-99.000000
-99.000000
-99.000000
-99.000000
-99.000000
-99.000000
-99.000000
-99.000000
-99.000000
-99.000000
-99.000000
-99.000000
-99.000000
-99.000000
-99.000000
-99.000000
-99.000000
-99.000000
-99.000000
-99.000000
-99.000000
-99.000000
-99.000000
-99.000000
-99.000000
-99.000000
-99.000000
-99.000000
-99.000000
-99.000000
-99.000000
-99.000000
-99.000000
-99.000000
-99.000000
-99.000000
-99.000000
-99.000000
-99.000000
-99.000000
-99.000000
-99.000000
-99.000000
-99.000000
-99.000000
-99.000000
-99.000000
-99.000000
-99.000000
-99.000000
-99.000000
-99.000000
-99.000000
-99.000000
-99.000000
-99.000000
-99.000000
-99.000000
-99.000000
-99.000000
-99.000000
-99.000000
-99.000000
-99.000000
-99.000000
-99.000000
-99.000000
-99.000000
-99.000000
-99.000000
-99.000000
-99.000000
-99.000000
-99.000000
-99.000000
-99.000000
-99.000000
-99.000000
-99.000000
-99.000000
-99.000000
-99.000000
-99.000000
-99.000000
-99.000000
-99.000000
-99.000000
-99.000000
-99.000000
-99.000000
-99.000000
-99.000000
-99.000000
-99.000000
-99.000000
-99.000000
-99.000000
-99.000000
-99.000000
-99.000000
-99.000000
-99.000000
-99.000000
-99.000000
-99.000000
-99.000000
-99.000000
-99.000000
-99.000000
-99.000000
-99.000000
-99.000000
-99.000000
-99.000000
-99.000000
-99.000000
-99.000000
-99.000000
-99.000000
-99.000000
-99.000000
-99.000000
-99.000000
-99.000000
-99.000000
-99.000000
-99.000000
-99.000000
-99.000000
-99.000000
-99.000000
-99.000000
-99.000000
-99.000000
-99.000000
-99.000000
-99.000000
-99.000000
-99.000000
-99.000000
-99.000000
-99.000000
-99.000000
-99.000000
-99.000000
-99.000000
-99.000000
-99.000000
-99.000000
-99.000000
-99.000000
-99.000000
-99.000000
-99.000000
-99.000000
-99.000000
-99.000000
-99.000000
-99.000000
-99.000000
-99.000000
-99.000000
-99.000000
-99.000000
-99.000000
-99.000000
-99.000000
-99.000000
-99.000000
-99.000000
-99.000000
-99.000000
-99.000000
-99.000000
-99.000000
-99.000000
-99.000000
-99.000000
-99.000000
-99.000000
-99.000000
-99.000000
-99.000000
-99.000000
-99.000000
-99.000000
-99.000000
-99.000000
-99.000000
-99.000000
-99.000000
-99.000000
-99.000000
-99.000000
8.166240
8.870400
8.023680
7.282080
6.793920
4.271040
2.498400
3.778560
4.836960
6.904800
6.081120
7.109280
3.742560
3.710880
6.426720
2.617920
7.793280
3.225600
5.217120
7.476480
5.604480
6.606720
6.952320
7.254720
5.516640
6.806880
4.294080
5.908320
3.741120
5.955840
2.524320
4.389120
6.203520
5.081760
5.722560
2.743200
5.957280
5.228640
3.173760
5.580000
5.633280
5.587200
5.352480
5.025600
3.061440
5.469120
4.718880
4.956480
5.389920
3.984480
4.713120
4.191840
3.810240
4.870080
5.500800
4.988160
3.899520
3.916800
3.486240
5.667840
2.718720
6.654240
6.701760
6.580800
6.108480
6.562080
1.887840
1.641600
1.808640
1.879200
5.407200
6.156000
3.974400
4.628160
6.528960
2.481120
6.835680
6.210720
6.477120
5.796000
6.517440
5.548320
1.738080
4.412160
7.230240
3.150720
5.571360
5.601600
2.963520
3.816000
1.805760
1.254240
5.274720
5.626080
4.379040
-99.000000
-99.000000
-99.000000
-99.000000
-99.000000
-99.000000
-99.000000
-99.000000
-99.000000
-99.000000
-99.000000
-99.000000
-99.000000
9.512640
8.239680
9.125280
9.253440
8.915040
5.745600
6.791040
9.754560
9.030240
10.080000
9.963360
9.524160
4.220640
1.972800
9.876960
10.422720
-99.000000
-99.000000
11.527200
11.537280
11.003040
11.584800
11.208960
2.498400
10.061280
12.039840
12.600000
9.882720
11.854080
6.346080
10.861920
10.035360
7.817760
8.566560
10.213920
5.060160
13.138560
8.671680
12.463200
8.242560
14.459040
14.248800
14.152320
6.818400
11.881440
12.339360
15.004800
11.537280
11.527200
12.978720
14.626080
11.692800
12.492000
9.889920
13.417920
12.101760
6.400800
16.505280
17.634240
17.098560
16.516800
11.702880
15.455520
11.645280
16.931520
9.388800
19.137600
13.043520
16.335360
17.147520
19.661760
8.926560
19.818720
17.290080
6.626880
3.798720
4.595040
8.079840
12.003840
14.682240
20.122560
18.888480
18.518400
12.549600
17.069760
14.234400
18.695520
16.536960
5.924160
12.944160
8.229600
9.024480
11.141280
7.997760
12.330720
12.369600
16.051680
16.439040
7.385760
16.305120
19.483200
17.477280
15.366240
21.268800
19.003680
11.358720
9.108000
23.473440
14.254560
9.554400
11.184480
13.802400
12.697920
19.369440
21.146400
21.227040
21.301920
21.807360
21.494880
16.238880
12.876480
12.780000
11.472480
21.070080
19.016640
10.160640
20.210400
21.434400
9.014400
5.175360
22.350240
21.669120
17.857440
21.756960
21.232800
17.588160
15.442560
23.328000
22.972320
22.446720
22.105440
21.782880
20.521440
20.979360
18.476640
21.756960
17.231040
19.440000
22.396320
21.926880
21.191040
21.744000
16.283520
14.765760
17.553600
18.812160
15.868800
18.541440
14.008320
17.111520
9.757440
7.810560
18.794880
20.594880
9.131040
10.114560
20.161440
10.118880
6.982560
19.310400
21.479040
20.527200
18.393120
16.132320
16.643520
18.352800
19.108800
16.528320
19.091520
18.629280
18.024480
17.598240
16.536960
13.358880
10.586880
17.259840
11.933280
15.343200
12.922560
17.228160
15.831360
19.317600
18.810720
18.237600
17.724960
14.879520
14.368320
15.651360
16.204320
10.860480
14.735520
18.367200
18.888480
18.626400
18.345600
18.411840
18.204480
18.063360
18.466560
16.306560
11.617920
10.176480
18.403200
18.632160
14.749920
6.084000
16.025760
17.573760
16.799040
14.849280
16.056000
10.062720
15.976800
17.107200
15.884640
10.457280
16.585920
15.953760
3.467520
13.466880
7.486560
7.837920
11.926080
4.962240
11.573280
2.354400
8.700480
13.026240
10.087200
5.794560
6.203520
12.214080
11.376000
10.627200
10.558080
11.180160
5.304960
7.063200
10.634400
10.195200
4.972320
8.213760
8.817120
10.114560
5.608800
9.594720
9.483840
10.272960
7.689600
9.855360
9.365760
5.888160
9.295200
10.221120
7.104960
8.317440
8.948160
7.728480
8.652960
7.990560
7.613280
8.714880
6.020640
9.372960
5.094720
8.416800
8.370720
3.360960
7.187040
7.855200
4.965120
7.980480
4.913280
1.209600
5.266080
6.472800
5.188320
0.718560
2.136960
2.440800
6.160320
4.098240
6.930720
6.317280
7.980480
7.637760
7.374240
7.583040
6.069600
3.264480
5.692320
6.786720
5.135040
6.721920
5.192640
6.361920
5.754240
6.871680
6.701760
6.887520
4.200480
6.523200
5.940000
6.672960
6.720480
6.697440
1.088640
1.529280
6.832800
5.898240
2.528640
6.217920
6.474240
6.170400
6.472800
3.726720
7.024320
7.020000
5.122080
6.811200
6.768000
5.614560
2.820960
0.675360
1.605600
0.866880
1.733760
0.629280
1.609920
6.687360
7.076160
3.755520
5.837760
5.653440
6.976800
7.243200
4.855680
5.915520
3.939840
7.230240
7.238880
7.787520
6.324480
7.979040
8.467200
5.728320
5.309280
7.662240
7.768800
8.382240
7.521120
8.223840
8.161920
5.918400
5.562720
8.174880
9.158400
6.804000
8.173440
6.048000
9.115200
10.651680
9.282240
9.707040
7.921440
10.045440
10.406880
10.062720
5.171040
5.446080
3.054240
3.654720
11.279520
11.747520
5.634720
12.548160
10.702080
8.572320
10.114560
4.330080
8.098560
12.719520
4.358880
7.673760
2.923200
13.603680
12.801600
2.764800
6.190560
8.923680
14.519520
12.355200
14.921280
13.019040
9.496800
12.179520
13.433760
14.997600
12.576960
11.825280
12.032640
12.588480
15.750720
10.838880
16.031520
16.289280
17.883360
11.783520
16.171200
16.593120
10.988640
2.203200
10.836000
13.276800
16.318080
7.223040
1.190880
13.057920
18.008640
15.528960
6.873120
2.126880
11.679840
3.898080
1.686240
5.604480
9.470880
3.097440
7.665120
17.274240
19.980000
10.448640
10.795680
19.206720
21.872160
21.211200
19.428480
18.948960
21.666240
14.739840
14.068800
14.240160
11.573280
21.149280
11.694240
5.091840
14.807520
14.392800
13.286880
10.836000
4.478400
2.105280
12.684960
8.907840
4.891680
20.138400
22.857120
22.425120
20.963520
22.576320
18.525600
18.308160
23.988960
22.285440
22.288320
9.372960
9.488160
23.594400
16.089120
13.773600
9.495360
17.475840
21.601440
22.295520
22.664160
18.937440
23.041440
19.792800
11.587680
8.415360
10.965600
20.085120
4.452480
21.359520
11.767680
19.830240
20.381760
20.387520
21.614400
21.451680
21.964320
21.540960
20.939040
20.800800
16.948800
20.823840
20.854080
21.255840
21.777120
20.880000
19.026720
17.645760
19.196640
13.860000
5.994720
11.616480
14.690880
17.972640
17.867520
14.778720
4.271040
21.382560
19.026720
17.742240
8.602560
18.338400
14.256000
7.107840
6.475680
9.100800
4.808160
16.526880
8.520480
20.211840
21.090240
21.355200
19.768320
21.360960
20.102400
18.047520
19.491840
20.171520
20.044800
16.594560
11.708640
14.882400
13.032000
19.752480
20.282400
19.160640
19.617120
15.740640
19.113120
7.202880
11.498400
10.864800
21.944160
21.604320
20.793600
19.558080
12.636000
18.496800
19.055520
18.879840
15.132960
17.269920
16.162560
6.311520
17.035200
8.475840
9.142560
9.388800
3.746880
17.493120
18.362880
17.076960
11.481120
11.391840
11.881440
12.752640
12.559680
10.267200
15.613920
13.282560
9.292320
13.168800
16.518240
14.948640
4.230720
11.299680
16.812000
16.669440
13.262400
6.590880
12.833280
14.978880
9.352800
5.322240
7.858080
15.068160
16.740000
16.096320
15.276960
13.753440
12.526560
12.278880
12.025440
10.967040
4.497120
9.629280
12.316320
10.923840
13.037760
9.299520
8.942400
1.166400
3.385440
9.996480
9.362880
12.121920
11.337120
12.172320
11.429280
7.639200
10.710720
9.770400
11.318400
10.146240
11.364480
5.209920
6.593760
8.745120
10.418400
10.539360
10.061280
5.122080
8.585280
2.702880
9.318240
8.385120
6.397920
4.655520
9.889920
8.978400
9.423360
8.860320
7.220160
8.363520
7.116480
6.317280
7.793280
5.289120
1.932480
8.166240
6.268320
7.930080
7.646400
1.896480
2.831040
7.941600
6.229440
1.313280
2.083680
7.531200
7.270560
6.454080
3.142080
7.217280
2.458080
5.077440
7.266240
6.854400
2.796480
4.299840
5.392800
6.301440
3.241440
0.987840
5.437440
5.872320
6.347520
3.489120
5.653440
6.154560
1.964160
2.504160
1.412640
2.495520
5.689440
5.562720
3.615840
5.434560
6.364800
5.814720
2.082240
5.195520
4.593600
1.658880
6.589440
3.306240
3.849120
5.855040
2.787840
3.877920
0.407520
5.113440
1.391040
3.889440
6.009120
7.737120
7.480800
7.633440
7.424640
7.424640
6.491520
7.176960
6.792480
2.828160
7.251840
8.038080
7.692480
5.351040
8.756640
9.280800
2.518560
8.536320
8.151840
9.096480
6.886080
6.634080
9.048960
8.835840
7.198560
6.706080
7.724160
9.538560
7.796160
9.609120
8.746560
8.448480
6.577920
2.877120
3.191040
3.869280
7.719840
10.366560
6.076800
8.900640
1.634400
0.499680
4.798080
4.808160
6.468480
4.003200
1.283040
0.666720
7.067520
11.079360
6.962400
8.690400
6.994080
12.996000
12.451680
6.442560
11.999520
12.324960
12.746880
14.123520
13.580640
13.576320
13.344480
11.776320
3.640320
14.955840
15.608160
14.482080
15.747840
15.740640
14.965920
15.304320
15.379200
11.305440
16.295040
15.050880
11.429280
1.662480
6.614640
2.882880
16.692480
12.996000
5.123520
19.107360
19.272960
18.999360
18.982080
18.931680
3.784320
17.893440
11.327040
10.697760
17.693280
18.426240
4.262400
14.863680
15.419520
14.722560
15.347520
12.962880
13.233600
12.709440
15.454080
20.867040
19.316160
17.141760
10.104480
21.268800
20.635200
19.571040
10.503360
19.283040
18.688320
20.980800
17.976960
12.929760
10.753920
15.593760
17.758080
19.510560
17.720640
15.122880
15.909120
6.658560
15.420960
13.890240
17.759520
9.184320
21.339360
20.494080
11.571840
19.382400
17.353440
23.067360
15.343200
7.649280
4.366080
17.654400
20.401920
21.641760
19.059840
20.013120
21.441600
16.760160
11.557440
22.275360
7.937280
15.477120
21.306240
20.298240
22.165920
21.893760
22.560480
22.498560
22.060800
20.435040
13.341600
15.747840
12.382560
17.854560
24.608160
24.330240
23.156640
22.813920
22.870080
13.289760
17.508960
20.819520
11.252160
16.365600
21.883680
22.910400
20.250720
16.673760
10.559520
18.421920
16.104960
17.297280
20.417760
16.030080
9.797760
22.354560
21.192480
21.558240
21.517920
17.928000
21.532320
21.168000
19.971360
22.013280
21.677760
13.330080
20.741760
20.237760
17.871840
15.842880
20.567520
20.737440
14.712480
18.211680
19.514880
16.729920
20.115360
21.625920
21.204000
20.620800
20.914560
20.599200
20.478240
13.900320
17.657280
18.636480
18.933120
19.604160
18.306720
17.827200
15.984000
15.384960
13.687200
9.244800
18.162720
19.028160
15.068160
14.063040
17.082720
18.210240
14.675040
18.139680
14.941440
17.640000
15.372000
19.074240
12.985920
10.336320
8.431200
10.029600
13.662720
9.514080
9.504000
10.808640
4.619520
12.850560
10.946880
15.995520
16.201440
17.043840
15.624000
15.275520
16.601760
16.570080
16.470720
16.012800
15.160320
12.843360
14.175360
10.429920
11.093760
10.131840
14.582880
11.767680
3.211200
8.314560
5.490720
5.006880
11.151360
10.946880
11.344320
4.253760
6.926400
9.862560
11.815200
9.243360
11.109600
10.683360
10.150560
5.811840
3.749760
6.235200
0.830880
5.794560
0.440640
1.837440
4.731840
7.797600
4.141440
5.986080
7.937280
5.610240
8.268480
0.728640
3.196800
3.411360
4.220640
5.297760
1.948320
6.156000
6.333120
7.164000
6.821280
6.624000
6.782400
5.990400
1.334880
1.396800
2.727360
2.737440
3.689280
3.371040
3.938400
4.036320
1.287360
5.374080
5.558400
4.946400
2.727360
3.483360
2.640960
2.079360
4.642560
5.076000
4.379040
3.718080
3.284640
3.866400
3.297600
0.364320
2.175840
1.023840
5.562720
3.769920
5.561280
2.923200
4.248000
6.204960
2.629440
6.094080
5.736960
5.335200
4.091040
5.312160
5.954400
4.436640
3.330720
2.907360
5.110560
4.269600
6.215040
3.317760
4.383360
6.279840
6.048000
4.883040
0.532800
4.599360
6.291360
4.953600
3.520800
6.739200
6.671520
6.382080
6.130080
3.602880
3.047040
5.686560
3.461760
3.723840
5.807520
2.962080
2.730240
2.327040
5.032800
6.950880
4.548960
4.651200
6.860160
4.147200
6.472800
3.977280
3.456000
1.710720
2.033280
4.786560
0.444960
8.928000
4.701600
7.590240
7.871040
7.509600
6.436800
6.986880
3.435840
7.951680
2.553120
6.458400
6.975360
9.266400
9.365760
8.500320
9.351360
9.372960
8.199360
9.063360
0.849600
9.709920
3.817440
8.156160
4.705920
1.350720
6.112800
7.113600
7.374240
2.077920
2.877120
8.635680
11.625120
8.784000
12.558240
12.515040
12.748320
10.247040
8.496000
7.719840
11.593440
11.731680
13.479840
3.479040
11.596320
5.348160
0.534240
7.626240
12.702240
12.574080
13.744800
9.835200
12.453120
9.050400
2.764800
6.130080
16.686720
15.228000
12.732480
13.946400
3.611520
10.702080
3.080160
7.056000
7.544160
14.346720
9.865440
15.624000
16.025760
15.971040
2.593440
1.625760
4.432320
13.805280
14.231520
17.835840
11.381760
16.398720
5.505120
14.847840
0.864000
8.704800
12.994560
17.832960
12.320640
19.332000
4.615200
14.971680
19.526400
20.211840
18.766080
18.171360
12.928320
2.548800
11.734560
14.676480
7.218720
0.652320
10.874880
3.362400
14.757120
16.333920
20.095200
15.406560
10.267200
4.456800
9.308160
19.933920
21.356640
20.898720
21.392640
20.302560
21.454560
21.057120
21.790080
15.880320
10.363680
20.489760
22.258080
18.380160
10.897920
16.218720
18.977760
17.955360
11.293920
10.419840
12.108960
15.523200
18.933120
21.680640
22.332960
21.697920
21.005280
21.064320
21.879360
20.636640
12.500640
11.016000
22.106880
22.301280
16.987680
13.298400
22.959360
21.970080
6.050880
6.887520
19.524960
15.046560
19.478880
8.807040
15.109920
18.136800
21.375360
18.783360
17.462880
20.737440
17.562240
14.731200
17.811360
21.198240
15.814080
15.634080
19.882080
16.056000
11.617920
13.271040
7.776000
15.766560
13.430880
16.572960
20.124000
16.944480
19.771200
19.670400
18.319680
17.988480
14.460480
19.291680
13.209120
14.499360
19.761120
17.942400
18.622080
19.046880
15.819840
17.712000
18.773280
17.326080
13.700160
17.557920
7.817760
16.502400
18.917280
14.774400
18.731520
14.202720
16.018560
18.362880
15.644160
15.301440
18.361440
18.421920
16.266240
9.816480
19.080000
18.383040
16.284960
14.276160
16.914240
11.728800
10.864800
12.834720
16.509600
17.366400
12.712320
8.252640
7.915680
2.780640
13.003200
7.793280
5.447520
13.893120
9.060480
12.353760
9.911520
14.087520
13.731840
13.540320
13.078080
11.433600
13.920480
6.749280
10.516320
14.980320
15.397920
14.735520
11.936160
4.386240
5.974560
14.123520
14.152320
10.284480
14.952960
14.594400
13.924800
13.078080
10.768320
12.098880
11.717280
11.491200
11.908800
12.003840
7.156800
9.865440
9.666720
10.463040
11.106720
12.268800
8.418240
8.017920
7.572960
8.572320
6.966720
10.170720
9.554400
3.353760
5.585760
6.851520
10.054080
11.370240
10.136160
9.479520
8.543520
4.927680
4.623840
9.476640
8.955360
7.961760
6.602400
4.789440
9.571680
7.591680
4.462560
3.971520
7.754400
8.268480
8.586720
7.581600
6.161760
7.770240
6.690240
8.575200
8.638560
7.981920
5.113440
7.560000
7.662240
7.872480
6.615360
7.711200
4.855680
6.877440
6.187680
6.321600
5.849280
7.119360
6.207840
1.313280
6.631200
2.643840
7.125120
5.641920
0.940320
5.734080
2.465280
1.023840
1.044000
0.613440
4.258080
6.216480
3.139200
6.189120
3.900960
2.962080
5.437440
6.206400
5.267520
5.846400
5.899680
6.013440
2.954880
4.965120
6.269760
1.579680
5.057280
3.682080
3.584160
6.711840
5.879520
5.591520
5.778720
5.960160
6.056640
5.988960
5.359680
6.187680
6.030720
5.761440
6.302880
6.311520
6.072480
5.846400
6.210720
6.520320
6.128640
5.008320
5.860800
6.148800
5.345280
6.876000
6.769440
6.927840
5.823360
6.556320
8.003520
7.536960
7.524000
2.007360
7.954560
8.565120
8.089920
8.255520
7.817760
8.284320
7.660800
4.995360
2.682720
1.437120
2.862720
5.685120
9.234720
8.287200
7.201440
8.190720
9.858240
10.365120
10.347840
10.507680
10.805760
10.618560
6.395040
11.439360
6.485760
10.418400
5.313600
9.522720
11.414880
10.357920
8.452800
12.777120
12.572640
7.120800
12.651840
12.060000
14.182560
15.022080
14.499360
14.309280
13.527360
4.764960
14.764320
14.186880
13.656960
11.020320
14.382720
12.130560
15.382080
15.632640
14.752800
2.979360
3.304800
7.269120
6.688800
4.775040
13.203360
8.513280
14.424480
8.364960
10.635840
16.812000
16.981920
2.515680
4.716000
6.631200
8.510400
15.480000
16.885440
2.244960
15.289920
20.203200
17.212320
18.208800
14.148000
18.514080
4.246560
12.840480
20.060640
12.785760
14.667840
12.303360
13.298400
12.113280
19.824480
7.472160
16.680960
20.761920
20.583360
20.714400
18.917280
20.792160
19.127520
10.739520
12.837600
9.616320
20.501280
21.852000
21.640320
20.649600
15.379200
12.562560
15.900480
14.758560
16.750080
13.006080
20.049120
14.843520
2.803680
21.867840
22.514400
20.115360
18.731520
19.212480
12.911040
22.044960
15.667200
23.002560
22.953600
21.794400
22.006080
10.954080
13.367520
20.452320
23.055840
20.672640
17.948160
18.128160
15.580800
22.718880
20.217600
22.520160
22.141440
16.123680
16.732800
10.431360
7.516800
17.233920
17.409600
23.330880
22.497120
21.631680
14.372640
13.217760
20.263680
16.142400
14.712480
22.802400
22.482720
18.427680
13.564800
20.995200
17.107200
16.513920
21.058560
21.533760
10.329120
18.285120
14.284800
13.871520
10.412640
7.447680
21.140640
22.325760
22.114080
18.745920
21.674880
20.141280
21.366720
20.272320
13.213440
21.362400
20.319840
19.114560
16.931520
15.281280
18.642240
10.238400
14.793120
20.162880
19.892160
15.708960
13.322880
13.512960
7.063200
10.774080
18.043200
21.805920
21.019680
20.093760
19.026720
15.328800
16.407360
12.074400
9.118080
20.669760
14.603040
14.052960
13.883040
18.010080
15.212160
8.087040
9.365760
8.589600
13.970880
18.066240
18.996480
17.173440
18.190080
13.809600
3.094560
15.091200
18.138240
18.269280
18.190080
16.822080
16.689600
16.889760
12.879360
12.451680
8.202240
9.889920
6.288480
16.839360
10.818720
14.112000
13.285440
8.400960
15.819840
16.284960
14.539680
6.300000
16.542720
9.865440
15.973920
15.458400
14.133600
13.312800
12.801600
11.229120
10.562400
12.587040
11.031840
3.196800
13.435200
11.262240
11.676960
11.190240
3.193920
4.561920
12.496320
13.197600
12.461760
12.058560
5.283360
2.587680
2.616480
4.399200
2.088000
5.093280
8.745120
9.396000
0.675360
9.106560
7.994880
10.995840
10.275840
3.892320
10.461600
6.121440
7.257600
6.812640
4.645440
6.675840
7.865280
4.253760
6.904800
6.858720
7.745760
2.897280
7.889760
8.202240
7.993440
8.013600
1.163520
1.588320
5.048640
4.858560
2.475360
1.398240
4.609440
6.985440
4.246560
5.918400
6.294240
4.707360
6.039360
5.807520
6.609600
6.451200
3.831840
4.612320
5.466240
6.248160
6.285600
6.492960
5.680800
2.077920
4.353120
4.233600
4.996800
4.417920
5.636160
2.410560
5.617440
5.552640
5.575680
3.288960
3.296160
5.205600
5.176800
5.368320
5.087520
5.172480
5.218560
5.280480
5.258880
5.156640
5.041440
4.959360
4.930560
4.281120
4.226400
5.564160
5.310720
4.036320
3.682080
5.143680
5.980320
5.715360
5.577120
1.592640
3.879360
0.807840
2.435040
4.259520
3.705120
5.823360
6.148800
5.189760
4.475520
5.944320
2.675520
5.711040
3.041280
6.704640
6.356160
6.402240
7.161120
7.211520
6.078240
6.387840
4.668480
2.727360
0.753120
0.881280
0.940320
5.738400
7.619040
6.664320
4.682880
6.861600
8.180640
8.327520
8.287200
8.544960
7.814880
7.778880
8.520480
8.472960
5.934240
8.110080
6.688800
5.366880
9.796320
9.145440
7.886880
9.817920
4.569120
9.662400
7.293600
9.273600
10.759680
3.447360
11.384640
10.333440
5.745600
12.215520
11.640960
7.945920
3.028320
9.614880
11.246400
4.914720
9.105120
10.686240
13.122720
13.734720
10.049760
13.409280
11.741760
10.504800
10.169280
1.982880
0.732960
9.796320
9.041760
6.104160
12.584160
14.879520
15.075360
10.559520
11.119680
10.802880
13.662720
13.114080
14.168160
12.543840
10.539360
11.106720
12.756960
11.174400
4.950720
14.973120
13.148640
14.690880
3.222720
18.567360
15.308640
17.160480
-99.000000
-99.000000
-99.000000
11.263680
17.923680
15.458400
8.704800
11.090880
15.341760
10.948320
16.077600
18.928800
17.395200
12.741120
19.787040
19.002240
17.393760
19.051200
16.967520
17.249760
14.309280
18.606240
16.175520
17.825760
11.088000
18.028800
5.775840
20.301120
13.720320
7.234560
18.283680
18.668160
18.102240
17.517600
15.408000
15.559200
18.236160
19.978560
19.039680
16.912800
21.193920
21.572640
21.522240
21.515040
20.894400
20.787840
10.514880
20.777760
22.858560
23.448960
23.536800
22.819680
21.111840
21.623040
21.545280
17.752320
17.961120
18.887040
20.697120
18.237600
21.771360
22.906080
18.460800
14.554080
20.920320
20.092320
17.755200
7.676640
15.994080
17.483040
20.325600
-99.000000
-99.000000
-99.000000
18.079200
13.911840
18.365760
17.100000
16.780320
21.601440
21.132000
21.503520
19.932480
15.049440
20.579040
-99.000000
-99.000000
-99.000000
-99.000000
16.895520
8.707680
10.486080
3.828960
-99.000000
-99.000000
19.598400
16.544160
18.502560
4.023360
-99.000000
14.574240
17.071200
18.084960
20.361600
18.358560
-99.000000
-99.000000
19.504800
14.123520
14.283360
9.720000
10.955520
18.076320
16.355520
19.942560
20.380320
12.974400
20.191680
13.203360
13.548960
4.351680
14.774400
14.397120
7.116480
16.856640
14.256000
16.342560
15.503040
15.642720
18.499680
17.835840
17.488800
8.622720
12.928320
16.430400
18.018720
13.239360
14.038560
9.732960
17.785440
16.413120
5.820480
15.796800
16.283520
16.172640
3.847680
8.674560
11.528640
14.682240
14.941440
13.302720
6.423840
3.715200
3.358080
10.002240
6.396480
14.371200
10.962720
14.309280
13.366080
12.388320
2.108160
2.989440
7.711200
13.052160
14.423040
13.721760
11.460960
8.565120
9.491040
12.712320
11.676960
9.740160
-99.000000
12.163680
11.648160
9.967680
10.188000
2.070720
7.646400
6.832800
2.112480
9.924480
10.772640
8.809920
9.826560
7.175520
2.590560
8.632800
3.882240
-99.000000
6.890400
0.889920
8.733600
6.799680
7.115040
7.328160
8.167680
7.663680
8.295840
6.395040
4.410720
8.913600
8.349120
4.332960
8.147520
7.426080
5.902560
6.680160
7.136640
7.296480
6.930720
5.048640
7.254720
6.786720
6.102720
3.440160
1.419840
6.527520
6.553440
5.156640
4.052160
5.788800
5.695200
5.094720
3.972960
2.836800
5.891040
2.682720
4.884480
4.962240
0.466560
0.112320
6.585120
4.060800
6.151680
0.587520
5.348160
1.895040
5.535360
6.495840
6.530400
5.765760
5.682240
6.013440
2.285280
5.896800
5.387040
4.606560
6.302880
4.710240
6.465600
2.880000
3.296160
3.098880
5.412960
5.754240
6.150240
6.173280
6.261120
6.207840
5.624640
-99.000000
-99.000000
-99.000000
-99.000000
-99.000000
-99.000000
-99.000000
-99.000000
-99.000000
-99.000000
-99.000000
-99.000000
-99.000000
-99.000000
-99.000000
-99.000000
-99.000000
-99.000000
-99.000000
-99.000000
-99.000000
-99.000000
-99.000000
-99.000000
-99.000000
-99.000000
-99.000000
-99.000000
-99.000000
-99.000000
-99.000000
-99.000000
-99.000000
-99.000000
-99.000000
-99.000000
-99.000000
-99.000000
-99.000000
-99.000000
-99.000000
-99.000000
-99.000000
-99.000000
-99.000000
-99.000000
-99.000000
-99.000000
-99.000000
-99.000000
-99.000000
-99.000000
-99.000000
-99.000000
-99.000000
-99.000000
-99.000000
-99.000000
-99.000000
-99.000000
-99.000000
-99.000000
-99.000000
-99.000000
-99.000000
-99.000000
-99.000000
-99.000000
-99.000000
-99.000000
-99.000000
-99.000000
-99.000000
-99.000000
-99.000000
-99.000000
-99.000000
-99.000000
-99.000000
-99.000000
-99.000000
-99.000000
-99.000000
-99.000000
-99.000000
-99.000000
-99.000000
-99.000000
-99.000000
-99.000000
-99.000000
-99.000000
-99.000000
-99.000000
-99.000000
-99.000000
-99.000000
-99.000000
-99.000000
-99.000000
-99.000000
-99.000000
-99.000000
-99.000000
-99.000000
-99.000000
-99.000000
-99.000000
-99.000000
-99.000000
-99.000000
-99.000000
-99.000000
-99.000000
-99.000000
-99.000000
-99.000000
-99.000000
-99.000000
-99.000000
-99.000000
-99.000000
-99.000000
-99.000000
-99.000000
-99.000000
-99.000000
-99.000000
-99.000000
-99.000000
-99.000000
-99.000000
-99.000000
-99.000000
-99.000000
-99.000000
-99.000000
-99.000000
-99.000000
-99.000000
-99.000000
-99.000000
-99.000000
-99.000000
-99.000000
-99.000000
-99.000000
-99.000000
-99.000000
-99.000000
-99.000000
-99.000000
-99.000000
-99.000000
-99.000000
-99.000000
-99.000000
-99.000000
-99.000000
-99.000000
-99.000000
-99.000000
-99.000000
-99.000000
-99.000000
-99.000000
-99.000000
-99.000000
-99.000000
-99.000000
-99.000000
-99.000000
-99.000000
-99.000000
-99.000000
-99.000000
-99.000000
-99.000000
-99.000000
-99.000000
-99.000000
-99.000000
-99.000000
-99.000000
-99.000000
-99.000000
-99.000000
-99.000000
-99.000000
-99.000000
-99.000000
-99.000000
-99.000000
-99.000000
-99.000000
-99.000000
-99.000000
-99.000000
-99.000000
-99.000000
-99.000000
-99.000000
-99.000000
-99.000000
-99.000000
-99.000000
-99.000000
-99.000000
-99.000000
-99.000000
-99.000000
-99.000000
-99.000000
-99.000000
-99.000000
-99.000000
-99.000000
-99.000000
-99.000000
-99.000000
-99.000000
-99.000000
-99.000000
-99.000000
-99.000000
-99.000000
-99.000000
-99.000000
-99.000000
-99.000000
-99.000000
-99.000000
-99.000000
-99.000000
-99.000000
-99.000000
-99.000000
-99.000000
-99.000000
-99.000000
-99.000000
-99.000000
-99.000000
-99.000000
-99.000000
-99.000000
-99.000000
-99.000000
-99.000000
-99.000000
-99.000000
-99.000000
-99.000000
-99.000000
-99.000000
-99.000000
-99.000000
-99.000000
-99.000000
-99.000000
-99.000000
-99.000000
-99.000000
-99.000000
-99.000000
-99.000000
-99.000000
-99.000000
-99.000000
-99.000000
-99.000000
-99.000000
-99.000000
-99.000000
-99.000000
-99.000000
-99.000000
-99.000000
-99.000000
-99.000000
-99.000000
-99.000000
-99.000000
-99.000000
-99.000000
-99.000000
-99.000000
-99.000000
-99.000000
-99.000000
-99.000000
-99.000000
-99.000000
-99.000000
-99.000000
-99.000000
-99.000000
-99.000000
-99.000000
-99.000000
-99.000000
-99.000000
-99.000000
-99.000000
-99.000000
-99.000000
-99.000000
-99.000000
-99.000000
-99.000000
-99.000000
-99.000000
-99.000000
-99.000000
-99.000000
-99.000000
-99.000000
-99.000000
-99.000000
-99.000000
-99.000000
-99.000000
-99.000000
-99.000000
-99.000000
-99.000000
-99.000000
-99.000000
-99.000000
-99.000000
-99.000000
-99.000000
-99.000000
-99.000000
-99.000000
-99.000000
-99.000000
-99.000000
-99.000000
-99.000000
-99.000000
-99.000000
-99.000000
-99.000000
-99.000000
-99.000000
-99.000000
-99.000000
-99.000000
-99.000000
-99.000000
-99.000000
-99.000000
2.381760
2.145600
0.508320
4.091040
6.553440
6.642720
5.058720
6.785280
6.701760
6.230880
6.716160
7.097760
6.703200
3.091680
2.979360
3.818880
3.739680
5.613120
6.073920
1.409760
4.523040
4.662720
5.342400
6.950880
6.798240
3.597120
5.260320
3.696480
6.600960
7.077600
7.466400
6.893280
7.485120
7.018560
8.140320
7.591680
8.081280
8.516160
9.023040
8.238240
8.907840
7.128000
8.020800
4.717440
4.396320
6.039360
5.656320
9.544320
9.806400
9.928800
9.989280
10.386720
10.152000
5.205600
5.940000
6.641280
4.888800
10.680480
9.904320
5.423040
3.731040
2.013120
1.427040
10.915200
11.763360
11.867040
7.165440
3.948480
8.550720
10.755360
6.364800
10.709280
9.141120
13.155840
9.603360
6.618240
15.446880
15.356160
8.697600
13.762080
10.026720
6.635520
15.029280
10.546560
13.963680
15.259680
10.637280
10.368000
10.674720
7.080480
1.779840
18.187200
8.824320
5.886720
13.518720
15.655680
14.274720
9.869760
8.460000
16.058880
14.148000
16.066080
15.606720
20.388960
15.131520
19.019520
20.308320
19.440000
12.002400
4.037760
16.272000
11.393280
16.333920
3.791520
18.302400
19.524960
15.752160
20.367360
16.525440
5.617440
10.153440
19.821600
13.955040
13.910400
17.082720
21.401280
18.871200
18.979200
22.608000
20.586240
9.040320
22.178880
9.485280
23.407200
22.017600
23.096160
19.111680
13.798080
7.708320
21.844800
18.087840
3.525120
3.754080
9.532800
4.795200
19.880640
15.769440
15.151680
10.794240
8.544960
9.066240
21.834720
21.392640
20.028960
12.021120
17.693280
15.050880
2.086560
17.300160
5.555520
14.016960
20.494080
18.921600
10.536480
4.651200
14.536800
14.340960
3.578400
-99.000000
-99.000000
-99.000000
24.789600
23.369760
13.380480
17.187840
23.744160
9.292320
6.016320
10.336320
18.504000
11.950560
24.144480
25.416000
24.143040
24.524640
26.125920
24.239520
15.935040
23.608800
22.204800
23.088960
25.310880
24.710400
17.143200
20.800800
20.494080
6.752160
25.214400
22.780800
18.699840
11.838240
20.335680
23.726880
23.353920
17.860320
13.364640
13.240800
22.065120
25.555680
18.996480
17.277120
18.375840
24.266880
21.611520
6.968160
24.936480
24.078240
21.543840
21.497760
14.885280
19.097280
22.812480
21.877920
23.482080
23.160960
18.450720
21.978720
22.354560
21.369600
21.448800
21.882240
16.774560
19.645920
21.664800
19.162080
13.798080
20.136960
14.680800
10.959840
19.936800
12.922560
17.820000
21.090240
19.262880
13.200480
20.190240
3.666240
1.716480
19.304640
11.615040
12.009600
19.003680
18.437760
19.219680
19.144800
12.821760
12.905280
17.305920
15.838560
13.625280
15.919200
8.151840
16.208640
18.266400
9.979200
13.168800
11.967840
7.786080
14.417280
11.460960
17.997120
15.212160
12.918240
9.853920
12.970080
15.210720
12.684960
5.909760
3.502080
4.910400
14.479200
6.845760
15.220800
14.623200
15.275520
12.222720
11.642400
11.242080
9.878400
14.423040
14.482080
14.122080
13.089600
3.130560
7.309440
13.142880
11.796480
5.369760
6.386400
11.437920
11.208960
8.985600
6.907680
2.653920
9.735840
10.353600
10.922400
4.305600
8.972640
2.030400
10.962720
11.272320
10.343520
1.235520
2.069280
9.934560
5.722560
6.209280
0.839520
10.451520
2.270880
3.526560
4.979520
7.806240
6.253920
8.612640
8.418240
6.580800
1.494720
7.636320
9.093600
8.812800
8.776800
8.488800
3.935520
8.278560
7.430400
7.404480
5.052960
5.312160
3.800160
7.944480
7.990560
4.737600
5.980320
3.273120
5.696640
6.301440
6.190560
5.680800
4.144320
6.236640
3.736800
4.292640
3.566880
1.411200
4.590720
7.195680
6.955200
6.387840
1.980000
1.542240
1.293120
5.430240
4.910400
5.839200
6.014880
7.027200
7.024320
6.625440
6.471360
5.614560
0.915840
0.368640
0.865440
1.228320
6.220800
5.633280
5.195520
2.882880
3.072960
7.113600
6.598080
0.845280
6.432480
6.631200
1.618560
2.160000
7.414560
7.663680
7.685280
6.416640
6.324480
6.327360
6.984000
7.416000
6.255360
4.148640
8.254080
5.768640
5.116320
3.664800
8.049600
5.267520
8.809920
8.660160
8.530560
4.589280
0.973440
3.846240
5.508000
2.759040
10.157760
6.963840
6.976800
7.718400
9.479520
9.429120
3.055680
3.343680
10.732320
8.932320
10.539360
8.172000
10.512000
11.543040
12.232800
11.020320
11.954880
12.225600
10.265760
12.216960
12.965760
13.212000
12.905280
13.033440
8.635680
2.272320
5.189760
3.260160
2.776320
12.103200
15.998400
15.229440
15.608160
5.592960
13.497120
7.895520
15.173280
15.720480
15.042240
15.402240
16.290720
16.511040
15.979680
16.787520
17.429760
17.026560
17.524800
17.677440
15.482880
17.015040
17.523360
16.067520
2.399040
8.088480
11.829600
2.314080
12.932640
3.274560
10.188000
18.803520
14.480640
18.846720
3.602880
8.475840
16.871040
4.233600
7.041600
3.366720
9.244800
20.024640
16.666560
13.969440
10.909440
18.529920
15.478560
9.361440
17.658720
22.049280
22.763520
19.902240
11.410560
5.860800
17.009280
4.632480
16.750080
15.134400
22.682880
23.880960
21.106080
17.066880
23.296320
23.438880
21.404160
16.678080
17.160480
18.734400
16.770240
18.034560
9.552960
6.890400
21.582720
24.415200
20.194560
23.169600
24.730560
22.376160
15.541920
19.107360
19.440000
19.912320
18.059040
17.138880
26.252640
23.495040
25.218720
23.227200
15.271200
21.683520
25.365600
24.829920
19.942560
8.369280
16.318080
18.938880
17.249760
20.609280
25.427520
19.432800
24.999840
23.784480
16.925760
18.313920
18.434880
24.363360
23.807520
12.320640
14.330880
25.801920
25.060320
26.370720
20.527200
16.826400
15.141600
21.494880
22.921920
20.160000
16.709760
14.941440
16.040160
23.826240
16.856640
16.898400
8.269920
9.757440
12.913920
7.754400
12.263040
21.500640
23.261760
24.410880
20.550240
24.220800
21.797280
13.056480
23.699520
24.042240
22.357440
23.675040
21.490560
24.300000
24.150240
24.060960
23.418720
21.744000
22.443840
22.763520
20.756160
21.636000
22.803840
15.573600
8.654400
22.465440
22.366080
21.955680
10.238400
18.354240
11.024640
17.673120
21.388320
20.377440
21.955680
22.014720
20.265120
21.589920
18.800640
19.893600
21.133440
20.848320
19.978560
18.848160
20.136960
19.431360
7.130880
17.648640
19.591200
19.192320
14.630400
19.874880
18.976320
16.912800
11.412000
8.824320
8.575200
19.015200
19.573920
18.951840
16.636320
17.231040
16.557120
17.720640
12.692160
11.790720
7.407360
5.235840
17.186400
12.935520
14.289120
14.878080
10.589760
10.784160
11.743200
15.389280
16.050240
14.984640
13.494240
11.626560
11.622240
14.981760
11.678400
11.324160
13.901760
12.964320
12.839040
13.184640
14.064480
13.377600
11.226240
5.376960
8.930880
13.320000
12.026880
14.194080
13.155840
13.479840
13.312800
13.381920
13.327200
11.979360
4.080960
2.933280
2.299680
11.806560
10.859040
6.344640
9.567360
10.977120
10.402560
10.719360
10.219680
7.918560
7.945920
2.946240
9.394560
1.323360
8.454240
9.380160
5.603040
6.603840
6.065280
6.233760
6.618240
5.836320
4.050720
7.519680
9.328320
7.804800
6.085440
6.899040
2.920320
6.167520
6.844320
5.143680
7.401600
7.110720
8.146080
7.310880
5.824800
7.112160
4.458240
6.127200
7.692480
7.093440
4.415040
2.687040
5.520960
2.848320
3.856320
5.699520
6.456960
6.426720
7.155360
6.940800
7.014240
2.479680
2.954880
3.568320
2.213280
6.439680
7.188480
7.112160
0.849600
3.726720
2.291040
1.812960
5.172480
2.448000
6.857280
4.157280
3.833280
6.272640
6.433920
6.285600
5.332320
2.770560
2.201760
1.850400
3.460320
0.937440
2.688480
5.621760
6.328800
6.209280
4.656960
7.113600
3.414240
7.928640
4.361760
2.079360
4.700160
1.118880
3.958560
8.305920
8.151840
5.035680
3.795840
2.982240
8.945280
7.204320
7.709760
7.564320
8.979840
4.878720
9.450720
9.059040
10.128960
2.491200
7.148160
8.998560
10.732320
3.687840
2.507040
10.899360
11.384640
10.788480
9.252000
7.944480
2.950560
1.452960
9.659520
7.698240
3.301920
12.517920
5.783040
8.873280
9.240480
12.428640
6.657120
9.583200
6.229440
6.301440
12.108960
11.607840
1.140480
9.241920
12.947040
15.312960
8.323200
1.056960
14.863680
13.114080
14.153760
6.356160
15.171840
16.191360
16.509600
16.588800
16.732800
12.975840
14.677920
13.330080
8.010720
6.917760
15.243840
9.250560
7.380000
18.839520
16.725600
15.940800
16.280640
13.248000
14.584320
8.858880
16.932960
17.259840
10.504800
18.701280
14.041440
3.908160
6.988320
19.795680
20.253600
18.499680
4.397760
15.055200
10.036800
12.029760
14.299200
19.324800
21.006720
15.658560
18.970560
17.487360
10.045440
8.979840
17.697600
18.371520
17.006400
22.105440
22.701600
21.185280
18.897120
6.999840
5.191200
3.142080
4.027680
14.819040
7.626240
8.262720
19.576800
19.085760
21.274560
19.064160
7.456320
4.746240
12.638880
21.127680
24.289920
23.558400
23.585760
23.937120
24.978240
24.455520
22.920480
25.093440
25.369920
24.553440
24.089760
16.112160
8.164800
20.747520
16.237440
6.880320
11.221920
17.255520
25.057440
24.458400
24.688800
8.881920
23.199840
21.620160
6.147360
15.498720
7.976160
20.606400
15.507360
14.106240
16.464960
22.003200
14.464800
15.403680
15.441120
27.537120
26.496000
25.848000
24.503040
24.906240
24.688800
21.502080
18.639360
14.535360
18.977760
22.258080
19.729440
24.323040
24.024960
14.767200
22.916160
23.716800
24.217920
23.078880
18.652320
19.530720
21.060000
23.211360
23.542560
23.843520
23.323680
22.620960
20.815200
22.728960
22.322880
17.419680
22.495680
13.273920
7.644960
22.488480
22.334400
21.290400
21.270240
22.043520
15.922080
10.863360
15.828480
21.710880
12.119040
20.799360
18.073440
14.921280
21.240000
22.828320
19.571040
13.357440
17.065440
17.928000
10.971360
17.598240
8.316000
12.911040
20.521440
20.501280
17.763840
11.381760
18.383040
20.828160
20.848320
18.888480
16.956000
20.236320
20.049120
16.572960
18.351360
17.844480
14.230080
20.492640
16.483680
7.807680
17.305920
14.204160
18.050400
14.705280
13.764960
10.440000
16.992000
18.440640
17.448480
16.924320
16.780320
17.966880
15.966720
11.587680
6.268320
4.536000
15.968160
9.999360
2.855520
14.803200
7.958880
6.975360
15.932160
15.935040
12.558240
11.177280
14.425920
12.506400
9.537120
8.929440
13.826880
13.288320
11.990880
14.421600
11.756160
5.459040
5.276160
2.950560
1.578240
1.787040
5.699520
7.051680
12.211200
7.862400
13.367520
13.272480
13.128480
11.885760
11.147040
10.464480
9.097920
7.685280
11.855520
12.444480
11.040480
9.900000
9.158400
6.743520
9.342720
6.703200
9.999360
9.578880
10.090080
8.125920
9.397440
2.386080
5.297760
9.910080
9.450720
9.338400
9.090720
7.462080
9.365760
2.509920
9.246240
4.344480
7.928640
4.597920
2.787840
7.781760
7.961760
7.431840
7.323840
8.007840
8.013600
6.359040
4.572000
1.552320
1.630080
6.023520
4.900320
6.023520
7.662240
3.597120
5.009760
6.301440
6.530400
2.227680
7.359840
7.414560
6.727680
7.140960
6.143040
7.583040
7.524000
3.864960
4.695840
5.870880
6.534720
1.668960
2.250720
4.102560
4.266720
7.405920
7.845120
6.007680
6.537600
3.319200
1.412640
3.134880
2.496960
6.950880
6.724800
4.923360
3.756960
2.433600
6.988320
7.922880
3.205440
7.783200
6.834240
5.160960
7.195680
7.876800
7.925760
7.947360
2.458080
7.607520
5.292000
8.922240
8.841600
8.739360
7.979040
8.638560
8.951040
7.672320
2.280960
2.610720
5.880960
8.121600
4.430880
9.804960
10.555200
8.608320
10.339200
10.411200
10.974240
8.095680
7.395840
3.841920
8.458560
8.220960
9.754560
10.743840
1.537920
3.948480
11.322720
2.589120
12.137760
9.848160
8.282880
9.944640
7.261920
12.309120
10.514880
13.088160
11.016000
14.328000
13.800960
14.303520
7.698240
5.130720
5.088960
13.982400
14.506560
14.460480
2.165760
11.839680
14.716800
13.682880
0.743040
15.171840
1.463040
1.137600
6.117120
8.870400
17.195040
15.799680
17.200800
10.185120
11.390400
17.808480
17.504640
13.070880
14.120640
13.397760
12.579840
4.785120
14.225760
13.659840
18.447840
17.278560
15.346080
13.095360
19.041120
19.730880
19.594080
19.666080
19.722240
17.117280
20.028960
19.654560
18.105120
16.233120
17.501760
18.800640
18.839520
21.382560
15.248160
16.633440
18.334080
4.548960
15.079680
16.829280
11.975040
16.614720
18.673920
6.320160
15.645600
15.395040
19.434240
9.368640
15.897600
21.106080
20.885760
21.623040
6.357600
20.639520
23.352480
23.309280
22.249440
14.443200
17.632800
12.718080
22.916160
24.524640
23.721120
24.649920
25.189920
24.821280
24.321600
22.829760
24.917760
24.707520
24.330240
22.232160
10.015200
17.759520
24.138720
16.413120
10.044000
18.838080
12.231360
12.713760
12.375360
18.057600
14.675040
16.084800
5.882400
15.871680
9.396000
11.894400
18.116640
11.959200
18.361440
20.239200
22.412160
15.644160
14.712480
23.195520
24.647040
23.332320
24.112800
15.013440
17.982720
25.565760
25.168320
25.832160
24.711840
23.205600
22.003200
22.901760
23.025600
17.416800
15.802560
24.550560
22.544640
22.733280
22.144320
24.703200
23.770080
24.000480
10.461600
15.369120
10.916640
18.017280
20.993760
6.962400
15.200640
11.900160
20.616480
10.788480
11.875680
18.144000
14.071680
13.811040
6.613920
13.209120
14.909760
13.109760
9.457920
18.992160
21.097440
20.577600
16.695360
20.626560
17.681760
20.240640
12.212640
6.262560
23.018400
22.973760
22.128480
22.047840
20.315520
16.570080
17.912160
20.626560
21.003840
20.304000
20.492640
20.437920
21.191040
20.211840
20.324160
14.964480
13.718880
14.099040
18.214560
19.137600
16.181280
17.056800
13.510080
16.279200
15.138720
11.867040
10.294560
8.605440
18.427680
17.750880
18.285120
17.978400
17.565120
14.132160
17.472960
16.909920
15.687360
16.752960
15.029280
15.217920
3.371040
14.217120
17.441280
16.142400
16.037280
15.740640
6.297120
16.022880
15.792480
15.081120
15.721920
14.584320
14.346720
15.056640
15.772320
15.082560
15.114240
14.590080
14.018400
8.439840
13.705920
14.430240
14.140800
14.191200
14.160960
13.672800
13.714560
11.007360
11.384640
10.766880
11.175840
10.226880
13.343040
12.532320
7.385760
6.406560
6.641280
12.155040
11.429280
1.180800
2.089440
1.916640
10.360800
6.336000
8.199360
7.642080
2.439360
2.001600
2.407680
2.158560
6.255360
8.904960
9.603360
7.856640
7.074720
6.170400
0.999360
2.064960
1.033920
0.806400
7.100640
5.709600
5.235840
4.047840
1.896480
0.774720
8.379360
8.147520
8.065440
8.091360
7.673760
4.861440
7.470720
7.529760
7.545600
4.752000
5.947200
7.247520
6.994080
4.560480
7.106400
6.413760
5.163840
6.019200
5.234400
7.200000
5.310720
5.012640
5.862240
3.463200
4.975200
7.400160
3.428640
4.410720
4.986720
6.366240
7.051680
6.956640
6.816960
7.040160
5.243040
7.126560
6.901920
7.061760
4.060800
7.129440
3.456000
5.490720
6.410880
3.497760
6.691680
7.958880
7.644960
7.274880
7.644960
7.593120
7.283520
8.035200
7.846560
7.796160
2.142720
7.477920
6.896160
7.731360
8.117280
7.909920
8.280000
8.447040
8.493120
8.521920
7.764480
5.580000
4.862880
1.788480
9.504000
5.470560
2.036160
6.331680
8.066880
10.677600
6.531840
11.342880
11.175840
5.454720
10.546560
11.638080
11.263680
10.441440
9.698400
8.098560
11.609280
12.006720
10.922400
11.491200
9.266400
13.007520
12.192480
12.984480
13.206240
12.461760
10.709280
13.510080
11.502720
13.201920
13.471200
13.314240
14.123520
4.224960
10.130400
12.103200
9.342720
14.830560
15.759360
16.068960
15.350400
15.658560
15.615360
15.765120
15.855840
14.525280
15.477120
15.629760
10.353600
14.682240
11.668320
1.088640
2.691360
15.409440
17.362080
17.798400
16.176960
17.425440
17.964000
17.867520
18.761760
18.447840
18.639360
17.994240
6.049440
5.358240
11.800800
17.606880
16.750080
18.554400
13.266720
13.125600
14.996160
9.086400
11.286720
12.461760
13.341600
4.841280
21.893760
7.423200
12.287520
16.263360
18.828000
7.640640
20.324160
15.693120
16.378560
22.613760
11.530080
6.625440
22.029120
17.759520
22.697280
23.139360
23.214240
15.384960
23.037120
10.402560
21.543840
15.262560
13.389120
22.872960
23.751360
16.930080
6.024960
23.124960
14.011200
21.006720
16.391520
14.499360
11.799360
6.901920
11.962080
5.941440
23.146560
23.844960
20.728800
15.256800
17.579520
10.084320
19.818720
14.765760
22.157280
24.469920
20.052000
9.109440
13.392000
23.616000
16.074720
22.803840
16.342560
19.288800
16.518240
15.688800
17.782560
14.741280
25.174080
18.452160
25.848000
24.956640
12.515040
11.760480
24.756480
22.870080
24.887520
24.384960
23.006880
23.667840
22.694400
19.488960
23.868000
22.646880
22.834080
5.807520
18.727200
23.076000
22.115520
17.746560
16.840800
25.480800
12.471840
23.974560
22.224960
20.570400
23.145120
19.311840
13.904640
18.378720
24.307200
25.125120
24.887520
23.143680
19.840320
11.043360
22.474080
23.097600
23.595840
22.965120
21.735360
17.225280
21.042720
19.389600
21.479040
18.043200
21.119040
23.021280
22.387680
22.883040
21.444480
19.486080
21.862080
22.394880
21.661920
21.921120
20.708640
14.850720
19.815840
21.392640
21.600000
21.553920
20.813760
19.910880
17.943840
13.822560
19.692000
19.127520
19.105920
19.281600
14.382720
20.728800
19.474560
8.462880
11.076480
2.455200
19.513440
21.264480
17.218080
11.263680
16.201440
11.445120
17.320320
17.745120
15.279840
13.888800
15.691680
16.440480
8.399520
17.544960
18.475200
17.691840
17.055360
12.453120
4.507200
5.644800
16.519680
11.612160
6.995520
14.598720
13.569120
14.650560
8.478720
10.641600
5.657760
0.852480
6.760800
14.215680
14.708160
14.715360
12.434400
12.888000
12.925440
11.187360
12.071520
6.896160
10.306080
7.431840
3.029760
6.952320
8.691840
13.088160
12.074400
11.191680
1.476000
3.975840
1.971360
7.786080
6.420960
9.164160
10.944000
3.574080
5.332320
3.929760
11.910240
11.344320
6.966720
2.842560
10.742400
10.274400
4.294080
6.583680
9.335520
6.053760
9.649440
9.113760
4.877280
5.258880
6.350400
8.360640
3.673440
1.152000
7.230240
1.980000
2.509920
1.320480
6.408000
7.765920
5.185440
4.217760
7.460640
7.555680
5.267520
2.311200
2.479680
1.304640
5.840640
7.555680
6.347520
7.164000
5.518080
5.673600
6.834240
6.842880
6.894720
6.963840
6.919200
6.671520
6.592320
6.196320
4.345920
1.031040
4.662720
6.379200
6.585120
5.745600
2.900160
3.898080
5.333760
4.366080
6.557760
4.898880
4.171680
5.924160
5.954400
5.757120
6.855840
6.230880
6.059520
1.959840
6.844320
7.015680
4.275360
7.139520
7.113600
6.212160
6.959520
2.062080
6.877440
7.246080
6.732000
2.904480
5.433120
5.395680
5.630400
7.888320
4.458240
3.228480
5.461920
4.392000
7.155360
2.151360
6.202080
9.264960
5.876640
4.628160
9.177120
8.292960
8.421120
9.023040
8.484480
6.685920
10.738080
8.697600
9.699840
7.410240
9.972000
4.106880
7.865280
7.729920
6.445440
10.342080
11.196000
8.870400
9.816480
6.837120
5.536800
2.833920
6.553440
12.137760
8.756640
1.870560
10.566720
6.835680
10.941120
11.943360
6.400800
3.591360
3.968640
12.828960
10.776960
6.891840
0.601920
2.583360
9.485280
12.911040
14.162400
12.869280
12.304800
9.015840
4.924800
16.819200
16.688160
9.888480
7.611840
9.768960
12.396960
12.713760
16.817760
16.420320
9.383040
7.845120
14.657760
9.525600
2.586240
8.817120
11.165760
8.874720
14.160960
2.236320
13.344480
16.719840
4.419360
3.119040
11.232000
18.522720
8.102880
16.158240
17.729280
15.606720
18.868320
20.473920
21.538080
18.190080
14.937120
20.819520
20.885760
6.520320
21.168000
16.752960
21.068640
22.155840
22.520160
2.617920
9.374400
4.769280
3.206880
1.667520
17.645760
23.315040
18.437760
18.914400
15.988320
18.131040
23.057280
18.993600
17.641440
14.608800
5.934240
16.541280
14.077440
21.968640
12.036960
3.110400
6.765120
21.143520
24.017760
9.053280
9.908640
18.781920
21.900960
17.274240
11.763360
8.540640
19.376640
16.336800
11.152800
15.127200
19.841760
13.989600
24.736320
22.325760
22.789440
16.417440
20.829600
24.933600
22.836960
13.068000
14.873760
21.404160
22.125600
24.680160
24.907680
24.444000
24.762240
24.111360
20.589120
7.778880
23.536800
14.836320
13.361760
19.064160
10.478880
23.451840
24.022080
25.794720
22.407840
17.164800
20.547360
22.687200
23.342400
23.038560
14.551200
25.351200
25.686720
24.900480
22.862880
23.251680
22.004640
15.865920
14.859360
23.336640
15.939360
17.017920
23.630400
21.631680
16.552800
14.955840
14.970240
15.766560
20.954880
20.887200
19.431360
23.459040
23.192640
23.405760
21.149280
19.113120
17.988480
23.519520
23.634720
23.875200
22.076640
16.404480
22.191840
22.672800
21.120480
13.258080
18.164160
23.035680
22.733280
22.733280
21.286080
15.245280
21.663360
21.421440
14.090400
16.560000
20.966400
13.950720
22.255200
21.448800
20.410560
16.017120
9.810720
17.736480
7.188480
10.404000
12.647520
14.853600
19.365120
19.684800
19.726560
16.999200
19.779840
19.432800
19.067040
16.832160
6.215040
11.269440
11.252160
8.942400
11.900160
11.892960
15.549120
16.385760
2.936160
15.238080
12.441600
16.332480
16.534080
15.353280
17.035200
16.683840
16.407360
15.920640
12.777120
13.626720
14.034240
7.377120
9.214560
13.576320
14.914080
12.764160
4.920480
0.760320
11.944800
12.686400
13.469760
11.743200
5.461920
4.069440
2.761920
13.979520
13.085280
12.864960
8.791200
12.526560
10.347840
3.661920
7.679520
9.077760
11.466720
10.455840
10.409760
11.093760
8.219520
6.301440
11.027520
11.125440
1.895040
7.797600
8.239680
8.714880
8.580960
4.855680
3.015360
9.047520
9.869760
9.230400
8.959680
7.711200
5.090400
10.681920
9.718560
4.556160
7.842240
7.384320
3.447360
2.795040
0.990720
6.298560
8.739360
5.768640
7.153920
4.662720
4.416480
7.706880
7.768800
6.253920
7.287840
7.142400
2.034720
6.995520
2.021760
6.851520
7.172640
6.909120
6.716160
6.901920
6.845760
6.719040
4.040640
6.464160
6.405120
6.092640
6.295680
6.524640
5.339520
2.917440
6.111360
1.621440
4.364640
5.770080
6.514560
5.509440
1.926720
2.532960
6.497280
5.433120
2.442240
5.362560
6.256800
4.825440
5.872320
4.710240
3.929760
4.248000
6.186240
5.437440
5.755680
5.912640
3.049920
3.869280
2.885760
3.993120
2.308320
6.406560
4.868640
2.396160
7.660800
2.897280
3.284640
6.526080
8.238240
3.224160
8.035200
6.668640
3.677760
5.899680
2.861280
5.911200
7.117920
4.764960
7.708320
3.191040
9.275040
8.236800
9.568800
5.505120
8.193600
4.906080
6.585120
5.901120
6.514560
7.928640
10.726560
10.406880
7.899840
-99.000000
-99.000000
11.221920
3.336480
9.453600
10.771200
3.447360
11.702880
12.244320
11.714400
10.251360
8.568000
7.538400
6.786720
11.949120
12.841920
8.589600
14.379840
13.597920
14.610240
14.198400
14.359680
14.824800
14.181120
10.514880
13.394880
14.315040
13.550400
15.024960
15.112800
15.864480
14.988960
14.136480
6.963840
11.160000
6.948000
15.269760
13.104000
10.002240
9.882720
10.823040
15.755040
9.656640
1.935360
10.693440
15.147360
7.266240
2.165760
13.134240
18.957600
18.482400
18.568800
10.271520
18.891360
17.347680
7.917120
15.984000
18.773280
18.377280
19.879200
20.616480
19.788480
15.713280
7.535520
3.625920
7.431840
7.915680
20.505600
19.493280
15.677280
18.764640
18.999360
12.958560
14.630400
10.548000
14.758560
19.314720
22.464000
22.728960
22.474080
16.947360
14.672160
18.963360
21.510720
15.719040
5.726880
11.600640
13.302720
19.820160
24.649920
23.676480
21.129120
17.861760
22.249440
7.634880
3.490560
13.413600
18.720000
17.082720
12.134880
6.311520
15.799680
12.726720
9.934560
11.063520
19.493280
24.540480
13.105440
20.895840
17.085600
23.539680
17.557920
17.974080
23.061600
20.296800
23.591520
21.369600
18.770400
15.878880
0.908640
19.252800
19.012320
12.523680
15.138720
23.777280
23.683680
23.245920
16.064640
16.603200
15.481440
11.812320
10.860480
23.270400
24.049440
9.031680
19.117440
15.521760
13.068000
14.711040
17.615520
20.188800
20.990880
4.939200
14.988960
8.310240
22.332960
17.383680
16.384320
14.051520
14.109120
15.425280
23.153760
22.533120
20.725920
17.245440
10.340640
21.149280
23.232960
22.798080
20.639520
9.027360
19.296000
18.594720
7.310880
18.148320
22.165920
21.830400
13.566240
10.349280
18.694080
17.496000
13.841280
19.827360
14.598720
18.432000
16.286400
19.281600
16.002720
14.728320
7.673760
19.232640
12.572640
12.925440
20.465280
18.707040
15.209280
7.817760
11.638080
3.778560
10.575360
13.498560
16.045920
17.956800
13.589280
18.139680
10.908000
10.483200
15.458400
18.914400
18.521280
17.863200
5.506560
11.059200
15.279840
16.544160
14.940000
12.555360
15.671520
15.370560
12.157920
14.804640
9.469440
13.790880
14.173920
13.867200
13.667040
14.990400
14.601600
8.409600
6.000480
10.640160
5.362560
14.659200
14.955840
15.276960
2.337120
11.276640
4.155840
12.032640
13.550400
13.838400
11.725920
8.100000
11.881440
11.203200
13.708800
12.732480
11.972160
12.831840
11.476800
12.945600
5.487840
9.538560
11.476800
11.714400
12.031200
10.218240
9.348480
6.413760
11.003040
11.213280
11.413440
10.042560
10.444320
3.807360
5.218560
7.686720
6.801120
9.423360
6.274080
9.289440
5.094720
2.653920
7.842240
9.570240
9.442080
8.578080
5.708160
4.644000
4.749120
8.137440
8.200800
3.625920
7.657920
7.790400
6.382080
8.003520
7.856640
7.009920
6.298560
3.476160
3.196800
2.616480
2.593440
2.885760
5.400000
4.898880
0.698400
0.671040
2.472480
6.471360
5.659200
1.284480
2.007360
5.924160
6.769440
4.239360
6.972480
5.271840
6.528960
5.165280
4.049280
3.150720
0.731520
3.984480
1.956960
4.416480
6.029280
6.181920
6.541920
6.593760
6.399360
6.380640
6.186240
5.673600
1.427040
6.890400
7.099200
7.079040
7.037280
6.563520
6.635520
6.645600
6.266880
6.960960
6.583680
6.658560
6.773760
6.933600
7.044480
7.058880
7.534080
5.855040
7.007040
7.224480
2.829600
7.273440
6.160320
1.503360
5.996160
5.394240
8.124480
8.128800
8.091360
7.786080
2.200320
4.976640
7.796160
6.930720
6.399360
5.267520
8.460000
7.842240
1.820160
2.309760
8.871840
7.925760
3.509280
10.130400
10.536480
10.524960
9.188640
8.984160
8.821440
7.356960
5.361120
7.634880
3.451680
11.324160
11.328480
11.312640
2.975040
13.108320
7.112160
13.118400
7.079040
3.699360
10.284480
12.530880
7.113600
9.485280
5.073120
2.204640
15.004800
14.418720
13.174560
9.583200
13.684320
12.870720
12.733920
14.387040
10.290240
5.480640
5.130720
5.204160
7.683840
8.143200
10.712160
5.346720
0.920160
8.017920
5.480640
2.956320
7.174080
16.427520
16.850880
15.955200
8.596800
13.014720
17.085600
15.130080
17.422560
15.994080
14.787360
17.127360
17.994240
14.904000
19.897920
20.070720
19.088640
15.570720
19.465920
19.635840
20.292480
17.785440
9.665280
13.059360
16.184160
8.796960
15.249600
20.854080
10.136160
13.348800
19.065600
14.569920
10.922400
5.185440
19.185120
12.646080
19.820160
13.525920
17.163360
15.703200
18.895680
11.596320
19.874880
19.873440
19.454400
21.670560
20.813760
20.800800
16.860960
14.418720
16.597440
16.669440
22.027680
23.430240
23.060160
4.455360
12.316320
24.576480
24.577920
21.723840
16.185600
20.170080
23.896800
24.327360
22.271040
22.644000
20.069280
19.389600
17.974080
22.868640
22.566240
23.738400
24.510240
24.330240
23.042880
14.313600
10.455840
18.601920
20.617920
9.538560
20.069280
16.008480
13.406400
17.252640
23.362560
24.636960
21.752640
24.384960
22.883040
23.267520
12.159360
23.063040
23.875200
23.692320
22.872960
23.624640
23.545440
22.518720
22.991040
19.932480
16.855200
21.960000
22.089600
22.772160
21.892320
20.351520
23.840640
23.313600
22.726080
22.305600
21.212640
21.168000
20.508480
21.539520
20.206080
21.391200
18.996480
17.868960
20.436480
17.805600
20.590560
13.332960
11.462400
20.021760
8.392320
15.035040
10.272960
14.610240
19.169280
18.750240
21.949920
20.990880
18.545760
19.752480
20.471040
18.613440
8.552160
13.669920
20.619360
21.024000
18.578880
12.424320
12.528000
10.513440
18.285120
15.873120
10.365120
15.942240
19.833120
18.059040
11.842560
15.567840
16.044480
19.575360
19.514880
18.816480
16.395840
18.799200
18.865440
16.182720
13.881600
11.363040
10.667520
4.488480
11.995200
17.864640
17.605440
17.235360
17.485920
4.934880
13.278240
14.545440
11.484000
11.880000
10.262880
16.466400
16.009920
12.575520
12.185280
16.250400
15.778080
9.741600
13.599360
15.552000
15.157440
13.838400
14.208480
14.185440
5.195520
1.173600
11.053440
11.498400
10.226880
4.518720
9.624960
12.349440
9.875520
12.097440
13.685760
12.993120
12.018240
5.857920
4.390560
8.079840
10.111680
10.645920
8.922240
10.267200
4.741920
6.039360
4.471200
10.550880
11.204640
3.651840
8.089920
2.134080
7.590240
11.435040
8.334720
10.356480
10.285920
5.604480
1.324800
8.720640
9.576000
9.195840
9.282240
9.012960
2.983680
7.236000
8.840160
8.788320
8.539200
7.575840
8.556480
8.436960
8.231040
8.297280
6.953760
7.716960
6.564960
4.492800
7.865280
8.137440
8.100000
4.356000
3.866400
7.829280
6.668640
7.139520
7.266240
7.126560
3.803040
3.404160
5.860800
3.699360
6.101280
3.431520
4.805280
6.089760
4.469760
6.552000
5.538240
3.559680
4.309920
5.218560
5.744160
5.086080
3.913920
2.450880
1.643040
5.847840
6.236640
6.010560
6.950880
5.562720
6.153120
6.089760
5.503680
5.423040
4.446720
5.850720
3.168000
2.380320
3.176640
1.441440
1.016640
6.598080
4.334400
7.166880
3.931200
6.406560
5.925600
7.303680
7.215840
2.658240
4.466880
7.872480
6.798240
4.783680
8.652960
8.343360
8.373600
6.397920
7.964640
3.484800
6.878880
5.120640
8.676000
8.635680
3.376800
8.687520
2.409120
10.317600
9.695520
5.070240
9.551520
9.652320
6.420960
3.705120
9.997920
5.351040
6.436800
0.797760
7.865280
10.149120
7.035840
11.679840
9.855360
11.413440
4.848480
11.440800
11.676960
10.787040
9.177120
9.547200
9.524160
8.292960
3.591360
6.480000
9.239040
9.416160
13.302720
11.577600
13.703040
13.580640
9.961920
11.976480
9.819360
15.210720
5.512320
13.991040
14.846400
14.787360
14.477760
9.106560
8.244000
4.177440
3.759840
10.340640
7.587360
7.411680
13.376160
11.543040
3.261600
14.735520
6.444000
16.593120
8.868960
8.771040
13.792320
17.838720
13.331520
12.077280
9.819360
17.017920
14.395680
3.107520
14.957280
12.706560
14.424480
19.653120
16.657920
18.889920
17.619840
15.877440
19.356480
20.040480
19.404000
17.684640
14.280480
19.209600
18.149760
8.948160
11.809440
12.142080
16.159680
20.941920
7.921440
4.138560
7.411680
17.033760
3.208320
15.168960
22.773600
21.323520
22.717440
21.565440
11.476800
12.543840
3.424320
1.100160
10.840320
12.312000
16.172640
11.659680
13.832640
20.678400
12.460320
10.195200
16.090560
6.024960
23.083200
23.420160
14.814720
21.284640
22.223520
21.441600
21.349440
21.882240
9.043200
11.816640
14.254560
14.348160
14.405760
14.600160
20.257920
13.321440
19.997280
19.268640
20.165760
19.825920
18.031680
17.844480
9.904320
14.382720
11.187360
13.150080
18.192960
9.748800
21.880800
5.927040
21.080160
24.226560
22.985280
24.134400
24.697440
24.050880
21.360960
16.022880
15.143040
22.584960
17.532000
16.444800
22.746240
20.171520
21.955680
22.968000
19.680480
19.965600
21.994560
15.563520
23.407200
22.544640
21.083040
12.595680
12.820320
14.932800
24.711840
23.988960
23.502240
24.253920
23.572800
16.966080
20.014560
9.408960
12.582720
21.857760
21.664800
20.852640
18.408960
19.621440
21.061440
20.401920
15.697440
19.329120
21.267360
21.211200
18.957600
19.519200
21.749760
22.357440
21.823200
13.654080
20.098080
20.548800
20.947680
21.212640
20.953440
20.723040
15.755040
13.934880
14.868000
18.375840
12.139200
20.211840
20.502720
20.185920
20.243520
20.098080
19.840320
18.609120
16.846560
8.454240
11.723040
18.479520
15.066720
18.053280
13.430880
13.770720
16.614720
18.069120
15.081120
16.971840
11.030400
15.458400
16.716960
16.675200
16.367040
5.770080
14.261760
15.220800
3.764160
15.865920
15.978240
6.099840
10.065600
14.980320
11.862720
14.607360
11.005920
12.715200
13.148640
14.993280
14.617440
14.649120
11.481120
10.039680
9.622080
11.720160
11.640960
3.723840
11.017440
8.205120
9.646560
9.309600
5.057280
4.157280
2.597760
6.320160
12.399840
8.848800
3.628800
9.943200
7.538400
8.477280
11.286720
2.514240
9.544320
6.962400
4.279680
7.009920
10.602720
10.543680
10.617120
10.262880
8.241120
9.969120
9.362880
9.344160
5.731200
6.215040
3.620160
7.417440
9.345600
9.128160
5.601600
8.688960
7.385760
3.863520
8.655840
8.604000
8.261280
7.937280
6.314400
5.663520
5.225760
2.308320
4.462560
1.617120
7.987680
6.092640
3.077280
4.633920
5.813280
1.716480
4.515840
7.290720
7.473600
6.732000
2.030400
1.670400
6.651360
6.524640
6.517440
6.681600
6.572160
6.564960
3.659040
6.177600
6.852960
4.815360
1.719360
3.720960
6.516000
3.143520
1.653120
2.200320
6.052320
6.572160
6.564960
4.728960
5.921280
6.251040
6.982560
7.083360
6.484320
6.710400
6.919200
6.118560
6.737760
6.916320
7.043040
7.380000
6.310080
3.735360
7.035840
2.865600
6.678720
6.461280
5.312160
8.146080
6.449760
4.445280
8.324640
6.795360
5.143680
0.983520
1.137600
1.539360
1.928160
8.385120
1.836000
4.404960
2.698560
3.674880
8.680320
7.865280
7.426080
6.589440
6.562080
8.053920
7.666560
3.137760
10.740960
6.480000
9.806400
10.866240
6.838560
4.307040
2.635200
1.010880
6.292800
3.117600
7.899840
11.521440
9.548640
10.395360
11.780640
12.189600
12.307680
5.228640
4.121280
12.991680
12.867840
12.769920
0.037440
-99.000000
10.391040
9.254880
8.992800
12.083040
12.827520
11.698560
12.474720
14.292000
14.899680
14.610240
5.901120
8.964000
15.585120
15.351840
15.573600
15.638400
14.738400
15.524640
15.909120
9.103680
14.631840
11.760480
2.868480
11.370240
15.390720
11.364480
17.756640
17.877600
17.988480
13.537440
6.874560
17.588160
17.768160
15.779520
14.919840
19.081440
19.333440
19.045440
19.493280
17.406720
17.663040
19.457280
19.414080
15.868800
11.760480
20.066400
19.759680
18.734400
22.096800
21.987360
21.291840
21.283200
20.888640
19.091520
19.218240
3.663360
4.762080
21.896640
16.731360
11.027520
16.005600
11.103840
3.899520
14.411520
15.400800
12.441600
16.017120
22.220640
19.360800
15.196320
14.179680
23.374080
18.580320
14.898240
22.605120
21.990240
21.754080
17.529120
10.565280
16.071840
22.825440
21.179520
23.407200
23.332320
23.376960
22.825440
22.520160
22.330080
21.530880
5.790240
15.733440
18.813600
18.584640
15.325920
12.448800
14.775840
16.388640
22.556160
23.446080
19.337760
23.051520
23.472000
23.345280
23.817600
23.515200
18.829440
22.737600
24.783840
24.426720
23.895360
22.174560
17.926560
15.819840
18.063360
22.142880
11.046240
14.578560
22.020480
14.276160
15.246720
12.705120
17.349120
23.461920
24.379200
24.320160
24.632640
20.149920
21.708000
9.370080
16.757280
21.421440
16.994880
19.117440
13.831200
17.746560
23.806080
23.541120
21.575520
21.574080
19.536480
17.794080
11.928960
21.075840
17.712000
18.986400
16.793280
19.844640
22.148640
21.680640
21.984480
19.467360
20.936160
9.820800
18.940320
19.601280
20.832480
20.505600
17.694720
17.088480
8.272800
15.017760
16.352640
14.824800
20.728800
20.393280
20.724480
17.789760
15.959520
19.722240
19.069920
14.519520
16.617600
20.738880
19.929600
19.018080
17.673120
18.561600
16.863840
14.313600
16.238880
15.105600
14.002560
3.985920
14.110560
19.012320
11.885760
14.747040
16.653600
4.410720
14.495040
14.117760
3.493440
17.851680
14.548320
9.182880
17.216640
10.339200
2.665440
13.068000
16.560000
6.776640
15.213600
16.587360
15.569280
11.184480
9.637920
14.938560
7.071840
9.910080
14.639040
11.723040
11.972160
5.260320
8.572320
8.737920
11.331360
11.799360
14.035680
12.191040
14.356800
13.847040
12.545280
11.743200
13.266720
11.851200
11.887200
5.990400
12.205440
12.371040
9.514080
9.937440
3.343680
10.442880
10.667520
10.830240
11.651040
11.306880
11.237760
9.640800
10.877760
10.586880
10.987200
9.489600
10.529280
10.182240
8.722080
8.251200
4.266720
8.373600
10.340640
10.019520
6.636960
2.891520
7.764480
6.043680
9.198720
9.637920
9.581760
8.949600
8.801280
8.452800
7.947360
8.148960
8.131680
8.205120
8.058240
7.240320
4.321440
3.153600
7.899840
6.896160
5.381280
1.548000
7.964640
1.946880
2.047680
7.790400
7.516800
7.205760
7.014240
6.302880
3.327840
4.999680
2.041920
2.158560
2.864160
3.555360
3.140640
1.922400
7.185600
6.740640
1.579680
6.033600
3.204000
6.714720
4.834080
6.557760
5.604480
6.582240
3.720960
6.183360
6.406560
3.081600
6.269760
6.262560
6.755040
3.860640
6.429600
6.423840
7.322400
4.328640
1.349280
3.362400
7.205760
7.172640
4.832640
7.295040
4.494240
2.737440
7.534080
8.268480
3.972960
7.015680
6.482880
4.078080
5.823360
5.218560
8.532000
8.529120
6.284160
1.114560
4.343040
8.951040
9.036000
8.776800
8.370720
0.996480
5.247360
9.208800
2.476800
2.760480
8.974080
3.529440
3.660480
10.042560
9.851040
5.244480
3.539520
8.801280
7.208640
11.093760
5.542560
1.512000
10.545120
8.923680
5.800320
11.520000
11.276640
10.880640
10.913760
10.738080
6.222240
8.203680
2.214720
4.865760
13.088160
12.754080
7.784640
6.324480
14.401440
11.429280
7.115040
13.150080
11.397600
14.768640
10.974240
9.267840
11.108160
14.110560
13.127040
10.212480
11.554560
14.366880
12.722400
17.916480
16.801920
16.421760
2.399040
6.276960
13.131360
13.259520
15.805440
13.072320
17.782560
13.309920
18.614880
15.520320
15.724800
19.049760
18.709920
15.772320
10.130400
0.757440
18.597600
16.477920
7.351200
13.665600
5.279040
4.831200
17.409600
12.883680
20.400480
20.213280
19.700640
20.191680
20.187360
17.023680
14.002560
19.775520
17.732160
20.092320
20.259360
20.355840
10.055520
16.524000
10.324800
22.286880
8.961120
9.463680
8.075520
12.633120
15.994080
13.564800
11.679840
6.599520
22.685760
16.660800
13.534560
13.266720
10.779840
13.733280
16.256160
19.480320
15.514560
22.579200
18.355680
12.996000
18.434880
22.518720
16.937280
18.750240
17.156160
14.509440
17.841600
10.902240
14.614560
17.840160
16.187040
6.383520
18.012960
13.141440
8.834400
14.234400
22.217760
20.705760
12.228480
13.908960
12.795840
21.738240
24.520320
14.636160
20.321280
20.167200
24.157440
24.671520
24.049440
10.663200
18.433440
23.495040
22.055040
22.224960
23.607360
22.733280
9.496800
21.103200
23.666400
23.332320
19.755360
21.579840
23.909760
13.350240
18.973440
16.970400
21.251520
16.182720
20.010240
14.801760
20.753280
18.550080
22.563360
22.812480
12.287520
20.924640
22.468320
23.081760
21.709440
13.276800
9.371520
22.890240
13.360320
18.558720
20.643840
21.352320
15.661440
21.903840
19.088640
20.134080
15.998400
19.236960
19.743840
16.025760
17.321760
16.845120
15.808320
13.825440
4.955040
18.799200
20.361600
18.141120
14.328000
15.547680
20.204640
18.293760
7.316640
19.025280
19.935360
20.481120
18.136800
19.293120
13.406400
16.011360
11.708640
16.596000
19.075680
17.259840
11.329920
10.026720
4.353120
12.392640
16.755840
6.050880
17.085600
14.616000
9.504000
14.113440
15.202080
9.600480
12.057120
16.863840
11.609280
16.463520
12.139200
9.267840
15.348960
13.003200
7.745760
14.009760
16.031520
15.141600
14.748480
15.373440
10.078560
11.495520
4.471200
15.829920
15.004800
10.802880
11.239200
13.705920
15.566400
14.893920
14.497920
13.720320
12.358080
8.647200
10.431360
9.200160
5.469120
12.143520
9.672480
6.680160
2.838240
4.150080
8.565120
6.350400
2.450880
5.300640
7.984800
11.584800
11.266560
11.685600
11.884320
11.534400
6.454080
1.000800
2.314080
2.077920
9.738720
3.378240
10.118880
7.719840
9.319680
7.407360
5.148000
9.999360
7.860960
7.554240
4.593600
8.159040
7.944480
6.408000
3.862080
5.716800
2.550240
1.490400
1.378080
0.990720
1.586880
4.003200
7.492320
5.322240
1.699200
7.943040
4.096800
3.545280
7.731360
5.945760
5.699520
2.774880
5.512320
6.014880
4.783680
5.260320
6.320160
6.220800
3.566880
5.369760
6.860160
3.916800
6.446880
5.760000
1.988640
6.439680
4.327200
1.166400
5.875200
5.361120
6.517440
5.994720
5.232960
6.511680
6.199200
6.200640
6.536160
5.482080
6.464160
3.352320
6.805440
7.208640
6.873120
6.927840
7.587360
7.492320
6.678720
7.146720
5.878080
7.401600
6.010560
7.218720
7.836480
7.845120
7.655040
6.009120
7.500960
7.905600
7.191360
5.916960
5.348160
7.617600
2.227680
7.922880
7.763040
2.498400
9.306720
8.956800
8.827200
3.768480
3.355200
2.581920
9.227520
7.614720
7.794720
3.708000
10.537920
10.343520
6.960960
9.866880
7.541280
8.609760
7.941600
5.749920
10.464480
11.259360
10.951200
11.543040
11.767680
12.013920
11.823840
10.575360
7.482240
9.515520
11.753280
12.395520
12.353760
12.320640
12.398400
12.147840
13.302720
12.800160
13.033440
12.225600
11.917440
8.231040
12.559680
10.487520
9.442080
14.152320
13.762080
14.176800
11.561760
13.956480
7.711200
12.473280
15.600960
15.978240
15.592320
15.916320
15.647040
16.932960
16.757280
16.427520
16.623360
16.902720
16.705440
18.678240
18.020160
17.350560
17.350560
17.599680
10.510560
16.830720
8.896320
7.377120
17.517600
13.116960
19.280160
15.770880
12.687840
6.783840
13.412160
4.926240
20.007360
20.424960
16.724160
15.269760
7.492320
16.927200
10.571040
14.924160
9.783360
7.303680
3.821760
11.476800
20.445120
17.709120
16.454880
14.847840
11.877120
9.793440
19.720800
20.200320
8.110080
5.084640
17.462880
23.901120
22.779360
18.655200
12.129120
20.990880
16.256160
9.570240
23.853600
23.171040
23.338080
23.577120
15.179040
5.136480
7.751520
16.267680
15.014880
15.467040
23.312160
22.340160
4.582080
-99.000000
0.181440
21.008160
10.033920
23.153760
23.188320
24.058080
24.446880
22.429440
19.386720
22.659840
19.719360
20.207520
22.190400
24.217920
10.363680
17.521920
2.795040
21.764160
23.086080
15.973920
16.763040
23.803200
24.253920
22.608000
22.831200
21.055680
17.065440
21.987360
22.648320
22.309920
22.335840
22.764960
22.940640
22.936320
21.468960
22.207680
19.759680
19.972800
15.439680
22.609440
22.527360
21.543840
17.576640
9.807840
9.743040
22.754880
22.783680
22.705920
21.833280
10.009440
24.079680
21.528000
11.484000
18.011520
19.271520
20.099520
20.363040
21.431520
21.706560
21.513600
21.892320
17.382240
6.262560
21.656160
22.605120
10.395360
20.747520
21.772800
21.710880
21.614400
20.237760
20.681280
20.073600
11.921760
20.216160
21.542400
20.662560
20.361600
10.488960
20.026080
21.048480
11.001600
20.154240
20.337120
20.039040
16.531200
11.481120
20.334240
19.774080
19.486080
18.100800
19.552320
16.845120
5.754240
17.866080
17.599680
14.813280
17.184960
11.700000
13.816800
19.177920
18.745920
10.192320
18.774720
17.622720
9.394560
16.584480
5.444640
7.839360
17.923680
10.442880
14.581440
15.225120
15.586560
15.992640
12.399840
14.349600
13.188960
1.072800
12.676320
13.747680
15.628320
8.225280
14.361120
11.718720
11.338560
14.954400
4.949280
13.671360
14.400000
11.954880
14.116320
9.686880
6.145920
10.988640
13.311360
5.364000
9.757440
12.811680
7.918560
9.493920
7.621920
11.214720
12.248640
11.643840
7.230240
12.451680
7.017120
1.637280
2.918880
4.917600
10.440000
11.311200
10.810080
10.562400
5.682240
8.856000
9.504000
4.322880
6.822720
9.622080
6.060960
7.171200
8.449920
7.133760
3.831840
8.321760
8.579520
7.260480
7.633440
9.277920
5.447520
1.448640
4.883040
8.424000
6.242400
5.996160
8.380800
7.518240
7.066080
4.491360
5.819040
7.416000
7.403040
6.900480
4.776480
6.622560
5.932800
6.603840
4.475520
6.500160
3.170880
0.197280
1.121760
6.397920
6.763680
6.402240
6.541920
6.881760
3.602880
4.881600
6.605280
3.517920
6.543360
2.144160
4.330080
4.201920
5.351040
4.667040
5.744160
6.593760
6.343200
5.556960
6.243840
4.906080
5.637600
6.291360
6.095520
6.107040
6.285600
5.833440
6.117120
4.789440
6.505920
6.995520
6.602400
6.621120
6.907680
6.878880
4.070880
7.230240
7.493760
6.128640
7.169760
6.613920
7.142400
6.124320
6.236640
4.672800
1.437120
0.129600
0.946080
5.731200
7.320960
5.145120
4.919040
4.727520
7.414560
7.115040
5.392800
6.901920
7.495200
8.815680
8.832960
8.144640
10.036800
9.596160
8.434080
6.541920
9.581760
9.796320
2.040480
1.877760
6.566400
7.322400
2.494080
10.095840
8.811360
5.470560
9.918720
11.132640
11.664000
11.622240
12.260160
12.627360
7.287840
10.404000
11.592000
11.201760
9.012960
13.286880
5.633280
9.426240
9.632160
9.540000
7.722720
14.791680
13.351680
13.547520
12.405600
14.614560
13.271040
10.248480
10.484640
13.926240
1.674720
3.948480
9.384480
16.068960
15.893280
12.960000
7.930080
3.107520
4.893120
11.113920
3.342240
7.643520
10.998720
15.243840
3.283200
6.253920
1.683360
5.340960
15.727680
18.838080
19.540800
17.876160
13.104000
16.436160
18.842400
19.553760
19.255680
17.605440
1.522080
19.846080
8.714880
10.605600
13.654080
9.079200
4.332960
7.276320
2.613600
2.479680
14.006880
19.280160
20.355840
15.167520
12.787200
10.870560
18.660960
12.129120
16.682400
18.948960
21.934080
21.741120
15.648480
18.803520
20.188800
20.295360
4.659840
6.075360
14.050080
15.573600
18.637920
5.326560
14.670720
11.740320
19.545120
24.026400
24.088320
24.134400
22.271040
22.314240
19.870560
15.160320
23.391360
23.944320
23.440320
23.112000
18.495360
13.380480
22.642560
16.081920
17.984160
11.427840
8.791200
17.549280
14.821920
5.310720
10.137600
13.066560
15.497280
14.633280
23.801760
16.921440
14.870880
14.685120
5.715360
11.769120
12.680640
13.907520
16.509600
24.154560
22.874400
23.303520
23.042880
19.836000
23.309280
22.579200
18.302400
14.100480
13.572000
23.002560
12.265920
11.440800
24.197760
23.814720
22.917600
23.872320
23.523840
21.831840
11.502720
20.918880
18.024480
15.802560
11.740320
9.691200
17.892000
20.013120
23.264640
22.878720
20.748960
22.390560
21.500640
15.040800
15.552000
21.625920
22.019040
21.816000
20.805120
21.598560
22.050720
19.995840
21.283200
16.578720
12.288960
20.151360
22.160160
22.026240
20.976480
14.404320
14.735520
19.818720
16.214400
17.629920
12.723840
15.881760
17.451360
15.498720
19.676160
8.981280
20.314080
20.410560
18.934560
17.238240
19.010880
15.825600
19.175040
18.469440
16.446240
11.021760
6.366240
15.827040
19.350720
13.510080
15.965280
18.132480
18.000000
15.475680
7.896960
15.899040
10.072800
11.806560
11.256480
15.792480
16.979040
17.130240
16.873920
15.852960
14.453280
13.921920
4.701600
10.477440
12.168000
7.034400
11.975040
13.822560
9.336960
14.794560
9.205920
7.863840
12.597120
12.448800
13.641120
10.356480
4.367520
13.694400
12.303360
10.778400
13.288320
8.521920
10.359360
12.214080
2.568960
11.574720
13.399200
8.496000
6.867360
12.795840
11.377440
11.784960
11.445120
10.320480
8.552160
6.050880
3.648960
10.632960
10.527840
7.660800
6.251040
8.438400
9.802080
7.872480
10.444320
9.803520
9.587520
7.260480
2.939040
2.769120
5.224320
3.016800
1.257120
8.801280
8.608320
8.055360
8.907840
7.892640
6.622560
7.709760
7.875360
2.453760
8.272800
7.506720
7.778880
5.217120
8.110080
8.004960
7.633440
7.171200
3.942720
0.718560
1.782720
0.479520
7.218720
4.639680
2.469600
7.191360
6.984000
2.818080
4.079520
7.076160
4.265280
5.083200
7.020000
5.945760
5.912640
6.716160
5.220000
4.150080
6.285600
7.522560
2.911680
2.485440
4.412160
3.163680
5.960160
5.960160
4.639680
1.585440
6.472800
6.768000
3.386880
6.187680
5.192640
6.298560
5.798880
4.032000
1.850400
6.472800
6.737760
5.362560
5.623200
3.683520
6.131520
0.956160
2.986560
7.441920
7.248960
7.676640
7.801920
7.516800
7.853760
-99.000000
-99.000000
5.389920
4.707360
6.148800
2.823840
6.634080
7.614720
4.533120
8.104320
7.467840
7.405920
7.355520
2.302560
8.550720
9.030240
8.303040
9.057600
8.376480
6.498720
6.968160
2.021760
2.916000
5.472000
7.885440
10.438560
4.559040
9.849600
1.641600
6.845760
10.036800
11.147040
10.591200
9.015840
11.301120
4.193280
0.754560
8.458560
12.317760
11.777760
11.818080
12.212640
9.008640
5.628960
5.420160
5.768640
5.685120
7.198560
4.331520
5.222880
7.524000
12.366720
14.672160
7.740000
1.209600
14.667840
6.937920
