20000101
5.662080
6.212160
7.407360
3.261600
5.034240
3.290400
3.795840
4.642560
3.893760
4.368960
7.992000
8.239680
6.147360
4.894560
4.345920
8.241120
4.573440
6.989760
8.782560
8.562240
7.721280
7.161120
9.588960
10.169280
5.312160
5.739840
7.166880
8.310240
4.255200
8.494560
8.606880
7.889760
8.959680
10.330560
10.022400
10.483200
9.442080
8.814240
8.795520
10.931040
10.910880
10.261440
11.367360
8.858880
10.494720
9.472320
10.183680
8.818560
11.030400
11.856960
12.467520
11.407680
8.491680
11.877120
11.698560
12.314880
12.348000
12.794400
12.100320
7.099200
12.900960
13.828320
13.711680
12.852000
12.909600
13.193280
11.543040
13.646880
14.032800
14.241600
14.202720
13.446720
14.152320
13.557600
14.824800
14.729760
14.166720
14.639040
13.779360
8.197920
11.219040
9.522720
11.751840
12.892320
14.952960
14.597280
12.615840
13.099680
13.351680
5.994720
9.990720
16.660800
9.558720
13.942080
13.415040
16.904160
19.010880
18.468000
5.143680
13.891680
4.344480
10.411200
15.137280
17.111520
13.361760
18.652320
6.428160
20.076480
15.893280
19.334880
18.254880
19.006560
16.011360
18.861120
19.620000
20.376000
18.315360
6.500160
15.243840
10.476000
12.705120
17.439840
20.234880
18.243360
11.047680
12.427200
17.386560
15.230880
17.200800
12.978720
7.542720
16.917120
18.875520
21.450240
21.862080
21.952800
21.182400
13.043520
21.009600
22.210560
10.288800
10.841760
17.039520
21.065760
21.496320
18.364320
17.703360
20.049120
14.764320
19.656000
19.821600
22.266720
22.325760
21.689280
23.326560
15.621120
20.458080
23.581440
19.981440
24.946560
19.958400
2.027520
7.967520
20.155680
10.450080
19.670400
23.726880
24.236640
24.065280
24.615360
24.572160
24.527520
22.919040
20.293920
9.793440
24.850080
24.556320
19.198080
23.250240
23.124960
22.137120
14.708160
22.232160
21.153600
20.901600
24.179040
23.369760
20.400480
24.094080
23.986080
24.112800
10.159200
24.012000
24.384960
23.813280
18.017280
20.358720
15.199200
14.800320
17.612640
21.666240
21.454560
21.980160
20.730240
4.874400
20.383200
16.565760
23.191200
22.181760
21.925440
22.849920
20.604960
20.905920
16.544160
19.501920
12.656160
20.568960
21.077280
20.858400
21.085920
20.414880
21.025440
20.450880
17.445600
15.752160
19.563840
19.304640
19.290240
19.450080
19.031040
18.378720
19.480320
19.742400
16.191360
19.414080
14.827680
13.003200
15.913440
15.995520
18.786240
15.341760
16.669440
9.462240
18.036000
18.437760
18.370080
18.355680
18.483840
18.257760
17.601120
17.432640
12.342240
16.511040
16.367040
16.624800
12.687840
14.556960
15.887520
15.880320
15.785280
8.562240
13.237920
5.564160
13.713120
15.760800
15.343200
14.793120
14.451840
13.154400
13.684320
8.130240
11.404800
13.677120
15.104160
14.450400
14.846400
9.103680
13.700160
10.920960
13.284000
13.573440
13.615200
12.991680
11.196000
3.506400
2.118240
2.121120
11.269440
3.922560
5.486400
10.938240
11.373120
9.979200
4.711680
4.233600
4.675680
4.818240
6.053760
7.250400
4.991040
3.713760
9.897120
5.080320
6.716160
8.333280
9.882720
3.009600
8.894880
8.930880
4.474080
6.517440
8.745120
9.240480
8.775360
9.262080
5.702400
5.281920
1.625760
8.837280
3.457440
2.381760
6.994080
1.380960
6.120000
1.929600
6.920640
5.683680
2.376000
3.333600
4.505760
6.795360
5.286240
5.725440
2.980800
1.683360
3.129120
4.416480
6.592320
4.520160
4.573440
3.434400
1.463040
5.738400
5.660640
4.619520
3.922560
4.255200
1.939680
4.311360
5.968800
5.895360
5.274720
5.824800
5.279040
6.088320
3.337920
1.828800
1.388160
0.702720
5.145120
6.118560
3.584160
1.680480
5.925600
1.764000
6.523200
4.939200
4.530240
5.421600
5.685120
2.167200
0.972000
2.570400
5.055840
2.521440
5.178240
2.659680
5.374080
1.391040
1.488960
1.121760
2.142720
4.400640
2.642400
4.132800
5.686560
7.326720
4.210560
5.113440
3.823200
7.316640
5.683680
7.927200
4.731840
7.233120
8.601120
7.930080
8.591040
8.573760
8.464320
7.968960
8.399520
4.887360
3.121920
7.613280
9.371520
9.155520
7.467840
9.339840
6.014880
3.055680
6.744960
9.616320
4.559040
8.039520
10.283040
8.146080
10.002240
10.594080
10.340640
7.584480
10.585440
12.097440
5.431680
0.123840
8.569440
0.228960
8.390880
4.125600
9.256320
6.621120
7.355520
11.969280
-99.000000
-99.000000
-99.000000
8.415360
12.908160
13.795200
12.251520
4.965120
12.902400
13.420800
13.376160
11.733120
11.910960
12.423600
13.862880
9.912960
15.049440
15.151680
10.370880
13.121280
14.284800
16.041600
15.691680
15.880320
16.295040
13.243680
16.093440
13.831200
15.507360
16.927200
17.497440
15.177600
15.678720
16.297920
17.556480
13.605120
17.098560
17.827200
17.117280
16.336800
9.485280
15.727680
17.301600
16.760160
16.122240
17.422560
17.853120
18.371520
18.136800
16.813440
19.146240
11.364480
2.764800
14.067360
14.431680
10.529280
15.991200
11.835360
17.419680
17.585280
19.657440
8.170560
3.396960
9.835200
19.404000
18.198720
13.547520
20.010240
20.354400
12.988800
11.953440
18.936000
13.547520
15.124320
17.720640
11.329920
16.542720
19.146240
19.095840
20.335680
20.753280
20.674080
20.782080
20.401920
19.284480
20.848320
21.365280
20.524320
17.654400
15.827040
21.150000
20.431440
15.668640
10.356480
22.098240
19.543680
20.851200
21.077280
17.160480
22.165920
20.977920
21.972960
21.755520
21.585600
21.299040
21.454560
20.769120
19.699200
20.077920
21.149280
18.865440
21.506400
21.837600
20.642400
20.786400
20.833920
17.796960
10.393920
13.554720
14.433120
21.814560
18.612000
4.669920
18.290880
20.449440
19.334880
18.162720
15.638400
13.230720
11.712960
20.957760
21.579840
9.918720
21.569760
21.381120
20.990880
18.142560
12.507840
19.539360
19.450080
17.390880
16.276320
17.655840
18.400320
17.942400
17.778240
16.957440
16.748640
15.855840
17.000640
19.257120
18.489600
14.679360
16.695360
17.424000
18.567360
15.831360
17.076960
16.711200
10.890720
7.058880
17.327520
13.308480
9.396000
15.838560
18.207360
17.899200
16.924320
17.372160
17.344800
15.852960
16.732800
17.258400
16.140960
17.045280
15.654240
14.732640
16.729920
12.372480
13.962240
16.251840
15.792480
15.832800
15.834240
16.031520
12.650400
14.889600
15.467040
15.082560
13.500000
15.314400
14.891040
14.605920
14.640480
9.744480
4.237920
12.284640
4.708800
0.011520
9.201600
13.734720
14.016960
12.703680
4.929120
6.336000
13.078080
12.872160
11.358720
12.034080
8.866080
9.334080
8.779680
11.465280
9.218880
6.973920
4.469760
6.814080
9.600480
4.754880
10.218240
7.620480
11.013120
5.045760
8.107200
6.546240
6.125760
9.336960
9.851040
7.067520
10.218240
9.865440
7.378560
7.925760
8.199360
7.757280
9.178560
7.993440
8.360640
4.341600
8.837280
8.421120
2.694240
8.025120
8.637120
7.211520
7.531200
7.428960
2.760480
7.564320
7.943040
2.409120
1.267200
0.869760
0.570240
1.255680
1.156320
3.146400
3.307680
1.081440
4.152960
7.367040
7.223040
3.628800
1.912320
5.829120
3.045600
3.561120
6.095520
4.010400
1.110240
0.957600
5.821920
3.710880
1.909440
4.044960
6.842880
6.700320
6.847200
7.034400
6.382080
1.052640
0.957600
3.607200
4.515840
4.933440
7.215840
2.298240
1.680480
1.527840
2.167200
5.099040
8.907840
7.598880
6.200640
7.151040
5.797440
1.859040
1.621440
0.969120
0.387360
2.593440
1.471680
1.035360
2.581920
0.629280
2.619360
5.944320
2.501280
5.430240
4.289760
3.610080
0.920160
0.587520
6.266880
7.591680
7.243200
2.865600
2.018880
7.024320
3.952800
3.684960
5.273280
7.397280
7.660800
7.544160
7.675200
7.894080
5.899680
4.055040
8.301600
8.992800
7.423200
4.098240
7.156800
7.860960
9.571680
8.965440
8.625600
9.122400
9.551520
9.267840
9.188640
8.890560
7.842240
1.402560
3.716640
7.837920
10.095840
4.086720
10.717920
10.779840
10.575360
10.800000
11.378880
8.717760
10.929600
5.659200
2.541600
3.869280
8.498880
5.513760
1.586880
9.054720
8.020800
8.377920
11.013120
12.712320
10.795680
6.350400
10.130400
11.062080
13.200480
6.529680
5.379120
10.186560
8.857440
14.607360
14.735520
14.531040
11.623680
12.417120
8.889120
14.551200
6.883200
12.323520
2.265120
15.832800
13.034880
15.677280
3.474720
1.154880
13.092480
16.983360
7.691040
8.923680
3.024000
12.659040
10.630080
11.908800
4.718880
16.159680
12.728160
6.245280
17.022240
18.645120
14.510880
15.023520
18.292320
18.826560
18.992160
16.688160
17.400960
19.105920
16.089120
15.795360
12.921120
17.117280
18.662400
9.812160
10.225440
12.301920
19.990080
12.536640
8.843040
5.804640
5.384160
7.865280
4.301280
5.533920
17.549280
20.560320
20.738880
18.887040
20.404800
10.493280
21.288960
21.337920
19.802880
13.357440
11.178720
13.965120
21.139200
21.486240
19.578240
20.291040
21.106080
20.484000
19.589760
20.854080
15.062400
20.340000
16.551360
9.043200
7.123680
21.352320
18.887040
7.073280
21.780000
21.841920
21.669120
20.158560
20.926080
21.124800
20.422080
20.816640
20.859840
20.388960
16.804800
15.887520
20.155680
21.143520
21.019680
20.347200
20.401920
18.195840
15.868800
20.845440
3.624480
-99.000000
14.392800
20.384640
18.741600
18.774720
19.656000
14.336640
20.544480
16.561440
19.088640
19.510560
16.450560
13.452480
15.464160
20.812320
17.608320
16.683840
20.302560
20.894400
20.355840
19.012320
18.577440
9.711360
19.478880
19.893600
18.918720
19.952640
19.664640
18.878400
17.411040
16.480800
13.173120
13.527360
10.949760
16.892640
16.212960
15.001920
18.522720
20.023200
12.968640
10.405440
11.835360
19.913760
19.285920
19.291680
16.372800
17.110080
3.034080
-99.000000
-99.000000
8.969760
17.403840
15.399360
6.749280
11.831040
4.920480
14.329440
10.051200
9.816480
15.442560
15.340320
16.541280
15.422400
3.749760
2.808000
9.649440
13.697280
13.754880
16.426080
14.447520
5.160960
-99.000000
15.809760
12.153600
11.399040
12.978720
15.173280
15.068160
9.699840
5.981760
6.105600
-99.000000
-99.000000
-99.000000
-99.000000
-99.000000
13.691520
11.040480
14.041440
13.669920
12.733920
9.633600
8.029440
7.037280
1.889280
7.928640
11.898720
11.954880
12.643200
11.996640
9.982080
2.207520
4.063680
10.769760
9.105120
11.568960
11.030400
10.841760
5.709600
9.082080
10.317600
9.815040
10.092960
7.489440
9.498240
10.406880
7.385760
8.922240
9.580320
9.576000
6.320160
7.207200
6.058080
2.499840
7.712640
7.509600
5.732640
8.098560
7.950240
7.032960
7.691040
8.318880
8.290080
7.669440
4.390560
5.686560
6.716160
3.173760
1.880640
7.057440
6.914880
6.526080
6.609600
1.075680
4.747680
7.660800
2.272320
0.773280
2.517120
6.107040
6.815520
4.088160
4.062240
6.635520
0.780480
5.307840
5.130720
6.242400
5.883840
5.614560
5.320800
2.207520
5.342400
4.001760
4.092480
5.863680
5.575680
1.203840
3.745440
3.123360
1.974240
2.895840
1.211040
2.890080
1.144800
1.944000
4.695840
4.394880
5.712480
4.216320
0.934560
5.712480
4.183200
1.128960
6.217920
4.969440
4.281120
4.442400
4.487040
2.956320
1.216800
3.196800
0.671040
3.002400
2.005920
7.021440
2.855520
6.765120
8.170560
6.896160
7.116480
4.612320
5.267520
1.650240
3.791520
6.528960
6.780960
6.661440
7.909920
8.017920
2.665440
7.752960
6.899760
6.515280
7.279200
8.735040
8.400960
6.854400
7.220160
6.128640
8.566560
9.205920
5.630400
8.954640
8.204400
9.309600
6.724800
1.987200
1.825920
2.162880
2.947680
8.611200
6.458400
9.563040
1.251360
1.552320
7.940160
3.525120
5.852160
4.377600
1.149120
2.265120
5.470560
10.186560
8.763840
10.139760
7.506000
12.473280
11.473920
6.890400
11.579040
10.324800
12.591360
12.935520
13.472640
13.413600
12.489120
7.899840
9.555840
12.974400
14.653440
14.669280
14.533920
14.676480
14.554080
10.584000
14.680800
15.091200
14.706720
13.950720
4.835520
2.039040
7.135200
7.515360
10.339920
13.284720
10.457280
17.563680
16.957440
17.101440
17.013600
17.223840
6.972480
13.638240
14.753520
10.290960
11.593440
17.426880
3.216960
7.593120
11.606400
14.738400
14.539680
8.940960
5.952960
17.480160
14.630400
17.290080
15.806880
15.831360
10.946880
17.568000
19.018080
13.317120
13.215600
15.294240
19.188720
19.244160
17.245440
8.231040
3.098880
8.887680
8.471520
18.453600
19.402560
17.879040
18.357120
19.686240
20.327040
14.526720
11.289600
15.016320
20.211840
20.063520
20.589120
20.743200
19.743840
20.715840
10.235520
14.448960
13.297680
20.656080
18.586080
20.391840
19.861920
20.265120
18.018720
15.454080
13.651200
15.577920
10.460160
19.903680
18.319680
16.809120
18.711360
19.869120
21.022560
20.701440
20.705760
19.710720
19.765440
12.329280
18.521280
20.865600
21.513600
21.251520
21.522960
20.748240
20.155680
17.946720
11.584800
17.998560
16.682400
12.572640
18.666720
21.062880
21.641760
20.877120
14.611680
21.173760
11.138400
15.742080
20.376000
19.082880
11.489760
20.531520
19.931040
20.024640
20.063520
20.715840
19.287360
21.481920
19.674720
15.536160
20.959200
11.616480
19.830240
19.232640
15.272640
19.571040
14.545440
18.321120
18.620640
19.368000
20.223360
19.339200
19.525680
19.496160
19.575360
16.983360
19.073520
19.053360
19.185840
16.354080
9.218880
17.176320
18.848160
18.937440
15.128640
18.239040
17.196480
16.404480
13.527360
9.200160
18.036000
15.906240
16.639200
10.884960
11.380320
15.328800
14.333760
18.371520
15.009120
17.064000
11.908800
17.408160
17.582400
14.830560
11.008800
6.467040
12.888000
8.239680
14.518080
11.635200
6.518880
12.300480
14.293440
13.078080
15.792480
15.760800
15.089760
15.844320
15.635520
15.314400
15.494400
14.624640
14.469120
14.590080
13.649760
7.742880
11.151360
14.451840
12.022560
10.848960
4.030560
9.290880
9.823680
5.024160
12.808800
10.288800
11.871360
11.329920
9.707040
9.711360
12.777120
10.742400
10.663200
12.193920
10.296000
5.931360
5.630400
7.446240
2.426400
5.558400
1.703520
2.229120
3.372480
7.784640
5.577120
7.221600
13.446720
11.276640
11.985120
1.316160
3.788640
9.691200
8.776800
9.122400
2.213280
10.546560
11.895840
12.398400
11.890080
11.864160
9.309600
8.301600
7.248960
3.754080
3.912480
3.024000
4.580640
5.922720
4.731840
3.231360
3.968640
2.397600
9.529200
6.938640
9.020160
5.954400
3.578400
2.471040
9.600480
2.596320
8.889120
8.222400
7.806240
5.699520
6.066720
2.583360
5.005440
4.888800
5.677920
7.161120
7.274880
4.386240
8.245440
5.855040
8.569440
5.767200
2.432160
2.301120
3.150720
8.504640
8.016480
6.094080
2.720160
1.879200
7.657920
4.066560
8.462880
8.514720
4.416480
2.239200
7.227360
2.357280
2.216160
5.142240
7.963200
4.645440
2.913120
6.996960
7.358400
6.740640
6.942240
6.963840
6.654240
3.028320
4.720320
6.655680
5.751360
4.740480
5.410080
3.348000
7.924320
5.958720
7.410240
5.423040
8.438400
4.237920
7.231680
3.578400
7.702560
2.806560
6.674400
6.289920
6.412320
9.243360
9.200160
4.773600
5.571360
7.693920
6.259680
2.469600
7.456320
6.785280
10.185120
2.547360
4.158720
4.082400
8.452800
4.043520
11.023200
10.435680
10.166400
1.776960
3.659040
10.090080
5.855040
9.652320
3.833280
5.565600
11.360160
12.244320
2.797920
2.419200
2.482560
6.480000
9.717120
8.580960
14.725440
13.741920
12.654720
11.332800
9.192960
10.242720
14.834880
13.541760
14.071680
4.726080
15.314400
7.966080
2.160000
7.656480
12.477600
11.304000
14.754240
13.838400
10.952640
12.846240
15.750720
11.773440
13.072320
16.894080
17.616960
16.050240
3.378240
11.309760
5.806080
5.199840
8.769600
15.314400
11.626560
18.590400
18.141120
18.298080
19.510560
12.921120
2.312640
15.973920
15.811200
19.887840
12.978720
19.553760
6.611040
19.775520
4.042080
15.102720
11.455200
18.092160
19.836000
20.875680
1.990080
19.903680
19.414080
21.312000
20.823840
20.990880
5.700960
3.546720
13.389120
11.512800
11.105280
1.607040
15.367680
19.795680
22.367520
22.141440
23.633280
21.058560
9.504000
4.042080
13.497120
19.213920
12.841920
21.546720
22.832640
21.991680
22.822560
22.131360
23.427360
22.167360
16.119360
17.468640
17.376480
18.367200
17.341920
18.887040
22.089600
21.265920
13.001760
17.956800
22.767840
23.958720
24.096960
22.206240
23.852160
23.387040
20.501280
22.970880
22.325760
22.716000
14.404320
18.610560
20.665440
19.003680
14.159520
21.679200
24.078240
24.104160
11.088000
23.703840
17.917920
20.681280
21.677760
16.107840
17.511840
22.390560
23.330880
21.133440
22.567680
22.785120
22.694400
23.595840
16.773120
22.819680
14.464800
12.199680
21.398400
24.377760
23.880960
14.323680
12.366720
21.581280
18.306720
19.673280
23.090400
20.458080
20.040480
21.764160
18.722880
16.477920
20.774880
22.043520
13.633920
20.666880
21.303360
22.082400
22.279680
21.800160
11.862720
19.156320
21.157920
19.828800
14.814720
15.533280
18.482400
21.775680
19.529280
12.252960
20.086560
15.919200
19.638720
21.503520
20.223360
21.251520
20.795040
20.053440
12.553920
9.588960
20.525760
20.328480
19.765440
20.792160
15.524640
12.240000
17.975520
18.933120
19.990080
18.547200
13.406400
10.548000
8.205120
8.301600
11.262240
15.495840
9.354240
13.413600
9.358560
14.977440
11.113920
14.165280
15.418080
14.136480
14.340960
8.082720
13.415040
11.783520
11.636640
11.024640
17.025120
16.526880
14.836320
12.221280
16.709760
15.024960
16.836480
16.290720
16.447680
14.990400
15.792480
15.433920
14.971680
14.944320
14.313600
14.080320
13.986720
14.009760
12.267360
10.608480
10.720800
12.123360
12.196800
13.917600
13.445280
10.121760
13.430880
12.250080
10.342080
9.505440
12.137760
9.453600
3.947040
7.607520
7.077600
11.210400
11.193120
9.892800
7.238880
9.990720
2.095200
4.978080
6.233760
10.003680
8.704800
3.100320
4.196160
5.192640
8.435520
6.190560
3.893760
7.932960
9.388800
7.860960
8.040960
8.256960
7.335360
8.634240
9.046080
8.464320
8.749440
7.974720
6.384960
7.564320
9.064800
8.573760
4.782240
2.037600
2.250720
3.831840
2.318400
6.766560
7.522560
3.101760
5.590080
6.649920
7.980480
8.771040
4.428000
3.795840
2.099520
3.358080
2.797920
3.398400
4.449600
8.786880
7.077600
7.287840
6.410880
6.006240
1.844640
6.933600
9.541440
6.681600
7.125120
5.918400
1.536480
8.056800
4.896000
3.466080
6.697440
7.202880
2.884320
8.510400
5.734080
4.612320
7.519680
5.556960
7.858080
10.732320
5.888160
6.287040
8.498880
10.759680
7.107840
9.655200
5.400000
5.162400
6.379200
6.583680
11.584800
6.213600
4.318560
5.228640
11.214720
11.626560
11.414880
9.181440
5.916960
10.785600
12.543840
12.556800
12.345120
11.194560
12.117600
12.955680
13.013280
12.767040
13.033440
13.949280
13.373280
12.813120
9.259200
7.873920
12.140640
9.044640
14.001120
14.029920
12.359520
14.770080
13.819680
14.372640
15.390720
15.389280
15.492960
16.018560
13.190400
16.267680
7.315200
14.863680
15.465600
12.993120
16.624800
17.714880
15.608160
7.803360
15.023520
16.529760
18.112320
16.696800
15.500160
18.787680
18.396000
18.427680
18.427680
10.097280
19.098720
19.005120
14.912640
17.928000
18.449280
18.695520
19.726560
20.423520
18.537120
12.546720
17.170560
11.479680
14.168160
14.523840
16.122240
20.756160
20.384640
17.789760
21.597120
16.473600
18.656640
6.294240
10.126080
14.968800
10.032480
20.685600
20.573280
11.875680
23.172480
23.526720
19.589760
21.820320
22.690080
18.396000
20.712960
17.834400
20.918880
20.226240
22.907520
20.700000
19.078560
14.608800
18.655200
18.099360
24.615360
18.472320
23.852160
24.232320
21.828960
23.984640
21.997440
8.588160
21.660480
19.126080
23.785920
25.449120
25.551360
24.598080
17.961120
16.822080
16.558560
17.828640
16.617600
25.115040
23.342400
18.636480
11.658240
26.313120
26.465760
25.087680
21.792960
21.788640
26.062560
26.791200
26.455680
26.792640
26.500320
25.727040
23.031360
13.636800
13.193280
23.074560
25.621920
24.071040
23.312160
26.218080
26.408160
24.824160
22.260960
25.525440
20.023200
21.411360
21.853440
13.155840
25.636320
23.444640
24.415200
23.271840
25.902720
25.652160
23.499360
22.688640
23.640480
23.724000
0.794880
-99.000000
-99.000000
16.449120
8.645760
26.036640
25.979040
25.680960
25.178400
25.097760
17.664480
26.609760
26.436960
26.012160
25.973280
21.005280
25.967520
25.908480
25.655040
25.050240
25.184160
23.889600
24.590880
19.859040
19.045440
26.265600
25.166880
24.825600
24.249600
22.407840
23.842080
20.967840
22.944960
24.477120
21.731040
23.348160
21.971520
15.971040
6.720480
16.822080
25.368480
25.128000
24.789600
24.855840
24.030720
20.424960
18.948960
17.933760
13.572000
23.870880
22.669920
23.388480
23.781600
17.324640
17.405280
19.401120
15.510240
19.395360
22.266720
23.283360
22.819680
22.737600
21.877920
15.495840
12.180960
21.222720
17.154720
5.736960
16.116480
16.331040
19.851840
19.834560
18.620640
14.561280
11.653920
5.172480
10.912320
16.367040
19.018080
19.438560
17.962560
18.213120
18.370080
18.732960
17.436960
10.657440
19.153440
18.505440
18.338400
17.794080
17.133120
16.233120
12.682080
8.341920
14.008320
15.238080
13.721760
9.331200
15.386400
15.798240
16.320960
14.898240
15.736320
13.021920
6.104160
13.299840
14.670720
12.660480
6.770880
4.740480
6.281280
3.283200
3.850560
6.868800
12.725280
11.789280
4.000320
7.668000
12.575520
10.340640
12.422880
6.125760
8.555040
9.475200
8.268480
11.390400
7.260480
10.723680
10.015200
4.668480
8.966880
9.050400
10.009440
4.704480
8.897760
11.381760
11.096640
10.236960
2.558880
2.628000
3.084480
3.378240
4.004640
8.167680
6.477120
3.958560
8.244000
6.828480
9.269280
7.449120
7.385760
5.299200
5.984640
9.545760
3.788640
8.248320
4.854240
9.249120
7.130880
8.219520
6.982560
3.782880
8.988480
6.585120
7.178400
6.978240
8.272800
4.152960
8.467200
9.066240
7.296480
4.415040
4.540320
3.212640
4.809600
7.728480
6.652800
7.885440
8.726400
8.625600
6.609600
8.765280
8.030880
8.341920
2.819520
3.316320
2.626560
6.865920
6.439680
3.880800
5.355360
8.151840
8.026560
8.834400
8.591040
3.640320
5.427360
3.523680
4.896000
5.538240
4.613760
2.632320
3.892320
5.264640
8.877600
3.140640
4.122720
4.547520
4.992480
4.236480
9.167040
3.032640
4.104000
3.587040
7.483680
2.815200
2.985120
1.787040
3.421440
4.602240
3.438720
4.122720
4.481280
5.618880
10.186560
2.039040
6.020640
9.505440
10.399680
11.000160
10.699200
9.588960
10.198080
10.019520
10.906560
10.153440
8.301600
8.074080
10.569600
10.653120
5.716800
11.881440
11.780640
7.394400
7.152480
5.844960
12.144960
3.224160
12.454560
13.426560
14.893920
13.907520
13.298400
4.402080
6.518880
14.938560
14.405760
13.559040
9.967680
14.817600
16.297920
16.071840
11.314080
8.114400
14.437440
11.380320
10.055520
3.909600
6.164640
10.804320
15.778080
14.618880
12.769920
17.517600
17.409600
15.199200
11.615040
19.170720
16.767360
15.557760
18.142560
12.656160
19.635840
16.570080
17.241120
19.818720
19.527840
11.443680
14.027040
15.531840
16.405920
21.512160
20.977920
21.162240
16.100640
15.269760
16.390080
3.569760
20.344320
20.541600
16.129440
9.629280
16.061760
10.342080
19.553760
17.841600
21.473280
14.479200
21.600000
23.018400
23.218560
22.373280
22.716000
12.962880
1.859040
7.342560
21.520800
17.452800
15.592320
22.325760
19.656000
21.945600
18.989280
15.942240
22.442400
22.351680
22.079520
20.625120
12.890880
24.170400
22.353120
21.752640
21.412800
19.779840
25.558560
24.996960
24.472800
24.366240
24.566400
24.635520
25.041600
23.335200
25.868160
24.346080
25.846560
25.751520
25.102080
25.777440
24.651360
22.809600
19.612800
13.416480
25.045920
25.322400
24.408000
24.560640
19.575360
12.624480
22.325760
18.244800
19.850400
14.258880
23.232960
23.001120
22.520160
22.393440
23.866560
23.955840
20.880000
20.757600
25.152480
24.039360
23.456160
24.979680
24.648480
24.619680
21.774240
24.179040
25.247520
24.562080
20.796480
23.328000
17.674560
22.728960
13.733280
20.658240
16.015680
-99.000000
-99.000000
19.287360
17.707680
22.222080
24.144480
23.833440
23.019840
22.066560
20.972160
23.844960
14.538240
23.541120
24.131520
22.383360
23.088960
23.332320
23.500800
21.605760
23.338080
23.220000
22.597920
23.346720
20.106720
22.671360
16.852320
21.720960
21.398400
20.727360
19.833120
11.567520
12.664800
11.121120
18.302400
21.058560
21.062880
21.022560
20.472480
19.189440
11.700000
18.452160
16.911360
20.512800
19.304640
19.834560
17.848800
19.284480
18.342720
10.864800
17.876160
17.709120
17.002080
14.898240
13.839840
14.865120
15.539040
16.642080
16.676640
9.718560
8.331840
2.869920
17.166240
8.118720
15.739200
15.062400
16.413120
16.210080
9.368640
7.089120
1.249920
12.447360
15.052320
14.980320
15.691680
13.219200
13.946400
10.648800
14.617440
11.731680
12.263040
13.188960
14.320800
13.402080
13.276800
10.183680
6.564960
9.144000
7.758720
4.358880
11.805120
12.362400
11.916000
9.048960
8.588160
3.516480
9.149760
5.967360
5.941440
9.034560
3.608640
11.026080
8.703360
6.769440
9.515520
10.283040
7.050240
10.389600
9.511200
4.197600
8.904960
2.476800
6.305760
3.566880
9.951840
7.129440
4.668480
5.201280
2.545920
1.333440
1.432800
7.742880
8.408160
4.816800
0.938880
3.684960
7.862400
7.672320
6.740640
5.065920
4.762080
6.120000
5.911200
2.875680
4.013280
7.034400
2.403360
1.919520
5.052960
6.852960
2.711520
2.669760
6.324480
5.938560
0.937440
4.220640
2.495520
5.885280
1.395360
1.080000
4.357440
0.915840
1.578240
2.671200
2.698560
1.680480
3.592800
3.798720
2.759040
2.736000
3.195360
1.332000
1.219680
3.676320
7.027200
6.330240
6.562080
6.874560
6.222240
6.380640
-99.000000
-99.000000
-99.000000
-99.000000
-99.000000
-99.000000
-99.000000
-99.000000
-99.000000
-99.000000
-99.000000
-99.000000
-99.000000
-99.000000
-99.000000
-99.000000
-99.000000
-99.000000
-99.000000
-99.000000
-99.000000
-99.000000
-99.000000
-99.000000
-99.000000
-99.000000
-99.000000
-99.000000
-99.000000
-99.000000
-99.000000
-99.000000
-99.000000
-99.000000
-99.000000
-99.000000
-99.000000
-99.000000
-99.000000
-99.000000
-99.000000
-99.000000
-99.000000
-99.000000
-99.000000
-99.000000
-99.000000
-99.000000
-99.000000
-99.000000
-99.000000
-99.000000
-99.000000
-99.000000
-99.000000
-99.000000
-99.000000
-99.000000
-99.000000
-99.000000
-99.000000
-99.000000
-99.000000
-99.000000
-99.000000
-99.000000
-99.000000
-99.000000
-99.000000
-99.000000
-99.000000
-99.000000
-99.000000
-99.000000
-99.000000
-99.000000
-99.000000
-99.000000
-99.000000
-99.000000
-99.000000
-99.000000
-99.000000
-99.000000
-99.000000
-99.000000
-99.000000
-99.000000
-99.000000
-99.000000
-99.000000
-99.000000
-99.000000
-99.000000
-99.000000
-99.000000
-99.000000
-99.000000
-99.000000
-99.000000
-99.000000
-99.000000
-99.000000
-99.000000
-99.000000
-99.000000
-99.000000
-99.000000
-99.000000
-99.000000
-99.000000
-99.000000
-99.000000
-99.000000
-99.000000
-99.000000
-99.000000
-99.000000
-99.000000
-99.000000
-99.000000
-99.000000
-99.000000
-99.000000
-99.000000
-99.000000
-99.000000
-99.000000
-99.000000
-99.000000
-99.000000
-99.000000
-99.000000
-99.000000
-99.000000
-99.000000
-99.000000
-99.000000
-99.000000
-99.000000
-99.000000
-99.000000
-99.000000
-99.000000
-99.000000
-99.000000
-99.000000
-99.000000
-99.000000
-99.000000
-99.000000
-99.000000
-99.000000
-99.000000
-99.000000
-99.000000
-99.000000
-99.000000
-99.000000
-99.000000
-99.000000
-99.000000
-99.000000
-99.000000
-99.000000
-99.000000
-99.000000
-99.000000
-99.000000
-99.000000
-99.000000
-99.000000
-99.000000
-99.000000
-99.000000
-99.000000
-99.000000
-99.000000
-99.000000
-99.000000
-99.000000
-99.000000
-99.000000
-99.000000
-99.000000
-99.000000
-99.000000
-99.000000
-99.000000
-99.000000
-99.000000
-99.000000
-99.000000
-99.000000
-99.000000
-99.000000
-99.000000
-99.000000
-99.000000
-99.000000
-99.000000
-99.000000
-99.000000
-99.000000
-99.000000
-99.000000
-99.000000
-99.000000
-99.000000
-99.000000
-99.000000
-99.000000
-99.000000
-99.000000
-99.000000
-99.000000
-99.000000
-99.000000
-99.000000
-99.000000
-99.000000
-99.000000
-99.000000
-99.000000
-99.000000
-99.000000
-99.000000
-99.000000
-99.000000
-99.000000
-99.000000
-99.000000
-99.000000
-99.000000
-99.000000
-99.000000
-99.000000
-99.000000
-99.000000
-99.000000
-99.000000
-99.000000
-99.000000
-99.000000
-99.000000
-99.000000
-99.000000
-99.000000
-99.000000
-99.000000
-99.000000
-99.000000
-99.000000
-99.000000
-99.000000
-99.000000
-99.000000
-99.000000
-99.000000
-99.000000
-99.000000
-99.000000
-99.000000
-99.000000
-99.000000
-99.000000
-99.000000
-99.000000
-99.000000
-99.000000
-99.000000
-99.000000
-99.000000
-99.000000
-99.000000
-99.000000
-99.000000
-99.000000
-99.000000
-99.000000
-99.000000
-99.000000
-99.000000
-99.000000
-99.000000
-99.000000
-99.000000
-99.000000
-99.000000
-99.000000
-99.000000
-99.000000
-99.000000
-99.000000
-99.000000
-99.000000
-99.000000
-99.000000
-99.000000
-99.000000
-99.000000
-99.000000
-99.000000
-99.000000
-99.000000
-99.000000
-99.000000
-99.000000
-99.000000
-99.000000
-99.000000
-99.000000
-99.000000
-99.000000
-99.000000
-99.000000
-99.000000
-99.000000
-99.000000
-99.000000
-99.000000
-99.000000
-99.000000
-99.000000
-99.000000
-99.000000
-99.000000
-99.000000
-99.000000
-99.000000
-99.000000
-99.000000
-99.000000
-99.000000
-99.000000
-99.000000
-99.000000
-99.000000
-99.000000
-99.000000
-99.000000
-99.000000
-99.000000
-99.000000
-99.000000
-99.000000
-99.000000
-99.000000
-99.000000
-99.000000
-99.000000
-99.000000
-99.000000
-99.000000
-99.000000
-99.000000
-99.000000
-99.000000
-99.000000
-99.000000
-99.000000
-99.000000
-99.000000
-99.000000
-99.000000
-99.000000
-99.000000
1.524960
1.785600
5.140800
7.299360
4.809600
2.229120
2.977920
2.436480
7.220160
6.690240
7.014240
4.184640
6.127200
5.722560
7.454880
-99.000000
-99.000000
-99.000000
-99.000000
-99.000000
-99.000000
-99.000000
-99.000000
-99.000000
8.432640
6.647040
9.000000
9.969120
5.428800
3.608640
7.863840
8.192160
10.411200
10.644480
11.057760
11.079360
11.341440
11.628000
11.937600
9.401760
11.629440
12.284640
4.698720
11.589120
8.591040
6.396480
2.422080
3.132000
5.696640
6.799680
12.866400
13.425120
12.310560
2.381760
3.715200
10.032480
7.594560
6.652800
8.388000
15.144480
13.946400
13.646880
15.253920
16.617600
13.589280
16.122240
10.630080
7.701120
15.837120
12.003840
16.683840
17.003520
9.812160
16.849440
13.818240
9.784800
6.510240
18.544320
14.502240
15.854400
16.488000
14.582880
17.416800
10.581120
5.932800
18.110880
17.205120
13.298400
19.965600
20.599200
17.928000
20.891520
20.760480
20.658240
21.595680
3.381120
14.068800
9.299520
11.538720
7.440480
17.255520
21.804480
20.227680
23.307840
18.254880
12.153600
9.351360
16.927200
3.818880
18.432000
23.381280
22.985280
23.777280
22.656960
23.685120
20.743200
13.888800
24.082560
24.763680
23.965920
23.628960
23.392800
23.640480
20.750400
24.121440
23.070240
16.961760
2.867040
9.244800
17.868960
8.958240
24.717600
7.375680
13.599360
8.216640
13.039200
21.238560
8.228160
20.779200
25.492320
15.066720
12.330720
12.143520
2.687040
14.260320
7.145280
14.505120
22.197600
21.607200
6.916320
11.305440
21.876480
15.729120
23.253120
20.810880
24.544800
25.153920
26.421120
13.102560
11.005920
11.501280
23.660640
25.950240
12.274560
15.654240
15.599520
15.487200
27.273600
22.946400
26.104320
26.154720
27.007200
23.951520
17.534880
25.610400
25.750080
20.482560
26.519040
26.278560
22.364640
25.362720
21.160800
23.692320
26.269920
-99.000000
-99.000000
16.143840
19.218240
21.983040
23.774400
25.752960
9.992160
22.772160
26.493120
25.450560
19.789920
20.396160
25.858080
24.847200
22.226400
22.933440
25.884000
25.332480
21.798720
23.392800
23.699520
23.908320
22.417920
17.386560
24.366240
24.328800
18.155520
24.674400
24.229440
22.841280
20.908800
22.599360
19.032480
23.700960
24.318720
22.957920
15.616800
22.429440
18.473760
7.097760
23.594400
17.791200
19.323360
21.981600
19.922400
14.827680
16.439040
19.933920
3.781440
21.899520
18.839520
16.925760
17.828640
19.072800
20.484000
19.074240
12.185280
20.364480
15.667200
18.984960
18.809280
15.528960
7.856640
20.198880
16.787520
9.718560
13.957920
15.291360
17.915040
17.506080
19.141920
19.133280
18.224640
12.457440
10.051200
16.984800
17.638560
15.032160
5.024160
2.983680
8.673120
14.055840
13.466880
15.395040
16.391520
16.060320
15.991200
15.343200
15.746400
15.484320
14.231520
15.471360
15.177600
13.400640
4.884480
6.307200
14.257440
10.415520
4.445280
9.067680
6.458400
11.841120
12.124800
10.969920
2.761920
8.468640
6.910560
9.358560
1.713600
3.958560
11.121120
9.815040
11.869920
11.717280
0.658080
1.762560
5.683680
3.860640
4.066560
1.981440
10.942560
8.513280
7.316640
5.292000
7.077600
5.228640
3.830400
9.351360
3.774240
2.161440
8.593920
9.855360
9.545760
3.774240
4.188960
1.692000
1.841760
1.647360
2.204640
7.676640
8.563680
5.764320
7.320960
8.779680
4.655520
8.400960
3.424320
6.985440
7.060320
3.281760
5.505120
2.404800
7.439040
6.625440
4.171680
1.540800
2.276640
6.539040
8.101440
5.580000
3.067200
2.033280
2.256480
3.611520
5.686560
7.329600
5.842080
2.600640
2.566080
5.605920
7.381440
7.722720
2.141280
1.137600
2.970720
3.820320
0.984960
6.307200
4.135680
1.333440
1.353600
1.851840
3.045600
1.838880
0.878400
6.816960
7.935840
2.842560
3.584160
1.301760
1.684800
1.756800
1.807200
4.095360
6.608160
3.552480
5.617440
4.098240
9.083520
8.873280
3.713760
5.935680
8.732160
8.961120
8.272800
9.401760
6.592320
9.465120
6.850080
1.402560
2.211840
3.021120
6.668640
10.617120
4.525920
7.937280
7.567200
10.208160
7.449120
11.305440
4.165920
11.933280
12.342240
12.451680
3.981600
8.555040
11.839680
12.074400
12.755520
7.914240
9.321120
11.761920
13.223520
8.929440
7.640640
13.363200
10.772640
5.761440
2.011680
7.136640
3.006720
3.067200
7.191360
16.214400
15.969600
14.273280
16.277760
16.274880
13.929120
15.662880
16.842240
15.454080
16.071840
17.082720
17.110080
17.318880
17.642880
17.985600
14.879520
17.000640
18.748800
17.893440
19.058400
19.208160
19.020960
3.106080
9.754560
8.180640
3.830400
9.881280
6.255360
7.021440
16.270560
16.289280
19.357920
1.275840
5.636160
20.973600
5.495040
17.457120
8.256960
19.653120
20.773440
6.815520
18.541440
17.148960
22.396320
13.157280
18.691200
21.417120
22.203360
23.803200
22.790880
15.196320
5.096160
22.101120
24.382080
23.950080
20.859840
19.660320
24.078240
24.363360
21.742560
24.298560
24.907680
22.613760
18.879840
18.804960
19.347840
15.770880
22.783680
9.796320
14.558400
25.829280
25.503840
22.338720
22.491360
25.479360
20.525760
19.920960
9.957600
8.419680
9.352800
23.945760
25.594560
26.256960
25.564320
25.902720
25.768800
23.744160
25.832160
25.421760
25.957440
19.117440
9.011520
25.469280
22.181760
14.015520
22.010400
24.739200
25.184160
25.344000
23.604480
20.145600
18.132480
16.752960
24.672960
23.533920
15.599520
21.048480
25.179840
25.702560
23.047200
23.705280
16.502400
24.464160
24.030720
24.996960
22.265280
23.761440
23.584320
23.941440
24.602400
24.233760
24.043680
15.737760
19.297440
9.816480
12.350880
24.354720
20.465280
23.950080
24.445440
19.251360
21.009600
23.778720
22.047840
25.305120
24.314400
21.875040
21.067200
19.290240
23.372640
23.636160
23.752800
23.208480
18.616320
22.464000
22.675680
23.241600
22.471200
20.943360
21.605760
14.397120
21.401280
22.374720
22.128480
19.637280
16.009920
16.565760
20.913120
21.486240
21.212640
20.027520
20.744640
19.350720
21.301920
21.133440
20.964960
21.484800
20.859840
20.092320
20.109600
19.879200
17.065440
8.203680
17.582400
17.511840
19.134720
19.987200
20.090880
14.947200
16.195680
8.517600
18.757440
17.759520
13.442400
18.803520
17.612640
17.670240
17.550720
16.525440
12.476160
16.447680
-99.000000
10.412640
5.912640
16.935840
11.540160
10.170720
13.639680
15.337440
14.942880
10.360800
14.402880
16.174080
15.655680
14.166720
13.569120
11.488320
14.316480
9.692640
14.050080
14.002560
14.954400
14.185440
13.559040
13.334400
5.279040
13.505760
12.801600
12.097440
13.864320
12.123360
13.705920
13.003200
13.239360
13.186080
13.308480
12.932640
8.367840
5.237280
7.152480
2.131200
11.839680
10.643040
4.390560
10.424160
11.221920
9.349920
2.430720
10.434240
5.778720
5.245920
7.464960
10.055520
9.452160
8.812800
9.856800
4.417920
4.811040
6.778080
7.701120
5.479200
6.120000
7.115040
6.965280
7.790400
8.652960
6.282720
7.050240
5.741280
7.544160
7.421760
3.409920
7.974720
7.835040
7.508160
7.259040
5.587200
7.839360
1.785600
6.168960
8.020800
6.046560
1.781280
6.232320
6.017760
6.219360
3.808800
5.640480
6.386400
6.694560
3.510720
2.607840
0.868320
1.105920
2.835360
4.965120
1.385280
6.045120
8.017920
7.305120
0.532800
0.974880
1.118880
1.578240
5.957280
1.605600
6.131520
3.916800
2.960640
5.078880
5.675040
7.384320
6.206400
5.178240
3.401280
1.118880
7.421760
1.182240
0.924480
8.635680
6.768000
6.076800
3.978720
7.848000
1.414080
8.173440
5.162400
1.941120
4.383360
2.018880
4.112640
7.871040
7.747200
3.919680
4.275360
0.924480
0.943200
7.179840
5.650560
6.003360
7.503840
6.697440
10.209600
8.936640
10.598400
2.501280
7.176960
9.900000
10.576800
2.574720
4.124160
11.354400
10.545120
11.122560
12.402720
11.541600
4.518720
7.228800
8.369280
9.063360
7.538400
12.409920
2.918880
4.756320
10.791360
12.850560
6.035040
13.710240
2.404800
7.359840
12.107520
11.594880
2.028960
8.229600
12.176640
13.628160
4.563360
1.689120
8.498880
16.509600
15.837120
15.550560
15.901920
16.089120
16.493760
16.751520
16.728480
12.278880
11.875680
12.317760
5.889600
10.221120
11.642400
6.465600
10.323360
18.722880
18.704160
16.068960
15.901920
18.468000
18.439200
17.048160
18.856800
14.214240
17.995680
19.507680
15.737760
3.448800
17.462880
17.995680
19.997280
20.520000
2.593440
9.434880
4.993920
7.119360
16.446240
16.117920
12.274560
15.986880
21.255840
18.136800
9.015840
12.805920
16.994880
21.754080
22.119840
21.751200
22.092480
20.416320
21.009600
15.513120
16.849440
2.462400
11.099520
22.348800
22.000320
17.765280
20.301120
13.167360
20.797920
18.972000
16.859520
15.776640
10.700640
18.496800
24.448320
24.877440
24.379200
24.331680
24.140160
24.747840
20.031840
23.811840
25.247520
23.202720
24.176160
20.917440
15.117120
21.562560
22.296960
18.537120
21.692160
20.442240
25.594560
25.182720
24.253920
10.188000
20.269440
24.419520
4.226400
11.675520
12.965760
17.076960
17.265600
11.789280
20.299680
20.828160
18.371520
24.353280
20.992320
24.876000
26.229600
25.945920
25.813440
24.423840
25.100640
19.617120
23.063040
20.367360
23.127840
24.530400
25.175520
24.848640
21.074400
18.663840
24.382080
24.914880
24.808320
22.403520
20.737440
21.422880
23.421600
22.688640
24.223680
23.628960
23.001120
21.919680
23.209920
24.048000
22.446720
20.124000
20.688480
12.699360
22.439520
24.500160
24.176160
23.901120
23.856480
23.443200
20.558880
23.227200
18.815040
16.486560
9.028800
21.199680
23.094720
22.965120
23.405760
23.156640
19.213920
18.527040
20.633760
19.788480
17.962560
17.396640
21.504960
18.524160
21.373920
21.003840
18.757440
7.872480
20.332800
21.012480
21.029760
20.145600
20.668320
20.629440
20.136960
19.876320
20.606400
20.473920
19.967040
17.664480
11.652480
7.840800
19.090080
17.146080
19.082880
14.349600
10.725120
19.258560
19.012320
18.689760
16.852320
18.230400
18.501120
17.690400
15.204960
8.471520
4.034880
5.211360
17.642880
7.806240
7.878240
13.776480
9.432000
11.913120
16.738560
16.735680
16.123680
15.256800
15.703200
13.433760
12.797280
12.178080
13.613760
11.481120
14.879520
14.391360
12.990240
11.491200
8.366400
2.511360
6.471360
4.980960
6.217920
9.060480
7.300800
11.295360
11.630880
13.138560
12.852000
12.540960
11.803680
11.656800
10.225440
9.711360
11.805120
11.642400
11.347200
10.716480
8.375040
7.142400
6.950880
6.141600
10.316160
8.534880
10.094400
10.667520
9.682560
4.836960
2.432160
8.565120
5.356800
9.302400
8.848800
8.297280
8.552160
5.637600
9.146880
3.615840
7.539840
3.104640
3.673440
3.153600
5.893920
5.713920
7.005600
5.358240
5.306400
7.728480
6.099840
2.289600
4.933440
5.005440
5.317920
7.230240
7.303680
2.658240
3.493440
4.003200
4.544640
3.081600
5.901120
5.862240
2.472480
5.392800
1.105920
7.165440
7.439040
6.170400
7.554240
4.839840
6.710400
0.878400
1.347840
1.291680
6.975360
7.259040
7.394400
7.159680
6.328800
5.266080
2.770560
4.777920
1.893600
2.856960
7.404480
4.880160
3.656160
3.144960
6.233760
6.940800
4.229280
7.381440
7.018560
5.345280
4.592160
7.685280
7.109280
7.989120
6.435360
5.724000
3.797280
1.296000
8.904960
8.722080
8.766720
9.203040
9.573120
9.910080
4.374720
4.592160
4.370400
3.784320
4.586400
9.227520
10.092960
8.424000
8.658720
10.198080
10.323360
10.352160
10.667520
10.735200
10.739520
10.504800
6.670080
9.452160
2.113920
3.110400
9.239040
1.756800
12.232800
8.811360
6.037920
8.664480
10.844640
7.997760
10.535040
12.962880
11.187360
11.662560
9.855360
14.061600
11.453760
5.074560
9.879840
13.286880
14.873760
14.905440
7.372800
12.792960
14.479200
14.440320
2.201760
10.712160
5.358240
2.168640
3.237120
15.469920
14.664960
14.850720
17.284320
12.090240
15.436800
17.244000
16.872480
16.053120
16.519680
13.896000
16.633440
13.199040
9.907200
17.238240
18.521280
18.871200
11.558880
11.432160
18.753120
19.258560
19.699200
19.768320
19.455840
19.062720
19.995840
18.606240
19.224000
15.900480
18.341280
16.463520
20.666880
21.168000
12.893760
12.647520
18.367200
5.927040
9.139680
13.390560
12.237120
19.274400
21.519360
17.432640
16.688160
19.517760
18.620640
12.270240
20.263680
22.936320
14.558400
20.640960
5.895360
20.636640
23.021280
23.333760
23.418720
17.213760
16.009920
21.352320
24.710400
24.523200
21.126240
23.783040
20.496960
24.032160
19.938240
18.783360
24.462720
23.300640
25.057440
21.110400
18.666720
16.974720
23.312160
10.846080
13.829760
23.316480
17.496000
10.330560
11.387520
18.144000
23.415840
5.987520
17.791200
21.916800
15.209280
21.889440
23.427360
19.882080
22.896000
23.928480
23.208480
21.005280
23.846400
25.729920
24.757920
23.628960
24.631200
22.998240
24.621120
25.266240
25.472160
25.367040
24.546240
23.204160
24.757920
25.182720
24.242400
15.301440
19.656000
25.162560
23.572800
23.214240
24.837120
24.510240
20.471040
23.873760
13.119840
19.584000
23.008320
24.461280
23.186880
17.369280
24.631200
23.749920
24.720480
23.113440
13.180320
24.346080
24.380640
21.519360
19.681920
17.654400
23.464800
19.206720
18.642240
21.287520
21.182400
20.129760
22.291200
22.556160
17.611200
18.131040
11.746080
21.778560
23.103360
23.051520
22.212000
21.320640
15.638400
18.712800
21.307680
21.310560
21.263040
17.789760
21.058560
21.011040
21.385440
15.315840
19.378080
16.266240
15.402240
19.274400
21.304800
17.971200
18.180000
17.013600
11.849760
17.280000
16.405920
8.269920
17.956800
18.745920
19.224000
18.848160
19.016640
18.427680
18.036000
13.250880
18.339840
17.988480
17.125920
17.140320
17.002080
15.557760
4.752000
17.277120
17.114400
16.620480
16.021440
14.912640
7.718400
16.068960
15.822720
13.858560
15.644160
14.945760
15.409440
15.357600
15.157440
14.866560
14.855040
14.752800
14.227200
11.462400
13.669920
14.090400
13.930560
13.887360
13.779360
13.538880
11.927520
9.162720
9.613440
10.667520
12.170880
10.546560
10.261440
8.606880
9.326880
9.987840
6.425280
11.234880
10.365120
1.540800
2.273760
4.102560
5.518080
8.719200
7.133760
7.342560
3.234240
2.155680
1.728000
3.772800
4.828320
3.268800
2.365920
8.691840
9.028800
7.505280
6.991200
5.963040
0.777600
5.247360
4.006080
4.129920
6.428160
4.641120
5.868000
2.795040
2.381760
6.465600
3.058560
1.244160
6.818400
1.761120
6.783840
2.998080
5.796000
4.140000
2.878560
5.997600
5.240160
6.586560
6.576480
6.363360
4.151520
1.306080
2.043360
5.781600
5.093280
4.897440
6.187680
3.847680
6.871680
5.647680
4.417920
3.267360
3.504960
5.634720
2.040480
7.012800
7.259040
6.930720
4.800960
7.394400
5.857920
5.509440
6.216480
6.213600
5.414400
6.893280
6.996960
6.775200
5.974560
7.267680
4.259520
4.144320
7.282080
6.988320
3.850560
1.092960
1.353600
5.418720
3.791520
6.674400
7.699680
7.571520
4.557600
8.281440
6.272640
4.226400
6.274080
8.746560
7.552800
2.574720
3.862080
9.175680
9.627840
6.459840
1.442880
3.545280
10.136160
10.604160
2.697120
11.579040
11.151360
9.587520
10.509120
11.157120
11.443680
11.586240
11.531520
11.327040
11.586240
11.973600
11.044800
12.172320
11.793600
12.951360
12.517920
12.844800
13.199040
12.615840
11.780640
13.249440
13.518720
13.049280
13.479840
13.396320
14.201280
10.589760
7.741440
14.567040
13.995360
14.192640
13.890240
14.918400
13.816800
15.295680
15.262560
15.524640
15.501600
15.814080
17.039520
16.009920
16.666560
17.284320
14.852160
6.904800
7.747200
11.831040
12.404160
18.466560
13.839840
17.128800
18.266400
16.725600
18.845280
18.797760
16.810560
16.488000
7.804800
2.376000
9.018720
7.575840
18.178560
20.460960
20.352960
14.129280
18.210240
11.308320
15.714720
12.116160
18.597600
21.484800
21.494880
17.789760
15.240960
18.954720
18.082080
18.639360
17.586720
22.533120
18.957600
22.325760
8.344800
6.235200
19.599840
10.402560
14.767200
23.302080
23.060160
17.019360
20.221920
22.469760
23.235840
17.438400
22.534560
23.150880
23.391360
19.749600
19.693440
24.192000
24.351840
24.046560
11.950560
18.597600
21.252960
11.282400
18.008640
17.287200
24.508800
23.950080
23.303520
21.083040
24.253920
21.875040
22.272480
20.720160
24.107040
24.552000
24.233760
14.617440
25.126560
25.588800
22.230720
21.110400
22.141440
22.044960
20.273760
17.928000
25.989120
24.104160
22.376160
25.305120
25.308000
23.526720
21.972960
9.224640
23.446080
24.170400
25.253280
24.138720
24.527520
25.578720
24.772320
23.868000
24.048000
24.269760
23.385600
4.003200
25.282080
23.922720
24.043680
11.164320
21.827520
20.570400
21.369600
23.548320
22.713120
21.516480
25.162560
22.988160
20.266560
24.819840
24.887520
24.828480
24.914880
24.001920
23.556960
21.909600
20.435040
22.155840
21.932640
23.221440
20.386080
18.696960
19.571040
21.821760
17.968320
22.551840
23.623200
21.638880
22.023360
22.357440
17.146080
21.091680
21.804480
21.983040
21.147840
21.466080
19.742400
19.404000
18.485280
20.812320
21.268800
21.182400
20.171520
20.026080
15.036480
18.692640
19.661760
19.707840
18.286560
19.465920
18.452160
20.563200
15.968160
13.829760
17.411040
5.126400
19.264320
12.967200
20.198880
17.622720
18.236160
18.227520
18.061920
17.772480
16.925760
17.192160
15.348960
17.624160
15.122880
16.714080
17.673120
18.136800
17.195040
10.258560
8.560800
15.531840
13.229280
11.698560
15.861600
14.646240
15.996960
14.014080
5.484960
9.456480
6.033600
1.320480
13.255200
15.331680
14.993280
14.346720
14.690880
14.412960
13.397760
12.831840
10.343520
13.959360
10.209600
7.430400
6.186240
13.448160
10.707840
11.818080
11.458080
10.268640
3.679200
5.104800
9.027360
8.704800
8.547840
11.053440
10.497600
1.919520
4.626720
6.022080
12.006720
11.484000
6.095520
8.553600
10.490400
9.836640
7.067520
3.186720
9.413280
5.902560
8.153280
8.763840
3.130560
4.737600
4.042080
7.672320
4.353120
7.724160
8.212320
7.745760
1.239840
2.982240
3.784320
8.261280
2.933280
4.188960
7.771680
6.602400
4.622400
3.193920
0.925920
3.280320
8.092800
6.222240
8.136000
7.914240
5.112000
5.352480
7.218720
6.602400
7.113600
7.355520
7.459200
7.365600
4.642560
3.379680
4.484160
2.357280
5.677920
6.701760
6.297120
6.693120
2.920320
3.013920
4.783680
5.590080
6.333120
7.202880
4.092480
6.942240
6.124320
5.541120
7.204320
6.723360
7.103520
2.897280
5.597280
7.597440
7.240320
7.390080
7.467840
7.094880
7.434720
2.700000
5.797440
7.842240
6.504480
2.692800
6.360480
3.052800
2.780640
8.195040
2.396160
1.095840
7.575840
6.744960
5.505120
6.912000
4.880160
9.414720
8.385120
4.554720
9.514080
7.254720
9.004320
9.505440
8.107200
9.923040
10.313280
9.002880
8.729280
7.081920
7.924320
3.873600
11.331360
8.622720
6.333120
10.602720
11.563200
9.459360
11.180160
10.103040
9.468000
3.260160
6.648480
11.396160
7.552800
6.585120
6.104160
13.199040
5.368320
14.057280
10.674720
4.639680
5.872320
13.685760
12.710880
6.258240
2.916000
3.592800
11.671200
14.706720
12.958560
13.730400
13.800960
12.759840
3.127680
15.363360
16.888320
9.144000
5.830560
16.405920
16.447680
15.017760
16.140960
17.339040
14.097600
12.947040
16.247520
11.891520
8.051040
13.344480
8.511840
18.064800
18.240480
9.453600
16.763040
17.176320
9.881280
5.736960
13.775040
16.868160
16.915680
19.404000
18.705600
16.274880
20.514240
20.633760
21.588480
17.917920
19.111680
20.894400
21.384000
7.169760
22.436640
22.344480
21.120480
22.099680
21.929760
5.800320
7.872480
6.616800
2.921760
2.234880
14.997600
17.726400
18.823680
17.946720
22.305600
23.427360
23.460480
19.526400
12.718080
13.073760
16.895520
24.145920
23.817600
24.472800
8.723520
5.647680
16.367040
19.905120
17.058240
13.733280
9.054720
20.573280
19.889280
24.651360
25.300800
25.394400
23.803200
14.760000
18.427680
21.373920
19.287360
15.481440
21.892320
22.455360
24.484320
25.125120
19.998720
22.868640
21.048480
18.043200
12.048480
23.631840
24.419520
25.228800
24.268320
23.922720
24.805440
25.068960
13.746240
7.884000
15.462720
22.691520
14.764320
25.446240
22.548960
25.872480
25.705440
25.060320
24.037920
22.432320
25.014240
25.004160
24.566400
20.155680
21.195360
25.067520
25.041600
24.701760
22.481280
19.933920
24.190560
22.695840
17.549280
23.843520
19.049760
21.074400
24.024960
20.550240
19.761120
16.224480
22.338720
21.771360
18.897120
22.422240
19.843200
23.100480
23.243040
22.485600
21.749760
18.993600
24.213600
23.614560
23.384160
23.555520
20.841120
13.648320
22.327200
21.706560
20.302560
5.869440
17.360640
23.060160
22.752000
22.518720
20.388960
18.925920
21.375360
18.262080
19.877760
17.107200
21.024000
20.635200
21.772800
21.189600
19.205280
19.166400
17.442720
20.397600
16.817760
19.422720
10.666080
9.197280
16.017120
19.526400
19.579680
14.436000
19.344960
18.858240
18.403200
13.292640
3.468960
13.525920
18.951840
16.513920
18.038880
17.434080
18.216000
17.409600
16.647840
17.637120
15.852960
17.400960
15.472800
16.666560
16.699680
16.374240
16.359840
15.579360
15.370560
15.432480
13.825440
11.469600
14.472000
11.604960
14.525280
12.748320
2.877120
8.323200
11.914560
12.807360
14.005440
13.952160
13.200480
13.118400
14.001120
13.547520
12.866400
11.901600
8.514720
12.840480
10.460160
4.403520
6.487200
8.884800
9.449280
7.914240
11.142720
10.213920
5.741280
9.819360
11.416320
10.739520
6.524640
10.607040
10.631520
9.514080
9.012960
10.451520
5.919840
6.929280
9.966240
9.362880
7.336800
7.750080
5.142240
7.367040
9.679680
7.058880
8.928000
6.442560
1.208160
3.602880
1.261440
3.090240
7.784640
5.037120
8.533440
7.865280
5.788800
8.223840
8.091360
8.112960
7.803360
8.183520
4.949280
7.518240
3.188160
7.089120
7.532640
1.657440
2.862720
7.421760
6.832800
6.952320
3.867840
6.138720
3.837600
1.216800
2.597760
6.703200
6.681600
4.101120
3.814560
1.362240
4.962240
6.965280
6.868800
5.433120
2.135520
1.725120
6.816960
6.366240
4.091040
7.051680
6.131520
4.415040
5.261760
3.735360
6.059520
3.810240
6.789600
6.115680
6.724800
6.625440
6.251040
7.011360
1.928160
1.248480
1.357920
4.813920
3.286080
1.222560
7.418880
0.924480
1.532160
6.690240
8.704800
2.573280
6.403680
5.508000
6.081120
6.710400
9.354240
7.670880
7.721280
7.787520
4.920480
1.582560
10.055520
6.804000
9.933120
7.740000
9.502560
10.729440
4.603680
4.034880
2.990880
4.934880
9.764640
10.804320
9.430560
-99.000000
-99.000000
11.328480
5.325120
11.003040
10.971360
9.177120
12.925440
12.964320
11.856960
9.322560
12.818880
6.253920
7.771680
8.231040
9.969120
14.502240
12.625920
8.186400
10.617120
15.147360
15.546240
15.743520
15.622560
13.157280
14.581440
15.958080
12.977280
15.812640
16.270560
16.770240
15.654240
12.974400
13.949280
14.525280
8.398080
15.199200
14.211360
11.390400
13.416480
18.506880
13.728960
16.385760
2.606400
15.439680
14.587200
4.245120
2.257920
16.908480
19.874880
19.599840
19.032480
18.907200
19.293120
19.810080
18.506880
17.860320
19.877760
19.232640
18.365760
20.358720
20.723040
20.800800
21.352320
7.548480
5.100480
16.130880
21.415680
17.212320
21.205440
17.441280
22.448160
22.688640
22.426560
20.967840
21.886560
21.952800
23.572800
23.588640
23.617440
20.666880
20.478240
20.439360
23.122080
22.271040
16.716960
8.514720
21.417120
25.116480
24.819840
24.824160
23.654880
14.580000
21.323520
13.452480
15.518880
22.468320
19.594080
16.043040
18.776160
17.752320
21.515040
12.108960
16.037280
13.544640
17.759520
24.327360
24.616800
24.929280
23.027040
24.721920
19.653120
22.564800
23.286240
19.529280
23.554080
23.935680
15.148800
20.511360
8.303040
22.688640
12.621600
18.473760
23.699520
23.980320
24.638400
23.889600
20.481120
16.895520
8.474400
11.983680
20.975040
22.440960
23.659200
23.971680
25.827840
15.265440
14.689440
8.923680
17.461440
24.708960
12.355200
10.519200
25.434720
24.491520
25.261920
25.214400
25.241760
24.210720
24.166080
24.235200
22.959360
23.621760
18.840960
17.239680
23.631840
24.553440
24.583680
24.603840
23.074560
12.778560
23.018400
23.231520
9.776160
23.780160
23.770080
23.709600
15.720480
11.947680
20.471040
15.684480
20.024640
18.486720
21.116160
20.325600
19.389600
22.638240
20.003040
14.693760
22.196160
21.846240
22.285440
21.778560
22.144320
17.876160
18.781920
8.785440
8.288640
4.403520
21.196800
19.330560
20.664000
20.547360
20.230560
20.008800
8.796960
13.224960
18.436320
19.107360
19.668960
17.903520
9.784800
15.114240
15.819840
16.620480
16.827840
16.329600
18.102240
17.840160
17.529120
17.717760
7.063200
16.934400
14.198400
10.006560
12.431520
13.301280
13.116960
11.799360
3.457440
9.036000
13.950720
15.989760
15.723360
15.877440
2.203200
11.031840
2.160000
5.019840
13.944960
12.096000
14.510880
12.777120
12.071520
12.517920
14.140800
13.508640
11.390400
12.191040
12.068640
13.272480
3.633120
10.470240
12.015360
12.227040
12.746880
11.985120
11.867040
10.994400
12.255840
12.021120
11.312640
10.825920
11.206080
6.956640
7.148160
9.118080
7.332480
9.770400
8.104320
6.657120
8.295840
2.432160
6.032160
8.881920
9.701280
6.238080
3.309120
5.836320
2.741760
7.296480
8.837280
2.792160
7.907040
8.549280
6.616800
8.477280
8.403840
8.004960
6.429600
4.279680
2.926080
4.697280
5.076000
2.344320
2.975040
4.671360
1.686240
2.141280
4.557600
7.037280
4.672800
0.852480
3.500640
5.320800
7.297920
2.619360
7.051680
6.219360
6.723360
6.415200
6.137280
4.456800
1.260000
3.201120
2.954880
3.921120
1.081440
1.444320
1.323360
4.004640
5.787360
1.555200
1.476000
2.439360
2.004480
6.868800
7.326720
7.169760
7.591680
7.104960
6.923520
7.007040
7.236000
7.189920
1.355040
1.510560
1.064160
1.434240
6.939360
2.351520
8.084160
7.303680
7.338240
7.332480
1.657440
6.132960
7.071840
1.562400
2.067840
3.126240
4.609440
8.782560
6.729120
8.768160
6.609600
3.067200
8.690400
8.015040
3.561120
6.010560
9.554400
7.176960
5.129280
1.549440
9.311040
10.916640
10.821600
6.691680
11.422080
11.602080
6.710400
6.436800
10.496160
7.403040
4.943520
9.335520
5.591520
10.427040
11.956320
12.238560
5.271840
13.315680
11.384640
13.511520
11.917440
11.757600
13.996800
11.495520
9.986400
12.277440
13.252320
5.839200
15.192000
13.786560
14.876640
14.244480
13.098240
13.580640
14.525280
14.617440
12.860640
15.914880
15.734880
12.142080
16.404480
7.244640
12.169440
8.596800
5.359680
6.242400
9.260640
7.820640
14.461920
17.752320
18.191520
16.162560
14.677920
16.012800
19.003680
18.979200
18.934560
18.155520
19.272960
16.260480
17.097120
17.326080
20.579040
20.976480
18.377280
16.079040
19.880640
20.272320
20.977920
12.129120
12.827520
18.355680
17.429760
15.206400
21.317760
20.478240
11.672640
19.349280
17.948160
17.873280
10.134720
13.478400
22.728960
16.483680
21.415680
16.788960
18.921600
19.974240
11.132640
15.019200
23.778720
22.573440
23.328000
23.724000
22.672800
22.508640
23.996160
19.546560
17.458560
23.245920
23.932800
24.464160
24.242400
5.112000
21.890880
25.358400
25.210080
22.991040
16.657920
22.468320
25.081920
25.106400
24.867360
23.829120
24.132960
23.574240
23.912640
24.163200
19.319040
24.909120
25.303680
25.112160
22.783680
11.723040
19.873440
15.308640
15.240960
24.557760
11.381760
15.562080
14.208480
18.063360
24.855840
25.626240
25.355520
25.696800
25.557120
24.612480
9.845280
23.231520
24.635520
25.938720
24.733440
25.234560
24.971040
24.302880
24.040800
14.911200
21.712320
23.349600
23.196960
24.072480
23.643360
24.354720
25.721280
24.842880
23.424480
22.224960
25.025760
24.366240
20.612160
22.600800
21.264480
20.635200
23.698080
22.429440
19.843200
22.887360
22.897440
21.222720
20.498400
22.129920
21.841920
23.112000
18.385920
14.057280
11.144160
14.904000
23.307840
21.012480
20.201760
21.261600
22.224960
21.179520
5.703840
20.884320
22.806720
21.885120
15.577920
20.096640
20.507040
16.976160
22.173120
15.023520
8.460000
21.837600
21.552480
20.282400
13.377600
19.509120
20.636640
20.957760
18.964800
19.029600
19.956960
19.972800
19.932480
16.035840
15.779520
10.293120
7.251840
3.388320
17.789760
17.460000
16.214400
14.211360
18.051840
10.359360
9.607680
13.010400
15.328800
10.631520
7.489440
15.651360
17.856000
18.004320
17.147520
17.644320
17.660160
16.940160
15.756480
15.864480
16.284960
14.664960
5.502240
13.891680
7.603200
4.838400
10.399680
9.288000
6.825600
8.136000
8.755200
14.280480
14.731200
12.798720
13.677120
12.742560
12.215520
12.876480
2.917440
9.230400
13.379040
13.157280
9.342720
9.266400
5.544000
1.994400
11.842560
12.041280
11.118240
3.412800
8.092800
7.716960
7.944480
9.993600
9.568800
7.116480
10.771200
9.344160
1.343520
8.828640
9.842400
9.695520
9.648000
9.632160
9.609120
2.852640
1.820160
4.664160
6.014880
0.974880
1.850400
5.650560
2.004480
1.802880
4.104000
6.357600
2.764800
7.688160
4.557600
8.674560
5.051520
3.473280
8.081280
7.498080
4.646880
7.679520
7.770240
7.764480
5.598720
7.161120
6.972480
4.667040
2.930400
2.376000
5.338080
1.866240
6.917760
5.034240
2.954880
1.883520
4.075200
5.726880
6.143040
5.460480
5.774400
6.554880
2.096640
1.692000
5.670720
2.217600
5.188320
4.510080
6.893280
6.981120
2.554560
3.882240
5.683680
4.847040
3.088800
4.868640
3.813120
2.302560
5.597280
6.422400
5.284800
6.678720
4.880160
5.794560
5.901120
7.568640
7.136640
4.888800
4.975200
8.544960
6.336000
5.148000
7.889760
7.814880
8.095680
5.672160
6.799680
8.118720
3.686400
1.967040
6.801120
5.133600
2.517120
4.224960
5.657760
6.713280
5.732640
5.984640
10.283040
10.039680
5.129280
9.276480
10.401120
5.232960
5.042880
2.060640
2.381760
8.311680
10.563840
11.832480
12.098880
12.228480
5.009760
12.264480
12.638880
11.206080
9.482400
11.450880
10.082880
10.743840
8.059680
5.911200
7.771680
10.765440
11.593440
12.378240
14.034240
12.912480
12.372480
10.908000
12.296160
15.680160
3.254400
15.202080
15.539040
16.254720
15.897600
5.973120
4.609440
9.449280
12.067200
12.453120
2.795040
12.101760
12.807360
10.850400
17.127360
18.177120
11.747520
16.846560
15.877440
10.372320
12.780000
18.194400
14.050080
10.110240
12.360960
17.133120
5.292000
5.287680
14.234400
17.242560
20.639520
20.576160
19.270080
20.363040
18.701280
19.421280
21.205440
20.737440
19.730880
17.838720
20.773440
18.499680
11.622240
10.183680
8.817120
16.886880
22.626720
23.160960
22.896000
19.324800
3.582720
21.493440
16.948800
24.158880
22.214880
23.865120
23.790240
22.858560
11.498400
14.008320
6.213600
5.934240
8.310240
15.636960
20.734560
18.623520
21.137760
24.338880
24.603840
20.187360
21.781440
24.477120
23.801760
24.056640
15.688800
24.534720
21.660480
17.857440
20.825280
20.568960
21.428640
24.703200
22.178880
20.272320
25.917120
25.486560
23.237280
10.199520
23.060160
18.298080
24.801120
24.852960
23.801760
20.099520
18.653760
20.528640
22.746240
25.968960
16.459200
22.387680
25.289280
18.442080
25.812000
25.224480
25.145280
25.437600
25.773120
24.799680
24.402240
23.516640
25.486560
23.832000
15.056640
21.219840
24.554880
23.958720
24.625440
22.262400
21.702240
24.186240
21.006720
22.116960
24.710400
24.242400
20.252160
24.122880
25.395840
24.848640
25.558560
24.912000
24.553440
24.706080
24.494400
16.080480
20.832480
18.332640
23.937120
24.164640
24.154560
24.203520
23.529600
23.405760
22.312800
22.541760
22.910400
23.856480
23.113440
22.302720
20.046240
19.784160
23.086080
22.926240
22.852800
20.056320
19.867680
22.328640
22.036320
21.388320
21.769920
21.856320
19.447200
18.580320
18.851040
20.609280
16.345440
21.719520
21.157920
20.989440
21.206880
21.060000
21.038400
19.995840
18.803520
7.560000
14.155200
15.132960
18.885600
18.976320
17.752320
16.224480
18.574560
18.678240
16.967520
9.456480
10.743840
15.976800
17.858880
17.287200
15.395040
12.839040
10.471680
16.879680
13.075200
17.239680
17.141760
13.116960
16.912800
13.934880
9.339840
13.151520
13.014720
12.738240
11.759040
15.658560
15.654240
15.376320
12.353760
9.528480
10.969920
14.224320
11.355840
4.635360
14.065920
14.490720
9.103680
11.983680
12.736800
3.299040
5.929920
7.005600
12.967200
11.024640
4.404960
7.453440
10.452960
11.599200
8.546400
5.778720
10.450080
6.033600
4.870080
6.681600
9.833760
9.541440
7.048800
10.288800
9.522720
10.006560
2.062080
8.781120
3.764160
4.243680
6.638400
5.947200
9.063360
7.094880
8.616960
8.755200
7.093440
7.290720
9.041760
9.020160
8.684640
8.464320
6.474240
7.606080
5.130720
2.868480
1.697760
3.078720
6.049440
4.266720
3.309120
3.104640
6.275520
4.322880
7.536960
7.574400
4.419360
7.551360
5.130720
6.482880
7.155360
6.844320
7.038720
5.698080
7.208640
2.039040
2.066400
7.221600
6.704640
1.900800
3.005280
6.768000
7.038720
4.003200
1.605600
4.487040
4.423680
1.785600
1.484640
1.402560
3.238560
2.525760
4.102560
1.765440
3.159360
4.209120
1.558080
3.147840
1.231200
2.256480
7.368480
8.087040
7.960320
8.160480
6.012000
5.317920
6.891840
4.668480
8.242560
7.119360
7.331040
7.362720
8.724960
8.192160
6.173280
6.454080
3.689280
3.615840
4.073760
7.305120
2.154240
5.892480
1.697760
3.638880
8.251200
7.819200
8.900640
8.208000
4.618080
3.683520
5.032800
7.300800
10.022400
5.451840
10.797120
11.299680
7.387200
3.888000
3.543840
4.881600
7.617600
10.628640
8.508960
8.844480
9.277920
8.195040
5.362560
10.873440
12.471840
4.809600
5.139360
13.373280
13.104000
8.665920
0.096480
-99.000000
10.077120
3.640320
12.149280
12.372480
13.586400
15.089760
12.188160
14.970240
15.956640
14.968800
11.373120
9.377280
14.905440
15.628320
16.308000
16.693920
16.498080
16.498080
16.498080
13.887360
14.739840
15.010560
5.415840
9.851040
15.973920
6.520320
17.644320
18.894240
18.560160
12.816000
11.911680
19.029600
19.458720
19.484640
11.119680
17.386560
19.873440
19.899360
20.187360
20.376000
18.099360
20.596320
20.875680
20.854080
16.377120
21.038400
20.606400
18.348480
13.024800
20.509920
22.331520
22.207680
21.427200
22.521600
13.875840
5.165280
6.975360
23.339520
17.452800
16.390080
23.659200
15.145920
13.056480
18.439200
15.524640
24.068160
24.016320
22.684320
21.254400
19.255680
17.269920
22.982400
23.636160
22.671360
23.869440
23.555520
19.980000
14.188320
24.719040
24.986880
21.777120
23.423040
21.911040
24.531840
24.690240
24.914880
24.137280
23.290560
15.072480
13.965120
13.901760
12.107520
23.552640
12.774240
5.052960
14.914080
24.566400
25.816320
25.539840
22.963680
24.766560
25.198560
24.894720
25.626240
24.982560
23.304960
25.002720
25.394400
25.430400
25.274880
24.400800
22.206240
24.194880
23.194080
23.778720
12.162240
18.240480
20.397600
21.576960
25.574400
25.354080
24.837120
25.639200
25.462080
25.737120
25.424640
17.183520
17.534880
17.134560
17.686080
23.839200
23.410080
24.511680
24.606720
23.058720
23.417280
23.379840
22.487040
22.609440
19.254240
21.172320
11.609280
21.176640
13.288320
23.752800
24.436800
22.838400
23.915520
22.207680
23.073120
22.381920
20.590560
9.014400
19.671840
22.101120
22.379040
21.332160
21.296160
14.338080
18.414720
13.466880
22.786560
20.839680
22.416480
21.936960
21.936960
18.354240
19.085760
21.116160
19.958400
17.916480
21.591360
21.098880
21.185280
18.033120
18.473760
17.508960
18.751680
14.942880
17.284320
6.903360
13.043520
14.382720
18.192960
19.978560
14.614560
9.897120
19.074240
18.239040
18.116640
17.874720
3.536640
18.970560
18.289440
15.163200
18.007200
17.468640
2.007360
14.196960
16.941600
13.890240
17.555040
16.957440
15.956640
7.099200
15.491520
15.936480
10.867680
15.420960
15.494400
11.933280
15.235200
5.441760
9.737280
10.980000
9.133920
14.554080
14.533920
14.604480
13.147200
13.308480
13.819680
13.256640
13.295520
12.540960
12.680640
10.071360
7.956000
12.532320
11.616480
3.114720
2.380320
11.206080
10.974240
12.294720
11.852640
11.354400
8.807040
11.358720
11.017440
11.160000
11.142720
8.006400
10.660320
7.201440
7.463520
8.565120
3.679200
10.068480
8.589600
10.316160
6.229440
7.250400
7.776000
2.416320
7.238880
9.715680
9.280800
8.964000
8.759520
8.256960
8.500320
8.202240
8.428320
8.350560
8.353440
7.380000
5.696640
5.225760
8.146080
6.537600
7.526880
7.080480
8.225280
2.537280
8.254080
7.090560
6.533280
6.266880
7.587360
6.035040
4.569120
7.045920
2.646720
2.394720
4.796640
4.911840
3.875040
6.696000
5.173920
6.786720
2.469600
3.780000
1.978560
6.662880
4.564800
4.685760
3.196800
7.158240
1.601280
3.780000
4.795200
3.366720
6.723360
4.440960
6.612480
5.333760
5.411520
7.058880
7.184160
2.986560
1.692000
1.582560
5.549760
7.201440
7.741440
4.855680
4.656960
1.497600
1.630080
7.266240
8.219520
8.092800
4.286880
8.120160
5.378400
6.501600
4.233600
8.593920
5.960160
0.992160
5.508000
9.077760
9.378720
9.103680
9.493920
1.473120
4.592160
7.444800
2.653920
1.625760
3.650400
10.527840
7.066080
9.171360
12.110400
7.735680
7.349760
8.654400
3.163680
10.435680
5.646240
3.990240
9.817920
8.843040
7.544160
13.052160
12.853440
12.903840
12.889440
12.960000
6.647040
7.365600
2.901600
6.171840
10.664640
13.795200
8.232480
6.137280
12.849120
14.911200
7.472160
13.593600
11.763360
12.434400
15.744960
11.558880
10.929600
13.170240
15.111360
7.843680
14.940000
12.039840
14.988960
15.734880
16.420320
16.130880
1.668960
7.483680
12.409920
15.104160
18.679680
16.614720
17.278560
14.921280
17.809920
14.788800
17.091360
17.108640
19.464480
12.585600
12.134880
3.955680
17.670240
12.401280
8.003520
13.629600
5.886720
6.334560
20.090880
6.078240
20.347200
19.794240
19.476000
19.581120
18.720000
17.485920
15.036480
20.158560
19.359360
20.194560
20.439360
14.401440
10.422720
17.758080
16.922880
23.513760
14.616000
14.816160
13.304160
11.930400
9.252000
17.634240
15.081120
15.814080
23.868000
14.433120
22.953600
21.516480
20.126880
22.587840
19.460160
13.523040
16.688160
14.463360
20.452320
21.516480
22.789440
23.892480
17.663040
17.016480
18.414720
10.091520
18.044640
11.132640
19.406880
21.457440
21.621600
11.655360
16.420320
14.911200
6.842880
22.053600
16.380000
18.872640
11.604960
23.496480
14.292000
18.283680
25.171200
22.258080
24.399360
23.768640
25.613280
25.489440
25.215840
11.930400
24.798240
22.432320
20.782080
23.395680
24.171840
22.340160
20.740320
21.411360
24.503040
22.250880
22.962240
20.954880
25.354080
12.013920
24.716160
22.939200
24.713280
22.628160
24.226560
20.630880
21.748320
19.584000
23.932800
24.300000
16.162560
24.906240
22.752000
22.685760
17.585280
20.021760
17.772480
24.325920
22.574880
23.042880
23.735520
21.955680
22.700160
23.323680
19.643040
22.999680
22.511520
22.368960
21.687840
22.361760
21.317760
20.989440
19.592640
17.537760
7.859520
16.413120
19.020960
13.694400
20.452320
22.104000
21.948480
15.124320
11.864160
19.997280
21.189600
20.990880
19.696320
18.466560
20.026080
20.151360
19.241280
17.663040
20.315520
15.923520
19.103040
15.953760
16.119360
18.629280
16.881120
14.644800
12.899520
12.708000
18.239040
18.675360
13.273920
12.366720
11.894400
16.871040
12.180960
17.156160
16.567200
8.137440
16.263360
14.364000
10.032480
16.106400
16.548480
15.878880
16.292160
16.423200
16.286400
12.781440
14.277600
15.495840
15.791040
15.127200
15.274080
13.865760
15.697440
14.728320
14.526720
12.337920
11.485440
14.564160
9.462240
8.873280
10.094400
10.800000
12.136320
7.587360
7.688160
4.645440
11.011680
10.558080
5.296320
7.848000
8.964000
6.065280
6.770880
11.675520
11.551680
11.764800
8.206560
2.023200
3.320640
5.883840
9.518400
4.665600
6.367680
6.910560
8.831520
9.901440
3.104640
4.728960
8.268480
5.716800
2.161440
7.610400
8.870400
8.398080
7.970400
7.673760
0.702720
8.612640
1.432800
4.366080
4.332960
2.329920
6.580800
5.330880
1.267200
6.353280
3.759840
4.583520
7.774560
4.936320
6.348960
2.648160
4.885920
7.228800
4.913280
4.654080
7.122240
1.836000
1.643040
6.153120
7.413120
5.188320
6.871680
4.242240
1.380960
4.243680
5.988960
2.368800
6.003360
4.769280
6.697440
6.674400
6.228000
6.907680
6.337440
2.268000
7.555680
5.934240
1.398240
1.419840
1.481760
1.838880
5.176800
7.656480
1.784160
3.006720
3.507840
3.277440
8.367840
7.385760
4.419360
7.087680
8.012160
8.105760
7.126560
6.330240
4.243680
4.704480
2.842560
1.641600
2.229120
2.308320
1.929600
3.407040
6.471360
5.299200
9.073440
9.239040
8.144640
9.198720
6.634080
2.632320
7.696800
5.329440
7.081920
5.127840
10.775520
10.797120
9.234720
5.542560
5.099040
9.954720
10.177920
9.246240
10.984320
11.769120
11.848320
12.280320
12.287520
12.543840
12.604320
10.938240
10.944000
8.860320
12.437280
12.991680
12.553920
13.116960
13.083840
13.461120
14.063040
13.062240
14.009760
13.769280
11.610720
11.868480
10.768320
4.121280
15.089760
14.768640
14.983200
15.405120
15.986880
14.868000
16.178400
14.968800
16.613280
17.115840
16.571520
16.891200
12.853440
17.432640
17.291520
16.835040
17.497440
17.595360
17.586720
18.588960
18.525600
18.204480
14.204160
18.465120
9.033120
17.327520
16.596000
4.929120
20.053440
5.955840
12.003840
13.210560
18.591840
18.840960
13.075200
17.674560
19.869120
21.221280
18.354240
15.697440
13.069440
18.326880
6.498720
12.882240
7.410240
9.676800
5.973120
11.700000
17.830080
9.812160
21.762720
22.347360
22.659840
14.604480
21.201120
22.747680
16.227360
5.152320
20.034720
24.181920
24.341760
21.841920
16.885440
22.728960
20.187360
21.566880
24.536160
22.680000
23.960160
23.801760
21.931200
7.549920
19.768320
16.349760
24.079680
24.708960
25.133760
21.371040
4.501440
-99.000000
0.223200
21.924000
24.216480
24.793920
24.847200
24.930720
24.854400
24.723360
22.979520
24.312960
11.985120
23.149440
23.309280
23.568480
15.192000
23.402880
5.896800
25.909920
23.096160
17.727840
25.185600
24.049440
25.179840
23.459040
24.426720
19.719360
14.493600
24.602400
23.888160
22.952160
24.497280
24.179040
24.720480
24.602400
24.714720
24.747840
24.477120
23.148000
23.410080
22.223520
24.222240
23.336640
18.892800
9.434880
19.977120
24.467040
24.736320
24.281280
20.075040
18.118080
24.570720
22.576320
15.788160
22.888800
23.140800
23.025600
21.278880
22.904640
22.826880
22.682880
22.896000
9.396000
16.446240
24.089760
23.582880
22.466880
20.172960
22.495680
22.488480
22.252320
21.905280
21.837600
21.054240
16.011360
21.994560
22.265280
21.997440
15.701760
20.638080
20.733120
22.183200
19.290240
20.852640
20.895840
20.220480
13.590720
5.692320
15.998400
19.967040
20.152800
19.206720
16.902720
15.936480
11.977920
19.768320
17.739360
16.680960
18.842400
14.184000
16.483680
19.476000
19.435680
18.652320
19.260000
18.960480
18.884160
15.161760
5.709600
9.365760
17.616960
6.775200
12.954240
14.731200
12.902400
12.251520
16.050240
15.402240
15.197760
6.697440
14.549760
14.588640
16.231680
15.425280
15.796800
15.399360
12.955680
15.547680
15.063840
13.952160
15.037920
14.172480
14.460480
14.662080
12.097440
10.074240
13.685760
8.311680
7.351200
11.311200
10.428480
11.551680
5.401440
13.148640
12.451680
11.289600
10.101600
11.481120
2.949120
7.240320
1.486080
6.772320
5.281920
11.532960
11.412000
10.477440
3.936960
5.578560
4.919040
5.999040
7.598880
9.070560
9.348480
9.309600
8.546400
8.012160
5.067360
8.216640
7.328160
9.046080
7.725600
9.043200
4.577760
2.063520
3.562560
2.996640
5.457600
5.641920
8.688960
7.093440
6.655680
4.055040
4.723200
8.102880
7.316640
7.227360
6.533280
6.490080
6.893280
6.661440
6.154560
7.051680
3.294720
1.794240
1.200960
2.211840
1.667520
1.308960
5.685120
4.927680
3.693600
4.487040
4.780800
2.818080
6.975360
1.375200
4.023360
2.007360
5.594400
4.203360
4.360320
5.293440
6.665760
6.130080
5.058720
1.972800
1.510560
6.822720
2.950560
1.571040
1.370880
1.311840
2.331360
1.167840
1.620000
1.513440
6.873120
1.545120
7.297920
7.310880
1.392480
3.468960
8.076960
7.250400
8.405280
6.562080
7.889760
7.714080
7.411680
4.651200
1.696320
2.122560
3.559680
4.844160
7.971840
4.780800
1.905120
6.384960
6.166080
5.654880
5.427360
8.796960
7.565760
9.064800
9.299520
9.587520
10.402560
10.546560
7.601760
8.618400
9.246240
10.656000
8.108640
7.878240
6.693120
7.778880
11.397600
10.944000
9.211680
10.401120
9.208800
11.977920
12.265920
12.204000
12.736800
12.935520
8.945280
13.212000
12.264480
11.891520
10.117440
10.664640
10.452960
7.068960
9.292320
9.930240
14.428800
13.649760
14.294880
14.957280
6.959520
15.497280
13.825440
8.995680
12.826080
15.468480
2.429280
4.301280
9.048960
15.295680
15.487200
16.273440
12.756960
9.385920
9.927360
6.683040
9.761760
14.587200
14.957280
18.244800
6.014880
2.544480
10.955520
7.459200
12.790080
19.733760
19.573920
17.395200
6.265440
18.941760
19.932480
19.236960
11.816640
17.055360
6.461280
17.448480
17.526240
15.422400
15.996960
16.531200
8.193600
4.452480
3.327840
7.869600
11.381760
20.964960
21.548160
12.970080
8.462880
20.773440
21.648960
20.445120
18.705600
21.575520
22.667040
21.290400
12.480480
22.237920
20.279520
21.692160
10.932480
6.698880
20.786400
13.894560
16.902720
8.262720
13.724640
9.626400
18.205920
23.767200
24.000480
24.295680
22.629600
23.846400
21.867840
18.096480
14.171040
21.084480
17.578080
23.410080
23.158080
22.739040
23.316480
15.733440
20.285280
19.451520
12.384000
24.495840
21.634560
13.547520
17.840160
20.406240
22.852800
9.802080
23.703840
24.780960
22.430880
23.450400
7.133760
21.974400
21.913920
15.871680
24.580800
24.392160
24.593760
24.046560
23.672160
23.227200
23.558400
23.869440
21.769920
23.988960
20.160000
24.027840
22.138560
23.902560
25.796160
24.606720
24.582240
24.778080
22.947840
22.495680
20.592000
23.627520
18.005760
18.940320
22.798080
22.396320
23.394240
23.856480
24.177600
23.634720
15.564960
22.849920
20.989440
23.209920
21.960000
23.112000
22.530240
22.481280
20.547360
22.235040
22.448160
22.144320
22.152960
21.876480
22.687200
23.077440
23.175360
22.572000
20.488320
21.090240
18.707040
10.900800
13.464000
13.029120
21.157920
14.685120
19.271520
18.433440
21.348000
13.037760
21.057120
21.044160
20.394720
20.263680
20.740320
20.607840
20.445120
19.447200
18.740160
11.681280
12.913920
20.393280
20.311200
14.279040
18.023040
19.226880
18.512640
18.636480
18.187200
17.821440
13.240800
6.531840
17.593920
17.661600
17.560800
14.960160
16.878240
15.563520
15.815520
10.164960
5.258880
13.885920
16.274880
14.162400
15.091200
14.955840
10.454400
16.273440
14.844960
10.110240
15.405120
14.685120
14.954400
12.968640
2.036160
9.980640
13.383360
14.459040
13.268160
10.838880
13.682880
13.361760
10.722240
13.343040
13.711680
13.214880
8.313120
12.240000
12.960000
12.198240
11.412000
10.565280
3.209760
7.971840
1.584000
8.629920
11.152800
8.837280
10.480320
10.074240
9.717120
10.350720
10.736640
10.596960
10.385280
10.054080
2.471040
0.999360
7.662240
3.983040
2.918880
8.212320
8.573760
3.434400
9.073440
4.949280
6.930720
7.992000
7.145280
5.735520
8.544960
8.406720
2.351520
7.567200
8.454240
8.215200
7.960320
7.506720
4.572000
3.054240
3.468960
2.283840
6.684480
3.244320
0.888480
4.867200
7.457760
4.831200
6.084000
3.539520
1.850400
3.035520
5.663520
3.748320
1.900800
6.343200
6.053760
2.923200
4.590720
6.870240
4.226400
2.495520
5.957280
1.208160
4.802400
5.412960
4.536000
3.237120
6.969600
6.507360
2.803680
5.241600
6.268320
4.615200
6.274080
1.363680
2.944800
7.384320
4.724640
1.444320
2.028960
2.535840
2.185920
1.840320
0.855360
1.503360
2.633760
3.333600
2.142720
6.438240
7.656480
8.048160
7.541280
8.400960
4.073760
5.889600
3.153600
7.083360
8.828640
3.695040
7.538400
6.258240
6.582240
8.219520
6.996960
7.643520
8.534880
8.713440
8.818560
6.720480
7.236000
6.721920
4.934880
2.746080
3.719520
6.122880
10.916640
5.345280
8.654400
2.126880
2.858400
9.600480
10.726560
11.744640
11.635200
11.937600
6.742080
3.686400
8.655840
11.553120
10.843200
3.827520
2.535840
7.788960
7.750080
4.891680
7.279200
7.869600
10.869120
7.254720
8.383680
7.803360
9.167040
15.158880
14.274720
9.391680
15.757920
15.900480
