20000101
3.421440
2.839680
5.512320
5.914080
5.832000
6.184800
5.696640
4.068000
2.136960
4.279680
6.239520
6.364800
6.104160
1.828800
1.674720
2.325600
5.179680
6.405120
6.079680
6.066720
6.445440
6.495840
5.228640
6.652800
6.638400
6.333120
3.912480
-99.000000
-99.000000
-99.000000
-99.000000
-99.000000
-99.000000
-99.000000
-99.000000
-99.000000
-99.000000
-99.000000
-99.000000
-99.000000
-99.000000
-99.000000
-99.000000
-99.000000
-99.000000
-99.000000
-99.000000
-99.000000
-99.000000
-99.000000
-99.000000
-99.000000
-99.000000
-99.000000
-99.000000
-99.000000
-99.000000
-99.000000
-99.000000
-99.000000
-99.000000
-99.000000
-99.000000
-99.000000
-99.000000
-99.000000
-99.000000
-99.000000
-99.000000
-99.000000
-99.000000
-99.000000
-99.000000
-99.000000
-99.000000
-99.000000
-99.000000
-99.000000
-99.000000
-99.000000
-99.000000
-99.000000
-99.000000
-99.000000
-99.000000
-99.000000
-99.000000
-99.000000
-99.000000
-99.000000
-99.000000
-99.000000
-99.000000
-99.000000
-99.000000
-99.000000
-99.000000
-99.000000
-99.000000
-99.000000
-99.000000
-99.000000
-99.000000
-99.000000
-99.000000
-99.000000
-99.000000
-99.000000
-99.000000
-99.000000
-99.000000
-99.000000
-99.000000
-99.000000
-99.000000
-99.000000
-99.000000
-99.000000
-99.000000
-99.000000
-99.000000
-99.000000
-99.000000
-99.000000
-99.000000
-99.000000
-99.000000
-99.000000
-99.000000
-99.000000
-99.000000
-99.000000
-99.000000
-99.000000
-99.000000
-99.000000
-99.000000
-99.000000
-99.000000
-99.000000
-99.000000
-99.000000
-99.000000
-99.000000
-99.000000
-99.000000
-99.000000
-99.000000
-99.000000
-99.000000
-99.000000
-99.000000
-99.000000
-99.000000
-99.000000
-99.000000
-99.000000
-99.000000
6.069600
23.738400
19.990080
2.580480
12.244320
19.959840
21.438720
20.077920
23.198400
23.474880
22.965120
23.608800
23.506560
22.996800
21.705120
21.938400
18.514080
20.008800
21.447360
18.433440
21.172320
22.501440
21.814560
21.968640
22.629600
20.275200
19.851840
22.921920
21.800160
19.092960
22.386240
22.734720
23.196960
14.238720
23.116320
23.411520
22.969440
20.589120
20.000160
20.243520
12.700800
19.353600
21.460320
20.278080
21.038400
20.111040
6.670080
17.232480
12.163680
21.666240
21.301920
21.198240
21.375360
20.707200
18.708480
13.965120
18.169920
15.789600
19.859040
17.478720
20.960640
20.537280
19.992960
19.984320
19.805760
12.739680
13.194720
18.146880
18.685440
18.630720
18.485280
18.514080
17.808480
18.671040
17.772480
17.766720
18.966240
17.291520
7.408800
17.189280
17.259840
18.126720
16.032960
15.966720
10.183680
18.361440
17.896320
17.857440
17.945280
17.964000
17.661600
17.807040
16.469280
17.347680
16.813440
17.032320
15.488640
13.944960
15.238080
15.536160
15.469920
15.337440
4.409280
-99.000000
0.711360
14.323680
16.424640
16.135200
14.209920
14.196960
14.012640
12.522240
9.776160
9.568800
10.977120
13.168800
10.594080
14.876640
14.554080
14.264640
11.708640
10.458720
13.979520
14.207040
13.550400
7.738560
5.212800
2.930400
3.588480
8.078400
4.991040
6.032160
12.080160
12.067200
10.134720
9.079200
2.761920
0.938880
0.197280
2.361600
4.216320
8.703360
10.877760
10.412640
8.400960
8.277120
9.840960
10.664640
1.869120
9.207360
9.432000
5.545440
9.182880
8.195040
7.914240
10.023840
9.781920
6.572160
9.146880
1.918080
9.066240
4.213440
9.000000
5.698080
4.374720
5.912640
2.707200
3.378240
-99.000000
-99.000000
-99.000000
-99.000000
-99.000000
-99.000000
-99.000000
0.482400
7.596000
5.870880
4.874400
7.525440
6.494400
4.916160
3.437280
0.568800
3.866400
6.167520
4.528800
5.040000
6.264000
6.085440
4.746240
6.756480
6.949440
7.395840
6.985440
6.792480
6.275520
1.948320
1.429920
5.384160
1.465920
6.253920
6.225120
4.924800
1.977120
6.474240
4.240800
7.149600
3.602880
4.979520
6.356160
6.282720
2.805120
1.490400
4.485600
7.446240
3.227040
5.744160
2.998080
3.895200
2.121120
1.559520
5.834880
5.539680
5.312160
4.488480
3.322080
7.551360
8.758080
3.816000
6.482880
2.869920
7.794720
6.003360
5.670720
4.606560
7.228800
8.280000
7.454880
6.426720
6.161760
9.895680
8.782560
9.446400
5.021280
7.117920
7.783200
11.162880
8.930880
11.196000
11.407680
8.337600
2.669760
2.553120
10.343520
9.122400
8.667360
11.871360
12.346560
12.350880
12.749760
12.666240
3.843360
13.108320
13.419360
7.401600
11.164320
8.131680
5.622480
7.596720
5.366880
11.014560
7.151040
5.083200
9.923040
6.570720
8.964000
13.862880
8.043840
15.933600
16.319520
15.436800
7.315920
14.532480
14.252400
13.207680
14.014080
14.016960
13.332960
15.756480
14.016960
16.372800
14.732640
13.063680
17.595360
8.750880
15.792480
14.078880
18.521280
18.607680
17.785440
18.149760
13.321440
15.350400
15.906240
18.312480
19.843200
16.708320
16.486560
19.987200
18.296640
20.560320
20.676960
19.660320
14.942880
8.652960
19.824480
16.526880
16.729920
15.613920
17.978400
18.185760
19.761120
19.419840
16.826400
21.725280
16.089120
7.447680
8.316000
16.770240
10.637280
15.868800
6.615360
15.569280
18.980640
21.620160
7.189920
1.391040
19.113120
18.983520
22.168800
14.087520
19.696320
21.345120
12.814560
16.970400
20.144160
11.221920
17.015040
18.197280
17.069760
20.674080
23.443200
23.048640
22.312800
22.654080
22.498560
23.175360
22.020480
19.245600
21.392640
23.317920
22.979520
23.358240
20.828160
20.989440
22.883040
17.233920
10.910880
23.646240
21.168000
20.331360
22.691520
19.455840
23.839200
21.625920
23.937120
23.833440
23.333760
23.464800
22.828320
21.244320
18.205920
21.911040
22.250880
19.153440
24.042240
23.234400
22.337280
21.978720
21.199680
16.375680
15.226560
15.651360
17.392320
24.108480
17.248320
5.424480
23.650560
22.782240
22.527360
20.027520
17.411040
21.293280
12.823200
23.559840
23.970240
16.356960
24.376320
23.706720
22.334400
20.194560
20.779200
21.893760
20.864160
14.888160
20.468160
21.732480
19.350720
19.023840
19.604160
22.711680
23.117760
18.663840
21.898080
24.825600
22.923360
22.098240
21.077280
21.794400
22.870080
20.508480
22.086720
21.996000
15.727680
7.735680
21.150720
14.680800
15.176160
22.475520
22.877280
22.337280
22.250880
20.956320
21.661920
17.634240
21.235680
21.602880
20.520000
20.661120
21.193920
18.781920
19.882080
13.511520
18.784800
19.958400
17.483040
20.243520
21.130560
21.398400
21.615840
20.511360
20.995200
19.643040
15.508800
20.036160
19.707840
16.283520
20.292480
13.569120
17.254080
16.051680
6.684480
11.875680
12.365280
17.840160
16.932960
16.056000
2.220480
12.440160
14.847840
16.892640
16.657920
11.544480
15.577920
9.279360
10.578240
15.328800
12.687840
7.996320
2.507040
11.401920
11.946240
8.955360
14.398560
8.724960
14.719680
5.702400
14.041440
11.531520
10.196640
9.953280
13.494240
11.874240
13.894560
13.420800
8.089920
11.748960
10.895040
11.976480
12.405600
9.478080
12.084480
1.836000
10.707840
11.340000
4.170240
8.449920
7.986240
9.688320
6.340320
11.293920
1.488960
8.935200
3.097440
1.265760
0.336960
2.947680
2.835360
5.473440
2.410560
4.409280
6.625440
6.933600
5.724000
8.038080
7.627680
5.218560
4.449600
4.165920
4.377600
6.798240
7.374240
7.237440
2.776320
6.618240
7.381440
5.711040
6.006240
2.960640
5.816160
2.164320
7.378560
7.378560
7.162560
4.615200
1.393920
6.677280
7.578720
1.536480
2.712960
2.524320
7.174080
7.581600
1.359360
7.037280
7.503840
6.586560
5.073120
7.148160
7.195680
2.494080
1.644480
1.228320
1.075680
3.748320
1.108800
4.474080
3.781440
6.920640
1.680480
2.656800
5.571360
7.426080
2.970720
3.517920
2.652480
2.848320
5.574240
8.007840
4.939200
2.744640
8.213760
8.451360
8.314560
1.707840
8.323200
8.536320
8.756640
7.470720
9.001440
8.959680
6.566400
6.867360
9.351360
9.770400
6.274080
9.436320
7.136640
8.190720
9.236160
8.618400
10.576800
10.602720
11.171520
11.070720
11.386080
9.996480
4.704480
2.062080
3.595680
7.197120
12.513600
9.959040
12.183840
11.736000
11.712960
11.509920
13.368960
11.635200
13.256640
3.854880
5.404320
5.928480
7.022880
6.377760
1.520640
7.341120
4.819680
8.638560
13.913280
15.048000
12.477600
5.731200
13.534560
8.087040
12.440160
4.040640
12.651840
12.307680
13.651200
17.183520
17.112960
16.888320
17.700480
17.514720
17.461440
13.646880
16.211520
3.913920
2.725920
18.783360
16.997760
18.404640
3.800160
1.962720
7.650720
16.873920
8.220960
13.288320
14.700960
18.155520
9.378720
3.297600
2.008800
15.609600
11.416320
12.277440
19.765440
20.878560
15.755040
16.773120
21.425760
21.245760
21.373920
20.448000
20.721600
20.875680
18.639360
17.249760
16.777440
21.358080
21.265920
10.353600
10.776960
10.186560
20.960640
16.169760
5.552640
1.294560
1.955520
5.012640
2.841120
15.945120
22.995360
22.190400
22.514400
19.117440
22.466880
12.568320
23.654880
24.207840
21.824640
20.413440
9.532800
21.165120
23.760000
24.202080
19.319040
22.610880
24.161760
22.733280
22.805280
22.763520
21.898080
22.698720
15.233760
10.212480
8.271360
20.399040
22.638240
16.708320
24.780960
22.042080
24.382080
22.881600
24.009120
23.849280
22.982400
22.953600
22.908960
22.187520
21.768480
18.911520
22.638240
22.991040
22.641120
22.743360
22.667040
19.651680
20.247840
23.477760
7.765920
6.953760
12.304800
21.571200
15.949440
22.001760
17.508960
22.158720
22.734720
21.028320
22.318560
20.867040
20.494080
14.891040
17.252640
23.640480
22.919040
22.802400
23.155200
22.210560
19.483200
21.843360
21.034080
19.169280
16.888320
22.335840
19.238400
22.667040
21.258720
18.875520
17.445600
19.867680
13.822560
17.462880
19.029600
16.666560
21.062880
14.850720
22.017600
19.092960
12.457440
17.218080
19.450080
16.920000
21.456000
21.601440
15.618240
18.882720
16.860960
19.176480
14.411520
19.009440
17.458560
14.627520
10.526400
14.234400
4.371840
13.050720
11.416320
9.079200
12.368160
16.011360
16.800480
17.976960
18.535680
8.645760
7.731360
16.660800
16.858080
19.454400
16.266240
11.527200
16.067520
16.981920
17.400960
17.560800
11.859840
13.934880
15.272640
9.184320
10.656000
11.918880
11.452320
8.065440
11.371680
15.647040
15.757920
16.094880
16.024320
16.421760
15.985440
15.631200
14.715360
13.916160
10.517760
3.660480
8.167680
9.326880
13.813920
13.141440
10.447200
11.073600
3.864960
2.926080
9.004320
9.538560
13.402080
12.290400
12.705120
10.059840
8.831520
11.689920
11.918880
10.932480
6.664320
11.852640
11.276640
8.004960
11.047680
11.587680
11.496960
10.651680
11.069280
5.499360
5.545440
10.183680
9.025920
7.182720
5.116320
8.105760
7.279200
5.626080
8.720640
8.798400
7.063200
6.737760
6.010560
9.061920
2.522880
2.900160
7.673760
7.145280
4.328640
7.752960
1.362240
5.529600
6.700320
3.130560
2.872800
4.141440
8.508960
8.065440
3.680640
4.567680
6.279840
2.280960
2.878560
2.963520
2.983680
4.908960
3.864960
1.851840
1.931040
4.553280
7.020000
4.844160
5.631840
6.069600
3.749760
7.292160
6.768000
1.866240
3.240000
1.746720
1.933920
5.541120
6.634080
6.037920
5.304960
6.861600
3.407040
2.377440
7.104960
5.801760
1.378080
7.094880
6.239520
4.145760
4.626720
4.540320
3.672000
2.132640
2.314080
2.702880
3.566880
4.164480
8.275680
4.007520
8.275680
8.455680
8.436960
3.837600
3.957120
5.568480
2.044800
5.856480
7.741440
6.115680
6.744960
9.133920
9.478080
4.101120
8.262720
4.724640
5.833440
4.200480
10.055520
6.323040
9.722880
9.686880
3.327840
10.608480
9.747360
9.168480
6.302880
10.337760
10.522080
10.126080
2.509920
7.696800
7.767360
3.273120
12.437280
10.987200
11.679840
3.209760
1.581120
7.904160
3.604320
9.567360
1.438560
1.841760
5.101920
3.830400
12.720960
11.188800
10.848960
8.638560
14.464800
13.589280
10.915200
12.427200
13.345920
15.372000
15.498720
9.502560
15.772320
14.136480
14.823360
4.893120
13.098240
17.232480
17.596800
16.283520
16.840800
16.682400
3.286080
12.471840
17.320320
17.144640
13.157280
4.073760
4.011840
9.593280
4.160160
8.543520
14.644800
13.263840
10.179360
18.289440
18.302400
17.985600
17.719200
8.743680
13.203360
18.645120
10.789920
12.204000
16.505280
1.987200
2.687040
10.317600
17.313120
15.955200
6.323040
10.262880
16.116480
16.355520
18.355680
13.724640
17.504640
9.652320
20.232000
19.671840
15.616800
11.377440
18.375840
20.026080
20.449440
18.414720
9.144000
0.982080
3.846240
6.742080
15.465600
20.676960
12.993120
17.883360
15.700320
20.878560
12.952800
12.648960
21.415680
20.352960
18.888480
20.792160
20.867040
21.499200
21.856320
14.657760
14.235840
21.384000
21.820320
21.332160
21.333600
21.231360
20.479680
12.415680
13.456800
11.033280
17.788320
12.684960
19.663200
20.563200
15.505920
18.256320
19.571040
20.676960
21.250080
21.254400
17.755200
17.314560
19.324800
20.066400
20.602080
21.890880
21.772800
22.394880
21.692160
19.196640
18.735840
16.688160
15.711840
20.034720
15.521760
18.038880
15.017760
21.813120
17.831520
15.471360
21.254400
11.701440
13.278240
17.879040
18.699840
17.848800
19.872000
19.461600
16.135200
19.782720
17.458560
19.038240
21.444480
20.545920
20.237760
19.967040
13.191840
17.680320
17.654400
14.883840
13.936320
18.933120
17.472960
19.254240
13.616640
19.925280
16.117920
19.981440
20.491200
19.517760
19.211040
15.239520
22.367520
22.353120
22.268160
21.042720
15.624000
18.390240
19.923840
21.335040
21.193920
18.600480
17.969760
12.741120
11.668320
16.081920
20.316960
18.444960
8.030880
16.954560
16.192800
12.612960
19.585440
16.748640
18.953280
15.626880
16.757280
17.164800
18.397440
10.730880
8.497440
15.275520
5.880960
10.915200
11.927520
11.180160
15.102720
16.764480
18.492480
15.605280
15.320160
16.450560
14.621760
14.509440
17.768160
17.593920
16.979040
16.912800
15.952320
10.185120
9.421920
11.586240
15.909120
15.200640
13.901760
4.049280
9.516960
8.899200
5.840640
9.858240
12.864960
11.227680
10.160640
13.376160
11.419200
14.624640
9.132480
9.393120
13.923360
12.733920
6.439680
8.350560
5.981760
0.930240
1.602720
7.885440
7.646400
5.284800
8.323200
4.770720
6.055200
10.329120
10.084320
4.226400
2.986560
2.249280
8.498880
5.447520
5.220000
1.967040
5.512320
10.755360
9.817920
10.512000
8.772480
8.591040
10.445760
7.279200
5.595840
0.165600
4.008960
5.990400
9.224640
6.350400
2.941920
7.924320
2.636640
8.580960
6.505920
2.754720
8.147520
2.106720
3.716640
7.159680
2.299680
7.261920
5.320800
6.649920
6.612480
5.620320
3.911040
6.082560
6.825600
4.209120
2.129760
4.721760
6.649920
6.717600
3.663360
3.640320
6.756480
1.369440
6.756480
2.502720
5.628960
6.913440
6.801120
2.861280
3.075840
5.463360
5.356800
6.426720
3.798720
3.323520
6.948000
7.001280
6.238080
2.999520
4.118400
7.020000
4.415040
4.206240
6.367680
4.590720
5.299200
7.760160
7.459200
6.334560
5.976000
4.684320
7.303680
6.053760
5.058720
4.376160
3.137760
7.361280
7.417440
5.804640
5.931360
7.905600
3.961440
3.048480
7.727040
2.803680
4.354560
6.539040
7.197120
4.080960
7.532640
8.903520
7.918560
7.194240
7.200000
9.432000
9.499680
8.409600
6.783840
10.376640
8.412480
5.404320
10.071360
6.965280
10.192320
10.657440
10.329120
9.531360
9.681120
8.575200
10.023840
5.205600
10.226880
1.198080
6.168960
12.536640
8.569440
1.715040
3.319200
1.853280
4.564800
7.182720
9.145440
5.436000
12.972960
13.285440
11.374560
6.547680
10.743840
11.609280
13.865760
12.755520
3.461760
12.905280
11.524320
2.944800
7.200000
10.706400
8.686080
10.052640
14.114880
10.224000
15.003360
15.675840
14.901120
16.276320
15.108480
9.921600
11.187360
2.537280
3.775680
1.658880
4.677120
6.396480
16.171200
12.742560
18.017280
17.053920
16.309440
12.965760
16.400160
1.781280
9.963360
11.959200
13.661280
10.644480
16.087680
9.180000
14.158080
1.280160
9.771840
11.895840
18.002880
19.336320
19.572480
1.064160
17.210880
20.682720
20.964960
19.932480
16.148160
7.616160
5.185440
14.351040
10.967040
10.045440
1.226880
10.376640
15.048000
18.132480
20.763360
17.477280
16.981920
13.059360
4.060800
7.169760
16.873920
17.773920
20.831040
20.869920
21.008160
21.399840
21.447360
21.057120
10.015200
-99.000000
-99.000000
3.529440
0.252000
0.239040
-99.000000
-99.000000
-99.000000
-99.000000
-99.000000
-99.000000
13.995360
21.264480
19.671840
20.944800
19.923840
18.439200
19.442880
19.330560
19.308960
19.226880
17.369280
17.593920
20.108160
10.288800
19.928160
20.885760
21.680640
13.317120
14.518080
16.486560
16.320960
20.390400
18.050400
19.091520
18.771840
20.040480
15.586560
19.035360
15.572160
20.746080
20.669760
16.476480
19.956960
15.058080
10.919520
18.789120
21.041280
20.705760
13.760640
13.350240
19.277280
20.832480
20.648160
19.922400
15.671520
13.978080
17.268480
16.611840
18.911520
19.173600
19.392480
12.160800
16.853760
18.747360
19.183680
19.464480
18.407520
11.518560
17.693280
18.442080
14.171040
8.331840
13.478400
13.740480
19.032480
14.533920
15.016320
15.674400
15.363360
13.452480
18.686880
17.742240
18.298080
17.504640
14.852160
14.076000
10.687680
17.677440
15.393600
16.552800
17.696160
11.594880
9.210240
15.194880
15.906240
17.514720
10.889280
11.803680
13.949280
13.266720
13.219200
12.718080
12.879360
10.357920
9.989280
8.851680
6.893280
9.378720
5.614560
11.435040
13.472640
11.289600
11.882880
11.041920
10.218240
10.203840
14.757120
15.302880
14.585760
12.978720
12.690720
12.852000
13.036320
14.284800
13.615200
13.603680
13.638240
13.514400
13.008960
12.494880
12.702240
12.307680
11.888640
12.337920
11.525760
5.303520
7.666560
7.894080
10.232640
8.197920
10.658880
9.993600
5.695200
11.517120
6.966720
6.265440
8.677440
10.023840
7.315200
6.747840
6.138720
4.492800
9.455040
9.741600
8.680320
3.925440
6.811200
1.154880
8.906400
8.811360
9.286560
7.931520
3.497760
6.030720
5.398560
7.097760
1.578240
5.212800
6.854400
3.103200
2.612160
7.850880
4.351680
3.103200
7.731360
8.098560
7.993440
6.360480
7.685280
7.603200
2.481120
7.371360
7.208640
5.578560
2.630880
6.952320
1.581120
0.953280
1.487520
2.813760
5.065920
6.550560
1.726560
4.707360
1.844640
0.174240
0.308160
1.440000
0.341280
0.275040
0.162720
4.428000
5.876640
0.725760
3.199680
3.218400
0.960480
1.088640
4.896000
5.546880
4.207680
1.612800
3.794400
4.995360
1.190880
6.026400
1.553760
4.201920
5.595840
1.526400
5.467680
5.473440
2.789280
5.211360
1.797120
5.770080
6.605280
5.729760
4.083840
6.721920
6.520320
2.573280
1.467360
2.043360
6.343200
3.693600
6.645600
6.073920
1.607040
1.782720
6.392160
6.670080
5.207040
6.704640
4.678560
6.904800
7.421760
7.964640
6.965280
7.428960
6.860160
4.419360
8.611200
8.366400
5.961600
8.354880
8.861760
8.657280
8.415360
5.019840
2.400480
2.452320
4.908960
9.465120
9.722880
3.545280
8.445600
8.579520
8.336160
9.996480
9.848160
1.774080
-99.000000
8.680320
8.737920
0.453600
6.337440
4.232160
4.590720
6.716160
11.930400
11.224800
0.606240
6.625440
7.873920
12.339360
10.582560
11.833920
13.266720
13.206240
13.668480
13.806720
12.778560
13.101120
13.305600
11.553120
11.414880
10.995840
13.934880
15.043680
13.907520
13.147200
5.519520
11.818080
11.312640
14.299200
11.643840
8.262720
14.420160
10.137600
11.983680
13.716000
16.070400
15.081120
2.607840
9.895680
15.420960
12.525120
15.861600
14.810400
8.094240
16.735680
16.454880
13.121280
16.508160
17.568000
11.600640
16.104960
12.866400
14.077440
13.079520
15.842880
11.472480
9.133920
15.230880
14.813280
10.401120
19.965600
19.514880
19.584000
19.647360
18.887040
18.495360
16.375680
3.013920
18.204480
7.323840
17.439840
20.386080
20.727360
19.572480
12.130560
13.393440
15.976800
13.714560
14.542560
20.256480
18.452160
15.508800
6.647040
18.796320
20.757600
19.987200
15.007680
9.636480
20.458080
20.675520
21.336480
21.215520
20.622240
19.624320
17.632800
7.251840
13.933440
15.772320
20.335680
19.144800
17.822880
20.581920
22.023360
20.708640
20.063520
20.459520
19.756800
14.624640
10.290240
6.333120
19.870560
18.756000
20.590560
17.602560
22.600800
21.525120
16.801920
16.299360
16.191360
17.123040
6.819840
22.292640
21.732480
11.803680
5.918400
22.259520
19.314720
21.647520
20.976480
20.704320
17.225280
22.210560
21.883680
18.194400
15.577920
16.012800
18.751680
21.823200
20.698560
20.695680
20.378880
19.301760
19.874880
14.624640
19.838880
20.522880
20.122560
19.542240
19.308960
17.732160
18.901440
12.899520
17.552160
19.542240
19.091520
16.663680
19.634400
11.819520
4.805280
18.191520
21.319200
20.980800
21.360960
20.772000
20.498400
15.120000
15.573600
14.963040
14.670720
19.386720
19.228320
19.144800
18.354240
14.713920
13.566240
11.280960
10.811520
17.406720
17.585280
18.799200
15.373440
18.959040
17.262720
15.874560
12.113280
15.850080
17.053920
16.771680
14.888160
13.387680
16.035840
16.297920
14.532480
14.682240
13.600800
0.964800
4.639680
16.531200
14.986080
16.763040
13.950720
15.022080
16.270560
16.089120
14.464800
10.445760
16.545600
16.238880
16.339680
16.136640
15.265440
11.394720
9.679680
-99.000000
-99.000000
6.013440
11.208240
9.873360
11.576160
13.187520
12.460320
11.941920
13.275360
12.840480
10.065600
11.390400
10.617120
11.138400
6.966720
7.593120
1.951200
2.954880
2.917440
4.957920
9.838080
8.618400
1.703520
9.630720
9.737280
8.799840
9.168480
2.406240
9.830880
8.493120
6.363360
6.996960
2.851200
8.565120
6.220800
2.789280
6.592320
8.478720
6.884640
3.127680
6.311520
8.864640
8.264160
8.870400
0.432000
0.226080
0.950400
2.701440
0.541440
1.251360
4.479840
1.526400
4.127040
7.646400
6.724800
1.776960
6.523200
1.500480
5.397120
2.983680
2.995200
6.829920
3.333600
6.301440
6.511680
3.411360
5.433120
1.628640
6.603840
1.879200
4.590720
6.583680
6.831360
1.935360
5.208480
6.723360
6.662880
2.954880
2.777760
1.137600
3.712320
5.587200
1.363680
6.069600
6.304320
5.961600
6.626880
6.929280
6.979680
6.210720
6.435360
3.872160
0.407520
6.036480
2.920320
3.967200
2.649600
5.896800
3.893760
4.845600
6.351840
1.350720
2.324160
1.326240
1.163520
3.755520
0.735840
6.292800
7.309440
2.124000
6.791040
3.268800
1.661760
4.620960
1.860480
5.509440
7.552800
1.023840
7.092000
7.940160
1.480320
5.807520
5.470560
5.741280
1.355040
8.385120
0.102240
2.351520
8.687520
8.743680
6.691680
1.111680
8.197920
8.814240
8.899200
9.253440
9.629280
9.516960
9.385920
9.132480
8.428320
8.933760
8.241120
5.267520
9.606240
6.933600
5.150880
8.798400
5.402880
5.135040
4.832640
5.156640
10.392480
1.140480
2.924640
7.403040
4.730400
11.452320
9.776160
2.249280
4.829760
11.229120
6.899040
9.594720
6.359040
11.819520
9.596160
9.492480
11.979360
10.909440
13.059360
12.746880
4.579200
3.273120
11.463840
8.599680
9.123840
10.800000
7.738560
12.502080
13.711680
11.741760
7.512480
11.525760
15.467040
13.240800
16.165440
11.946240
16.332480
12.003840
14.173920
14.993280
9.923040
10.712160
15.795360
15.526080
9.816480
19.630080
19.346400
19.177920
14.052960
10.897920
13.101120
4.138560
15.357600
16.764480
14.983200
15.547680
13.013280
14.355360
17.045280
19.272960
18.561600
16.850880
19.199520
20.302560
20.999520
17.938080
19.091520
8.789760
6.981120
12.186720
19.860480
12.189600
18.118080
19.369440
13.648320
19.067040
18.696960
16.123680
19.648800
18.820800
17.527680
16.620480
13.710240
21.248640
20.508480
16.832160
18.264960
11.370240
23.463360
17.023680
18.226080
19.008000
21.719520
20.862720
22.688640
16.476480
23.339520
21.805920
22.325760
22.668480
22.151520
22.079520
19.576800
19.224000
12.722400
12.604320
21.638880
22.105440
21.068640
18.665280
17.048160
10.389600
12.067200
16.613280
18.509760
16.565760
20.302560
17.651520
14.919840
19.504800
18.246240
20.609280
10.506240
11.571840
18.234720
14.215680
20.023200
21.578400
21.244320
20.564640
19.409760
20.499840
22.347360
17.768160
11.296800
-99.000000
-99.000000
17.981280
17.197920
19.555200
12.176640
17.527680
20.157120
18.748800
19.019520
20.653920
19.447200
20.809440
20.234880
-99.000000
-99.000000
-99.000000
13.530240
19.889280
20.903040
19.673280
20.239200
20.496960
20.361600
19.913760
20.688480
-99.000000
-99.000000
-99.000000
-99.000000
19.949760
13.534560
-99.000000
-99.000000
-99.000000
-99.000000
14.987520
9.270720
8.170560
17.218080
18.184320
18.491040
18.583200
17.884800
16.777440
11.034720
16.302240
16.155360
18.012960
17.076960
17.677440
17.055360
17.172000
15.995520
12.435840
16.129440
16.202880
15.492960
14.398560
12.533760
14.761440
14.826240
14.842080
13.042080
5.369760
10.736640
3.759840
10.455840
8.586720
13.665600
13.903200
15.232320
14.726880
8.148960
4.203360
1.769760
9.573120
14.273280
12.225600
14.266080
11.154240
0.000000
12.106080
12.392640
11.446560
9.986400
12.460320
12.422880
8.585280
12.559680
12.225600
10.910880
11.577600
8.369280
9.237600
9.069120
12.395520
5.349600
6.177600
4.862880
5.389920
6.399360
5.317920
11.262240
9.007200
1.310400
10.154880
9.756000
3.016800
10.075680
10.094400
8.288640
9.704160
9.493920
8.138880
5.479200
2.789280
1.696320
8.089920
7.215840
1.247040
1.468800
6.996960
8.713440
7.968960
3.795840
7.547040
8.673120
7.839360
1.961280
4.609440
7.724160
7.649280
4.716000
5.561280
5.800320
6.999840
4.119840
3.316320
3.912480
7.443360
3.366720
6.685920
7.260480
5.086080
4.246560
6.583680
6.730560
6.487200
1.910880
4.505760
3.564000
6.792480
1.902240
6.971040
6.193440
5.585760
6.864480
1.936800
3.255840
5.192640
6.337440
3.964320
2.299680
6.491520
3.021120
0.133920
3.189600
4.811040
6.996960
6.988320
7.103520
6.871680
5.209920
6.649920
-99.000000
-99.000000
-99.000000
-99.000000
-99.000000
-99.000000
-99.000000
-99.000000
-99.000000
-99.000000
-99.000000
-99.000000
-99.000000
-99.000000
-99.000000
-99.000000
-99.000000
-99.000000
-99.000000
-99.000000
-99.000000
-99.000000
-99.000000
-99.000000
-99.000000
-99.000000
-99.000000
-99.000000
-99.000000
-99.000000
-99.000000
-99.000000
-99.000000
-99.000000
-99.000000
-99.000000
-99.000000
-99.000000
-99.000000
-99.000000
-99.000000
-99.000000
-99.000000
-99.000000
-99.000000
-99.000000
-99.000000
-99.000000
-99.000000
-99.000000
-99.000000
-99.000000
-99.000000
-99.000000
-99.000000
-99.000000
-99.000000
-99.000000
-99.000000
-99.000000
-99.000000
-99.000000
-99.000000
-99.000000
-99.000000
-99.000000
-99.000000
-99.000000
-99.000000
-99.000000
-99.000000
-99.000000
-99.000000
-99.000000
-99.000000
-99.000000
-99.000000
-99.000000
-99.000000
-99.000000
-99.000000
-99.000000
-99.000000
-99.000000
-99.000000
-99.000000
-99.000000
-99.000000
-99.000000
-99.000000
-99.000000
-99.000000
-99.000000
-99.000000
-99.000000
-99.000000
-99.000000
-99.000000
-99.000000
-99.000000
-99.000000
-99.000000
-99.000000
-99.000000
-99.000000
-99.000000
-99.000000
-99.000000
-99.000000
-99.000000
-99.000000
-99.000000
-99.000000
-99.000000
-99.000000
-99.000000
-99.000000
-99.000000
-99.000000
-99.000000
-99.000000
-99.000000
-99.000000
-99.000000
-99.000000
-99.000000
-99.000000
-99.000000
-99.000000
-99.000000
-99.000000
-99.000000
-99.000000
-99.000000
-99.000000
-99.000000
-99.000000
-99.000000
-99.000000
-99.000000
-99.000000
-99.000000
-99.000000
-99.000000
-99.000000
-99.000000
-99.000000
-99.000000
-99.000000
-99.000000
-99.000000
-99.000000
-99.000000
-99.000000
-99.000000
-99.000000
-99.000000
-99.000000
-99.000000
-99.000000
-99.000000
-99.000000
-99.000000
-99.000000
-99.000000
-99.000000
-99.000000
-99.000000
-99.000000
-99.000000
-99.000000
-99.000000
-99.000000
-99.000000
-99.000000
-99.000000
-99.000000
-99.000000
-99.000000
-99.000000
-99.000000
-99.000000
-99.000000
-99.000000
-99.000000
-99.000000
-99.000000
-99.000000
-99.000000
-99.000000
-99.000000
-99.000000
-99.000000
-99.000000
-99.000000
-99.000000
-99.000000
-99.000000
-99.000000
-99.000000
-99.000000
-99.000000
-99.000000
-99.000000
-99.000000
-99.000000
-99.000000
-99.000000
-99.000000
-99.000000
-99.000000
-99.000000
-99.000000
-99.000000
-99.000000
-99.000000
-99.000000
-99.000000
-99.000000
-99.000000
-99.000000
-99.000000
-99.000000
-99.000000
-99.000000
-99.000000
-99.000000
-99.000000
-99.000000
-99.000000
-99.000000
-99.000000
-99.000000
-99.000000
-99.000000
-99.000000
-99.000000
-99.000000
-99.000000
-99.000000
-99.000000
-99.000000
-99.000000
-99.000000
-99.000000
-99.000000
-99.000000
-99.000000
-99.000000
-99.000000
-99.000000
-99.000000
-99.000000
-99.000000
-99.000000
-99.000000
-99.000000
-99.000000
-99.000000
-99.000000
-99.000000
-99.000000
-99.000000
-99.000000
-99.000000
-99.000000
-99.000000
-99.000000
-99.000000
-99.000000
-99.000000
-99.000000
-99.000000
-99.000000
-99.000000
-99.000000
-99.000000
-99.000000
-99.000000
-99.000000
-99.000000
-99.000000
-99.000000
-99.000000
-99.000000
-99.000000
-99.000000
-99.000000
-99.000000
-99.000000
-99.000000
-99.000000
-99.000000
-99.000000
-99.000000
-99.000000
-99.000000
-99.000000
-99.000000
-99.000000
-99.000000
-99.000000
-99.000000
-99.000000
-99.000000
-99.000000
-99.000000
-99.000000
-99.000000
-99.000000
-99.000000
-99.000000
-99.000000
-99.000000
-99.000000
-99.000000
-99.000000
-99.000000
-99.000000
-99.000000
-99.000000
-99.000000
-99.000000
-99.000000
-99.000000
-99.000000
-99.000000
-99.000000
-99.000000
-99.000000
-99.000000
-99.000000
-99.000000
-99.000000
-99.000000
-99.000000
-99.000000
-99.000000
-99.000000
-99.000000
-99.000000
-99.000000
-99.000000
-99.000000
-99.000000
-99.000000
-99.000000
-99.000000
-99.000000
-99.000000
-99.000000
-99.000000
-99.000000
1.134720
0.662400
1.149120
2.864160
6.870240
7.305120
4.259520
7.263360
4.229280
4.642560
3.859200
7.276320
7.804800
2.712960
2.632320
5.971680
6.624000
5.392800
7.368480
5.040000
4.030560
4.281120
6.962400
7.123680
7.748640
4.289760
6.328800
5.012640
5.304960
2.643840
6.503040
8.772480
8.485920
7.698240
8.303040
7.463520
8.520480
8.614080
9.027360
9.622080
8.550720
9.509760
9.236160
4.985280
6.611040
8.046720
9.650880
10.200960
10.347840
10.556640
10.726560
10.886400
11.059200
11.044800
6.215040
1.742400
0.961920
9.737280
10.880640
1.781280
0.979200
1.602720
3.720960
6.602400
12.283200
12.650400
4.252320
3.078720
9.771840
12.201120
5.365440
8.883360
7.908480
14.155200
12.997440
8.547840
14.029920
15.180480
12.136320
10.100160
9.336960
5.748480
13.453920
9.518400
14.878080
14.673600
8.503200
14.191200
13.520160
11.233440
8.496000
17.388000
15.664320
7.446240
13.969440
14.061600
17.670240
7.128000
7.390080
15.963840
15.020640
12.453120
17.866080
14.958720
16.871040
19.176480
19.009440
19.081440
18.240480
12.988800
11.629440
7.516800
8.487360
10.101600
16.610400
15.995520
18.864000
20.810880
16.728480
13.752000
11.793600
10.141920
6.563520
12.754080
18.612000
16.917120
21.119040
20.111040
21.005280
18.944640
8.030880
21.844800
22.576320
22.129920
20.567520
21.610080
19.766880
20.508480
18.214560
18.511200
8.225280
6.232320
2.964960
9.604800
12.327840
20.067840
8.184960
17.566560
9.020160
8.326080
16.385760
3.781440
19.258560
23.015520
17.205120
11.947680
13.275360
2.772000
17.519040
8.693280
13.165920
19.758240
16.793280
3.592800
12.954240
15.075360
19.514880
22.188960
13.548960
17.033760
22.636800
20.024640
5.001120
7.922880
7.980480
21.604320
25.696800
25.836480
14.857920
20.918880
18.665280
25.859520
24.613920
24.435360
24.912000
25.538400
20.828160
21.643200
24.413760
21.669120
19.402560
24.652800
22.750560
22.390560
22.740480
19.974240
24.675840
24.717600
24.003360
23.140800
23.160960
20.809440
24.148800
21.926880
22.754880
13.546080
25.721280
25.580160
24.451200
15.068160
15.599520
24.582240
23.050080
17.650080
22.144320
25.056000
23.984640
17.255520
23.261760
22.548960
23.057280
21.185280
15.472800
22.970880
22.512960
21.693600
22.926240
22.615200
17.421120
16.565760
20.718720
16.312320
22.384800
22.220640
19.301760
18.542880
20.031840
13.068000
17.079840
22.800960
15.940800
18.735840
23.051520
18.828000
16.434720
21.284640
15.042240
5.107680
20.628000
20.481120
17.100000
16.382880
19.262880
19.768320
18.509760
14.349600
19.484640
12.854880
18.876960
16.549920
15.642720
3.574080
17.978400
17.971200
8.426880
12.932640
14.950080
18.738720
12.371040
18.542880
18.501120
18.531360
16.077600
13.104000
13.960800
16.696800
15.160320
4.282560
3.546720
9.590400
16.133760
17.143200
12.710880
14.928480
14.489280
15.734880
15.831360
15.681600
16.054560
14.454720
15.720480
15.295680
12.692160
10.110240
6.464160
3.915360
2.108160
2.393280
10.340640
11.792160
12.297600
11.862720
10.559520
2.907360
7.092000
9.905760
11.612160
1.733760
2.289600
8.703360
10.477440
12.146400
11.891520
0.685440
4.289760
7.473600
3.888000
4.239360
3.333600
10.956960
10.820160
5.855040
7.248960
8.506080
6.567840
9.789120
9.456480
0.000000
3.077280
7.928640
10.090080
9.554400
7.884000
9.626400
1.507680
4.550400
5.166720
3.157920
6.226560
6.207840
3.650400
8.569440
9.033120
8.912160
8.805600
4.939200
6.261120
8.269920
4.430880
4.191840
3.322080
5.899680
5.436000
5.571360
3.028320
0.646560
7.119360
6.151680
5.192640
5.480640
4.318560
4.505760
2.465280
5.005440
3.695040
4.664160
6.776640
8.146080
8.310240
8.412480
8.516160
8.241120
0.794880
1.699200
1.147680
2.659680
5.248800
4.851360
4.694400
1.787040
6.279840
2.368800
6.824160
4.952160
7.644960
8.088480
0.372960
1.238400
2.931840
6.382080
4.524480
3.939840
8.772480
7.068960
8.503200
8.490240
6.174720
8.664480
9.203040
3.258720
5.830560
7.364160
5.863680
6.878880
2.882880
5.927040
5.417280
10.537920
4.523040
3.493440
5.256000
8.906400
10.918080
6.400800
4.318560
6.540480
8.654400
9.947520
7.486560
5.279040
8.416800
12.912480
13.070880
8.353440
5.302080
12.915360
12.610080
13.371840
6.393600
11.679840
12.427200
12.297600
7.217280
11.177280
14.613120
14.870880
3.700800
8.040960
7.218720
2.165760
3.702240
9.285120
15.628320
11.105280
14.817600
17.013600
16.856640
13.406400
16.735680
17.000640
16.875360
16.479360
17.471520
18.069120
18.492480
18.489600
18.208800
17.854560
18.466560
19.226880
17.688960
19.664640
19.641600
18.917280
2.304000
6.003360
4.086720
7.858080
5.414400
8.514720
13.209120
18.154080
18.830880
17.606880
1.454400
8.300160
20.730240
4.923360
9.240480
8.598240
17.195040
19.971360
15.225120
13.737600
18.705600
15.062400
14.847840
16.333920
19.015200
21.847680
23.277600
21.394080
17.995680
9.123840
22.327200
18.217440
21.582720
17.218080
17.470080
24.112800
23.967360
22.023360
23.752800
23.918400
14.634720
19.716480
12.746880
16.103520
17.537760
22.420800
9.414720
12.106080
24.330240
24.084000
21.358080
23.670720
24.465600
19.926720
18.129600
9.276480
11.406240
15.926400
20.736000
22.351680
24.981120
24.387840
24.514560
23.965920
22.289760
24.546240
24.877440
22.161600
17.530560
12.994560
22.511520
17.694720
10.743840
19.481760
24.020640
24.912000
24.897600
21.284640
18.282240
18.645120
16.450560
23.472000
17.392320
15.399360
22.550400
25.833600
25.457760
24.638400
24.714720
21.522240
19.507680
22.911840
20.662560
22.822560
21.601440
22.079520
22.776480
21.396960
22.115520
23.672160
20.880000
22.256640
17.989920
16.852320
22.079520
21.954240
23.438880
23.722560
18.679680
23.741280
23.299200
23.533920
25.074720
24.036480
18.938880
19.769760
18.372960
20.508480
23.047200
22.960800
22.884480
21.604320
22.802400
22.788000
22.520160
22.093920
22.000320
20.617920
16.848000
21.409920
21.624480
17.605440
13.190400
8.674560
9.696960
20.106720
20.580480
21.057120
20.688480
21.013920
21.801600
21.062880
20.813760
20.574720
21.522240
20.698560
19.965600
20.050560
18.162720
19.906560
7.708320
16.555680
19.265760
15.284160
20.018880
20.315520
18.073440
13.744800
14.628960
19.899360
18.797760
11.924640
16.967520
14.512320
19.100160
16.966080
17.193600
14.614560
14.649120
14.505120
14.421600
12.934080
15.657120
14.855040
11.828160
15.416640
12.732480
14.397120
11.187360
10.075680
16.757280
16.804800
15.884640
15.766560
6.192000
9.809280
8.932320
12.067200
15.245280
16.145280
14.927040
13.818240
12.803040
7.539840
11.521440
13.841280
12.192480
11.256480
11.247840
14.364000
12.863520
14.338080
13.330080
14.274720
14.004000
12.443040
5.395680
8.454240
4.613760
11.041920
10.327680
7.128000
10.961280
12.032640
11.406240
11.124000
11.005920
7.748640
9.453600
6.492960
11.003040
6.373440
7.462080
5.392800
3.503520
2.066400
4.644000
5.549760
3.206880
9.188640
8.448480
6.647040
5.984640
9.213120
6.588000
6.370560
6.671520
8.202240
8.268480
7.915680
8.794080
8.926560
8.419680
6.304320
4.540320
8.445600
1.173600
5.281920
7.948800
5.670720
2.675520
4.223520
7.348320
7.007040
4.891680
6.819840
7.689600
7.359840
8.004960
6.770880
1.386720
0.201600
2.124000
3.199680
2.360160
6.413760
7.960320
7.911360
2.020320
1.172160
4.311360
2.311200
6.487200
3.677760
7.871040
2.760480
2.429280
6.050880
4.559040
4.623840
5.351040
6.261120
2.799360
0.866880
5.863680
0.338400
0.450720
0.838080
8.009280
7.452000
3.291840
8.254080
2.736000
8.804160
4.845600
1.751040
6.844320
3.309120
6.796800
5.057280
9.216000
3.137760
4.219200
1.752480
2.256480
7.200000
7.338240
5.977440
9.005760
4.160160
5.771520
9.577440
11.514240
1.968480
9.515520
10.882080
5.142240
2.373120
4.368960
9.708480
0.889920
5.002560
7.132320
4.003200
3.297600
2.481120
8.009280
10.707840
4.662720
12.041280
5.528160
6.528960
9.433440
12.258720
5.356800
13.828320
5.490720
5.268960
14.571360
10.402560
2.819520
10.916640
7.475040
12.290400
5.306400
11.489760
16.797600
12.121920
5.487840
9.322560
12.129120
16.786080
17.543520
18.139680
18.351360
9.541440
10.042560
6.521760
4.255200
8.405280
16.868160
17.457120
5.745600
19.594080
19.598400
15.670080
17.056800
16.947360
18.034560
16.551360
19.336320
18.897120
17.268480
19.222560
17.465760
3.255840
15.570720
18.777600
20.800800
20.632320
4.736160
6.415200
4.749120
14.437440
7.872480
4.178880
10.242720
16.326720
19.103040
18.168480
4.531680
6.661440
22.551840
20.111040
21.350880
22.282560
22.443840
19.896480
18.151200
8.568000
18.515520
2.043360
7.424640
6.259680
12.512160
17.798400
17.105760
10.111680
12.445920
16.750080
14.942880
11.885760
8.346240
20.331360
22.026240
24.361920
24.353280
24.281280
24.019200
24.058080
23.664960
23.891040
24.415200
23.379840
19.990080
16.168320
8.830080
24.688800
23.997600
23.411520
18.493920
16.983360
25.277760
25.404480
23.162400
11.000160
22.998240
23.469120
7.165440
19.661760
13.979520
13.806720
19.632960
7.512480
17.642880
18.136800
9.237600
18.658080
15.033600
25.276320
25.758720
25.326720
24.907680
24.742080
18.856800
17.328960
22.743360
17.288640
20.872800
22.849920
23.653440
19.994400
16.853760
19.848960
24.462720
24.924960
24.072480
20.825280
22.006080
23.243040
21.551040
20.508480
23.686560
23.340960
24.183360
17.775360
23.073120
23.417280
22.471200
18.312480
21.178080
9.453600
23.366880
24.819840
23.868000
23.791680
23.654880
22.806720
20.676960
23.558400
22.714560
18.845280
17.468640
21.280320
22.911840
22.425120
23.300640
22.766400
15.451200
17.426880
14.544000
18.636480
16.269120
6.945120
18.211680
17.153280
19.762560
18.347040
14.866560
7.637760
20.568960
20.816640
20.773440
20.154240
20.275200
20.203200
19.801440
19.549440
20.341440
20.210400
20.397600
19.823040
13.831200
9.030240
18.263520
17.642880
18.423360
12.326400
12.330720
18.849600
17.781120
18.822240
17.239680
16.735680
17.848800
17.997120
15.455520
6.340320
5.025600
11.485440
17.136000
7.884000
12.319200
15.495840
7.673760
13.576320
10.857600
15.137280
14.921280
15.636960
15.648480
14.434560
14.807520
14.090400
14.097600
11.033280
14.781600
14.218560
4.106880
11.391840
8.179200
6.844320
9.093600
1.002240
5.374080
13.204800
12.659040
8.808480
12.042720
13.121280
12.942720
12.814560
12.386880
11.943360
10.663200
10.329120
10.445760
12.274560
11.448000
10.324800
6.346080
4.105440
6.075360
5.866560
9.735840
6.181920
7.770240
9.335520
9.744480
4.602240
3.803040
8.172000
7.709760
7.103520
8.982720
8.903520
8.314560
7.395840
7.768800
2.721600
8.419680
2.445120
5.070240
3.208320
5.821920
6.818400
7.801920
7.963200
7.522560
7.053120
6.507360
2.499840
2.661120
5.019840
4.646880
6.308640
7.565760
1.820160
3.496320
1.592640
4.366080
3.576960
7.375680
6.763680
5.677920
5.898240
3.255840
7.184160
7.292160
7.315200
6.239520
3.147840
5.253120
1.382400
3.379680
0.714240
3.143520
6.199200
7.577280
7.237440
6.216480
6.498720
0.748800
4.494240
2.858400
2.376000
5.063040
6.348960
3.895200
3.807360
3.212640
7.037280
4.093920
5.591520
7.519680
3.420000
7.502400
7.860960
7.813440
8.020800
8.172000
7.217280
6.719040
4.770720
8.612640
8.647200
8.647200
8.637120
8.840160
8.868960
2.037600
2.479680
5.326560
1.847520
3.065760
6.215040
9.756000
9.237600
9.030240
10.211040
10.393920
10.272960
10.684800
10.732320
10.836000
10.601280
10.866240
9.073440
10.987200
2.211840
9.524160
4.273920
11.064960
5.976000
12.412800
8.979840
11.023200
4.358880
11.776320
13.167360
11.070720
12.636000
6.912000
13.933440
6.536160
5.158080
3.072960
9.165600
14.613120
14.574240
1.261440
5.073120
14.787360
10.728000
2.098080
11.613600
1.926720
1.396800
1.416960
10.071360
15.796800
15.742080
17.120160
16.293600
6.233760
9.288000
3.369600
15.795360
13.631040
14.358240
13.939200
12.049920
14.940000
16.989120
18.194400
17.295840
3.980160
16.513920
18.057600
18.816480
19.356480
19.549440
18.515520
17.748000
15.418080
16.973280
20.767680
18.021600
19.074240
18.243360
21.054240
21.228480
15.130080
14.806080
3.644640
4.366080
10.334880
7.845120
7.251840
17.038080
21.754080
18.768960
15.876000
21.513600
16.071840
17.212320
17.550720
22.844160
16.081920
19.294560
6.782400
23.271840
22.953600
23.726880
23.754240
17.072640
15.320160
16.970400
24.301440
23.794560
21.725280
21.287520
14.109120
23.664960
23.721120
23.286240
24.190560
24.154560
24.419520
17.084160
16.745760
22.116960
21.663360
14.775840
13.579200
22.788000
18.528480
11.183040
10.632960
18.783360
17.451360
8.583840
22.980960
20.217600
13.606560
21.368160
23.256000
20.728800
23.968800
23.356800
22.363200
23.159520
23.038560
24.845760
20.206080
14.592960
23.739840
22.140000
23.754240
25.084800
24.544800
24.567840
20.738880
20.010240
24.266880
24.389280
22.659840
17.462880
21.900960
24.134400
23.955840
21.719520
24.518880
18.826560
21.464640
23.404320
14.126400
20.989440
20.334240
23.441760
22.485600
19.054080
22.704480
21.987360
24.193440
22.963680
16.427520
20.998080
16.953120
19.323360
17.046720
18.223200
15.899040
18.983520
21.862080
21.604320
21.458880
20.705760
18.695520
21.710880
12.712320
19.961280
21.700800
22.626720
23.166720
22.838400
21.237120
17.438400
10.666080
19.936800
20.887200
20.845440
20.836800
11.682720
19.965600
20.520000
20.548800
16.558560
20.096640
15.259680
18.835200
17.997120
20.783520
18.617760
14.400000
16.839360
15.108480
18.921600
12.764160
12.273120
17.249760
18.313920
18.688320
18.856800
18.879840
18.115200
17.621280
13.960800
18.262080
17.772480
17.346240
15.521760
16.384320
13.952160
5.696640
16.604640
17.189280
16.297920
11.073600
12.843360
13.446720
15.384960
15.203520
15.492960
14.490720
15.156000
14.739840
14.443200
15.048000
14.801760
14.722560
14.502240
14.296320
7.817760
12.022560
13.150080
13.772160
13.844160
13.798080
13.685760
12.677760
11.895840
9.452160
11.646720
11.665440
9.640800
12.487680
11.232000
11.459520
9.103680
4.675680
11.433600
10.408320
3.202560
2.158560
1.510560
6.971040
9.233280
6.382080
5.349600
4.112640
2.135520
3.545280
1.303200
6.204960
8.739360
9.482400
8.932320
8.701920
8.524800
3.424320
1.484640
2.707200
7.175520
5.253120
5.273280
2.141280
0.987840
1.740960
0.446400
6.419520
7.535520
7.562880
7.089120
3.859200
1.981440
4.752000
1.994400
3.221280
2.253600
5.983200
7.152480
6.206400
4.491360
7.274880
7.148160
5.588640
6.756480
5.389920
3.797280
5.011200
2.103840
5.070240
5.211360
6.616800
5.124960
5.441760
4.309920
2.111040
5.772960
7.253280
6.959520
7.256160
7.017120
5.228640
7.221600
6.181920
3.323520
4.242240
6.991200
3.921120
7.106400
6.726240
4.262400
4.978080
5.194080
5.418720
7.554240
7.781760
7.407360
5.649120
1.853280
6.492960
7.655040
0.712800
1.874880
8.285760
3.471840
2.973600
5.218560
4.059360
5.676480
7.771680
8.835840
7.832160
1.114560
6.456960
7.080480
8.909280
6.204960
2.916000
4.644000
9.031680
9.940320
2.390400
10.435680
10.366560
10.200960
7.079040
9.092160
11.213280
11.348640
11.394720
7.058880
11.324160
11.747520
11.809440
12.096000
4.691520
12.657600
12.843360
13.073760
13.472640
12.407040
12.061440
13.163040
13.302720
13.075200
13.501440
13.811040
13.050720
11.954880
6.367680
13.775040
12.604320
14.345280
14.338080
15.446880
15.544800
15.644160
15.729120
16.037280
16.292160
16.634880
16.519680
15.816960
16.067520
12.152160
8.713440
9.383040
14.587200
15.914880
18.080640
18.165600
16.849440
16.774560
17.864640
18.230400
18.522720
17.648640
18.230400
16.832160
11.795040
6.308640
13.276800
12.879360
13.561920
14.142240
20.177280
14.808960
17.321760
7.408800
12.124800
11.534400
15.448320
17.979840
21.525120
15.370560
12.012480
14.230080
12.395520
14.258880
18.489600
21.260160
17.457120
21.196800
9.446400
10.656000
19.344960
11.556000
19.660320
22.428000
18.567360
16.390080
11.404800
20.106720
21.725280
14.476320
22.685760
23.022720
22.887360
20.920320
21.738240
22.985280
24.668640
24.624000
17.673120
19.732320
18.660960
8.868960
12.733920
18.211680
24.635520
24.081120
23.873760
19.549440
23.503680
23.446080
20.211840
23.800320
23.408640
24.160320
20.374560
11.363040
23.215680
24.590880
22.433760
21.574080
21.651840
21.679200
18.694080
16.079040
23.155200
21.185280
22.943520
24.678720
24.183360
23.444640
20.849760
8.595360
23.741280
22.965120
24.655680
23.945760
24.207840
24.600960
20.064960
19.630080
21.353760
23.614560
23.984640
10.595520
24.720480
21.191040
19.231200
14.572800
21.831840
24.505920
23.436000
23.981760
22.485600
22.926240
24.232320
24.004800
16.708320
22.232160
24.356160
24.619680
24.264000
23.287680
22.838400
23.070240
21.556800
23.653440
22.972320
22.099680
18.892800
18.014400
14.034240
21.925440
22.260960
22.515840
22.423680
21.839040
22.512960
20.715840
18.349920
22.603680
21.169440
21.782880
17.972640
20.891520
16.810560
17.137440
20.704320
21.185280
18.902880
20.874240
19.753920
18.810720
11.504160
18.289440
18.537120
17.442720
18.239040
17.902080
18.938880
18.722880
19.041120
13.559040
12.909600
6.711840
17.377920
11.439360
19.909440
18.457920
18.866880
18.491040
16.937280
17.474400
14.699520
10.738080
16.116480
17.419680
16.790400
12.699360
17.832960
18.133920
16.784640
13.328640
7.992000
15.687360
15.104160
15.788160
15.524640
14.587200
15.575040
14.329440
5.048640
5.460480
3.785760
1.290240
13.420800
15.304320
14.166720
14.755680
14.679360
14.436000
13.969440
11.688480
11.383200
13.704480
10.861920
7.905600
5.597280
12.598560
8.987040
10.419840
10.278720
12.713760
10.010880
6.118560
2.003040
4.806720
10.052640
10.543680
10.147680
4.505760
4.567680
5.719680
11.491200
11.436480
3.971520
7.136640
10.535040
9.296640
6.285600
1.876320
9.790560
4.723200
3.638880
7.719840
2.972160
6.693120
3.254400
9.221760
3.349440
1.019520
4.976640
8.526240
1.363680
0.956160
8.508960
8.275680
6.160320
3.257280
7.450560
7.408800
5.009760
2.429280
2.757600
2.553120
6.740640
6.688800
7.791840
5.981760
6.128640
5.009760
7.048800
6.766560
7.110720
5.595840
7.139520
7.022880
4.410720
5.556960
4.845600
1.320480
3.653280
6.281280
3.856320
7.054560
4.105440
4.173120
3.821760
6.179040
7.161120
7.201440
3.022560
6.670080
6.824160
7.184160
7.443360
6.530400
6.436800
3.222720
3.687840
7.480800
7.528320
7.666560
7.711200
7.617600
7.744320
6.922080
4.023360
8.212320
5.123520
4.173120
5.620320
2.423520
3.277440
7.853760
3.474720
1.134720
6.503040
6.196320
3.424320
5.961600
3.186720
9.033120
5.225760
4.377600
9.430560
7.907040
8.615520
9.527040
9.279360
7.384320
10.483200
2.877120
6.160320
7.529760
9.643680
3.709440
8.137440
7.365600
7.272000
7.408800
8.524800
10.117440
9.966240
10.563840
10.758240
7.470720
4.698720
10.726560
6.704640
3.961440
3.068640
11.988000
7.692480
10.844640
13.943520
1.725120
1.810080
13.564800
9.743040
1.683360
1.221120
9.983520
9.156960
10.938240
9.141120
13.695840
10.877760
9.135360
2.291040
16.079040
14.339520
7.784640
5.522400
15.874560
16.954560
15.688800
15.600960
16.323840
8.794080
15.418080
11.592000
6.223680
10.661760
13.240800
9.112320
11.787840
17.225280
10.247040
17.114400
17.523360
8.925120
6.660000
14.630400
15.888960
14.764320
17.193600
16.781760
13.547520
19.186560
20.649600
20.674080
17.586720
18.151200
20.590560
20.894400
11.851200
21.939840
22.178880
20.111040
21.467520
22.187520
1.490400
4.880160
10.463040
2.177280
2.361600
13.404960
17.953920
12.036960
16.444800
22.687200
21.231360
22.695840
20.432160
11.118240
17.481600
23.659200
23.286240
24.173280
23.747040
8.668800
3.107520
22.049280
18.983520
13.016160
15.732000
12.847680
19.742400
14.633280
11.988000
25.584480
25.545600
21.705120
14.713920
12.800160
19.645920
17.961120
12.114720
22.204800
24.115680
24.975360
24.513120
18.671040
16.777440
17.827200
14.996160
11.920320
19.393920
23.598720
24.413760
19.162080
23.672160
23.503680
24.223680
15.564960
1.722240
15.240960
18.691200
9.973440
25.308000
22.194720
25.342560
25.545600
24.505920
23.477760
22.910400
24.896160
24.615360
22.942080
21.201120
22.515840
23.257440
23.539680
24.514560
24.082560
23.667840
21.926880
18.391680
22.093920
21.795840
16.691040
17.285760
22.644000
17.125920
19.601280
17.370720
18.574560
20.590560
22.439520
22.766400
16.801920
22.085280
22.834080
21.970080
20.224800
18.050400
23.970240
23.266080
23.335200
23.171040
20.626560
11.234880
21.844800
17.843040
20.185920
7.027200
20.165760
22.613760
22.695840
22.317120
15.307200
17.933760
21.359520
20.275200
16.161120
20.056320
18.063360
20.059200
16.525440
20.970720
15.562080
19.036800
16.562880
18.701280
12.286080
13.669920
3.718080
12.085920
10.006560
19.393920
19.343520
12.120480
19.270080
17.484480
19.049760
13.128480
4.226400
8.628480
18.889920
17.154720
12.602880
18.534240
17.294400
16.220160
17.769600
17.789760
16.876800
17.460000
16.375680
13.816800
16.744320
16.660800
16.272000
15.422400
15.327360
15.724800
13.422240
10.604160
10.840320
9.563040
12.801600
14.199840
4.413600
7.125120
14.843520
11.727360
14.520960
14.208480
13.704480
13.728960
7.200000
12.676320
12.432960
10.804320
7.688160
12.339360
11.403360
4.934880
5.106240
9.685440
9.760320
1.978560
11.090880
10.075680
8.923680
10.520640
10.916640
10.838880
6.197760
10.772640
10.938240
10.434240
7.997760
7.503840
4.095360
5.781600
9.869760
9.586080
8.052480
7.119360
4.983840
7.136640
7.066080
7.312320
8.860320
8.051040
0.116640
5.675040
0.959040
2.920320
5.569920
5.508000
6.037920
6.861600
6.397920
7.992000
8.202240
8.232480
8.019360
7.901280
2.193120
6.330240
3.330720
6.075360
7.794720
1.906560
7.659360
7.696800
7.529760
7.414560
7.490880
3.932640
3.303360
3.178080
3.689280
7.277760
7.604640
2.682720
6.649920
1.514880
5.065920
7.097760
7.243200
5.395680
2.211840
1.817280
3.516480
4.963680
5.322240
7.361280
6.543360
5.709600
5.698080
3.944160
3.611520
3.913920
3.196800
6.651360
7.244640
6.943680
6.959520
5.870880
1.558080
6.811200
0.861120
2.681280
4.034880
1.198080
8.362080
3.602880
6.078240
6.909120
5.567040
1.595520
5.077440
5.834880
5.902560
6.978240
6.311520
7.043040
3.722400
9.571680
8.408160
4.452480
10.274400
4.998240
9.063360
7.056000
10.556640
10.100160
5.821920
2.568960
4.584960
3.824640
10.732320
9.528480
10.455840
-99.000000
-99.000000
10.562400
5.649120
6.755040
10.653120
7.207200
13.075200
13.318560
13.017600
9.312480
10.137600
5.384160
3.509280
6.210720
10.764000
8.477280
12.792960
7.464960
14.171040
15.644160
15.639840
15.619680
15.749280
13.152960
14.346720
9.532800
13.613760
15.924960
16.519680
16.855200
15.455520
10.766880
14.077440
11.664000
7.122240
16.691040
13.741920
8.320320
10.186560
15.454080
7.404480
0.838080
3.202560
16.223040
12.909600
6.772320
1.542240
13.809600
16.976160
19.650240
19.032480
19.771200
16.742880
19.153440
13.188960
14.199840
20.175840
19.143360
14.434560
20.609280
20.851200
21.997440
19.874880
13.262400
8.655840
18.676800
18.825120
17.344800
20.528640
13.500000
22.275360
19.438560
22.678560
15.569280
21.342240
20.759040
21.744000
23.713920
22.756320
15.765120
16.695360
18.351360
20.695680
21.096000
17.295840
18.239040
22.026240
24.351840
24.423840
24.403680
23.320800
14.518080
18.835200
13.525920
18.168480
13.584960
15.664320
9.915840
14.538240
14.846400
13.047840
11.648160
21.408480
13.835520
20.378880
20.705760
22.932000
24.253920
19.912320
22.913280
19.571040
22.497120
24.482880
16.293600
22.150080
23.944320
16.476480
23.038560
8.436960
22.956480
16.823520
19.379520
22.082400
20.223360
22.893120
23.627520
18.709920
17.776800
5.240160
11.969280
20.138400
18.551520
21.546720
23.702400
23.394240
16.175520
10.212480
11.867040
22.013280
23.292000
13.148640
16.551360
23.908320
23.389920
22.605120
24.913440
22.232160
23.038560
23.744160
23.351040
23.031360
22.334400
20.985120
20.305440
20.661120
24.154560
24.203520
23.506560
18.444960
20.607840
22.157280
22.495680
17.048160
22.177440
23.250240
22.965120
13.271040
7.032960
21.287520
19.084320
16.236000
21.885120
20.714400
18.252000
14.204160
20.869920
21.192480
17.696160
21.620160
20.116800
21.690720
20.388960
21.602880
14.021280
16.827840
15.225120
16.299360
14.338080
21.221280
20.113920
20.319840
20.540160
20.507040
19.440000
10.971360
17.088480
17.163360
19.956960
19.785600
18.613440
17.599680
14.520960
15.096960
15.168960
9.450720
13.750560
15.693120
18.185760
17.987040
17.159040
12.310560
15.351840
13.618080
13.776480
14.294880
13.075200
12.610080
10.670400
1.588320
7.678080
12.104640
15.431040
16.053120
15.084000
2.265120
8.490240
7.325280
10.497600
13.080960
13.963680
14.467680
9.662400
12.996000
11.508480
14.316480
13.016160
10.012320
12.198240
11.128320
8.256960
4.301280
9.540000
11.041920
11.714400
12.765600
10.693440
11.911680
11.158560
9.188640
12.556800
11.687040
10.559520
11.188800
11.208960
9.583200
9.954720
8.413920
7.836480
10.342080
9.767520
6.894720
4.821120
4.921920
6.850080
8.421120
6.143040
3.801600
9.722880
2.279520
7.112160
9.164160
3.961440
8.681760
7.894080
7.964640
8.765280
8.461440
8.886240
4.953600
1.936800
6.468480
3.304800
5.800320
5.716800
5.016960
1.530720
1.283040
0.777600
2.568960
2.240640
5.580000
1.213920
5.829120
5.307840
5.751360
2.237760
7.215840
3.306240
6.111360
7.405920
5.336640
3.166560
0.650880
1.234080
3.085920
6.105600
4.230720
1.578240
7.273440
7.453440
3.846240
5.136480
3.271680
4.079520
5.604480
6.556320
7.588800
7.495200
7.754400
7.704000
7.701120
7.477920
6.170400
7.646400
6.714720
4.260960
5.292000
7.945920
7.876800
4.489920
8.261280
7.464960
7.519680
7.855200
3.912480
7.097760
5.794560
0.842400
5.482080
5.041440
1.837440
8.530560
6.340320
9.097920
7.549920
4.324320
3.810240
6.927840
1.228320
8.841600
8.506080
3.885120
8.856000
3.255840
9.964800
7.097760
7.436160
4.610880
10.846080
11.355840
4.376160
3.015360
9.393120
5.781600
4.466880
6.873120
4.492800
10.853280
12.067200
12.467520
9.069120
10.304640
9.780480
11.306880
10.228320
4.363200
13.628160
9.108000
11.135520
13.147200
9.040320
11.335680
15.366240
15.356160
15.140160
13.481280
12.191040
15.354720
15.004800
15.183360
7.571520
7.084800
7.701120
14.306400
15.904800
1.848960
5.541120
6.804000
2.746080
3.565440
1.994400
1.995840
8.830080
13.278240
16.937280
17.321760
15.622560
16.081920
19.562400
16.434720
19.552320
18.142560
16.980480
16.650720
19.598400
19.450080
19.612800
19.465920
16.364160
13.734720
13.727520
19.749600
19.526400
5.212800
8.638560
17.320320
16.629120
17.614080
21.899520
19.692000
10.650240
19.634400
14.873760
14.454720
13.512960
18.018720
20.587680
17.477280
21.611520
14.214240
19.922400
20.054880
7.613280
15.328800
23.179680
22.756320
23.184000
23.189760
22.989600
22.191840
23.728320
17.170560
17.202240
23.129280
24.156000
24.320160
23.459040
5.061600
18.116640
23.575680
24.805440
23.552640
20.416320
22.731840
24.952320
24.936480
24.348960
19.360800
20.134080
22.345920
21.035520
23.726880
22.561920
25.022880
25.202880
24.994080
25.246080
22.759200
17.399520
10.527840
9.957600
20.501280
12.850560
14.820480
14.676480
12.571200
21.782880
25.250400
25.145280
25.205760
25.299360
18.342720
19.738080
24.528960
24.475680
24.814080
24.173280
24.727680
23.646240
23.842080
20.900160
12.345120
22.632480
21.457440
22.766400
23.525280
19.128960
24.016320
24.552000
24.023520
23.299200
23.518080
24.410880
22.881600
21.991680
19.219680
17.101440
18.649440
23.484960
22.992480
15.124320
22.271040
23.857920
20.122560
23.460480
22.608000
23.038560
22.861440
21.091680
5.672160
8.501760
20.226240
22.828320
19.167840
21.336480
21.949920
20.426400
18.738720
4.099680
22.580640
22.796640
20.880000
18.879840
21.876480
18.597600
16.100640
20.774880
14.819040
10.869120
11.521440
21.153600
16.028640
14.071680
17.514720
20.459520
19.556640
18.727200
18.698400
20.079360
19.872000
18.861120
14.205600
16.215840
10.745280
3.718080
2.776320
18.535680
16.392960
12.202560
9.915840
18.038880
14.117760
16.845120
9.826560
13.888800
11.792160
14.752800
12.987360
18.243360
17.413920
17.592480
17.792640
17.523360
16.888320
11.090880
14.387040
15.829920
14.764320
12.749760
13.540320
12.435840
9.404640
14.227200
13.249440
3.271680
7.751520
4.788000
11.351520
13.691520
13.201920
14.296320
12.764160
10.356480
7.827840
5.084640
13.497120
13.998240
12.889440
11.121120
11.249280
2.676960
1.704960
12.216960
9.872640
11.064960
3.852000
5.947200
9.420480
8.195040
8.271360
10.320480
11.014560
8.611200
1.470240
0.934560
4.762080
9.826560
9.322560
9.914400
9.218880
9.131040
8.496000
9.760320
5.461920
2.188800
7.597440
7.375680
9.442080
8.641440
9.231840
8.310240
8.228160
7.430400
6.184800
4.929120
8.877600
6.948000
5.293440
7.004160
5.749920
4.412160
8.140320
8.308800
8.195040
7.264800
7.581600
7.464960
5.290560
5.076000
5.797440
6.004800
4.858560
3.106080
2.132640
2.112480
2.715840
3.996000
5.781600
7.136640
5.525280
6.543360
7.071840
6.868800
6.819840
6.960960
2.515680
5.873760
6.245280
3.424320
5.600160
5.950080
4.678560
7.384320
4.083840
5.191200
4.681440
2.636640
1.765440
5.292000
7.024320
6.311520
7.201440
4.439520
4.995360
4.829760
7.853760
7.725600
4.661280
4.672800
8.321760
6.782400
6.210720
6.131520
8.400960
8.532000
3.443040
5.595840
8.668800
5.012640
2.119680
5.793120
7.922880
3.738240
9.156960
5.467680
8.360640
8.843040
5.467680
10.326240
9.930240
8.683200
9.492480
10.874880
5.238720
3.418560
4.026240
3.839040
7.740000
7.526880
8.539200
12.381120
12.738240
3.761280
12.209760
13.079520
11.777760
9.315360
11.897280
11.335680
7.672320
7.138080
2.119680
6.125760
5.605920
12.902400
13.260960
14.240160
13.101120
11.708640
11.515680
5.299200
13.340160
5.364000
9.792000
12.828960
15.916320
15.507360
2.687040
3.552480
4.658400
13.114080
10.827360
2.484000
13.354560
13.799520
6.576480
15.240960
18.207360
10.589760
16.223040
15.356160
9.329760
14.855040
17.717760
13.034880
8.966880
19.255680
17.127360
6.229440
2.050560
14.379840
13.191840
18.324000
20.427840
18.984960
17.861760
15.524640
18.519840
21.098880
20.557440
17.153280
17.606880
20.760480
16.272000
7.620480
12.970080
7.607520
15.929280
18.979200
22.857120
22.619520
15.896160
5.040000
19.988640
16.996320
23.133600
23.918400
23.847840
23.150880
19.818720
13.413600
15.415200
2.489760
7.476480
6.276960
15.861600
13.109760
19.301760
15.148800
18.368640
24.187680
21.823200
20.583360
22.960800
23.199840
24.210720
15.850080
19.779840
22.353120
18.249120
17.372160
22.376160
21.934080
24.164640
19.092960
19.352160
25.836480
25.391520
17.438400
10.768320
22.727520
14.002560
22.969440
23.820480
22.721760
20.165760
18.797760
19.169280
24.121440
23.227200
14.299200
21.965760
17.940960
21.192480
25.084800
25.483680
24.445440
25.297920
25.464960
24.315840
23.846400
19.700640
24.409440
22.370400
14.908320
21.306240
19.376640
24.276960
24.654240
22.148640
22.078080
20.753280
18.610560
21.591360
23.919840
22.973760
17.655840
23.312160
24.292800
25.158240
25.104960
24.770880
24.639840
24.340320
23.700960
11.472480
19.569600
21.375360
22.584960
24.022080
23.866560
23.702400
21.538080
22.547520
19.103040
19.758240
22.347360
23.162400
22.548960
21.169440
21.130560
22.747680
23.109120
23.027040
22.682880
20.990880
14.872320
22.707360
22.214880
22.121280
22.338720
21.434400
11.607840
17.943840
19.700640
20.105280
17.425440
21.111840
21.166560
20.885760
21.300480
21.134880
21.048480
17.081280
17.376480
19.116000
16.885440
14.647680
18.577440
17.781120
17.520480
17.137440
18.695520
19.209600
18.139680
5.788800
15.183360
16.133760
17.821440
16.989120
14.329440
11.913120
11.043360
11.436480
7.276320
16.970400
16.142400
8.733600
16.865280
14.690880
6.649920
16.104960
14.578560
12.657600
15.876000
14.519520
15.531840
15.556320
13.476960
13.404960
14.654880
14.588640
10.389600
6.857280
13.003200
14.159520
12.839040
12.844800
14.284800
3.011040
5.823360
5.996160
12.241440
10.630080
5.339520
8.762400
9.535680
5.083200
10.791360
5.362560
10.625760
7.102080
4.448160
4.361760
11.344320
11.276640
11.600640
11.508480
9.836640
6.806880
10.248480
9.990720
2.845440
3.672000
8.969760
8.395200
8.326080
8.930880
9.344160
9.133920
8.141760
1.473120
7.701120
9.138240
9.028800
8.867520
6.785280
8.301600
4.376160
1.643040
1.334880
0.469440
6.279840
7.542720
1.080000
2.571840
1.140480
3.888000
2.296800
7.786080
6.315840
2.933280
2.041920
2.731680
5.829120
3.114720
2.792160
7.416000
6.924960
6.301440
6.916320
3.791520
7.080480
3.008160
1.042560
2.723040
5.358240
0.943200
2.484000
5.486400
5.353920
2.475360
3.156480
5.973120
6.923520
5.832000
4.367520
6.969600
1.984320
1.751040
2.210400
2.062080
7.018560
7.545600
7.879680
7.918560
8.052480
7.777440
7.908480
3.591360
3.545280
6.825600
8.148960
7.500960
7.332480
5.558400
8.559360
8.788320
2.373120
0.711360
1.697760
1.490400
3.386880
6.697440
9.417600
8.961120
4.070880
6.071040
6.851520
3.998880
8.900640
8.858880
3.114720
7.274880
5.523840
5.722560
6.318720
3.555360
9.128160
10.569600
7.292160
2.008800
3.218400
3.425760
11.357280
10.889280
9.541440
11.761920
11.774880
4.154400
10.712160
12.765600
10.833120
5.555520
4.898880
13.757760
13.318560
13.088160
0.069120
-99.000000
9.794880
8.740800
14.843520
11.364480
12.224160
14.676480
13.705920
15.508800
15.960960
15.490080
14.585760
4.043520
13.099680
15.841440
16.688160
16.892640
16.810560
16.953120
16.716960
14.303520
7.935840
13.884480
4.122720
9.766080
15.840000
9.162720
18.119520
18.224640
18.381600
11.990880
16.058880
15.899040
19.588320
17.140320
9.064800
19.490400
19.877760
20.502720
20.527200
20.288160
20.462400
20.911680
20.341440
18.342720
15.147360
21.172320
20.495520
20.964960
10.334880
19.058400
22.312800
22.137120
21.231360
21.712320
14.459040
7.577280
9.385920
21.925440
12.522240
16.191360
21.490560
13.160160
14.732640
20.868480
19.188000
23.976000
23.670720
23.888160
19.092960
14.196960
14.983200
17.925120
16.620480
21.836160
22.284000
23.185440
19.625760
8.488800
24.753600
24.671520
17.330400
23.420160
23.942880
24.560640
24.897600
21.342240
23.976000
23.296320
21.716640
20.966400
21.800160
23.512320
14.908320
9.064800
3.071520
12.530880
24.564960
25.090560
24.739200
22.351680
23.987520
24.510240
24.706080
25.211520
24.536160
17.439840
23.263200
25.536960
24.821280
24.367680
20.949120
24.714720
23.758560
22.648320
22.652640
18.614880
16.708320
19.954080
19.923840
20.541600
23.738400
20.396160
25.076160
25.064640
25.176960
24.769440
14.428800
10.327680
13.478400
22.628160
18.662400
23.597280
24.423840
23.647680
22.000320
22.834080
24.003360
21.143520
18.987840
18.920160
19.585440
11.043360
21.258720
12.860640
23.765760
23.227200
23.061600
23.634720
22.409280
20.275200
20.090880
22.030560
8.320320
14.186880
22.147200
22.105440
18.463680
16.581600
21.353760
22.577760
10.154880
19.503360
20.610720
22.109760
21.844800
21.978720
13.648320
17.845920
21.032640
19.552320
19.110240
19.938240
20.905920
20.838240
13.919040
17.903520
16.063200
13.540320
10.435680
15.210720
5.264640
15.845760
16.058880
18.023040
19.994400
13.662720
18.331200
17.287200
18.135360
18.089280
17.589600
4.078080
14.608800
18.311040
13.076640
17.965440
17.661600
2.731680
17.500320
16.820640
16.512480
17.318880
17.088480
15.072480
6.672960
14.935680
15.829920
13.741920
12.191040
12.771360
15.354720
15.327360
6.840000
8.038080
10.473120
13.766400
14.486400
14.464800
14.572800
14.374080
14.585760
14.395680
14.356800
13.451040
12.899520
12.584160
12.931200
12.614400
13.088160
12.509280
3.415680
4.534560
12.359520
11.580480
12.149280
12.206880
11.468160
11.819520
11.695680
11.260800
10.389600
11.424960
4.381920
10.818720
10.013760
6.757920
8.259840
5.163840
7.968960
7.669440
10.203840
7.804800
5.329440
8.616960
6.130080
8.925120
9.097920
9.460800
8.593920
9.152640
9.059040
8.938080
8.904960
8.863200
8.746560
8.652960
7.106400
6.478560
4.471200
7.084800
8.084160
8.029440
7.001280
8.120160
3.836160
7.525440
8.120160
3.512160
7.758720
7.676640
5.824800
4.165920
7.093440
3.250080
2.232000
5.708160
5.090400
3.444480
4.328640
5.940000
6.973920
2.890080
7.279200
5.853600
6.035040
6.102720
5.392800
7.292160
6.978240
4.275360
4.053600
3.612960
3.957120
6.145920
4.498560
7.356960
5.623200
4.507200
7.538400
7.722720
3.895200
4.082400
5.289120
6.981120
7.342560
5.680800
2.273760
4.991040
2.616480
4.262400
8.222400
8.267040
8.566560
6.458400
8.111520
5.513760
9.060480
6.596640
8.265600
7.054560
1.059840
5.516640
4.114080
9.421920
9.578880
9.704160
1.869120
6.143040
8.379360
2.229120
2.399040
0.393120
5.882400
3.414240
9.787680
10.707840
5.307840
8.835840
5.159520
4.271040
11.543040
6.298560
5.297760
10.383840
3.214080
5.643360
9.244800
10.038240
13.138560
12.952800
13.265280
14.002560
1.468800
4.916160
7.571520
7.212960
12.797280
6.480000
10.193760
10.637280
14.673600
7.410240
13.674240
10.232640
11.168640
10.176480
8.055360
9.290880
12.130560
13.721760
6.478560
13.135680
9.108000
11.188800
15.029280
15.500160
15.500160
7.466400
7.804800
5.531040
14.188320
18.910080
13.654080
11.612160
15.619680
17.874720
10.686240
11.625120
15.166080
18.532800
11.481120
1.301760
9.751680
13.248000
8.061120
6.940800
6.330240
6.085440
4.834080
18.293760
1.280160
21.117600
21.245760
17.076960
20.979360
18.067680
14.050080
15.851520
19.975680
20.407680
21.326400
15.704640
21.193920
13.923360
14.123520
14.627520
21.542400
19.166400
13.704480
17.883360
11.013120
10.586880
12.379680
20.839680
17.858880
22.668480
10.805760
24.330240
21.081600
22.080960
23.456160
19.804320
18.155520
17.730720
9.737280
19.709280
17.514720
17.880480
23.156640
17.095680
10.349280
9.823680
4.844160
20.751840
8.429760
17.458560
24.229440
23.064480
9.698400
19.234080
14.944320
13.210560
17.775360
12.153600
18.568800
9.427680
21.882240
14.734080
13.541760
24.141600
25.174080
25.243200
24.642720
24.973920
25.102080
25.562880
14.297760
24.428160
23.584320
24.222240
25.027200
24.449760
17.431200
11.010240
22.818240
23.813280
24.069600
21.225600
22.017600
24.858720
13.442400
22.883040
22.134240
21.771360
17.952480
23.038560
16.642080
22.390560
21.241440
23.148000
23.361120
17.723520
24.570720
21.140640
23.826240
18.851040
18.434880
16.117920
23.592960
21.922560
18.933120
20.063520
22.278240
22.392000
23.248800
23.008320
21.994560
22.563360
22.514400
22.593600
22.030560
21.098880
18.620640
16.580160
18.328320
10.640160
12.669120
16.845120
13.203360
18.411840
21.025440
21.775680
11.468160
17.252640
21.528000
20.848320
20.916000
17.611200
16.155360
19.766880
20.201760
19.952640
19.848960
19.869120
12.875040
16.629120
18.404640
14.244480
19.729440
18.234720
10.915200
16.558560
10.167840
12.689280
17.222400
13.534560
12.085920
11.515680
13.200480
11.698560
16.320960
15.878880
6.439680
16.011360
16.526880
14.348160
15.876000
16.018560
15.940800
16.028640
16.665120
16.440480
11.315520
12.968640
16.117920
16.076160
15.163200
15.406560
15.033600
14.054400
15.127200
14.911200
14.600160
13.969440
11.325600
7.951680
11.855520
13.680000
9.783360
13.226400
12.290400
4.656960
9.531360
6.878880
11.501280
2.396160
1.740960
3.373920
11.220480
11.972160
12.077280
12.104640
12.055680
9.044640
3.473280
4.307040
5.863680
6.261120
3.381120
5.319360
5.199840
10.615680
10.643040
2.812320
4.883040
8.390880
4.836960
4.500000
7.866720
7.316640
6.423840
2.566080
3.768480
0.875520
4.452480
3.824640
0.718560
1.964160
4.298400
5.970240
3.656160
2.119680
8.316000
3.863520
4.371840
6.827040
7.758720
5.532480
4.662720
4.386240
7.060320
5.533920
7.077600
7.342560
7.646400
7.827840
6.344640
6.933600
5.639040
6.812640
6.592320
0.969120
1.745280
3.775680
2.810880
4.622400
4.929120
6.930720
6.409440
6.490080
7.015680
6.818400
7.221600
5.780160
2.661120
1.670400
1.386720
7.175520
7.721280
7.668000
7.686720
7.686720
7.860960
7.928640
7.640640
8.019360
7.689600
7.758720
4.252320
8.107200
8.078400
5.624640
4.898880
7.068960
8.465760
8.134560
2.515680
5.958720
7.594560
2.102400
4.487040
3.192480
2.669760
8.534880
7.005600
9.247680
5.846400
4.462560
3.735360
9.326880
5.896800
6.645600
6.802560
10.526400
10.638720
6.312960
10.620000
10.146240
10.679040
10.271520
6.268320
9.180000
11.715840
11.835360
12.214080
11.852640
12.693600
12.474720
10.935360
11.305440
12.535200
12.555360
13.184640
13.304160
12.996000
13.412160
13.599360
14.168160
13.196160
14.450400
12.700800
14.014080
10.876320
11.936160
7.031520
14.500800
11.702880
15.003360
15.442560
15.793920
15.451200
14.470560
13.626720
16.606080
16.850880
16.549920
16.074720
11.476800
16.299360
16.335360
15.926400
17.277120
17.596800
17.652960
18.529920
18.603360
18.267840
18.279360
18.149760
2.808000
8.805600
11.270880
4.921920
19.985760
9.446400
13.109760
15.612480
10.520640
10.886400
13.664160
15.791040
16.008480
21.479040
18.126720
16.683840
16.748640
18.607680
11.531520
14.172480
5.378400
2.282400
2.082240
12.440160
14.905440
11.989440
20.841120
22.547520
22.888800
22.332960
22.980960
21.919680
16.009920
7.680960
19.968480
24.458400
24.117120
22.093920
13.114080
22.091040
13.003200
19.126080
24.386400
23.525280
24.524640
23.614560
23.548320
5.502240
19.441440
17.000640
24.871680
22.898880
24.822720
19.681920
2.928960
-99.000000
0.227520
20.532960
23.506560
23.067360
25.139520
24.995520
25.074720
25.076160
19.697760
24.065280
15.014880
22.744800
24.903360
23.306400
15.736320
24.180480
8.804160
24.069600
20.386080
19.218240
25.440480
22.910400
24.608160
24.881760
24.791040
21.457440
13.000320
23.739840
24.478560
23.142240
23.997600
23.745600
23.977440
25.529760
25.369920
25.197120
24.292800
22.890240
24.716160
22.976640
24.060960
20.338560
17.680320
10.352160
21.689280
24.714720
24.444000
23.728320
18.666720
12.392640
24.474240
23.474880
21.725280
23.404320
22.446720
22.949280
22.312800
22.615200
22.943520
22.910400
21.536640
10.342080
17.663040
24.091200
23.418720
23.037120
21.339360
22.464000
22.639680
21.516480
20.347200
21.602880
20.845440
15.125760
22.180320
22.115520
22.043520
15.194880
20.990880
20.522880
22.102560
20.255040
20.926080
20.517120
16.237440
13.265280
4.436640
13.939200
20.992320
20.688480
20.695680
20.472480
14.839200
5.847840
19.736640
17.449920
19.434240
17.763840
14.993280
18.786240
19.789920
19.585440
18.182880
19.415520
17.687520
19.078560
17.994240
9.059040
4.949280
16.763040
8.208000
12.054240
13.523040
13.075200
15.717600
12.461760
13.524480
12.224160
10.032480
12.997440
14.519520
16.555680
13.993920
16.001280
15.726240
15.472800
15.827040
15.334560
14.281920
14.194080
14.405760
15.017760
14.754240
12.955680
13.911840
14.258880
11.964960
8.347680
12.983040
10.520640
13.003200
5.883840
13.705920
12.029760
10.100160
8.411040
12.078720
2.537280
9.288000
0.426240
8.278560
7.636320
11.603520
11.721600
10.883520
3.051360
9.030240
10.350720
5.954400
4.717440
8.280000
8.997120
8.844480
7.277760
8.917920
5.271840
7.322400
8.454240
6.881760
5.986080
7.686720
2.344320
3.637440
5.392800
7.979040
5.515200
2.652480
4.681440
6.569280
7.361280
3.183840
3.009600
7.581600
6.828480
7.637760
6.596640
5.431680
3.392640
7.699680
5.885280
3.363840
3.790080
0.512640
0.704160
5.323680
7.259040
7.367040
7.092000
5.584320
4.174560
4.036320
2.674080
4.366080
7.155360
3.754080
4.305600
5.911200
4.116960
3.048480
4.222080
4.665600
6.105600
4.036320
7.267680
3.039840
7.274880
7.306560
4.383360
1.797120
2.033280
2.635200
2.672640
4.618080
2.963520
7.604640
8.419680
7.891200
6.636960
7.752960
2.547360
8.019360
8.264160
6.681600
8.206560
6.438240
7.966080
7.332480
6.552000
0.816480
0.230400
0.136800
1.630080
8.343360
8.112960
5.440320
3.192480
7.359840
5.492160
4.389120
9.017280
8.462880
6.301440
9.741600
9.041760
6.461280
10.510560
10.693440
8.167680
8.637120
10.044000
10.897920
8.896320
6.284160
10.077120
10.540800
11.662560
12.022560
11.191680
9.100800
12.409920
12.191040
12.801600
12.918240
13.269600
13.540320
8.563680
13.620960
12.749760
11.437920
8.356320
10.632960
6.390720
7.526880
9.181440
8.206560
10.209600
9.267840
14.745600
14.842080
11.584800
15.259680
13.898880
8.720640
16.418880
14.945760
2.954880
2.059200
10.468800
12.918240
9.411840
15.608160
2.966400
2.485440
6.478560
8.186400
5.868000
15.315840
12.771360
18.308160
5.176800
0.938880
0.941760
4.494240
18.051840
19.775520
16.130880
16.414560
9.941760
14.702400
19.837440
11.920320
12.880800
16.263360
7.686720
17.163360
2.370240
20.750400
10.893600
14.916960
7.806240
6.685920
6.135840
7.781760
13.455360
20.865600
21.049920
16.001280
9.525600
17.532000
22.085280
18.466560
21.530880
21.723840
22.374720
20.956320
15.275520
23.126400
18.950400
19.599840
18.987840
4.560480
18.499680
10.411200
15.413760
4.047840
12.502080
7.987680
22.245120
24.531840
24.469920
24.500160
22.811040
24.295680
22.314240
19.218240
11.224800
23.400000
22.949280
24.955200
24.531840
24.507360
20.512800
20.613600
17.377920
18.046080
12.052800
24.442560
21.595680
15.999840
20.759040
22.240800
20.484000
16.179840
20.429280
23.029920
18.617760
23.263200
12.850560
18.469440
18.423360
21.396960
20.135520
25.299360
25.284960
24.246720
17.488800
23.220000
23.136480
24.660000
23.109120
24.307200
23.526720
24.012000
18.424800
24.756480
25.979040
25.086240
24.701760
25.632000
18.747360
15.795360
23.739840
23.744160
13.387680
22.789440
21.591360
23.643360
24.207840
24.639840
24.433920
23.954400
22.433760
22.343040
13.662720
23.603040
21.150720
22.726080
22.656960
21.795840
20.989440
22.222080
21.175200
21.011040
21.810240
22.393440
22.474080
22.919040
22.714560
22.451040
20.092320
18.168480
16.054560
11.358720
6.815520
15.732000
19.483200
16.104960
15.528960
21.648960
19.320480
18.563040
21.054240
21.149280
20.021760
20.664000
18.786240
20.206080
19.925280
19.582560
19.365120
12.116160
16.282080
19.673280
20.462400
12.556800
19.720800
19.607040
19.317600
18.912960
18.046080
16.420320
17.588160
8.933760
16.117920
17.439840
17.317440
17.612640
15.468480
12.810240
15.115680
7.704000
6.072480
13.294080
11.645280
12.784320
13.592160
11.162880
7.774560
13.377600
14.212800
14.952960
15.536160
12.893760
13.999680
13.423680
3.585600
13.646880
9.106560
14.300640
12.938400
10.395360
13.370400
12.915360
11.252160
11.207520
9.708480
11.538720
11.046240
10.366560
11.966400
12.513600
11.355840
12.185280
4.750560
9.027360
1.887840
9.302400
11.148480
8.929440
10.663200
8.808480
8.570880
10.398240
10.654560
10.572480
10.357920
10.078560
2.007360
1.530720
1.091520
0.727200
4.531680
8.658720
7.800480
8.004960
9.401760
6.598080
6.215040
5.109120
7.812000
6.554880
8.822880
8.627040
6.700320
8.000640
8.743680
8.611200
8.318880
7.473600
7.439040
2.295360
1.499040
1.278720
6.501600
7.427520
6.202080
7.092000
6.065280
6.052320
7.260480
5.770080
3.915360
4.566240
6.739200
5.326560
2.701440
4.199040
6.549120
2.459520
4.368960
7.112160
6.953760
6.816960
5.361120
6.215040
5.395680
6.943680
4.962240
2.619360
7.512480
7.359840
4.577760
7.034400
5.752800
5.955840
6.317280
2.599200
2.887200
4.671360
6.442560
3.958560
6.857280
1.758240
1.128960
0.406080
2.217600
6.081120
4.404960
3.373920
7.197120
4.654080
7.688160
8.341920
7.871040
8.700480
2.135520
6.206400
3.905280
6.625440
8.830080
2.102400
9.017280
3.451680
8.844480
8.205120
7.680960
7.911360
7.284960
9.563040
6.757920
7.695360
8.455680
6.517440
9.864000
4.178880
3.978720
8.249760
10.336320
4.093920
6.655680
6.403680
11.325600
11.204640
9.449280
11.283840
12.134880
11.796480
1.232640
1.798560
10.556640
12.732480
12.310560
9.853920
9.570240
4.698720
1.356480
1.121760
6.860160
10.591200
9.210240
8.789760
5.706720
1.713600
8.671680
15.670080
14.472000
10.008000
15.976800
16.133760
