20000101
6.685920
7.256160
7.021440
7.217280
6.056640
7.639200
7.362720
3.833280
3.434400
4.161600
7.200000
7.295040
5.281920
6.716160
4.806720
6.196320
7.236000
8.618400
8.341920
7.902720
8.946720
9.023040
9.277920
9.590400
3.512160
5.122080
7.948800
8.550720
9.041760
8.742240
8.226720
8.537760
8.425440
10.537920
9.704160
9.970560
6.566400
8.785440
6.217920
10.716480
10.504800
9.780480
9.852480
7.174080
10.746720
11.249280
10.447200
10.925280
11.872800
11.989440
12.962880
8.161920
7.686720
11.941920
12.232800
12.323520
12.647520
12.991680
10.441440
5.654880
13.049280
14.692320
14.040000
12.811680
10.565280
7.953120
4.956480
13.386240
12.504960
-99.000000
-99.000000
-99.000000
14.415840
13.338720
15.079680
15.228000
15.075360
15.583680
9.822240
7.878240
12.065760
11.273760
5.440320
11.977920
9.875520
13.129920
12.182400
7.452000
18.544320
10.922400
10.215360
16.234560
8.042400
19.176480
17.431200
13.659840
19.846080
19.284480
5.957280
8.033760
3.666240
9.076320
17.160480
17.179200
17.936640
19.758240
4.511520
20.445120
18.612000
19.644480
16.843680
19.395360
17.269920
17.288640
19.591200
20.789280
19.514880
10.167840
10.654560
16.231680
12.188160
19.150560
21.299040
18.910080
14.374080
12.553920
17.858880
13.235040
16.054560
17.350560
4.102560
16.912800
22.557600
22.371840
22.551840
23.279040
22.285440
12.984480
19.870560
9.516960
3.958560
5.054400
13.337280
21.330720
15.157440
19.967040
20.194560
18.545760
15.469920
19.353600
23.335200
21.610080
22.165920
21.696480
22.740480
18.478080
18.879840
23.300640
25.045920
25.035840
18.440640
-99.000000
-99.000000
-99.000000
8.720640
16.384320
24.662880
25.247520
23.955840
25.295040
24.448320
24.346080
21.867840
22.347360
7.889760
20.887200
22.052160
13.438080
22.767840
20.910240
18.167040
16.884000
22.821120
20.093760
22.533120
22.044960
22.747680
20.181600
22.023360
22.730400
17.352000
9.300960
21.130560
24.094080
21.398400
18.491040
20.147040
10.306080
14.721120
16.535520
20.917440
21.231360
21.012480
20.681280
8.172000
20.701440
17.868960
18.446400
21.942720
15.321600
20.220480
16.682400
20.060640
17.210880
17.795520
12.561120
17.059680
17.125920
17.177760
20.756160
20.077920
18.632160
19.805760
15.698880
16.374240
15.435360
18.874080
19.183680
18.925920
18.338400
16.606080
18.388800
16.567200
12.101760
18.538560
14.099040
14.660640
15.284160
12.883680
17.360640
10.536480
15.888960
9.721440
12.317760
16.238880
8.326080
13.608000
15.857280
16.672320
16.175520
11.746080
9.066240
15.560640
15.572160
15.252480
11.306880
13.760640
13.754880
13.723200
12.479040
4.615200
7.297920
8.540640
12.909600
14.820480
14.392800
13.764960
13.135680
10.922400
13.245120
5.993280
9.296640
12.885120
14.317920
10.072800
14.173920
11.453760
12.303360
10.739520
11.116800
12.810240
12.435840
12.792960
7.781760
3.605760
2.916000
1.833120
12.388320
5.971680
5.893920
11.216160
10.752480
8.913600
7.647840
4.128480
2.138400
3.972960
5.054400
6.276960
5.495040
9.142560
9.204480
6.350400
6.285600
7.047360
9.381600
3.287520
9.581760
8.670240
6.104160
9.100800
5.508000
9.120960
8.719200
8.582400
6.708960
6.383520
1.548000
8.631360
3.355200
6.431040
6.174720
4.240800
7.359840
3.830400
7.997760
6.628320
2.499840
6.556320
6.681600
7.516800
6.658560
6.464160
3.542400
5.283360
3.094560
3.934080
6.945120
5.673600
3.895200
4.204800
1.812960
5.500800
-99.000000
-99.000000
-99.000000
-99.000000
5.280480
3.738240
4.677120
-99.000000
-99.000000
-99.000000
-99.000000
0.296640
-99.000000
1.784160
1.902240
0.934560
5.670720
6.168960
4.433760
3.159360
6.910560
1.892160
7.126560
5.480640
5.901120
6.026400
5.944320
3.371040
2.144160
7.106400
7.408800
3.506400
6.517440
0.784800
-99.000000
-99.000000
1.104480
1.625760
4.662720
6.348960
2.754720
7.866720
7.879680
7.848000
5.136480
6.032160
5.761440
8.556480
7.306560
8.494560
5.826240
8.087040
9.387360
9.048960
8.709120
9.380160
9.417600
8.655840
9.509760
6.775200
4.949280
10.133280
10.235520
9.727200
9.852480
9.894240
5.526720
4.119840
5.158080
10.326240
10.527840
10.239840
11.643840
11.597760
11.341440
11.789280
10.464480
6.321600
11.859840
12.935520
7.872480
9.426240
8.665920
3.741120
9.725760
4.809600
10.347840
9.345600
9.453600
13.273920
13.006080
8.321760
13.848480
13.245120
15.606720
15.409440
14.446080
6.657120
14.027040
14.768640
14.908320
12.166560
12.202560
13.681440
14.634720
11.276640
16.781760
14.258880
9.812160
12.029760
12.556800
18.057600
18.028800
17.732160
18.110160
15.703920
17.632800
7.162560
15.310080
18.781920
18.894240
16.022880
17.128800
16.110720
19.082880
12.396960
18.961200
18.758160
15.508800
14.838480
6.294960
19.781280
16.542720
19.870560
17.490240
20.000160
19.077120
21.581280
20.149920
17.917920
21.028320
6.481440
4.608000
17.107200
15.171840
7.768800
12.301200
17.382960
20.711520
17.678160
21.632400
14.382720
5.891040
12.615840
18.524160
21.379680
13.356000
22.331520
21.169440
11.436480
8.426880
20.161440
19.231200
17.367840
14.980320
12.074400
15.233760
21.188160
22.187520
22.343040
22.651200
23.001120
23.083200
21.480480
19.009440
21.188160
21.794400
21.202560
15.723360
15.109920
23.165280
22.197600
17.736480
9.014400
24.192000
21.211200
20.671200
22.848480
16.464240
24.652080
23.316480
22.736160
23.518080
23.592960
23.050080
22.972320
22.096800
21.513600
21.548160
22.052160
18.569520
23.844240
23.719680
22.983840
23.044320
22.511520
18.972000
15.462720
15.012000
15.566400
24.255360
21.087360
14.461920
0.544320
-99.000000
13.265280
18.794880
16.339680
16.490880
11.596320
23.781600
15.815520
6.876000
25.333920
24.541920
24.478560
20.878560
16.873920
22.248000
22.059360
11.201760
15.770880
17.048160
16.221600
15.593760
15.010560
14.276160
13.098240
12.303360
15.503040
15.475680
15.264000
12.172320
13.233600
14.510880
14.497920
10.198080
14.470560
13.816800
10.532160
11.079360
14.004000
12.509280
8.896320
10.929600
14.096160
13.927680
13.314240
13.642560
13.890240
13.311360
14.404320
15.048000
12.954240
9.607680
12.039840
12.104640
14.365440
9.934560
10.069920
13.428000
13.968000
13.616640
13.865760
13.684320
6.526080
4.178880
11.571840
15.167520
12.484800
15.348960
13.557600
12.219840
16.166880
10.503360
6.580800
13.955040
3.568320
9.915120
9.598320
13.638240
13.770720
11.540160
4.212000
6.648480
11.498400
12.854880
10.584000
11.979360
7.868160
5.993280
9.833760
12.078720
8.074080
3.352320
2.793600
6.253920
8.991360
4.271040
10.442880
7.189920
10.736640
6.085440
3.997440
7.457760
8.006400
12.458880
11.273760
11.748960
11.720160
10.870560
8.831520
8.879040
9.059040
6.953760
9.413280
5.675040
8.809920
4.481280
8.870400
8.915040
1.962720
8.756640
8.771040
8.516160
7.361280
7.349760
1.771200
5.234400
7.453440
5.035680
0.548640
1.255680
-99.000000
-99.000000
-99.000000
-99.000000
7.562880
7.568640
8.576640
7.986240
7.572960
5.100480
2.738880
8.087040
7.116480
6.867360
7.397280
3.080160
6.760800
7.241760
7.889760
7.945920
7.610400
7.816320
7.973280
6.622560
7.777440
7.800480
6.920640
0.864000
2.351520
7.427520
4.632480
2.700000
7.732800
7.905600
4.602240
7.032960
3.538080
7.551360
7.516800
6.148800
6.680160
6.884640
6.647040
1.121760
0.535680
1.473120
0.948960
2.162880
0.924480
1.359360
7.372800
6.510240
3.061440
6.527520
3.928320
7.819200
8.176320
3.817440
7.911360
6.164640
8.170560
8.177760
6.806880
6.150240
8.176320
8.496000
4.960800
6.475680
8.752320
9.004320
9.298080
8.863200
9.612000
9.030240
7.535520
8.012160
9.714240
9.302400
7.604640
9.878400
8.467200
10.699200
11.118240
10.437120
10.370880
10.638720
10.640160
10.555200
10.445760
9.904320
9.783360
1.558080
6.236640
12.237120
12.394080
8.409600
13.255200
12.738240
12.648960
13.089600
13.128480
6.959520
12.877920
6.785280
4.697280
4.589280
11.560320
8.028000
1.356480
6.454080
9.260640
14.688000
13.049280
14.983200
12.438720
6.582240
12.303360
15.818400
15.668640
9.963360
6.649920
12.434400
16.202880
16.597440
15.769440
15.984000
14.607360
9.960480
7.390080
10.242720
9.709920
11.532960
2.305440
15.392160
17.520480
18.211680
4.222080
1.889280
14.957280
19.343520
11.635200
6.560640
5.768640
18.714240
5.496480
7.855200
4.730400
17.627040
8.012160
9.275040
14.250240
20.576160
12.935520
8.749440
18.112320
19.753920
20.795040
20.459520
18.868320
19.827360
18.377280
14.649120
10.352160
14.552640
21.376800
3.091680
6.507360
9.823680
23.330880
11.412000
8.912160
2.558880
2.920320
9.459360
7.002720
6.842880
26.814240
27.391680
27.493920
25.603200
26.971200
21.964320
27.133920
28.625760
27.521280
27.450720
14.633280
21.414240
29.118240
24.929280
19.785600
30.196800
15.372000
22.875840
21.767040
22.816800
20.377440
22.468320
19.827360
10.867680
11.109600
22.574880
21.646080
6.508800
24.693120
18.787680
23.130720
22.805280
23.027040
22.956480
22.593600
22.736160
22.514400
21.983040
20.880000
14.924160
21.477600
22.341600
22.309920
21.283200
21.319200
19.343520
18.139680
21.610080
3.833280
9.007200
8.484480
16.165440
16.974720
14.132160
16.757280
5.574240
20.393280
18.015840
19.303200
13.685760
18.542880
11.404800
-99.000000
-99.000000
-99.000000
10.451520
19.707840
19.509120
19.507680
19.008000
18.717120
17.844480
17.880480
12.912480
16.212960
16.153920
19.170720
18.807840
17.552160
14.166720
12.873600
7.427520
11.527200
17.592480
15.588000
11.485440
18.158400
18.685440
11.943360
13.726080
13.579200
19.856160
19.055520
17.994240
16.953120
13.413600
16.814880
17.379360
16.149600
14.722560
15.252480
14.234400
1.234080
13.582080
2.962080
13.612320
11.928960
6.282720
16.020000
16.198560
16.179840
9.812160
15.089760
8.089920
10.992960
13.887360
15.752160
14.666400
9.659520
-99.000000
-99.000000
6.739200
9.397440
5.153760
12.565440
15.773760
15.315840
7.148160
7.957440
11.383200
13.819680
10.499040
6.497280
12.944160
13.826880
14.677920
14.436000
14.133600
12.443040
5.064480
5.001120
8.870400
3.600000
4.669920
10.398240
13.639680
12.031200
13.501440
9.925920
9.308160
3.575520
9.254880
4.950720
4.131360
6.455520
6.045120
5.814720
4.962240
11.145600
12.068640
11.659680
11.655360
5.712480
10.009440
11.600640
6.887520
10.284480
10.224000
11.067840
6.264000
10.195200
7.207200
6.180480
10.019520
8.817120
8.344800
9.201600
9.810720
8.202240
9.924480
7.865280
9.460800
8.938080
8.661600
5.490720
9.673200
4.926960
2.675520
8.411040
7.194240
7.976160
7.338240
1.451520
5.114880
8.254080
3.525120
0.969120
1.768320
7.881120
7.830720
5.620320
5.987520
7.397280
2.463840
7.153920
5.564160
7.164000
4.265280
5.711040
6.320880
5.099040
6.071760
0.771840
5.526720
6.461280
6.287040
2.102400
6.766560
6.278400
3.601440
2.520000
1.630080
1.720800
4.512960
6.063840
4.757760
6.389280
6.822720
5.718240
1.298880
7.100640
6.171840
1.836000
7.189920
4.867200
5.552640
5.940000
2.851200
4.066560
3.319200
3.857760
2.049120
6.232320
6.670080
8.252640
8.267040
8.314560
8.064000
8.056800
7.855200
6.975360
6.206400
4.137120
6.899040
4.682880
8.218080
8.925120
9.234720
9.459360
3.787200
8.614080
9.463680
9.741600
8.935200
9.275040
9.914400
10.133280
7.564320
7.925760
9.885600
8.605440
8.593920
10.412640
9.982080
10.172160
8.876160
1.961280
1.054080
2.897280
4.288320
12.169440
7.578720
11.478240
1.764000
2.011680
7.892640
5.129280
6.452640
6.811200
0.804960
1.507680
6.688800
11.115360
11.301120
8.532000
11.646720
13.926240
4.629600
9.715680
14.227200
13.836960
14.552640
14.857920
15.683040
15.432480
14.578560
13.482720
8.825760
15.986880
17.360640
16.950240
17.032320
16.823520
16.725600
13.893120
16.909920
12.918240
17.534880
15.876000
11.710080
3.337920
12.388320
5.492160
12.556800
13.453920
7.670880
20.907360
20.446560
20.331360
20.306880
11.746080
5.562720
10.575360
21.172320
16.490880
9.740160
20.501280
1.592640
15.516000
9.928800
18.159840
12.186720
10.854720
10.578240
20.001600
18.995040
21.299040
19.087200
14.148000
13.567680
22.258080
22.200480
18.601920
14.947200
18.694080
20.867040
22.885920
20.242080
11.191680
7.564320
7.676640
17.497440
21.841920
23.325120
20.167200
21.180960
14.503680
20.315520
11.413440
8.256960
15.207840
23.428800
20.835360
24.552000
14.542560
21.852000
24.132960
15.344640
10.781280
11.449440
14.096160
21.185280
24.347520
24.068160
23.326560
24.144480
20.488320
18.429120
22.857120
11.337120
23.232960
23.755680
19.837440
22.068000
22.947840
24.135840
24.228000
24.549120
22.687200
20.383200
17.884800
17.932320
22.026240
24.259680
24.356160
24.167520
24.490800
22.299120
14.836320
15.809760
21.124800
19.216800
13.416480
14.490720
22.999680
25.858080
17.749440
12.492000
22.955040
11.799360
17.082720
24.059520
21.186720
10.280160
23.539680
23.243040
22.957920
23.091840
22.248000
20.341440
24.881760
20.522880
22.980960
22.858560
13.430880
22.091040
21.306240
15.487200
21.268800
16.892640
22.714560
17.798400
19.444320
21.458880
22.236480
20.507040
20.023200
23.148000
22.654080
22.782240
22.504320
19.913760
9.708480
20.920320
20.088000
21.392640
19.419840
19.591200
20.918880
19.553760
17.946720
12.934080
0.478080
-99.000000
15.714720
19.815840
13.695840
15.868800
19.664640
17.850240
20.393280
19.704960
19.931760
13.241520
21.136320
20.309760
13.836960
9.722880
10.421280
12.896640
9.607680
17.223840
14.604480
0.640800
2.943360
17.160480
19.946880
16.479360
18.989280
14.120640
18.313920
18.627840
18.174240
18.043200
17.434080
12.719520
14.680800
13.968000
11.355840
15.726240
15.814080
11.496960
12.756960
3.035520
13.399200
5.518080
3.193920
14.218560
12.664800
14.689440
11.005920
11.436480
11.697120
15.644160
12.536640
14.784480
14.378400
8.624160
4.789440
7.024320
9.704160
3.641760
7.022880
2.024640
4.685760
2.301120
12.972960
7.708320
5.081760
13.386240
12.041280
10.460160
1.723680
3.863520
7.839360
9.815040
9.309600
2.249280
9.813600
11.082240
11.649600
11.082240
5.800320
9.470880
11.027520
3.196800
3.771360
4.439520
4.957920
5.047200
8.236800
6.824160
4.635360
3.247200
5.474880
9.293760
6.608160
5.869440
7.719840
4.728960
1.854720
9.084960
7.912800
8.460000
9.419040
8.879040
6.314400
6.094080
1.219680
7.367040
3.585600
5.520960
5.916960
6.132960
5.736960
4.711680
7.002720
6.053760
6.809760
7.254720
7.044480
5.571360
7.508160
7.218720
3.605760
3.408480
4.451040
6.492960
3.029760
7.151040
5.123520
4.767840
6.904800
6.924960
4.970880
1.497600
4.665600
6.467040
7.250400
4.079520
7.928640
8.148960
7.554240
7.947360
7.431840
7.318080
6.822720
4.551840
7.706880
6.176160
4.523040
4.576320
4.275360
8.400960
7.174080
7.302240
6.963840
8.719200
4.989600
8.013600
8.462880
8.028000
1.540800
7.983360
5.830560
7.218720
10.059840
10.058400
6.583680
5.937120
9.817920
6.835680
10.064160
9.681120
8.199360
6.858720
8.631360
8.196480
9.989280
10.935360
11.054880
10.992960
10.920960
9.578880
10.876320
1.056960
12.170880
8.317440
10.501920
2.723040
1.476000
12.922560
13.050720
1.042560
1.913760
2.613600
10.589760
14.319360
8.779680
11.525760
14.829120
14.404320
12.654720
6.436800
9.771840
15.992640
10.365120
15.402240
4.680000
13.877280
4.900320
2.558880
8.998560
12.392640
13.020480
15.700320
10.405440
6.876000
15.325920
15.465600
16.434720
16.070400
17.444160
17.591040
16.212960
2.772000
13.775040
2.648160
6.246720
7.477920
16.236000
5.857920
19.360800
19.278720
19.048320
18.200160
10.455840
1.804320
19.389600
14.522400
20.069280
11.774880
21.646080
7.989120
20.144160
2.602080
11.466720
14.473440
23.208480
22.122720
22.286880
2.423520
18.048960
22.570560
22.589280
21.440160
22.075200
11.520000
5.296320
15.344640
12.005280
9.633600
0.969120
16.404480
21.116160
24.678720
24.844320
24.804000
24.671520
7.879680
2.977920
12.227040
23.148000
12.948480
21.535200
23.798880
22.040640
23.613120
15.694560
25.225920
24.040800
17.460000
17.474400
21.093120
18.717120
15.641280
19.942560
20.543040
23.784480
13.897440
12.741120
18.090720
13.678560
24.619680
21.348000
23.914080
24.288480
22.402080
23.372640
23.415840
23.664960
19.864800
20.175840
21.425760
17.827200
14.866560
15.592320
24.769440
24.524640
8.130240
17.707680
20.437920
16.080480
22.455360
17.225280
21.264480
23.411520
24.906240
21.810240
23.875200
24.236640
18.138240
22.717440
13.307040
23.012640
15.328800
14.996160
23.868000
26.015040
24.621120
21.519360
5.106240
20.743200
25.305120
22.163040
21.854880
24.019200
21.523680
22.155840
22.010400
16.940160
15.733440
22.645440
15.850080
19.238400
21.173760
20.221920
19.715040
22.148640
13.093920
20.460960
22.062240
20.954880
14.880960
19.614240
9.768960
22.334400
19.379520
19.467360
20.615040
15.611040
18.218880
22.102560
21.712320
19.349280
20.188800
20.305440
15.753600
12.798720
22.001760
18.325440
21.640320
21.844800
18.227520
8.867520
15.658560
18.979200
20.995200
15.334560
9.358560
7.541280
9.057600
4.229280
9.964800
6.776640
9.335520
14.719680
9.352800
13.969440
14.590080
14.592960
16.608960
15.141600
13.795200
13.759200
10.391040
6.625440
11.331360
17.854560
16.945920
16.873920
15.233760
7.444800
14.601600
16.837920
16.519680
15.793920
17.010720
16.054560
8.748000
15.193440
11.535840
12.899520
13.523040
11.439360
12.651840
13.818240
10.942560
11.651040
11.370240
10.707840
10.645920
14.015520
13.537440
8.723520
12.647520
11.280960
9.165600
9.331200
11.701440
5.757120
8.268480
8.508960
0.165600
11.139840
11.907360
10.376640
7.973280
6.681600
3.234240
1.585440
7.722720
6.672960
6.072480
2.399040
8.480160
4.896000
4.766400
2.234880
6.318720
6.563520
7.086240
6.652800
5.673600
5.483520
4.858560
7.058880
7.181280
6.017760
6.697440
6.220800
6.268320
5.575680
3.216960
4.125600
3.091680
4.862880
2.992320
0.613440
2.417760
7.212960
6.331680
3.758400
7.323840
4.438080
6.832800
6.246720
2.802240
4.960800
4.098240
2.553120
5.139360
1.530720
3.929760
6.801120
4.271040
6.222240
4.321440
4.973760
5.806080
5.647680
6.181920
5.873760
6.325920
5.212800
6.376320
5.453280
5.915520
1.920960
4.973760
5.477760
2.095920
1.617840
6.490080
7.112160
7.407360
7.418880
7.585920
7.659360
6.530400
7.709760
7.646400
7.509600
7.797600
3.872160
7.993440
6.628320
7.027200
8.153280
7.529760
4.320000
7.276320
3.270240
7.725600
7.534080
7.911360
7.915680
8.035200
7.129440
8.969760
8.169120
8.756640
7.439040
8.244000
9.283680
9.113760
9.131040
6.878880
8.868960
8.125920
8.284320
4.161600
3.513600
6.755040
4.753440
9.177120
9.306720
7.938720
10.087200
9.640800
11.095200
10.680480
10.869120
11.039040
10.631520
9.311040
11.985120
4.750560
9.740160
8.971200
7.666560
10.946880
12.414240
9.288000
8.526240
5.438880
13.001760
11.911680
12.673440
10.571040
14.163840
13.615200
13.580640
13.047840
1.968480
12.918240
13.296960
10.447200
4.446720
10.539360
13.309920
14.670720
15.035040
13.325760
1.836000
7.994880
3.297600
13.510080
5.126400
10.632960
16.744320
14.116320
13.881600
15.952320
17.042400
16.224480
5.395680
9.652320
12.242880
10.022400
16.764480
13.348800
6.580800
19.296000
19.748160
15.685920
17.370720
14.893920
15.778080
8.612640
16.050240
17.879040
18.342720
19.975680
13.521600
9.613440
8.223840
16.145280
10.131840
20.895840
20.892960
20.566080
20.865600
19.513440
20.606400
18.655200
7.084800
18.008640
16.799040
15.435360
21.781440
20.872800
21.418560
16.562880
13.999680
15.251040
17.010720
13.665600
23.114880
20.928960
15.710400
4.802400
22.798080
22.672800
22.105440
18.679680
18.270720
23.306400
22.236480
22.769280
23.052960
20.011680
22.213440
20.417760
10.681920
11.213280
14.518080
22.093920
20.547360
20.125440
21.817440
19.105920
20.285280
20.407680
22.525920
18.041760
15.325920
15.995520
8.016480
15.596640
19.785600
21.170880
19.998720
22.252320
22.311360
19.448640
17.370720
21.494880
21.133440
13.616640
22.514400
22.137120
16.702560
10.101600
22.665600
19.329120
12.857760
19.481760
21.697920
13.259520
22.690080
21.386880
9.594720
19.157760
9.986400
16.809120
22.776480
22.472640
22.497120
22.331520
21.132000
21.441600
17.281440
17.517600
22.200480
19.877760
20.917440
20.345760
19.680480
19.304640
12.108960
15.812640
20.243520
19.395360
14.614560
13.095360
14.096160
6.524640
16.623360
22.368960
21.722400
21.078720
20.570400
18.943200
14.185440
14.700960
11.616480
5.463360
-99.000000
-99.000000
-99.000000
-99.000000
4.747680
13.204800
10.294560
9.211680
15.114240
18.423360
19.427040
19.703520
18.237600
18.223200
10.212480
3.854880
12.293280
16.441920
16.781760
17.765280
14.601600
16.816320
17.385120
16.375680
7.754400
0.000000
-99.000000
-99.000000
-99.000000
-99.000000
-99.000000
-99.000000
-99.000000
-99.000000
-99.000000
5.806080
3.348720
17.656560
17.290800
16.289280
1.195920
17.569440
15.694560
17.156160
11.463840
12.479040
16.824960
14.785920
15.115680
17.104320
15.893280
16.914240
16.319520
17.298720
14.029920
9.357120
16.375680
13.874400
15.467040
7.276320
6.605280
9.240480
6.112800
5.978880
10.336320
14.106240
12.633120
6.048000
15.014880
13.885920
14.893920
14.237280
8.375040
14.490720
11.985120
11.394720
11.761920
10.193760
10.671840
12.355200
7.781760
11.138400
12.091680
12.248640
7.790400
12.385440
13.302720
13.066560
11.197440
5.168160
5.404320
5.536800
5.702400
4.992480
8.549280
7.260480
11.550240
11.452320
6.816960
8.235360
7.267680
9.024480
8.375040
4.098240
10.663200
5.558400
10.054080
7.450560
10.437120
9.430560
10.454400
9.093600
4.066560
10.478880
8.900640
9.790560
9.748800
10.637280
5.675040
10.566720
10.136160
9.691200
4.851360
5.640480
9.227520
9.429120
9.426240
9.272160
4.196160
8.969760
9.498240
9.810720
9.672480
9.807840
8.108640
8.441280
8.285760
5.824800
9.419040
9.433440
5.421600
5.870880
9.901440
9.912960
10.013760
9.411840
4.052160
6.370560
3.719520
5.209920
8.360640
5.960160
6.855840
10.368000
9.905760
10.277280
4.826880
5.385600
9.586080
7.786080
10.510560
10.357920
8.418240
7.496640
11.329920
9.617760
9.715680
9.717120
4.631040
4.150080
6.739200
5.088960
9.368640
10.094400
12.434400
10.414080
6.975360
12.597120
12.453120
12.546720
13.049280
9.194400
6.560640
4.236480
7.162560
9.322560
9.574560
6.521760
7.428960
11.936160
11.099520
7.214400
11.437920
9.616320
8.956800
8.887680
6.091200
12.627360
2.473920
12.291840
13.929120
10.139040
13.789440
11.818080
7.087680
4.667040
15.117120
13.157280
10.000800
9.682560
14.676480
15.389280
15.036480
1.382400
12.395520
10.463040
8.140320
5.461920
3.661920
4.667040
8.170560
13.487040
12.385440
13.021920
15.550560
15.792480
14.698080
12.032640
17.765280
12.548160
14.320800
15.851520
13.481280
17.608320
14.302080
15.742080
16.132320
5.044320
8.647200
12.905280
14.764320
14.637600
19.584000
18.444960
18.707040
14.469120
11.882880
15.094080
2.492640
20.278080
17.115840
10.326240
8.078400
18.115200
9.216000
17.076960
19.234080
17.683200
8.441280
19.314720
21.155040
15.747840
19.363680
16.129440
12.005280
11.967840
18.581760
19.945440
16.816320
12.638880
20.872800
12.965760
14.022720
18.548640
17.867520
19.844640
19.923840
18.388800
19.075680
12.565440
19.176480
15.320160
20.108160
17.426880
12.157920
22.190400
20.403360
16.629120
21.975840
22.654080
22.180320
19.265760
15.039360
23.826240
20.851200
22.572000
23.329440
20.373120
23.113440
21.453120
21.555360
17.556480
14.837760
22.824000
22.743360
18.421920
19.347840
16.024320
14.202720
19.287360
18.375840
15.609600
9.015840
18.544320
17.771040
18.845280
18.780480
17.645760
20.462400
15.239520
16.192800
20.109600
19.846080
19.084320
21.180960
19.895040
20.187360
15.613920
16.378560
22.332960
20.964960
17.138880
21.447360
12.850560
15.199200
11.748960
17.023680
18.982080
20.226240
18.871200
22.880160
19.812960
21.421440
23.497920
19.648800
22.692960
21.867840
22.929120
22.972320
15.127200
15.397920
23.525280
21.921120
21.618720
17.933760
22.204800
18.540000
21.515040
21.641760
22.085280
22.612320
16.489440
22.286880
17.870400
17.984160
15.151680
17.932320
12.160800
6.583680
17.799840
14.497920
18.112320
21.633120
18.272160
19.998720
18.541440
19.707840
10.857600
15.023520
17.694720
19.176480
16.416000
15.510240
14.411520
15.887520
15.190560
4.475520
17.560800
17.000640
15.949440
14.129280
11.862720
15.576480
14.372640
16.110720
12.784320
12.228480
1.527840
3.594240
18.355680
9.177120
16.997760
14.389920
14.136480
16.395840
14.274720
6.556320
1.620000
10.620000
16.616160
16.642080
16.086240
12.199680
12.038400
12.244320
15.073920
12.637440
13.737600
12.192480
16.414560
16.380000
16.225920
2.344320
3.890880
7.086240
7.850880
3.250080
9.364320
13.551840
13.004640
11.302560
7.434720
3.117600
9.662400
8.313120
12.680640
9.781920
5.551200
11.553120
7.871040
9.341280
10.202400
10.726560
7.564320
10.576800
9.185760
8.071200
4.471200
4.429440
6.475680
5.562720
10.448640
4.344480
6.269760
9.192960
8.523360
4.906080
6.187680
9.057600
9.015840
6.791040
3.803040
3.241440
8.501760
8.678880
8.501760
3.788640
7.335360
7.426080
6.672960
2.475360
5.077440
7.676640
3.900960
3.641760
7.529760
7.041600
3.811680
7.074720
7.012800
6.328800
0.653760
6.249600
2.642400
7.607520
7.292160
7.430400
6.334560
5.981760
7.194240
2.812320
6.873120
6.147360
2.566080
7.115040
4.314240
7.132320
5.728320
5.395680
4.008960
7.352640
7.200000
7.074720
7.143840
7.191360
6.840000
7.017120
-99.000000
-99.000000
-99.000000
-99.000000
-99.000000
-99.000000
-99.000000
-99.000000
-99.000000
-99.000000
-99.000000
-99.000000
-99.000000
-99.000000
-99.000000
-99.000000
-99.000000
-99.000000
-99.000000
-99.000000
-99.000000
-99.000000
-99.000000
-99.000000
-99.000000
-99.000000
-99.000000
-99.000000
-99.000000
-99.000000
-99.000000
-99.000000
-99.000000
-99.000000
-99.000000
-99.000000
-99.000000
-99.000000
-99.000000
-99.000000
-99.000000
-99.000000
-99.000000
-99.000000
-99.000000
-99.000000
-99.000000
-99.000000
-99.000000
-99.000000
-99.000000
-99.000000
-99.000000
-99.000000
-99.000000
-99.000000
-99.000000
-99.000000
-99.000000
-99.000000
-99.000000
-99.000000
-99.000000
-99.000000
-99.000000
-99.000000
-99.000000
-99.000000
-99.000000
-99.000000
-99.000000
-99.000000
-99.000000
-99.000000
-99.000000
-99.000000
-99.000000
-99.000000
-99.000000
-99.000000
-99.000000
-99.000000
-99.000000
-99.000000
-99.000000
-99.000000
-99.000000
-99.000000
-99.000000
-99.000000
-99.000000
-99.000000
-99.000000
-99.000000
-99.000000
-99.000000
-99.000000
-99.000000
-99.000000
-99.000000
-99.000000
-99.000000
-99.000000
-99.000000
-99.000000
-99.000000
-99.000000
-99.000000
-99.000000
-99.000000
-99.000000
-99.000000
-99.000000
-99.000000
-99.000000
-99.000000
-99.000000
-99.000000
-99.000000
-99.000000
-99.000000
-99.000000
-99.000000
-99.000000
-99.000000
-99.000000
-99.000000
-99.000000
-99.000000
-99.000000
-99.000000
-99.000000
-99.000000
-99.000000
-99.000000
-99.000000
-99.000000
-99.000000
-99.000000
-99.000000
-99.000000
-99.000000
-99.000000
-99.000000
-99.000000
-99.000000
-99.000000
-99.000000
-99.000000
-99.000000
-99.000000
-99.000000
-99.000000
-99.000000
-99.000000
-99.000000
-99.000000
-99.000000
-99.000000
-99.000000
-99.000000
-99.000000
-99.000000
-99.000000
-99.000000
-99.000000
-99.000000
-99.000000
-99.000000
-99.000000
-99.000000
-99.000000
-99.000000
-99.000000
-99.000000
-99.000000
-99.000000
-99.000000
-99.000000
-99.000000
-99.000000
-99.000000
-99.000000
-99.000000
-99.000000
-99.000000
-99.000000
-99.000000
-99.000000
-99.000000
-99.000000
-99.000000
-99.000000
-99.000000
-99.000000
-99.000000
-99.000000
-99.000000
-99.000000
-99.000000
-99.000000
-99.000000
-99.000000
-99.000000
-99.000000
-99.000000
-99.000000
-99.000000
-99.000000
-99.000000
-99.000000
-99.000000
-99.000000
-99.000000
-99.000000
-99.000000
-99.000000
-99.000000
-99.000000
-99.000000
-99.000000
-99.000000
-99.000000
-99.000000
-99.000000
-99.000000
-99.000000
-99.000000
-99.000000
-99.000000
-99.000000
-99.000000
-99.000000
-99.000000
-99.000000
-99.000000
-99.000000
-99.000000
-99.000000
-99.000000
-99.000000
-99.000000
-99.000000
-99.000000
-99.000000
-99.000000
-99.000000
-99.000000
-99.000000
-99.000000
-99.000000
-99.000000
-99.000000
-99.000000
-99.000000
-99.000000
-99.000000
-99.000000
-99.000000
-99.000000
-99.000000
-99.000000
-99.000000
-99.000000
-99.000000
-99.000000
-99.000000
-99.000000
-99.000000
-99.000000
-99.000000
-99.000000
-99.000000
-99.000000
-99.000000
-99.000000
-99.000000
-99.000000
-99.000000
-99.000000
-99.000000
-99.000000
-99.000000
-99.000000
-99.000000
-99.000000
-99.000000
-99.000000
-99.000000
-99.000000
-99.000000
-99.000000
-99.000000
-99.000000
-99.000000
-99.000000
-99.000000
-99.000000
-99.000000
-99.000000
-99.000000
-99.000000
-99.000000
-99.000000
-99.000000
-99.000000
-99.000000
-99.000000
-99.000000
-99.000000
-99.000000
-99.000000
-99.000000
-99.000000
-99.000000
-99.000000
-99.000000
-99.000000
-99.000000
-99.000000
-99.000000
-99.000000
-99.000000
-99.000000
-99.000000
-99.000000
-99.000000
-99.000000
-99.000000
-99.000000
-99.000000
-99.000000
-99.000000
-99.000000
-99.000000
-99.000000
-99.000000
-99.000000
-99.000000
-99.000000
-99.000000
-99.000000
-99.000000
-99.000000
-99.000000
-99.000000
-99.000000
-99.000000
-99.000000
-99.000000
-99.000000
-99.000000
-99.000000
1.920960
1.284480
1.882080
5.909760
6.544800
6.874560
4.592160
6.791040
6.844320
6.645600
6.445440
6.665760
7.050240
5.104800
1.775520
6.308640
4.697280
5.987520
6.151680
2.161440
4.112640
2.180160
6.168960
7.688160
7.143840
3.530880
5.433120
4.433760
7.251840
7.542720
7.014240
7.532640
8.298720
7.365600
7.819200
6.288480
7.719840
8.209440
8.520480
8.762400
8.411040
8.616960
8.788320
4.553280
3.797280
5.068800
9.044640
9.774720
9.966240
9.858240
10.097280
10.166400
10.473120
6.418080
6.730560
8.183520
4.474080
10.366560
10.195200
7.980480
2.090880
1.784160
2.291040
9.050400
11.407680
11.892960
7.539840
4.321440
7.649280
9.434880
8.058240
11.419200
10.913760
13.505760
11.740320
11.597760
14.533920
14.808960
10.866240
14.286240
7.456320
8.055360
14.146560
9.766080
11.751840
14.748480
9.423360
14.951520
13.008960
6.711840
5.896800
16.624800
13.865760
12.912480
14.657760
14.993280
16.676640
12.093120
8.667360
8.596800
13.230720
13.740480
17.910720
18.855360
15.505920
18.951840
13.152960
18.610560
18.725760
3.064320
13.034880
7.797600
16.751520
10.173600
20.066400
14.820480
17.016480
20.583360
16.704000
8.529120
8.111520
18.272160
5.034240
17.386560
21.823200
20.725920
20.851200
19.864800
21.016800
18.730080
3.468960
13.612320
21.543840
22.387680
21.407040
21.794400
21.970080
12.588480
17.760960
20.397600
15.960960
2.643840
2.488320
9.722880
9.024480
22.707360
9.950400
15.251040
9.036000
7.457760
19.533600
8.442720
23.057280
22.825440
13.091040
14.885280
17.540640
2.685600
15.279840
8.972640
11.808000
23.460480
22.756320
7.560000
7.719840
13.832640
19.272960
23.214240
13.678560
24.523200
18.191520
17.120160
19.044000
7.273440
14.909760
23.559840
17.200800
4.209120
9.131040
12.754080
19.435680
24.804000
23.834880
23.857920
23.816160
24.464160
22.187520
13.556160
19.262880
22.907520
16.253280
23.859360
23.408640
19.500480
22.466880
17.339040
12.464640
22.217760
22.224960
16.228800
14.084640
17.462880
21.028320
21.237120
19.820160
8.046720
24.642720
20.052000
19.524960
17.835840
20.086560
20.979360
22.502880
18.825120
14.467680
22.904640
20.858400
19.756800
19.909440
20.436480
21.293280
20.619360
15.207840
21.152160
21.090240
18.757440
21.028320
20.967840
19.971360
19.152000
20.324160
16.011360
20.344320
20.401920
18.554400
13.824000
20.342880
11.512800
10.663200
20.839680
13.537440
11.331360
19.095840
18.538560
8.452800
15.500160
7.138080
3.748320
18.843840
10.454400
10.959840
17.508960
16.643520
17.949600
17.513280
9.358560
17.583840
14.572800
14.303520
11.332800
13.705920
7.990560
12.709440
16.632000
8.478720
13.901760
13.514400
12.244320
17.497440
17.190720
17.246880
16.171200
8.845920
7.535520
10.085760
12.107520
8.723520
2.462400
4.007520
8.314560
15.014880
7.901280
13.893120
14.652000
13.062240
11.950560
13.602240
13.749120
13.760640
12.980160
13.855680
13.309920
11.440800
7.382880
4.217760
12.232800
9.626400
3.202560
5.502240
8.503200
10.179360
9.488160
7.482240
2.321280
9.421920
8.589600
10.084320
3.340800
5.018400
8.082720
10.221120
10.427040
10.209600
0.581760
1.048320
5.837760
3.238560
4.965120
2.662560
8.879040
8.082720
6.285600
6.575040
7.951680
5.702400
8.385120
7.741440
4.645440
1.483200
8.949600
8.716320
8.498880
8.537760
8.428320
4.351680
7.954560
7.990560
7.682400
4.812480
7.935840
6.477120
7.699680
7.869600
4.574880
6.504480
3.767040
5.263200
7.228800
7.126560
5.099040
4.204800
6.855840
4.937760
1.928160
2.088000
2.651040
4.955040
7.218720
6.850080
5.084640
5.009760
2.888640
2.750400
5.749920
6.727680
6.001920
5.107680
6.976800
6.837120
6.703200
6.631200
6.894720
1.334880
1.265760
1.811520
1.055520
2.616480
4.685760
4.920480
2.049120
1.572480
6.531840
6.082560
2.969280
2.574720
5.784480
2.950560
4.255200
7.441920
7.620480
6.602400
7.329600
7.578720
6.109920
6.994080
7.377120
5.459040
8.125920
8.251200
4.524480
5.379840
4.655520
8.327520
7.390080
8.906400
7.488000
6.049440
2.335680
1.870560
1.362240
3.659040
7.214400
9.709920
5.074560
6.230880
8.735040
9.146880
8.294400
6.763680
7.833600
7.843680
10.314720
10.935360
2.429280
6.717600
11.106720
11.615040
11.172960
7.872480
10.054080
12.144960
11.856960
11.499840
6.732000
12.215520
12.458880
5.225760
2.388960
6.304320
4.065120
4.286880
11.609280
14.676480
14.548320
14.617440
7.901280
14.434560
9.247680
13.396320
14.666400
14.087520
14.682240
15.089760
15.536160
15.285600
15.311520
16.018560
12.758400
14.567040
17.402400
14.535360
17.462880
16.853760
16.961760
2.031840
10.172160
6.835680
3.896640
10.421280
4.269600
12.245760
16.719840
17.268480
15.226560
3.811680
4.327200
19.013760
3.549600
12.108960
6.828480
18.836640
19.058400
14.490720
13.767840
18.293760
12.453120
13.927680
13.811040
19.175040
20.414880
21.765600
19.944000
18.446400
13.821120
21.875040
19.036800
20.396160
14.001120
16.845120
22.700160
21.211200
18.799200
22.593600
22.449600
20.823840
17.572320
15.863040
17.762400
13.780800
21.035520
10.540800
5.532480
21.492000
23.499360
22.386240
21.263040
22.983840
19.179360
20.707200
9.673920
14.091840
12.192480
18.325440
22.733280
23.544000
22.001760
23.123520
23.392800
21.447360
23.027040
22.590720
22.546080
16.901280
6.773760
19.532160
15.609600
13.498560
21.329280
22.907520
23.389920
23.692320
21.991680
19.267200
14.414400
17.491680
22.406400
21.683520
13.806720
17.974080
23.389920
23.951520
20.551680
16.531200
15.753600
17.488800
23.280480
21.712320
21.356640
22.252320
21.941280
21.549600
21.768480
22.877280
20.894400
17.825760
8.262720
4.285440
3.008160
14.388480
10.320480
19.082880
22.517280
18.522720
21.018240
22.017600
20.894400
24.219360
22.338720
20.412000
20.728800
19.491840
21.735360
22.386240
22.055040
22.308480
18.149760
20.910240
21.432960
21.336480
20.243520
12.242880
19.262880
11.818080
20.367360
20.725920
20.640960
17.036640
15.229440
8.907840
18.332640
20.027520
19.614240
19.487520
19.812960
18.564480
19.889280
19.660320
19.260000
19.981440
19.425600
18.751680
18.129600
18.633600
17.919360
7.192800
17.111520
18.413280
17.382240
15.763680
16.547040
8.330400
14.313600
11.689920
10.945440
9.167040
10.092960
17.153280
17.678880
15.976800
17.485920
16.822080
16.156800
12.479040
14.225760
13.677120
3.565440
10.546560
8.182080
11.822400
12.038400
14.454720
12.957120
8.167680
15.004800
15.180480
14.083200
9.874080
14.127840
8.962560
13.331520
11.128320
10.549440
14.055840
12.780000
13.196160
12.653280
12.947040
10.470240
8.297280
8.621280
10.604160
12.939840
11.604960
12.938400
11.856960
11.684160
12.399840
12.352320
11.619360
5.495040
1.206720
6.242400
1.104480
11.161440
10.974240
6.968160
5.824800
9.809280
8.841600
8.755200
9.924480
6.730560
6.638400
5.104800
9.849600
10.247040
7.721280
9.692640
7.895520
8.798400
7.218720
7.297920
5.148000
5.480640
6.704640
5.148000
7.848000
7.800480
5.832000
6.310080
3.372480
7.018560
4.217760
5.899680
7.331040
7.272000
6.841440
6.517440
3.968640
7.472160
2.459520
5.758560
4.309920
6.222240
5.109120
3.977280
6.553440
6.039360
4.334400
6.505920
6.199200
6.501600
6.566400
3.327840
1.141920
1.262880
3.208320
4.230720
2.259360
6.752160
7.096320
7.074720
0.554400
1.042560
0.923040
0.578880
6.392160
1.468800
6.484320
3.775680
3.097440
4.358880
5.050080
5.797440
3.970080
4.819680
2.125440
1.463040
7.251840
1.271520
1.882080
5.404320
7.290720
6.991200
3.759840
6.749280
2.819520
7.760160
5.126400
1.706400
2.230560
1.255680
5.771520
7.649280
8.101440
4.233600
4.694400
1.320480
8.722080
5.604480
8.951040
5.493600
9.288000
4.999680
9.660960
8.840160
9.720000
2.741760
9.796320
9.961920
10.087200
2.148480
2.172960
11.023200
10.676160
10.697760
8.549280
10.085760
3.535200
3.496320
3.722400
9.961920
7.020000
12.399840
3.749760
5.585760
8.377920
12.700800
6.060960
13.230720
2.982240
8.701920
12.156480
10.746720
1.522080
10.683360
8.697600
13.936320
4.953600
1.052640
15.622560
15.367680
14.879520
4.864320
14.904000
15.757920
14.607360
15.773760
16.107840
12.189600
11.531520
10.939680
5.513760
6.922080
12.564000
4.949280
3.807360
18.144000
18.011520
15.769440
9.840960
14.814720
17.327520
15.236640
15.958080
14.836320
13.099680
17.445600
12.826080
3.320640
14.508000
16.248960
19.248480
19.654560
3.415680
5.885280
7.365600
8.765280
13.685760
13.727520
12.009600
19.029600
18.763200
18.223200
6.588000
12.489120
18.590400
18.338400
18.531360
20.711520
21.189600
20.208960
18.629280
10.798560
14.051520
2.472480
7.224480
15.024960
15.340320
17.262720
16.335360
8.664480
17.726400
21.607200
8.386560
11.656800
6.865920
22.741920
19.874880
23.921280
23.148000
21.918240
22.897440
22.998240
19.091520
22.235040
24.062400
23.073120
22.495680
15.952320
8.576640
22.383360
20.393280
18.092160
12.369600
14.353920
23.791680
23.484960
23.005440
8.032320
22.114080
18.753120
3.828960
15.052320
8.360640
18.905760
22.351680
13.451040
15.049440
21.970080
19.946880
21.382560
17.269920
24.261120
25.211520
23.140800
22.536000
23.088960
23.772960
21.749760
22.140000
17.114400
20.691360
21.597120
22.901760
23.361120
20.829600
16.917120
22.217760
23.536800
23.130720
21.640320
18.275040
21.869280
21.866400
21.519360
22.285440
21.376800
16.479360
20.312640
21.971520
21.900960
18.895680
18.501120
20.083680
10.945440
17.222400
24.009120
21.448800
19.173600
22.613760
21.900960
15.814080
14.358240
15.717600
17.706240
15.638400
17.336160
18.041760
18.944640
20.247840
21.545280
19.152000
15.262560
15.670080
17.233920
15.252480
11.823840
16.853760
17.651520
16.711200
18.027360
19.808640
6.842880
18.673920
19.766880
20.080800
17.022240
17.586720
19.229760
18.996480
18.747360
18.910080
17.897760
13.381920
15.125760
7.662240
5.950080
15.419520
16.896960
15.377760
15.696000
11.376000
17.746560
17.583840
14.957280
16.534080
16.331040
17.350560
13.796640
14.719680
9.277920
3.859200
5.078880
16.999200
3.985920
7.362720
12.988800
8.490240
12.970080
16.302240
14.129280
15.373440
13.609440
14.716800
11.391840
9.586080
7.539840
9.848160
13.104000
13.587840
13.821120
12.026880
9.002880
9.820800
4.901760
8.820000
3.879360
4.315680
10.994400
12.672000
12.764160
12.903840
13.050720
12.790080
12.257280
7.770240
10.153440
9.319680
8.622720
12.068640
11.784960
10.985760
9.977760
7.899840
6.472800
7.460640
5.375520
10.185120
10.452960
9.912960
9.480960
9.240480
5.631840
3.137760
8.421120
9.312480
9.576000
9.024480
8.455680
7.392960
7.269120
9.167040
4.125600
8.328960
3.303360
3.195360
6.377760
8.421120
8.483040
8.016480
8.000640
8.448480
7.522560
6.960960
2.460960
1.972800
6.508800
5.832000
7.768800
7.541280
2.334240
3.751200
4.521600
4.790880
2.774880
7.084800
7.187040
6.171840
2.819520
3.666240
7.472160
7.620480
2.999520
7.238880
4.517280
6.527520
0.597600
1.801440
3.457440
7.303680
7.580160
7.757280
7.525440
6.278400
5.364000
2.409120
3.339360
3.425760
7.096320
5.483520
5.597280
3.866400
3.286080
6.500160
7.439040
5.320800
7.031520
7.371360
7.588800
7.165440
7.908480
7.810560
7.907040
6.238080
7.125120
5.760000
6.550560
8.961120
8.759520
8.733600
8.768160
8.897760
8.785440
2.583360
3.431520
9.532800
5.660640
7.443360
9.597600
10.206720
8.948160
10.160640
10.071360
10.333440
10.242720
10.465920
10.399680
9.586080
8.202240
9.689760
8.788320
4.020480
2.943360
11.266560
1.033920
12.326400
7.508160
9.223200
8.988480
11.177280
10.316160
11.525760
12.749760
4.741920
13.574880
10.008000
13.973760
9.956160
1.972800
5.572800
13.456800
14.620320
14.698080
4.590720
10.198080
14.276160
11.880000
0.806400
13.230720
2.291040
1.802880
7.624800
13.887360
16.319520
16.166880
12.564000
15.307200
8.956800
16.440480
16.725600
14.552640
12.997440
13.435200
18.122400
12.029760
9.286560
17.517600
17.352000
18.084960
9.676800
15.933600
17.511840
18.516960
19.071360
18.727200
18.806400
18.082080
18.675360
19.146240
12.039840
12.375360
16.964640
14.991840
19.556640
20.174400
11.054880
12.513600
17.218080
4.806720
7.506720
12.022560
7.896960
15.697440
21.373920
17.408160
12.479040
16.430400
19.218240
11.142720
21.022560
16.863840
20.727360
20.656800
6.667200
15.793920
21.961440
20.541600
22.687200
18.730080
21.928320
19.038240
23.719680
23.633280
23.263200
22.806720
22.091040
23.512320
22.944960
22.672800
23.250240
22.294080
23.340960
20.236320
15.350400
15.164640
19.415520
16.524000
7.028640
22.855680
14.500800
11.701440
9.776160
12.863520
20.796480
9.702720
11.325600
10.164960
7.747200
17.784000
17.651520
11.895840
23.937120
23.662080
21.592800
22.296960
17.566560
23.166720
18.636480
22.639680
23.885280
22.291200
23.372640
23.333760
24.173280
24.081120
23.667840
21.949920
22.808160
23.735520
18.178560
16.397280
10.522080
23.587200
19.365120
23.250240
21.540960
22.691520
23.031360
22.569120
10.015200
20.731680
13.760640
22.409280
19.055520
12.463200
20.122560
22.092480
23.708160
19.272960
9.594720
20.338560
16.806240
18.982080
16.539840
17.182080
19.607040
10.951200
15.207840
17.562240
14.352480
20.121120
18.214560
21.444480
15.994080
13.121280
11.687040
15.092640
22.165920
20.953440
20.802240
20.257920
17.717760
17.645760
20.301120
20.262240
20.197440
14.859360
19.992960
19.794240
20.257920
16.297920
19.425600
12.509280
16.984800
14.027040
20.374560
13.579200
13.936320
17.408160
10.379520
15.747840
14.336640
7.791840
12.317760
13.282560
15.197760
17.075520
16.732800
16.898400
16.466400
11.890080
12.839040
15.998400
14.932800
16.032960
16.204320
13.299840
9.357120
16.433280
15.697440
15.629760
14.803200
13.815360
5.965920
15.174720
15.193440
14.986080
14.853600
14.169600
14.444640
14.097600
14.587200
14.122080
14.044320
13.872960
13.176000
10.719360
13.991040
13.927680
13.669920
13.357440
13.318560
12.597120
11.289600
8.896320
11.052000
10.002240
10.752480
10.378080
8.611200
6.624000
6.916320
6.576480
4.773600
11.878560
10.245600
1.133280
2.540160
5.670720
8.638560
4.973760
5.666400
5.110560
2.070720
1.972800
5.709600
1.954080
9.565920
8.930880
9.046080
8.424000
9.050400
6.808320
3.720960
2.924640
0.982080
2.717280
3.463200
7.450560
5.015520
3.890880
4.728960
2.708640
8.081280
7.794720
7.957440
8.203680
6.176160
6.700320
6.017760
7.441920
7.436160
6.168960
6.812640
7.305120
6.017760
7.403040
7.371360
6.913440
4.793760
6.372000
7.231680
6.559200
5.850720
5.447520
5.869440
3.071520
7.369920
7.397280
6.171840
5.063040
3.702240
6.667200
7.240320
6.209280
7.227360
7.045920
5.372640
7.207200
6.943680
7.318080
6.982560
7.053120
6.553440
7.165440
6.615360
3.395520
5.986080
7.596000
7.585920
7.420320
7.381440
6.036480
7.320960
7.974720
5.653440
5.418720
2.754720
7.361280
8.079840
7.987680
8.124480
8.468640
8.570880
8.939520
8.956800
8.723520
7.742880
3.152160
2.044800
7.270560
9.633600
5.446080
1.136160
3.576960
9.763200
10.709280
2.985120
11.191680
11.233440
8.208000
10.877760
11.026080
11.795040
11.688480
11.462400
8.157600
11.910240
12.072960
5.761440
11.756160
7.745760
12.768480
12.365280
12.839040
13.187520
12.297600
11.403360
13.070880
11.388960
12.288960
13.030560
13.197600
13.796640
10.450080
8.637120
15.040800
13.475520
14.302080
14.542560
14.382720
15.040800
15.120000
15.131520
15.127200
14.976000
15.524640
16.165440
15.212160
16.604640
17.225280
13.438080
1.509120
8.177760
15.721920
17.040960
17.223840
15.815520
16.339680
17.480160
17.454240
18.043200
17.468640
17.902080
15.540480
6.642720
3.345120
5.057280
9.964800
18.375840
20.005920
15.451200
8.228160
17.400960
7.430400
17.676000
14.464800
13.572000
19.560960
21.738240
13.708800
17.134560
18.698400
13.455360
11.897280
8.537760
22.063680
15.762240
21.117600
7.424640
9.855360
21.614400
15.297120
23.152320
21.500640
22.289760
14.497920
19.628640
18.393120
17.680320
18.200160
22.085280
22.354560
22.721760
20.079360
17.029440
23.509440
22.701600
12.293280
5.395680
16.564320
12.561120
7.788960
14.222880
12.011040
23.623200
23.225760
23.266080
18.352800
23.100480
19.306080
22.258080
23.277600
22.877280
20.993760
23.018400
10.103040
22.560480
23.211360
19.869120
20.220480
20.779200
17.182080
15.871680
16.711200
24.845760
16.128000
19.908000
24.223680
24.196320
23.313600
21.202560
9.872640
23.277600
23.368320
22.320000
22.896000
22.854240
23.443200
23.050080
22.409280
21.840480
21.859200
19.658880
3.287520
23.849280
22.953600
22.003200
14.892480
18.300960
14.891040
14.742720
22.307040
19.631520
21.242880
23.577120
19.684800
10.939680
21.117600
22.936320
23.309280
23.515200
23.132160
22.484160
13.364640
16.905600
19.618560
22.377600
22.129920
19.275840
16.463520
17.151840
20.836800
14.482080
18.398880
21.434400
20.901600
21.149280
20.947680
21.180960
19.212480
20.998080
21.431520
20.535840
20.656800
19.019520
17.327520
20.183040
20.607840
18.734400
19.971360
19.365120
19.068480
15.806880
18.643680
18.732960
18.509760
17.655840
18.246240
15.128640
19.179360
16.225920
14.201280
15.894720
3.877920
19.085760
13.268160
11.757600
17.017920
17.318880
17.981280
16.853760
16.885440
13.822560
13.910400
14.479200
15.936480
13.970880
14.772960
17.529120
17.114400
13.050720
5.522400
6.562080
8.719200
3.886560
10.398240
14.114880
5.077440
15.852960
14.106240
8.339040
6.785280
5.117760
0.806400
12.562560
14.850720
14.342400
13.475520
13.824000
13.678560
13.255200
11.812320
10.556640
13.332960
9.830880
7.560000
8.727840
12.283200
9.665280
13.412160
11.446560
9.889920
6.357600
5.325120
2.849760
7.171200
8.655840
9.561600
10.491840
1.775520
5.542560
6.880320
12.130560
11.488320
4.508640
7.522560
10.787040
10.543680
6.379200
3.705120
9.819360
5.315040
8.169120
9.217440
3.175200
6.891840
4.999680
9.370080
3.316320
2.773440
7.931520
7.633440
1.421280
4.595040
7.512480
8.481600
3.857760
5.463360
7.819200
6.275520
4.688640
1.657440
1.681920
2.246400
6.562080
8.074080
8.157600
8.038080
7.512480
6.226560
7.790400
7.410240
1.751040
7.695360
7.660800
7.001280
5.065920
4.520160
5.034240
2.759040
5.477760
7.244640
6.350400
6.799680
2.355840
3.778560
5.456160
5.107680
7.080480
7.034400
4.469760
7.043040
6.426720
6.464160
7.195680
6.936480
6.912000
3.453120
7.224480
7.293600
7.185600
7.552800
7.526880
7.066080
7.624800
7.267680
5.961600
8.036640
6.599520
2.810880
5.135040
6.636960
2.950560
7.780320
4.122720
1.448640
6.459840
6.887520
6.171840
8.628480
6.651360
9.617760
8.308800
4.940640
9.599040
8.632800
8.202240
9.537120
8.940960
8.115840
10.563840
10.380960
9.856800
10.797120
11.220480
5.725440
11.017440
7.002720
5.574240
11.148480
11.685600
10.169280
10.542240
5.307840
4.664160
3.352320
6.814080
11.949120
6.628320
0.815040
8.278560
13.530240
6.477120
13.328640
11.792160
3.332160
3.110400
13.220640
12.551040
2.728800
0.711360
3.782880
11.296800
15.246720
14.516640
14.821920
12.637440
13.262400
1.854720
16.768800
16.871040
6.904800
3.792960
17.321760
15.773760
13.233600
15.662880
14.061600
11.753280
11.590560
16.832160
12.358080
4.492800
14.061600
8.547840
14.466240
16.562880
8.170560
17.887680
16.740000
8.272800
5.040000
13.449600
17.382240
14.381280
18.881280
17.514720
16.953120
20.478240
20.003040
20.854080
18.172800
18.210240
20.079360
20.530080
12.018240
20.401920
17.406720
17.771040
19.015200
21.782880
2.665440
8.745120
4.609440
3.453120
1.824480
17.798400
22.662720
16.090560
21.945600
20.571840
20.603520
21.893760
20.799360
14.783040
8.532000
19.709280
20.779200
22.049280
23.519520
6.107040
4.851360
15.112800
20.508480
17.962560
19.523520
9.673920
17.431200
24.468480
24.539040
22.654080
22.649760
16.112160
15.287040
14.711040
23.552640
16.665120
16.122240
24.068160
22.890240
23.431680
23.411520
19.730880
22.538880
20.741760
13.965120
12.967200
23.101920
21.581280
23.771520
23.114880
23.119200
23.752800
22.170240
19.249920
8.775360
23.849280
21.445920
12.805920
24.891840
11.684160
23.882400
23.444640
20.429280
21.297600
19.221120
23.155200
19.091520
23.096160
22.199040
18.089280
21.696480
23.660640
23.443200
23.048640
19.344960
22.943520
21.281760
16.380000
22.697280
19.202400
17.916480
22.677120
21.405600
18.300960
14.892480
20.918880
19.222560
20.790720
20.105280
19.817280
21.319200
22.024800
20.469600
20.534400
21.026880
23.335200
21.445920
20.329920
22.574880
21.077280
10.238400
21.191040
20.342880
19.812960
9.848160
20.602080
22.138560
21.525120
21.316320
19.820160
19.647360
18.763200
16.557120
17.830080
11.648160
18.387360
18.131040
20.736000
18.992160
17.965440
15.834240
11.319840
18.365760
5.883840
17.163360
6.429600
14.860800
10.329120
17.655840
18.694080
14.315040
18.640800
18.380160
18.093600
15.036480
3.833280
11.308320
16.796160
16.511040
6.795360
16.368480
17.671680
15.654240
8.269920
16.817760
16.480800
17.125920
15.924960
16.267680
16.040160
14.294880
12.240000
12.408480
14.703840
13.792320
13.242240
7.431840
14.788800
10.418400
13.010400
11.551680
4.404960
3.024000
14.826240
12.854880
13.258080
11.926080
10.837440
11.514240
4.803840
12.548160
11.125440
11.743200
7.555680
12.909600
6.042240
4.491360
6.701760
8.735040
10.975680
8.785440
10.765440
10.680480
7.565760
6.791040
10.897920
10.573920
2.485440
6.897600
10.802880
9.100800
9.015840
6.838560
4.720320
7.526880
10.046880
9.558720
8.568000
8.517600
6.442560
9.715680
9.285120
7.234560
8.766720
7.316640
0.384480
2.270880
1.336320
4.259520
9.084960
5.271840
8.935200
7.770240
5.623200
8.647200
8.278560
7.682400
8.195040
7.907040
2.993760
7.732800
2.259360
7.500960
8.006400
7.747200
7.807680
7.660800
6.246720
7.227360
7.221600
4.161600
7.094880
7.198560
6.708960
7.259040
3.345120
2.482560
6.540480
1.247040
3.038400
6.360480
6.773760
4.898880
2.838240
1.490400
7.570080
6.433920
5.980320
7.403040
6.903360
4.845600
6.102720
4.982400
5.065920
3.638880
7.034400
7.191360
7.166880
7.142400
6.488640
2.587680
3.039840
5.222880
1.859040
4.960800
3.654720
1.389600
7.884000
1.575360
5.018400
7.603200
9.040320
2.486880
8.169120
6.422400
2.916000
6.768000
9.469440
5.172480
6.723360
9.780480
9.334080
1.535040
10.484640
7.591680
9.807840
8.133120
10.028160
10.900800
5.752800
4.324320
6.190560
6.654240
11.279520
10.661760
10.460160
-99.000000
-99.000000
11.329920
4.406400
10.084320
11.184480
6.802560
13.122720
13.072320
10.167840
9.561600
10.323360
8.258400
11.453760
7.447680
13.030560
14.247360
13.842720
11.334240
10.992960
14.952960
14.901120
15.324480
14.482080
11.852640
14.388480
12.430080
13.093920
15.390720
15.976800
16.125120
15.444000
12.392640
9.321120
10.045440
8.496000
16.025760
15.510240
14.699520
11.518560
16.601760
14.096160
11.652480
0.936000
12.888000
14.127840
4.996800
2.305440
16.005600
19.545120
19.081440
18.830880
15.886080
19.206720
18.923040
17.128800
17.799840
19.265760
17.995680
17.465760
19.805760
20.011680
20.010240
9.390240
7.175520
6.109920
11.445120
21.237120
18.344160
20.219040
18.655200
22.183200
20.877120
18.017280
15.321600
18.902880
18.738720
23.287680
22.289760
22.930560
19.812960
17.814240
19.766880
21.899520
19.942560
12.241440
6.962400
13.916160
24.046560
23.217120
22.955040
21.421440
15.328800
18.203040
10.340640
11.295360
17.532000
15.740640
12.903840
18.100800
14.258880
18.984960
10.787040
11.292480
9.479520
16.025760
23.300640
19.137600
21.477600
16.794720
22.785120
18.790560
23.264640
22.675680
19.821600
23.129280
22.718880
15.691680
17.742240
5.968800
17.019360
17.814240
10.872000
22.111200
23.428800
23.790240
22.906080
15.001920
21.172320
8.580960
15.003360
17.542080
20.164320
23.015520
21.723840
20.030400
14.598720
12.839040
8.265600
22.829760
22.368960
17.212320
9.347040
23.142240
15.876000
20.949120
23.332320
20.655360
20.992320
16.056000
19.925280
23.266080
22.841280
18.342720
18.279360
20.522880
21.576960
23.158080
23.006880
20.406240
13.076640
21.529440
19.349280
5.569920
13.289760
22.857120
22.521600
12.847680
10.494720
17.781120
14.945760
14.999040
19.412640
19.614240
16.591680
17.900640
20.770560
12.474720
8.519040
16.529760
20.580480
16.449120
12.780000
20.011680
15.413760
14.015520
9.017280
7.974720
4.200480
20.322720
13.105440
15.128640
19.503360
16.243200
18.894240
9.914400
15.060960
17.922240
17.337600
12.193920
12.538080
6.076800
10.620000
12.798720
12.745440
12.651840
12.070080
17.347680
13.695840
10.591200
9.750240
6.691680
15.874560
14.555520
12.932640
10.226880
13.815360
14.004000
9.509760
3.333600
5.790240
8.863200
13.593600
15.101280
13.739040
2.509920
11.501280
5.117760
10.923840
13.933440
12.123360
13.944960
7.208640
9.483840
12.278880
13.834080
12.396960
10.738080
12.265920
10.398240
12.638880
5.991840
9.933120
11.288160
11.805120
12.458880
11.596320
11.175840
10.766880
11.990880
11.795040
11.207520
10.781280
10.681920
5.640480
6.625440
8.148960
9.486720
7.783200
5.999040
5.607360
5.843520
2.427840
9.443520
10.447200
10.039680
3.862080
3.332160
6.438240
4.116960
9.535680
8.870400
2.063520
8.959680
8.385120
7.240320
8.369280
8.565120
6.045120
5.245920
3.990240
4.871520
3.962880
3.654720
3.263040
2.875680
5.421600
0.969120
1.684800
5.994720
4.821120
6.209280
1.494720
7.261920
7.773120
7.725600
6.248160
7.807680
6.474240
7.536960
6.877440
5.941440
3.250080
1.234080
5.780160
2.725920
5.358240
6.505920
4.942080
7.476480
7.447680
7.130880
7.568640
7.126560
7.164000
4.042080
6.840000
7.885440
7.672320
7.727040
6.490080
7.544160
7.492320
7.637760
7.630560
7.423200
4.273920
7.773120
7.845120
7.757280
7.227360
8.218080
7.087680
7.899840
7.688160
2.581920
8.467200
7.441920
2.010240
5.038560
6.276960
8.870400
9.167040
8.680320
9.272160
7.246080
4.677120
8.966880
7.300800
3.638880
7.564320
8.648640
4.282560
3.686400
4.924800
9.027360
10.638720
10.029600
10.827360
11.062080
11.469600
8.071200
6.701760
9.576000
5.008320
6.451200
11.155680
2.937600
10.876320
11.884320
11.125440
4.592160
13.478400
9.707040
13.548960
10.275840
9.187200
13.341600
13.174560
10.954080
5.680800
11.387520
3.810240
15.274080
14.853600
13.573440
15.060960
12.581280
14.688000
13.242240
14.181120
12.153600
12.003840
13.592160
13.026240
14.770080
6.567840
12.587040
8.264160
3.896640
6.310080
6.105600
6.099840
9.354240
18.010080
18.217440
17.377920
11.773440
13.212000
18.689760
17.265600
18.485280
17.183520
14.885280
14.510880
13.734720
17.208000
20.188800
19.939680
18.933120
16.313760
17.824320
19.681920
20.170080
15.007680
12.044160
16.218720
17.075520
16.692480
15.069600
20.914560
10.291680
17.588160
17.593920
12.653280
11.229120
13.600800
22.011840
13.255200
16.413120
16.754400
16.689600
18.874080
12.519360
15.009120
21.990240
18.580320
22.344480
22.292640
21.408480
21.248640
22.629600
19.224000
14.253120
21.517920
22.976640
23.009760
22.929120
3.604320
17.232480
22.690080
24.114240
19.239840
16.914240
16.608960
22.216320
23.237280
23.634720
22.534560
22.622400
18.931680
22.757760
23.224320
15.579360
24.071040
24.520320
24.406560
23.330880
13.898880
15.261120
15.132960
17.180640
19.002240
15.204960
17.572320
12.127680
12.997440
23.957280
24.468480
21.528000
24.082560
23.438880
22.777920
14.338080
23.086080
23.440320
23.924160
23.022720
23.705280
23.735520
22.878720
22.487040
13.105440
22.196160
21.176640
21.981600
22.592160
22.265280
18.740160
24.040800
23.209920
20.334240
21.411360
21.951360
22.219200
22.053600
21.392640
20.496960
20.426400
18.573120
17.765280
20.352960
22.527360
20.835360
20.098080
11.985120
19.308960
11.011680
14.692320
12.854880
9.745920
10.228320
14.614560
22.102560
20.384640
19.419840
20.504160
20.921760
19.657440
7.741440
20.468160
21.804480
21.045600
12.199680
14.335200
16.797600
11.916000
19.961280
13.957920
8.830080
19.248480
19.716480
17.632800
12.108960
15.664320
20.512800
19.389600
19.320480
17.739360
17.916480
19.013760
18.630720
15.531840
17.364960
8.641440
11.521440
4.668480
17.464320
14.378400
14.351040
12.359520
16.879680
6.222240
8.098560
13.298400
14.428800
11.753280
11.904480
16.017120
17.448480
15.796800
16.153920
16.259040
16.282080
15.498720
14.423040
14.747040
15.436800
9.878400
8.390880
14.290560
6.481440
2.895840
6.166080
13.145760
5.734080
7.021440
9.303840
13.659840
13.599360
12.882240
11.201760
12.807360
12.075840
7.824960
3.850560
11.417760
11.275200
10.291680
9.501120
6.268320
4.576320
2.223360
8.501760
11.607840
11.184480
3.111840
6.583680
4.874400
6.120000
9.293760
9.521280
10.267200
10.674720
9.345600
0.701280
8.411040
9.897120
9.694080
9.743040
9.512640
5.670720
9.362880
9.097920
9.390240
9.207360
2.806560
9.090720
9.243360
8.651520
9.041760
8.601120
8.496000
7.650720
6.644160
6.058080
8.775360
8.714880
5.624640
7.804800
8.236800
8.176320
7.951680
7.931520
7.912800
6.438240
7.004160
6.975360
5.356800
3.474720
1.730880
4.608000
6.037920
7.092000
6.638400
5.248800
6.700320
4.299840
5.999040
6.461280
5.800320
6.000480
6.474240
0.954720
4.003200
6.422400
5.019840
4.006080
5.859360
6.857280
7.086240
4.661280
5.879520
7.100640
6.081120
2.446560
5.135040
3.349440
3.440160
6.429600
6.811200
5.339520
6.336000
4.950720
6.020640
6.040800
7.868160
7.227360
3.231360
4.556160
8.699040
7.398720
5.247360
7.814880
7.971840
7.672320
5.230080
7.354080
2.759040
3.036960
6.527520
8.429760
8.002080
3.771360
8.724960
5.669280
9.633600
8.834400
7.215840
10.271520
9.809280
2.440800
9.083520
10.409760
6.441120
4.750560
2.154240
6.606720
9.164160
10.830240
11.691360
12.251520
12.461760
5.526720
12.286080
12.679200
10.820160
9.279360
11.808000
9.960480
11.260800
7.421760
6.033600
7.678080
12.575520
12.582720
12.621600
13.536000
12.421440
15.409440
12.584160
13.059360
15.441120
3.589920
15.343200
15.782400
15.842880
14.015520
10.025280
6.413760
8.805600
8.468640
13.656960
2.928960
11.715840
11.246400
9.885600
16.518240
17.488800
13.363200
14.251680
11.174400
8.454240
17.222400
17.857440
15.750720
8.017920
9.132480
9.786240
6.233760
2.381760
17.202240
17.991360
13.753440
19.887840
18.686880
19.365120
16.788960
19.569600
19.797120
19.147680
18.783360
20.204640
20.090880
18.018720
15.039360
8.033760
8.707680
17.036640
21.612960
21.247200
22.017600
5.345280
4.731840
18.476640
15.566400
23.516640
23.166720
22.485600
22.839840
21.676320
8.671680
7.783200
3.615840
3.962880
9.358560
17.480160
14.902560
20.607840
20.329920
20.924640
23.702400
14.983200
21.332160
22.991040
22.111200
23.379840
13.281120
23.797440
21.476160
18.028800
21.471840
20.443680
18.204480
24.746400
18.417600
10.571040
22.510080
23.751360
23.150880
12.817440
22.034880
18.783360
23.136480
22.358880
21.624480
20.496960
15.552000
17.821440
19.291680
25.109280
12.945600
22.389120
16.800480
19.707840
21.381120
23.653440
24.104160
24.121440
24.572160
23.904000
23.211360
18.799200
23.996160
22.629600
15.825600
21.660480
22.949280
22.559040
18.632160
21.106080
15.376320
21.954240
19.473120
18.059040
23.099040
23.016960
21.623040
13.898880
22.527360
23.304960
24.117120
23.283360
23.500800
23.808960
23.214240
15.314400
18.859680
13.030560
18.540000
21.913920
22.829760
22.433760
21.870720
20.642400
20.679840
21.185280
20.088000
21.483360
20.132640
21.051360
19.051200
16.156800
21.510720
18.915840
21.726720
18.620640
15.848640
20.934720
20.797920
21.163680
20.920320
21.301920
15.589440
16.829280
11.270880
18.931680
13.128480
20.376000
20.036160
20.026080
20.198880
19.992960
19.902240
18.986400
17.622720
5.152320
8.321760
16.508160
17.161920
17.454240
16.908480
15.613920
17.435520
17.547840
17.292960
13.642560
11.034720
12.421440
16.296480
16.444800
15.914880
11.646720
10.470240
16.090560
10.677600
16.266240
16.712640
10.098720
14.888160
12.047040
8.310240
13.897440
13.654080
9.944640
10.864800
15.144480
14.796000
14.699520
10.821600
8.141760
9.381600
9.776160
11.859840
4.105440
11.017440
9.077760
1.539360
1.879200
6.235200
3.464640
3.945600
8.336160
10.445760
11.041920
4.394880
8.909280
8.432640
7.079040
1.785600
3.841920
7.983360
8.899200
3.077280
5.277600
5.813280
9.547200
11.033280
10.700640
6.894720
9.228960
9.858240
9.613440
4.675680
6.796800
8.814240
10.290240
10.238400
7.935840
9.453600
9.080640
7.140960
6.194880
9.044640
8.949600
8.661600
8.436960
6.913440
7.012800
5.358240
2.233440
3.368160
2.437920
7.068960
6.953760
3.273120
2.910240
7.839360
6.272640
7.176960
7.826400
8.006400
6.706080
3.926880
3.931200
7.392960
7.067520
7.178400
7.384320
7.313760
7.394400
6.611040
7.047360
6.138720
2.036160
2.331360
5.512320
5.528160
2.049120
4.239360
7.084800
6.330240
6.992640
6.978240
6.101280
6.720480
6.717600
7.571520
7.600320
6.130080
6.193440
7.342560
6.495840
5.603040
6.850080
6.858720
7.475040
7.007040
6.971040
7.441920
4.592160
7.751520
5.875200
7.706880
8.402400
8.025120
8.353440
8.820000
8.471520
4.818240
1.926720
2.747520
2.737440
2.458080
6.814080
1.919520
4.272480
0.810720
3.558240
8.634240
8.334720
8.133120
6.127200
3.716640
5.546880
6.035040
6.245280
9.482400
9.167040
10.486080
11.229120
5.788800
4.635360
2.872800
1.321920
10.848960
9.743040
9.734400
11.486880
11.096640
11.534400
12.062880
12.287520
12.101760
4.599360
1.608480
12.346560
12.964320
12.952800
0.057600
-99.000000
10.032480
2.269440
9.581760
12.052800
14.191200
13.533120
12.939840
14.600160
15.069600
14.424480
9.718560
9.257760
14.958720
15.109920
15.824160
16.204320
15.727680
15.842880
16.038720
12.504960
12.736800
12.872160
4.520160
10.293120
14.824800
7.643520
17.740800
18.083520
18.135360
11.355840
5.883840
18.256320
18.895680
18.544320
12.402720
19.451520
19.077120
19.395360
19.712160
19.399680
18.397440
19.919520
19.595520
19.503360
15.658560
20.570400
18.110880
14.852160
11.080800
19.762560
21.588480
21.386880
19.840320
21.450240
16.644960
2.941920
5.067360
22.360320
18.329760
8.696160
22.734720
11.082240
6.287040
20.512800
17.357760
23.582880
22.533120
20.954880
20.435040
19.373760
13.525920
22.737600
23.440320
20.335680
22.419360
22.091040
19.988640
16.135200
24.572160
23.986080
22.763520
22.196160
21.695040
23.035680
23.250240
23.073120
21.327840
21.712320
14.584320
10.405440
21.494880
22.864320
22.999680
9.362880
9.960480
15.289920
20.800800
12.744000
23.538240
20.905920
23.729760
24.024960
23.509440
24.210720
23.522400
21.932640
23.356800
23.231520
23.567040
23.238720
22.762080
18.924480
22.080960
22.191840
21.601440
9.643680
19.113120
16.195680
19.736640
25.250400
24.982560
17.013600
24.549120
24.109920
24.291360
24.131520
16.333920
19.609920
11.181600
22.042080
19.728000
21.067200
22.510080
20.531520
14.345280
21.071520
20.040480
21.401280
20.875680
19.206720
19.059840
10.123200
18.040320
10.612800
22.883040
22.524480
21.535200
22.308480
19.180800
21.598560
21.363840
20.448000
7.428960
18.980640
19.761120
20.305440
19.812960
17.739360
14.827680
11.651040
11.770560
21.540960
20.748960
21.369600
20.452320
20.845440
17.215200
17.341920
19.857600
19.120320
12.120480
17.377920
20.136960
19.995840
17.530560
16.836480
17.192160
16.904160
14.418720
16.892640
9.264960
9.361440
6.084000
13.669920
19.228320
11.854080
13.736160
18.125280
12.522240
17.055360
13.919040
4.404960
18.492480
17.125920
15.616800
17.180640
12.209760
2.131200
17.046720
15.707520
11.515680
17.216640
15.664320
14.015520
7.598880
14.332320
14.863680
10.123200
13.743360
12.515040
11.200320
14.713920
6.960960
5.919840
8.591040
8.267040
8.349120
13.996800
13.533120
12.588480
13.692960
11.790720
12.394080
12.173760
9.776160
11.977920
6.831360
8.745120
9.210240
10.398240
5.093280
2.325600
7.994880
10.831680
11.983680
11.676960
6.363360
8.294400
9.900000
10.405440
10.448640
10.713600
10.170720
7.740000
7.712640
7.260480
7.192800
6.625440
9.349920
10.016640
9.871200
5.173920
8.701920
7.588800
3.090240
9.063360
9.236160
9.014400
8.729280
8.442720
8.115840
7.721280
8.007840
7.924320
8.111520
7.607520
6.298560
6.017760
2.702880
7.483680
6.632640
7.698240
3.461760
7.807680
3.006720
5.856480
7.678080
7.348320
7.149600
7.053120
5.545440
3.108960
6.465600
3.237120
2.257920
5.171040
4.599360
3.569760
6.278400
7.113600
6.976800
2.095200
5.745600
6.140160
6.340320
5.270400
6.616800
6.717600
2.489760
5.965920
6.968160
6.626880
3.955680
5.761440
4.466880
6.573600
6.281280
4.788000
7.322400
7.138080
2.999520
0.586080
6.649920
6.874560
6.998400
7.411680
7.640640
3.896640
7.303680
7.613280
7.660800
7.996320
7.901280
5.522400
8.115840
4.785120
7.771680
7.810560
8.101440
1.779840
0.792000
6.111360
8.627040
8.951040
8.788320
9.001440
1.571040
6.170400
7.778880
1.687680
1.128960
5.297760
10.373760
8.225280
9.226080
10.944000
9.321120
3.373920
9.437760
3.798720
10.882080
5.204160
5.263200
11.278080
9.902880
7.896960
10.188000
11.877120
11.180160
12.032640
12.034080
4.901760
3.712320
1.033920
4.340160
10.553760
12.235680
5.673600
6.618240
13.016160
14.886720
6.245280
13.433760
13.423680
12.252960
11.252160
7.407360
11.069280
13.260960
13.644000
9.122400
16.895520
11.748960
12.306240
16.295040
16.227360
15.671520
2.122560
7.439040
17.213760
15.343200
18.069120
13.890240
17.087040
17.081280
18.335520
14.574240
17.121600
18.797760
18.210240
13.140000
10.504800
4.024800
18.711360
12.348000
4.448160
14.004000
4.574880
4.281120
18.894240
7.395840
20.230560
19.042560
18.583200
19.375200
20.020320
17.426880
14.967360
18.612000
18.521280
19.255680
18.136800
11.213280
6.516000
19.327680
9.100800
22.976640
13.032000
8.107200
7.765920
10.442880
11.059200
11.645280
17.868960
9.957600
22.547520
3.486240
21.803040
20.505600
21.960000
18.362880
19.668960
13.662720
13.214880
15.409440
21.852000
17.991360
19.833120
22.004640
18.918720
16.518240
19.032480
12.225600
19.067040
12.034080
17.776800
21.394080
17.046720
5.896800
19.457280
9.864000
8.030880
12.048480
19.599840
20.465280
15.225120
20.953440
18.714240
18.080640
23.453280
20.142720
20.977920
19.170720
24.027840
23.073120
23.192640
12.993120
22.616640
19.052640
20.151360
22.733280
21.571200
20.319840
13.652640
20.881440
23.268960
22.970880
17.311680
21.101760
23.902560
11.658240
23.041440
20.544480
22.472640
21.018240
19.428480
15.360480
19.699200
18.469440
21.905280
21.782880
13.884480
19.271520
21.421440
22.307040
19.369440
15.948000
15.811200
22.757760
21.196800
19.846080
22.232160
20.341440
19.337760
20.676960
19.876320
20.911680
20.907360
19.834560
19.650240
17.676000
17.930880
17.756640
18.076320
16.195680
5.965920
13.701600
18.547200
15.888960
15.019200
17.254080
20.458080
18.993600
8.354880
19.520640
20.351520
19.751040
18.593280
17.827200
17.673120
19.046880
12.497760
12.522240
17.483040
14.857920
15.472800
12.898080
3.692160
6.154560
14.706720
12.041280
13.286880
13.949280
10.882080
16.909920
13.587840
11.147040
9.830880
15.320160
12.399840
16.598880
15.134400
5.712480
13.871520
15.962400
7.145280
15.464160
15.500160
14.898240
14.732640
14.624640
9.943200
11.319840
9.655200
14.832000
14.834880
12.218400
13.501440
12.710880
14.634720
14.041440
13.714560
12.942720
9.311040
11.972160
8.860320
6.495840
8.948160
11.420640
8.108640
5.870880
8.291520
10.044000
10.869120
10.071360
4.392000
7.119360
8.292960
10.971360
7.155360
11.242080
11.334240
11.062080
8.150400
1.343520
4.482720
6.868800
9.228960
3.866400
10.398240
7.005600
10.265760
9.465120
3.396960
7.387200
8.376480
3.955680
5.695200
8.025120
8.762400
7.011360
7.640640
5.554080
0.387360
6.950880
1.961280
4.392000
3.932640
2.956320
6.449760
5.029920
1.336320
7.994880
4.311360
5.466240
7.751520
6.861600
5.879520
5.853600
6.101280
6.815520
4.978080
6.276960
6.714720
6.199200
5.405760
6.059520
6.684480
5.486400
6.256800
5.474880
1.082880
5.734080
5.549760
1.781280
5.932800
4.348800
6.593760
6.832800
5.826240
6.416640
6.275520
6.658560
4.596480
5.160960
6.602400
6.557760
6.752160
7.151040
6.903360
6.971040
7.240320
7.080480
6.442560
7.283520
7.486560
6.488640
6.913440
7.470720
7.617600
7.598880
7.524000
6.402240
5.054400
7.662240
6.426720
6.540480
4.896000
7.621920
2.665440
7.947360
6.874560
6.433920
9.041760
8.647200
8.848800
8.510400
9.069120
2.545920
8.861760
7.456320
5.608800
5.348160
10.153440
10.088640
9.597600
9.632160
7.263360
9.515520
9.531360
8.498880
10.147680
11.095200
11.102400
11.306880
11.538720
11.682720
11.551680
9.891360
9.129600
5.918400
11.478240
12.277440
11.862720
12.301920
12.165120
12.337920
13.099680
12.399840
12.984480
12.712320
12.542400
11.165760
11.967840
1.831680
11.331360
14.711040
14.240160
14.675040
13.731840
10.944000
12.211200
14.827680
15.809760
15.752160
15.507360
13.923360
10.614240
15.050880
16.526880
16.034400
16.706880
16.734240
16.925760
17.791200
17.516160
17.388000
16.827840
16.990560
10.188000
15.945120
12.283200
6.585120
19.666080
10.225440
16.731360
12.299040
16.156800
11.329920
12.372480
16.642080
20.178720
20.406240
18.197280
14.780160
14.708160
15.459840
9.508320
13.056480
5.869440
8.853120
5.319360
15.029280
15.999840
8.932320
22.187520
20.518560
15.173280
9.789120
17.239680
18.429120
14.310720
3.594240
22.953600
23.755680
21.574080
7.967520
14.165280
22.227840
17.527680
13.200480
23.724000
21.352320
23.251680
22.246560
19.774080
6.364800
21.473280
15.111360
23.575680
23.912640
21.564000
21.435840
3.155040
-99.000000
0.213120
21.386880
16.254720
23.929920
23.261760
24.196320
24.107040
24.137280
22.824000
23.366880
13.711680
20.740320
20.697120
22.897440
8.987040
21.336480
2.479680
23.444640
21.185280
15.592320
20.183040
22.466880
24.163200
23.273280
22.917600
20.455200
14.654880
22.315680
22.606560
21.867840
22.060800
22.487040
22.620960
22.943520
22.461120
22.736160
22.629600
21.772800
21.638880
21.412800
22.101120
19.573920
17.127360
6.593760
12.179520
23.641920
23.418720
22.736160
20.669760
14.061600
21.769920
23.368320
12.755520
16.005600
19.380960
21.790080
21.486240
21.905280
19.617120
21.800160
22.052160
15.703200
12.296160
23.099040
22.485600
16.691040
18.552960
21.101760
21.443040
21.211200
20.701440
20.576160
18.722880
9.177120
18.472320
21.612960
21.474720
19.997280
17.339040
20.639520
21.656160
18.921600
12.998880
20.365920
18.868320
16.355520
9.305280
18.694080
17.663040
18.835200
18.897120
19.330560
14.492160
5.451840
19.172160
17.229600
17.845920
14.402880
11.646720
17.907840
19.013760
18.695520
14.541120
18.659520
18.496800
14.127840
12.144960
2.885760
12.303360
17.382240
7.715520
13.242240
15.287040
13.819680
15.978240
14.559840
12.029760
15.024960
5.739840
13.461120
12.875040
15.949440
11.109600
15.228000
10.664640
11.293920
14.804640
11.489760
13.828320
13.711680
13.644000
13.332960
9.744480
8.212320
12.972960
12.300480
4.076640
5.397120
4.364640
7.938720
10.722240
6.795360
13.059360
12.191040
11.419200
8.485920
10.533600
4.514400
4.433760
2.714400
7.277760
11.064960
11.345760
11.013120
10.465920
3.988800
8.197920
9.770400
5.034240
7.524000
9.095040
8.651520
9.725760
8.347680
9.897120
4.330080
8.566560
7.454880
8.120160
7.716960
9.339840
4.950720
1.679040
7.087680
8.458560
6.347520
6.325920
8.484480
5.490720
5.538240
3.972960
7.030080
8.059680
7.259040
7.591680
6.203520
6.576480
5.675040
7.138080
4.334400
6.382080
4.442400
0.276480
2.308320
5.915520
7.025760
7.089120
7.153920
5.464800
3.821760
3.517920
4.618080
4.481280
7.011360
1.523520
3.883680
5.315040
3.422880
3.107520
4.574880
7.001280
6.239520
5.819040
6.874560
5.715360
7.043040
7.092000
5.444640
4.737600
3.630240
6.835680
6.197760
5.495040
7.210080
7.352640
7.208640
7.234560
7.066080
6.641280
3.179520
7.390080
7.791840
6.518880
7.836480
7.068960
7.607520
7.692480
7.165440
3.424320
2.031840
0.446400
1.288800
6.531840
7.734240
3.612960
8.033760
6.703200
5.277600
5.932800
7.498080
8.812800
7.748640
9.286560
8.748000
9.185760
10.177920
9.936000
5.888160
5.794560
9.440640
10.005120
5.748480
1.159200
9.712800
7.840800
9.967680
6.000480
9.216000
11.581920
11.593440
11.144160
11.488320
11.406240
12.094560
12.276000
6.822720
12.434400
11.397600
5.775840
9.315360
11.551680
13.057920
9.076320
6.599520
8.938080
11.544480
14.513760
14.083200
14.319360
9.784800
14.620320
13.161600
9.787680
9.198720
9.167040
1.556640
6.677280
8.461440
14.797440
15.346080
15.691680
9.462240
6.284160
7.607520
7.436160
9.810720
11.813760
13.350240
17.441280
2.962080
3.445920
2.717280
9.547200
16.538400
19.170720
19.311840
18.063360
9.044640
15.739200
18.577440
17.383680
12.157920
17.390880
2.207520
15.865920
15.690240
15.975360
13.540320
10.303200
3.188160
1.510560
-99.000000
-99.000000
-99.000000
17.540640
21.415680
16.045920
8.065440
22.281120
21.385440
18.223200
19.211040
21.597120
22.128480
21.519360
14.456160
21.633120
19.496160
21.722400
6.922080
6.043680
19.592640
13.201920
20.423520
5.482080
12.931200
10.523520
21.971520
21.136320
23.739840
23.754240
21.879360
23.587200
21.356640
13.170240
20.649600
23.454720
23.490720
22.422240
20.365920
14.617440
21.651840
11.404800
16.338240
20.279520
11.707200
24.109920
22.383360
6.213600
16.028640
18.859680
21.576960
8.598240
19.889280
24.410880
16.034400
23.281920
7.724160
18.825120
15.390720
14.322240
18.730080
23.950080
21.137760
24.288480
23.830560
23.469120
23.444640
22.661280
23.050080
14.592960
17.398080
23.398560
20.792160
18.728640
22.790880
23.948640
22.557600
20.391840
22.956480
20.753280
18.891360
22.893120
17.287200
18.070560
21.473280
20.213280
13.759200
17.601120
22.965120
23.297760
11.259360
22.710240
19.278720
22.436640
20.445120
19.487520
21.885120
21.869280
19.640160
21.444480
21.450240
20.226240
21.336480
19.222560
19.038240
19.200960
22.464000
22.358880
21.234240
20.649600
19.386720
13.559040
14.906880
15.999840
15.338880
17.670240
19.913760
14.960160
13.576320
10.568160
20.468160
20.508480
19.195200
14.366880
16.349760
15.238080
18.796320
19.046880
16.168320
13.721760
9.624960
20.293920
19.169280
14.827680
14.594400
17.403840
18.406080
17.313120
15.611040
13.864320
10.592640
8.019360
15.361920
17.576640
17.216640
17.112960
16.866720
14.356800
15.310080
9.545760
3.803040
10.560960
15.920640
7.224480
11.488320
13.770720
9.912960
16.277760
15.714720
6.366240
15.374880
14.464800
14.143680
12.473280
2.524320
10.961280
14.143680
14.546880
13.505760
8.652960
10.650240
10.429920
5.057280
13.403520
13.714560
11.505600
6.815520
11.805120
12.899520
12.238560
10.216800
7.519680
5.528160
7.650720
2.734560
11.244960
11.128320
9.316800
11.305440
8.582400
9.074880
9.802080
10.566720
10.533600
10.298880
9.836640
2.646720
1.801440
7.398720
2.424960
2.446560
8.308800
8.788320
8.615520
8.989920
6.425280
7.355520
7.305120
8.075520
3.241440
8.262720
7.244640
7.888320
6.562080
8.176320
8.094240
7.794720
6.662880
3.330720
3.605760
3.224160
2.037600
6.812640
7.240320
5.055840
6.527520
7.237440
4.616640
6.693120
5.689440
2.941920
3.204000
6.513120
5.516640
4.602240
7.135200
6.069600
3.545280
4.654080
6.963840
4.628160
1.908000
4.760640
4.949280
5.948640
6.687360
4.059360
2.551680
7.212960
6.588000
3.729600
7.218720
5.656320
6.469920
6.973920
1.897920
5.955840
7.452000
7.508160
6.945120
8.148960
3.481920
4.425120
1.297440
2.018880
7.544160
7.794720
7.822080
7.506720
6.344640
7.954560
7.876800
4.213440
8.017920
2.469600
6.396480
5.857920
6.844320
8.349120
4.308480
8.647200
8.709120
7.103520
8.369280
6.661440
7.498080
9.701280
9.393120
8.148960
7.493760
7.182720
4.891680
6.331680
3.535200
4.284000
8.205120
10.905120
5.014080
10.018080
1.261440
1.536480
9.508320
10.968480
7.876800
7.845120
7.944480
5.218560
1.352160
9.851040
9.449280
9.115200
5.580000
10.173600
10.579680
6.770880
4.121280
7.231680
7.344000
9.757440
8.389440
6.734880
6.153120
13.750560
15.245280
13.451040
2.507040
15.582240
14.181120
