20000101
5.045760
2.856960
5.796000
6.317280
7.220160
6.469920
3.143520
4.564800
2.329920
3.648960
7.251840
7.289280
7.175520
4.073760
1.756800
2.540160
7.476480
7.768800
6.897600
7.714080
8.003520
7.869600
6.897600
9.120960
7.963200
5.355360
4.819680
4.898880
8.506080
8.808480
8.483040
7.094880
7.116480
9.744480
9.758880
10.097280
9.102240
8.841600
8.485920
10.568160
10.176480
9.649440
10.980000
8.006400
5.987520
9.944640
10.059840
6.881760
8.868960
9.660960
12.828960
12.614400
10.902240
12.975840
12.376800
12.988800
13.320000
13.944960
12.834720
11.384640
12.045600
14.598720
14.633280
12.795840
14.947200
14.567040
11.904480
14.109120
15.030720
15.168960
14.980320
13.609440
13.308480
14.644800
15.464160
16.204320
16.417440
15.315840
15.078240
7.498080
6.914880
10.029600
10.045440
16.349760
13.962240
14.770080
11.950560
9.550080
12.542400
9.754560
10.627200
16.839360
9.267840
13.615200
10.088640
11.724480
18.974880
18.180000
4.279680
13.449600
11.053440
11.217600
14.535360
16.053120
13.710240
19.114560
6.223680
15.464160
14.397120
13.836960
19.756800
18.937440
16.570080
15.756480
21.631680
20.764800
19.529280
6.900480
14.961600
18.279360
13.678560
17.197920
20.808000
15.645600
15.130080
12.240000
15.822720
17.340480
12.939840
7.519680
5.732640
17.359200
20.207520
22.587840
22.488480
23.169600
21.598560
11.648160
21.165120
21.016800
13.063680
10.568160
18.168480
20.201760
17.635680
17.343360
20.874240
22.597920
14.099040
18.135360
22.233600
21.666240
22.563360
19.977120
23.522400
14.837760
20.651040
24.408000
24.780960
24.563520
22.132800
4.963680
11.512800
22.384800
18.182880
19.192320
23.893920
24.192000
23.342400
24.808320
24.454080
24.082560
22.626720
23.028480
19.784160
21.758400
23.734080
20.711520
22.438080
23.225760
22.540320
21.898080
23.582880
20.954880
21.136320
24.333120
21.870720
19.333440
22.487040
-99.000000
-99.000000
-99.000000
-99.000000
-99.000000
-99.000000
-99.000000
-99.000000
-99.000000
-99.000000
-99.000000
-99.000000
4.011840
22.105440
20.790720
5.932800
19.208160
17.589600
22.767840
22.181760
21.767040
22.376160
21.015360
20.776320
17.904960
19.396800
15.310080
20.099520
18.734400
21.432960
21.091680
20.700000
20.512800
20.476800
17.900640
15.959520
17.930880
19.288800
19.316160
19.363680
19.064160
18.839520
19.360800
19.663200
17.285760
19.942560
18.014400
10.182240
17.170560
17.503200
18.781920
15.981120
16.303680
9.283680
18.593280
18.349920
18.279360
17.533440
18.298080
18.106560
18.069120
17.097120
17.455680
17.360640
17.268480
16.552800
14.417280
15.422400
15.887520
15.850080
15.498720
9.940320
15.173280
9.753120
10.160640
16.378560
16.117920
15.131520
14.587200
11.831040
12.837600
10.470240
10.944000
12.672000
11.269440
10.897920
13.831200
12.430080
14.204160
10.186560
13.057920
14.005440
13.559040
13.443840
8.173440
3.915360
2.635200
2.613600
11.052000
6.828480
6.022080
11.128320
11.823840
9.684000
8.274240
3.706560
-99.000000
2.678400
4.423680
3.424320
3.473280
9.731520
10.226880
6.874560
7.024320
8.125920
9.993600
1.918080
5.554080
8.943840
4.324320
8.025120
7.316640
6.516000
9.649440
9.374400
2.507040
6.081120
1.877760
8.157600
3.646080
8.364960
6.036480
2.826720
3.765600
3.081600
-99.000000
-99.000000
-99.000000
-99.000000
-99.000000
-99.000000
-99.000000
4.652640
3.839040
7.139520
5.479200
4.586400
7.109280
6.107040
5.404320
4.314240
1.175040
4.674240
6.550560
4.705920
4.327200
5.541120
3.994560
2.265120
6.199200
6.230880
6.909120
6.572160
6.399360
5.260320
3.281760
1.438560
4.554720
1.941120
6.585120
6.742080
4.233600
2.188800
3.402720
2.744640
7.035840
4.979520
4.952160
6.262560
6.706080
2.131200
1.340640
4.877280
4.096800
3.515040
6.363360
3.468960
4.633920
2.593440
1.591200
3.631680
6.580800
6.418080
2.954880
3.843360
5.610240
8.156160
4.036320
5.757120
2.818080
6.811200
5.961600
7.950240
4.465440
6.397920
9.590400
5.289120
8.801280
9.889920
9.684000
9.152640
9.694080
4.792320
4.298400
7.283520
10.635840
9.973440
10.788480
10.977120
7.359840
3.404160
4.013280
9.508320
9.182880
10.833120
11.720160
11.754720
11.675520
12.330720
12.540960
5.546880
13.252320
13.158720
6.952320
7.116480
9.453600
3.852000
9.190080
6.065280
11.361600
7.156800
6.369120
12.401280
9.000000
9.986400
13.295520
9.763200
11.258640
7.671600
15.792480
6.779520
14.821200
15.130800
14.575680
14.860800
14.862240
14.376960
16.057440
13.413600
16.061760
16.077600
16.122240
14.529600
9.480960
18.947520
17.917920
19.285920
19.421280
18.469440
18.815760
14.187600
15.893280
15.428160
18.349920
18.681120
18.691200
20.579040
20.864160
18.506880
21.051360
21.365280
20.053440
20.053440
7.529760
19.352160
17.176320
16.362720
14.119200
17.186400
21.591360
21.172320
21.772800
16.617600
22.772160
18.894240
6.999840
15.809760
19.643040
11.638080
16.441920
12.163680
22.089600
22.698720
23.222880
10.666080
1.530720
20.761920
23.402880
22.884480
15.462720
22.584960
24.199200
13.584240
19.485360
23.011200
9.293760
22.065840
20.464560
20.413440
17.912160
22.754880
25.080480
24.524640
24.953760
25.086240
25.263360
24.287040
23.135760
24.302160
25.655760
25.431120
25.437600
25.488000
24.942240
25.084800
18.135360
10.545120
25.915680
23.243040
22.273920
25.218720
21.244320
24.020640
23.009760
26.498880
26.429040
26.108640
26.020080
25.576560
24.509520
22.430880
24.436800
25.149600
21.941280
26.352000
26.027280
25.191360
24.715440
24.567840
21.719520
15.913440
16.856640
17.322480
25.567200
20.124720
5.725440
22.589280
24.422400
24.330240
19.851840
22.600800
19.452960
10.319040
25.172640
25.408800
13.684320
25.457760
25.387200
24.302160
22.027680
20.854800
23.281920
22.458240
19.935360
18.439200
23.317920
21.323520
20.977920
20.819520
20.858400
21.120480
19.128960
21.756960
22.685760
22.331520
17.883360
17.124480
21.509280
21.588480
21.578400
20.867040
20.201760
10.990080
5.270400
20.875680
14.034240
17.974080
21.075840
21.255840
20.800800
20.679840
20.102400
20.250720
18.198720
20.066400
20.263680
16.947360
19.156320
18.489600
18.374400
17.553600
13.924800
8.485920
18.135360
12.967200
18.979200
19.536480
19.594080
19.500480
19.131840
14.875200
18.459360
16.362720
18.786240
18.154080
17.435520
1.897920
11.799360
12.947040
15.832800
6.246720
11.917440
11.172960
15.734880
16.552800
14.700960
6.121440
12.026880
15.729120
15.223680
15.418080
13.934880
8.703360
10.285920
9.799920
14.541840
10.283040
7.356960
5.994720
9.354240
10.464480
5.420160
12.768480
9.190080
13.332960
3.581280
12.407040
9.514080
7.073280
8.654400
11.744640
10.118880
11.443680
10.836000
7.767360
8.346240
9.679680
9.141120
9.966240
9.070560
9.588960
2.105280
9.347040
9.279360
4.142880
8.267040
8.573760
8.097120
7.552800
8.737920
2.669760
7.971840
2.283840
2.816640
1.956960
2.092320
3.166560
2.188800
3.132000
5.232960
7.306560
2.527200
7.898400
7.806240
7.511040
5.261040
4.964400
7.842240
4.849920
6.478560
7.192800
5.886720
2.610720
5.029920
6.942960
5.848560
4.903200
2.345760
5.234400
7.194240
6.848640
6.946560
6.779520
3.350880
0.329760
7.084800
8.534880
3.407040
7.417440
1.068480
8.157600
8.640000
1.984320
7.228800
7.400160
6.117120
6.752160
6.926400
6.788160
2.584800
1.533600
0.961920
0.665280
3.425760
1.611360
2.203200
4.919040
3.555360
2.980800
6.346080
3.378240
4.118400
5.984640
3.592800
3.928320
3.404160
6.701760
5.119200
6.053760
3.191040
7.803360
8.049600
7.957440
2.779200
8.749440
8.415360
8.644320
8.536320
8.951040
8.825760
6.757920
7.891200
9.495360
10.103040
7.997760
9.053280
8.352000
4.942080
10.769760
10.450080
10.147680
10.298880
10.686240
10.419120
7.710480
6.835680
9.580320
2.805120
4.900320
10.087200
11.237760
9.028800
12.579840
12.562560
8.795520
12.612960
12.875040
10.828800
12.677760
4.708800
5.436000
5.585760
7.760160
7.958880
2.776320
6.359040
5.294880
13.083840
12.555360
14.639040
11.643840
5.790240
7.714080
11.426400
14.578560
6.834240
6.488640
9.692640
12.778560
16.590240
16.935840
16.335360
16.297920
16.574400
13.527360
14.636160
14.631840
8.136000
3.072960
18.731520
14.261760
18.043200
3.271680
1.851840
13.970880
19.277280
9.715680
12.218400
8.748000
18.859680
11.136960
9.786240
2.828160
12.778560
14.366880
12.126240
19.476000
20.730240
17.645760
16.813440
21.123360
21.231360
21.376800
20.412000
20.096640
21.291840
18.688320
17.006400
15.963840
21.458880
21.123360
12.951360
10.594080
13.998240
20.050560
18.105120
6.118560
2.568960
4.116960
7.495200
3.820320
8.896320
21.454560
22.763520
21.908160
20.707200
15.540480
11.643840
21.556800
23.859360
20.869920
21.774240
12.126240
17.988480
23.438880
24.161760
20.314080
21.926880
23.847840
23.290560
22.249440
23.672160
19.998720
23.208480
17.244000
9.460800
9.361440
20.122560
22.661280
8.537760
21.810240
24.017760
24.465600
14.706720
19.725120
19.748160
18.696960
19.216800
19.247040
18.728640
17.981280
15.403680
3.493440
-99.000000
-99.000000
-99.000000
11.590560
17.223840
14.777280
19.440000
6.613920
5.742720
12.137760
18.738720
18.076320
17.637120
15.160320
16.361280
18.411840
16.113600
17.750880
17.465760
13.451040
17.013600
18.996480
24.238080
19.356480
22.230720
23.012640
23.088960
22.112640
21.745440
21.067200
19.694880
21.434400
22.332960
22.582080
22.618080
21.859200
21.097440
18.786240
18.901440
17.189280
11.592000
14.541120
19.247040
19.212480
21.173760
21.139200
19.319040
7.236000
15.333120
13.294080
20.701440
21.052800
21.931200
17.817120
19.565280
18.275040
20.190240
17.076960
17.753760
19.519200
16.820640
9.508320
13.652640
5.235840
16.417440
13.161600
10.203840
15.563520
18.707040
18.961920
16.575840
0.007200
5.859360
15.945120
17.390880
13.464000
18.832320
15.897600
-99.000000
-99.000000
2.746080
15.415200
17.172000
11.063520
17.300160
15.863040
9.963360
12.824640
10.195200
12.974400
9.344160
11.672640
14.119200
15.716160
16.002720
16.335360
14.987520
15.589440
14.479200
15.192000
13.389120
6.253920
2.426400
8.051040
12.267360
13.412160
13.376160
14.188320
11.358720
3.600000
4.829760
9.488160
6.279840
12.938400
12.460320
8.820000
11.283840
6.503040
11.617920
11.741760
11.036160
8.399520
11.507040
8.929440
8.205120
10.548000
11.080800
10.988640
9.548640
10.647360
5.650560
6.177600
9.777600
8.663040
5.303520
7.885440
8.189280
7.462080
8.340480
8.419680
6.815520
6.824160
5.120640
6.501600
9.066240
2.057760
2.468160
8.271360
7.447680
6.330240
7.148160
0.822240
5.860800
7.784640
2.511360
1.896480
3.540960
7.172640
7.100640
3.428640
4.135680
6.272640
1.272960
5.071680
2.894400
3.195360
6.419520
6.668640
3.493440
1.474560
5.194080
4.739040
5.304960
5.879520
5.634720
3.977280
6.072480
6.088320
1.402560
2.892960
1.124640
2.904480
2.764800
5.860800
5.215680
5.477760
6.156000
4.864320
1.766880
3.893760
5.457600
1.317600
6.959520
6.012000
4.960800
5.523840
4.698720
3.994560
0.928800
3.041280
1.886400
4.020480
5.371200
8.592480
7.192800
8.115840
5.126400
7.850880
7.440480
5.224320
4.214880
2.067840
5.401440
6.492960
6.035040
7.663680
8.825760
9.364320
3.525120
8.595360
7.272000
3.749760
5.425920
9.802080
9.581760
4.978080
5.643360
4.118400
6.998400
10.487520
7.381440
9.264960
9.417600
10.674720
9.231840
4.426560
3.509280
5.973120
2.527200
11.854080
11.782080
9.632160
2.646720
1.308960
7.964640
3.902400
10.020960
4.970880
2.400480
3.019680
3.944160
11.772000
10.290240
10.447200
7.407360
14.058720
13.476960
8.696160
12.525120
11.161440
14.581440
10.298880
15.636960
15.217920
14.163840
14.120640
6.721920
15.327360
16.544160
16.781760
14.680800
16.381440
16.339680
7.957440
16.267680
17.114400
16.809120
15.180480
5.653440
4.780800
7.348320
5.662080
10.877760
14.037120
15.994080
19.296000
19.368000
19.255680
19.026720
19.111680
8.951040
16.319520
15.989760
11.558880
11.486880
18.758880
3.777120
6.600960
8.720640
15.400800
12.549600
10.042560
9.897120
19.632960
17.629920
19.494720
13.744800
19.416960
10.360800
21.349440
21.260160
15.984000
11.712960
18.475200
21.515040
21.945600
19.075680
10.293120
2.064960
5.780160
8.655840
20.761920
22.455360
14.063040
21.513600
15.867360
23.361120
19.959840
12.412800
18.986400
22.436640
21.905280
23.054400
23.184000
21.726720
23.791680
13.626720
14.698080
19.081440
23.528160
20.298240
22.933440
23.451840
23.202720
19.657440
19.860480
18.750240
18.233280
13.161600
22.053600
22.919040
18.689760
21.542400
22.641120
22.420800
23.047200
23.747040
21.265920
20.763360
20.305440
22.924800
22.809600
23.986080
23.690880
24.337440
23.901120
21.565440
19.992960
18.300960
18.596160
22.377600
15.982560
21.336480
20.489760
14.664960
20.615040
10.818720
23.477760
15.304320
19.840320
21.476160
21.329280
16.117920
22.779360
21.890880
21.921120
21.944160
15.662880
21.561120
23.778720
22.597920
22.459680
22.534560
12.709440
21.656160
20.895840
17.029440
21.650400
21.005280
20.299680
20.171520
19.442880
22.465440
21.332160
22.033440
22.222080
21.732480
21.427200
21.247200
21.453120
0.003600
20.601360
20.265120
20.099520
20.557440
16.115040
20.157120
20.612160
18.080640
18.010080
10.176480
11.568960
18.966240
20.005920
19.092960
9.757440
17.190720
17.269920
14.436000
19.447200
18.607680
18.478080
14.667840
16.047360
18.822240
18.148320
11.358720
8.763840
13.324320
9.443520
15.040800
11.109600
10.778400
12.149280
10.753920
18.001440
17.920800
16.980480
16.558560
11.868480
14.447520
12.792960
16.948800
16.250400
16.780320
15.991200
13.907520
12.163680
12.251520
15.593760
14.538240
12.778560
4.703040
10.542240
8.472960
4.819680
13.891680
11.511360
12.944160
12.581280
7.555680
11.488320
14.244480
11.960640
12.293280
13.550400
11.144160
8.717760
3.998880
6.958080
3.137760
4.258080
5.169600
3.824640
5.002560
7.351200
7.155360
8.681760
12.769920
10.019520
6.462720
2.138400
3.733920
11.098080
7.148160
9.485280
1.591200
5.941440
11.854080
12.209760
12.098880
11.386080
5.509440
11.823840
8.097120
6.131520
1.660320
4.173120
5.283360
9.377280
6.033600
3.368160
3.885120
3.408480
9.159840
7.279200
5.225760
7.776000
3.036960
2.900160
8.359200
3.732480
5.744160
4.623840
3.942720
6.259680
5.182560
2.679840
7.122240
5.947200
4.091040
4.230720
4.995360
5.153760
5.734080
5.110560
6.396480
5.162400
2.004480
4.439520
2.311200
5.735520
6.634080
3.843360
2.305440
3.150720
3.823200
5.994720
6.104160
5.886720
4.972320
5.614560
5.091840
5.886720
1.968480
2.527200
4.566240
4.386240
2.586240
4.540320
6.513120
6.707520
6.572160
6.592320
6.045120
5.195520
4.341600
5.716800
5.116320
4.356000
5.639040
2.792160
7.048800
7.332480
4.628160
5.574240
7.647840
2.917440
6.143040
6.746400
1.759680
3.689280
6.153120
7.414560
4.746240
6.762240
8.576640
4.822560
5.110560
7.737120
8.925120
6.991200
9.070560
8.989920
8.995680
8.579520
7.253280
6.783840
10.080000
10.009440
10.615680
10.202400
9.709920
6.105600
7.800480
9.470880
6.275520
10.565280
4.949280
5.041440
11.679840
8.148960
3.205440
2.332800
1.247040
4.501440
6.190560
6.570720
13.223520
14.214240
13.592160
10.605600
7.551360
8.484480
13.786560
14.700960
10.707840
5.431680
14.747040
10.938240
3.116160
6.665760
11.200320
12.654720
11.943360
13.973760
11.613600
14.277600
15.337440
11.351520
11.508480
16.525440
16.646400
14.921280
2.252160
9.600480
2.976480
6.621120
9.370080
14.581440
13.105440
17.936640
16.983360
13.165920
17.717760
11.956320
1.709280
10.987200
16.459200
19.028160
14.307840
18.375840
10.676160
17.936640
3.029760
9.547200
11.643840
16.617600
15.009120
20.027520
0.865440
18.066240
20.610720
21.025440
20.496960
19.352160
6.562080
4.374720
14.868000
13.368960
9.491040
1.434240
12.461760
14.499360
18.901440
16.711200
18.118080
19.023840
7.328160
3.245760
12.175200
19.706400
20.363040
22.620960
19.751040
20.000160
22.417920
22.819680
23.198400
22.321440
13.596480
16.672320
17.182080
20.309760
14.676480
15.714720
20.891520
21.476160
15.016320
19.687680
22.099680
23.509440
23.165280
21.692160
23.088960
22.924800
17.517600
21.732480
21.883680
19.350720
21.471840
19.005120
21.180960
17.540640
11.093760
22.430880
23.891040
24.215040
13.184640
19.582560
19.350720
21.301920
22.646880
20.816640
18.898560
21.189600
23.184000
17.972640
22.406400
22.649760
22.828320
23.349600
11.856960
22.088160
15.912000
12.048480
19.477440
24.111360
19.035360
21.375360
12.633120
21.967200
23.703840
23.588640
23.150880
19.641600
18.142560
21.062880
16.773120
18.048960
18.066240
21.386880
14.649120
19.270080
21.238560
21.794400
21.850560
21.345120
9.095040
16.077600
20.217600
17.562240
11.197440
15.278400
15.697440
20.200320
19.152000
14.752800
19.059840
17.251200
15.269760
20.216160
17.773920
20.053440
19.393920
19.131840
16.454880
11.443680
19.753920
18.846720
18.203040
19.452960
14.669280
11.967840
17.111520
16.786080
19.346400
18.527040
13.668480
12.395520
11.026080
9.223200
11.790720
17.516160
11.481120
12.137760
10.179360
15.344640
15.422400
10.995840
13.826880
14.771520
14.405760
9.792000
14.199840
8.736480
10.071360
15.632640
16.237440
15.793920
13.991040
13.449600
14.770080
15.107040
15.386400
14.513760
14.647680
14.666400
14.476320
14.145120
13.828320
13.878720
13.412160
12.872160
12.877920
12.715200
11.435040
9.853920
9.884160
11.998080
9.335520
11.092320
10.756800
7.405920
10.392480
9.767520
7.771680
7.522560
10.877760
8.943840
7.280640
7.763040
5.664960
10.706400
10.884960
9.390240
5.814720
6.704640
1.771200
7.207200
8.112960
9.640800
10.091520
3.797280
9.421920
5.274720
7.246080
3.349440
6.593760
8.804160
8.815680
2.557440
7.125120
6.586560
7.280640
8.327520
8.337600
8.169120
7.784640
7.891200
7.561440
4.320000
6.168960
7.212960
6.204960
0.480960
6.989760
2.990880
1.022400
2.253600
2.122560
3.489120
6.923520
3.807360
6.521760
4.468320
1.020960
0.822240
2.557440
1.019520
1.337760
0.632160
5.901120
2.953440
1.579680
3.509280
2.445120
1.490400
0.568800
3.252960
3.732480
5.859360
4.013280
3.628800
5.221440
5.650560
5.850720
0.416160
4.996800
6.282720
1.470240
6.148800
6.114240
3.925440
5.024160
3.636000
5.597280
6.657120
5.711040
5.155200
6.801120
5.588640
3.797280
3.617280
3.558240
5.945760
5.058720
5.266080
5.152320
3.526560
1.274400
6.505920
6.204960
7.240320
7.140960
6.729120
5.091840
8.118720
7.850880
8.048160
8.328960
5.116320
7.862400
8.915040
9.069120
8.845920
8.877600
8.915040
9.109440
8.634240
4.331520
5.605920
3.516480
3.882240
10.084320
10.219680
8.130240
8.724960
10.416960
11.413440
11.604960
11.652480
11.244960
8.648640
7.866720
12.597120
2.550240
10.644480
9.109440
5.816160
11.142720
13.115520
10.355040
2.213280
9.231840
11.633760
13.698720
10.301760
12.571200
14.775840
14.663520
14.837760
14.679360
12.100320
13.338720
14.879520
13.501440
12.209760
9.681120
14.934240
16.401600
16.224480
14.317920
6.798240
10.582560
10.046880
14.617440
10.212480
10.895040
12.745440
13.636800
12.690720
14.669280
17.841600
17.169120
2.306880
6.798240
13.680000
8.065440
16.922880
16.345440
9.423360
13.724640
18.568800
18.027360
17.841600
18.960480
12.574080
18.524160
11.469600
17.496000
13.429440
15.406560
15.049440
6.010560
13.690080
15.341760
11.747520
21.136320
20.831040
20.687040
21.143520
19.120320
20.316960
17.923680
5.620320
18.420480
14.120640
18.672480
22.394880
22.269600
21.780000
14.320800
14.135040
15.742080
15.979680
16.093440
21.394080
18.518400
17.712000
8.085600
21.555360
22.949280
22.250880
16.886880
16.572960
22.750560
22.641120
23.860800
23.800320
23.188320
22.266720
19.594080
8.559360
14.176800
12.666240
22.158720
20.822400
20.406240
22.697280
23.758560
22.399200
22.070880
22.528800
20.823840
19.588320
13.556160
7.450560
21.175200
20.495520
21.980160
21.978720
23.346720
23.068800
21.090240
16.725600
19.709280
19.810080
8.130240
22.716000
22.083840
14.734080
5.927040
22.829760
20.256480
22.829760
22.387680
21.705120
17.408160
23.582880
23.261760
22.413600
22.750560
14.869440
21.345120
23.028480
22.279680
22.272480
21.994560
20.861280
21.578400
16.856640
21.454560
22.584960
21.807360
21.450240
19.588320
19.892160
20.540160
15.863040
20.016000
21.124800
20.646720
17.923680
20.566080
15.130080
4.366080
17.310240
21.791520
21.484800
21.751200
21.463200
20.809440
17.468640
16.506720
14.834880
15.517440
20.502720
20.397600
20.236320
19.689120
15.265440
14.567040
12.202560
12.908160
17.136000
20.365920
20.125440
19.473120
19.944000
18.576000
15.036480
8.206560
17.314560
18.207360
18.021600
9.897120
13.111200
17.504640
17.572320
16.096320
11.668320
10.645920
1.696320
9.730080
16.464960
15.953760
15.436800
12.952800
17.012160
16.083360
16.590240
15.327360
10.638720
16.666560
16.217280
16.182720
15.847200
15.333120
12.941280
8.691840
9.721440
7.741440
14.078880
10.886400
11.187360
13.554720
14.268960
13.528800
12.826080
14.041440
13.304160
6.742080
10.758240
10.668960
11.845440
6.739200
8.290080
3.780000
1.177920
3.342240
3.854880
10.543680
9.228960
2.378880
9.570240
10.411200
9.594720
10.009440
1.892160
10.651680
8.298720
6.491520
8.549280
3.882240
8.700480
7.169760
3.061440
6.998400
8.375040
7.855200
3.424320
8.668800
9.239040
8.727840
7.299360
0.355680
1.092960
1.591200
2.940480
2.028960
5.562720
4.770720
3.381120
4.122720
7.784640
7.538400
3.287520
3.227040
1.860480
5.434560
6.969600
2.308320
4.366080
3.983040
6.956640
5.443200
5.394240
5.699520
1.954080
7.122240
4.155840
4.543200
6.935040
6.328800
3.997440
6.834240
7.043040
6.818400
2.877120
2.858400
3.840480
4.966560
6.566400
3.434400
5.889600
7.041600
5.135040
6.213600
6.343200
6.854400
3.271680
6.261120
5.721120
3.317760
6.982560
3.395520
2.986560
3.346560
4.317120
3.327840
6.698880
6.495840
2.079360
2.499840
1.356480
2.818080
4.186080
2.341440
1.005120
7.084800
5.250240
5.819040
3.273120
2.092320
2.972160
4.343040
6.196320
7.112160
1.415520
5.375520
6.150240
3.705120
2.662560
3.169440
5.097600
1.120320
6.740640
0.685440
1.919520
8.311680
8.570880
6.204960
1.329120
8.609760
9.439200
9.442080
9.725760
9.830880
7.529760
9.276480
9.048960
9.360000
9.905760
8.445600
7.263360
11.147040
7.650720
4.132800
9.123840
10.333440
7.712640
8.650080
7.197120
10.938240
3.129120
6.096960
12.520800
11.116800
13.170240
12.418560
3.142080
5.417280
12.157920
11.691360
10.915200
8.735040
12.546720
11.054880
13.636800
14.474880
9.154080
14.637600
14.508000
7.051680
3.731040
8.807040
13.324320
15.723360
11.844000
11.949120
12.899520
16.532640
14.133600
4.906080
14.859360
15.354720
12.947040
15.560640
10.671840
16.948800
13.777920
14.885280
13.314240
11.412000
11.580480
17.219520
14.268960
13.965120
18.803520
18.426240
18.617760
13.439520
12.247200
13.435200
4.152960
14.736960
17.176320
14.905440
17.134560
17.117280
9.774720
15.289920
18.630720
18.348480
14.605920
19.000800
20.151360
20.545920
18.537120
18.381600
5.906880
7.679520
8.094240
16.359840
13.219200
12.568320
19.912320
17.117280
15.252480
18.806400
18.165600
19.340640
18.997920
17.208000
17.719200
9.424800
21.044160
19.023840
18.027360
16.767360
13.551840
22.273920
18.149760
19.700640
19.573920
21.258720
19.216800
21.496320
17.985600
22.425120
20.292480
22.093920
21.944160
20.992320
21.925440
19.696320
19.411200
13.720320
11.443680
21.382560
21.847680
20.080800
18.780480
16.716960
13.102560
13.613760
15.763680
17.799840
13.269600
19.507680
18.606240
16.927200
19.326240
16.485120
19.681920
15.683040
14.480640
20.164320
20.390400
20.259360
21.038400
20.862720
21.114720
18.852480
20.570400
21.301920
20.089440
16.842240
19.687680
17.550720
11.204640
14.309280
19.088640
13.835520
18.113760
13.027680
-99.000000
18.031680
15.292800
23.659200
22.021920
22.667040
16.467840
20.520000
23.381280
14.368320
23.009760
23.486400
22.367520
22.451040
22.616640
22.695840
21.121920
23.109120
22.521600
22.695840
22.695840
21.650400
22.260960
22.268160
22.419360
21.634560
21.535200
19.046880
11.583360
19.876320
9.888480
18.217440
21.480480
19.494720
21.417120
20.891520
19.810080
12.542400
18.024480
18.584640
20.640960
19.729440
20.138400
16.665120
19.003680
18.702720
14.114880
18.492480
18.586080
17.726400
14.124960
13.979520
13.600800
17.248320
16.656480
16.080480
7.092000
10.635840
3.908160
9.954720
3.908160
16.524000
16.233120
17.290080
16.548480
13.957920
3.604320
2.128320
12.725280
9.817920
16.115040
16.390080
13.803840
14.577120
14.002560
14.713920
11.852640
12.415680
12.169440
14.431680
14.319360
13.469760
13.265280
9.825120
10.363680
10.152000
7.223040
8.376480
11.646720
12.489120
3.456000
7.545600
6.989760
8.828640
5.974560
10.370880
9.083520
2.712960
10.692000
10.710720
4.337280
10.294560
10.463040
9.263520
10.520640
9.642240
7.287840
8.087040
2.580480
3.231360
5.100480
8.906400
2.905920
3.559680
8.835840
8.035200
2.436480
3.680640
9.089280
9.033120
4.968000
1.084320
4.681440
7.970400
7.656480
5.875200
5.454720
5.564160
6.176160
5.633280
3.808800
3.124800
7.087680
2.530080
5.731200
7.207200
6.148800
4.226400
5.090400
7.210080
6.661440
1.406880
4.256640
3.130560
6.708960
2.748960
6.613920
6.907680
5.241600
2.983680
2.255040
5.009760
5.464800
5.810400
6.040800
2.403360
6.636960
2.260800
2.344320
2.895840
5.938560
6.645600
6.527520
7.440480
7.261920
5.709600
6.298560
-99.000000
-99.000000
-99.000000
-99.000000
-99.000000
-99.000000
-99.000000
-99.000000
-99.000000
-99.000000
-99.000000
-99.000000
-99.000000
-99.000000
-99.000000
-99.000000
-99.000000
-99.000000
-99.000000
-99.000000
-99.000000
-99.000000
-99.000000
-99.000000
-99.000000
-99.000000
-99.000000
-99.000000
-99.000000
-99.000000
-99.000000
-99.000000
-99.000000
-99.000000
-99.000000
-99.000000
-99.000000
-99.000000
-99.000000
-99.000000
-99.000000
-99.000000
-99.000000
-99.000000
-99.000000
-99.000000
-99.000000
-99.000000
-99.000000
-99.000000
-99.000000
-99.000000
-99.000000
-99.000000
-99.000000
-99.000000
-99.000000
-99.000000
-99.000000
-99.000000
-99.000000
-99.000000
-99.000000
-99.000000
-99.000000
-99.000000
-99.000000
-99.000000
-99.000000
-99.000000
-99.000000
-99.000000
-99.000000
-99.000000
-99.000000
-99.000000
-99.000000
-99.000000
-99.000000
-99.000000
-99.000000
-99.000000
-99.000000
-99.000000
-99.000000
-99.000000
-99.000000
-99.000000
-99.000000
-99.000000
-99.000000
-99.000000
-99.000000
-99.000000
-99.000000
-99.000000
-99.000000
-99.000000
-99.000000
-99.000000
-99.000000
-99.000000
-99.000000
-99.000000
-99.000000
-99.000000
-99.000000
-99.000000
-99.000000
-99.000000
-99.000000
-99.000000
-99.000000
-99.000000
-99.000000
-99.000000
-99.000000
-99.000000
-99.000000
-99.000000
-99.000000
-99.000000
-99.000000
-99.000000
-99.000000
-99.000000
-99.000000
-99.000000
-99.000000
-99.000000
-99.000000
-99.000000
-99.000000
-99.000000
-99.000000
-99.000000
-99.000000
-99.000000
-99.000000
-99.000000
-99.000000
-99.000000
-99.000000
-99.000000
-99.000000
-99.000000
-99.000000
-99.000000
-99.000000
-99.000000
-99.000000
-99.000000
-99.000000
-99.000000
-99.000000
-99.000000
-99.000000
-99.000000
-99.000000
-99.000000
-99.000000
-99.000000
-99.000000
-99.000000
-99.000000
-99.000000
-99.000000
-99.000000
-99.000000
-99.000000
-99.000000
-99.000000
-99.000000
-99.000000
-99.000000
-99.000000
-99.000000
-99.000000
-99.000000
-99.000000
-99.000000
-99.000000
-99.000000
-99.000000
-99.000000
-99.000000
-99.000000
-99.000000
-99.000000
-99.000000
-99.000000
-99.000000
-99.000000
-99.000000
-99.000000
-99.000000
-99.000000
-99.000000
-99.000000
-99.000000
-99.000000
-99.000000
-99.000000
-99.000000
-99.000000
-99.000000
-99.000000
-99.000000
-99.000000
-99.000000
-99.000000
-99.000000
-99.000000
-99.000000
-99.000000
-99.000000
-99.000000
-99.000000
-99.000000
-99.000000
-99.000000
-99.000000
-99.000000
-99.000000
-99.000000
-99.000000
-99.000000
-99.000000
-99.000000
-99.000000
-99.000000
-99.000000
-99.000000
-99.000000
-99.000000
-99.000000
-99.000000
-99.000000
-99.000000
-99.000000
-99.000000
-99.000000
-99.000000
-99.000000
-99.000000
-99.000000
-99.000000
-99.000000
-99.000000
-99.000000
-99.000000
-99.000000
-99.000000
-99.000000
-99.000000
-99.000000
-99.000000
-99.000000
-99.000000
-99.000000
-99.000000
-99.000000
-99.000000
-99.000000
-99.000000
-99.000000
-99.000000
-99.000000
-99.000000
-99.000000
-99.000000
-99.000000
-99.000000
-99.000000
-99.000000
-99.000000
-99.000000
-99.000000
-99.000000
-99.000000
-99.000000
-99.000000
-99.000000
-99.000000
-99.000000
-99.000000
-99.000000
-99.000000
-99.000000
-99.000000
-99.000000
-99.000000
-99.000000
-99.000000
-99.000000
-99.000000
-99.000000
-99.000000
-99.000000
-99.000000
-99.000000
-99.000000
-99.000000
-99.000000
-99.000000
-99.000000
-99.000000
-99.000000
-99.000000
-99.000000
-99.000000
-99.000000
-99.000000
-99.000000
-99.000000
-99.000000
-99.000000
-99.000000
-99.000000
-99.000000
-99.000000
-99.000000
-99.000000
-99.000000
-99.000000
-99.000000
-99.000000
-99.000000
-99.000000
-99.000000
-99.000000
-99.000000
-99.000000
-99.000000
-99.000000
-99.000000
-99.000000
-99.000000
-99.000000
-99.000000
-99.000000
-99.000000
-99.000000
-99.000000
-99.000000
-99.000000
-99.000000
-99.000000
-99.000000
-99.000000
-99.000000
-99.000000
-99.000000
2.191680
3.896640
2.496960
3.745440
5.343840
7.364160
5.803200
6.618240
3.218400
3.581280
4.158720
6.593760
7.741440
3.630240
1.929600
4.767840
5.649120
5.476320
6.310080
5.412960
4.969440
2.746080
6.979680
5.819040
7.644960
3.604320
6.068160
6.449760
6.795360
6.281280
8.650080
8.830080
7.871040
8.115840
8.341920
4.181760
6.946560
8.271360
8.897760
9.790560
8.668800
9.695520
9.269280
4.000320
6.046560
7.323840
9.516960
10.706400
10.929600
10.945440
10.965600
11.217600
11.577600
7.801920
10.098720
3.735360
4.030560
11.334240
10.843200
5.081760
2.003040
3.411360
2.712960
6.148800
13.091040
13.642560
7.778880
2.023200
8.269920
11.842560
6.396480
8.720640
7.149600
15.122880
13.916160
13.646880
15.305760
16.060320
13.649760
14.313600
10.245600
6.700320
14.702400
11.567520
15.847200
16.331040
9.141120
16.531200
12.659040
7.329600
4.116960
18.498240
16.061760
15.887520
17.051040
14.440320
13.619520
11.429280
5.814720
16.822080
17.160480
14.227200
15.462720
20.449440
18.963360
20.900160
20.815200
20.681280
21.543840
6.710400
14.264640
9.892800
12.637440
7.541280
16.763040
19.938240
17.667360
22.413600
18.443520
13.396320
10.026720
15.370560
6.448320
12.451680
19.585440
15.223680
23.169600
22.163040
23.208480
20.391840
10.084320
23.752800
23.937120
24.190560
22.949280
23.777280
23.382720
22.524480
23.299200
21.441600
13.939200
5.616000
3.358080
16.063200
9.352800
23.847840
7.528320
15.569280
8.655840
14.780160
18.848160
2.136960
20.430720
23.800320
17.981280
12.425760
15.924960
2.288160
15.121440
6.638400
17.268480
21.362400
22.860000
5.590080
18.383040
21.251520
18.334080
26.138880
18.462240
20.456640
22.279680
22.308480
9.905760
7.920000
9.835200
23.732640
24.711840
25.748640
15.834240
21.457440
14.414400
26.591040
25.966080
25.732800
26.219520
26.876160
22.281120
16.708320
25.211520
18.982080
18.889920
26.026560
25.286400
23.395680
24.829920
22.321440
25.548480
25.637760
25.257600
23.572800
22.353120
20.003040
24.572160
23.188320
24.789600
10.853280
23.021280
25.956000
24.711840
18.371520
21.636000
25.541280
24.196320
20.246400
24.353280
25.394400
24.848640
19.987200
20.964960
21.625920
23.790240
20.979360
16.375680
23.885280
23.587200
22.536000
23.870880
23.908320
22.955040
18.106560
21.592800
17.514720
23.388480
23.513760
21.828960
17.222400
21.329280
16.842240
16.606080
23.351040
15.900480
14.087520
22.321440
18.371520
17.867520
20.885760
12.972960
5.221440
22.171680
20.832480
16.956000
18.705600
20.645280
20.403360
19.188000
16.426080
19.876320
16.688160
19.281600
18.747360
14.284800
7.279200
17.174880
17.717760
8.811360
13.212000
15.187680
17.727840
14.618880
19.013760
18.593280
18.541440
12.700800
13.046400
14.800320
17.526240
16.552800
3.625920
1.906560
9.642240
16.837920
15.979680
7.492320
14.940000
16.289280
15.793920
15.327360
15.687360
15.563520
13.773600
15.556320
15.372000
12.715200
5.254560
6.713280
12.283200
8.683200
7.325280
9.979200
9.331200
11.144160
12.067200
9.902880
2.573280
8.929440
9.612000
11.628000
1.206720
2.937600
10.566720
11.468160
11.972160
11.773440
0.787680
2.920320
7.251840
3.993120
3.762720
1.632960
10.604160
10.550880
5.686560
3.900960
8.231040
6.524640
9.260640
9.156960
4.646880
2.930400
9.626400
9.722880
9.358560
7.263360
8.101440
2.515680
5.700960
6.677280
7.227360
6.927840
8.363520
4.754880
8.569440
8.640000
5.948640
8.405280
4.518720
6.461280
7.996320
5.728320
4.596480
3.313440
5.316480
6.468480
6.746400
1.252800
0.766080
7.018560
4.632480
3.532320
5.509440
2.534400
4.260960
4.554720
5.829120
5.833440
5.915520
5.951520
7.483680
7.790400
7.004160
3.958560
3.879360
1.923840
1.470240
3.735360
2.689920
6.802560
4.746240
3.935520
1.720800
2.316960
1.913760
4.947840
2.429280
6.206400
7.102080
1.285920
2.776320
2.532960
2.743200
4.272480
3.912480
7.961760
7.138080
4.307040
8.102880
5.826240
7.676640
7.450560
4.495680
5.500800
5.456160
6.914880
6.216480
6.364800
4.053600
4.582080
9.983520
2.869920
2.517120
4.849920
8.808480
10.879200
3.774240
7.041600
3.422880
6.377760
5.646240
9.080640
1.820160
10.778400
12.254400
12.507840
7.980480
5.839200
12.340800
12.487680
12.628800
9.620640
10.967040
12.680640
13.140000
10.333440
6.092640
13.901760
13.727520
4.944960
4.039200
8.350560
2.700000
3.091680
6.579360
16.148160
13.802400
13.834080
16.479360
16.462080
13.550400
16.414560
16.774560
16.155360
16.048800
16.806240
17.049600
17.879040
18.119520
17.925120
17.565120
18.034560
18.839520
18.289440
19.215360
19.255680
19.226880
3.314880
6.363360
4.098240
5.957280
9.095040
6.960960
13.019040
17.631360
19.650240
19.513440
1.103040
10.859040
18.381600
6.740640
8.218080
9.400320
18.195840
20.842560
11.400480
15.161760
15.675840
18.842400
13.458240
18.930240
19.329120
20.792160
22.232160
20.661120
17.663040
5.002560
17.598240
18.529920
15.930720
17.222400
16.672320
22.872960
22.950720
21.525120
22.754880
22.403520
19.687680
17.536320
15.118560
15.648480
15.577920
20.878560
9.361440
9.849600
21.427200
23.541120
21.283200
21.925440
23.392800
18.064800
18.545760
8.369280
12.480480
20.685600
19.370880
23.258880
24.341760
23.643360
24.073920
23.918400
23.256000
24.145920
24.559200
23.649120
17.304480
9.986400
21.775680
20.714400
14.921280
20.632320
24.144480
24.148800
24.501600
21.880800
19.995840
18.754560
16.168320
23.238720
20.592000
16.751520
23.974560
25.221600
25.067520
24.145920
24.222240
22.442400
22.655520
23.680800
21.831840
23.626080
23.024160
22.855680
23.243040
23.713920
23.444640
21.960000
20.044800
16.967520
11.089440
14.021280
23.139360
19.175040
23.604480
23.460480
19.755360
23.834880
23.264640
23.292000
24.420960
23.924160
18.924480
20.360160
17.913600
22.360320
22.858560
23.214240
22.867200
21.166560
22.700160
22.416480
22.641120
22.017600
21.250080
20.653920
17.035200
19.176480
21.791520
21.617280
19.414080
10.298880
12.709440
20.167200
20.073600
21.032640
20.645280
20.289600
21.139200
21.139200
20.882880
20.135520
21.278880
20.740320
19.949760
19.766880
19.693440
16.364160
4.482720
18.306720
19.946880
17.340480
19.540800
20.083680
18.053280
17.477280
12.036960
15.912000
17.745120
9.810720
14.905440
16.218720
17.987040
16.683840
15.158880
14.195520
13.705920
13.320000
11.656800
10.029600
16.583040
11.191680
10.225440
12.947040
12.322080
15.392160
9.224640
6.344640
15.827040
15.778080
15.297120
8.825760
10.234080
9.280800
10.441440
11.039040
14.378400
14.824800
13.862880
13.178880
11.625120
7.781760
12.804480
10.876320
11.165760
13.576320
12.366720
13.471200
11.977920
10.579680
13.068000
13.164480
12.572640
9.580320
5.791680
8.167680
2.613600
10.617120
9.856800
6.556320
11.013120
11.378880
10.638720
6.675840
9.404640
7.714080
8.779680
8.815680
10.075680
5.119200
6.645600
4.294080
3.173760
1.680480
9.537120
6.161760
6.621120
6.197760
6.776640
6.593760
7.336800
8.573760
5.405760
6.336000
6.076800
7.244640
7.159680
6.845760
7.927200
7.896960
7.498080
6.510240
3.719520
7.606080
1.080000
5.169600
5.048640
4.606560
1.753920
4.044960
6.230880
6.112800
3.780000
6.121440
6.831360
6.868800
7.007040
2.907360
1.074240
0.194400
1.357920
3.264480
1.635840
6.069600
7.895520
7.944480
1.254240
0.924480
1.992960
1.640160
5.404320
3.291840
6.840000
2.734560
2.026080
4.661280
5.408640
6.187680
6.017760
4.926240
2.615040
0.754560
6.094080
1.081440
0.443520
1.091520
2.679840
6.955200
3.107520
7.012800
0.986400
7.850880
4.671360
2.548800
4.400640
3.142080
7.552800
7.187040
7.928640
2.878560
3.509280
0.849600
1.690560
6.361920
7.539840
2.963520
6.845760
6.675840
9.072000
9.406080
10.072800
1.977120
9.440640
9.747360
9.869760
2.260800
4.406400
10.584000
11.282400
10.812960
9.456480
5.401440
4.020480
4.451040
7.560000
9.491040
5.692320
12.039840
4.072320
4.494240
9.521280
12.756960
6.006240
11.374560
3.548160
5.721120
10.324800
10.303200
2.364480
5.813280
10.029600
13.687200
3.827520
4.128480
15.842880
14.470560
6.592320
13.376160
15.592320
15.696000
16.326720
16.355520
16.679520
11.000160
8.753760
7.981920
4.766400
9.070560
16.539840
6.808320
6.838560
17.557920
18.410400
15.163200
16.349760
13.777920
17.602560
14.052960
18.444960
16.967520
15.135840
18.393120
16.577280
3.088800
19.054080
17.640000
15.072480
20.239200
2.211840
5.718240
5.227200
12.060000
10.265760
9.004320
13.963680
16.416000
19.424160
18.312480
7.482240
8.010720
17.468640
21.765600
21.191040
20.940480
22.073760
19.704960
19.892160
8.004960
21.146400
2.213280
9.607680
17.216640
14.718240
16.731360
19.566720
14.649120
17.128800
23.299200
16.748640
15.693120
7.260480
17.593920
23.038560
24.145920
23.882400
23.310720
23.742720
24.046560
23.366880
23.724000
24.577920
23.346720
22.132800
20.424960
9.122400
24.464160
21.872160
19.065600
19.452960
18.541440
25.192800
24.930720
23.510880
7.480800
21.834720
24.161760
7.367040
19.424160
12.268800
15.740640
19.416960
12.294720
20.008800
18.659520
14.860800
22.033440
15.939360
25.652160
25.529760
25.142400
24.805440
24.631200
22.649760
22.223520
22.919040
20.096640
19.900800
23.172480
24.076800
22.066560
20.077920
21.104640
23.829120
24.559200
23.971680
21.769920
22.089600
23.129280
22.266720
20.671200
23.520960
23.055840
24.094080
19.342080
22.563360
23.276160
22.540320
19.941120
19.480320
10.288800
22.633920
24.138720
23.391360
23.372640
23.300640
23.052960
22.777920
22.901760
21.136320
17.788320
14.240160
20.829600
22.462560
21.562560
22.972320
22.492800
17.837280
19.571040
17.244000
18.872640
17.864640
6.167520
19.863360
18.040320
14.762880
21.024000
17.814240
7.047360
20.694240
20.400480
21.074400
20.376000
18.174240
20.244960
19.749600
19.958400
20.217600
20.124000
20.132640
20.394720
16.724160
7.865280
16.719840
16.963200
18.583200
13.906080
11.852640
19.235520
17.062560
18.684000
17.727840
17.890560
18.089280
17.828640
15.117120
6.209280
4.366080
9.751680
17.144640
7.846560
10.418400
15.868800
9.072000
10.493280
13.623840
16.243200
15.757920
15.327360
15.616800
14.224320
12.856320
14.371200
12.974400
9.694080
14.937120
14.149440
8.396640
11.207520
9.053280
3.176640
6.543360
2.760480
6.154560
12.183840
11.155680
11.573280
12.683520
13.049280
12.687840
12.366720
12.057120
11.433600
9.299520
9.966240
11.413440
11.927520
11.145600
9.643680
7.960320
5.568480
6.887520
5.544000
10.235520
8.336160
9.002880
7.225920
9.606240
4.946400
3.556800
-99.000000
-99.000000
9.126720
8.703360
8.854560
7.932960
7.704000
8.156160
2.818080
8.663040
2.720160
4.917600
2.754720
3.882240
5.716800
6.814080
7.886880
7.224480
6.884640
6.792480
2.476800
4.269600
4.982400
6.372000
5.280480
7.607520
1.977120
3.538080
2.005920
3.720960
2.377440
7.392960
7.009920
5.664960
5.277600
1.523520
7.218720
7.234560
7.132320
6.793920
3.971520
6.603840
2.144160
2.253600
0.406080
4.396320
7.372800
7.871040
7.054560
6.333120
5.660640
1.222560
3.430080
1.221120
4.471200
5.916960
6.458400
3.607200
2.928960
5.048640
7.087680
4.383360
6.883200
7.577280
5.446080
7.086240
7.691040
7.706880
7.843680
7.320960
5.564160
5.208480
3.058560
9.154080
8.746560
8.858880
8.700480
8.835840
9.387360
2.957760
4.572000
5.937120
2.476800
4.533120
8.812800
10.071360
8.814240
9.178560
10.108800
10.215360
10.402560
10.476000
10.749600
10.764000
9.809280
10.195200
9.925920
7.391520
2.606400
10.244160
4.498560
12.018240
6.577920
11.544480
5.736960
11.593440
6.370560
11.746080
12.630240
10.745280
12.585600
7.901280
14.130720
9.810720
4.246560
7.382880
8.141760
14.709600
14.518080
9.429120
7.407360
14.518080
11.973600
1.746720
11.517120
5.797440
2.128320
1.883520
14.857920
15.403680
16.532640
16.380000
13.144320
9.105120
16.763040
7.319520
15.840000
14.791680
14.574240
9.133920
12.579840
13.667040
17.899200
18.567360
18.198720
7.139520
15.527520
18.468000
19.162080
19.873440
20.050560
19.019520
18.715680
19.409760
18.211680
20.167200
13.357440
19.717920
15.714720
20.170080
21.512160
13.648320
16.221600
10.069920
4.279680
10.628640
6.783840
11.102400
17.385120
21.457440
19.558080
18.123840
17.654400
19.199520
12.744000
16.339680
22.713120
18.187200
21.520800
7.603200
20.437920
19.690560
22.901760
23.182560
19.638720
20.884320
18.849600
24.111360
23.996160
23.643360
23.042880
17.447040
21.368160
20.688480
21.443040
24.137280
23.664960
24.716160
21.952800
18.745920
17.017920
22.635360
11.600640
11.701440
23.673600
17.010720
10.332000
9.964800
16.872480
21.608640
11.298240
20.731680
20.999520
10.692000
21.562560
22.858560
23.451840
24.207840
24.203520
21.636000
22.011840
23.135040
24.871680
23.832000
20.561760
23.925600
22.487040
22.838400
24.792480
24.880320
24.625440
23.340960
21.411360
24.121440
24.222240
22.278240
15.996960
18.901440
24.492960
23.662080
23.866560
24.344640
21.414240
23.302080
22.724640
12.369600
19.294560
23.483520
23.965920
23.031360
16.812000
23.571360
24.196320
24.439680
20.672640
17.873280
18.525600
21.150720
18.272160
12.602880
20.966400
18.535680
18.349920
22.476960
23.502240
20.471040
21.134880
19.575360
21.316320
15.553440
16.542720
21.189600
22.272480
22.667040
22.900320
21.909600
19.890720
14.865120
19.319040
21.276000
21.166560
21.287520
18.148320
20.946240
21.111840
21.221280
16.768800
20.357280
18.110880
18.738720
18.685440
21.525120
17.936640
17.457120
19.589760
14.487840
17.540640
13.865760
12.744000
17.208000
17.480160
19.300320
19.042560
19.301760
18.532800
18.545760
14.299200
18.626400
18.295200
17.804160
17.684640
16.683840
13.533120
5.199840
15.151680
17.572320
17.150400
14.453280
15.065280
8.860320
16.031520
16.323840
15.433920
13.841280
15.400800
13.851360
14.591520
15.033600
15.132960
15.173280
14.735520
14.722560
12.009600
12.137760
14.339520
14.231520
14.258880
14.176800
14.029920
10.605600
11.306880
10.156320
8.052480
12.343680
10.797120
12.944160
8.887680
11.640960
8.504640
5.410080
10.918080
9.918720
2.862720
1.136160
1.830240
8.919360
10.221120
7.290720
6.484320
4.049280
2.246400
2.869920
3.464640
6.883200
7.585920
10.072800
8.864640
9.829440
9.000000
7.771680
5.918400
0.982080
8.997120
5.254560
5.312160
3.375360
3.471840
3.830400
0.648000
4.648320
7.907040
4.991040
6.063840
4.456800
2.092320
5.325120
6.873120
3.186720
4.186080
6.039360
7.837920
4.822560
7.728480
7.768800
7.731360
5.755680
5.940000
2.465280
5.369760
5.473440
3.647520
6.857280
5.044320
5.520960
4.432320
3.029760
1.753920
4.435200
6.661440
7.476480
7.702560
7.644960
7.339680
4.749120
7.420320
7.061760
3.788640
6.919200
7.145280
4.989600
7.441920
7.204320
6.164640
6.756480
7.850880
6.242400
7.689600
7.980480
8.395200
2.420640
1.389600
5.317920
7.898400
3.769920
4.121280
8.766720
4.836960
6.893280
8.352000
7.999200
7.839360
8.696160
9.480960
7.850880
1.918080
6.230880
10.101600
9.946080
7.194240
1.949760
3.083040
10.255680
10.630080
2.420640
11.422080
11.553120
11.246400
9.537120
11.227680
11.967840
12.156480
11.524320
10.807200
11.766240
11.842560
11.698560
11.905920
11.003040
12.615840
12.611520
12.754080
13.317120
12.791520
12.332160
13.065120
13.337280
13.135680
13.446720
13.674240
13.664160
11.093760
6.641280
14.558400
13.032000
14.126400
15.156000
15.174720
14.094720
15.461280
15.504480
15.665760
15.769440
16.217280
16.509600
15.838560
16.358400
16.218720
7.574400
2.973600
9.835200
16.482240
17.392320
17.372160
15.631200
13.116960
14.142240
17.933760
18.442080
18.054720
17.771040
15.586560
11.736000
6.321600
14.548320
9.866880
13.469760
18.270720
20.436480
14.338080
14.482080
8.461440
14.425920
10.139040
16.911360
21.653280
21.335040
15.510240
10.058400
14.038560
12.232800
17.801280
15.863040
22.358880
17.213760
21.895200
8.376480
9.979200
20.138400
10.964160
16.493760
22.587840
21.060000
12.814560
14.722560
20.819520
21.797280
14.002560
22.883040
22.263840
22.776480
20.502720
20.380320
22.658400
24.112800
24.276960
14.273280
17.867520
21.885120
10.010880
9.936000
18.377280
24.338880
23.991840
23.983200
19.789920
23.610240
22.749120
21.196800
23.362560
23.404320
23.880960
22.970880
12.238560
23.683680
24.603840
22.377600
21.587040
20.815200
20.106720
19.048320
15.024960
23.064480
22.376160
21.939840
24.749280
24.562080
21.912480
21.605760
9.167040
23.600160
24.020640
24.710400
24.050880
24.003360
24.780960
23.866560
21.883680
22.845600
23.506560
23.849280
7.212960
24.672960
23.237280
23.199840
13.855680
18.771840
24.341760
20.983680
24.261120
21.654720
22.955040
24.364800
23.087520
20.456640
22.698720
24.359040
24.495840
24.308640
23.371200
22.845600
23.509440
21.169440
22.723200
22.417920
22.536000
18.997920
18.953280
16.221600
21.912480
19.069920
22.373280
22.767840
22.155840
22.345920
22.210560
16.758720
22.260960
21.804480
21.952800
20.322720
21.133440
18.416160
18.787680
21.301920
21.422880
18.799200
21.172320
19.981440
19.673280
14.199840
18.560160
19.226880
18.381600
18.550080
18.934560
16.945920
19.814400
16.607520
17.987040
16.174080
5.736960
17.367840
6.914880
19.648800
17.768160
19.022400
17.688960
17.006400
17.320320
15.197760
11.995200
15.746400
17.170560
15.808320
15.062400
18.002880
17.903520
16.935840
10.656000
8.484480
9.878400
13.201920
15.835680
15.416640
14.689440
13.330080
14.064480
5.101920
6.154560
6.433920
1.064160
14.483520
15.128640
14.339520
14.689440
14.584320
14.287680
13.688640
12.542400
11.619360
24.304320
17.108640
7.528320
5.397120
13.259520
9.122400
9.882720
10.468800
12.008160
5.819040
4.436640
3.335040
5.886720
9.529920
11.580480
10.666080
3.264480
4.877280
5.883840
11.462400
11.259360
3.748320
6.884640
9.976320
9.099360
5.935680
2.589120
8.861760
4.644000
7.243200
7.764480
2.928960
6.386400
3.798720
8.909280
4.456800
4.805280
5.041440
8.331840
1.339200
2.450880
8.184960
8.007840
4.203360
4.155840
7.695360
5.906880
5.359680
2.878560
1.440000
2.819520
7.391520
6.118560
7.996320
7.699680
4.436640
5.574240
4.857120
6.292800
6.514560
5.004000
6.603840
6.554880
6.696000
4.734720
4.413600
1.477440
5.302080
6.058080
5.896800
5.916960
3.952800
4.983840
4.525920
5.800320
6.860160
6.805440
3.139200
6.595200
5.986080
6.710400
7.079040
6.246720
6.072480
1.709280
4.177440
4.072320
7.162560
7.341120
7.388640
7.453440
7.446240
6.648480
4.671360
7.763040
6.369120
2.145600
3.756960
1.604160
3.686400
8.065440
5.093280
0.936000
5.587200
7.765920
3.543840
4.044960
3.499200
8.943840
7.515360
3.896640
8.376480
7.256160
8.537760
9.171360
8.210880
6.085440
10.435680
6.145920
6.014880
3.980160
10.200960
2.504160
10.454400
8.039520
6.266880
6.838560
10.582560
7.077600
9.750240
7.437600
5.317920
5.473440
9.790560
11.854080
6.539040
2.715840
9.133920
11.848320
6.213600
10.615680
10.704960
3.090240
3.013920
13.262400
12.133440
9.102240
5.976000
8.651520
9.646560
11.188800
12.142080
11.188800
8.236800
8.354880
2.806560
15.553440
15.809760
9.108000
4.777920
16.143840
16.234560
10.216800
15.766560
17.238240
12.718080
14.333760
12.909600
11.040480
9.858240
11.669760
7.498080
15.697440
16.225920
11.174400
13.108320
17.148960
9.171360
5.368320
8.339040
15.757920
15.272640
15.504480
12.461760
14.904000
19.919520
20.466720
21.297600
18.419040
18.041760
20.645280
20.995200
11.872800
22.078080
22.037760
21.061440
21.836160
21.840480
2.161440
6.832800
8.622720
2.554560
2.445120
10.539360
16.106400
15.524640
21.045600
22.881600
22.675680
23.041440
17.974080
11.616480
13.701600
23.281920
23.353920
23.713920
23.868000
7.613280
6.624000
19.716480
17.046720
13.445280
14.379840
12.229920
14.217120
19.277280
18.224640
22.622400
22.032000
24.030720
16.238880
15.318720
15.585120
11.439360
12.215520
23.084640
23.045760
24.719040
24.621120
20.247840
19.977120
19.771200
18.220320
10.558080
18.276480
23.713920
24.039360
21.013920
23.232960
23.136480
23.993280
17.997120
3.179520
13.870080
18.973440
13.674240
25.104960
23.156640
25.115040
25.139520
24.298560
23.286240
22.982400
24.628320
24.360480
24.086880
22.309920
20.721600
24.521760
24.393600
24.331680
24.213600
23.274720
22.029120
21.142080
21.983040
22.894560
19.533600
21.235680
23.136480
21.958560
21.322080
18.524160
18.001440
20.712960
22.164480
19.274400
19.828800
22.399200
22.655520
21.611520
21.456000
19.415520
23.662080
23.070240
23.218560
23.070240
19.323360
12.129120
21.385440
20.628000
19.661760
6.049440
18.125280
22.560480
22.366080
22.187520
19.133280
16.943040
21.096000
20.208960
18.887040
18.406080
17.150400
20.531520
19.647360
20.256480
18.038880
18.878400
13.396320
19.762560
12.196800
17.772480
6.439680
11.959200
10.815840
19.447200
19.321920
12.420000
18.642240
14.509440
18.871200
14.519520
3.329280
10.910880
18.724320
16.179840
17.968320
18.142560
18.040320
16.194240
17.732160
17.474400
15.334560
16.819200
16.695360
16.613280
16.604640
16.613280
16.220160
15.769440
15.312960
15.469920
13.004640
9.544320
10.964160
9.712800
13.026240
12.108960
2.743200
8.236800
14.497920
13.073760
14.070240
13.976640
13.648320
13.296960
11.980800
12.238560
12.474720
10.926720
8.003520
12.739680
10.677600
5.025600
7.495200
9.804960
10.560960
6.662880
11.204640
10.627200
9.034560
8.330400
10.519200
10.592640
7.902720
9.973440
10.787040
10.015200
8.625600
7.970400
5.126400
7.374240
9.763200
9.372960
7.211520
6.935040
5.032800
8.664480
7.408800
8.321760
8.887680
8.340480
0.156960
3.231360
1.293120
3.828960
6.088320
3.890880
7.351200
8.254080
6.649920
8.029440
8.118720
8.150400
7.820640
7.548480
2.508480
7.074720
3.021120
6.992640
7.414560
2.357280
7.279200
7.361280
7.028640
6.979680
2.666880
6.530400
2.452320
4.036320
3.307680
7.015680
7.207200
3.191040
6.370560
1.609920
4.354560
6.865920
6.832800
5.528160
2.037600
1.044000
4.351680
4.929120
4.455360
6.088320
5.952960
5.006880
5.058720
4.649760
5.346720
3.464640
3.640320
6.135840
6.860160
7.296480
6.674400
6.700320
1.677600
3.625920
0.956160
3.389760
3.323520
0.996480
6.900480
1.509120
2.774880
4.252320
2.861280
1.327680
6.721920
4.687200
4.851360
7.264800
9.527040
7.166880
5.742720
4.798080
6.373440
3.273120
9.806400
6.557760
9.407520
8.966880
10.058400
7.475040
5.330880
3.299040
3.615840
3.945600
10.224000
10.041120
10.023840
-99.000000
2.360160
10.225440
5.660640
10.831680
10.674720
7.655040
12.807360
13.083840
13.036320
9.136800
10.198080
3.991680
4.752000
5.857920
7.251840
11.568960
9.613440
5.215680
14.388480
15.229440
15.454080
15.377760
15.382080
12.788640
6.910560
7.358400
12.548160
15.324480
16.067520
16.643520
15.036480
11.495520
14.388480
13.528800
6.589440
13.482720
13.934880
6.480000
11.136960
15.992640
13.992480
13.646880
2.400480
15.360480
13.083840
5.785920
1.461600
11.304000
15.972480
19.608480
18.865440
19.157760
18.241920
19.226880
18.627840
13.152960
19.738080
19.769760
12.903840
20.206080
19.343520
20.770560
21.096000
8.759520
6.278400
16.264800
12.191040
18.754560
16.547040
15.109920
22.289760
18.341280
21.543840
17.841600
19.549440
21.886560
22.514400
23.575680
23.073120
19.925280
19.343520
21.284640
22.567680
21.494880
16.068960
10.527840
22.088160
24.216480
24.128640
24.130080
23.590080
14.565600
19.188000
12.549600
18.362880
18.660960
14.172480
15.991200
17.871840
13.628160
16.539840
9.426240
16.102080
11.096640
23.914080
22.353120
23.493600
23.866560
20.907360
23.338080
20.122560
22.724640
22.759200
22.174560
23.366880
23.312160
17.131680
23.058720
9.214560
22.042080
18.048960
20.243520
24.073920
19.640160
23.245920
21.379680
18.345600
19.643040
4.881600
15.376320
21.120480
20.417760
24.413760
23.572800
24.635520
14.316480
12.854880
9.293760
19.156320
23.196960
14.120640
13.341600
24.638400
23.467680
24.644160
24.526080
18.635040
23.637600
23.428800
23.224320
23.412960
22.763520
18.403200
19.797120
20.743200
23.731200
22.537440
23.627520
21.418560
18.424800
22.165920
21.284640
15.235200
22.281120
23.333760
22.963680
14.473440
8.717760
18.771840
18.302400
18.112320
20.272320
20.697120
19.553760
17.235360
21.755520
18.452160
14.541120
21.303360
19.252800
21.792960
21.192480
21.428640
16.760160
19.651680
17.727840
11.259360
11.615040
21.199680
18.612000
20.064960
20.318400
19.726560
19.657440
9.377280
16.390080
17.148960
19.703520
19.379520
18.482400
18.732960
11.220480
15.396480
15.671520
14.512320
14.891040
16.722720
17.902080
17.992800
17.379360
12.078720
13.151520
14.705280
12.224160
12.358080
13.353120
13.155840
12.087360
1.764000
8.938080
9.627840
15.454080
15.924960
13.711680
1.838880
8.347680
2.999520
11.350080
12.169440
14.667840
14.362560
10.121760
12.411360
12.036960
14.137920
12.909600
9.960480
12.173760
9.626400
9.882720
4.046400
10.532160
11.475360
12.038400
12.651840
11.784960
11.820960
10.526400
11.593440
12.039840
11.358720
10.382400
10.792800
7.539840
7.290720
6.278400
6.986880
9.535680
10.356480
7.253280
7.716960
2.692800
6.484320
8.723520
9.613440
6.023520
3.690720
9.426240
2.481120
8.376480
8.830080
4.883040
6.340320
6.909120
6.482880
8.380800
8.112960
8.062560
6.131520
3.539520
4.190400
4.855680
4.155840
2.514240
4.129920
1.939680
1.487520
1.860480
3.803040
5.883840
6.305760
0.695520
3.434400
3.464640
7.270560
2.475360
7.729920
6.150240
5.680800
7.125120
6.412320
3.044160
1.205280
1.539360
2.435040
6.108480
3.425760
2.223360
4.356000
3.754080
5.333760
2.642400
2.731680
5.444640
3.247200
5.163840
7.673760
7.169760
7.410240
6.795360
7.133760
7.130880
6.994080
7.358400
1.846080
1.275840
1.402560
6.708960
7.548480
4.442400
7.989120
7.541280
7.051680
7.535520
2.777760
6.102720
6.880320
1.523520
5.695200
3.820320
5.702400
8.900640
6.295680
9.264960
7.009920
2.799360
4.626720
6.236640
1.749600
5.870880
5.260320
5.391360
7.957440
3.094560
9.541440
10.766880
10.385280
5.771520
11.010240
11.257920
5.119200
3.630240
10.621440
5.653440
3.132000
10.782720
5.006880
11.322720
11.112480
12.108960
5.775840
12.643200
11.815200
8.105760
8.346240
8.091360
12.790080
10.634400
8.568000
12.113280
11.590560
10.677600
14.993280
14.968800
14.585760
11.262240
11.095200
14.300640
14.643360
15.242400
9.947520
7.976160
11.167200
14.181120
16.181280
4.563360
10.514880
7.509600
4.013280
3.385440
10.743840
3.024000
12.978720
17.546400
18.282240
15.275520
14.028480
15.638400
19.097280
18.620640
18.809280
17.536320
19.392480
18.472320
18.236160
19.018080
20.534400
20.551680
18.203040
16.040160
14.798880
19.859040
19.961280
6.804000
11.080800
16.034400
17.408160
17.735040
21.693600
20.108160
11.338560
18.061920
16.634880
15.468480
11.272320
8.926560
21.487680
16.430400
20.324160
16.148160
18.548640
20.476800
7.153920
13.825440
23.209920
20.289600
20.028960
22.828320
22.776480
22.623840
23.375520
18.192960
15.608160
22.364640
23.009760
23.974560
23.742720
5.307840
16.724160
24.281280
24.576480
22.392000
19.199520
21.621600
24.516000
24.770880
24.300000
21.572640
23.273280
24.219360
23.450400
23.738400
19.776960
24.693120
25.110720
24.590880
24.671520
16.210080
17.523360
13.861440
14.369760
22.819680
12.502080
19.254240
16.600320
13.413600
24.488640
24.955200
24.616800
24.992640
24.992640
21.877920
14.505120
24.487200
24.585120
24.120000
23.891040
24.570720
24.036480
22.073760
23.101920
11.763360
20.917440
22.042080
23.466240
23.588640
22.129920
23.832000
24.668640
23.870880
23.443200
23.375520
24.671520
23.641920
22.138560
21.058560
19.101600
19.784160
22.857120
20.005920
21.562560
22.969440
23.466240
20.541600
21.405600
22.065120
22.828320
21.166560
17.004960
9.473760
14.352480
15.799680
22.406400
19.442880
19.388160
21.100320
21.340800
20.008800
5.185440
22.165920
22.214880
21.064320
20.005920
20.448000
19.951200
13.750560
21.890880
16.917120
8.337600
20.543040
20.672640
18.940320
9.741600
17.264160
19.308960
20.551680
19.903680
19.162080
19.913760
19.648800
19.211040
14.329440
18.174240
9.478080
3.008160
2.786400
18.463680
16.015680
12.090240
11.170080
17.408160
9.496800
16.989120
11.443680
12.329280
11.102400
12.587040
13.574880
17.740800
15.546240
17.341920
17.576640
17.294400
16.636320
11.751840
13.615200
16.092000
14.137920
13.082400
7.598880
12.281760
6.606720
14.261760
11.089440
4.272480
8.441280
5.032800
12.882240
13.396320
12.644640
14.057280
13.178880
10.458720
10.134720
4.556160
10.524960
13.426560
11.959200
8.969760
11.229120
4.161600
1.870560
12.045600
11.865600
10.980000
3.823200
6.387840
7.115040
8.064000
9.057600
10.346400
10.588320
10.185120
8.212320
1.313280
6.855840
10.056960
9.593280
9.695520
9.547200
9.489600
2.655360
5.293440
6.887520
8.290080
1.241280
6.598080
6.495840
7.485120
8.706240
7.436160
7.688160
6.672960
7.532640
4.364640
8.226720
6.108480
1.861920
6.995520
7.643520
6.066720
7.505280
7.754400
7.722720
6.032160
7.011360
6.724800
5.256000
3.804480
4.400640
6.016320
4.707360
5.058720
2.128320
3.434400
2.551680
3.654720
5.116320
5.918400
5.181120
5.754240
6.513120
5.886720
2.534400
6.613920
3.265920
6.019200
4.465440
6.004800
6.906240
2.890080
3.323520
6.770880
3.110400
4.836960
3.915360
3.119040
3.428640
4.939200
6.860160
5.248800
6.828480
4.366080
5.607360
5.556960
7.354080
7.297920
3.385440
4.606560
8.274240
7.809120
5.137920
5.703840
7.800480
8.176320
3.111840
7.561440
8.055360
7.552800
2.606400
7.840800
5.676480
2.956320
6.168960
4.435200
9.083520
9.008640
7.024320
10.085760
9.907200
6.364800
10.049760
10.635840
5.690880
4.068000
2.705760
3.640320
6.413760
7.119360
10.313280
12.291840
12.522240
3.983040
12.578400
12.759840
11.452320
8.938080
8.939520
10.668960
5.166720
7.236000
2.468160
9.257760
12.065760
13.203360
13.118400
13.410720
13.763520
11.481120
11.809440
5.394240
15.606720
5.152320
13.557600
14.974560
15.891840
15.648480
5.855040
3.903840
6.056640
14.850720
12.313440
6.072480
11.920320
7.426080
9.833760
17.242560
17.853120
12.932640
17.591040
16.012800
12.163680
14.309280
18.040320
12.689280
9.914400
18.648000
18.545760
8.144640
2.897280
16.979040
17.605440
19.696320
19.196640
18.385920
18.918720
18.636480
16.819200
21.129120
19.762560
18.897120
19.141920
20.869920
16.005600
12.306240
16.338240
7.835040
18.496800
21.090240
22.867200
22.619520
17.174880
4.344480
22.161600
17.647200
23.908320
23.554080
23.582880
23.677920
21.759840
21.277440
13.937760
7.724160
7.359840
8.933760
15.801120
14.316480
19.481760
18.387360
22.204800
24.180480
21.791520
20.643840
22.243680
23.680800
23.374080
15.229440
23.313600
22.370400
16.639200
22.600800
19.470240
19.421280
21.594240
18.633600
17.997120
25.411680
25.117920
22.471200
15.346080
22.235040
17.115840
24.098400
24.271200
23.306400
16.067520
19.157760
19.054080
23.142240
24.095520
20.260800
17.340480
19.792800
20.355840
25.320960
25.322400
24.095520
25.092000
25.381440
24.631200
23.600160
22.749120
24.562080
22.919040
14.182560
22.515840
24.156000
23.994720
24.328800
21.849120
18.879840
21.327840
19.280160
20.698560
23.571360
23.927040
18.601920
23.093280
24.985440
24.883200
25.048800
24.564960
24.628320
24.397920
24.284160
13.400640
20.809440
18.529920
22.832640
23.857920
23.916960
23.719680
21.847680
23.290560
21.208320
22.275360
22.896000
23.250240
22.512960
21.395520
20.416320
22.260960
22.883040
22.854240
22.740480
19.268640
16.326720
22.279680
22.068000
21.739680
21.844800
21.579840
16.372800
19.262880
18.930240
20.344320
16.619040
20.914560
21.137760
16.292160
21.235680
21.034080
20.995200
18.456480
18.266400
7.227360
11.432160
13.625280
19.317600
18.609120
18.116640
16.787520
15.765120
19.090080
18.421920
5.421600
13.170240
15.541920
18.086400
17.205120
15.372000
11.714400
9.637920
12.227040
9.649440
17.460000
17.066880
12.837600
16.896960
15.109920
6.877440
-99.000000
-99.000000
7.034400
14.394240
10.549440
15.733440
15.357600
12.816000
11.669760
14.538240
14.493600
10.565280
5.660640
11.986560
12.906720
12.067200
12.293280
13.743360
4.163040
4.659840
3.111840
12.984480
10.503360
4.749120
6.822720
9.133920
9.000000
4.813920
7.187040
11.124000
5.598720
4.291200
4.521600
11.138400
10.065600
11.463840
11.423520
8.919360
9.485280
9.407520
10.002240
3.346560
4.226400
6.896160
6.344640
8.307360
7.698240
8.732160
3.677760
8.966880
4.566240
8.608320
8.965440
8.933760
8.737920
6.482880
8.169120
5.702400
2.692800
2.088000
0.637920
6.667200
8.105760
2.753280
0.774720
3.886560
4.008960
5.757120
7.394400
7.372800
5.405760
4.047840
5.407200
6.442560
6.936480
5.227200
6.180480
7.139520
6.230880
4.664160
6.495840
5.928480
1.841760
0.622080
6.039360
7.597440
2.304000
3.057120
5.037120
4.969440
2.115360
1.477440
4.769280
4.309920
3.192480
3.366720
5.940000
2.305440
2.937600
3.798720
1.571040
7.021440
8.013600
7.813440
7.768800
7.392960
7.620480
6.778080
3.142080
7.220160
6.655680
7.623360
6.658560
8.088480
6.576480
8.887680
8.134560
3.792960
2.157120
4.042080
2.496960
3.971520
6.854400
5.868000
5.754240
2.201760
3.844800
6.762240
6.760800
9.339840
8.899200
3.324960
5.728320
5.502240
6.708960
6.789600
5.002560
10.342080
11.243520
6.992640
3.072960
5.821920
4.714560
11.815200
6.904800
4.452480
11.214720
11.786400
7.175520
11.325600
12.720960
12.458880
4.824000
3.872160
13.695840
13.248000
12.627360
0.113760
-99.000000
10.798560
5.846400
12.090240
12.523680
11.950560
13.258080
14.103360
15.253920
15.939360
15.281280
11.329920
8.110080
15.199200
15.852960
16.673760
17.016480
16.672320
17.244000
16.578720
13.767840
12.869280
16.823520
5.893920
10.558080
16.004160
7.282080
17.004960
18.848160
18.385920
11.656800
14.718240
16.159680
19.514880
19.324800
10.391040
19.280160
19.872000
20.161440
20.237760
20.286720
20.358720
20.950560
20.435040
19.962720
14.883840
21.003840
19.787040
21.212640
15.399360
20.148480
22.276800
22.348800
18.695520
22.374720
13.259520
6.922080
8.226720
22.430880
12.264480
17.915040
22.917600
14.438880
12.595680
21.421440
16.356960
23.967360
23.091840
22.852800
19.411200
21.703680
19.428480
17.791200
18.479520
23.980320
23.186880
23.353920
19.483200
9.413280
24.282720
24.674400
19.598400
24.042240
23.378400
24.426720
24.661440
23.945760
23.618880
22.927680
19.090080
17.929440
22.753440
24.560640
23.454720
10.308960
4.351680
15.726240
21.247200
25.102080
24.936480
22.736160
24.084000
24.750720
24.392160
25.364160
24.567840
20.999520
24.449760
25.132320
24.900480
24.644160
24.151680
23.768640
23.914080
22.180320
23.171040
16.246080
19.055520
19.238400
15.950880
19.997280
21.818880
19.931040
25.309440
25.267680
25.630560
25.025760
15.829920
16.486560
16.531200
19.154880
22.157280
23.126400
24.170400
23.833440
22.331520
24.115680
23.562720
22.327200
20.528640
17.942400
18.980640
10.795680
17.638560
10.736640
23.905440
22.541760
23.068800
23.538240
21.749760
21.968640
22.517280
22.250880
8.572320
16.791840
21.689280
21.875040
20.365920
19.329120
19.359360
21.958560
7.744320
21.790080
22.039200
22.199040
21.431520
21.728160
16.159680
18.547200
21.117600
19.471680
18.796320
21.445920
20.430720
20.983680
17.226720
19.540800
15.958080
16.554240
14.559840
16.488000
6.981120
15.716160
16.038720
17.648640
19.899360
14.735520
14.139360
17.251200
14.906880
17.838720
17.720640
4.226400
18.037440
16.866720
11.796480
17.837280
16.439040
2.327040
16.656480
17.156160
14.088960
17.203680
16.839360
15.782400
4.960800
14.505120
15.570720
12.765600
11.086560
15.510240
15.348960
15.328800
5.166720
9.054720
13.224960
11.920320
14.119200
14.364000
14.299200
13.811040
14.294880
14.135040
14.117760
13.233600
12.404160
12.372480
11.113920
12.152160
11.907360
12.869280
2.147040
3.284640
12.038400
10.965600
10.434240
11.779200
11.633760
11.512800
9.272160
10.968480
10.545120
11.085120
9.168480
10.306080
9.041760
4.518720
9.318240
5.584320
8.261280
10.421280
10.262880
4.232160
8.373600
8.097120
4.239360
7.369920
9.385920
9.220320
8.307360
8.900640
8.534880
8.484480
8.467200
8.570880
8.295840
8.232480
7.037280
6.543360
3.389760
8.026560
7.557120
7.742880
6.845760
8.016480
2.685600
8.016480
7.735680
5.159520
7.551360
7.341120
5.245920
4.654080
6.858720
2.736000
1.445760
4.799520
4.606560
3.260160
6.442560
5.090400
7.008480
2.515680
6.927840
5.834880
6.765120
5.708160
5.446080
7.018560
6.327360
4.330080
4.420800
3.862080
2.554560
5.202720
5.094720
6.700320
5.765760
5.696640
7.004160
7.440480
3.024000
2.632320
2.342880
5.254560
6.782400
4.105440
4.762080
4.026240
1.370880
4.773600
6.634080
5.739840
8.144640
6.897600
8.285760
4.949280
8.439840
5.551200
7.907040
6.658560
1.437120
3.447360
7.256160
9.311040
9.211680
9.541440
2.017440
5.427360
5.171040
1.946880
1.471680
1.228320
9.984960
6.351840
9.518400
11.393280
4.235040
6.845760
5.656320
3.742560
10.501920
5.450400
5.556960
11.132640
6.588000
5.940000
10.746720
12.411360
12.758400
12.706560
12.900960
7.202880
2.253600
4.744800
7.382880
8.389440
10.801440
6.193440
10.258560
11.449440
13.756320
10.758240
13.917600
9.524160
13.125600
9.326880
8.709120
9.390240
9.429120
13.186080
5.885280
10.297440
5.093280
14.090400
8.444160
14.968800
12.709440
2.590560
9.758880
9.506880
9.959040
18.637920
14.094720
13.700160
11.116800
17.416800
12.248640
17.314560
17.199360
18.894240
11.852640
11.962080
5.168160
13.020480
10.717920
5.486400
7.715520
7.339680
5.402880
19.487520
1.630080
21.094560
20.985120
20.509920
20.701440
19.512000
15.816960
15.600960
20.463840
19.900800
20.954880
18.790560
18.937440
9.296640
17.788320
15.636960
23.166720
16.597440
10.686240
13.959360
11.684160
6.985440
16.011360
17.815680
20.494080
23.198400
14.942880
23.784480
20.391840
23.592960
23.663520
19.296000
12.924000
17.131680
10.764000
15.645600
21.889440
21.899520
23.356800
21.147840
14.839200
10.707840
4.766400
21.545280
6.357600
24.255360
20.764800
23.267520
11.435040
20.275200
17.436960
8.288640
19.666080
16.074720
17.956800
9.859680
23.364000
12.345120
15.685920
24.441120
23.794560
23.479200
23.657760
25.225920
24.900480
24.988320
13.384800
23.817600
24.444000
22.896000
24.084000
24.449760
20.822400
17.465760
23.027040
23.654880
21.705120
23.451840
19.991520
24.744960
12.022560
24.256800
20.304000
23.896800
18.426240
17.985600
19.977120
12.742560
21.890880
22.750560
24.029280
16.860960
24.664320
22.495680
23.119200
20.028960
19.612800
17.199360
23.862240
23.268960
21.988800
23.414400
21.697920
22.767840
23.169600
23.137920
22.135680
22.500000
22.651200
21.867840
20.985120
22.078080
21.932640
18.937440
17.945280
10.753920
15.086880
16.668000
17.357760
19.015200
22.201920
22.014720
18.174240
14.902560
21.123360
21.221280
20.292480
20.031840
15.864480
18.479520
20.247840
19.680480
20.256480
20.524320
13.749120
18.662400
18.077760
15.840000
19.444320
18.028800
11.969280
17.778240
11.086560
15.006240
18.204480
13.917600
11.390400
6.181920
18.054720
12.221280
17.328960
15.884640
7.398720
14.209920
14.872320
11.685600
15.395040
15.194880
15.886080
16.174080
16.662240
15.870240
7.796160
15.615360
15.929280
16.119360
15.032160
15.505920
15.346080
14.909760
15.075360
14.886720
14.338080
13.782240
13.665600
7.473600
11.132640
11.800800
11.121120
11.599200
13.233600
7.067520
6.288480
6.068160
9.512640
2.990880
2.754720
5.950080
10.013760
11.790720
11.954880
11.913120
11.998080
8.020800
2.672640
4.272480
2.249280
7.382880
4.583520
5.064480
7.106400
10.524960
10.414080
2.318400
5.238720
5.140800
5.578560
2.472480
6.632640
8.258400
8.364960
5.624640
4.399200
1.991520
3.146400
2.445120
5.503680
1.283040
3.883680
6.821280
5.254560
1.552320
8.287200
4.599360
3.355200
6.161760
7.444800
6.488640
2.928960
4.039200
6.979680
5.520960
6.626880
7.335360
4.839840
6.629760
6.595200
6.736320
6.629760
6.874560
6.022080
1.346400
2.214720
4.276800
3.215520
5.173920
4.944960
7.179840
6.588000
6.079680
6.592320
6.563520
6.818400
6.095520
4.511520
1.546560
1.550880
4.248000
7.450560
7.557120
7.567200
6.251040
7.572960
7.678080
8.095680
7.940160
7.610400
5.338080
5.821920
7.964640
7.866720
6.636960
7.129440
6.842880
8.144640
7.797600
1.340640
5.087520
6.288480
1.735200
6.389280
4.656960
3.301920
9.300960
8.887680
8.377920
8.422560
6.200640
2.862720
6.176160
7.201440
7.048800
3.191040
10.720800
10.681920
8.133120
9.610560
9.534240
10.778400
10.218240
7.925760
8.906400
11.717280
11.874240
12.087360
12.031200
12.644640
12.477600
10.117440
11.643840
11.639520
12.466080
12.951360
12.879360
13.013280
13.366080
13.579200
14.156640
12.941280
14.112000
13.988160
12.595680
11.013120
13.625280
5.716800
13.826880
14.398560
15.046560
15.482880
16.008480
15.804000
14.466240
13.438080
16.457760
16.848000
16.669440
17.232480
15.660000
15.942240
15.089760
16.878240
17.138880
17.814240
17.753760
18.655200
18.764640
18.411840
17.372160
18.698400
6.353280
9.722880
14.601600
5.250240
19.607040
10.304640
12.722400
13.295520
15.733440
15.367680
15.763680
19.285920
20.361600
21.520800
17.884800
16.070400
17.292960
17.766720
9.288000
10.884960
6.069600
4.805280
4.894560
15.681600
14.218560
11.501280
18.240480
21.788640
23.022720
22.292640
17.730720
22.688640
17.799840
4.160160
21.624480
24.477120
24.114240
22.106880
13.743360
22.052160
15.020640
20.943360
24.857280
23.329440
24.602400
24.181920
23.732640
3.676320
19.339200
12.695040
25.224480
23.732640
24.986880
21.646080
3.035520
-99.000000
0.208800
22.811040
24.072480
25.539840
25.273440
25.198560
25.145280
25.264800
22.705920
24.649920
13.078080
22.638240
20.787840
23.323680
15.285600
24.240960
7.960320
26.036640
19.700640
19.241280
25.695360
23.607360
25.238880
23.574240
21.038400
20.121120
11.560320
23.896800
23.482080
23.099040
24.197760
23.934240
24.400800
24.994080
24.809760
25.041600
24.464160
23.614560
24.156000
22.793760
24.045120
21.617280
17.389440
8.189280
15.927840
24.305760
24.266880
23.548320
18.953280
15.579360
24.151680
23.935680
17.604000
22.957920
22.677120
23.031360
22.129920
23.037120
22.779360
22.608000
22.590720
12.234240
17.079840
23.634720
23.277600
22.711680
19.274400
22.145760
22.350240
21.479040
21.659040
21.512160
19.879200
11.946240
21.571200
21.977280
21.699360
13.518720
19.919520
21.781440
21.929760
21.156480
20.450880
20.839680
20.040480
13.610880
5.264640
17.520480
20.594880
18.253440
15.099840
19.255680
14.980320
7.826400
19.183680
16.920000
18.495360
16.704000
14.957280
19.153440
19.732320
19.317600
18.836640
19.126080
19.033920
18.737280
15.660000
7.205760
10.270080
17.366400
7.981920
12.811680
13.896000
15.523200
15.533280
14.263200
16.008480
14.440320
10.275840
10.195200
14.699520
15.953760
15.279840
15.721920
15.177600
13.773600
15.449760
15.082560
13.881600
13.798080
14.608800
14.810400
14.664960
12.048480
11.410560
13.819680
9.345600
8.676000
12.180960
11.763360
12.877920
5.973120
12.719520
11.691360
10.414080
8.940960
11.688480
2.504160
9.609120
0.499680
7.950240
6.606720
11.293920
11.368800
10.632960
3.996000
8.815680
9.277920
5.424480
7.221600
7.476480
9.086400
9.614880
8.948160
3.700800
5.122080
6.400800
4.200480
5.300640
6.448320
4.243680
2.243520
0.637920
5.382720
5.931360
4.868640
3.219840
8.267040
7.205760
6.793920
4.190400
3.016800
4.245120
7.215840
7.898400
6.691680
6.462720
6.827040
7.443360
6.514560
4.176000
3.378240
1.231200
1.441440
3.483360
3.841920
6.981120
6.657120
5.042880
4.757760
4.060800
2.040480
4.464000
6.897600
2.246400
4.426560
5.539680
4.963680
3.150720
4.292640
4.272480
6.337440
5.868000
6.835680
2.692800
7.153920
7.136640
3.517920
2.479680
1.890720
1.974240
6.768000
2.869920
2.652480
6.829920
5.823360
6.302880
7.328160
7.352640
2.053440
7.663680
7.914240
6.393600
8.046720
6.382080
7.817760
7.646400
6.838560
2.054880
1.480320
1.486080
1.291680
5.274720
7.948800
6.550560
2.656800
6.642720
5.963040
5.833440
6.750720
6.707520
7.374240
8.220960
9.079200
9.152640
10.278720
10.501920
5.578560
8.261280
9.617760
10.743840
8.604000
5.358240
7.963200
11.004480
11.437920
9.614880
10.823040
11.846880
12.186720
12.578400
12.489120
12.738240
12.745440
13.101120
9.231840
7.544160
11.653920
12.021120
9.008640
8.359200
10.271520
7.467840
11.610720
8.088480
12.697920
9.493920
14.525280
13.563360
9.648000
15.204960
14.339520
10.267200
16.158240
16.027200
4.995360
4.271040
8.552160
13.057920
14.310720
12.741120
7.122240
7.083360
9.878400
5.538240
9.420480
16.089120
11.875680
18.182880
3.970080
2.147040
5.058720
4.890240
17.294400
19.160640
19.087200
17.179200
8.017920
12.235680
19.961280
18.298080
13.613760
16.421760
8.893440
11.404800
13.345920
17.769600
13.707360
12.245760
7.421760
5.019840
3.696480
8.755200
15.631200
21.703680
21.998880
16.333920
7.224480
15.590880
21.860640
16.526880
16.822080
21.971520
22.361760
21.314880
13.212000
22.533120
20.111040
22.145760
17.563680
4.680000
15.946560
11.567520
19.427040
4.772160
8.814240
8.455680
22.668480
24.276960
24.258240
24.297120
23.816160
24.184800
22.259520
21.392640
14.444640
22.769280
22.462560
24.304320
24.281280
24.456960
22.527360
19.653120
19.298880
17.830080
12.165120
23.073120
21.630240
14.955840
16.385760
24.657120
21.192480
20.580480
21.926880
20.417760
21.265920
21.072960
8.013600
15.827040
18.341280
17.333280
21.778560
24.454080
25.168320
24.775200
21.772800
23.296320
23.212800
24.078240
23.685120
24.108480
23.388480
24.141600
21.564000
24.402240
25.796160
24.893280
24.458400
25.401600
21.314880
20.280960
23.211360
23.591520
15.612480
18.650880
20.730240
21.420000
24.012000
24.249600
24.203520
24.124320
21.638880
22.900320
16.470720
23.626080
22.752000
22.854240
22.596480
22.227840
20.496960
22.174560
21.666240
21.908160
21.908160
22.259520
22.690080
22.980960
22.887360
22.527360
20.422080
20.010240
17.948160
6.526080
11.046240
13.736160
20.855520
14.388480
20.887200
21.248640
19.821600
16.506720
20.642400
20.615040
19.425600
20.548800
20.049120
20.325600
17.490240
19.599840
19.339200
12.002400
16.303680
19.488960
20.282400
13.717440
19.607040
19.474560
18.976320
18.551520
17.579520
18.100800
15.024960
9.918720
15.619680
17.760960
17.215200
17.520480
16.630560
14.388480
16.306560
7.639200
6.700320
15.101280
13.255200
10.238400
15.724800
12.168000
9.804960
15.000480
10.981440
15.360480
15.507360
14.934240
14.572800
13.138560
2.347200
10.281600
11.766240
13.716000
13.502880
8.448480
13.055040
12.689280
11.570400
13.681440
12.574080
10.512000
8.742240
9.781920
12.991680
12.481920
12.015360
11.952000
3.146400
8.677440
2.511360
10.496160
11.194560
9.275040
9.565920
9.678240
9.413280
10.283040
10.748160
10.565280
10.448640
10.182240
2.579040
0.629280
1.388160
5.529600
3.644640
8.340480
7.908480
9.041760
9.246240
6.635520
7.080480
5.935680
8.043840
7.282080
4.998240
8.399520
7.575840
7.512480
8.546400
8.203680
7.882560
6.783840
6.426720
3.499200
2.393280
1.581120
7.207200
7.112160
4.675680
7.655040
7.057440
5.074560
6.583680
5.649120
2.730240
2.132640
3.615840
6.213600
2.640960
4.409280
5.976000
2.388960
5.071680
7.032960
4.069440
4.783680
5.653440
1.968480
5.751360
6.569280
4.645440
4.160160
7.279200
7.833600
3.735360
5.821920
5.139360
3.008160
6.255360
1.380960
3.905280
6.256800
5.677920
3.078720
8.033760
1.824480
3.767040
0.416160
1.909440
5.025600
7.382880
5.659200
5.045760
7.202880
7.660800
8.156160
6.292800
8.451360
3.294720
6.295680
4.201920
6.318720
8.540640
2.687040
8.856000
3.204000
8.615520
8.475840
6.294240
8.616960
6.505920
8.634240
6.929280
6.223680
7.852320
6.166080
6.114240
3.958560
2.763360
6.625440
10.333440
3.456000
7.964640
6.098400
7.583040
11.278080
9.516960
11.796480
11.890080
12.078720
8.838720
2.934720
6.477120
12.009600
11.027520
5.353920
8.148960
6.711840
3.384000
2.671200
7.103520
7.863840
7.931520
5.905440
8.504640
2.579040
7.305120
15.291360
14.338080
11.495520
15.860160
13.711680
