20000101
4.723200
6.556320
6.508800
6.631200
5.724000
6.655680
6.662880
1.476000
1.550880
5.415840
5.466240
6.888960
7.165440
6.690240
1.337760
6.867360
7.452000
7.852320
7.940160
7.339680
8.089920
8.112960
8.470080
6.071040
3.283200
6.235200
8.180640
7.961760
6.930720
8.405280
7.663680
4.482720
4.032000
9.779040
8.072640
9.633600
9.302400
8.664480
2.534400
10.260000
10.592640
8.012160
11.089440
3.231360
10.140480
10.319040
3.706560
4.062240
7.560000
10.340640
12.538080
11.633760
7.126560
11.563200
12.250080
12.788640
13.383360
13.255200
11.410560
7.744320
6.490080
14.747040
14.142240
8.210880
14.306400
14.466240
11.970720
15.200640
15.040800
15.684480
14.906880
14.322240
13.704480
14.798880
16.597440
17.340480
14.355360
12.672000
14.937120
4.658400
6.827040
12.352320
6.896160
8.517600
9.866880
1.974240
1.850400
11.129760
17.020800
9.439200
11.050560
-99.000000
-99.000000
-99.000000
0.767520
4.510080
18.705600
20.558880
4.325760
4.039200
3.206880
12.674880
6.815520
13.271040
15.323040
15.505920
0.534240
10.850400
18.272160
10.941120
10.216800
13.258080
20.664000
10.513440
22.089600
23.520960
19.833120
7.070400
8.755200
12.926880
13.034880
19.984320
16.320960
20.581920
8.490240
13.605120
8.874720
9.430560
14.780160
12.106080
4.272480
-99.000000
-99.000000
-99.000000
-99.000000
-99.000000
-99.000000
0.299520
4.884480
6.014880
9.037440
11.399040
2.207520
11.772000
6.894720
9.230400
15.814080
7.198560
9.701280
8.115840
10.427040
9.387360
22.993920
13.939200
21.898080
23.823360
15.736320
19.673280
24.662880
25.225920
18.069120
2.250720
6.346080
13.001760
10.321920
10.111680
25.463520
25.572960
24.965280
22.430880
24.177600
25.261920
21.342240
5.790240
2.473920
5.231520
9.809280
15.696000
20.576160
8.471520
10.558080
10.889280
22.190400
22.956480
23.012640
16.611840
16.947360
14.562720
19.298880
11.401920
15.102720
7.489440
11.537280
19.631520
14.564160
10.694880
8.769600
12.957120
7.836480
11.376000
9.858240
8.519040
18.325440
21.618720
6.125760
9.004320
16.964640
14.155200
21.875040
5.617440
9.794880
11.301120
15.243840
20.279520
15.272640
7.174080
16.253280
18.470880
17.038080
19.955520
14.526720
15.611040
19.440000
17.544960
13.145760
13.475520
13.841280
16.827840
19.848960
19.154880
16.464960
19.516320
20.190240
12.990240
20.039040
19.052640
13.151520
17.013600
12.049920
11.357280
15.354720
15.134400
5.986080
11.027520
17.308800
3.202560
5.509440
18.806400
18.102240
15.639840
16.777440
17.814240
17.674560
17.532000
16.901280
11.221920
11.099520
16.218720
15.720480
13.592160
3.936960
7.260480
3.936960
13.659840
16.126560
15.893280
15.714720
9.591840
13.078080
13.943520
9.990720
12.401280
7.054560
7.623360
7.441920
13.465440
6.088320
12.657600
7.943040
13.805280
13.272480
13.540320
11.676960
4.242240
3.515040
4.548960
2.460960
9.694080
4.399200
6.446880
11.059200
11.587680
10.949760
9.388800
1.707840
2.712960
2.504160
6.513120
10.163520
5.808960
10.363680
12.134880
3.215520
10.988640
4.155840
6.816960
3.659040
5.614560
8.657280
8.352000
9.606240
6.694560
10.923840
7.899840
7.467840
6.338880
6.822720
4.281120
6.364800
4.762080
7.479360
9.524160
8.854560
6.667200
3.716640
9.076320
7.930080
2.704320
7.434720
8.732160
7.888320
6.230880
7.885440
1.640160
3.215520
5.441760
6.079680
7.282080
5.463360
5.796000
5.503680
5.325120
7.040160
7.087680
6.415200
4.030560
5.196960
3.481920
6.130080
5.358240
7.390080
6.671520
6.985440
6.423840
7.316640
1.615680
1.578240
1.771200
2.076480
3.215520
7.414560
4.865760
4.875840
7.328160
3.373920
7.008480
6.436800
7.362720
6.677280
6.230880
4.692960
1.373760
2.851200
5.909760
2.982240
6.566400
4.469760
3.718080
3.879360
2.648160
1.827360
4.989600
5.918400
4.973760
5.808960
5.895360
8.508960
4.144320
6.861600
7.282080
7.882560
7.979040
7.427520
1.833120
4.226400
8.462880
5.784480
8.706240
9.848160
9.276480
10.000800
9.182880
6.048000
5.855040
9.493920
7.790400
10.175040
10.847520
10.972800
8.232480
2.234880
11.905920
12.031200
12.792960
11.890080
12.648960
13.328640
12.320640
12.954240
12.045600
3.096000
13.687200
13.544640
12.581280
8.255520
10.764000
4.147200
13.353120
7.647840
7.619040
6.527520
10.588320
4.733280
9.718560
7.378560
12.553920
9.668160
13.806720
13.315680
15.245280
7.116480
8.544960
13.055040
13.691520
11.694240
11.679840
6.588000
16.752960
11.158560
8.618400
6.870240
4.201920
11.332800
10.038240
19.666080
19.242720
18.368640
19.651680
8.212320
11.343600
7.185600
12.134160
12.958560
21.287520
11.439360
17.838720
19.467360
22.029120
9.599040
22.404960
17.578080
6.896160
7.443360
2.747520
3.828960
4.649760
13.811040
18.245520
18.835920
19.931040
19.614240
18.210240
10.300320
14.898240
16.626240
2.047680
17.621280
11.429280
8.645760
13.256640
8.256960
11.581920
6.910560
8.628480
13.025520
5.639760
16.241760
11.759040
16.202880
14.467680
21.882240
9.774720
10.948320
7.447680
23.387040
0.046080
6.902640
5.835600
7.816320
7.771680
23.296320
16.500960
17.457120
19.723680
22.224960
18.476640
12.638880
6.897600
2.027520
7.146720
18.005760
18.195840
3.876480
13.926240
22.012560
9.987120
4.141440
18.882720
15.683040
10.094400
19.411200
20.750400
9.220320
8.241120
20.096640
21.111840
20.174400
23.051520
22.610880
8.978400
21.870000
18.507600
22.030560
12.129120
18.705600
23.158800
19.342800
19.902240
21.792960
12.172320
11.574720
11.845440
16.722720
13.613760
9.999360
9.321120
11.252160
5.801760
8.850240
16.783200
20.603520
7.244640
6.949440
17.389440
6.279840
5.348160
15.632640
21.839040
20.563200
15.071040
11.276640
10.504800
8.065440
18.923040
13.500000
17.923680
17.262720
15.744960
18.345600
17.635680
11.028960
6.092640
16.299360
8.971200
14.086080
6.647040
7.927200
6.920640
18.688320
17.676000
18.401760
18.825120
17.549280
13.488480
11.304000
14.097600
7.058880
13.786560
17.821440
15.698880
15.884640
16.724160
17.278560
17.328960
12.733920
18.213120
14.574240
6.079680
8.632800
13.446720
17.192160
11.008800
3.270240
14.332320
15.877440
16.691040
14.454720
11.993760
11.910240
11.917440
15.278400
15.818400
5.240160
13.595040
14.224320
14.761440
11.936160
8.313120
8.364960
8.958240
8.006400
10.928160
4.422240
4.298400
10.134720
12.087360
5.055840
5.293440
10.373760
13.236480
13.250880
10.258560
8.585280
6.553440
5.329440
11.535840
8.604000
8.540640
5.695200
9.878400
10.854720
6.098400
10.291680
9.701280
8.075520
8.346240
7.711200
6.111360
4.883040
11.292480
10.458720
6.690240
6.654240
9.948960
9.273600
9.757440
9.315360
8.854560
9.819360
9.282240
10.226880
4.423680
9.254880
9.224640
3.716640
4.920480
8.975520
4.397760
4.786560
5.554080
0.817920
6.936480
1.964160
4.636800
0.973440
1.928160
3.054240
6.258240
5.518080
7.395840
7.810560
7.817760
7.623360
5.751360
7.408800
5.971680
3.692160
4.645440
6.750720
2.937600
6.723360
6.288480
6.564960
5.569920
6.757920
6.484320
6.549120
4.212000
6.602400
6.176160
6.612480
6.478560
6.628320
0.802080
3.274560
6.537600
6.167520
6.474240
6.444000
6.982560
6.913440
6.449760
2.881440
6.832800
6.556320
5.185440
4.910400
3.895200
5.454720
3.814560
1.405440
0.784800
1.850400
1.733760
0.743040
2.602080
6.979680
6.924960
3.228480
5.041440
3.666240
6.868800
7.063200
3.581280
5.165280
3.539520
7.640640
7.414560
7.433280
4.799520
7.774560
8.115840
5.042880
3.864960
6.075360
7.816320
8.344800
7.801920
8.506080
8.200800
6.832800
6.929280
8.710560
9.512640
9.599040
6.073920
6.147360
4.654080
10.044000
8.652960
9.264960
8.542080
9.970560
10.188000
9.936000
6.801120
4.003200
2.220480
2.242080
11.602080
11.456640
7.172640
11.376000
6.566400
6.603840
9.741600
4.332960
9.447840
10.706400
3.767040
4.243680
1.519200
11.246400
9.292320
5.045760
4.134240
6.301440
14.139360
10.199520
14.476320
10.893600
9.100800
13.174560
13.711680
13.406400
10.382400
9.701280
11.700000
9.439200
14.944320
15.416640
15.194880
14.425920
17.288640
7.604640
16.855200
11.316960
6.876000
1.810080
7.836480
7.853760
8.678880
7.572960
2.767680
9.311040
12.376800
11.884320
6.161760
2.134080
6.739200
3.064320
3.618720
6.619680
11.170080
2.629440
2.196000
14.866560
16.823520
8.732160
5.544000
13.669920
20.200320
19.481760
19.483200
14.752800
20.004480
13.592160
9.839520
9.421920
3.798720
19.990080
4.128480
4.167360
15.337440
12.134880
7.014240
6.564960
1.926720
2.396160
9.021600
5.705280
4.292640
11.790720
21.582720
13.551840
19.432800
21.768480
14.348160
14.996160
22.129920
18.996480
20.432160
12.748320
9.059040
20.083680
5.395680
6.743520
9.151200
8.508960
11.432160
17.310240
13.697280
15.441120
20.776320
12.594240
7.721280
3.854880
12.035520
13.112640
4.694400
14.273280
11.786400
13.331520
18.010080
13.756320
22.307040
20.390400
21.408480
21.709440
18.161280
21.192480
16.905600
21.168000
20.907360
21.739680
19.104480
10.150560
13.498560
20.270880
5.440320
7.225920
3.870720
9.489600
7.934400
12.013920
4.891680
8.994240
3.667680
21.777120
13.809600
15.190560
5.549760
10.126080
11.342880
12.666240
9.904320
14.482080
8.328960
20.649600
17.448480
20.789280
15.071040
19.075680
17.737920
11.459520
17.962560
13.307040
11.351520
11.443680
13.775040
12.178080
8.524800
7.259040
2.648160
18.783360
13.955040
7.449120
18.233280
8.059680
9.816480
4.331520
3.432960
10.598400
21.345120
19.336320
15.883200
17.971200
11.741760
13.547520
14.411520
13.668480
13.213440
14.736960
6.071040
9.855360
-99.000000
-99.000000
-99.000000
6.605280
3.666240
11.325600
14.057280
6.600960
11.445120
8.517600
10.873440
8.637120
8.017920
6.541920
12.666240
12.316320
14.050080
0.743040
8.256960
10.909440
3.028320
6.608160
15.458400
15.611040
9.915840
10.163520
11.898720
11.499840
8.723520
5.356800
6.353280
15.660000
15.647040
13.965120
13.826880
13.711680
8.565120
8.151840
7.534080
-99.000000
0.303840
7.446240
10.454400
10.054080
13.217760
7.276320
11.975040
1.326240
3.820320
6.528960
3.843360
10.703520
10.376640
11.956320
11.678400
3.710880
11.008800
9.672480
11.105280
8.136000
-99.000000
1.411200
7.195680
8.523360
6.756480
10.245600
6.117120
10.088640
7.862400
2.784960
8.909280
7.859520
6.595200
5.781600
9.387360
7.990560
7.417440
3.696480
4.037760
9.774720
3.494880
6.217920
8.105760
5.158080
2.517120
7.649280
7.104960
7.159680
7.188480
0.486720
5.729760
7.364160
4.877280
0.858240
2.390400
7.342560
7.172640
6.504480
4.007520
6.477120
2.409120
3.627360
5.263200
4.500000
2.822400
3.585600
5.353920
5.120640
3.545280
0.358560
2.363040
5.613120
6.285600
4.880160
5.456160
5.221440
2.342880
3.121920
0.944640
3.391200
5.258880
5.015520
3.911040
5.456160
6.033600
5.162400
1.804320
5.423040
2.327040
1.444320
5.037120
2.833920
5.326560
5.821920
3.561120
5.493600
0.351360
4.836960
3.221280
3.816000
5.747040
7.162560
6.966720
4.802400
7.200000
7.293600
6.575040
7.764480
5.967360
1.913760
6.285600
7.822080
6.438240
4.887360
7.552800
8.259840
1.190880
5.636160
8.377920
6.520320
5.942880
5.035680
8.534880
8.046720
6.433920
2.337120
8.163360
9.685440
9.283680
9.789120
8.749440
10.262880
6.691680
4.186080
4.908960
4.682880
4.942080
10.811520
9.066240
10.657440
2.488320
1.776960
7.273440
5.041440
6.991200
4.788000
1.035360
1.169280
8.615520
9.835200
8.150400
7.312320
3.604320
13.119840
7.617600
9.972000
12.702240
10.298880
13.057920
14.006880
14.273280
12.425760
12.477600
10.283040
3.909600
15.065280
15.521760
9.845280
15.403680
15.809760
13.946400
12.768480
12.903840
15.884640
15.963840
15.616800
9.303840
1.549440
7.643520
3.682080
12.346560
9.538560
6.569280
16.289280
18.905760
18.609120
16.565760
15.235200
3.150720
13.379040
10.385280
11.927520
16.601760
13.366080
5.117760
13.538880
8.460000
8.917920
6.536160
11.221920
10.581120
5.064480
10.241280
20.164320
14.532480
14.847840
8.182080
19.457280
18.813600
15.166080
10.967040
17.925120
19.627200
20.630880
20.472480
16.960320
10.166400
8.357760
18.495360
16.408800
6.873120
12.018240
10.369440
3.522240
3.772800
6.487200
11.522880
5.011200
16.994880
19.474560
8.154720
16.253280
23.317920
24.305760
13.564800
10.008000
9.424800
19.598400
15.937920
17.917920
11.370240
10.920960
21.420000
11.723040
-99.000000
14.155200
8.000640
11.085120
13.826880
13.615200
19.778400
19.350720
23.234400
21.156480
19.857600
20.236320
9.031680
13.811040
11.783520
12.276000
24.891840
24.684480
19.758240
21.317760
23.258880
18.963360
20.842560
17.724960
0.525600
14.621760
23.322240
22.371840
18.725760
6.550560
3.653280
10.101600
6.534720
7.583040
15.668640
14.060160
5.559840
-99.000000
12.736800
19.768320
22.176000
21.699360
21.054240
19.864800
16.570080
22.652640
22.213440
14.340960
20.005920
18.876960
17.124480
12.921120
19.964160
19.136160
12.441600
8.089920
17.320320
12.791520
17.102880
22.167360
21.957120
18.388800
21.582720
20.622240
20.985120
9.522720
14.300640
17.040960
17.985600
18.529920
15.477120
14.208480
12.555360
16.545600
12.533760
8.807040
17.890560
14.829120
13.281120
9.486720
15.622560
18.593280
13.769280
13.553280
8.976960
17.670240
14.997600
17.248320
11.486880
3.566880
4.337280
4.093920
10.648800
7.194240
6.609600
7.228800
4.289760
9.440640
4.256640
17.651520
16.017120
17.376480
16.115040
14.368320
15.661440
17.239680
17.030880
16.367040
16.649280
14.184000
11.221920
12.137760
6.475680
9.036000
11.371680
8.961120
1.656000
4.772160
5.338080
5.090400
9.457920
13.399200
13.576320
2.862720
10.123200
12.034080
13.246560
8.341920
12.816000
12.552480
12.159360
6.331680
2.384640
4.731840
1.212480
9.178560
0.424800
4.350240
2.508480
8.547840
4.389120
8.318880
7.882560
6.163200
10.886400
1.211040
2.623680
2.112480
1.939680
5.621760
1.234080
7.849440
9.197280
9.777600
9.462240
9.162720
8.259840
9.233280
8.146080
0.236160
5.927040
7.698240
3.271680
3.726720
4.878720
3.955680
0.675360
7.669440
7.765920
7.153920
6.894720
3.222720
3.746880
0.882720
4.200480
5.695200
6.361920
3.850560
7.276320
3.899520
3.523680
0.213120
3.597120
0.168480
5.343840
2.481120
5.071680
5.457600
4.553280
4.508640
6.665760
6.747840
7.116480
6.431040
5.453280
7.120800
6.027840
5.587200
6.435360
4.021920
5.618880
4.017600
3.062880
4.001760
4.841280
6.616800
6.772320
5.647680
1.012320
4.855680
6.793920
5.878080
3.562560
3.284640
7.509600
7.398720
7.266240
6.985440
6.788160
6.304320
2.036160
1.425600
6.482880
4.368960
6.671520
2.247840
5.238720
5.268960
4.500000
3.775680
5.660640
5.293440
7.920000
8.088480
4.343040
2.001600
3.782880
5.217120
0.934560
5.389920
3.457440
7.405920
8.899200
8.772480
9.794880
9.900000
10.262880
10.370880
10.477440
8.480160
8.730720
8.249760
11.007360
8.310240
11.217600
11.119680
10.252800
11.355840
3.988800
11.373120
7.472160
9.576000
1.565280
2.609280
5.424480
6.192000
8.336160
2.445120
5.888160
9.907200
13.988160
11.455200
14.476320
14.778720
11.725920
10.192320
11.983680
8.510400
10.339200
14.616000
14.739840
5.981760
14.158080
10.974240
2.219040
9.123840
14.927040
15.416640
15.534720
14.417280
13.975200
9.338400
4.027680
7.299360
15.884640
15.661440
11.126880
9.103680
3.411360
11.540160
5.178240
3.156480
7.407360
17.125920
7.273440
10.869120
14.872320
9.246240
4.410720
4.442400
3.830400
20.226240
13.551840
20.980800
18.063360
19.949760
3.607200
16.676640
3.499200
4.877280
10.172160
16.585920
17.743680
21.817440
3.605760
19.323360
15.920640
23.116320
14.394240
16.892640
5.873760
3.617280
9.960480
10.910880
9.633600
3.088800
5.487840
7.151040
13.927680
14.374080
14.323680
8.305920
3.673440
5.712480
7.081920
22.276800
12.958560
14.453280
22.358880
20.312640
21.535200
18.427680
22.816800
12.399840
6.256800
16.066080
23.088960
15.734880
16.332480
14.323680
14.780160
11.393280
9.924480
6.524640
6.432480
16.022880
23.832000
21.000960
22.088160
21.684960
17.277120
19.549440
22.999680
19.512000
9.440640
10.781280
26.220960
24.611040
11.558880
13.691520
25.459200
18.262080
8.444160
5.785920
18.410400
16.122240
17.196480
4.488480
7.560000
14.859360
23.996160
21.335040
9.820800
15.495840
12.932640
7.328160
10.507680
23.068800
18.653760
17.467200
21.447360
13.534560
9.992160
8.280000
2.573280
12.693600
11.710080
16.585920
17.298720
13.492800
16.840800
17.991360
20.701440
12.553920
20.554560
21.147840
18.293760
12.631680
20.327040
22.039200
19.440000
11.975040
8.831520
16.611840
17.778240
12.515040
15.190560
13.544640
8.085600
11.831040
11.158560
16.151040
18.948960
16.231680
11.298240
21.022560
15.056640
11.715840
17.406720
15.128640
17.210880
14.580000
20.854080
19.488960
16.113600
12.042720
18.584640
13.780800
10.020960
12.441600
11.615040
15.369120
8.544960
8.053920
7.453440
2.553120
10.596960
10.653120
6.547680
14.857920
11.599200
11.939040
8.820000
12.418560
16.126560
15.998400
13.867200
8.192160
16.727040
7.244640
4.229280
16.583040
15.056640
16.613280
8.974080
5.732640
10.414080
15.972480
15.732000
7.103520
16.449120
15.943680
15.252480
12.948480
10.840320
11.050560
13.214880
8.190720
13.544640
9.329760
8.231040
10.647360
9.420480
13.363200
13.222080
14.224320
4.148640
5.343840
6.890400
7.430400
5.024160
8.340480
5.931360
2.524320
10.936800
7.135200
9.221760
10.645920
13.360320
12.025440
10.044000
10.844640
3.278880
11.632320
8.134560
8.390880
3.673440
3.785760
9.856800
6.373440
5.086080
4.217760
7.901280
9.485280
8.195040
8.392320
0.852480
5.676480
7.715520
9.593280
9.781920
9.171360
9.286560
8.890560
8.923680
8.350560
8.599680
8.343360
8.151840
8.392320
8.219520
8.098560
6.114240
7.983360
6.138720
4.003200
6.842880
5.520960
7.581600
7.300800
0.816480
7.986240
5.148000
0.954720
1.287360
0.483840
3.792960
8.785440
4.842720
7.886880
6.812640
8.026560
7.135200
7.464960
5.653440
8.138880
8.017920
7.580160
8.640000
4.684320
8.523360
1.500480
6.726240
4.085280
2.737440
3.516480
7.858080
6.353280
7.338240
7.358400
7.626240
7.653600
6.593760
7.678080
7.686720
8.120160
8.205120
7.911360
8.281440
7.287840
7.908480
8.680320
8.451360
5.659200
7.943040
6.531840
2.053440
11.322720
9.288000
10.216800
8.769600
6.785280
9.969120
8.382240
9.833760
1.753920
8.958240
10.638720
10.320480
11.856960
10.438560
10.399680
10.283040
8.055360
4.397760
0.374400
4.036320
4.847040
11.368800
9.012960
8.756640
11.445120
3.657600
9.240480
11.102400
12.326400
13.314240
6.683040
6.955200
17.493120
8.105760
15.693120
4.540320
6.816960
12.778560
16.699680
15.734880
14.675040
14.915520
6.465600
16.441920
14.044320
14.405760
17.876160
17.801280
17.683200
17.353440
6.109920
18.367200
17.759520
17.261280
16.125120
16.706880
17.524800
18.480960
19.211040
18.673920
8.906400
12.049920
8.765280
8.277120
10.332000
14.924160
7.934400
11.272320
6.996960
11.623680
18.046080
19.825920
3.060000
2.849760
3.107520
13.996800
15.999840
19.447200
2.161440
21.255840
18.966240
16.243200
19.772640
6.694560
18.362880
4.102560
15.523200
21.132000
8.421120
9.761760
12.425760
9.449280
6.426720
18.092160
13.865760
11.486880
22.265280
22.007520
21.787200
18.398880
22.338720
19.729440
11.806560
12.502080
6.282720
21.486240
23.580000
19.052640
8.170560
13.766400
3.530880
5.991840
10.738080
13.932000
10.061280
22.730400
13.645440
3.540960
25.325280
24.631200
23.217120
21.628800
19.755360
10.360800
23.849280
24.491520
24.328800
24.575040
20.129760
23.225760
8.444160
16.002720
23.073120
21.312000
19.867680
14.685120
14.850720
11.109600
24.377760
21.695040
24.549120
16.440480
11.265120
13.717440
10.795680
8.101440
20.360160
20.651040
23.968800
22.572000
13.894560
11.350080
5.862240
15.625440
13.350240
15.279840
22.582080
22.527360
21.312000
9.603360
15.824160
11.046240
6.684480
18.862560
17.193600
8.016480
8.256960
11.373120
12.536640
3.428640
3.565440
21.009600
20.715840
16.135200
17.475840
21.553920
19.693440
21.647520
21.074400
11.892960
17.788320
18.135360
17.510400
15.233760
9.606240
20.639520
9.267840
18.709920
16.675200
19.772640
17.444160
10.634400
7.253280
5.119200
7.486560
21.483360
21.718080
21.087360
18.302400
19.637280
10.147680
17.611200
16.997760
8.259840
19.025280
6.638400
6.433920
9.289440
14.832000
16.279200
7.971840
5.476320
6.894720
11.558880
17.061120
14.699520
11.278080
18.273600
13.573440
3.350880
15.249600
10.330560
17.566560
18.686880
15.582240
14.495040
16.902720
11.799360
10.172160
9.033120
8.173440
6.131520
11.059200
8.066880
8.519040
11.610720
1.350720
16.676640
18.980640
12.137760
14.307840
17.732160
13.229280
18.285120
18.001440
17.661600
15.451200
8.877600
9.256320
8.902080
10.180800
8.249760
3.647520
14.883840
7.297920
16.411680
11.858400
2.878560
4.092480
7.384320
14.644800
15.049440
13.986720
5.365440
6.096960
4.072320
4.540320
3.438720
3.625920
9.622080
11.083680
1.356480
10.864800
12.712320
9.446400
12.769920
3.792960
12.399840
9.188640
10.758240
8.524800
6.573600
11.247840
8.464320
5.765760
6.580800
9.119520
11.075040
4.042080
8.208000
11.279520
7.270560
8.091360
3.195360
1.507680
8.150400
4.862880
2.270880
1.437120
2.293920
8.707680
7.692480
8.389440
9.897120
7.449120
9.659520
8.903520
8.671680
9.064800
3.761280
2.797920
8.939520
9.210240
7.832160
8.969760
8.141760
2.269440
7.109280
7.958880
4.930560
3.898080
8.732160
3.209760
7.742880
8.385120
8.331840
3.039840
4.616640
8.154720
8.046720
8.172000
6.474240
8.111520
8.040960
8.184960
8.346240
8.210880
8.216640
8.078400
8.081280
7.156800
6.451200
8.460000
8.200800
4.701600
4.458240
6.860160
7.486560
8.415360
8.131680
5.878080
4.986720
0.851040
1.949760
7.303680
6.271200
9.397440
7.957440
5.921280
6.933600
8.295840
3.719520
8.127360
2.544480
9.735840
9.800640
8.739360
10.503360
10.535040
10.294560
10.591200
5.345280
1.961280
0.659520
0.864000
1.647360
6.207840
11.286720
11.469600
11.458080
10.874880
12.103200
11.416320
12.156480
10.044000
9.381600
10.422720
11.108160
10.843200
8.769600
10.598400
5.765760
5.937120
12.132000
12.605760
10.615680
4.979520
7.230240
8.022240
7.104960
10.375200
13.681440
5.289120
15.012000
12.579840
6.482880
14.796000
12.209760
9.696960
6.645600
9.362880
12.195360
8.894880
11.550240
10.896480
10.353600
13.766400
16.547040
16.737120
10.029600
6.639840
13.471200
2.635200
1.997280
10.618560
5.842080
5.623200
14.345280
16.930080
14.277600
10.415520
11.891520
4.171680
8.552160
15.827040
12.104640
8.294400
9.848160
6.373440
16.987680
4.256640
6.504480
9.264960
6.276960
10.631520
1.085760
21.673440
15.684480
20.609280
17.539200
13.402080
7.751520
9.132480
18.743040
12.395520
8.056800
18.669600
14.901120
10.196640
17.272800
19.082880
19.321920
5.976000
23.224320
21.742560
10.116000
13.923360
9.918720
19.211040
13.521600
15.716160
11.613600
13.020480
15.636960
15.121440
2.917440
12.964320
10.684800
5.486400
13.098240
21.208320
20.377440
20.429280
16.462080
9.597600
11.805120
18.747360
22.428000
7.387200
18.770400
23.784480
22.121280
23.983200
16.846560
11.574720
20.688480
25.823520
23.238720
22.275360
25.750080
24.805440
15.045120
16.869600
22.658400
21.222720
15.508800
19.971360
16.365600
24.474240
23.486400
22.685760
20.010240
15.228000
16.630560
20.630880
20.197440
6.337440
17.542080
14.228640
18.466560
23.256000
13.688640
15.724800
20.374560
16.712640
11.737440
13.613760
11.718720
18.516960
16.604640
16.444800
16.836480
7.849440
15.559200
16.441920
13.685760
18.698400
18.804960
14.224320
6.307200
8.746560
7.459200
16.858080
16.799040
19.815840
18.964800
20.383200
22.659840
19.572480
11.700000
12.304800
16.426080
22.330080
20.917440
13.224960
14.621760
19.005120
20.183040
6.245280
8.457120
12.732480
19.751040
19.349280
20.904480
21.833280
12.193920
21.244320
11.874240
7.489440
5.559840
14.323680
8.903520
1.206720
19.716480
16.156800
20.701440
14.073120
11.315520
15.372000
14.991840
13.953600
7.835040
8.061120
11.370240
19.278720
10.465920
11.988000
11.674080
16.632000
18.525600
11.093760
17.932320
17.638560
17.786880
15.079680
12.055680
8.497440
10.923840
16.234560
12.900960
10.238400
2.141280
3.152160
8.268480
4.322880
13.934880
11.727360
16.236000
15.325920
13.718880
1.056960
1.356480
9.876960
12.587040
16.691040
16.174080
12.083040
11.903040
8.498880
14.772960
11.404800
13.360320
4.969440
10.863360
13.188960
9.898560
14.025600
3.265920
11.695680
10.463040
4.618080
11.495520
14.074560
11.975040
9.763200
6.706080
0.898560
9.694080
9.322560
10.398240
7.467840
6.599520
11.809440
8.521920
10.332000
11.049120
11.200320
9.504000
11.311200
11.088000
7.202880
11.819520
11.633760
7.606080
11.210400
10.281600
9.504000
9.322560
9.809280
10.118880
9.974880
4.501440
9.372960
9.865440
9.792000
1.805760
2.674080
9.419040
7.909920
2.734560
3.903840
7.502400
8.737920
3.080160
7.453440
5.863680
8.449920
2.312640
4.163040
7.594560
8.847360
3.991680
8.108640
5.549760
6.693120
1.781280
5.100480
2.315520
8.049600
5.535360
8.156160
6.647040
7.310880
7.920000
1.900800
5.811840
5.726880
6.531840
7.656480
4.148640
7.027200
4.043520
5.451840
6.454080
7.642080
7.511040
7.581600
7.709760
7.947360
7.639200
7.382880
-99.000000
-99.000000
-99.000000
-99.000000
-99.000000
-99.000000
-99.000000
-99.000000
-99.000000
-99.000000
-99.000000
-99.000000
-99.000000
-99.000000
-99.000000
-99.000000
-99.000000
-99.000000
-99.000000
-99.000000
-99.000000
-99.000000
-99.000000
-99.000000
-99.000000
-99.000000
-99.000000
-99.000000
-99.000000
-99.000000
-99.000000
-99.000000
-99.000000
-99.000000
-99.000000
-99.000000
-99.000000
-99.000000
-99.000000
-99.000000
-99.000000
-99.000000
-99.000000
-99.000000
-99.000000
-99.000000
-99.000000
-99.000000
-99.000000
-99.000000
-99.000000
-99.000000
-99.000000
-99.000000
-99.000000
-99.000000
-99.000000
-99.000000
-99.000000
-99.000000
-99.000000
-99.000000
-99.000000
-99.000000
-99.000000
-99.000000
-99.000000
-99.000000
-99.000000
-99.000000
-99.000000
-99.000000
-99.000000
-99.000000
-99.000000
-99.000000
-99.000000
-99.000000
-99.000000
-99.000000
-99.000000
-99.000000
-99.000000
-99.000000
-99.000000
-99.000000
-99.000000
-99.000000
-99.000000
-99.000000
-99.000000
-99.000000
-99.000000
-99.000000
-99.000000
-99.000000
-99.000000
-99.000000
-99.000000
-99.000000
-99.000000
-99.000000
-99.000000
-99.000000
-99.000000
-99.000000
-99.000000
-99.000000
-99.000000
-99.000000
-99.000000
-99.000000
-99.000000
-99.000000
-99.000000
-99.000000
-99.000000
-99.000000
-99.000000
-99.000000
-99.000000
-99.000000
-99.000000
-99.000000
-99.000000
-99.000000
-99.000000
-99.000000
-99.000000
-99.000000
-99.000000
-99.000000
-99.000000
-99.000000
-99.000000
-99.000000
-99.000000
-99.000000
-99.000000
-99.000000
-99.000000
-99.000000
-99.000000
-99.000000
-99.000000
-99.000000
-99.000000
-99.000000
-99.000000
-99.000000
-99.000000
-99.000000
-99.000000
-99.000000
-99.000000
-99.000000
-99.000000
-99.000000
-99.000000
-99.000000
-99.000000
-99.000000
-99.000000
-99.000000
-99.000000
-99.000000
-99.000000
-99.000000
-99.000000
-99.000000
-99.000000
-99.000000
-99.000000
-99.000000
-99.000000
-99.000000
-99.000000
-99.000000
-99.000000
-99.000000
-99.000000
-99.000000
-99.000000
-99.000000
-99.000000
-99.000000
-99.000000
-99.000000
-99.000000
-99.000000
-99.000000
-99.000000
-99.000000
-99.000000
-99.000000
-99.000000
-99.000000
-99.000000
-99.000000
-99.000000
-99.000000
-99.000000
-99.000000
-99.000000
-99.000000
-99.000000
-99.000000
-99.000000
-99.000000
-99.000000
-99.000000
-99.000000
-99.000000
-99.000000
-99.000000
-99.000000
-99.000000
-99.000000
-99.000000
-99.000000
-99.000000
-99.000000
-99.000000
-99.000000
-99.000000
-99.000000
-99.000000
-99.000000
-99.000000
-99.000000
-99.000000
-99.000000
-99.000000
-99.000000
-99.000000
-99.000000
-99.000000
-99.000000
-99.000000
-99.000000
-99.000000
-99.000000
-99.000000
-99.000000
-99.000000
-99.000000
-99.000000
-99.000000
-99.000000
-99.000000
-99.000000
-99.000000
-99.000000
-99.000000
-99.000000
-99.000000
-99.000000
-99.000000
-99.000000
-99.000000
-99.000000
-99.000000
-99.000000
-99.000000
-99.000000
-99.000000
-99.000000
-99.000000
-99.000000
-99.000000
-99.000000
-99.000000
-99.000000
-99.000000
-99.000000
-99.000000
-99.000000
-99.000000
-99.000000
-99.000000
-99.000000
-99.000000
-99.000000
-99.000000
-99.000000
-99.000000
-99.000000
-99.000000
-99.000000
-99.000000
-99.000000
-99.000000
-99.000000
-99.000000
-99.000000
-99.000000
-99.000000
-99.000000
-99.000000
-99.000000
-99.000000
-99.000000
-99.000000
-99.000000
-99.000000
-99.000000
-99.000000
-99.000000
-99.000000
-99.000000
-99.000000
-99.000000
-99.000000
-99.000000
-99.000000
-99.000000
-99.000000
-99.000000
-99.000000
-99.000000
-99.000000
-99.000000
-99.000000
-99.000000
-99.000000
-99.000000
-99.000000
-99.000000
-99.000000
-99.000000
-99.000000
-99.000000
-99.000000
-99.000000
-99.000000
-99.000000
-99.000000
-99.000000
-99.000000
-99.000000
-99.000000
-99.000000
-99.000000
-99.000000
-99.000000
-99.000000
-99.000000
-99.000000
-99.000000
-99.000000
-99.000000
-99.000000
-99.000000
3.365280
2.292480
2.193120
6.157440
6.858720
7.201440
5.058720
7.109280
7.198560
6.409440
7.732800
6.662880
7.315200
5.402880
3.225600
5.099040
3.772800
5.002560
5.325120
1.090080
3.245760
7.804800
5.279040
7.456320
6.953760
4.789440
4.295520
3.546720
7.071840
8.173440
8.209440
8.654400
8.827200
7.649280
8.663040
8.148960
8.164800
9.115200
9.473760
9.066240
9.394560
9.339840
9.128160
5.329440
6.590880
8.612640
6.164640
10.238400
10.386720
10.630080
10.756800
10.978560
10.994400
6.287040
10.465920
10.401120
5.983200
12.196800
10.753920
8.771040
7.446240
1.154880
1.765440
8.444160
11.443680
12.856320
10.851840
3.414240
5.232960
7.987680
6.140160
7.004160
7.405920
14.410080
9.244800
11.062080
13.894560
15.706080
7.480800
11.819520
8.677440
8.703360
8.693280
11.188800
11.900160
16.028640
10.540800
8.219520
11.145600
7.706880
2.131200
17.966880
9.345600
4.921920
17.923680
9.038880
15.814080
7.025760
5.765760
8.212320
16.423200
11.102400
10.990080
20.868480
16.305120
18.987840
19.585440
16.780320
15.220800
4.600800
15.471360
13.448160
15.624000
1.529280
14.270400
13.661280
14.914080
17.601120
16.385760
10.136160
5.548320
17.533440
3.837600
11.268000
12.071520
15.469920
16.156800
18.946080
22.631040
19.808640
12.310560
6.965280
-99.000000
-99.000000
-99.000000
-99.000000
-99.000000
-99.000000
-99.000000
-99.000000
-99.000000
-99.000000
-99.000000
-99.000000
-99.000000
-99.000000
-99.000000
17.760960
9.946080
7.433280
11.142720
19.372320
22.651200
12.029760
3.299040
11.341440
16.022880
1.271520
13.135680
3.754080
11.636640
13.955040
12.690720
9.404640
5.299200
6.164640
15.698880
7.873920
8.272800
24.370560
13.353120
17.213760
17.676000
9.760320
18.501120
25.873920
8.461440
4.210560
-99.000000
13.965120
10.225440
13.279680
18.403200
19.133280
23.951520
26.684640
25.027200
13.917600
19.049760
16.731360
20.599200
22.728960
15.730560
6.948000
10.252800
20.037600
3.928320
25.364160
18.828000
11.504160
5.585760
8.773920
16.547040
23.906880
18.956160
6.730560
5.976000
17.026560
25.656480
19.460160
7.022880
12.314880
22.566240
17.393760
8.804160
24.995520
24.350400
23.356800
11.210400
7.600320
10.687680
22.946400
17.913600
23.783040
23.699520
14.731200
13.497120
21.071520
19.611360
22.255200
22.767840
18.194400
11.714400
16.632000
18.113760
15.413760
17.599680
9.028800
8.938080
19.213920
8.812800
13.082400
19.578240
16.957440
5.834880
15.647040
4.917600
2.063520
14.120640
7.103520
8.104320
14.083200
9.970560
17.392320
19.573920
13.711680
9.015840
15.262560
17.269920
15.369120
11.795040
7.741440
7.496640
15.039360
10.908000
14.319360
10.008000
7.392960
11.973600
20.099520
18.482400
15.282720
13.379040
10.596960
7.814880
14.582880
14.254560
8.520480
7.878240
4.955040
11.515680
6.379200
14.004000
11.416320
11.080800
8.220960
9.542880
3.600000
14.847840
14.284800
14.461920
14.489280
13.253760
5.328000
7.843680
13.088160
12.299040
7.178400
5.957280
8.045280
10.751040
5.484960
5.705280
3.224160
7.542720
11.576160
10.958400
7.168320
9.112320
6.013440
11.396160
11.581920
10.465920
1.372320
2.139840
11.069280
5.352480
5.410080
0.466560
10.571040
3.540960
1.797120
2.900160
6.969600
7.233120
8.899200
8.763840
6.624000
1.887840
6.284160
9.319680
9.109440
9.152640
9.050400
3.977280
8.735040
8.436960
8.104320
4.213440
5.461920
4.119840
8.396640
8.180640
2.406240
5.244480
2.216160
7.606080
5.705280
4.432320
5.636160
3.673440
5.484960
5.634720
5.374080
3.556800
2.328480
4.246560
6.834240
7.224480
5.319360
1.002240
2.161440
1.805760
5.309280
4.825440
6.811200
2.653920
7.454880
7.585920
7.077600
7.094880
4.390560
1.156320
2.220480
0.930240
0.708480
6.805440
6.847200
5.820480
4.379040
7.071840
7.786080
7.611840
0.663840
4.034880
4.609440
2.080800
1.919520
7.904160
8.189280
7.571520
6.747840
8.072640
7.145280
7.724160
7.905600
8.318880
1.899360
8.203680
3.396960
2.776320
4.440960
8.693280
5.029920
9.555840
8.520480
9.403200
9.282240
3.404160
2.005920
6.361920
2.861280
10.681920
5.339520
6.753600
10.340640
9.099360
9.008640
5.120640
1.094400
9.887040
10.379520
11.891520
6.596640
11.099520
8.959680
12.908160
12.836160
12.191040
12.241440
9.734400
12.719520
12.682080
13.505760
13.799520
13.680000
9.511200
2.532960
4.872960
2.136960
4.916160
8.572320
14.986080
15.819840
15.275520
5.578560
14.837760
6.657120
15.746400
16.374240
12.703680
16.176960
16.920000
17.082720
16.921440
17.282880
18.322560
18.613440
18.177120
18.246240
13.563360
18.001440
18.377280
16.663680
2.613600
15.660000
13.292640
3.104640
9.144000
5.618880
9.529920
9.272160
6.079680
17.144640
1.152000
3.971520
15.844320
1.980000
8.988480
3.284640
8.232480
15.160320
7.009920
15.009120
6.596640
10.897920
19.769760
11.406240
13.312800
20.378880
22.849920
20.057760
14.005440
3.679200
15.209280
5.153760
12.981600
11.903040
22.093920
24.490080
14.279040
13.824000
23.160960
22.826880
16.346880
16.361280
17.778240
13.217760
17.998560
23.544000
9.941760
7.273440
18.302400
24.364800
18.420480
11.164320
23.879520
24.446880
14.101920
18.090720
19.882080
20.257920
18.607680
9.069120
26.812800
21.422880
23.374080
14.794560
7.096320
17.078400
24.851520
18.960480
20.318400
9.286560
21.827520
9.616320
12.492000
14.076000
24.386400
12.090240
20.057760
22.829760
12.934080
19.108800
12.373920
19.872000
24.099840
9.371520
16.102080
25.644960
24.436800
26.709120
19.229760
8.902080
14.686560
15.024960
15.914880
10.959840
13.409280
11.232000
16.901280
18.541440
13.973760
15.564960
9.653760
11.881440
7.243200
1.723680
8.048160
14.119200
20.820960
24.392160
23.078880
17.601120
21.579840
9.758880
25.752960
16.417440
24.202080
24.228000
20.661120
24.753600
23.238720
22.142880
23.572800
18.469440
19.686240
22.268160
22.029120
16.875360
22.917600
14.925600
2.124000
22.618080
19.830240
22.275360
9.112320
11.197440
9.275040
9.786240
16.715520
15.325920
22.527360
18.912960
16.807680
18.000000
13.275360
17.602560
21.288960
20.734560
19.200960
12.214080
16.289280
18.547200
10.241280
12.549600
14.934240
14.925600
9.551520
14.777280
17.550720
15.923520
14.243040
6.062400
7.040160
18.612000
19.571040
18.931680
18.011520
16.112160
13.901760
11.502720
7.780320
8.307360
7.655040
2.714400
13.046400
14.381280
13.512960
7.662240
8.726400
12.697920
11.708640
15.570720
16.728480
12.324960
8.507520
13.739040
14.319360
14.552640
12.345120
8.544960
11.921760
12.443040
14.591520
13.962240
13.864320
11.950560
10.033920
4.317120
5.417280
13.453920
13.226400
14.146560
13.311360
13.932000
13.381920
13.736160
13.263840
11.724480
1.555200
2.396160
3.947040
5.728320
7.017120
3.990240
11.162880
11.649600
11.230560
10.728000
10.621440
7.332480
9.368640
5.385600
8.887680
2.053440
5.045760
6.219360
5.212800
5.580000
9.367200
4.376160
4.389120
6.693120
4.868640
7.876800
6.978240
7.247520
8.023680
7.909920
4.187520
7.882560
7.778880
6.071040
4.615200
8.189280
7.470720
5.591520
3.391200
7.194240
3.625920
4.497120
7.931520
6.969600
7.151040
3.617280
4.934880
1.824480
3.657600
4.926240
6.873120
6.376320
7.313760
7.063200
7.227360
2.112480
4.854240
4.371840
4.747680
6.379200
7.496640
7.181280
3.234240
3.371040
1.500480
1.123200
3.480480
1.025280
6.893280
5.379840
5.139360
6.166080
6.746400
6.772320
7.037280
1.932480
1.342080
2.615040
1.373760
1.156320
4.652640
5.758560
7.387200
6.108480
4.340160
6.835680
2.976480
7.217280
4.658400
2.423520
5.338080
5.257440
3.156480
8.605440
8.434080
4.841280
2.054880
2.890080
9.489600
5.228640
8.733600
8.455680
7.073280
2.129760
10.496160
9.888480
10.419840
2.668320
6.986880
7.760160
10.959840
3.818880
1.586880
11.982240
6.688800
11.522880
7.794720
6.161760
6.189120
0.982080
10.332000
7.116480
4.141440
8.913600
10.975680
10.873440
12.101760
11.217600
7.787520
4.930560
6.291360
4.419360
9.048960
11.952000
1.366560
11.161440
13.678560
14.929920
7.104960
2.363040
16.915680
11.754720
14.965920
13.710240
16.322400
17.160480
17.274240
17.197920
16.934400
13.841280
14.702400
13.322880
6.369120
9.790560
11.334240
15.863040
12.415680
18.142560
17.724960
15.036480
17.484480
11.420640
7.869600
8.612640
15.822720
16.871040
15.482880
20.335680
17.916480
3.294720
9.123840
18.630720
18.940320
15.436800
6.291360
7.480800
4.629600
10.020960
9.630720
17.364960
19.375200
11.675520
12.875040
13.337280
11.437920
7.657920
8.523360
11.927520
12.294720
17.062560
23.061600
21.886560
15.973920
8.318880
5.198400
3.961440
10.023840
18.614880
5.898240
5.201280
12.980160
16.970400
18.154080
11.518560
6.216480
5.726880
12.343680
22.456800
24.828480
21.592800
20.387520
8.101440
25.453440
21.176640
11.946240
19.147680
25.774560
24.958080
23.983200
10.460160
5.886720
13.669920
9.600480
5.221440
16.603200
16.408800
22.615200
18.185760
24.102720
9.331200
17.785440
21.486240
6.724800
9.406080
9.262080
10.431360
9.645120
11.052000
11.869920
21.895200
7.555680
6.776640
15.163200
16.624800
27.027360
24.540480
15.730560
19.120320
16.315200
13.000320
12.670560
8.052480
11.924640
13.901760
13.864320
24.389280
19.848960
11.772000
22.482720
23.778720
21.627360
21.538080
17.441280
11.419200
12.974400
23.402880
24.865920
24.338880
14.709600
19.500480
12.209760
22.669920
17.300160
18.414720
22.736160
8.393760
6.799680
13.419360
24.487200
25.588800
23.836320
15.559200
6.586560
13.451040
14.333760
14.895360
6.822720
17.807040
12.738240
19.111680
19.284480
23.212800
14.948640
8.213760
15.337440
14.126400
4.576320
10.152000
6.521760
10.268640
13.940640
20.112480
13.007520
9.828000
14.054400
21.697920
21.337920
20.135520
9.133920
16.842240
20.754720
16.041600
13.841280
12.888000
15.209280
20.931840
17.375040
6.311520
13.305600
11.528640
18.977760
14.974560
6.802560
7.591680
13.667040
16.231680
17.428320
12.896640
16.456320
18.453600
15.792480
8.975520
3.794400
4.485600
17.180640
11.543040
3.065760
13.461120
8.272800
6.464160
14.734080
13.443840
10.913760
7.115040
13.564800
10.162080
5.464800
14.204160
13.285440
9.483840
10.369440
14.783040
12.172320
7.320960
4.101120
1.311840
0.720000
1.670400
6.295680
11.028960
12.039840
10.294560
13.320000
13.350240
12.981600
11.400480
11.016000
12.072960
7.748640
4.011840
4.317120
12.345120
11.841120
10.382400
8.388000
4.577760
7.577280
4.403520
10.195200
8.569440
9.940320
9.475200
10.036800
1.634400
6.514560
10.337760
5.639040
8.939520
7.911360
7.385760
9.001440
1.527840
9.432000
3.584160
4.907520
3.926880
4.626720
7.045920
5.601600
7.454880
5.274720
8.288640
7.979040
6.926400
4.111200
1.848960
1.284480
6.462720
6.852960
5.515200
7.649280
5.479200
5.689440
5.395680
6.572160
3.277440
7.548480
7.295040
6.354720
7.740000
7.220160
4.590720
7.498080
6.495840
5.819040
6.933600
6.831360
2.736000
1.807200
3.790080
6.935040
7.524000
7.506720
5.483520
6.579360
5.208480
3.566880
3.913920
2.574720
7.251840
7.565760
5.571360
6.433920
3.317760
6.930720
7.172640
1.441440
5.879520
6.265440
6.158880
7.208640
7.784640
7.889760
7.909920
8.032320
7.128000
5.738400
8.560800
9.636480
8.478720
8.362080
8.758080
8.791200
8.866080
1.674720
0.358560
5.225760
2.953440
5.256000
7.823520
10.255680
7.041600
10.170720
10.235520
10.504800
10.703520
10.628640
10.861920
10.846080
10.771200
10.857600
10.880640
1.385280
5.227200
10.607040
4.026240
13.056480
10.648800
11.122560
7.662240
7.990560
11.571840
10.595520
13.249440
11.193120
8.223840
14.421600
13.582080
8.068320
2.551680
4.919040
11.750400
12.778560
11.913120
3.409920
11.377440
10.012320
10.363680
1.208160
7.572960
2.278080
1.104480
8.961120
5.798880
14.963040
16.107840
17.686080
8.313120
5.212800
17.229600
17.966880
13.901760
13.551840
13.461120
8.946720
4.404960
9.236160
10.869120
17.894880
19.149120
15.148800
8.127360
18.446400
19.859040
19.916640
19.981440
20.036160
10.360800
20.289600
17.220960
15.197760
12.333600
7.564320
11.615040
12.500640
21.864960
13.789440
11.998080
14.611680
8.125920
6.936480
12.967200
13.263840
20.936160
17.213760
5.929920
10.134720
11.666880
17.716320
11.544480
12.952800
11.724480
11.509920
14.461920
6.642720
18.004320
18.099360
19.474560
17.138880
8.526240
11.383200
11.021760
24.078240
20.060640
18.247680
24.009120
21.852000
21.636000
20.579040
18.089280
25.008480
19.176480
24.151680
13.766400
4.514400
9.444960
19.959840
13.325760
10.660320
10.494720
12.942720
19.221120
12.235680
13.086720
11.717280
12.445920
6.081120
5.843520
5.228640
3.470400
14.997600
10.003680
12.303360
11.244960
14.437440
13.475520
5.830560
21.546720
19.981440
22.723200
21.316320
5.499360
11.125440
25.423200
24.989760
25.480800
22.432320
18.043200
13.475520
15.863040
17.458560
18.024480
10.334880
23.356800
15.877440
15.284160
15.060960
22.122720
20.278080
23.425920
12.183840
12.551040
6.644160
9.097920
12.659040
3.114720
13.966560
14.827680
14.375520
5.502240
4.075200
7.593120
15.582240
9.908640
5.948640
10.311840
9.492480
5.417280
11.191680
14.165280
13.559040
17.593920
13.204800
15.387840
15.179040
19.650240
3.434400
2.795040
16.223040
20.044800
17.750880
21.196800
21.110400
11.481120
11.053440
15.780960
21.520800
20.917440
21.536640
20.842560
21.594240
20.952000
21.036960
15.217920
15.230880
15.311520
13.302720
19.277280
11.017440
12.134880
13.341600
17.608320
17.284320
11.403360
6.776640
3.021120
18.120960
17.291520
17.068320
18.892800
18.519840
13.880160
12.552480
14.904000
9.485280
15.429600
13.563360
14.061600
2.289600
9.815040
16.215840
15.858720
12.974400
12.800160
4.262400
9.211680
13.651200
14.353920
15.768000
13.573440
15.550560
15.419520
15.492960
14.892480
14.748480
14.564160
13.135680
10.283040
13.439520
14.401440
13.772160
13.802400
13.734720
13.199040
13.020480
3.314880
11.970720
10.516320
10.992960
6.323040
12.684960
12.192480
8.134560
9.440640
1.859040
12.065760
11.033280
0.838080
1.801440
4.646880
8.248320
4.423680
8.375040
6.148800
0.735840
2.193120
3.287520
2.249280
7.058880
5.359680
7.596000
7.493760
8.710560
7.973280
3.111840
2.196000
0.933120
2.324160
3.880800
4.557600
7.938720
2.257920
1.863360
0.600480
7.954560
7.879680
7.827840
7.728480
7.679520
7.626240
7.310880
7.364160
7.467840
4.504320
4.618080
6.701760
5.690880
5.103360
6.952320
6.916320
5.755680
5.857920
6.482880
6.953760
5.029920
4.311360
5.916960
4.910400
1.939680
7.254720
1.497600
4.616640
1.949760
5.084640
6.766560
6.996960
6.616800
6.703200
5.876640
6.886080
6.972480
4.144320
1.709280
6.768000
3.542400
6.318720
6.492960
4.212000
6.364800
5.646240
7.215840
6.805440
7.508160
7.548480
7.100640
7.764480
7.619040
7.761600
2.214720
4.721760
8.082720
6.960960
7.086240
7.799040
8.196480
7.688160
8.641440
8.536320
7.058880
3.034080
4.656960
4.027680
9.457920
4.317120
5.489280
7.863840
9.943200
10.268640
2.406240
10.622880
10.743840
6.772320
10.787040
11.236320
9.698400
11.324160
9.020160
3.591360
11.671200
11.828160
11.293920
12.031200
6.917760
12.876480
12.444480
12.928320
12.644640
12.588480
11.638080
13.436640
11.894400
14.142240
14.379840
14.230080
15.127200
5.941440
9.324000
13.448160
10.172160
15.246720
16.208640
16.488000
16.296480
16.233120
16.452000
16.640640
16.862400
17.017920
17.647200
16.175520
11.141280
9.577440
16.112160
1.084320
2.365920
19.133280
18.416160
15.495840
10.337760
15.012000
15.380640
14.430240
19.644480
19.324800
13.904640
14.024160
8.317440
5.051520
5.744160
13.263840
11.269440
21.805920
16.018560
13.200480
9.334080
7.246080
16.722720
8.382240
15.228000
20.056320
22.567680
6.256800
10.895040
9.767520
18.704160
3.235680
19.772640
10.339200
14.076000
23.199840
3.546720
3.834720
16.656480
9.652320
19.588320
14.855040
14.772960
15.347520
20.990880
7.094880
14.807520
12.738240
19.303200
23.378400
24.109920
14.741280
8.416800
16.823520
9.600480
19.395360
19.277280
8.573760
21.252960
5.339520
5.729760
4.717440
20.967840
13.351680
13.727520
9.195840
9.610560
8.930880
14.735520
14.027040
14.571360
21.132000
15.624000
7.040160
7.620480
22.276800
16.035840
21.277440
7.752960
14.179680
15.616800
11.728800
11.808000
9.298080
14.863680
25.855200
25.420320
22.014720
22.242240
14.931360
13.093920
16.891200
14.639040
21.054240
16.509600
20.328480
21.839040
24.353280
24.007680
24.036480
22.203360
6.403680
12.470400
18.574560
20.550240
13.639680
11.705760
25.152480
8.881920
21.127680
17.945280
9.239040
18.148320
21.062880
3.507840
10.274400
19.847520
24.732000
24.312960
23.289120
19.221120
4.620960
22.364640
23.829120
23.659200
18.748800
20.682720
17.330400
18.263520
7.937280
15.616800
21.984480
20.630880
15.062400
10.375200
22.955040
15.471360
8.445600
23.244480
23.220000
21.024000
22.484160
12.254400
10.213920
11.147040
15.498720
21.542400
21.422880
21.546720
20.792160
15.809760
11.841120
19.046880
20.639520
20.602080
20.172960
11.790720
15.562080
20.347200
8.569440
10.104480
2.475360
21.460320
20.859840
16.238880
13.739040
15.081120
11.554560
13.472640
17.556480
11.214720
11.633760
17.182080
13.318560
5.574240
18.427680
18.964800
18.457920
17.975520
14.261760
6.251040
6.639840
17.029440
14.736960
15.791040
14.414400
9.833760
13.705920
4.177440
6.325920
5.182560
1.379520
6.696000
7.489440
13.285440
15.416640
14.034240
14.100480
13.561920
10.216800
12.303360
7.031520
6.082560
8.631360
4.524480
6.740640
12.229920
13.897440
12.692160
12.801600
1.293120
1.781280
0.990720
5.880960
5.391360
7.103520
11.579040
2.183040
5.947200
6.148800
11.988000
11.868480
7.364160
5.484960
10.503360
9.145440
5.834880
1.494720
7.981920
4.039200
10.487520
10.022400
5.675040
6.624000
5.076000
9.774720
7.331040
4.406400
8.771040
8.753760
2.956320
2.594880
4.505760
8.913600
5.042880
3.791520
8.540640
5.711040
5.109120
2.288160
2.738880
2.056320
6.320160
8.549280
7.884000
9.172800
4.906080
4.658400
3.831840
7.716960
5.415840
8.161920
7.776000
7.542720
7.090560
7.395840
3.306240
2.142720
3.283200
6.547680
5.156640
7.027200
3.006720
3.949920
2.864160
4.376160
7.277760
7.888320
5.172480
7.243200
6.648480
6.544800
7.640640
7.022880
6.596640
1.882080
9.047520
7.727040
3.497760
8.151840
7.958880
7.094880
7.944480
7.977600
5.561280
8.143200
6.943680
6.370560
3.965760
1.552320
3.342240
6.590880
4.655520
1.340640
5.896800
5.245920
6.857280
3.630240
3.060000
9.995040
3.839040
4.360320
5.758560
7.368480
8.506080
9.702720
8.487360
3.422880
11.181600
9.270720
9.521280
5.742720
6.079680
3.801600
11.931840
7.689600
6.498720
9.861120
12.484800
10.474560
8.907840
8.958240
10.573920
3.644640
3.752640
13.335840
9.856800
4.176000
14.083200
7.322400
8.616960
11.894400
10.991520
4.832640
5.840640
13.567680
14.545440
5.171040
0.950400
4.965120
11.534400
8.923680
9.802080
8.190720
8.291520
6.939360
3.569760
7.850880
17.961120
10.200960
4.230720
12.653280
9.169920
15.539040
17.524800
17.640000
10.147680
9.946080
8.072640
4.354560
4.834080
6.396480
11.844000
13.387680
8.981280
3.512160
8.252640
12.811680
4.564800
3.038400
6.570720
18.336960
7.210080
10.391040
13.960800
17.133120
15.890400
20.973600
22.394880
18.400320
13.540320
21.549600
21.830400
3.598560
20.321280
16.341120
17.474400
15.651360
22.842720
2.616480
5.509440
3.823200
2.744640
1.568160
20.518560
23.143680
9.580320
10.036800
11.260800
11.571840
18.478080
9.478080
8.159040
6.939360
2.823840
6.756480
9.233280
15.194880
14.536800
4.380480
6.913440
21.021120
18.442080
6.860160
6.393600
10.163520
14.698080
14.758560
15.703200
16.634880
15.822720
11.662560
11.364480
9.335520
8.439840
8.650080
22.600800
26.220960
20.312640
9.619200
16.319520
18.064800
23.382720
11.334240
11.016000
14.054400
12.480480
13.664160
19.169280
24.251040
13.315680
25.086240
20.463840
5.297760
22.468320
12.483360
9.263520
15.979680
5.309280
20.733120
17.107200
26.087040
17.843040
15.639840
17.716320
19.820160
14.093280
12.147840
9.216000
26.186400
25.979040
21.047040
15.200640
19.622880
18.616320
11.826720
11.466720
14.451840
11.492640
8.615520
17.798400
10.386720
9.266400
14.666400
12.290400
11.491200
18.529920
15.354720
14.100480
20.216160
23.316480
22.955040
18.731520
20.269440
10.488960
15.292800
24.446880
24.122880
21.787200
21.090240
22.999680
23.021280
18.976320
12.506400
15.259680
23.300640
23.061600
21.493440
15.344640
9.177120
14.706720
17.582400
10.167840
9.108000
16.250400
11.471040
22.511520
21.025440
18.352800
12.637440
3.571200
4.718880
3.978720
7.620480
7.447680
10.143360
12.368160
18.872640
19.991520
19.039680
20.096640
20.194560
19.704960
17.494560
3.214080
11.409120
10.234080
6.674400
1.311840
7.970400
10.886400
14.176800
5.906880
15.003360
7.420320
11.124000
16.879680
12.506400
17.582400
16.826400
16.727040
16.747200
13.747680
14.990400
13.708800
10.761120
4.785120
10.090080
12.140640
11.208960
2.826720
1.808640
7.990560
11.638080
11.183040
4.551840
3.134880
5.715360
2.649600
13.514400
13.213440
10.493280
7.760160
10.120320
7.917120
3.816000
9.806400
10.523520
12.139200
10.861920
9.784800
10.344960
9.956160
10.709280
11.154240
11.387520
1.379520
7.958880
10.657440
8.362080
8.357760
1.556640
4.173120
7.502400
10.190880
9.390240
7.437600
7.073280
3.945600
8.425440
8.673120
5.963040
9.979200
5.293440
2.796480
2.221920
1.326240
7.614720
8.807040
4.482720
7.574400
4.799520
7.572960
8.928000
8.038080
8.484480
8.203680
8.228160
1.946880
8.029440
2.446560
7.872480
8.039520
7.774560
7.755840
7.657920
7.611840
7.727040
7.712640
7.630560
7.552800
7.541280
7.031520
7.214400
7.244640
6.711840
6.878880
1.689120
6.713280
7.142400
6.415200
4.737600
0.921600
4.129920
3.597120
6.312960
4.209120
4.620960
5.474880
4.920480
6.252480
4.567680
6.233760
4.898880
5.310720
4.406400
8.052480
7.266240
6.461280
7.649280
6.046560
6.888960
2.358720
6.181920
4.144320
1.977120
8.447040
1.018080
2.975040
7.189920
9.198720
2.649600
6.577920
5.891040
3.048480
8.563680
5.847840
6.789600
8.215200
4.713120
6.937920
2.882880
10.729440
8.714880
9.041760
10.545120
9.597600
4.381920
9.223200
6.334560
8.003520
8.451360
11.312640
11.426400
9.240480
-99.000000
-99.000000
9.865440
4.586400
11.376000
9.984960
1.539360
11.859840
13.576320
10.452960
11.435040
6.147360
7.823520
9.040320
11.530080
13.920480
8.153280
11.532960
7.452000
16.188480
16.037280
15.975360
16.250400
16.322400
11.635200
16.218720
16.565760
15.281280
17.182080
17.700480
17.439840
16.604640
16.666560
14.042880
11.874240
8.681760
16.477920
16.724160
7.198560
9.041760
9.699840
17.110080
7.120800
2.095200
5.862240
17.953920
8.982720
1.356480
16.716960
20.433600
16.303680
16.649280
3.928320
21.061440
15.141600
9.708480
13.695840
17.115840
19.573920
22.011840
22.501440
22.399200
16.961760
5.568480
3.795840
5.791680
5.425920
13.086720
11.056320
19.936800
18.465120
17.251200
10.578240
10.728000
7.336800
9.599040
18.989280
26.209440
25.261920
24.599520
17.971200
10.942560
17.238240
17.413920
14.106240
2.374560
9.015840
20.057760
26.310240
26.390880
24.461280
13.752000
17.231040
17.619840
13.658400
6.400800
18.144000
24.593760
10.008000
13.393440
6.446880
11.717280
7.845120
7.303680
6.714720
23.340960
22.783680
10.572480
11.563200
11.136960
15.000480
20.606400
18.845280
25.453440
20.636640
24.802560
16.256160
18.169920
13.173120
3.435840
17.748000
10.694880
10.344960
16.007040
21.699360
19.728000
25.063200
15.825600
15.137280
9.495360
8.565120
6.516000
20.976480
20.736000
5.189760
12.464640
14.480640
12.549600
9.948960
10.748160
14.364000
19.560960
7.748640
8.012160
15.586560
20.459520
14.397120
17.966880
9.351360
9.371520
14.738400
16.246080
24.341760
22.752000
16.246080
16.290720
18.560160
24.554880
17.317440
10.303200
9.156960
15.665760
12.306240
4.834080
21.974400
16.714080
11.736000
12.857760
8.871840
15.222240
13.979520
5.489280
11.184480
9.747360
21.759840
15.521760
21.150720
10.896480
4.845600
6.305760
8.452800
6.336000
6.287040
18.208800
17.710560
7.261920
7.511040
3.057120
6.131520
5.549760
9.565920
16.590240
14.964480
3.862080
14.218560
10.232640
6.204960
12.205440
20.443680
18.545760
11.027520
5.970240
10.573920
12.980160
15.765120
11.062080
7.773120
13.128480
14.237280
9.734400
10.483200
8.766720
12.695040
12.366720
12.185280
13.180320
16.918560
11.138400
7.166880
7.087680
8.385120
4.410720
11.404800
16.644960
16.881120
4.422240
12.005280
6.737760
8.845920
11.005920
12.389760
8.480160
9.106560
13.376160
12.523680
14.810400
13.129920
10.461600
12.008160
10.854720
13.894560
6.141600
10.683360
12.291840
12.762720
13.491360
11.224800
11.691360
10.696320
11.733120
10.753920
11.259360
9.545760
9.083520
4.544640
2.566080
9.175680
11.028960
10.883520
10.624320
10.792800
3.834720
2.121120
8.831520
10.575360
9.051840
7.297920
4.836960
5.810400
7.388640
7.302240
8.985600
3.303360
7.882560
8.831520
5.228640
8.568000
8.745120
8.272800
8.195040
7.551360
3.016800
1.224000
2.910240
2.360160
4.793760
1.287360
0.312480
0.593280
7.339680
5.486400
5.954400
2.738880
5.904000
8.039520
7.585920
4.350240
7.336800
4.425120
7.434720
5.192640
4.687200
3.676320
1.884960
3.506400
1.190880
4.131360
7.345440
6.559200
7.423200
7.446240
7.292160
7.472160
7.123680
5.882400
2.236320
5.356800
7.809120
7.610400
7.774560
7.434720
7.250400
7.335360
6.804000
7.777440
7.683840
7.642080
7.601760
8.098560
7.752960
6.811200
8.425440
6.585120
7.341120
8.503200
2.319840
7.863840
7.207200
0.822240
2.062080
6.284160
9.089280
10.408320
8.081280
6.073920
2.296800
6.922080
8.883360
8.400960
1.314720
7.260480
5.508000
7.247520
3.708000
3.324960
8.988480
9.482400
3.074400
11.468160
11.511360
11.782080
9.649440
8.789760
8.670240
5.538240
5.290560
9.956160
7.944480
11.643840
12.885120
12.866400
8.311680
11.767680
8.732160
2.341440
4.059360
4.521600
14.483520
11.449440
5.631840
8.095680
5.531040
4.422240
16.244640
15.789600
14.873760
15.831360
15.436800
14.417280
11.990880
14.784480
7.001280
2.679840
6.544800
4.511520
16.591680
10.370880
13.973760
10.211040
1.808640
6.389280
2.669760
3.756960
12.008160
16.246080
18.737280
15.935040
8.434080
11.168640
19.961280
16.693920
19.704960
15.736320
16.447680
19.779840
20.351520
21.525120
21.647520
21.909600
19.507680
12.257280
18.758880
16.820640
21.942720
19.088640
8.393760
8.344800
12.313440
6.048000
15.207840
20.338560
10.487520
9.488160
22.488480
14.384160
10.205280
4.688640
16.368480
10.732320
16.146720
9.128160
14.761440
14.940000
19.764000
15.085440
14.670720
23.664960
13.576320
22.713120
23.173920
22.508640
24.091200
18.761760
18.550080
23.916960
23.653440
24.599520
23.976000
2.466720
12.064320
27.385920
26.500320
24.042240
17.412480
18.531360
25.348320
25.575840
16.634880
15.827040
13.849920
12.696480
14.826240
19.332000
15.501600
24.900480
25.973280
22.816800
19.873440
10.958400
6.721920
10.296000
15.328800
12.287520
18.272160
16.020000
9.645120
13.713120
24.736320
26.619840
19.641600
26.137440
15.973920
19.828800
6.651360
11.668320
16.339680
24.566400
19.774080
20.479680
19.984320
14.842080
24.943680
20.701440
19.153440
21.352320
24.896160
24.639840
20.141280
12.980160
23.150880
24.690240
24.204960
14.146560
17.478720
18.257760
17.919360
22.651200
17.569440
22.255200
18.630720
10.496160
15.549120
10.431360
18.525600
12.877920
7.791840
21.195360
5.251680
14.522400
11.597760
7.420320
12.765600
9.273600
22.645440
21.733920
15.344640
20.862720
22.824000
21.872160
5.558400
7.521120
22.142880
22.737600
18.917280
17.449920
8.717760
9.204480
15.418080
6.492960
3.015360
8.794080
19.247040
18.495360
11.738880
17.494560
12.637440
17.804160
21.307680
19.765440
19.922400
20.147040
20.704320
17.520480
9.568800
5.797440
3.958560
5.616000
5.695200
11.135520
10.609920
12.888000
13.809600
5.130720
15.157440
11.584800
14.944320
9.148320
12.182400
7.729920
14.490720
8.285760
6.471360
17.706240
16.629120
7.763040
12.218400
17.200800
17.209440
12.411360
10.235520
11.760480
5.120640
1.468800
8.968320
13.458240
6.320160
5.479200
8.326080
10.778400
5.872320
9.763200
11.580480
14.191200
13.747680
8.405280
3.958560
8.879040
7.027200
11.374560
11.950560
9.226080
9.459360
7.403040
9.362880
5.973120
12.437280
4.669920
7.398720
1.231200
6.166080
9.878400
8.124480
11.288160
11.331360
11.237760
0.465120
8.697600
10.337760
10.206720
10.306080
10.095840
10.141920
10.058400
9.846720
10.038240
9.144000
9.224640
9.655200
9.524160
9.128160
9.374400
8.785440
8.985600
7.272000
4.547520
6.292800
9.095040
8.940960
3.653280
4.128480
8.840160
7.600320
8.128800
8.232480
8.307360
8.065440
8.059680
7.339680
4.312800
6.675840
5.306400
7.054560
6.769440
7.604640
7.718400
5.778720
7.440480
6.759360
6.112800
6.616800
6.078240
6.521760
7.048800
6.887520
7.047360
7.495200
7.149600
6.523200
6.478560
7.283520
7.485120
6.701760
5.636160
6.972480
5.823360
3.538080
3.283200
3.759840
1.653120
0.707040
5.584320
4.178880
7.498080
4.196160
8.278560
7.418880
7.488000
8.095680
5.303520
6.012000
9.118080
8.182080
6.678720
6.700320
7.009920
8.812800
5.803200
8.369280
9.102240
9.204480
9.240480
9.606240
7.408800
4.056480
9.419040
0.783360
10.565280
8.834400
6.150240
10.802880
10.653120
10.920960
6.752160
10.830240
6.942240
5.391360
1.467360
8.426880
11.164320
7.014240
12.650400
11.727360
12.637440
5.127840
10.946880
12.926880
12.762720
6.756480
7.793280
11.504160
7.444800
6.219360
1.487520
12.232800
6.969600
14.469120
12.608640
7.228800
13.975200
7.359840
11.318400
6.397920
16.822080
5.430240
16.342560
16.837920
16.682400
11.712960
4.104000
8.074080
2.607840
5.005440
7.745760
6.360480
7.528320
11.604960
16.005600
17.949600
19.704960
10.916640
18.757440
2.653920
11.151360
15.382080
16.608960
15.252480
14.965920
6.465600
19.389600
3.441600
3.758400
15.006240
13.554720
18.685440
21.417120
12.463200
22.219200
18.434880
17.015040
20.715840
15.575040
21.234240
17.501760
4.004640
20.723040
16.636320
8.413920
7.917120
8.251200
23.021280
18.704160
5.794560
3.107520
5.369760
8.929440
6.550560
24.698880
24.828480
20.643840
24.674400
22.291200
7.727040
8.386560
2.668320
1.886400
14.533920
7.570080
12.297600
8.562240
18.051840
13.602240
12.355200
3.661920
14.531040
9.522720
21.833280
25.498080
15.320160
15.238080
21.299040
21.846240
17.582400
23.379840
22.871520
8.507520
8.095680
10.797120
11.175840
7.247520
13.160160
8.526240
13.210560
10.081440
15.788160
13.849920
17.435520
13.305600
7.064640
13.387680
7.872480
12.915360
5.647680
16.433280
16.763040
9.846720
23.382720
26.340480
23.981760
25.506720
26.176320
25.817760
13.239360
6.671520
18.370080
20.149920
17.340480
6.320160
20.059200
9.440640
17.737920
21.875040
12.451680
13.452480
17.974080
11.871360
18.593280
18.185760
20.708640
10.900800
5.908320
9.859680
25.742880
25.188480
24.438240
25.084800
24.818400
16.580160
16.090560
12.507840
16.787520
20.613600
18.936000
16.539840
13.619520
14.739840
19.107360
23.375520
16.763040
11.478240
20.715840
15.795360
19.599840
15.647040
22.826880
23.875200
23.257440
11.030400
21.319200
21.437280
22.677120
22.622400
22.315680
20.659680
12.316320
12.636000
12.857760
15.514560
6.641280
10.872000
21.814560
21.764160
21.769920
21.719520
21.715200
20.736000
17.765280
4.525920
9.807840
9.855360
11.338560
17.100000
13.932000
12.808800
18.155520
19.608480
14.532480
11.636640
7.763040
13.096800
14.712480
17.851680
17.123040
7.261920
11.363040
11.482560
10.935360
15.073920
9.345600
4.919040
10.127520
11.000160
7.401600
12.303360
6.943680
13.217760
12.113280
16.554240
16.313760
15.697440
9.816480
9.018720
7.441920
13.812480
10.571040
3.552480
12.235680
8.107200
7.482240
4.004640
4.740480
3.525120
3.081600
5.303520
13.350240
8.180640
4.248000
5.965920
4.929120
3.800160
6.958080
5.669280
6.733440
9.964800
6.521760
5.140800
11.658240
11.684160
11.738880
11.308320
11.301120
11.056320
8.907840
10.437120
6.949440
3.340800
4.593600
4.410720
9.728640
7.724160
5.067360
6.619680
8.778240
3.997440
9.744480
9.534240
9.109440
9.397440
4.649760
2.820960
5.083200
0.446400
2.571840
0.875520
7.996320
6.511680
2.105280
6.173280
6.819840
2.723040
4.708800
8.264160
8.330400
8.159040
2.527200
1.628640
6.946560
7.545600
7.397280
7.476480
6.720480
7.261920
6.505920
7.354080
7.476480
5.590080
0.673920
6.102720
7.558560
5.780160
1.631520
4.049280
6.645600
7.087680
7.089120
5.663520
6.625440
7.130880
7.624800
7.712640
7.524000
7.598880
7.665120
6.723360
7.528320
7.637760
7.709760
7.948800
5.654880
2.989440
7.971840
3.108960
5.338080
6.412320
2.093760
6.392160
4.822560
6.063840
9.433440
7.928640
3.941280
2.590560
2.410560
5.150880
4.511520
8.712000
3.106080
4.115520
0.826560
7.915680
9.354240
8.069760
10.038240
8.534880
6.251040
8.082720
7.182720
5.070240
9.676800
4.158720
10.804320
11.184480
6.917760
6.572160
1.180800
0.894240
4.557600
4.246560
9.640800
12.566880
9.930240
12.206880
13.076640
13.129920
13.508640
7.650720
10.056960
13.957920
13.982400
14.385600
0.067680
-99.000000
11.039040
10.546560
7.057440
13.433760
14.162400
10.091520
13.111200
14.827680
16.345440
15.945120
2.820960
13.044960
16.482240
17.038080
17.097120
16.917120
16.338240
12.486240
15.550560
9.640800
13.292640
11.976480
2.914560
9.102240
17.068320
9.672480
13.972320
19.866240
19.679040
12.941280
8.668800
21.974400
13.609440
12.412800
20.455200
20.774880
21.036960
20.759040
20.672640
12.306240
14.035680
20.328480
17.470080
15.736320
10.440000
16.166880
17.343360
21.418560
23.682240
23.860800
23.050080
23.250240
19.503360
22.527360
16.201440
2.387520
4.988160
19.995840
17.451360
8.778240
13.137120
7.254720
2.921760
12.977280
11.930400
9.828000
16.040160
20.561760
15.946560
15.945120
18.119520
23.165280
12.575520
11.780640
16.980480
16.846560
23.483520
15.894720
8.868960
11.456640
23.519520
17.533440
15.111360
19.906560
20.852640
24.582240
22.538880
24.651360
23.434560
6.219360
11.763360
14.160960
16.236000
15.658560
9.607680
9.547200
13.242240
22.900320
25.475040
16.549920
21.624480
24.701760
24.953760
25.191360
25.315200
13.760640
20.930400
26.762400
24.743520
25.297920
19.929600
13.485600
14.947200
17.138880
23.849280
9.218880
12.525120
20.334240
17.002080
14.397120
16.678080
13.363200
23.136480
23.885280
25.817760
26.075520
22.595040
24.815520
7.670880
10.357920
16.748640
16.500960
17.599680
14.351040
13.668480
24.948000
24.098400
22.368960
19.516320
19.804320
15.276960
15.776640
15.965280
11.391840
15.364800
17.272800
18.650880
18.804960
15.454080
22.075200
21.378240
23.234400
13.671360
20.689920
19.565280
18.555840
16.444800
13.980960
18.833760
5.401440
10.923840
14.160960
12.811680
17.104320
17.606880
21.754080
17.910720
13.911840
15.806880
16.156800
8.936640
17.464320
21.817440
20.668320
17.023680
20.684160
16.583040
17.671680
17.307360
16.148160
16.113600
16.500960
2.839680
3.952800
18.669600
8.447040
7.990560
13.731840
4.173120
15.376320
12.790080
3.479040
15.775200
13.304160
4.968000
18.352800
8.497440
2.764800
10.105920
14.931360
5.744160
13.685760
16.885440
17.029440
7.505280
8.475840
14.571360
6.314400
7.339680
12.536640
10.608480
13.201920
5.544000
7.320960
9.560160
10.081440
11.161440
8.104320
14.653440
14.502240
14.222880
8.678880
10.869120
13.750560
12.451680
13.109760
12.984480
12.899520
12.902400
12.738240
7.824960
2.439360
10.458720
9.754560
6.641280
11.551680
11.329920
11.597760
11.604960
11.262240
11.201760
11.144160
9.753120
10.863360
9.672480
7.142400
8.991360
4.946400
8.337600
8.042400
10.164960
6.160320
3.641760
7.460640
7.045920
9.326880
7.695360
9.541440
8.645760
9.180000
8.854560
8.821440
8.582400
8.565120
8.483040
8.367840
8.023680
5.650560
4.815360
8.712000
7.447680
7.899840
3.189600
8.069760
2.833920
3.002400
6.485760
7.568640
7.539840
7.502400
6.556320
3.126240
6.516000
2.923200
1.357920
2.450880
4.495680
4.383360
4.740480
7.526880
8.184960
1.314720
6.229440
8.382240
7.008480
3.254400
7.086240
7.067520
7.149600
4.190400
4.741920
6.189120
3.562560
6.593760
7.044480
6.700320
3.251520
6.052320
7.021440
7.508160
4.301280
0.793440
1.874880
6.372000
7.287840
6.772320
6.225120
3.915360
3.748320
7.401600
8.439840
6.906240
8.373600
7.372800
2.819520
1.635840
4.438080
8.962560
8.966880
6.586560
1.968480
8.837280
9.371520
9.433440
9.614880
9.751680
1.467360
6.779520
6.369120
3.085920
0.685440
5.732640
10.391040
8.688960
9.709920
11.787840
5.531040
9.084960
10.140480
7.191360
10.827360
5.512320
2.246400
10.884960
8.212320
4.468320
10.442880
9.568800
11.933280
10.745280
11.376000
7.424640
8.998560
2.933280
7.649280
13.926240
12.159360
5.879520
6.900480
14.495040
11.001600
7.145280
15.059520
10.962720
14.070240
8.948160
7.286400
11.409120
15.383520
8.576640
8.192160
11.505600
12.745440
13.356000
18.007200
15.413760
18.145440
3.348000
7.953120
11.525760
7.443360
13.148640
6.138720
18.695520
14.921280
19.363680
18.233280
18.583200
19.787040
19.016640
17.697600
6.559200
1.674720
17.559360
15.611040
4.757760
10.493280
4.844160
3.813120
14.790240
5.178240
20.276640
18.781920
12.869280
22.602240
21.699360
16.950240
10.527840
17.568000
10.424160
19.239840
20.041920
15.707520
5.568480
16.692480
9.262080
22.019040
11.504160
12.709440
10.160640
11.253600
11.767680
13.780800
11.521440
9.315360
18.247680
13.792320
17.164800
11.043360
13.546080
12.435840
12.000960
9.227520
13.497120
14.531040
14.101920
10.254240
13.512960
18.842400
17.174880
17.691840
15.733440
6.984000
18.741600
7.250400
8.415360
10.935360
13.069440
8.925120
10.915200
9.476640
6.148800
12.435840
18.519840
22.453920
10.984320
12.852000
12.687840
16.142400
26.089920
10.221120
11.842560
13.386240
25.142400
21.140640
23.925600
9.293760
13.695840
19.851840
20.354400
16.035840
15.841440
20.090880
10.297440
15.913440
24.336000
24.095520
15.766560
18.970560
24.194880
7.889760
7.872480
13.127040
15.317280
11.751840
12.362400
8.269920
12.564000
21.913920
23.483520
23.984640
8.776800
18.688320
22.284000
20.831040
17.389440
12.925440
7.614720
20.776320
10.415520
16.182720
17.795520
22.147200
17.327520
20.102400
14.760000
14.837760
12.235680
16.457760
15.786720
20.707200
14.211360
13.068000
14.601600
17.549280
7.902720
9.767520
13.085280
15.442560
12.486240
11.923200
18.707040
14.302080
5.728320
13.816800
18.309600
20.288160
14.019840
16.761600
11.282400
12.968640
6.778080
13.718880
15.834240
18.670320
11.633760
9.797760
4.553280
11.767680
16.495200
9.033120
13.125600
13.504320
10.602720
9.748800
11.534400
12.000960
12.759840
17.154720
15.347520
13.874400
7.917120
6.798240
13.381920
10.651680
9.897120
12.908160
16.358400
13.451040
13.955040
14.940000
7.670880
7.215840
7.319520
12.340800
16.202880
8.959680
7.074720
15.399360
16.581600
15.377760
15.055200
14.482080
11.407680
7.315200
11.825280
6.495840
4.341600
11.053440
8.841600
7.076160
1.949760
4.674240
7.316640
10.386720
1.954080
4.161600
6.959520
12.500640
12.545280
12.428640
12.319200
12.036960
9.766080
1.670400
1.792800
3.221280
10.337760
1.169280
7.093440
7.333920
10.699200
5.025600
7.043040
8.710560
9.097920
6.913440
6.328800
8.766720
10.359360
7.884000
5.052960
6.098400
1.039680
4.982400
1.272960
2.335680
2.311200
2.518560
8.321760
7.721280
1.317600
7.660800
4.121280
4.937760
8.123040
5.365440
6.248160
3.540960
7.116480
6.724800
6.264000
6.311520
7.142400
6.318720
7.757280
5.725440
7.745760
4.043520
7.031520
5.804640
1.977120
5.474880
3.467520
1.236960
6.194880
5.531040
7.463520
6.124320
6.192000
7.276320
6.711840
6.300000
6.721920
6.543360
7.316640
7.338240
7.538400
7.683840
6.636960
7.624800
8.133120
7.836480
6.979680
6.302880
5.595840
8.131680
4.449600
8.156160
8.457120
5.666400
8.105760
4.553280
6.141600
8.589600
8.612640
2.983680
5.928480
7.356960
4.415040
8.166240
5.742720
0.835200
9.832320
8.051040
9.417600
6.239520
1.055520
3.708000
9.763200
9.090720
8.546400
3.507840
11.318400
10.834560
6.832800
10.643040
6.190560
10.153440
10.749600
8.984160
6.916320
11.966400
11.856960
12.385440
12.402720
12.764160
12.679200
10.919520
10.260000
12.749760
12.879360
13.595040
13.191840
13.260960
13.135680
13.033440
14.387040
13.615200
14.575680
13.013280
11.888640
7.809120
11.832480
6.649920
5.097600
11.260800
15.328800
13.196160
16.018560
15.117120
13.848480
12.185280
16.793280
17.042400
15.232320
17.904960
8.053920
17.981280
18.072000
17.629920
17.864640
13.664160
17.304480
19.519200
19.104480
17.961120
13.119840
16.685280
13.638240
16.467840
5.215680
4.181760
13.949280
11.541600
16.204320
18.149760
12.395520
8.035200
17.520480
6.235200
19.418400
18.802080
8.169120
15.308640
4.147200
16.620480
12.794400
15.544800
11.371680
4.008960
5.054400
7.542720
14.538240
10.586880
12.579840
9.000000
11.210400
10.948320
15.429600
13.021920
6.946560
4.759200
15.883200
24.753600
21.929760
18.842400
14.402880
12.680640
11.466720
7.799040
25.335360
24.374880
24.796800
24.766560
19.887840
6.468480
5.616000
13.023360
8.159040
8.560800
14.032800
19.768320
4.309920
-99.000000
0.125280
15.819840
9.443520
26.200800
19.562400
19.100160
25.244640
20.733120
20.643840
24.177600
15.779520
18.646560
24.475680
25.704000
16.456320
13.766400
2.617920
23.185440
24.845760
16.715520
15.595200
17.326080
21.378240
24.520320
23.562720
10.880640
10.761120
15.750720
21.336480
22.603680
23.754240
24.544800
24.991200
25.110720
20.603520
23.850720
24.546240
13.482720
9.972000
22.976640
24.347520
24.143040
16.071840
12.011040
8.756640
20.875680
16.182720
19.140480
22.291200
9.083520
25.675200
20.289600
11.028960
14.580000
16.725600
20.388960
22.415040
21.591360
22.645440
21.261600
23.086080
16.526880
5.332320
17.337600
23.842080
11.564640
22.631040
22.540320
17.868960
21.350880
20.165760
21.804480
21.614400
6.798240
19.219680
22.512960
12.908160
16.545600
7.469280
13.893120
18.473760
10.555200
17.802720
19.906560
16.680960
12.640320
7.912800
20.571840
21.519360
18.434880
14.073120
16.536960
19.028160
8.101440
12.624480
14.663520
11.125440
12.670560
9.347040
5.660640
20.092320
17.915040
12.964320
19.055520
15.223680
6.796800
15.333120
3.769920
7.879680
14.937120
11.165760
13.934880
14.695200
16.375680
14.552640
7.696800
8.488800
8.641440
2.253600
10.880640
6.779520
15.422400
2.620800
15.642720
11.332800
5.928480
15.632640
13.651200
13.835520
12.309120
11.940480
13.580640
10.761120
7.367040
12.094560
13.900320
1.880640
6.492960
13.638240
7.951680
12.638880
10.039680
3.510720
12.286080
9.560160
8.151840
7.640640
3.895200
2.967840
1.356480
4.301280
9.012960
11.669760
10.805760
10.764000
5.289120
8.627040
7.826400
6.580800
5.713920
8.298720
7.346880
10.324800
6.461280
4.841280
3.761280
6.128640
9.214560
8.807040
8.016480
9.815040
5.536800
0.878400
7.063200
8.647200
7.057440
5.781600
7.842240
8.212320
7.981920
2.692800
5.562720
8.320320
7.747200
7.117920
3.939840
5.254560
4.887360
7.630560
4.364640
7.547040
6.246720
1.288800
2.422080
6.723360
7.224480
7.267680
7.364160
7.007040
3.071520
4.479840
1.586880
4.609440
7.092000
3.928320
3.733920
6.036480
5.780160
5.644800
4.991040
6.347520
6.966720
5.911200
6.737760
4.180320
5.755680
7.145280
7.214400
7.031520
7.032960
7.053120
6.962400
5.343840
7.355520
7.459200
7.365600
6.553440
7.175520
7.508160
5.325120
7.974720
8.036640
6.648480
7.944480
5.597280
8.282880
6.189120
6.203520
5.042880
1.946880
0.753120
0.576000
2.099520
8.045280
4.085280
4.206240
5.220000
8.169120
8.563680
6.174720
6.066720
9.864000
8.615520
9.084960
9.367200
10.648800
10.391040
8.402400
5.365440
10.333440
10.535040
4.095360
1.991520
9.861120
10.316160
11.784960
11.664000
9.195840
3.597120
11.492640
12.036960
12.784320
12.667680
13.011840
13.291200
8.163360
13.294080
6.811200
11.782080
10.617120
12.585600
11.041920
6.091200
8.916480
11.139840
9.200160
12.041280
13.448160
13.773600
11.720160
15.400800
14.302080
4.632480
6.186240
14.411520
1.416960
4.492800
12.265920
16.737120
17.137440
11.597760
6.056640
2.757600
4.844160
9.721440
5.463360
7.705440
10.005120
9.113760
2.688480
5.581440
4.350240
8.097120
14.734080
19.861920
20.334240
17.811360
13.800960
15.256800
16.364160
19.128960
16.511040
14.562720
3.123360
20.041920
12.618720
10.647360
18.302400
18.357120
4.898880
10.923840
3.644640
6.403680
7.729920
12.121920
11.301120
7.896960
13.658400
9.610560
16.212960
8.359200
15.200640
11.800800
15.204960
22.057920
16.649280
12.957120
15.203520
21.916800
10.828800
2.805120
7.800480
10.329120
17.032320
7.181280
6.498720
9.434880
23.356800
22.407840
24.723360
24.498720
19.298880
17.812800
17.953920
9.730080
13.183200
19.658880
21.150720
18.727200
11.197440
10.411200
12.771360
9.483840
11.246400
9.718560
3.795840
10.735200
7.521120
4.150080
14.044320
11.125440
8.667360
14.692320
24.193440
9.557280
10.411200
8.275680
6.570720
6.919200
7.774560
7.663680
11.027520
19.569600
18.149760
14.817600
18.453600
13.456800
24.467040
19.179360
9.768960
3.119040
16.855200
21.257280
14.248800
10.065600
22.406400
23.253120
19.055520
18.645120
17.125920
18.948960
13.602240
11.643840
6.216480
10.369440
8.082720
6.212160
14.552640
16.444800
18.817920
19.363680
18.394560
20.736000
22.125600
9.338400
12.006720
17.078400
14.839200
22.528800
20.145600
22.541760
22.492800
21.998880
19.370880
9.856800
11.557440
23.204160
23.389920
22.665600
22.042080
15.153120
8.419680
16.296480
18.901440
14.686560
17.316000
11.640960
18.793440
12.957120
14.605920
8.212320
19.817280
20.730240
20.855520
6.527520
11.103840
9.508320
20.161440
17.665920
10.581120
8.536320
3.699360
8.481600
13.259520
9.833760
9.659520
16.971840
19.222560
17.557920
3.584160
18.073440
9.995040
11.138400
10.167840
16.931520
14.911200
17.634240
17.687520
16.132320
12.591360
13.563360
5.217120
13.551840
7.295040
4.561920
8.589600
14.761440
13.118400
14.356800
7.816320
6.340320
14.911200
14.526720
11.191680
9.636480
2.092320
10.363680
10.697760
8.143200
10.056960
6.693120
13.825440
8.408160
1.778400
5.238720
14.680800
10.254240
2.452320
9.495360
12.333600
12.492000
12.502080
12.081600
6.032160
9.371520
4.998240
11.969280
10.320480
7.729920
8.066880
8.380800
5.836320
10.216800
10.951200
10.936800
10.494720
10.219680
1.925280
2.649600
8.357760
5.078880
0.396000
8.942400
8.062560
6.050880
8.282880
6.207840
6.076800
8.915040
8.328960
4.946400
8.569440
8.602560
8.589600
4.952160
8.739360
8.434080
8.252640
7.814880
8.048160
1.222560
0.921600
0.524160
7.498080
7.575840
1.359360
7.691040
7.400160
2.459520
5.224320
5.018400
3.666240
5.994720
4.248000
4.163040
5.077440
6.629760
3.336480
3.774240
5.749920
6.098400
5.045760
2.030400
5.659200
3.394080
5.663520
6.475680
4.711680
0.594720
7.087680
6.264000
3.382560
7.079040
5.945760
4.685760
6.183360
5.081760
2.485440
7.254720
3.961440
2.285280
5.162400
3.448800
6.701760
1.812960
3.192480
8.395200
7.381440
9.293760
8.575200
8.396640
8.071200
2.437920
7.894080
8.670240
5.155200
6.357600
2.430720
6.960960
7.522560
3.975840
9.084960
4.053600
8.524800
4.788000
3.549600
5.418720
9.946080
8.830080
9.737280
9.007200
7.234560
6.557760
2.643840
3.032640
5.811840
6.312960
10.831680
5.244480
8.880480
2.239200
8.737920
10.916640
6.449760
11.463840
12.183840
12.432960
6.664320
0.564480
4.190400
13.271040
12.723840
12.379680
13.491360
5.057280
12.108960
5.581440
6.547680
7.889760
4.092480
3.500640
4.304160
12.271680
12.595680
15.474240
14.169600
2.253600
13.449600
9.185760
