20000101
3.754080
5.279040
5.725440
5.960160
4.426560
6.272640
5.688000
3.212640
2.452320
3.728160
5.652000
4.891680
4.065120
5.538240
2.799360
5.185440
4.273920
6.821280
6.707520
6.177600
7.028640
7.538400
7.620480
7.403040
2.908800
4.246560
5.257440
5.261760
6.903360
6.396480
6.524640
5.945760
6.912000
6.959520
7.894080
8.341920
7.711200
7.316640
3.002400
8.727840
8.788320
7.817760
8.268480
4.276800
5.958720
9.038880
7.371360
5.873760
8.220960
9.672480
8.583840
6.991200
4.360320
6.903360
9.829440
10.396800
10.357920
10.654560
10.412640
5.032800
9.250560
11.710080
11.481120
9.908640
10.307520
11.057760
5.734080
11.388960
11.564640
11.738880
11.972160
10.814400
11.350080
10.303200
12.545280
12.885120
12.136320
12.301920
5.947200
5.902560
4.783680
9.296640
4.101120
11.244960
10.543680
8.573760
6.382080
4.295520
12.329280
6.724800
7.076160
12.391200
7.446240
12.156480
13.272480
7.632000
14.850720
12.359520
4.212000
5.662080
3.255840
7.382880
12.494880
14.906880
12.888000
15.691680
3.515040
15.179040
14.525280
14.961600
14.911200
13.036320
14.192640
13.278240
16.940160
16.822080
16.117920
8.873280
4.741920
11.777760
11.007360
15.004800
16.074720
16.466400
8.766720
10.098720
13.466880
8.579520
12.247200
11.485440
2.188800
12.420000
16.539840
16.973280
15.118560
13.911840
16.513920
12.093120
12.574080
14.050080
6.492960
6.547680
8.172000
16.590240
14.711040
8.022240
17.758080
12.081600
11.412000
12.443040
18.109440
15.302880
17.549280
17.712000
18.476640
16.614720
13.776480
16.977600
19.189440
19.098720
17.936640
2.175840
6.403680
5.915520
8.059680
9.676800
19.257120
19.143360
18.552960
19.235520
18.737280
18.999360
17.824320
16.670880
10.792800
19.329120
17.115840
15.040800
18.479520
17.644320
16.166880
11.496960
18.109440
17.514720
18.264960
18.686880
18.381600
17.580960
18.889920
18.514080
18.512640
8.719200
16.047360
20.371680
16.755840
13.574880
14.015520
15.181920
11.446560
13.667040
17.687520
17.916480
18.279360
18.002880
6.426720
15.504480
14.005440
17.677440
18.852480
15.988320
18.508320
10.272960
-99.000000
-99.000000
16.945920
8.467200
11.099520
12.024000
13.178880
16.858080
17.341920
17.555040
17.543520
15.661440
13.124160
16.045920
16.924320
16.719840
17.039520
16.384320
14.083200
16.983360
17.534880
11.390400
16.037280
14.045760
0.100800
-99.000000
-99.000000
-99.000000
-99.000000
11.067840
7.840800
14.878080
16.132320
13.577760
14.032800
14.040000
15.337440
14.686560
9.681120
10.684800
15.014880
15.184800
14.644800
12.222720
13.112640
13.872960
14.171040
12.096000
6.603840
10.513440
1.320480
-99.000000
-99.000000
-99.000000
-99.000000
-99.000000
-99.000000
-99.000000
5.571360
11.124000
11.082240
10.722240
7.768800
11.102400
9.576000
11.964960
7.420320
10.235520
11.800800
12.058560
11.028960
5.234400
4.476960
3.119040
1.370880
5.893920
5.184000
4.646880
8.601120
9.594720
8.611200
5.091840
4.419360
2.566080
3.594240
4.877280
6.180480
5.503680
5.775840
9.348480
3.561120
4.690080
3.558240
8.923680
4.114080
6.248160
8.333280
6.022080
7.578720
6.298560
8.565120
8.527680
6.531840
4.975200
5.116320
2.737440
7.941600
2.792160
6.687360
6.906240
5.302080
6.755040
3.516480
7.028640
6.163200
1.556640
6.406560
6.625440
6.632640
5.793120
5.712480
3.398400
2.662560
3.756960
3.332160
4.217760
3.576960
4.749120
4.521600
3.314880
5.505120
6.253920
5.230080
4.059360
4.017600
4.197600
5.689440
3.222720
7.162560
7.090560
6.822720
6.207840
6.858720
1.085760
1.686240
1.301760
1.681920
3.833280
6.711840
4.724640
3.467520
7.089120
1.814400
7.315200
6.190560
5.819040
6.446880
6.516000
4.780800
2.750400
2.944800
8.180640
4.756320
7.421760
4.170240
5.185440
3.902400
1.620000
1.756800
5.038560
5.983200
3.808800
8.563680
7.992000
7.973280
5.686560
7.237440
6.854400
8.650080
7.381440
7.161120
2.872800
7.865280
9.956160
8.537760
9.993600
9.797760
9.887040
9.776160
9.640800
6.436800
5.117760
9.577440
10.756800
10.440000
10.095840
10.689120
5.205600
2.129760
7.934400
10.284480
11.525760
8.845920
12.015360
12.274560
11.612160
10.864800
11.924640
4.400640
10.477440
13.675680
9.149760
12.949920
11.427840
5.810400
10.824480
7.704000
8.804160
9.277920
9.794880
11.488320
12.568320
9.080640
12.745440
12.447360
15.225840
15.330960
14.991840
6.814080
14.929920
14.045760
15.612480
12.571200
12.738240
14.515200
15.084000
10.738080
16.508160
16.182720
12.561120
13.714560
10.526400
17.805600
16.475040
16.028640
17.002080
15.927840
17.828640
14.783040
16.178400
11.151360
19.157760
12.683520
16.704000
16.621920
18.927360
14.172480
18.429120
19.087200
7.757280
10.916640
6.566400
12.134880
11.070720
19.153440
17.136000
19.457280
18.820800
20.869920
19.866240
13.263840
18.695520
14.253120
5.310720
13.721760
8.985600
6.217920
13.256640
10.368000
12.843360
11.252160
15.819840
13.708800
6.940800
13.645440
17.455680
20.848320
16.047360
7.102080
20.414880
13.713120
8.341920
19.634400
-99.000000
-99.000000
5.317920
-99.000000
5.761440
18.882720
19.388160
21.229920
21.248640
11.928960
21.726720
17.385120
16.787520
16.976160
15.576480
20.160000
19.500480
14.855040
22.343040
21.843360
18.442080
10.628640
22.317120
20.819520
12.071520
21.886560
19.526400
23.211360
20.082240
22.033440
21.850560
22.628160
21.834720
19.578240
21.481920
21.307680
20.596320
21.924000
15.592320
21.077280
22.669920
21.672000
21.919680
21.669120
17.981280
13.474080
19.836000
17.958240
22.999680
20.460960
9.568800
18.443520
20.711520
17.667360
18.934560
18.038880
-99.000000
1.843200
22.072320
20.328480
5.582880
22.262400
22.099680
21.456000
20.021760
13.209120
15.361920
19.110240
20.268000
18.528480
17.987040
19.464480
18.239040
18.656640
18.688320
16.763040
16.218720
20.253600
17.353440
18.613440
14.411520
17.203680
19.061280
19.995840
13.622400
18.920160
18.072000
15.092640
15.806880
17.399520
17.200800
11.069280
16.711200
19.048320
18.197280
16.683840
20.062080
20.184480
20.416320
19.863360
20.410560
20.057760
18.588960
17.114400
18.927360
20.306880
16.264800
14.135040
18.509760
19.340640
19.141920
19.144800
18.025920
12.368160
15.163200
16.043040
18.319680
17.085600
18.609120
18.148320
13.739040
17.840160
12.628800
2.862720
14.329440
4.881600
13.885920
9.407520
15.501600
13.151520
14.330880
3.605760
6.150240
13.737600
14.296320
10.676160
12.945600
12.765600
9.288000
9.480960
14.294880
12.175200
7.230240
5.369760
9.004320
11.566080
5.565600
9.106560
10.723680
11.737440
8.148960
11.600640
6.636960
5.038560
10.160640
11.792160
8.877600
11.635200
10.823040
9.131040
9.758880
9.099360
10.058400
10.512000
7.149600
11.126880
6.528960
10.428480
10.209600
3.083040
7.619040
6.828480
5.094720
7.767360
7.755840
2.023200
7.165440
8.618400
5.551200
0.554400
1.198080
2.767680
5.529600
6.433920
6.788160
8.192160
3.967200
8.399520
7.688160
7.554240
6.380640
2.043360
7.394400
7.053120
5.905440
7.133760
2.570400
6.649920
6.364800
7.499520
7.483680
7.274880
4.976640
7.097760
7.090560
7.440480
7.672320
7.378560
1.380960
1.031040
7.603200
3.578400
5.238720
7.590240
7.659360
5.904000
8.317440
3.595680
9.233280
8.229600
6.588000
7.561440
7.011360
7.577280
3.340800
1.124640
1.746720
1.005120
2.704320
0.833760
2.257920
6.913440
5.519520
2.413440
5.353920
5.270400
7.300800
7.941600
3.196800
7.135200
3.975840
8.218080
8.390880
8.134560
5.974560
8.494560
8.850240
6.297120
6.644160
5.581440
8.828640
9.211680
7.935840
9.072000
9.246240
6.852960
7.297920
8.811360
10.349280
8.902080
8.066880
8.084160
9.498240
11.161440
10.278720
10.372320
9.986400
11.014560
11.193120
10.817280
7.705440
7.279200
1.500480
6.397920
9.695520
12.051360
10.594080
7.185600
11.136960
11.586240
13.668480
11.017440
8.831520
13.746240
10.271520
4.560480
3.428640
10.196640
10.244160
0.953280
7.332480
9.666720
14.709600
12.700800
15.680160
14.876640
9.220320
12.005280
15.104160
16.185600
13.906080
9.426240
11.865600
14.929920
16.956000
17.125920
10.944000
15.109920
14.810400
10.503360
13.512960
5.758560
8.935200
1.931040
12.785760
10.380960
16.086240
6.036480
1.975680
14.080320
19.549440
11.136960
7.273440
2.491200
15.945120
4.767840
7.136640
5.833440
17.972640
4.214880
10.789920
14.924160
20.985120
9.397440
11.689920
14.847840
21.278880
20.011680
20.455200
19.267200
21.300480
19.058400
17.323200
13.769280
14.999040
21.947040
6.888960
-99.000000
10.886400
17.942400
5.552640
9.905760
2.499840
2.237760
9.659520
9.394560
4.118400
22.019040
23.408640
22.714560
21.070080
22.877280
16.557120
18.768960
23.911200
22.838400
22.157280
11.492640
14.284800
23.415840
22.900320
18.917280
15.994080
24.147360
23.418720
22.649760
23.698080
18.164160
23.617440
20.067840
14.780160
10.742400
13.334400
21.778560
4.821120
24.501600
19.846080
21.571200
23.047200
23.333760
24.108480
23.761440
23.990400
23.781600
23.356800
23.065920
20.568960
23.241600
23.423040
23.911200
21.620160
23.175360
14.797440
20.221920
22.497120
11.946240
9.491040
7.647840
19.728720
22.412880
23.349600
20.836800
13.659840
23.798880
21.646080
21.984480
20.600640
18.933120
14.984640
-99.000000
-99.000000
1.866240
11.525760
18.669600
22.963680
22.762080
21.097440
22.013280
19.031040
18.414720
22.193280
17.508960
18.152640
21.782880
19.753920
13.682880
12.245760
16.794720
14.806080
14.735520
17.788320
19.558080
15.156000
21.120480
18.024480
11.903040
18.538560
12.515040
22.260960
21.934080
21.306240
19.321920
12.188160
-99.000000
-99.000000
-99.000000
-99.000000
9.659520
16.516800
8.292960
14.666400
3.975840
13.245120
15.793920
3.857760
13.944960
18.419040
14.411520
7.397280
15.026400
10.468800
12.147840
9.469440
16.247520
12.912480
16.791840
9.060480
17.252640
17.668800
15.040800
14.830560
11.993760
17.487360
17.521920
13.252320
11.122560
8.038080
15.664320
12.650400
4.720320
11.524320
12.104640
15.275520
16.788960
16.326720
13.512960
9.293760
8.877600
10.461600
11.158560
4.662720
10.409760
11.508480
13.723200
12.853440
11.710080
12.277440
1.118880
6.007680
11.586240
7.860960
13.512960
12.522240
13.425120
12.510720
11.524320
7.944480
12.029760
12.183840
8.461440
10.444320
9.822240
8.264160
9.838080
10.520640
11.701440
7.230240
11.193120
7.944480
4.026240
10.931040
9.326880
7.927200
7.048800
10.464480
10.265760
10.169280
8.071200
8.873280
9.493920
4.217760
4.795200
7.708320
4.822560
2.448000
9.102240
6.526080
8.615520
8.454240
1.352160
4.429440
8.665920
4.230720
0.861120
2.514240
7.974720
7.685280
5.747040
5.290560
7.943040
3.009600
6.245280
7.322400
7.750080
4.249440
5.080320
5.436000
4.661280
3.340800
0.771840
4.576320
7.015680
6.626880
2.298240
5.817600
6.233760
3.764160
2.387520
1.321920
3.428640
4.232160
5.568480
5.479200
6.400800
6.877440
5.646240
1.364400
6.580080
4.716720
2.257920
7.406640
4.548960
5.760000
5.801760
3.248640
4.134240
1.245600
4.060800
3.022560
5.214240
6.577920
8.278560
8.278560
9.148320
8.059680
8.318880
7.420320
7.778880
7.009920
5.315040
7.358400
8.337600
8.058240
9.491040
9.434880
9.616320
3.185280
6.127200
9.596160
9.637920
7.856640
10.033920
10.080000
9.014400
9.505440
8.449920
10.766880
10.022400
8.488800
11.111040
9.937440
10.916640
7.783200
1.729440
3.252960
2.608560
3.577680
10.103040
8.108640
11.433600
1.221120
1.415520
4.816800
4.072320
5.611680
4.492800
0.822240
1.406880
7.597440
11.616480
11.066400
11.059200
11.770560
14.470560
14.228640
10.267200
14.473440
12.843360
14.722560
15.242400
15.678720
14.947200
13.975200
7.354080
5.078880
13.561920
17.052480
15.327360
16.953120
16.791840
17.016480
16.814880
15.279840
17.091360
17.386560
16.351200
10.913760
2.484720
8.210160
4.471200
12.443040
13.471200
5.037120
19.549440
19.218240
19.539360
20.024640
17.748000
3.821760
14.412960
19.712160
15.713280
16.362720
19.850400
4.687200
11.928960
11.844000
14.326560
15.768000
11.312640
7.290720
12.624480
17.150400
19.294560
18.563040
19.913760
13.947840
20.219040
21.579840
17.197920
14.660640
17.195040
20.805120
22.047840
19.340640
14.617440
11.059200
12.316320
14.122080
20.711520
13.145760
19.146240
19.781280
18.875520
16.814880
18.048960
9.427680
6.592320
20.707200
22.671360
16.477920
16.640640
20.227680
23.657760
15.138720
8.917920
7.974720
19.533600
17.870400
19.820160
18.954720
19.778400
22.963680
19.044000
14.876640
23.793120
10.251360
19.870560
17.203680
20.563200
16.836480
4.733280
23.496480
23.467680
23.009760
21.267360
19.706400
15.197760
12.837600
3.003840
24.389280
24.600960
23.853600
24.101280
23.011200
16.846560
20.499840
21.739680
13.942080
18.106560
21.558240
23.981760
24.402240
17.043840
16.509600
23.509440
19.069920
14.620320
22.776480
18.504000
6.186240
22.361760
21.840480
21.791520
22.416480
23.015520
22.066560
17.935200
20.622240
23.139360
22.920480
15.056640
21.850560
21.270240
16.845120
21.051360
20.270880
21.503520
18.671040
21.687840
19.800000
19.238400
20.360160
18.135360
21.996000
21.327840
21.830400
21.303360
21.752640
13.474080
13.625280
21.137760
20.443680
19.513440
15.635520
20.162880
18.815040
17.491680
16.122240
8.331840
19.553760
19.962720
18.243360
17.465760
16.444800
17.959680
16.869600
17.939520
18.344160
19.166400
13.595040
19.867680
19.104480
13.462560
14.454720
-99.000000
2.383200
8.873280
15.271200
13.999680
5.340960
13.390560
12.054240
18.436320
15.793920
17.049600
13.370400
16.139520
17.596800
17.665920
17.366400
12.405600
16.289280
12.615840
15.773760
7.971840
12.214080
15.491520
10.520640
10.332000
2.387520
10.936800
9.131040
4.037760
14.604480
10.854720
14.011920
9.789840
13.661280
12.032640
14.689440
11.869920
12.722400
3.792960
4.361760
6.487200
4.896000
5.133600
1.123200
7.162560
1.120320
4.750560
2.217600
6.681600
4.655520
7.905600
7.279200
5.459040
5.231520
1.271520
2.748960
5.116320
6.776640
6.167520
1.445760
8.853120
13.667040
14.096160
13.579200
13.337280
11.445120
13.286880
4.671360
4.068000
6.389280
3.883680
6.134400
6.081120
6.936480
5.068800
2.488320
7.590240
10.501920
8.291520
6.936480
4.737600
4.527360
2.773440
5.924160
8.595360
5.870880
6.824160
6.701760
5.870880
3.873600
1.087200
3.290400
0.632160
4.605120
3.939840
4.396320
3.957120
5.382720
6.700320
3.782880
6.192000
6.204960
6.065280
4.862880
6.294240
4.088160
3.142080
3.116160
3.882240
5.925600
5.264640
6.874560
3.726720
4.763520
6.408000
6.606720
4.363200
0.793440
4.432320
5.453280
6.822720
2.988000
6.708960
7.195680
6.841440
6.350400
6.647040
6.586560
5.938560
5.685120
6.881760
6.029280
3.565440
2.648160
1.995840
7.416000
7.247520
6.056640
4.908960
8.297280
4.776480
6.432480
4.327200
7.732800
1.723680
4.819680
6.246720
4.073760
9.295200
6.613920
6.683040
6.193440
7.652160
9.469440
9.460800
9.924480
9.908640
10.307520
8.624160
3.726720
10.051200
10.113120
9.684000
10.464480
10.323360
9.424800
10.370880
0.452160
6.259680
7.408800
9.823680
2.828160
2.867040
8.994240
11.579040
4.690080
2.704320
3.100320
11.399040
13.671360
6.743520
11.185920
14.376960
12.460320
10.952640
8.732160
12.363840
14.220000
8.029440
14.991840
6.432480
12.234240
9.632160
1.573920
8.658720
12.804480
11.553120
14.865120
13.096800
10.686240
10.092960
15.072480
8.556480
16.781760
13.464000
15.166080
10.406880
4.472640
12.502080
0.512640
3.816000
5.744160
14.775840
9.862560
18.397440
17.455680
17.383680
14.163840
8.674560
1.844640
11.796480
14.222880
17.307360
8.117280
18.059040
3.091680
16.934400
1.749600
12.516480
12.843360
20.462400
17.363520
20.465280
2.541600
14.777280
15.117120
19.667520
16.038720
21.083040
13.296960
3.489120
13.363200
8.350560
7.822080
1.020960
12.600000
7.873920
19.356480
17.886240
20.678400
19.870560
7.809120
3.493440
12.204000
7.495200
12.142080
10.549440
21.947040
21.948480
21.839040
19.143360
22.785120
19.242720
10.160640
13.743360
21.348000
14.061600
13.818240
15.924960
16.594560
15.307200
11.312640
11.136960
12.193920
16.960320
21.849120
21.461760
20.579040
21.720960
21.470400
22.538880
21.706560
21.964320
16.902720
15.432480
17.641440
16.440480
16.269120
16.123680
21.921120
23.529600
6.056640
18.750240
13.033440
18.135360
22.350240
17.605440
16.138080
22.798080
23.040000
19.401120
21.579840
22.439520
20.491200
22.249440
20.370240
21.388320
13.557600
12.647520
21.035520
23.309280
18.956160
13.147200
15.363360
17.936640
16.223040
16.875360
16.822080
17.948160
21.153600
20.129760
20.178720
16.829280
21.060000
21.673440
14.451840
19.630080
19.804320
17.749440
14.237280
20.737440
8.687520
16.094880
19.045440
19.130400
16.064640
18.103680
11.918880
16.712640
19.147680
14.810400
19.951200
16.008480
16.702560
21.062880
19.856160
20.862720
20.020320
19.334880
17.373600
10.997280
14.859360
19.874880
18.959040
20.193120
17.127360
12.804480
17.441280
18.623520
18.617760
17.966880
14.640480
6.272640
7.787520
7.708320
10.470240
11.534400
7.138080
14.171040
9.898560
14.464800
7.436160
15.228000
15.595200
14.012640
13.661280
7.388640
14.486400
6.324480
9.404640
16.443360
16.665120
16.500960
14.339520
10.075680
7.842240
15.680160
15.449760
13.029120
15.894720
15.541920
14.731200
14.294880
12.932640
11.926080
13.151520
12.863520
13.088160
13.420800
8.680320
11.518560
10.877760
11.301120
12.526560
13.655520
12.104640
7.201440
11.360160
11.365920
6.475680
8.864640
10.503360
5.536800
7.884000
8.928000
9.051840
6.409440
11.763360
10.555200
8.284320
5.800320
4.050720
10.022400
7.381440
5.794560
8.720640
3.244320
9.889920
6.641280
6.063840
3.641760
7.495200
7.597440
9.325440
8.100000
6.904800
7.410240
6.863040
9.175680
9.214560
8.055360
8.568000
8.326080
8.267040
5.280480
6.930720
7.041600
1.814400
6.225120
7.427520
5.114880
5.993280
7.096320
5.433120
0.806400
5.364000
4.163040
6.992640
5.512320
1.274400
5.567040
2.905920
0.538560
0.696960
0.282240
3.692160
7.002720
5.040000
6.007680
4.429440
3.712320
5.729760
5.319360
6.523200
5.938560
6.040800
5.693760
6.549120
5.109120
5.166720
1.160640
5.480640
3.890880
2.597760
6.887520
6.717600
6.573600
6.773760
7.122240
6.010560
7.405920
6.467040
7.320960
7.356960
7.608960
7.577280
3.928320
7.958880
7.668000
7.761600
8.100000
7.957440
3.993120
7.580160
7.197120
8.280000
7.771680
8.529120
6.708960
3.638880
7.617600
9.311040
8.513280
9.044640
5.918400
9.780480
9.803520
9.522720
9.728640
9.884160
9.735840
9.974880
9.109440
4.207680
2.736000
2.831040
3.972960
10.788480
8.419680
7.921440
11.370240
8.939520
12.241440
12.160800
10.919520
12.247200
12.515040
8.796960
11.688480
6.230880
12.348000
6.068160
7.957440
12.132000
9.587520
9.871200
12.240000
7.889760
13.923360
10.697760
14.205600
14.931360
15.570720
14.765760
15.013440
14.731200
2.825280
15.252480
14.888160
12.284640
13.190400
14.306400
14.808960
15.560640
16.587360
14.271840
8.857440
11.803680
7.590240
14.345280
11.594880
13.494240
15.314400
16.024320
10.127520
10.162080
16.534080
15.300000
3.471840
4.752000
10.177920
8.071200
17.259840
17.297280
5.904000
19.107360
19.808640
18.221760
17.419680
13.855680
17.500320
9.757440
14.531040
20.213280
16.087680
19.441440
10.146240
9.630720
9.267840
18.145440
12.358080
20.687040
20.972160
20.725920
20.615040
20.124000
21.283200
19.042560
10.019520
18.482400
15.104160
16.593120
21.818880
21.434400
21.535200
16.348320
12.886560
11.413440
12.882240
17.491680
18.141120
19.336320
14.826240
3.345120
22.108320
22.592160
22.708800
20.473920
19.624320
19.501920
21.733920
22.713120
22.991040
22.764960
21.934080
21.077280
10.543680
10.553760
14.461920
20.969280
20.734560
20.705760
20.563200
11.190240
21.703680
18.905760
21.168000
20.423520
18.996480
16.691040
8.762400
13.913280
19.481760
16.685280
21.373920
22.572000
22.747680
14.523840
14.522400
21.224160
20.139840
12.208320
22.629600
22.720320
19.244160
10.287360
21.968640
20.808000
20.416320
20.802240
21.984480
13.197600
23.355360
16.096320
20.561760
16.850880
11.514240
14.808960
21.623040
19.752480
21.565440
22.199040
21.585600
22.134240
18.709920
19.569600
22.631040
19.841760
21.499200
17.334720
19.451520
20.563200
15.995520
18.059040
21.345120
21.049920
19.514880
16.716960
13.656960
5.277600
15.196320
22.030560
21.551040
21.185280
20.606400
16.778880
14.532480
13.920480
14.711040
6.143040
20.226240
16.462080
18.603360
17.860320
15.032160
15.495840
5.993280
8.867520
11.380320
17.540640
19.739520
19.487520
13.811040
18.946080
10.555200
6.428160
1.013760
-99.000000
12.795840
18.108000
17.190720
14.813280
17.336160
16.388640
10.761120
7.303680
6.520320
7.842240
15.140160
14.616000
17.526240
10.442880
12.252960
16.728480
16.920000
16.155360
5.417280
16.087680
15.432480
15.134400
1.637280
15.950880
9.848160
8.820000
7.747200
8.654400
12.301920
12.180960
9.037440
13.792320
13.576320
14.099040
12.382560
6.315840
5.983200
9.338400
13.661280
11.800800
12.205440
4.796640
1.905120
4.079520
3.263040
1.968480
4.068000
10.929600
9.501120
2.615040
12.417120
11.164320
11.606400
11.129760
4.694400
11.325600
8.915040
7.872480
8.094240
6.537600
7.545600
9.747360
4.472640
7.896960
8.107200
9.603360
3.424320
6.012000
10.154880
9.812160
9.452160
2.593440
1.144800
3.562560
2.672640
1.838880
2.532960
2.694240
7.259040
7.498080
3.780000
3.235680
2.818080
7.575840
8.061120
1.772640
6.644160
3.686400
5.734080
3.736800
7.957440
7.192800
7.424640
6.946560
1.193760
6.975360
6.569280
6.124320
6.075360
7.250400
3.510720
7.156800
7.159680
7.557120
3.144960
2.933280
6.315840
5.990400
7.482240
6.763680
6.040800
6.909120
6.854400
7.259040
6.891840
6.877440
6.517440
6.049440
6.058080
2.144160
7.064640
6.842880
1.310400
4.135680
6.605280
7.388640
7.502400
7.031520
1.399680
3.388320
1.350720
3.504960
5.192640
2.687040
7.149600
7.813440
5.572800
7.217280
4.446720
2.495520
7.328160
4.318560
8.395200
8.213760
5.366880
4.484160
9.105120
7.352640
0.074880
2.468160
1.319040
1.116000
3.346560
1.463040
5.895360
8.426880
10.268640
9.732960
6.323040
8.497440
10.961280
10.676160
11.197440
8.955360
3.428640
4.834080
4.589280
9.167040
9.603360
8.759520
7.886880
12.467520
11.525760
7.162560
12.156480
8.759520
10.716480
9.934560
6.616800
13.557600
2.495520
13.914720
13.943520
11.072160
14.676480
12.476160
10.209600
3.839040
15.369120
13.373280
8.822880
10.395360
15.304320
15.819840
15.639840
4.862880
13.671360
14.944320
14.227200
14.644800
4.199040
2.921760
7.875360
15.619680
12.359520
14.310720
17.703360
17.388000
14.405760
13.459680
18.655200
14.379840
15.124320
17.676000
14.369760
18.982080
15.176160
17.676000
18.770400
16.057440
6.060960
12.140640
17.608320
15.085440
20.551680
11.365920
18.894240
15.835680
12.525120
13.757760
4.888800
16.008480
17.043840
4.248000
7.931520
17.046720
10.667520
17.658720
19.332000
15.197760
9.228960
13.847040
20.422080
17.556480
19.909440
20.106720
16.162560
12.772800
14.747040
17.569440
16.593120
14.533920
20.753280
9.470880
20.407680
16.185600
12.048480
19.689120
20.017440
19.641600
18.112320
14.821920
21.880800
15.914880
20.112480
20.221920
15.593760
22.995360
22.092480
22.079520
21.863520
22.066560
22.226400
8.784000
13.770720
23.081760
18.684000
19.743840
22.456800
16.009920
22.737600
22.047840
20.714400
19.020960
16.045920
22.305600
22.907520
21.839040
22.363200
18.862560
12.684960
18.702720
19.200960
16.777440
6.795360
19.474560
20.590560
21.048480
21.313440
17.550720
20.717280
16.873920
16.835040
18.576000
14.060160
18.924480
22.517280
22.030560
22.426560
20.841120
18.495360
17.773920
21.009600
13.890240
20.511360
16.922880
16.627680
4.472640
10.936800
11.629440
19.571040
16.833600
20.636640
17.765280
20.751840
20.331360
21.116160
19.768320
19.981440
19.173600
21.371040
16.800480
15.382080
20.570400
20.148480
19.281600
20.412000
19.457280
16.600320
14.757120
15.855840
15.167520
18.633600
12.811680
17.739360
17.071200
15.992640
11.309760
17.771040
14.748480
8.094240
11.527200
13.292640
16.634880
19.342080
17.858880
19.195200
19.003680
18.360000
9.145440
16.862400
15.713280
18.240480
13.531680
15.750720
15.301440
17.719200
16.588800
10.370880
16.904160
16.345440
16.508160
14.706720
13.334400
12.326400
11.842560
15.871680
12.972960
9.299520
5.780160
3.031200
11.449440
8.343360
14.849280
10.782720
12.870720
15.665760
14.038560
5.280480
0.858240
9.987840
15.517440
15.112800
14.976000
10.180800
13.285440
12.997440
14.325120
13.194720
13.237920
9.544320
11.005920
12.696480
12.166560
6.920640
3.562560
6.216480
3.052800
3.260160
8.807040
12.604320
10.913760
8.886240
6.757920
4.335840
6.334560
8.203680
9.764640
8.748000
8.847360
10.931040
7.738560
8.948160
9.495360
9.959040
8.583840
9.953280
9.208800
4.966560
4.669920
9.161280
2.725920
7.688160
8.759520
3.706560
7.424640
8.595360
8.481600
3.294720
3.070080
8.007840
8.372160
5.869440
1.647360
2.371680
7.801920
7.842240
3.185280
5.064480
6.495840
6.710400
6.274080
3.242880
4.240800
6.917760
3.232800
2.521440
5.988960
6.912000
2.707200
6.109920
5.646240
5.813280
0.532800
5.040000
2.381760
6.609600
4.896000
6.782400
5.417280
5.398560
6.553440
1.982880
4.440960
4.669920
4.227840
4.049280
4.125600
6.386400
4.379040
3.365280
2.148480
6.356160
6.279840
6.320160
6.482880
6.615360
6.186240
6.252480
-99.000000
-99.000000
-99.000000
-99.000000
-99.000000
-99.000000
-99.000000
-99.000000
-99.000000
-99.000000
-99.000000
-99.000000
-99.000000
-99.000000
-99.000000
-99.000000
-99.000000
-99.000000
-99.000000
-99.000000
-99.000000
-99.000000
-99.000000
-99.000000
-99.000000
-99.000000
-99.000000
-99.000000
-99.000000
-99.000000
-99.000000
-99.000000
-99.000000
-99.000000
-99.000000
-99.000000
-99.000000
-99.000000
-99.000000
-99.000000
-99.000000
-99.000000
-99.000000
-99.000000
-99.000000
-99.000000
-99.000000
-99.000000
-99.000000
-99.000000
-99.000000
-99.000000
-99.000000
-99.000000
-99.000000
-99.000000
-99.000000
-99.000000
-99.000000
-99.000000
-99.000000
-99.000000
-99.000000
-99.000000
-99.000000
-99.000000
-99.000000
-99.000000
-99.000000
-99.000000
-99.000000
-99.000000
-99.000000
-99.000000
-99.000000
-99.000000
-99.000000
-99.000000
-99.000000
-99.000000
-99.000000
-99.000000
-99.000000
-99.000000
-99.000000
-99.000000
-99.000000
-99.000000
-99.000000
-99.000000
-99.000000
-99.000000
-99.000000
-99.000000
-99.000000
-99.000000
-99.000000
-99.000000
-99.000000
-99.000000
-99.000000
-99.000000
-99.000000
-99.000000
-99.000000
-99.000000
-99.000000
-99.000000
-99.000000
-99.000000
-99.000000
-99.000000
-99.000000
-99.000000
-99.000000
-99.000000
-99.000000
-99.000000
-99.000000
-99.000000
-99.000000
-99.000000
-99.000000
-99.000000
-99.000000
-99.000000
-99.000000
-99.000000
-99.000000
-99.000000
-99.000000
-99.000000
-99.000000
-99.000000
-99.000000
-99.000000
-99.000000
-99.000000
-99.000000
-99.000000
-99.000000
-99.000000
-99.000000
-99.000000
-99.000000
-99.000000
-99.000000
-99.000000
-99.000000
-99.000000
-99.000000
-99.000000
-99.000000
-99.000000
-99.000000
-99.000000
-99.000000
-99.000000
-99.000000
-99.000000
-99.000000
-99.000000
-99.000000
-99.000000
-99.000000
-99.000000
-99.000000
-99.000000
-99.000000
-99.000000
-99.000000
-99.000000
-99.000000
-99.000000
-99.000000
-99.000000
-99.000000
-99.000000
-99.000000
-99.000000
-99.000000
-99.000000
-99.000000
-99.000000
-99.000000
-99.000000
-99.000000
-99.000000
-99.000000
-99.000000
-99.000000
-99.000000
-99.000000
-99.000000
-99.000000
-99.000000
-99.000000
-99.000000
-99.000000
-99.000000
-99.000000
-99.000000
-99.000000
-99.000000
-99.000000
-99.000000
-99.000000
-99.000000
-99.000000
-99.000000
-99.000000
-99.000000
-99.000000
-99.000000
-99.000000
-99.000000
-99.000000
-99.000000
-99.000000
-99.000000
-99.000000
-99.000000
-99.000000
-99.000000
-99.000000
-99.000000
-99.000000
-99.000000
-99.000000
-99.000000
-99.000000
-99.000000
-99.000000
-99.000000
-99.000000
-99.000000
-99.000000
-99.000000
-99.000000
-99.000000
-99.000000
-99.000000
-99.000000
-99.000000
-99.000000
-99.000000
-99.000000
-99.000000
-99.000000
-99.000000
-99.000000
-99.000000
-99.000000
-99.000000
-99.000000
-99.000000
-99.000000
-99.000000
-99.000000
-99.000000
-99.000000
-99.000000
-99.000000
-99.000000
-99.000000
-99.000000
-99.000000
-99.000000
-99.000000
-99.000000
-99.000000
-99.000000
-99.000000
-99.000000
-99.000000
-99.000000
-99.000000
-99.000000
-99.000000
-99.000000
-99.000000
-99.000000
-99.000000
-99.000000
-99.000000
-99.000000
-99.000000
-99.000000
-99.000000
-99.000000
-99.000000
-99.000000
-99.000000
-99.000000
-99.000000
-99.000000
-99.000000
-99.000000
-99.000000
-99.000000
-99.000000
-99.000000
-99.000000
-99.000000
-99.000000
-99.000000
-99.000000
-99.000000
-99.000000
-99.000000
-99.000000
-99.000000
-99.000000
-99.000000
-99.000000
-99.000000
-99.000000
-99.000000
-99.000000
-99.000000
-99.000000
-99.000000
-99.000000
-99.000000
-99.000000
-99.000000
-99.000000
-99.000000
-99.000000
-99.000000
-99.000000
-99.000000
-99.000000
-99.000000
-99.000000
-99.000000
-99.000000
-99.000000
-99.000000
-99.000000
-99.000000
-99.000000
-99.000000
-99.000000
-99.000000
-99.000000
-99.000000
-99.000000
-99.000000
-99.000000
-99.000000
-99.000000
-99.000000
2.328480
1.611360
1.032480
5.364000
6.816960
7.274880
4.543200
6.966720
7.058880
6.968160
7.168320
6.936480
7.475040
5.614560
2.316960
5.990400
4.523040
7.138080
6.174720
1.726560
4.106880
3.411360
5.948640
7.967520
7.247520
5.549760
5.513760
4.325760
8.055360
8.268480
8.208000
3.794400
8.969760
7.254720
8.422560
7.904160
8.632800
9.318240
8.929440
9.483840
9.574560
9.720000
9.293760
4.775040
5.195520
4.821120
10.480320
10.434240
10.848960
10.872000
10.910880
11.172960
11.390400
5.970240
6.664320
10.071360
6.831360
11.426400
9.938880
6.520320
2.609280
2.329920
2.584800
10.726560
10.622880
13.104000
11.471040
3.211200
10.337760
6.621120
7.629120
9.591840
9.960480
15.226560
13.393440
12.903840
16.128000
16.374240
10.673280
15.445440
8.140320
8.903520
16.022880
9.934560
15.536160
16.865280
11.370240
16.901280
12.584160
8.563680
5.048640
17.879040
9.568800
8.372160
11.543040
17.704800
17.460000
13.734720
12.748320
9.646560
13.442400
12.538080
14.637600
20.439360
14.819040
20.011680
12.733920
20.314080
21.228480
3.330720
13.973760
10.323360
15.170400
7.354080
17.497440
17.697600
19.044000
19.717920
17.674560
8.697600
8.383680
18.518400
6.117120
16.833600
17.712000
20.129760
20.799360
22.165920
22.507200
20.496960
12.110400
23.947200
19.520640
22.230720
22.933440
23.114880
22.822560
12.060000
11.093760
19.406880
18.761760
2.656800
2.815200
8.233920
12.857760
13.183200
11.180160
14.088960
8.637120
9.590400
20.132640
11.551680
22.986720
21.042720
7.557120
13.230720
16.823520
2.158560
14.800320
5.297760
15.377760
25.282080
17.072640
9.915840
11.753280
15.572160
9.403200
21.651840
12.391200
19.526400
17.222400
19.190880
16.554240
11.635200
15.400800
22.769280
21.952800
8.748000
15.292800
13.147200
14.040000
26.004960
25.711200
25.580160
25.581600
26.413920
24.783840
13.894560
19.182240
24.579360
16.092000
22.798080
25.172640
22.394880
23.188320
21.628800
16.538400
26.107200
24.995520
21.155040
19.692000
20.773440
23.768640
24.647040
24.776640
13.080960
20.914560
19.581120
17.801280
20.832480
14.588640
20.838240
24.891840
22.782240
13.737600
23.330880
24.609600
21.970080
21.764160
20.661120
22.955040
22.710240
17.383680
23.672160
23.300640
22.523040
23.528160
22.996800
22.373280
22.086720
21.909600
17.971200
22.972320
23.784480
22.955040
15.904800
22.740480
17.043840
8.112960
22.603680
15.624000
18.660960
21.180960
21.195360
14.176800
17.566560
11.401920
4.485600
21.731040
16.963200
12.451680
16.797600
17.892000
20.001600
19.748160
7.941600
19.069920
18.620640
15.134400
15.719040
16.149600
7.610400
17.805600
18.090720
8.627040
15.019200
12.500640
11.908800
16.015680
17.979840
18.925920
15.465600
13.844160
8.631360
13.500000
13.098240
11.446560
6.760800
2.831040
4.828320
13.727520
12.579840
16.002720
15.386400
13.380480
15.494400
14.978880
14.971680
12.098880
15.268320
15.387840
15.180480
13.646880
3.280320
4.910400
13.739040
11.622240
6.033600
6.691680
8.717760
11.619360
11.609280
6.145920
1.411200
6.501600
10.864800
10.445760
4.664160
6.480000
7.826400
10.604160
11.829600
11.365920
1.435680
0.963360
7.943040
3.013920
4.776480
1.800000
10.922400
4.246560
5.074560
5.355360
7.538400
6.658560
9.128160
8.706240
4.474080
1.108800
8.628480
9.224640
9.128160
9.069120
8.978400
3.680640
7.652160
7.956000
8.167680
5.608800
7.872480
5.238720
8.356320
8.051040
4.848480
7.164000
2.463840
6.301440
6.219360
7.125120
5.430240
4.252320
6.644160
5.696640
3.841920
2.255040
2.092320
4.177440
7.574400
7.236000
4.253760
1.820160
2.838240
2.239200
5.338080
6.452640
5.423040
5.091840
7.299360
7.184160
7.113600
7.192800
6.567840
0.881280
0.763200
1.856160
1.290240
5.412960
6.383520
5.220000
2.737440
1.766880
6.850080
5.912640
1.340640
1.150560
6.048000
1.671840
2.812320
7.934400
8.127360
7.881120
7.636320
8.045280
5.780160
7.503840
7.842240
5.745600
7.486560
9.030240
6.599520
7.277760
7.836480
9.475200
9.390240
9.708480
7.333920
9.583200
6.667200
1.499040
3.247200
3.111840
2.786400
9.934560
5.506560
6.331680
10.729440
10.159200
10.255680
7.548480
4.678560
11.328480
11.191680
11.877120
4.871520
7.591680
11.746080
12.811680
12.536640
7.704000
10.748160
10.396800
13.177440
11.435040
9.570240
13.718880
14.019840
7.456320
2.126880
5.176800
5.490720
4.435200
14.934240
16.090560
16.025760
16.220160
9.007200
14.915520
8.704800
14.568480
16.714080
16.146720
16.297920
17.328960
17.108640
17.045280
17.025120
17.333280
17.193600
16.498080
18.371520
16.277760
18.851040
18.612000
18.636480
1.866240
9.937440
4.363200
3.612960
11.581920
4.515840
17.791200
11.691360
11.026080
17.789760
4.181760
9.835200
16.621920
2.688480
14.983200
5.165280
18.622080
20.043360
10.257120
16.765920
13.885920
12.568320
15.330240
12.921120
17.255520
20.508480
23.863680
22.567680
17.765280
11.167200
22.717440
17.074080
18.656640
18.023040
13.780800
22.469760
19.617120
17.641440
21.276000
24.831360
24.475680
19.248480
18.561600
18.008640
16.931520
22.943520
10.444320
6.732000
19.853280
25.705440
22.888800
17.560800
25.488000
22.158720
22.517280
13.707360
14.195520
14.633280
18.976320
22.694400
26.228160
24.081120
25.875360
25.452000
17.244000
24.965280
22.887360
25.722720
20.240640
6.648480
22.232160
22.217760
17.596800
23.401440
26.474400
26.364960
26.822880
25.332480
19.440000
14.904000
17.249760
25.045920
25.128000
17.235360
18.339840
25.872480
25.876800
23.148000
18.740160
16.162560
20.200320
25.053120
25.210080
20.957760
15.609600
21.399840
21.257280
25.107840
23.918400
19.582560
9.144000
12.119040
10.810080
17.330400
23.801760
22.410720
23.333760
25.650720
22.167360
20.937600
25.020000
20.329920
26.481600
24.842880
24.390720
23.796000
22.011840
24.737760
25.056000
25.070400
23.919840
20.796480
22.572000
23.863680
23.214240
23.343840
23.660640
21.451680
12.263040
22.537440
22.436640
22.207680
17.444160
14.080320
6.710400
19.415520
21.836160
17.481600
19.563840
19.624320
19.775520
22.302720
21.067200
21.569760
22.209120
21.700800
21.036960
20.227680
21.093120
20.236320
9.132480
15.366240
19.280160
15.922080
19.569600
20.805120
16.525440
11.263680
11.468160
14.238720
15.228000
17.290080
19.942560
19.346400
17.468640
19.098720
15.321600
14.306400
13.213440
11.198880
13.423680
4.204800
17.485920
10.933920
13.366080
10.414080
13.723200
14.160960
12.356640
14.620320
16.868160
14.621760
12.840480
14.303520
11.952000
14.698080
10.314720
10.045440
12.631680
12.084480
14.443200
14.014080
14.329440
12.195360
11.711520
12.080160
6.413760
11.234880
11.278080
13.626720
11.292480
12.801600
13.111200
12.821760
12.993120
7.875360
2.345760
4.328640
1.873440
11.672640
11.259360
7.208640
7.174080
9.564480
9.275040
10.188000
10.180800
6.579360
8.978400
5.866560
8.220960
5.564160
9.453600
10.019520
7.744320
7.824960
9.426240
6.530400
4.645440
5.532480
5.544000
7.407360
8.154720
8.722080
7.349760
7.152480
2.551680
7.300800
7.463520
5.716800
7.526880
7.551360
7.444800
7.349760
3.805920
7.845120
3.496320
2.496960
7.184160
6.818400
4.852800
5.821920
4.865760
4.705920
4.956480
6.455520
6.238080
6.439680
6.693120
3.951360
2.880000
1.539360
3.097440
4.186080
3.121920
6.167520
6.950880
6.945120
0.930240
1.218240
1.035360
0.843840
5.888160
1.671840
6.799680
4.471200
4.353120
4.782240
5.578560
4.595040
4.475520
4.331520
2.095200
1.703520
4.246560
0.989280
3.768480
4.854240
7.598880
6.353280
4.256640
7.387200
3.625920
7.643520
5.523840
1.592640
2.026080
1.982880
1.193760
7.822080
8.218080
4.546080
3.458880
0.804960
8.945280
7.820640
8.494560
9.542880
9.381600
4.124160
9.646560
5.080320
10.249920
1.846080
9.744480
10.388160
10.621440
2.903040
2.368800
11.556000
9.910080
11.017440
9.135360
11.623680
4.269600
1.730880
3.984480
8.298720
2.939040
12.587040
6.553440
6.916320
10.336320
12.876480
7.770240
12.592800
4.076640
7.362720
13.717440
11.257920
1.291680
5.076000
10.167840
13.345920
5.893920
1.349280
7.799040
16.073280
16.408800
7.804800
15.912000
16.092000
16.194240
16.656480
16.800480
13.364640
13.942080
13.337280
6.246720
5.974560
10.635840
7.835040
5.077440
18.643680
18.311040
14.412960
15.871680
19.190880
17.452800
8.811360
17.120160
15.048000
14.508000
18.542880
13.554720
5.247360
7.034400
13.917600
20.148480
19.300320
2.633760
11.592000
6.384960
8.176320
13.304160
16.284960
13.754880
11.846880
17.151840
17.228160
7.728480
7.313760
12.389760
14.950080
11.630880
20.488320
21.813120
21.738240
19.877760
9.796320
12.713760
2.342880
7.184160
17.553600
14.307840
14.859360
21.260160
15.717600
20.626560
22.921920
11.387520
16.505280
6.539040
19.496160
20.985120
24.408000
23.460480
21.061440
22.667040
19.510560
13.227840
23.489280
25.480800
24.353280
24.585120
19.264320
8.667360
22.381920
17.604000
18.676800
16.902720
16.441920
21.035520
24.762240
24.531840
8.300160
21.041280
22.075200
3.130560
16.009920
8.992800
21.322080
18.927360
11.625120
10.254240
19.733760
18.076320
22.161600
17.003520
25.719840
26.364960
21.744000
20.187360
23.099040
24.766560
22.455360
18.498240
10.416960
16.482240
15.598080
21.149280
24.429600
23.663520
15.798240
24.167520
24.495840
24.747840
22.533120
17.556480
22.151520
23.093280
22.884480
23.850720
23.643360
21.381120
21.991680
22.419360
23.938560
20.041920
14.012640
22.273920
14.241600
19.935360
22.253760
22.412160
17.460000
22.659840
21.448800
9.504000
16.960320
18.656640
21.333600
14.122080
14.281920
17.753760
19.333440
22.636800
22.341600
19.369440
18.652320
20.545920
19.029600
14.941440
17.064000
12.447360
19.680480
22.288320
20.024640
19.941120
7.716960
15.471360
20.980800
20.764800
19.330560
18.119520
20.462400
20.193120
18.123840
20.424960
17.997120
12.726720
18.095040
15.317280
7.702560
14.856480
17.712000
17.382240
16.672320
9.944640
15.775200
15.743520
16.244640
17.599680
17.056800
18.004320
12.296160
15.230880
9.986400
4.998240
5.868000
16.015680
7.240320
4.795200
12.528000
6.837120
9.685440
14.781600
16.358400
14.891040
12.872160
14.749920
13.515840
9.990720
7.187040
10.948320
11.594880
11.040480
14.492160
12.502080
7.575840
6.746400
3.333600
5.143680
0.855360
8.229600
7.179840
6.871680
5.474880
13.383360
13.212000
12.813120
10.807200
10.584000
11.263680
10.280160
7.678080
11.340000
12.011040
11.000160
10.170720
9.472320
6.456960
6.660000
6.711840
8.573760
9.727200
9.720000
7.656480
7.094880
2.486880
3.149280
8.313120
9.358560
9.478080
9.060480
8.259840
8.856000
4.788000
9.181440
3.585600
2.842560
3.987360
2.911680
6.469920
7.452000
8.566560
7.228800
7.539840
8.449920
6.942240
6.415200
2.363040
1.656000
6.213600
4.523040
7.210080
7.184160
1.440000
4.593600
5.480640
5.281920
2.177280
5.119200
7.031520
6.282720
4.492800
2.829600
7.077600
7.238880
4.141440
5.865120
6.550560
6.474240
0.897120
1.739520
2.854080
6.727680
7.081920
7.352640
6.215040
6.275520
4.371840
3.088800
1.876320
2.780640
6.197760
5.201280
6.314400
5.849280
3.961440
6.756480
7.126560
5.361120
3.564000
7.313760
6.528960
6.707520
7.918560
7.957440
8.043840
8.180640
7.368480
4.314240
7.436160
8.547840
8.311680
8.182080
8.863200
8.831520
9.606240
2.291040
1.923840
8.056800
4.284000
5.476320
9.751680
10.117440
8.010720
10.183680
10.274400
10.702080
10.679040
10.818720
11.098080
11.041920
10.694880
9.624960
9.946080
1.765440
3.333600
8.020800
1.733760
12.386880
8.236800
4.793760
8.773920
9.056160
10.395360
9.403200
12.993120
10.880640
13.998240
11.052000
12.972960
8.779680
2.279520
4.383360
13.332960
15.014880
14.896800
3.301920
12.160800
14.022720
14.087520
0.997920
7.773120
2.125440
1.893600
5.558400
13.407840
15.531840
15.321600
12.106080
8.943840
10.663200
18.162720
17.602560
14.556960
16.691040
12.342240
14.832000
5.140800
12.618720
17.618400
18.956160
19.301760
13.178880
17.818560
17.163360
19.776960
20.069280
20.112480
20.113920
18.947520
17.356320
20.365920
12.080160
6.913440
11.619360
15.971040
11.731680
21.831840
0.000000
-99.000000
15.763680
5.042880
12.021120
15.115680
8.025120
15.141600
19.831680
8.278560
13.330080
19.923840
19.248480
13.559040
16.819200
19.764000
17.439840
21.532320
10.840320
17.534880
20.740320
23.329440
23.250240
17.147520
16.544160
16.963200
24.693120
22.636800
23.685120
24.199200
23.156640
24.439680
22.592160
19.419840
24.438240
22.446720
24.357600
23.351040
17.328960
23.374080
23.857920
15.743520
13.004640
19.704960
15.958080
7.960320
5.300640
11.378880
21.454560
9.440640
15.683040
20.666880
7.616160
20.790720
20.147040
11.599200
22.517280
24.383520
22.904640
21.038400
19.596960
25.852320
24.812640
24.589440
24.701760
21.036960
24.740640
20.848320
25.161120
25.660800
24.724800
23.159520
25.030080
25.302240
21.170880
17.141760
10.170720
25.122240
24.140160
22.001760
24.268320
24.766560
24.325920
23.957280
9.825120
18.792000
17.256960
21.875040
23.300640
14.604480
23.353920
22.762080
24.210720
20.874240
11.649600
23.852160
12.755520
15.454080
8.611200
12.307680
21.284640
13.674240
10.350720
18.574560
20.524320
20.527200
19.334880
21.703680
17.843040
16.030080
17.530560
16.956000
23.103360
22.963680
22.196160
22.017600
19.304640
19.445760
19.846080
21.571200
21.284640
18.165600
21.198240
20.828160
21.396960
18.809280
20.563200
16.381440
17.137440
16.551360
21.353760
19.300320
17.871840
16.191360
11.560320
18.076320
15.750720
10.569600
8.321760
13.999680
19.281600
18.349920
18.640800
18.897120
18.567360
13.714560
16.251840
16.305120
15.988320
17.147520
17.501760
16.259040
7.626240
17.496000
17.133120
16.539840
15.999840
15.079680
5.916960
13.877280
15.634080
13.983840
15.115680
14.532480
14.987520
15.062400
15.511680
14.751360
14.564160
14.538240
14.119200
9.355680
13.872960
13.995360
13.835520
13.726080
13.658400
13.361760
10.661760
6.300000
7.142400
9.730080
11.268000
9.872640
12.425760
11.710080
8.667360
8.064000
5.166720
10.864800
10.931040
1.311840
2.125440
4.174560
8.327520
7.698240
4.678560
4.190400
1.520640
1.684800
3.379680
2.463840
5.724000
7.617600
9.364320
8.121600
9.084960
5.947200
2.767680
3.447360
0.682560
2.697120
3.476160
4.730400
5.315040
4.389120
3.556800
0.492480
7.610400
7.722720
7.850880
7.679520
7.607520
6.058080
7.022880
7.388640
7.591680
4.795200
5.374080
6.389280
5.562720
7.017120
7.043040
5.886720
4.332960
5.587200
6.019200
5.565600
5.289120
6.520320
5.798880
4.383360
6.599520
6.588000
5.715360
5.414400
3.350880
6.027840
6.821280
4.193280
6.798240
6.780960
5.155200
7.014240
7.130880
7.024320
5.726880
6.949440
4.446720
6.752160
6.706080
3.350880
5.736960
7.516800
7.565760
7.234560
7.346880
7.421760
7.740000
7.907040
6.665760
6.393600
1.818720
6.779520
5.173920
7.865280
7.319520
8.058240
8.053920
8.107200
8.170560
8.619840
7.824960
4.655520
1.859040
6.245280
9.443520
5.821920
1.294560
0.891360
5.987520
10.520640
4.193280
11.031840
11.036160
7.534080
10.833120
10.956960
11.069280
11.550240
11.282400
7.240320
11.463840
11.809440
4.150080
11.200320
5.790240
12.876480
12.323520
12.900960
13.213440
12.430080
12.042720
13.176000
12.782880
12.656160
13.649760
13.373280
14.503680
8.199360
8.915040
12.638880
12.941280
14.564160
15.530400
15.567840
15.599520
15.521760
15.560640
15.744960
15.596640
15.706080
16.548480
15.648480
17.017920
11.538720
15.279840
1.674720
6.130080
17.687520
16.482240
15.585120
14.496480
17.560800
16.541280
16.608960
18.512640
18.341280
18.338400
17.323200
3.535200
2.306880
5.833440
11.260800
18.394560
20.239200
12.170880
9.851040
19.792800
7.731360
9.646560
15.019200
13.541760
13.697280
21.353760
12.045600
15.906240
19.753920
17.749440
19.830240
11.957760
16.597440
19.730880
22.374720
7.008480
6.276960
21.003840
9.756000
20.714400
21.470400
22.646880
13.389120
22.083840
9.646560
20.270880
15.884640
22.852800
22.582080
23.109120
17.095680
13.072320
22.983840
19.951200
19.058400
11.360160
15.308640
14.957280
7.181280
13.718880
6.654240
23.323680
20.702880
17.900640
17.593920
20.609280
12.009600
17.707680
22.214880
21.876480
23.253120
22.412160
10.867680
21.362400
23.879520
20.931840
21.911040
17.791200
21.336480
18.584640
17.660160
22.332960
22.613760
23.594400
24.795360
24.850080
24.183360
21.548160
10.699200
24.276960
24.318720
21.353760
23.623200
23.459040
23.063040
23.595840
23.351040
22.960800
22.747680
20.845440
5.310720
23.869440
22.921920
19.162080
8.868960
20.606400
17.121600
22.235040
23.027040
23.294880
22.116960
24.120000
22.602240
17.805600
23.839200
23.312160
23.934240
23.964480
23.369760
22.992480
16.418880
20.600640
18.754560
22.750560
22.904640
21.250080
15.999840
19.595520
16.908480
18.907200
22.178880
23.391360
21.944160
20.314080
22.188960
17.853120
19.012320
21.746880
21.801600
21.087360
21.062880
19.792800
17.998560
19.869120
21.270240
21.182400
20.642400
20.325600
19.728000
16.839360
19.985760
19.568160
19.268640
19.208160
19.280160
14.918400
20.723040
17.285760
13.104000
13.808160
2.443680
18.023040
16.881120
11.293920
16.068960
16.554240
14.248800
17.277120
15.428160
12.651840
15.439680
14.830560
16.423200
13.816800
18.151200
18.015840
17.812800
17.261280
9.352800
6.387840
9.745920
15.989760
7.306560
15.135840
13.658400
16.518240
14.958720
8.078400
9.996480
5.136480
0.766080
7.302240
15.281280
14.944320
14.244480
14.071680
13.465440
14.340960
11.944800
11.581920
12.689280
10.925280
7.655040
9.688320
11.908800
10.536480
12.722400
11.609280
6.331680
5.068800
5.944320
4.887360
6.242400
6.140160
8.431200
9.384480
2.348640
3.728160
6.183360
11.913120
11.406240
3.522240
3.365280
10.735200
8.390880
7.801920
4.756320
7.430400
6.330240
8.687520
8.749440
3.764160
6.670080
4.593600
8.953920
4.141440
0.640800
7.716960
7.246080
2.031840
3.170880
4.034880
8.173440
5.368320
4.867200
7.706880
5.857920
4.356000
2.387520
2.226240
1.847520
6.384960
7.643520
6.166080
7.462080
7.728480
5.977440
7.246080
7.152480
6.660000
7.194240
7.087680
6.616800
4.527360
3.800160
5.171040
3.072960
5.316480
6.348960
5.086080
6.333120
2.560320
3.561120
5.708160
4.011840
6.625440
6.500160
4.904640
6.312960
6.507360
5.853600
6.986880
6.596640
6.563520
1.677600
6.107040
7.044480
5.325120
7.260480
7.225920
7.133760
7.319520
7.310880
7.172640
7.499520
6.616800
1.517760
5.749920
5.830560
2.956320
8.066880
6.203520
2.867040
6.239520
6.402240
6.641280
5.497920
7.598880
9.239040
8.416800
5.078880
9.396000
7.185600
8.209440
8.688960
8.784000
6.694560
10.667520
9.208800
9.855360
10.905120
11.230560
4.530240
10.144800
7.682400
7.597440
10.995840
11.571840
10.925280
8.988480
6.446880
5.500800
5.934240
4.908960
9.473760
5.749920
2.223360
12.273120
11.697120
8.262720
12.405600
8.940960
2.198880
2.017440
13.986720
12.611520
8.131680
2.172960
3.670560
12.879360
13.894560
13.407840
15.514560
14.595840
11.200320
1.540800
16.022880
16.944480
7.619040
7.300800
13.809600
15.327360
14.425920
16.535520
17.572320
10.167840
8.336160
16.777440
6.392160
5.794560
13.180320
9.995040
14.126400
18.321120
4.949280
14.762880
18.570240
6.451200
3.924000
11.511360
18.223200
14.028480
19.388160
17.749440
17.330400
20.459520
20.508480
21.320640
18.645120
15.357600
20.676960
20.941920
9.090720
18.231840
16.878240
14.623200
16.534080
22.396320
2.651040
9.796320
5.728320
2.600640
1.395360
17.867520
22.612320
14.850720
13.243680
12.804480
20.183040
23.015520
18.750240
16.207200
14.123520
19.556640
22.170240
23.058720
24.166080
9.433440
4.858560
12.509280
16.230240
20.524320
11.692800
5.261760
12.600000
18.796320
20.440800
21.385440
23.469120
21.836160
13.914720
16.293600
17.494560
14.938560
16.846560
23.192640
20.940480
19.565280
23.725440
20.319840
23.051520
21.055680
13.029120
17.663040
21.093120
16.892640
19.382400
23.937120
23.508000
23.767200
23.618880
15.703200
8.460000
17.503200
20.044800
15.958080
19.031040
16.812000
24.756480
21.513600
21.448800
18.054720
17.732160
20.877120
19.664640
17.488800
22.668480
19.608480
19.025280
22.649760
23.603040
20.825280
16.142400
21.146400
17.222400
9.819360
22.363200
15.341760
18.299520
22.720320
21.899520
14.150880
18.334080
21.382560
17.984160
20.718720
19.483200
18.433440
22.736160
19.463040
20.640960
21.949920
20.540160
23.148000
22.452480
22.865760
23.192640
21.939840
15.674400
21.886560
21.781440
21.137760
10.563840
14.827680
22.584960
22.216320
20.175840
21.111840
15.265440
19.108800
12.536640
16.541280
12.290400
17.984160
18.024480
16.840800
18.753120
19.895040
16.637760
15.465600
20.697120
11.347200
11.404800
11.723040
11.823840
14.117760
17.876160
18.587520
15.347520
19.573920
19.542240
18.786240
15.096960
4.596480
12.962880
18.285120
12.997440
13.890240
14.401440
16.577280
17.576640
12.204000
16.349760
15.482880
17.665920
17.508960
13.080960
17.137440
16.482240
15.986880
16.217280
14.591520
15.353280
14.339520
6.264000
14.012640
13.213440
14.160960
12.578400
5.381280
3.117600
10.493280
11.550240
11.622240
11.518560
11.059200
9.756000
5.896800
13.756320
13.101120
12.401280
8.992800
12.528000
6.376320
4.091040
6.353280
8.841600
9.679680
10.251360
10.565280
10.539360
5.954400
10.437120
11.096640
11.008800
2.927520
5.276160
10.150560
9.372960
9.152640
7.666560
5.893920
9.563040
10.081440
9.486720
8.457120
7.875360
5.856480
8.667360
8.952480
6.717600
8.458560
6.635520
0.390240
2.302560
0.864000
5.937120
8.363520
6.858720
8.087040
6.573600
7.728480
7.925760
7.398720
7.721280
7.489440
7.660800
3.484800
6.634080
2.478240
7.077600
7.473600
7.215840
7.034400
7.067520
6.890400
6.860160
6.971040
4.253760
6.711840
4.888800
6.508800
6.743520
6.180480
3.329280
6.366240
1.406880
4.786560
6.230880
6.631200
5.313600
2.479680
1.948320
6.868800
6.137280
4.779360
6.752160
6.524640
4.645440
6.193440
4.145760
5.155200
3.777120
6.009120
7.058880
6.674400
6.981120
6.412320
6.976800
5.418720
5.605920
2.507040
6.056640
4.292640
1.751040
7.997760
1.414080
3.968640
6.276960
8.550720
2.678400
4.353120
7.247520
3.538080
7.784640
7.894080
4.891680
7.830720
7.460640
8.261280
1.234080
10.134720
7.686720
10.136160
7.637760
9.954720
8.645760
6.521760
4.717440
5.539680
7.848000
11.531520
10.988640
11.409120
-99.000000
-99.000000
11.792160
3.520800
10.753920
10.848960
7.486560
13.024800
13.148640
8.313120
10.080000
10.406880
7.649280
9.915840
10.772640
11.964960
10.768320
15.084000
11.034720
13.874400
15.467040
15.531840
15.840000
15.373440
11.050560
15.592320
13.943520
13.572000
16.018560
16.776000
16.884000
16.178400
14.716800
13.419360
13.262400
10.280160
14.159520
15.588000
15.004800
10.607040
16.499520
15.776640
10.234080
1.568160
8.146080
16.339680
7.175520
2.702880
15.746400
19.709280
18.112320
19.494720
17.317440
18.012960
19.166400
13.301280
13.446720
15.981120
17.472960
18.138240
20.368800
20.414880
19.406880
16.282080
2.823840
4.371840
7.771680
20.475360
19.686240
18.123840
19.709280
20.973600
19.126080
20.580480
11.268000
15.035040
18.362880
21.810240
22.523040
17.843040
19.905120
20.429280
22.392000
21.804480
17.516160
13.006080
12.915360
15.060960
22.622400
23.070240
23.783040
18.370080
15.827040
22.524480
12.634560
12.425760
18.734400
19.222560
12.772800
11.482560
12.216960
20.154240
12.981600
14.188320
7.519680
17.844480
20.678400
16.678080
18.925920
18.521280
23.476320
18.609120
20.131200
23.080320
14.304960
22.600800
20.999520
13.394880
16.528320
1.245600
15.078240
13.386240
9.643680
14.215680
24.086880
24.223680
23.679360
20.328480
19.126080
8.974080
9.568800
17.288640
20.610720
23.742720
20.364480
22.921920
12.520800
11.904480
9.820800
22.481280
22.690080
19.854720
8.555040
21.797280
17.792640
24.644160
16.885440
11.944800
15.494400
12.764160
22.852800
21.405600
23.058720
21.113280
18.969120
21.168000
18.616320
22.669920
23.790240
22.675680
13.114080
20.111040
18.205920
8.141760
20.350080
22.021920
22.897440
13.223520
8.906400
20.753280
11.600640
13.417920
18.394560
14.735520
17.193600
18.237600
21.463200
13.371840
16.377120
21.314880
22.334400
21.456000
17.282880
21.890880
18.017280
17.124480
9.761760
6.978240
2.995200
13.320000
16.462080
19.440000
20.501280
19.864800
19.092960
13.970880
9.131040
14.817600
16.699680
13.292640
13.498560
9.468000
11.586240
16.197120
14.735520
15.706080
11.842560
17.699040
15.940800
11.905920
15.744960
6.082560
17.012160
15.209280
11.800800
11.597760
13.091040
15.066720
9.290880
4.671360
5.554080
10.419840
16.187040
14.315040
15.193440
2.187360
9.495360
5.430240
10.411200
14.538240
12.389760
14.165280
10.654560
11.236320
12.951360
14.382720
13.697280
12.470400
12.631680
9.097920
12.863520
4.557600
7.058880
11.916000
12.651840
12.925440
11.836800
11.792160
10.918080
10.110240
11.864160
11.207520
11.348640
11.049120
4.570560
5.086080
8.206560
9.912960
10.643040
3.902400
7.087680
3.821760
2.764800
6.995520
9.930240
9.516960
7.475040
3.922560
5.235840
3.751200
9.015840
8.539200
3.127680
7.871040
8.055360
5.630400
8.195040
8.120160
7.742880
5.297760
4.705920
4.014720
3.336480
3.646080
1.840320
2.862720
3.083040
1.033920
0.897120
6.456960
7.112160
3.084480
1.369440
1.625760
7.140960
6.631200
5.788800
6.968160
4.790880
6.940800
6.384960
5.476320
4.580640
1.523520
2.854080
2.172960
4.852800
6.720480
2.570400
6.907680
6.926400
6.750720
6.940800
6.910560
6.101280
3.687840
6.632640
7.306560
7.032960
7.156800
6.927840
7.030080
6.819840
7.535520
7.364160
7.130880
3.572640
7.310880
7.385760
7.385760
7.017120
7.996320
7.503840
7.738560
7.555680
2.077920
4.639680
6.166080
1.241280
3.808800
4.497120
8.791200
8.696160
9.040320
8.688960
6.050880
5.830560
8.439840
7.488000
4.662720
7.627680
9.540000
5.993280
1.385280
3.273120
9.148320
9.771840
7.051680
10.827360
11.105280
11.538720
9.518400
8.026560
11.003040
6.484320
6.052320
10.527840
5.457600
9.934560
12.297600
11.253600
3.826080
13.599360
10.090080
12.575520
8.157600
5.415840
13.289760
13.880160
10.975680
9.420480
8.399520
3.254400
15.697440
15.156000
14.241600
15.564960
13.641120
14.754240
13.070880
14.519520
12.830400
9.561600
10.376640
7.899840
13.469760
6.798240
11.262240
9.154080
1.886400
9.197280
4.556160
4.027680
7.812000
17.766720
18.901440
15.876000
7.071840
10.664640
18.956160
16.763040
18.976320
17.264160
15.328800
13.913280
15.347520
18.047520
20.800800
20.856960
19.857600
16.441920
19.353600
20.079360
20.989440
16.738560
10.952640
15.183360
16.590240
9.637920
12.333600
19.566720
11.518560
21.356640
20.075040
14.296320
12.348000
10.877760
20.854080
12.517920
17.223840
17.998560
18.868320
20.161440
16.832160
15.998400
21.889440
22.235040
20.649600
22.991040
21.768480
21.576960
23.268960
20.345760
17.956800
22.818240
22.276800
23.705280
24.012000
4.435200
15.180480
23.277600
23.729760
19.375200
15.282720
17.781120
23.467680
21.828960
24.219360
23.794560
23.844960
18.735840
21.355200
23.836320
16.215840
21.072960
24.917760
24.888960
17.140320
14.199840
11.816640
20.496960
16.711200
19.189440
13.510080
20.659680
12.280320
13.296960
18.629280
24.409440
18.835200
23.181120
23.591520
24.013440
13.870080
22.102560
21.656160
24.285600
22.690080
24.060960
24.170400
23.353920
23.359680
15.963840
22.063680
22.936320
22.806720
23.611680
23.450400
23.099040
24.255360
24.315840
23.630400
21.928320
23.404320
22.124160
21.640320
22.412160
21.810240
21.918240
21.600000
14.513760
21.316320
22.554720
19.308960
17.733600
14.515200
21.634560
18.679680
21.761280
15.454080
9.609120
10.742400
16.250400
22.708800
21.634560
20.655360
21.617280
21.934080
20.816640
7.148160
19.059840
21.710880
21.667680
14.660640
14.268960
19.978560
14.692320
20.437920
16.312320
5.618880
15.956640
20.190240
19.617120
15.192000
14.981760
19.218240
20.616480
20.050560
19.631520
19.991520
19.730880
18.696960
16.953120
15.203520
12.647520
8.120160
4.975200
16.699680
18.102240
17.300160
11.586240
16.194240
5.958720
8.094240
14.821920
12.852000
12.096000
13.324320
18.092160
17.709120
16.351200
17.726400
16.061760
17.167680
16.407360
14.823360
16.489440
16.040160
10.781280
8.317440
12.936960
6.351840
1.578240
7.767360
12.136320
6.495840
10.117440
9.324000
14.947200
14.369760
12.139200
9.777600
13.452480
12.676320
8.909280
4.851360
4.453920
9.061920
11.206080
11.656800
6.677280
4.996800
2.990880
6.612480
11.476800
11.751840
2.911680
7.060320
1.998720
5.955840
10.463040
9.385920
10.359360
10.520640
9.632160
0.804960
8.521920
10.110240
9.830880
9.744480
9.482400
9.334080
9.319680
8.736480
9.146880
9.165600
2.803680
7.387200
8.742240
7.606080
8.559360
7.875360
8.028000
7.027200
6.847200
8.245440
8.363520
8.154720
6.916320
8.359200
7.842240
6.854400
7.279200
7.457760
7.447680
5.976000
7.017120
6.793920
4.296960
4.705920
2.416320
4.327200
6.644160
6.269760
6.976800
5.788800
5.427360
4.946400
5.248800
6.156000
5.384160
6.415200
6.439680
1.468800
3.384000
6.901920
5.195520
4.867200
5.693760
6.975360
7.084800
4.937760
5.715360
5.542560
6.275520
3.722400
3.022560
3.582720
2.090880
4.459680
7.063200
4.877280
7.155360
5.088960
6.189120
5.775840
7.662240
7.312320
3.732480
5.021280
8.485920
6.917760
5.747040
6.503040
7.439040
7.349760
6.125760
7.873920
8.344800
7.788960
8.642880
9.001440
7.657920
3.708000
5.057280
3.270240
7.705440
9.437760
6.677280
10.332000
10.157760
2.983680
6.171840
10.647360
6.975360
9.133920
3.085920
3.024000
9.426240
10.651680
11.770560
12.049920
12.353760
5.709600
12.457440
12.458880
11.799360
9.498240
11.239200
10.926720
10.812960
9.230400
5.497920
7.503840
13.656960
13.213440
12.765600
13.423680
13.063680
13.250880
12.545280
9.538560
15.641280
3.708000
13.746240
16.178400
14.015520
15.901920
5.916960
7.842240
8.737920
5.080320
15.094080
2.746080
6.684480
12.624480
12.097440
17.470080
18.184320
11.900160
14.417280
14.052960
8.798400
14.407200
18.622080
15.642720
6.948000
6.687360
19.232640
8.902080
2.132640
16.207200
14.808960
17.040960
18.702720
16.934400
19.444320
15.749280
18.292320
20.518560
19.084320
20.138400
21.160800
20.527200
18.516960
17.040960
8.134560
10.861920
14.680800
21.278880
22.978080
21.487680
10.992960
5.976000
20.924640
7.220160
23.032800
23.518080
23.280480
23.224320
22.645440
8.066880
8.556480
4.976640
2.242080
8.992800
15.115680
19.926720
12.869280
22.152960
19.910880
23.536800
16.195680
20.234880
15.016320
22.980960
24.845760
16.172640
25.420320
23.915520
21.175200
21.695040
20.373120
23.063040
18.272160
21.719520
16.074720
23.302080
19.961280
21.339360
7.884000
22.056480
18.989280
24.357600
18.120960
22.723200
19.006560
16.431840
17.118720
17.225280
25.835040
16.731360
22.525920
21.209760
13.779360
22.943520
24.078240
25.030080
25.277760
25.967520
25.395840
24.289920
19.559520
24.482880
24.776640
18.734400
23.636160
24.315840
24.235200
24.708960
15.099840
11.404800
22.504320
22.858560
14.057280
23.545440
24.082560
23.454720
19.235520
22.448160
21.680640
25.315200
24.792480
24.575040
24.979680
25.109280
17.628480
21.133440
16.176960
14.937120
18.470880
19.213920
20.674080
19.596960
21.830400
22.469760
22.583520
22.242240
22.734720
22.320000
22.091040
20.004480
19.000800
21.961440
22.377600
22.606560
18.339840
16.840800
22.263840
21.163680
21.866400
21.640320
21.797280
17.893440
17.452800
14.860800
20.039040
11.054880
21.353760
20.478240
20.829600
20.969280
20.793600
20.697120
19.226880
18.953280
8.521920
14.346720
14.544000
16.159680
17.703360
16.446240
16.175520
18.072000
18.197280
11.316960
17.892000
12.015360
15.318720
15.369120
17.092800
17.179200
11.337120
13.818240
14.574240
10.848960
16.443360
16.996320
11.073600
15.458400
15.769440
9.185760
12.093120
10.965600
12.286080
12.540960
15.852960
14.577120
15.240960
12.574080
8.506080
9.645120
11.442240
11.695680
3.715200
14.340960
12.631680
6.357600
12.035520
9.384480
4.273920
3.486240
7.128000
13.177440
10.873440
4.088160
10.899360
9.306720
11.661120
7.738560
3.340800
6.733440
9.446400
4.409280
6.183360
7.168320
10.452960
11.255040
10.946880
10.638720
10.388160
10.003680
10.015200
6.841440
5.512320
3.453120
4.042080
10.211040
9.216000
8.935200
9.112320
4.798080
6.314400
8.583840
8.863200
8.537760
8.444160
6.204960
7.905600
5.680800
2.060640
2.887200
2.941920
6.730560
5.873760
2.695680
5.649120
7.025760
5.050080
6.164640
7.136640
5.149440
7.534080
2.844000
2.698560
6.588000
7.297920
6.743520
7.276320
6.397920
6.953760
6.674400
7.094880
6.648480
4.176000
0.992160
4.033440
6.861600
3.108960
1.545120
5.205600
6.855840
6.799680
6.968160
5.261760
6.530400
6.422400
7.427520
7.452000
6.010560
7.104960
7.261920
6.441120
6.660000
6.753600
7.054560
7.508160
6.808320
5.263200
7.335360
4.364640
7.364160
4.086720
6.608160
8.206560
7.914240
8.023680
8.487360
6.819840
5.633280
1.216800
0.561600
2.407680
2.393280
7.401600
2.802240
2.861280
2.093760
4.165920
9.218880
8.951040
9.288000
7.027200
6.468480
6.387840
9.745920
6.367680
9.734400
8.592480
10.700640
11.177280
6.778080
5.616000
4.764960
2.975040
6.030720
9.436320
6.744960
11.988000
11.638080
11.413440
12.360960
12.487680
12.588480
4.972320
1.890720
13.046400
13.471200
13.579200
0.069120
-99.000000
10.867680
4.298400
9.393120
11.914560
14.389920
14.031360
5.846400
14.912640
15.540480
14.780160
2.628000
10.499040
15.936480
16.038720
16.198560
16.630560
16.426080
16.473600
16.755840
14.999040
15.609600
12.647520
3.728160
11.522880
16.963200
7.774560
14.948640
16.976160
18.672480
11.914560
3.483360
16.295040
19.176480
17.146080
12.382560
19.188000
19.313280
20.149920
20.030400
18.095040
19.579680
20.501280
20.174400
20.540160
15.292800
20.314080
20.174400
19.245600
11.496960
22.409280
22.039200
22.075200
21.503520
22.212000
19.425600
5.542560
4.334400
18.306720
20.596320
12.466080
20.711520
13.736160
11.088000
21.841920
17.360640
23.657760
19.441440
19.988640
13.583520
20.365920
14.261760
24.505920
22.311360
16.889760
23.364000
22.403520
21.620160
18.036000
22.101120
24.122880
24.161760
22.318560
18.056160
23.500800
24.544800
24.323040
24.268320
23.670720
20.822400
8.089920
16.941600
19.231200
21.898080
15.680160
10.916640
15.665760
23.166720
25.306560
24.827040
21.263040
24.680160
24.878880
24.459840
25.261920
25.058880
24.050880
22.220640
25.197120
24.894720
25.289280
24.412320
14.139360
22.144320
23.771520
24.033600
9.509760
19.330560
21.460320
20.651040
24.949440
23.525280
14.958720
25.398720
25.369920
25.473600
25.698240
19.056960
22.792320
9.352800
20.316960
22.479840
21.320640
24.085440
23.682240
21.198240
20.329920
22.800960
22.764960
22.572000
19.524960
18.336960
10.137600
22.600800
16.771680
19.501920
22.383360
23.055840
23.546880
22.753440
22.828320
22.733280
21.932640
8.720640
19.925280
21.156480
21.928320
20.636640
16.122240
15.020640
16.541280
14.876640
20.165760
20.620800
21.349440
21.278880
21.479040
18.357120
18.273600
20.910240
20.023200
14.371200
18.604800
20.043360
20.927520
17.722080
18.796320
19.447200
18.902880
15.416640
18.632160
14.290560
12.597120
8.287200
14.657760
19.198080
14.270400
8.321760
18.966240
13.233600
17.277120
15.036480
5.764320
17.775360
15.236640
16.519680
16.948800
13.106880
2.128320
11.747520
17.268480
9.619200
16.999200
15.425280
16.583040
6.117120
14.551200
15.727680
10.042560
14.405760
10.380960
11.203200
14.868000
6.956640
7.218720
7.431840
9.470880
10.997280
14.472000
9.888480
11.957760
14.244480
11.593440
9.053280
12.839040
12.551040
12.712320
11.700000
9.302400
11.851200
9.324000
7.470720
2.867040
7.224480
11.643840
8.850240
11.880000
11.013120
11.450880
8.576640
11.070720
11.469600
11.424960
11.116800
9.105120
9.992160
8.847360
8.863200
4.916160
9.460800
10.608480
10.320480
5.652000
8.428320
7.931520
2.934720
8.095680
9.882720
9.443520
9.460800
9.106560
9.072000
8.000640
8.454240
8.488800
8.684640
8.674560
7.562880
6.416640
4.700160
8.472960
7.729920
8.231040
2.387520
8.258400
3.723840
5.811840
8.219520
7.680960
7.613280
7.699680
6.183360
4.769280
6.855840
3.369600
2.567520
4.075200
3.601440
4.039200
7.035840
7.498080
7.410240
2.340000
6.562080
4.960800
6.950880
5.823360
7.024320
7.289280
4.920480
3.709440
5.248800
6.586560
4.363200
6.278400
5.659200
6.893280
6.628320
5.883840
6.958080
7.657920
3.769920
1.124640
4.361760
7.898400
7.644960
7.305120
8.369280
4.698720
2.835360
5.522400
8.193600
8.314560
8.507520
7.096320
7.714080
3.052800
8.042400
8.733600
8.936640
7.207200
1.085760
6.262560
9.246240
9.505440
9.668160
9.907200
1.774080
5.716800
10.648800
1.717920
1.843200
6.344640
8.239680
4.744800
10.873440
11.547360
9.074880
5.456160
6.494400
8.713440
11.594880
6.200640
3.175200
11.639520
7.931520
10.248480
12.853440
12.981600
11.939040
11.100960
12.480480
8.982720
11.540160
2.347200
8.694720
12.614400
14.247360
9.951840
4.692960
13.104000
15.040800
8.566560
14.431680
14.123520
14.173920
13.955040
11.662560
11.964960
13.246560
14.037120
10.667520
14.198400
12.869280
12.811680
17.825760
16.561440
16.436160
2.106720
7.551360
11.887200
16.297920
18.538560
17.089920
18.777600
18.432000
18.704160
15.480000
17.818560
19.657440
19.448640
15.850080
13.309920
2.538720
16.685280
12.945600
9.565920
14.608800
6.344640
3.540960
18.466560
8.805600
20.388960
16.200000
15.230880
19.238400
19.854720
18.528480
15.793920
18.630720
18.816480
21.417120
21.813120
16.284960
7.483680
20.262240
8.496000
23.366880
15.088320
11.348640
9.771840
10.870560
13.386240
11.129760
11.630880
8.336160
24.265440
9.619200
17.969760
16.094880
16.678080
12.755520
17.189280
14.165280
14.667840
15.897600
20.862720
14.882400
22.754880
23.474880
16.800480
20.797920
20.868480
12.970080
16.745760
8.042400
16.506720
15.085440
16.333920
6.756480
18.741600
13.384800
12.039840
13.622400
21.546720
23.261760
13.720320
24.334560
19.792800
21.947040
25.869600
18.292320
16.401600
18.781920
21.974400
23.544000
24.282720
10.663200
20.243520
13.302720
19.908000
19.702080
23.952960
23.925600
12.333600
22.632480
24.528960
24.024960
19.555200
22.452480
25.346880
13.875840
24.878880
21.280320
24.642720
21.477600
23.008320
21.277440
22.112640
18.912960
23.528160
23.539680
12.460320
22.911840
23.160960
24.048000
21.761280
20.207520
14.747040
24.052320
19.018080
22.662720
23.461920
22.894560
21.960000
22.947840
19.188000
22.766400
20.060640
18.252000
19.290240
19.493280
16.433280
17.556480
17.245440
12.451680
7.636320
15.275520
20.625120
16.156800
17.668800
21.389760
16.315200
13.184640
5.536800
14.896800
18.920160
19.774080
18.538560
19.018080
16.672320
19.307520
16.603200
19.248480
17.311680
17.261280
15.033600
12.991680
13.337280
14.359680
15.698880
14.088960
13.425120
15.477120
15.660000
12.009600
11.220480
11.789280
11.302560
14.309280
12.589920
13.547520
16.430400
8.622720
11.665440
11.543040
8.032320
12.798720
14.571360
13.667040
15.927840
15.886080
14.114880
14.065920
13.682880
9.714240
15.897600
14.423040
14.460480
13.485600
15.109920
15.024960
14.869440
12.650400
11.977920
12.134880
9.355680
11.132640
6.857280
11.784960
11.276640
6.190560
5.620320
6.654240
9.540000
11.567520
2.155680
4.445280
11.213280
11.990880
10.169280
10.120320
11.973600
11.841120
8.782560
1.523520
2.308320
3.679200
9.855360
2.815200
8.801280
6.363360
10.526400
6.886080
4.681440
9.082080
9.604800
6.469920
4.998240
9.050400
9.384480
8.831520
7.565760
8.010720
1.893600
5.424480
1.581120
2.406240
3.257280
2.718720
8.074080
5.436000
1.644480
6.236640
6.282720
4.976640
7.863840
6.900480
6.108480
3.581280
5.087520
7.289280
5.603040
6.206400
7.335360
6.374880
2.479680
3.817440
7.027200
6.829920
6.746400
6.301440
1.779840
2.520000
4.289760
1.883520
6.713280
5.248800
7.248960
6.769440
6.055200
6.724800
6.577920
6.785280
6.395040
6.500160
6.435360
6.840000
7.228800
7.418880
7.384320
7.395840
7.568640
7.431840
6.972480
7.398720
8.475840
7.806240
6.809760
7.912800
8.007840
7.986240
7.924320
6.420960
4.122720
8.363520
8.399520
4.802400
5.281920
7.633440
3.054240
7.200000
7.822080
3.444480
9.432000
9.116640
9.383040
6.276960
7.456320
3.130560
9.809280
8.866080
7.627680
5.022720
10.648800
10.488960
9.246240
10.213920
9.372960
10.159200
9.299520
9.054720
9.917280
11.869920
11.793600
12.251520
12.332160
12.450240
12.415680
10.751040
7.794720
8.879040
12.647520
13.060800
12.654720
12.991680
13.207680
13.147200
13.897440
13.521600
14.127840
13.775040
13.259520
12.096000
12.144960
7.873920
14.310720
13.262400
14.770080
15.410880
15.507360
15.301440
12.502080
13.275360
16.567200
17.138880
16.699680
16.207200
8.340480
17.337600
17.631360
16.652160
17.251200
15.982560
17.811360
19.032480
18.352800
18.309600
16.691040
18.944640
11.311200
17.039520
11.329920
7.875360
20.003040
8.038080
12.264480
11.682720
18.948960
7.336800
16.263360
12.552480
20.666880
21.117600
19.275840
16.293600
8.632800
18.154080
9.767520
12.156480
9.528480
16.793280
5.636160
11.275200
13.272480
7.647840
21.000960
19.340640
17.995680
11.003040
14.624640
17.619840
13.959360
4.049280
20.856960
24.537600
23.277600
22.164480
16.156800
23.724000
17.274240
14.783040
23.574240
23.474880
24.053760
23.150880
23.653440
6.773760
19.532160
10.245600
20.854080
22.078080
20.501280
23.365440
4.338720
-99.000000
0.279360
21.093120
15.425280
21.365280
20.773440
25.303680
25.351200
24.497280
22.955040
24.658560
21.957120
20.681280
23.150880
25.145280
10.774080
23.829120
3.513600
23.054400
23.001120
16.669440
23.205600
24.399360
25.197120
24.857280
24.295680
20.069280
12.255840
25.151040
24.158880
23.880960
24.510240
24.487200
24.792480
24.624000
24.814080
24.238080
24.796800
24.425280
19.693440
23.417280
24.436800
22.995360
20.583360
8.667360
10.788480
22.209120
23.600160
24.320160
22.540320
10.524960
23.522400
24.478560
10.638720
21.792960
22.141440
23.397120
22.739040
22.904640
23.378400
23.035680
23.418720
16.356960
10.048320
24.521760
24.012000
17.409600
22.317120
22.556160
22.937760
22.746240
20.564640
21.836160
20.838240
17.288640
21.731040
22.497120
21.725280
20.210400
17.616960
21.394080
22.137120
18.917280
19.347840
21.061440
20.508480
12.212640
8.146080
20.198880
16.812000
20.427840
19.631520
19.225440
17.025120
6.323040
14.836320
17.210880
14.649120
13.511520
13.674240
17.602560
19.507680
19.285920
15.010560
19.336320
19.108800
17.402400
16.018560
3.418560
9.273600
18.105120
9.008640
13.926240
16.224480
14.961600
16.683840
14.785920
15.612480
14.097600
3.823200
15.065280
15.503040
16.066080
9.614880
15.230880
15.328800
13.982400
15.935040
15.397920
14.669280
13.655520
13.953600
14.978880
13.697280
9.756000
13.854240
13.914720
6.788160
10.016640
12.604320
9.796320
11.949120
9.338400
13.556160
12.248640
12.712320
9.106560
9.411840
5.709600
3.274560
1.969920
5.847840
10.797120
11.643840
10.860480
10.568160
4.793760
8.762400
9.959040
5.492160
6.714720
6.972480
8.553600
9.355680
9.191520
10.506240
3.386880
8.471520
8.514720
8.484480
8.503200
9.663840
4.855680
2.066400
8.354880
8.822880
7.529760
6.917760
8.828640
7.773120
7.898400
2.949120
6.661440
8.349120
7.826400
7.557120
6.498720
7.440480
6.446880
7.274880
4.849920
7.011360
6.379200
0.702720
1.031040
6.816960
7.303680
7.418880
7.192800
5.892480
3.800160
5.411520
5.093280
3.391200
7.159680
2.190240
4.711680
5.951520
5.201280
4.299840
5.679360
6.697440
7.056000
6.458400
7.132320
5.428800
6.323040
7.074720
4.502880
6.624000
4.145760
6.812640
7.372800
6.037920
7.151040
7.483680
7.427520
7.201440
7.024320
7.702560
3.654720
3.700800
8.405280
6.929280
8.210880
7.509600
8.256960
8.061120
7.470720
4.344480
1.206720
0.624960
1.722240
4.514400
8.350560
3.294720
6.471360
6.062400
7.038720
8.652960
6.827040
8.979840
8.380800
9.466560
9.551520
9.825120
10.444320
10.584000
6.598080
7.728480
10.627200
10.612800
5.915520
4.135680
10.169280
7.486560
11.551680
11.351520
9.735840
8.979840
11.862720
11.730240
12.474720
12.409920
12.834720
13.173120
8.059680
13.515840
12.687840
12.237120
11.234880
11.973600
8.352000
7.551360
8.909280
11.194560
10.565280
15.343200
14.476320
15.137280
11.594880
15.382080
14.044320
11.017440
5.207040
15.708960
1.890720
3.785760
11.139840
16.522560
16.377120
12.708000
8.912160
3.672000
7.941600
8.595360
10.617120
8.213760
10.434240
11.213280
3.330720
4.381920
2.306880
9.689760
19.382400
14.865120
19.694880
18.178560
11.674080
18.639360
17.134560
15.102720
16.529760
17.326080
2.125440
17.625600
15.930720
12.576960
16.188480
17.736480
2.903040
6.799680
2.391840
4.606560
9.360000
11.233440
21.715200
13.122720
10.994400
16.303680
22.229280
19.931040
22.383360
22.095360
19.900800
22.181760
14.718240
22.929120
18.803520
21.751200
8.606880
5.299200
18.377280
16.305120
19.774080
6.308640
13.900320
11.357280
21.140640
23.836320
22.001760
24.422400
23.904000
23.698080
22.448160
13.741920
12.962880
22.547520
17.831520
22.220640
13.201920
11.492640
19.663200
13.173120
14.876640
16.535520
11.636640
22.744800
22.272480
4.590720
11.741760
12.293280
17.867520
11.370240
23.680800
23.990400
21.477600
21.826080
7.593120
20.746080
18.753120
20.443680
20.040480
21.365280
18.646560
23.592960
24.094080
22.564800
24.173280
24.510240
22.255200
23.456160
15.202080
23.790240
19.235520
22.273920
24.750720
24.621120
24.497280
17.746560
23.143680
21.820320
15.187680
23.739840
18.083520
12.430080
18.424800
16.502400
20.147040
17.305920
23.130720
24.134400
18.712800
23.234400
22.384800
22.459680
15.566400
21.997440
22.488480
22.534560
21.051360
22.217760
22.497120
21.437280
21.343680
22.214880
20.354400
21.621600
20.299680
22.547520
21.574080
18.269280
17.500320
18.048960
16.464960
16.528320
14.472000
18.423360
20.079360
15.415200
18.515520
9.534240
20.715840
20.669760
20.090880
16.418880
20.479680
18.921600
20.149920
19.357920
18.774720
14.158080
7.090560
19.630080
19.801440
15.516000
15.180480
17.241120
14.451840
17.889120
16.318080
14.400000
11.384640
8.323200
14.372640
13.834080
15.883200
16.660800
16.650720
12.385440
12.237120
11.911680
3.467520
8.881920
16.086240
6.942240
13.029120
15.854400
12.155040
15.564960
13.060800
7.320960
15.386400
14.427360
14.739840
13.068000
3.127680
11.086560
14.358240
14.817600
13.609440
10.369440
9.624960
12.257280
8.429760
12.291840
13.867200
12.683520
4.764960
9.882720
11.669760
12.680640
11.111040
8.684640
5.954400
7.292160
3.392640
11.551680
11.185920
7.646400
10.514880
8.858880
10.185120
9.711360
10.706400
10.746720
10.365120
10.041120
1.385280
2.168640
7.254720
3.503520
1.768320
9.606240
9.036000
7.423200
9.279360
7.758720
6.812640
7.915680
8.334720
2.232000
7.745760
8.367840
8.137440
5.755680
8.183520
8.192160
7.905600
7.178400
2.360160
1.882080
1.668960
0.819360
6.996960
7.498080
4.236480
4.929120
7.241760
4.165920
5.166720
4.258080
2.825280
5.950080
6.369120
5.549760
4.010400
6.521760
6.026400
4.178880
5.446080
6.937920
3.559680
1.260000
6.177600
4.478400
6.327360
6.418080
4.798080
4.628160
7.185600
5.522400
3.512160
6.567840
5.800320
7.240320
6.737760
2.659680
3.644640
7.063200
6.657120
5.879520
8.759520
3.166560
6.462720
1.277280
5.286240
3.085920
7.093440
8.157600
9.043200
8.206560
7.382880
7.433280
5.823360
8.256960
4.078080
6.426720
4.055040
6.410880
8.929440
5.016960
6.497280
7.856640
7.656480
8.212320
5.617440
9.449280
9.720000
8.899200
9.365760
8.621280
7.885440
6.546240
2.060640
4.669920
4.554720
7.950240
10.990080
7.598880
9.216000
1.441440
1.689120
8.893440
11.000160
11.236320
12.000960
12.185280
8.991360
2.044800
5.222880
12.136320
12.045600
10.350720
13.520160
11.802240
8.048160
5.123520
7.617600
7.809120
5.791680
4.547520
4.361760
6.971040
12.785760
14.364000
14.081760
8.534880
15.968160
15.664320
