20000101
5.326560
5.394240
5.041440
4.835520
4.788000
6.307200
5.771520
2.714400
2.257920
2.869920
5.999040
5.595840
3.954240
3.477600
3.708000
5.412960
4.800960
6.504480
6.508800
6.287040
6.541920
6.775200
7.176960
7.392960
1.920960
3.744000
5.277600
6.564960
6.156000
6.822720
6.428160
6.611040
7.043040
8.007840
7.591680
7.931520
4.957920
6.936480
5.292000
8.586720
8.533440
7.378560
8.303040
5.211360
7.999200
8.781120
7.980480
6.678720
9.419040
9.594720
9.764640
6.312960
6.098400
9.328320
9.408960
9.721440
9.851040
10.647360
8.840160
3.781440
10.614240
11.609280
11.301120
10.395360
9.452160
9.230400
6.323040
10.342080
11.589120
11.720160
11.485440
10.906560
11.342880
11.374560
12.486240
12.136320
12.055680
12.353760
10.591200
6.249600
6.557760
8.724960
5.870880
12.790080
6.380640
12.752640
9.944640
6.364800
14.395680
7.453440
8.674560
11.809440
6.197760
15.645600
13.233600
13.258080
16.290720
15.799680
4.577760
8.003520
1.781280
8.359200
14.297760
14.459040
11.691360
15.868800
3.409920
17.167680
15.255360
17.254080
14.482080
14.624640
14.459040
16.097760
17.097120
17.454240
15.474240
6.854400
10.630080
9.264960
9.776160
15.662880
17.246880
15.804000
11.498400
10.317600
15.359040
12.186720
14.035680
12.352320
4.589280
1.974240
17.354880
18.164160
18.344160
18.349920
17.827200
10.572480
18.187200
11.233440
3.726720
4.959360
11.858400
15.649920
15.756480
16.345440
13.076640
16.853760
11.760480
15.320160
18.277920
17.749440
17.526240
0.112320
19.078560
14.261760
15.226560
19.078560
20.527200
20.073600
16.158240
0.720000
7.423200
13.174560
6.734880
7.606080
19.467360
19.491840
18.802080
20.119680
9.007200
19.892160
18.780480
18.473760
6.569280
18.990720
19.175040
13.455360
18.650880
11.499840
17.985600
13.428000
17.739360
16.992000
18.226080
20.282400
19.507680
16.486560
19.814400
19.817280
18.872640
9.620640
20.129760
20.204640
18.761760
15.264000
15.629760
10.164960
11.737440
13.878720
17.210880
16.911360
18.290880
17.343360
5.689440
16.184160
13.361760
18.336960
17.912160
12.761280
18.506880
13.747680
17.094240
13.174560
16.392960
9.600480
16.666560
16.894080
16.356960
17.606880
17.087040
17.078400
16.986240
14.165280
9.843840
13.574880
16.001280
16.313760
16.181280
15.485760
14.618880
16.197120
15.284160
11.570400
16.061760
12.915360
12.998880
14.133600
12.314880
15.675840
12.348000
13.878720
8.334720
14.955840
13.894560
10.188000
13.749120
13.642560
15.111360
14.152320
13.347360
11.272320
14.228640
14.204160
14.097600
10.212480
11.874240
12.071520
10.959840
12.216960
4.793760
8.411040
5.908320
11.715840
13.376160
12.968640
12.592800
12.081600
10.339200
11.401920
1.196640
-99.000000
-99.000000
-99.000000
-99.000000
-99.000000
-99.000000
-99.000000
-99.000000
-99.000000
-99.000000
-99.000000
-99.000000
-99.000000
-99.000000
-99.000000
-99.000000
-99.000000
-99.000000
-99.000000
-99.000000
-99.000000
-99.000000
-99.000000
-99.000000
-99.000000
-99.000000
-99.000000
-99.000000
-99.000000
-99.000000
-99.000000
-99.000000
-99.000000
-99.000000
-99.000000
-99.000000
-99.000000
-99.000000
-99.000000
-99.000000
-99.000000
-99.000000
-99.000000
-99.000000
-99.000000
-99.000000
-99.000000
-99.000000
-99.000000
-99.000000
-99.000000
-99.000000
-99.000000
-99.000000
-99.000000
-99.000000
-99.000000
-99.000000
-99.000000
-99.000000
-99.000000
-99.000000
-99.000000
-99.000000
-99.000000
-99.000000
5.755680
3.706560
3.271680
3.096000
1.455840
-99.000000
-99.000000
-99.000000
-99.000000
-99.000000
-99.000000
3.631680
4.495680
5.669280
5.719680
5.284800
4.878720
3.968640
1.739520
1.640160
0.934560
0.567360
4.890240
5.436000
3.720960
1.948320
5.669280
1.490400
-99.000000
4.407840
4.641120
5.099040
5.675040
1.992960
1.370880
5.790240
5.963040
3.185280
4.917600
2.901600
4.901760
3.860640
0.512640
1.360800
3.810240
4.439520
1.932480
6.268320
5.855040
6.782400
3.949920
5.052960
5.050080
6.854400
6.066720
7.139520
5.754240
5.934240
7.503840
7.816320
8.043840
7.950240
7.960320
7.472160
7.894080
4.736160
1.052640
0.828000
8.799840
8.287200
7.732800
8.020800
3.402720
2.822400
4.478400
0.000000
-99.000000
-99.000000
6.667200
9.665280
9.603360
9.689760
8.778240
5.025600
10.000800
11.129760
5.810400
8.877600
7.273440
2.832480
7.791840
3.556800
8.723520
-99.000000
7.024320
-99.000000
10.883520
6.792480
11.242080
10.553760
12.974400
12.876480
11.689920
5.605920
11.316960
12.214080
12.555360
10.297440
8.560800
11.773440
11.885760
9.325440
14.114880
13.960800
8.483040
12.972960
11.594880
15.157440
14.329440
14.617440
14.837760
12.464640
14.912640
11.471040
13.167360
15.698880
16.099200
13.940640
15.004800
16.305120
16.284960
12.379680
16.430400
15.626880
14.440320
6.534720
-99.000000
-99.000000
-99.000000
-99.000000
-99.000000
15.939360
15.877440
17.631360
14.775840
14.721120
17.467200
7.633440
3.348000
14.228640
10.461600
7.610400
10.026720
12.329280
17.915040
16.333920
15.497280
10.634400
3.872160
13.063680
14.581440
18.125280
12.139200
18.443520
17.460000
10.149120
10.332000
17.871840
14.518080
13.092480
9.789120
3.300480
12.016800
16.479360
18.066240
18.764640
18.623520
19.180800
19.200960
18.214560
17.671680
17.955360
19.164960
18.164160
14.695200
12.882240
19.245600
18.756000
14.639040
11.492640
19.471680
17.316000
17.128800
19.134720
14.837760
20.895840
19.497600
20.095200
19.848960
19.946880
19.442880
19.450080
19.018080
18.282240
18.197280
18.924480
14.726880
12.656160
-99.000000
-99.000000
-99.000000
-99.000000
-99.000000
-99.000000
-99.000000
-99.000000
-99.000000
-99.000000
-99.000000
-99.000000
-99.000000
-99.000000
-99.000000
-99.000000
-99.000000
-99.000000
-99.000000
-99.000000
-99.000000
-99.000000
-99.000000
-99.000000
-99.000000
-99.000000
-99.000000
-99.000000
-99.000000
-99.000000
-99.000000
-99.000000
-99.000000
-99.000000
-99.000000
-99.000000
-99.000000
-99.000000
-99.000000
-99.000000
-99.000000
-99.000000
-99.000000
-99.000000
-99.000000
-99.000000
-99.000000
-99.000000
-99.000000
-99.000000
-99.000000
-99.000000
-99.000000
-99.000000
-99.000000
-99.000000
-99.000000
-99.000000
-99.000000
-99.000000
-99.000000
-99.000000
-99.000000
-99.000000
-99.000000
-99.000000
-99.000000
-99.000000
-99.000000
-99.000000
-99.000000
-99.000000
-99.000000
-99.000000
-99.000000
-99.000000
-99.000000
-99.000000
-99.000000
-99.000000
-99.000000
-99.000000
-99.000000
-99.000000
-99.000000
-99.000000
-99.000000
-99.000000
-99.000000
-99.000000
-99.000000
-99.000000
-99.000000
-99.000000
-99.000000
-99.000000
-99.000000
-99.000000
-99.000000
-99.000000
-99.000000
-99.000000
-99.000000
-99.000000
-99.000000
-99.000000
-99.000000
-99.000000
-99.000000
-99.000000
-99.000000
-99.000000
-99.000000
-99.000000
-99.000000
-99.000000
-99.000000
-99.000000
-99.000000
-99.000000
-99.000000
-99.000000
-99.000000
-99.000000
-99.000000
-99.000000
-99.000000
-99.000000
-99.000000
-99.000000
-99.000000
-99.000000
-99.000000
-99.000000
-99.000000
-99.000000
-99.000000
-99.000000
-99.000000
-99.000000
-99.000000
-99.000000
-99.000000
-99.000000
-99.000000
-99.000000
-99.000000
1.719360
7.711200
7.617600
5.942880
2.345760
7.603200
6.373440
6.096960
6.840000
3.159360
6.374880
3.673440
6.756480
6.783840
6.354720
6.704640
6.120000
6.300000
7.018560
7.192800
6.415200
0.516960
1.677600
6.802560
4.331520
2.880000
6.399360
7.310880
6.053760
7.715520
2.852640
7.644960
7.688160
6.376320
7.158240
6.799680
5.181120
0.443520
0.743040
1.284480
0.750240
1.265760
0.730080
1.228320
6.026400
1.480320
3.049920
5.497920
3.169440
6.196320
6.897600
3.139200
5.929920
2.766240
7.896960
6.776640
6.465600
4.775040
5.993280
8.078400
5.771520
4.582080
8.546400
7.090560
-99.000000
-99.000000
-99.000000
1.751040
4.894560
6.193440
3.304800
4.785120
1.802880
8.232480
7.901280
10.067040
10.946880
10.275840
9.761760
10.012320
9.171360
10.195200
6.900480
8.565120
8.995680
1.540800
6.644160
11.522880
11.897280
9.393120
12.670560
12.060000
12.038400
12.405600
10.458720
7.210080
0.043200
-99.000000
-99.000000
-99.000000
-99.000000
-99.000000
-99.000000
-99.000000
-99.000000
-99.000000
-99.000000
-99.000000
-99.000000
0.000000
-99.000000
-99.000000
-99.000000
-99.000000
2.188800
1.762560
4.392000
7.133760
1.431360
2.990880
0.812160
0.993600
1.252800
1.362240
0.603360
0.096480
-99.000000
-99.000000
-99.000000
-99.000000
-99.000000
-99.000000
-99.000000
-99.000000
-99.000000
-99.000000
-99.000000
-99.000000
-99.000000
-99.000000
-99.000000
-99.000000
-99.000000
-99.000000
-99.000000
-99.000000
-99.000000
-99.000000
-99.000000
20.517120
20.293920
19.049760
19.152000
20.648160
18.766080
16.490880
-99.000000
-99.000000
-99.000000
-99.000000
-99.000000
-99.000000
-99.000000
-99.000000
-99.000000
-99.000000
-99.000000
-99.000000
-99.000000
-99.000000
-99.000000
-99.000000
-99.000000
-99.000000
-99.000000
-99.000000
-99.000000
-99.000000
-99.000000
19.594080
-99.000000
4.616640
0.145440
-99.000000
-99.000000
-99.000000
-99.000000
22.469760
21.287520
23.359680
18.066240
22.996800
18.550080
11.936160
9.365760
24.170400
21.922560
8.102880
24.891840
24.124320
23.749920
22.710240
23.349600
23.408640
22.894560
23.153760
23.153760
22.644000
22.168800
13.976640
22.330080
23.281920
23.198400
22.204800
22.374720
19.386720
16.706880
23.181120
2.973600
8.953920
12.916800
17.573760
20.872800
16.011360
20.276640
8.316000
23.139360
18.610560
12.844800
-99.000000
-99.000000
0.495360
16.729920
20.000160
16.663680
12.484800
22.962240
22.448160
22.229280
21.301920
20.946240
18.485280
13.805280
22.286880
22.233600
21.971520
21.814560
19.738080
19.781280
16.079040
14.123520
11.057760
13.583520
20.139840
18.174240
15.494400
21.352320
21.769920
13.662720
14.977440
12.057120
22.377600
21.500640
20.429280
17.866080
15.238080
18.648000
19.072800
17.749440
16.045920
19.058400
15.857280
7.938720
13.138560
3.448800
16.692480
16.469280
6.982560
15.919200
18.390240
16.168320
12.438720
16.243200
9.590400
12.013920
16.964640
17.615520
17.131680
9.836640
9.466560
17.860320
15.526080
12.368160
8.195040
14.303520
16.970400
16.488000
10.386720
9.587520
10.177920
10.290240
10.473120
6.513120
14.251680
16.188480
16.323840
16.153920
15.763680
13.498560
11.999520
9.443520
10.392480
7.757280
2.197440
10.445760
12.814560
13.055040
13.593600
11.720160
9.308160
1.602720
6.111360
12.224160
9.551520
12.463200
11.944800
11.692800
11.606400
10.565280
11.095200
10.755360
9.597600
5.122080
7.827840
11.337120
7.581600
8.265600
9.681120
10.343520
5.885280
8.956800
6.588000
5.457600
8.822880
7.826400
7.168320
7.683840
8.449920
6.920640
9.073440
7.269120
8.065440
8.187840
6.816960
3.962880
6.780960
4.134240
2.070720
7.761600
5.747040
7.486560
5.780160
1.461600
5.145120
5.657760
2.334240
0.767520
2.517120
7.336800
5.787360
4.240800
4.822560
6.508800
1.628640
6.615360
5.616000
6.649920
5.048640
6.304320
6.081120
3.539520
4.862880
1.301760
3.016800
5.431680
5.484960
1.310400
5.685120
5.414400
2.682720
2.633760
1.206720
3.576960
1.818720
5.296320
5.071680
5.518080
6.239520
4.345920
0.851040
6.467040
5.365440
1.441440
6.579360
4.808160
5.109120
5.677920
2.946240
3.114720
2.590560
3.286080
1.262880
5.081760
6.199200
7.477920
7.378560
7.401600
6.590880
8.058240
7.642080
6.240960
5.149440
3.288960
6.560640
8.114400
8.075520
8.540640
8.445600
8.621280
3.254400
8.310240
8.599680
8.036640
8.406720
9.194400
9.090720
8.665920
9.021600
5.652000
8.640000
8.249760
6.996960
9.182880
9.295200
9.977760
8.102880
1.409760
0.960480
2.296800
2.473920
11.105280
9.237600
10.962720
1.512000
2.112480
6.253920
3.408480
5.952960
5.047200
1.110240
2.244960
7.227360
11.191680
10.768320
9.603360
11.077920
13.246560
5.732640
10.584000
12.948480
12.144960
13.191840
12.352320
13.973760
14.006880
13.596480
13.016160
7.682400
14.735520
15.943680
15.459840
15.523200
15.696000
15.186240
11.733120
15.543360
4.646880
8.776800
13.606560
10.213920
3.886560
10.382400
6.773760
13.590720
16.110720
7.450560
19.139040
18.362880
18.861120
19.044000
15.477120
6.166080
10.751040
19.308960
13.361760
10.334880
18.977760
1.460160
13.177440
11.587680
15.720480
12.365280
10.329120
11.131200
19.689120
16.548480
18.709920
16.659360
19.307520
10.791360
20.263680
20.920320
16.742880
14.451840
17.948160
13.773600
21.385440
18.997920
11.648160
4.704480
3.510720
14.420160
20.314080
21.869280
17.307360
17.712000
17.323200
21.098880
19.369440
8.606880
17.233920
20.419200
19.016640
23.114880
21.372480
21.080160
22.940640
14.006880
10.195200
12.808800
21.483360
20.128320
13.615200
22.639680
21.906720
21.767040
19.261440
14.882400
21.142080
10.740960
20.115360
22.556160
18.233280
20.895840
21.899520
22.913280
22.862880
23.232960
21.398400
18.574560
11.374560
18.159840
20.599200
23.891040
23.637600
23.656320
23.332320
20.869920
16.328160
17.766720
20.321280
16.260480
15.056640
18.214560
21.841920
24.530400
13.112640
11.746080
21.935520
13.373280
15.932160
17.516160
19.507680
9.637920
22.232160
21.892320
22.010400
21.728160
1.621440
20.033280
23.882400
18.771840
17.032320
21.542400
11.642400
20.913120
20.124000
15.364800
16.331040
17.671680
20.423520
19.078560
15.949440
22.000320
20.962080
21.271680
20.517120
21.700800
21.286080
21.313440
20.910240
21.083040
19.098720
18.946080
18.640800
19.393920
19.277280
18.403200
19.774080
18.717120
17.052480
15.240960
9.576000
17.853120
19.874880
18.619200
13.576320
14.519520
17.897760
15.282720
19.091520
17.658720
18.231840
10.139040
19.124640
19.355040
9.344160
11.106720
10.588320
11.024640
7.999200
15.436800
12.696480
5.800320
13.962240
15.793920
18.190080
16.017120
17.526240
15.124320
16.024320
13.811040
16.630560
16.502400
16.032960
14.817600
15.166080
13.407840
8.134560
12.045600
15.472800
4.396320
11.571840
3.987360
12.022560
7.344000
2.786400
12.916800
11.244960
13.682880
10.897920
11.088000
9.493920
14.042880
11.689920
12.880800
12.736800
10.156320
5.302080
6.589440
7.238880
1.807200
5.456160
2.164320
3.365280
2.289600
11.570400
7.215840
4.927680
12.067200
7.041600
8.801280
1.054080
3.432960
5.610240
8.068320
7.277760
1.457280
8.579520
9.902880
10.203840
9.531360
9.112320
5.970240
8.550720
3.709440
3.428640
3.924000
3.575520
4.808160
6.048000
4.691520
2.298240
2.815200
5.496480
7.503840
5.349600
5.657760
6.537600
2.532960
2.881440
7.822080
5.603040
6.910560
7.560000
7.191360
4.988160
4.258080
1.091520
6.174720
3.689280
4.746240
4.309920
5.378400
4.756320
4.533120
3.761280
6.442560
5.853600
5.833440
6.343200
4.633920
6.837120
6.482880
3.911040
3.139200
3.026880
4.970880
3.199680
6.865920
5.783040
4.802400
3.564000
6.583680
4.337280
1.425600
4.232160
6.727680
6.816960
3.373920
6.870240
7.269120
7.021440
7.277760
6.791040
5.623200
6.262560
3.889440
7.251840
5.633280
4.253760
3.579840
2.982240
7.810560
7.211520
7.423200
5.718240
8.303040
4.468320
7.590240
6.785280
7.251840
1.476000
7.261920
7.179840
5.221440
9.074880
8.991360
5.856480
5.469120
7.653600
8.890560
9.139680
9.362880
9.443520
9.529920
7.692480
7.110720
8.923680
10.091520
10.116000
9.923040
9.902880
8.339040
4.692960
1.536480
10.566720
5.728320
11.361600
2.606400
2.435040
12.149280
11.727360
2.196000
1.840320
2.756160
9.095040
12.349440
7.172640
13.248000
13.271040
12.536640
11.321280
6.027840
7.817760
14.571360
11.809440
13.554720
5.961600
12.699360
7.297920
3.456000
9.292320
10.510560
12.277440
13.508640
6.802560
12.852000
12.110400
14.273280
13.770720
14.948640
16.050240
16.920000
14.703840
2.831040
11.148480
2.748960
5.312160
6.890400
13.691520
9.794880
18.041760
17.707680
17.517600
18.272160
9.414720
1.716480
17.805600
13.636800
19.169280
11.904480
19.584000
7.803360
14.883840
3.631680
8.110080
12.078720
20.321280
19.716480
14.784480
2.544480
17.487360
20.802240
20.498400
18.946080
20.625120
7.752960
3.489120
13.785120
8.507520
8.412480
0.980640
15.789600
20.612160
22.577760
21.385440
22.955040
20.073600
7.751520
3.130560
11.486880
21.602880
14.680800
19.357920
20.721600
20.986560
17.461440
22.171680
23.156640
21.984480
16.244640
17.615520
19.247040
18.799200
17.791200
18.753120
19.033920
21.576960
12.970080
16.413120
19.216800
23.152320
23.571360
22.210560
21.674880
22.728960
20.472480
21.790080
21.991680
22.104000
18.878400
18.887040
17.615520
20.125440
16.585920
18.267840
23.503680
23.024160
8.419680
17.033760
11.940480
18.390240
21.204000
18.627840
19.844640
22.073760
23.277600
19.785600
21.700800
21.859200
20.736000
-99.000000
-99.000000
-99.000000
1.131840
7.277760
20.570400
24.111360
23.264640
17.337600
11.187360
19.162080
23.028480
20.243520
20.783520
18.047520
19.478880
20.743200
19.101600
14.561280
17.354880
20.736000
14.762880
19.257120
20.776320
17.735040
21.162240
20.468160
14.819040
18.017280
20.278080
15.688800
4.220640
16.842240
10.704960
19.321920
19.283040
16.572960
19.817280
18.901440
17.032320
21.193920
20.990880
19.048320
19.699200
18.701280
16.596000
9.684000
19.392480
18.377280
14.277600
20.643840
14.728320
11.740320
15.916320
18.779040
19.635840
17.555040
13.080960
8.389440
9.436320
5.281920
12.814560
9.803520
9.305280
13.497120
9.231840
13.963680
13.216320
13.498560
14.744160
14.627520
13.240800
12.820320
11.306880
8.277120
11.044800
16.754400
16.220160
15.559200
12.751200
8.841600
14.749920
8.972640
15.965280
14.721120
16.401600
15.661440
14.531040
13.870080
12.892320
11.903040
12.718080
11.096640
12.185280
12.974400
12.080160
11.577600
11.292480
7.909920
10.332000
13.692960
12.913920
7.797600
12.543840
11.953440
8.962560
9.696960
11.217600
7.621920
8.472960
8.998560
8.112960
10.847520
10.895040
9.266400
2.270880
9.257760
2.836800
8.992800
8.246880
8.889120
6.268320
4.059360
9.004320
4.246560
6.105600
4.559040
5.873760
7.770240
8.327520
8.039520
7.794720
7.526880
7.074720
9.198720
9.216000
8.422560
8.622720
8.294400
8.382240
7.113600
7.794720
6.540480
4.871520
4.789440
1.640160
6.006240
5.597280
6.838560
6.125760
2.099520
6.066720
4.343040
6.950880
6.559200
2.126880
3.686400
2.537280
2.082240
5.601600
2.023200
3.438720
6.282720
4.584960
6.128640
4.528800
4.870080
3.628800
6.078240
6.827040
6.412320
6.730560
5.087520
6.498720
5.806080
3.998880
1.663200
5.834880
6.112800
1.887840
6.996960
6.616800
5.211360
6.658560
3.864960
6.500160
7.045920
5.794560
7.195680
7.146720
7.201440
7.316640
3.945600
6.291360
3.597120
7.325280
7.914240
7.434720
4.292640
4.096800
4.187520
7.696800
7.737120
7.899840
7.493760
7.054560
8.146080
8.694720
8.313120
8.415360
5.916960
8.506080
9.005760
8.864640
8.969760
9.090720
9.469440
9.030240
8.395200
3.545280
2.335680
4.764960
4.963680
9.541440
10.352160
8.386560
10.725120
10.222560
11.694240
11.266560
11.244960
11.319840
11.131200
9.169920
12.392640
4.364640
10.049760
9.495360
7.155360
12.288960
13.390560
9.120960
11.691360
6.469920
13.724640
12.761280
13.481280
11.616480
14.653440
14.400000
14.520960
13.561920
2.783520
12.931200
13.777920
12.520800
9.766080
10.758240
14.307840
15.438240
15.727680
13.802400
5.711040
10.758240
7.627680
15.468480
8.614080
8.173440
16.889760
15.716160
15.926400
17.199360
18.128160
11.525760
4.584960
8.975520
13.392000
8.651520
16.630560
14.866560
7.758720
19.971360
19.958400
16.698240
18.469440
18.185760
14.518080
11.905920
14.440320
18.519840
18.272160
20.207520
18.162720
10.051200
8.369280
16.377120
11.792160
21.422880
20.170080
20.789280
21.024000
19.429920
20.525760
18.591840
7.591680
12.684960
15.431040
18.296640
22.174560
21.826080
21.725280
16.655040
13.746240
16.958880
17.395200
15.333120
22.125600
19.249920
19.108800
5.790240
23.225760
22.603680
22.011840
18.614880
17.735040
23.670720
22.044960
22.960800
23.333760
23.266080
22.438080
19.982880
10.205280
11.069280
15.668640
21.849120
20.386080
19.982880
22.295520
21.621600
21.150720
20.109600
22.178880
18.044640
16.264800
15.935040
9.213120
15.012000
18.449280
19.333440
20.325600
21.398400
21.297600
18.630720
16.007040
20.643840
20.482560
11.031840
22.237920
22.004640
15.419520
7.909920
22.645440
16.261920
21.425760
21.425760
20.842560
13.888800
23.207040
22.764960
19.473120
17.976960
12.453120
17.233920
22.464000
21.625920
22.093920
22.227840
21.045600
21.574080
17.327520
21.936960
22.720320
21.335040
21.211200
21.170880
18.888480
19.772640
15.497280
19.036800
20.710080
15.549120
18.684000
13.079520
11.262240
4.838400
15.226560
21.463200
21.437280
20.463840
20.354400
19.298880
15.180480
14.767200
12.352320
10.622880
20.211840
18.730080
18.995040
19.320480
13.160160
12.929760
12.191040
9.436320
18.371520
19.213920
19.625760
19.429920
17.484480
18.116640
13.500000
6.397920
15.003360
15.533280
16.968960
17.385120
15.847200
16.932960
17.147520
16.060320
8.313120
7.004160
3.211200
7.564320
14.980320
15.609600
17.000640
15.747840
13.881600
15.058080
15.534720
15.040800
4.821120
16.424640
14.739840
15.422400
15.045120
14.339520
11.698560
11.751840
7.280640
7.171200
12.119040
10.938240
9.951840
13.003200
12.693600
13.906080
12.382560
13.263840
10.994400
6.367680
10.673280
11.206080
10.195200
5.336640
2.260800
3.504960
2.403360
2.632320
5.228640
9.807840
9.393120
2.410560
10.749600
8.874720
9.646560
9.982080
5.760000
10.067040
7.165440
3.696480
6.393600
6.684480
7.489440
7.924320
3.467520
7.031520
8.186400
7.657920
3.500640
7.776000
9.249120
8.886240
7.305120
1.519200
2.089440
2.069280
1.807200
2.279520
4.502880
3.280320
7.701120
7.637760
4.502880
5.454720
3.369600
4.613760
3.173760
2.062080
7.293600
2.296800
6.708960
4.263840
6.913440
5.987520
6.942240
4.907520
1.000800
6.799680
5.114880
6.714720
6.276960
6.690240
2.076480
6.351840
6.487200
6.294240
1.897920
2.737440
6.029280
5.607360
6.153120
6.157440
1.971360
6.259680
6.168960
6.239520
6.148800
6.357600
5.264640
4.934880
4.572000
3.908160
6.328800
6.423840
2.698560
3.159360
5.836320
6.472800
6.541920
6.046560
0.669600
2.435040
0.427680
2.710080
3.638880
2.708640
1.137600
5.636160
5.855040
6.926400
1.402560
1.321920
4.949280
4.923360
6.719040
6.661440
3.697920
3.083040
7.518240
5.428800
4.677120
6.520320
1.046880
1.067040
3.366720
2.891520
5.188320
8.114400
8.737920
8.233920
2.021760
7.485120
9.116640
9.172800
9.659520
9.198720
7.244640
5.124960
7.583040
8.897760
7.761600
7.921440
6.903360
10.935360
9.760320
7.776000
10.787040
7.652160
5.819040
8.049600
5.508000
11.823840
1.689120
11.976480
12.576960
11.244960
13.027680
10.412640
5.747040
4.812480
14.071680
13.083840
9.646560
9.145440
13.841280
14.438880
14.335200
1.818720
9.809280
10.738080
7.253280
5.450400
3.244320
4.044960
10.036800
12.345120
14.578560
12.957120
15.222240
15.063840
13.815360
11.291040
17.350560
13.014720
14.797440
14.952960
12.952800
17.352000
12.643200
14.896800
17.861760
10.848960
9.308160
9.685440
14.073120
15.121440
19.343520
18.292320
18.374400
14.159520
11.646720
13.291200
1.632960
19.576800
15.963840
9.997920
8.625600
16.584480
8.732160
16.542720
17.791200
17.493120
9.696960
14.500800
22.563360
21.096000
21.228480
18.882720
11.141280
11.370240
11.724480
20.119680
17.206560
16.927200
22.232160
13.985280
20.184480
19.537920
17.457120
22.216320
21.509280
20.695680
20.373120
13.259520
22.665600
17.373600
22.007520
20.138400
15.488640
25.093440
23.876640
23.407200
23.088960
23.477760
23.369760
19.404000
21.188160
24.901920
22.364640
25.195680
25.110720
24.397920
24.805440
23.136480
22.451040
18.809280
16.032960
24.887520
5.215680
22.577760
22.119840
18.888480
14.228640
21.998880
18.908640
10.671840
10.290240
17.893440
18.753120
20.033280
20.131200
20.350080
22.623840
17.029440
17.664480
23.346720
21.651840
21.314880
23.721120
22.160160
22.374720
18.370080
22.824000
23.484960
20.806560
17.403840
22.268160
18.502560
15.131520
10.882080
17.079840
18.724320
19.401120
18.449280
22.733280
19.735200
21.227040
23.261760
19.287360
22.478400
20.737440
21.852000
22.471200
15.030720
18.368640
23.028480
21.055680
21.301920
20.095200
21.702240
18.735840
22.769280
22.047840
21.252960
22.286880
16.826400
21.623040
15.114240
19.843200
17.418240
17.838720
18.542880
7.015680
18.100800
12.831840
17.796960
21.715200
18.113760
21.569760
19.788480
18.511200
10.648800
18.334080
18.936000
20.355840
19.202400
19.736640
13.386240
18.480960
18.123840
6.461280
17.261280
17.704800
17.223840
14.860800
12.795840
15.534720
16.786080
16.534080
14.680800
12.188160
9.914400
4.767840
17.471520
11.518560
16.862400
15.549120
15.516000
15.181920
10.990080
6.236640
1.880640
9.318240
14.932800
12.971520
15.484320
12.159360
11.691360
12.391200
13.625280
12.052800
12.824640
11.507040
14.279040
13.262400
12.965760
5.533920
3.634560
7.496640
4.415040
4.305600
9.427680
12.368160
10.732320
8.717760
6.490080
2.992320
5.130720
6.924960
10.271520
7.793280
3.450240
10.123200
6.312960
8.058240
8.457120
9.342720
6.736320
9.155520
8.320320
3.892320
5.879520
2.797920
4.972320
3.954240
9.210240
5.163840
4.135680
7.659360
6.356160
2.648160
4.682880
8.087040
-99.000000
-99.000000
-99.000000
-99.000000
-99.000000
-99.000000
-99.000000
-99.000000
-99.000000
6.955200
6.883200
3.565440
4.952160
7.647840
-99.000000
-99.000000
-99.000000
1.033920
3.065760
6.204960
6.736320
6.516000
0.495360
5.500800
3.317760
7.208640
6.069600
5.618880
6.842880
6.713280
6.844320
2.314080
6.423840
5.163840
2.295360
6.818400
3.854880
6.773760
4.380480
4.544640
3.741120
6.890400
6.917760
6.821280
6.471360
6.955200
6.660000
6.700320
-99.000000
-99.000000
-99.000000
-99.000000
-99.000000
-99.000000
-99.000000
-99.000000
-99.000000
-99.000000
-99.000000
-99.000000
-99.000000
-99.000000
-99.000000
-99.000000
-99.000000
-99.000000
-99.000000
-99.000000
-99.000000
-99.000000
-99.000000
-99.000000
-99.000000
-99.000000
-99.000000
-99.000000
-99.000000
-99.000000
-99.000000
-99.000000
-99.000000
-99.000000
-99.000000
-99.000000
-99.000000
-99.000000
-99.000000
-99.000000
-99.000000
-99.000000
-99.000000
-99.000000
-99.000000
-99.000000
-99.000000
-99.000000
-99.000000
-99.000000
-99.000000
-99.000000
-99.000000
-99.000000
-99.000000
-99.000000
-99.000000
-99.000000
-99.000000
-99.000000
-99.000000
-99.000000
-99.000000
-99.000000
-99.000000
-99.000000
-99.000000
-99.000000
-99.000000
-99.000000
-99.000000
-99.000000
-99.000000
-99.000000
-99.000000
-99.000000
-99.000000
-99.000000
-99.000000
-99.000000
-99.000000
-99.000000
-99.000000
-99.000000
-99.000000
-99.000000
-99.000000
-99.000000
-99.000000
-99.000000
-99.000000
-99.000000
-99.000000
-99.000000
-99.000000
-99.000000
-99.000000
-99.000000
-99.000000
-99.000000
-99.000000
-99.000000
-99.000000
-99.000000
-99.000000
-99.000000
-99.000000
-99.000000
-99.000000
-99.000000
-99.000000
-99.000000
-99.000000
-99.000000
-99.000000
-99.000000
-99.000000
-99.000000
-99.000000
-99.000000
-99.000000
-99.000000
-99.000000
-99.000000
-99.000000
-99.000000
-99.000000
-99.000000
-99.000000
-99.000000
-99.000000
-99.000000
-99.000000
-99.000000
-99.000000
-99.000000
-99.000000
-99.000000
-99.000000
-99.000000
-99.000000
-99.000000
-99.000000
-99.000000
-99.000000
-99.000000
-99.000000
-99.000000
-99.000000
-99.000000
-99.000000
-99.000000
-99.000000
-99.000000
-99.000000
-99.000000
-99.000000
-99.000000
-99.000000
-99.000000
-99.000000
-99.000000
-99.000000
-99.000000
-99.000000
-99.000000
-99.000000
-99.000000
-99.000000
-99.000000
-99.000000
-99.000000
-99.000000
-99.000000
-99.000000
-99.000000
-99.000000
-99.000000
-99.000000
-99.000000
-99.000000
-99.000000
-99.000000
-99.000000
-99.000000
-99.000000
-99.000000
-99.000000
-99.000000
-99.000000
-99.000000
-99.000000
-99.000000
-99.000000
-99.000000
-99.000000
-99.000000
-99.000000
-99.000000
-99.000000
-99.000000
-99.000000
-99.000000
-99.000000
-99.000000
-99.000000
-99.000000
-99.000000
-99.000000
-99.000000
-99.000000
-99.000000
-99.000000
-99.000000
-99.000000
-99.000000
-99.000000
-99.000000
-99.000000
-99.000000
-99.000000
-99.000000
-99.000000
-99.000000
-99.000000
-99.000000
-99.000000
-99.000000
-99.000000
-99.000000
-99.000000
-99.000000
-99.000000
-99.000000
-99.000000
-99.000000
-99.000000
-99.000000
-99.000000
-99.000000
-99.000000
-99.000000
-99.000000
-99.000000
-99.000000
-99.000000
-99.000000
-99.000000
-99.000000
-99.000000
-99.000000
-99.000000
-99.000000
-99.000000
-99.000000
-99.000000
-99.000000
-99.000000
-99.000000
-99.000000
-99.000000
-99.000000
-99.000000
-99.000000
-99.000000
-99.000000
-99.000000
-99.000000
-99.000000
-99.000000
-99.000000
-99.000000
-99.000000
-99.000000
-99.000000
-99.000000
-99.000000
-99.000000
-99.000000
-99.000000
-99.000000
-99.000000
-99.000000
-99.000000
-99.000000
-99.000000
-99.000000
-99.000000
-99.000000
-99.000000
-99.000000
-99.000000
-99.000000
-99.000000
-99.000000
-99.000000
-99.000000
-99.000000
-99.000000
-99.000000
-99.000000
-99.000000
-99.000000
-99.000000
-99.000000
-99.000000
-99.000000
-99.000000
-99.000000
-99.000000
-99.000000
-99.000000
-99.000000
-99.000000
-99.000000
-99.000000
-99.000000
-99.000000
-99.000000
-99.000000
-99.000000
-99.000000
-99.000000
-99.000000
-99.000000
-99.000000
-99.000000
-99.000000
-99.000000
-99.000000
-99.000000
-99.000000
-99.000000
-99.000000
-99.000000
-99.000000
-99.000000
-99.000000
-99.000000
-99.000000
-99.000000
-99.000000
-99.000000
-99.000000
-99.000000
-99.000000
-99.000000
-99.000000
-99.000000
-99.000000
-99.000000
-99.000000
-99.000000
1.923840
1.133280
-99.000000
-99.000000
-99.000000
-99.000000
-99.000000
7.204320
7.128000
-99.000000
-99.000000
6.880320
7.542720
4.890240
1.782720
5.690880
5.320800
6.596640
6.210720
2.033280
4.504320
2.685600
6.770880
7.493760
7.538400
3.728160
5.862240
3.735360
7.493760
7.649280
5.351040
6.343200
8.431200
7.433280
8.267040
6.851520
5.965920
7.748640
8.943840
9.290880
8.506080
9.243360
8.650080
4.469760
3.876480
5.518080
10.072800
10.140480
10.308960
10.211040
10.319040
9.724320
10.908000
6.311520
6.202080
9.519840
3.777120
10.764000
10.221120
8.148960
1.906560
1.941120
3.238560
9.181440
12.156480
12.108960
10.271520
3.795840
6.455520
8.719200
8.020800
9.228960
10.504800
0.000000
10.018080
10.296000
15.429600
15.143040
12.589920
15.289920
9.594720
8.125920
14.747040
9.734400
14.837760
14.340960
9.743040
15.433920
13.445280
6.418080
8.575200
17.688960
14.012640
16.248960
16.473600
14.548320
17.886240
11.972160
8.153280
14.459040
13.036320
12.947040
18.169920
19.581120
16.153920
19.776960
16.452000
19.333440
19.267200
2.761920
12.132000
8.236800
14.582880
6.602400
20.894400
19.452960
20.237760
21.261600
16.572960
10.611360
8.002080
16.764480
4.527360
18.391680
22.422240
16.796160
21.744000
20.626560
21.592800
19.527840
8.066880
22.089600
21.065760
22.835520
22.026240
22.409280
22.494240
11.669760
21.123360
20.759040
16.689600
2.917440
4.530240
12.864960
-99.000000
22.377600
8.199360
9.334080
8.003520
9.024480
21.324960
7.796160
22.620960
21.408480
12.955680
14.070240
10.988640
2.593440
15.465600
9.289440
12.206880
24.037920
17.373600
7.644960
12.670560
15.117120
23.646240
25.231680
18.384480
24.757920
21.525120
21.892320
18.067680
9.868320
14.160960
24.256800
20.399040
8.244000
12.716640
14.346720
16.908480
25.646400
24.583680
23.882400
24.684480
25.486560
22.910400
13.599360
22.036320
23.700960
19.039680
24.602400
24.120000
22.754880
23.173920
20.488320
18.082080
22.618080
23.542560
21.192480
15.749280
15.793920
21.623040
6.511680
-99.000000
-99.000000
-99.000000
23.824800
23.248800
17.076960
18.041760
21.142080
22.998240
20.141280
18.846720
23.832000
23.104800
20.496960
21.052800
18.069120
22.285440
20.669760
18.267840
22.229280
22.201920
20.141280
22.361760
21.108960
21.022560
19.955520
20.966400
16.162560
21.908160
21.741120
19.601280
15.321600
20.365920
13.704480
11.341440
22.010400
15.739200
13.286880
19.568160
19.501920
8.735040
16.011360
15.419520
5.016960
19.128960
13.423680
15.285600
18.439200
18.843840
18.812160
18.342720
11.571840
17.907840
15.347520
14.919840
15.336000
14.256000
8.285760
14.361120
16.793280
9.493920
14.160960
11.806560
12.818880
17.997120
17.886240
17.939520
16.843680
9.439200
9.914400
14.508000
14.948640
12.114720
2.790720
3.706560
7.528320
15.701760
8.929440
14.562720
13.976640
14.453280
14.195520
14.402880
14.680800
14.680800
13.502880
14.745600
14.009760
11.243520
7.300800
4.652640
13.000320
10.350720
3.866400
6.164640
8.199360
10.188000
10.676160
8.802720
1.740960
9.573120
7.879680
10.215360
5.097600
4.540320
9.732960
10.330560
10.896480
10.676160
0.684000
1.098720
4.488480
3.235680
5.018400
2.855520
10.074240
8.975520
6.806880
6.467040
7.565760
7.228800
7.937280
8.534880
4.451040
1.693440
9.161280
9.246240
8.992800
8.972640
8.752320
3.713760
8.254080
6.752160
8.193600
4.530240
7.886880
7.158240
8.274240
8.632800
4.019040
7.745760
4.173120
5.945760
7.326720
7.439040
4.553280
3.672000
7.175520
5.509440
2.429280
1.591200
2.874240
6.094080
7.620480
7.228800
4.898880
3.123360
3.386880
3.179520
6.066720
6.812640
6.046560
4.897440
7.395840
7.483680
7.426080
7.305120
7.316640
1.143360
1.581120
1.346400
-99.000000
-99.000000
-99.000000
-99.000000
-99.000000
-99.000000
-99.000000
-99.000000
-99.000000
-99.000000
5.798880
2.514240
4.127040
6.526080
7.470720
6.768000
5.637600
8.179200
6.612480
7.803360
7.598880
5.708160
8.477280
8.805600
5.952960
5.184000
6.878880
7.997760
7.297920
8.808480
7.104960
8.468640
3.006720
1.679040
1.801440
4.008960
6.507360
9.580320
3.623040
5.525280
8.262720
9.397440
8.043840
8.992800
6.207840
10.303200
11.147040
11.223360
2.736000
7.516800
10.628640
11.138400
11.370240
7.254720
9.652320
11.810880
12.048480
11.535840
8.264160
11.435040
12.739680
5.240160
2.587680
6.629760
3.617280
4.386240
11.697120
14.748480
14.682240
14.778720
13.291200
14.772960
10.929600
11.388960
14.421600
14.340960
14.768640
16.240320
16.653600
16.372800
16.529760
16.817760
11.738880
14.731200
18.036000
15.965280
18.367200
18.197280
17.700480
3.205440
10.778400
7.345440
3.702240
8.749440
4.782240
15.063840
14.222880
17.943840
15.579360
2.996640
6.291360
18.878400
4.671360
16.051680
7.326720
19.405440
20.082240
11.450880
17.350560
20.272320
19.189440
16.364160
17.943840
20.345760
21.358080
22.584960
20.861280
18.072000
11.282400
22.451040
20.388960
23.227200
17.373600
18.190080
23.554080
22.472640
21.650400
23.345280
23.395680
21.205440
18.515520
16.702560
19.512000
13.803840
21.100320
10.291680
7.732800
22.966560
24.265440
22.563360
21.355200
23.919840
20.449440
20.387520
9.534240
13.367520
12.448800
20.698560
24.016320
24.660000
23.146560
24.150240
24.120000
22.030560
23.225760
23.898240
23.683680
18.144000
6.845760
23.065920
18.794880
15.357600
23.391360
23.679360
24.256800
24.634080
23.006880
19.059840
15.325920
17.663040
23.479200
22.932000
14.410080
16.686720
24.746400
24.910560
20.878560
21.551040
16.649280
17.896320
21.876480
21.283200
21.709440
22.268160
22.357440
22.692960
23.103360
23.653440
22.439520
16.778880
14.139360
6.114240
3.283200
19.991520
17.281440
22.485600
23.322240
20.492640
22.207680
22.563360
20.679840
24.825600
23.303520
21.180960
21.356640
18.771840
22.312800
22.770720
23.021280
22.492800
18.554400
21.781440
21.653280
21.597120
21.260160
15.176160
21.185280
13.762080
20.962080
21.261600
21.142080
18.211680
14.663520
10.081440
18.122400
20.472480
20.270880
20.314080
19.542240
17.585280
20.623680
20.239200
19.627200
20.688480
19.968480
19.412640
18.925920
18.347040
18.300960
7.626240
17.487360
19.028160
17.988480
18.743040
18.224640
13.932000
13.448160
11.986560
13.250880
14.595840
9.486720
18.015840
16.797600
15.942240
17.464320
17.218080
15.734880
11.151360
14.198400
11.894400
3.936960
13.010400
11.291040
14.044320
14.801760
14.484960
13.721760
9.704160
9.277920
15.609600
14.640480
12.061440
13.674240
8.706240
13.813920
10.804320
10.209600
14.355360
13.577760
13.731840
12.957120
13.344480
10.104480
11.077920
10.769760
11.783520
13.380480
12.055680
13.390560
12.276000
10.801440
12.924000
12.903840
12.555360
7.295040
1.703520
6.959520
1.434240
11.423520
11.548800
6.544800
7.021440
8.418240
9.479520
7.967520
10.056960
5.836320
6.490080
5.541120
9.855360
8.097120
8.889120
10.019520
7.908480
8.076960
7.824960
7.552800
4.445280
6.127200
6.982560
6.721920
8.323200
8.382240
6.226560
6.985440
4.204800
5.797440
5.607360
6.469920
7.820640
7.475040
7.498080
7.050240
3.785760
7.894080
2.265120
5.682240
7.552800
6.386400
3.084480
4.919040
7.333920
6.739200
4.269600
6.991200
6.367680
6.825600
6.772320
3.823200
1.152000
1.349280
2.959200
4.716000
2.086560
6.582240
7.652160
7.449120
0.702720
0.097920
-99.000000
-99.000000
-99.000000
-99.000000
-99.000000
3.633120
2.998080
4.733280
4.799520
7.555680
2.737440
5.160960
2.193120
1.270080
7.590240
1.048320
1.607040
6.475680
7.770240
7.032960
3.813120
7.600320
2.247840
8.143200
5.673600
1.925280
3.039840
1.729440
5.015520
8.151840
8.540640
4.016160
4.596480
1.297440
8.821440
5.487840
8.039520
6.805440
9.260640
6.210720
10.192320
8.261280
10.344960
2.700000
8.907840
10.252800
10.549440
2.545920
2.332800
11.380320
10.872000
11.106720
10.536480
11.468160
3.726720
2.276640
4.697280
10.188000
6.691680
12.803040
3.265920
4.897440
8.552160
13.291200
5.925600
13.632480
2.953440
8.095680
13.027680
10.884960
1.491840
10.441440
11.337120
13.541760
4.350240
1.265760
14.689440
16.194240
15.242400
8.017920
14.829120
15.837120
15.675840
14.690880
14.801760
12.098880
11.374560
11.112480
5.600160
6.968160
9.997920
3.215520
4.821120
18.223200
18.119520
15.955200
15.167520
18.090720
18.244800
16.328160
15.991200
16.120800
17.357760
18.221760
14.711040
3.142080
15.228000
15.451200
18.869760
19.739520
3.322080
7.022880
7.254720
6.834240
14.562720
15.216480
10.543680
16.695360
19.213920
17.791200
7.403040
11.730240
18.624960
17.144640
17.641440
21.083040
21.654720
20.142720
18.080640
11.291040
18.243360
2.175840
9.233280
17.084160
14.109120
14.911200
17.226720
10.751040
18.096480
21.349440
9.596160
15.806880
8.615520
22.194720
24.107040
24.019200
23.133600
22.618080
23.279040
23.371200
19.720800
22.548960
24.298560
23.340960
23.434560
20.124000
8.769600
23.027040
21.100320
18.704160
19.814400
19.730880
23.312160
24.076800
23.636160
8.117280
21.983040
21.288960
3.273120
19.003680
8.467200
19.689120
17.187840
12.830400
17.305920
17.494560
20.806560
23.366880
20.507040
25.195680
25.459200
24.494400
23.713920
23.277600
24.242400
19.831680
22.351680
17.006400
20.495520
21.592800
23.444640
23.711040
22.060800
15.536160
23.603040
23.906880
23.136480
21.896640
19.365120
22.351680
22.404960
22.006080
23.027040
22.219200
19.018080
20.417760
18.285120
22.828320
21.032640
17.438400
20.584800
10.789920
20.782080
23.898240
23.392800
20.952000
22.864320
21.216960
20.203200
18.452160
14.047200
16.267680
12.355200
19.476000
21.738240
22.294080
21.961440
21.853440
18.764640
16.117920
19.549440
17.586720
14.607360
11.702880
17.491680
18.001440
15.973920
17.964000
19.912320
6.994080
19.987200
19.967040
20.292480
16.355520
16.711200
19.425600
19.239840
18.864000
19.756800
19.153440
16.856640
11.472480
8.104320
8.978400
16.319520
16.682400
17.478720
15.049440
12.725280
17.894880
18.171360
15.696000
16.119360
16.074720
17.755200
16.594560
14.656320
8.966880
3.166560
5.230080
16.963200
5.107680
6.999840
13.343040
8.415360
12.360960
15.726240
15.940800
15.402240
13.008960
14.569920
12.414240
9.802080
9.233280
11.013120
13.436640
13.789440
13.573440
11.453760
9.501120
10.176480
3.646080
8.284320
5.083200
4.392000
11.599200
11.676960
12.300480
12.715200
12.733920
12.434400
11.983680
8.167680
9.787680
9.797760
9.361440
11.727360
11.386080
10.893600
9.722880
8.295840
6.560640
7.662240
6.148800
10.139040
9.976320
9.509760
9.479520
8.487360
4.439520
3.456000
6.333120
8.557920
9.257760
8.611200
8.235360
7.767360
5.826240
8.844480
3.805920
8.022240
2.988000
3.363840
5.402880
7.201440
8.061120
7.824960
6.276960
8.015040
7.868160
6.528960
2.043360
2.348640
5.785920
4.453920
7.359840
7.398720
2.086560
3.808800
5.212800
4.665600
3.479040
6.572160
6.730560
6.220800
3.319200
4.639680
7.025760
7.080480
3.869280
7.368480
5.034240
6.503040
0.577440
1.468800
3.075840
6.937920
7.109280
7.308000
7.292160
6.132960
5.221440
1.964160
3.431520
2.972160
5.230080
6.288480
4.510080
3.294720
3.084480
6.122880
7.126560
5.700960
7.426080
6.749280
7.214400
6.912000
7.669440
7.414560
7.820640
7.341120
6.788160
5.101920
7.273440
8.691840
8.373600
8.760960
9.074880
8.984160
9.054720
2.672640
3.209760
9.257760
4.170240
7.338240
9.141120
9.721440
8.631360
9.702720
9.797760
10.016640
9.925920
9.339840
8.739360
8.998560
8.660160
9.473760
8.598240
3.098880
2.892960
10.464480
1.071360
11.868480
8.825760
8.786880
8.586720
10.811520
8.445600
10.340640
12.349440
9.149760
13.357440
7.659360
13.896000
10.604160
1.995840
5.572800
14.019840
13.887360
14.268960
4.147200
11.151360
13.586400
12.107520
1.572480
13.341600
2.393280
1.706400
9.015840
14.228640
16.004160
15.903360
14.558400
13.356000
10.385280
15.984000
16.390080
13.697280
13.534560
14.387040
17.350560
12.672000
12.625920
17.523360
17.167680
17.815680
9.689760
15.707520
17.573760
18.515520
18.856800
19.084320
18.724320
18.012960
18.921600
19.418400
15.886080
12.926880
16.293600
15.022080
17.246880
20.661120
12.651840
11.299680
18.440640
4.633920
9.388800
10.824480
8.458560
18.201600
21.424320
16.830720
14.169600
20.301120
18.473760
10.370880
20.243520
22.098240
17.678880
20.288160
7.591680
17.029440
21.607200
19.573920
22.610880
18.953280
17.851680
17.231040
23.849280
23.525280
23.195520
23.119200
21.859200
22.563360
23.411520
21.892320
23.457600
22.825440
23.663520
20.043360
13.577760
18.250560
21.219840
14.689440
9.192960
23.569920
13.631040
10.463040
9.933120
13.834080
23.122080
7.263360
13.841280
14.590080
11.512800
19.375200
19.630080
20.632320
24.203520
23.771520
22.530240
21.833280
20.054880
24.171840
21.340800
22.366080
24.331680
20.335680
22.315680
23.581440
24.459840
24.281280
23.767200
21.749760
23.761440
23.711040
21.499200
15.564960
12.525120
22.656960
21.768480
23.054400
23.670720
23.577120
22.803840
22.587840
10.912320
19.359360
15.491520
22.321440
21.735360
15.684480
22.904640
22.616640
23.788800
18.393120
9.970560
22.955040
20.243520
20.731680
14.417280
15.852960
18.420480
15.658560
15.351840
15.998400
16.047360
19.676160
18.089280
21.493440
15.719040
15.530400
12.009600
16.548480
22.387680
21.807360
21.074400
19.504800
16.790400
17.680320
20.309760
20.332800
20.175840
16.181280
20.224800
20.198880
20.350080
17.347680
19.552320
18.273600
17.140320
14.192640
20.352960
16.092000
15.688800
16.787520
11.936160
17.277120
14.258880
8.949600
16.361280
11.337120
16.832160
17.955360
17.383680
16.140960
16.760160
11.805120
14.912640
16.148160
14.474880
16.107840
16.021440
12.480480
5.351040
15.524640
15.903360
15.029280
14.064480
13.207680
5.444640
14.978880
14.905440
14.785920
14.675040
13.939200
14.097600
13.668480
13.841280
14.044320
13.936320
13.780800
12.569760
11.181600
13.772160
13.482720
13.279680
13.095360
13.043520
12.553920
11.250720
8.812800
7.742880
9.347040
9.940320
8.661600
9.885600
9.047520
8.606880
7.215840
5.005440
11.151360
9.252000
0.933120
1.948320
4.754880
5.893920
4.001760
6.295680
4.145760
1.595520
1.867680
4.685760
2.563200
8.850240
7.092000
8.143200
7.973280
7.466400
6.174720
4.860000
3.562560
0.954720
3.735360
3.287520
5.856480
5.346720
3.667680
4.716000
2.841120
7.552800
7.217280
7.575840
6.298560
6.917760
6.694560
5.732640
6.912000
6.985440
6.151680
4.698720
7.031520
5.546880
6.988320
6.935040
6.624000
4.177440
5.202720
5.513760
6.255360
5.245920
4.970880
5.663520
3.237120
6.857280
6.950880
6.308640
5.699520
3.405600
5.698080
6.906240
6.099840
6.850080
7.009920
5.150880
7.076160
6.593760
7.057440
6.160320
6.200640
6.498720
6.802560
6.396480
4.322880
5.879520
7.175520
6.560640
7.171200
7.217280
5.967360
5.889600
7.724160
4.017600
5.425920
2.246400
5.194080
7.521120
7.800480
7.656480
8.120160
8.010720
7.839360
8.779680
8.431200
7.528320
3.071520
3.312000
7.133760
9.234720
6.001920
1.147680
2.806560
9.459360
10.206720
2.589120
10.932480
10.748160
7.264800
10.195200
10.690560
11.211840
11.157120
11.030400
8.953920
11.456640
11.580480
9.541440
11.720160
9.633600
12.381120
12.304800
12.467520
12.866400
12.045600
11.250720
12.778560
12.283200
11.257920
11.842560
13.021920
13.357440
11.184480
8.130240
14.434560
13.576320
14.352480
15.137280
14.588640
14.980320
15.251040
15.003360
15.187680
14.891040
15.350400
15.870240
13.972320
16.492320
16.142400
11.855520
2.812320
9.396000
16.809120
16.814880
17.107200
15.383520
15.369120
17.245440
17.402400
18.169920
17.412480
17.866080
16.355520
8.203680
2.135520
5.067360
9.303840
19.196640
19.897920
16.953120
6.246720
19.987200
8.141760
17.481600
11.044800
16.345440
19.700640
21.247200
14.029920
18.205920
19.568160
16.728480
20.803680
10.802880
22.057920
17.367840
20.617920
8.640000
9.930240
21.229920
12.712320
18.447840
17.575200
20.790720
10.815840
20.960640
15.072480
18.450720
17.792640
22.340160
22.606560
22.790880
18.721440
18.565920
22.060800
23.169600
20.270880
5.232960
15.582240
16.427520
7.809120
16.230240
12.847680
23.866560
23.342400
23.484960
19.850400
22.692960
18.192960
22.003200
23.434560
23.096160
23.418720
22.325760
8.709120
22.947840
23.662080
20.990880
20.047680
21.489120
17.750880
18.239040
16.411680
25.377120
20.072160
20.028960
24.444000
24.429600
22.324320
21.042720
9.000000
23.938560
24.079680
21.260160
23.254560
23.389920
24.079680
23.532480
22.692960
22.488480
22.574880
19.415520
3.191040
24.685920
22.243680
23.054400
13.711680
16.086240
20.751840
18.555840
22.605120
22.291200
18.957600
23.981760
20.158560
12.751200
20.941920
23.804640
22.721760
20.266560
23.369760
22.583520
16.886880
20.610720
18.957600
20.488320
22.217760
19.674720
16.208640
17.640000
20.288160
17.664480
21.234240
22.368960
21.332160
21.486240
21.571200
17.621280
21.065760
21.540960
21.581280
20.868480
20.829600
19.244160
17.069760
18.629280
20.653920
19.715040
19.873440
19.635840
19.578240
15.628320
18.846720
18.974880
19.058400
17.720640
18.446400
18.014400
20.011680
13.703040
15.386400
14.843520
4.248000
18.897120
13.678560
17.321760
17.388000
17.622720
15.576480
17.364960
16.544160
14.140800
13.649760
15.157440
16.048800
14.225760
16.272000
17.585280
17.336160
15.035040
6.629760
6.886080
12.486240
8.398080
10.044000
14.833440
11.420640
15.590880
13.619520
6.956640
7.585920
5.647680
0.845280
12.388320
14.813280
14.287680
13.906080
12.602880
13.095360
12.594240
11.926080
11.332800
13.281120
8.979840
8.006400
6.782400
12.971520
10.726560
12.744000
11.301120
8.676000
6.347520
7.532640
3.641760
6.082560
8.903520
9.014400
9.938880
1.048320
4.943520
6.681600
11.616480
10.971360
4.734720
7.189920
10.294560
9.528480
5.849280
2.977920
9.485280
6.511680
8.033760
9.133920
2.835360
5.775840
3.790080
8.979840
3.113280
4.668480
7.031520
5.868000
1.882080
3.191040
5.277600
8.146080
3.384000
4.224960
7.539840
5.916960
4.242240
3.483360
1.463040
2.403360
6.361920
8.151840
7.960320
7.858080
6.966720
6.372000
6.791040
7.228800
5.840640
7.336800
7.269120
7.087680
5.628960
3.733920
4.556160
2.570400
5.230080
6.851520
6.096960
6.465600
2.275200
3.748320
5.015520
5.283360
6.792480
6.628320
4.294080
6.793920
5.672160
6.209280
7.005600
6.557760
6.900480
3.515040
6.665760
7.367040
6.864480
7.211520
7.246080
6.573600
7.263360
6.939360
5.274720
7.708320
6.641280
3.157920
5.791680
4.805280
2.417760
8.075520
4.073760
1.380960
7.292160
6.081120
5.857920
7.633440
6.058080
9.119520
8.210880
4.862880
9.197280
8.072640
8.913600
9.203040
8.081280
7.872480
10.049760
10.278720
9.342720
9.171360
10.764000
4.361760
10.939680
6.742080
6.012000
11.276640
11.357280
9.119520
10.111680
5.725440
6.494400
3.159360
3.487680
10.935360
7.246080
2.213280
8.900640
12.564000
5.005440
13.487040
11.551680
3.644640
2.517120
12.774240
12.647520
3.618720
1.686240
3.918240
11.285280
13.394880
14.058720
14.978880
12.774240
13.272480
2.108160
16.248960
16.440480
9.021600
4.983840
16.585920
15.212160
15.052320
15.719040
15.341760
11.165760
11.841120
16.469280
14.113440
6.986880
14.299200
7.231680
16.908480
17.575200
10.631520
18.144000
17.493120
9.138240
5.601600
14.529600
17.256960
13.770720
18.360000
17.385120
16.231680
20.052000
19.883520
20.809440
18.020160
18.102240
20.196000
20.638080
11.486880
21.515040
21.614400
19.645920
21.264480
21.663360
4.456800
9.110880
6.220800
2.010240
1.788480
16.515360
19.369440
20.070720
20.512800
18.931680
20.577600
22.799520
20.419200
14.813280
10.638720
22.259520
23.489280
23.804640
23.408640
4.943520
3.778560
16.081920
21.481920
15.562080
16.148160
11.736000
13.770720
23.058720
24.416640
24.628320
24.988320
19.056960
13.920480
14.964480
23.159520
18.120960
17.874720
22.638240
24.452640
24.694560
21.984480
20.685600
22.907520
21.160800
15.029280
12.584160
20.907360
22.920480
24.022080
18.881280
23.448960
24.245280
23.257440
18.174240
8.827200
18.707040
21.958560
14.392800
25.276320
13.167360
24.674400
24.622560
22.593600
22.687200
21.955680
24.239520
23.709600
24.004800
22.619520
20.043360
24.052320
23.490720
23.863680
23.677920
19.175040
23.113440
21.330720
16.112160
23.031360
20.003040
19.451520
23.028480
21.185280
14.951520
16.598880
20.262240
20.900160
20.903040
18.511200
18.165600
22.347360
22.142880
19.824480
20.887200
21.516480
23.732640
22.642560
22.574880
22.891680
21.097440
11.295360
21.650400
20.996640
19.513440
8.390880
20.468160
22.501440
21.515040
21.602880
19.863360
19.565280
20.167200
18.838080
19.730880
11.112480
17.906400
18.394560
20.751840
17.749440
17.576640
18.561600
15.040800
19.645920
7.860960
15.536160
9.450720
14.012640
10.656000
18.394560
18.547200
14.267520
18.673920
18.414720
18.493920
14.076000
2.704320
12.152160
17.075520
17.390880
12.029760
16.619040
17.223840
15.436800
15.134400
17.213760
16.410240
17.066880
16.287840
16.310880
16.122240
15.461280
14.375520
14.016960
13.652640
14.310720
12.212640
7.254720
14.411520
10.725120
13.566240
10.723680
3.558240
4.043520
13.027680
13.354560
12.268800
12.255840
12.160800
12.764160
11.278080
12.820320
11.748960
11.342880
7.722720
12.571200
8.157600
3.924000
8.925120
8.143200
9.296640
8.192160
10.615680
10.029600
6.893280
7.583040
10.324800
10.460160
3.461760
9.789120
10.444320
8.870400
8.831520
9.882720
4.453920
5.726880
9.689760
9.171360
8.281440
7.892640
5.994720
9.453600
8.951040
7.414560
8.658720
7.230240
0.469440
2.571840
1.193760
3.242880
8.370720
5.366880
8.432640
7.272000
5.137920
8.167680
8.154720
7.755840
8.079840
7.879680
3.327840
7.352640
2.357280
7.066080
7.643520
5.634720
7.175520
7.274880
6.045120
5.364000
6.988320
4.459680
6.180480
6.190560
6.259680
7.043040
3.378240
3.633120
4.209120
1.160640
3.144960
7.007040
6.632640
4.750560
2.723040
1.553760
7.077600
5.672160
4.834080
7.094880
6.276960
4.500000
5.466240
5.313600
3.715200
3.627360
6.814080
6.690240
6.690240
6.816960
6.176160
2.003040
2.293920
5.070240
1.751040
5.787360
3.391200
1.169280
7.446240
1.028160
4.576320
7.236000
8.566560
2.368800
7.338240
7.901280
4.881600
6.959520
8.982720
5.528160
6.861600
8.807040
7.452000
1.539360
9.972000
7.297920
9.771840
8.206560
9.466560
8.694720
5.083200
3.974400
4.412160
5.957280
10.873440
10.558080
8.949600
-99.000000
-99.000000
10.476000
4.631040
10.071360
10.461600
7.626240
12.847680
12.612960
9.885600
9.272160
10.154880
8.020800
10.241280
8.205120
11.992320
13.727520
12.064320
9.760320
14.169600
14.862240
14.716800
15.153120
14.914080
12.234240
10.618560
13.106880
11.741760
15.096960
15.812640
16.237440
15.444000
10.933920
12.535200
11.891520
8.256960
15.543360
15.081120
14.672160
12.500640
18.021600
14.817600
13.479840
1.657440
13.448160
12.890880
6.236640
3.679200
16.254720
19.200960
18.891360
18.318240
18.008640
18.810720
18.881280
17.805600
17.300160
19.681920
17.347680
17.913600
19.402560
19.893600
20.340000
17.026560
6.055200
6.112800
15.691680
20.486880
18.861120
19.383840
16.981920
21.972960
21.291840
19.105920
17.753760
20.665440
23.624640
23.052960
22.428000
22.590720
20.003040
18.410400
19.800000
22.141440
19.399680
11.921760
6.681600
17.497440
24.255360
23.713920
23.937120
22.658400
16.063200
19.340640
12.912480
13.459680
18.881280
14.866560
12.775680
15.780960
16.814880
19.870560
10.611360
13.417920
11.594880
18.696960
21.055680
19.323360
21.198240
18.275040
23.433120
17.940960
23.045760
23.044320
18.371520
21.991680
18.336960
14.353920
18.347040
8.359200
14.866560
15.958080
12.476160
20.643840
23.199840
24.102720
23.284800
17.134560
20.217600
7.548480
13.423680
20.567520
22.478400
23.463360
22.428000
23.382720
11.528640
13.262400
9.797760
22.377600
20.855520
17.389440
11.836800
25.129440
21.723840
24.621120
24.111360
18.730080
23.319360
19.918080
23.025600
23.220000
22.816800
17.536320
18.603360
22.279680
23.628960
23.633280
23.389920
21.739680
12.519360
20.311200
22.040640
9.145440
17.984160
23.159520
22.933440
11.422080
7.188480
14.889600
15.416640
19.231200
18.326880
19.579680
15.511680
17.676000
19.980000
15.174720
12.873600
20.384640
21.263040
20.496960
17.536320
21.182400
14.670720
16.974720
10.520640
10.961280
6.130080
20.839680
14.736960
18.635040
18.819360
18.815040
19.022400
9.771840
14.925600
16.214400
18.489600
15.799680
17.467200
10.923840
12.234240
15.828480
16.025760
10.350720
11.855520
16.914240
13.485600
14.755680
14.397120
9.001440
15.413760
14.937120
12.234240
11.898720
13.379040
14.067360
10.503360
3.450240
5.616000
11.374560
12.928320
14.132160
15.200640
2.260800
11.250720
3.761280
9.419040
11.940480
12.085920
13.655520
8.619840
9.377280
11.738880
13.449600
12.291840
9.793440
12.739680
11.088000
9.846720
5.771520
9.740160
11.665440
11.648160
12.255840
11.556000
11.090880
10.736640
12.035520
11.705760
11.079360
10.827360
10.487520
7.352640
6.818400
8.998560
8.516160
8.595360
6.622560
5.048640
6.868800
2.072160
9.502560
10.111680
9.430560
4.893120
2.645280
6.327360
2.911680
8.765280
8.696160
1.906560
8.415360
8.051040
6.812640
8.064000
8.114400
5.931360
5.353920
3.536640
4.534560
4.887360
3.725280
2.692800
2.273760
4.170240
1.412640
1.710720
5.139360
7.116480
5.248800
0.836640
4.824000
6.907680
7.211520
6.088320
5.957280
5.960160
6.842880
6.655680
5.448960
3.211200
0.943200
5.699520
2.259360
6.180480
2.021760
4.485600
6.310080
7.237440
6.943680
7.627680
7.241760
6.897600
3.885120
6.742080
7.387200
7.189920
7.332480
6.412320
7.153920
7.050240
7.225920
6.228000
5.575680
4.062240
4.078080
7.246080
7.431840
5.592960
7.925760
7.261920
7.611840
7.349760
2.823840
7.430400
7.073280
1.814400
4.517280
4.582080
8.422560
8.677440
7.637760
9.161280
7.290720
5.261760
9.063360
7.598880
3.366720
7.613280
7.777440
3.411360
4.235040
5.093280
9.048960
10.195200
9.767520
10.255680
11.070720
11.531520
8.206560
6.249600
10.671840
5.761440
4.731840
10.961280
4.213440
11.304000
11.678400
10.041120
4.890240
13.059360
8.399520
12.947040
11.988000
9.596160
13.197600
12.399840
11.157120
9.151200
11.802240
4.394880
14.901120
13.811040
13.593600
13.792320
12.594240
14.391360
13.191840
14.081760
10.702080
13.739040
14.929920
13.046400
14.950080
7.812000
11.210400
9.115200
6.654240
6.170400
7.709760
3.898080
12.276000
17.719200
17.824320
17.114400
12.212640
13.835520
18.671040
18.802080
18.577440
16.849440
16.634880
15.488640
17.686080
17.388000
19.827360
19.798560
18.839520
16.027200
18.237600
19.800000
20.387520
14.015520
12.517920
16.621920
17.444160
15.324480
19.285920
20.465280
10.726560
18.434880
17.445600
13.669920
11.348640
11.450880
22.322880
15.459840
18.505440
16.621920
17.166240
19.762560
12.008160
14.165280
23.035680
21.097440
22.760640
22.910400
21.659040
21.512160
22.940640
19.647360
13.845600
19.553760
23.313600
23.683680
23.260320
3.653280
18.133920
24.832800
24.994080
19.913760
13.878720
19.635840
24.307200
24.433920
24.033600
23.292000
22.884480
19.055520
23.906880
23.783040
19.607040
24.275520
24.671520
24.592320
23.130720
13.531680
15.734880
14.218560
15.906240
17.321760
17.530560
16.973280
10.395360
10.673280
23.628960
25.028640
24.343200
24.706080
24.494400
23.303520
14.412960
22.750560
23.919840
24.505920
23.384160
23.961600
24.206400
23.381280
23.034240
10.811520
23.104800
22.416480
22.914720
23.355360
22.816800
21.532320
24.693120
23.726880
22.930560
21.287520
23.688000
23.058720
22.942080
21.854880
20.963520
21.169440
18.155520
17.002080
21.160800
22.505760
20.626560
20.478240
15.492960
20.396160
17.979840
19.941120
9.820800
10.512000
9.947520
16.400160
21.607200
20.332800
19.788480
20.629440
21.515040
20.247840
6.755040
21.702240
22.053600
21.290400
14.954400
15.857280
19.321920
11.530080
20.175840
16.202880
8.946720
17.238240
19.896480
17.848800
12.101760
12.601440
20.243520
20.031840
17.959680
19.080000
19.141920
18.761760
18.918720
15.791040
17.801280
9.655200
9.285120
4.728960
17.465760
16.519680
14.587200
12.150720
13.872960
7.104960
7.237440
13.354560
11.505600
12.389760
11.545920
15.456960
17.292960
14.510880
16.181280
16.820640
16.758720
16.178400
14.891040
15.194880
15.553440
12.480480
5.647680
12.764160
6.736320
2.524320
7.747200
10.192320
5.875200
7.394400
9.698400
14.156640
14.080320
12.795840
13.032000
11.424960
11.701440
8.998560
2.459520
10.130400
11.956320
11.658240
8.943840
7.606080
2.928960
1.807200
8.233920
11.583360
11.014560
2.744640
6.318720
3.709440
5.813280
9.686880
9.488160
9.662400
9.178560
8.661600
1.402560
7.198560
9.440640
9.596160
9.465120
9.082080
6.789600
7.542720
9.037440
8.369280
7.921440
1.928160
6.513120
8.879040
7.603200
8.749440
8.349120
8.316000
6.876000
7.079040
5.850720
8.782560
8.583840
5.430240
7.678080
7.439040
7.354080
7.650720
7.735680
7.741440
6.130080
6.642720
6.039360
5.080320
3.188160
1.360800
5.411520
4.923360
6.266880
5.716800
4.743360
6.206400
4.140000
5.640480
5.963040
5.516640
5.628960
6.282720
1.052640
2.039040
6.429600
3.620160
4.495680
5.607360
5.928480
6.929280
3.369600
5.292000
6.410880
5.398560
3.074400
4.874400
3.493440
3.566880
6.804000
6.706080
5.150880
6.539040
4.989600
6.085440
6.786720
7.535520
7.097760
3.476160
4.446720
8.449920
6.825600
5.474880
7.754400
8.019360
8.051040
4.834080
7.208640
3.479040
4.150080
5.941440
7.930080
7.303680
4.440960
6.716160
5.028480
8.982720
8.699040
7.338240
10.046880
9.815040
2.651040
9.993600
10.173600
5.556960
5.277600
2.815200
6.462720
8.684640
9.892800
11.643840
11.832480
12.013920
5.379840
12.287520
12.657600
10.834560
9.017280
11.518560
9.216000
11.299680
6.749280
6.121440
8.388000
9.397440
11.355840
12.998880
13.301280
12.602880
11.563200
11.636640
14.405760
15.297120
3.556800
15.481440
15.570720
15.628320
15.167520
9.624960
7.378560
9.289440
8.124480
11.262240
2.178720
13.285440
9.587520
11.581920
16.649280
17.582400
12.319200
16.241760
11.890080
7.027200
16.752960
17.687520
16.902720
9.159840
9.413280
13.052160
5.988960
3.464640
16.329600
19.311840
18.866880
19.879200
16.358400
17.336160
16.549920
18.982080
20.302560
19.553760
17.975520
17.837280
15.936480
17.565120
14.533920
9.571680
8.118720
20.371680
22.279680
22.307040
22.239360
4.798080
3.782880
17.907840
16.773120
23.598720
22.426560
22.858560
22.798080
21.536640
9.908640
8.339040
4.541760
3.862080
7.639200
16.751520
17.051040
20.557440
21.391200
22.390560
23.772960
18.966240
19.464480
23.260320
22.891680
23.379840
15.024960
23.955840
21.509280
18.360000
20.963520
18.021600
20.813760
25.195680
21.605760
19.748160
24.510240
20.868480
23.222880
11.357280
18.011520
17.170560
23.628960
22.838400
22.910400
20.420640
15.390720
19.213920
21.778560
25.293600
12.898080
22.763520
18.253440
20.687040
25.555680
24.043680
24.253920
24.550560
24.971040
24.105600
23.647680
17.854560
24.220800
22.596480
13.736160
22.812480
23.411520
22.757760
22.980960
21.420000
13.492800
21.182400
19.545120
16.990560
23.179680
23.143680
21.201120
12.543840
23.378400
23.165280
24.432480
23.446080
23.520960
23.855040
23.155200
15.132960
19.293120
13.289760
18.384480
22.665600
22.950720
21.548160
22.141440
22.104000
21.005280
21.690720
21.569760
22.793760
21.850560
21.595680
19.182240
17.739360
21.859200
21.124800
21.916800
19.239840
18.305280
21.316320
21.146400
21.201120
20.993760
20.499840
17.107200
16.688160
15.861600
18.696960
11.383200
21.035520
20.161440
20.217600
20.458080
20.197440
20.088000
19.146240
18.239040
5.772960
10.709280
18.830880
17.923680
17.743680
15.801120
15.190560
17.654400
17.802720
16.279200
14.473440
10.368000
12.738240
14.649120
16.943040
12.493440
12.947040
9.591840
16.993440
11.378880
16.633440
16.862400
11.196000
15.989760
14.022720
7.685280
15.242400
12.804480
9.361440
11.203200
15.264000
13.943520
13.868640
11.600640
8.847360
11.053440
12.201120
11.924640
3.893760
12.672000
12.447360
1.854720
4.836960
12.129120
2.725920
3.473280
7.074720
11.917440
10.173600
4.070880
7.833600
8.225280
9.887040
4.602240
4.142880
8.667360
8.291520
3.661920
5.713920
7.489440
9.439200
10.889280
10.611360
6.744960
9.381600
9.470880
9.434880
3.768480
6.007680
7.744320
8.452800
9.928800
8.029440
8.850240
8.736480
5.997600
6.626880
8.398080
8.737920
8.441280
8.065440
5.914080
7.094880
4.681440
1.776960
2.914560
4.024800
6.621120
5.846400
2.950560
3.656160
7.251840
5.256000
7.309440
7.463520
7.676640
6.706080
2.890080
3.309120
6.979680
5.941440
6.523200
6.981120
6.269760
6.979680
6.890400
6.937920
5.942880
1.671840
3.038400
5.047200
5.919840
2.304000
4.029120
5.950080
5.909760
6.654240
5.538240
5.803200
6.328800
6.192000
7.535520
7.826400
6.209280
6.429600
6.318720
6.455520
6.706080
6.690240
7.804800
7.696800
7.119360
7.653600
7.552800
4.811040
7.034400
5.705280
8.087040
7.934400
7.776000
8.006400
8.491680
8.248320
4.874400
2.062080
2.459520
3.780000
3.132000
6.596640
1.110240
3.670560
1.467360
3.587040
8.663040
7.842240
8.307360
6.109920
3.611520
5.532480
8.311680
6.268320
9.129600
8.582400
10.494720
10.951200
5.538240
3.942720
4.099680
3.405600
10.260000
9.033120
10.048320
10.380960
11.109600
10.860480
10.205280
11.954880
11.622240
3.481920
2.177280
12.948480
12.263040
11.219040
0.061920
-99.000000
10.648800
2.357280
10.755360
12.159360
13.976640
14.312160
11.946240
14.650560
15.102720
13.632480
9.308160
9.105120
15.000480
15.075360
15.929280
16.198560
16.035840
15.808320
16.099200
13.548960
13.176000
13.381920
4.783680
8.223840
14.194080
7.153920
18.324000
18.008640
18.025920
11.172960
11.216160
19.497600
18.941760
19.200960
12.856320
19.372320
19.193760
19.356480
19.585440
19.270080
18.312480
19.095840
20.129760
19.909440
16.937280
20.645280
18.933120
18.692640
10.140480
19.873440
21.729600
21.458880
20.198880
21.761280
16.542720
3.343680
7.212960
22.728960
15.415200
10.117440
22.681440
10.599840
10.378080
20.649600
16.093440
23.574240
23.068800
21.600000
20.129760
20.067840
11.426400
22.639680
22.677120
19.383840
22.913280
22.383360
20.466720
14.353920
23.297760
23.892480
21.929760
22.592160
20.363040
23.464800
23.591520
23.706720
21.391200
22.884480
15.315840
10.509120
21.159360
23.011200
23.081760
9.938880
8.521920
19.098720
16.938720
23.716800
23.980320
20.913120
24.109920
24.412320
23.964480
24.855840
24.027840
22.651200
23.934240
24.026400
24.288480
24.098400
23.778720
19.195200
22.947840
22.779360
22.740480
11.099520
18.221760
19.156320
21.376800
25.506720
25.064640
19.552320
24.942240
24.543360
24.782400
24.410880
15.649920
20.795040
13.514400
22.259520
22.718880
20.975040
23.158080
22.645440
21.093120
22.116960
23.034240
21.795840
21.693600
19.912320
18.905760
8.670240
19.319040
10.916640
23.614560
22.510080
22.455360
22.858560
19.720800
21.582720
21.942720
18.584640
7.295040
19.054080
20.445120
21.345120
20.602080
13.147200
17.843040
14.905440
10.072800
22.046400
21.686400
21.384000
20.884320
21.322080
18.257760
18.112320
20.257920
19.352160
14.770080
19.339200
19.928160
19.801440
17.900640
17.704800
17.687520
17.529120
15.492960
17.248320
9.365760
9.777600
10.154880
15.037920
19.473120
13.658400
12.765600
18.014400
14.173920
17.641440
15.842880
4.747680
18.344160
17.822880
16.283520
17.370720
16.132320
2.518560
16.447680
16.266240
12.661920
17.259840
16.302240
14.533920
7.277760
12.252960
14.516640
10.792800
11.305440
14.099040
13.798080
13.201920
5.885280
7.536960
11.793600
10.869120
11.998080
12.919680
14.129280
12.676320
13.569120
11.864160
11.897280
11.334240
10.408320
11.435040
6.816960
8.197920
11.226240
10.956960
5.274720
2.691360
8.490240
11.242080
11.514240
11.675520
11.177280
11.085120
9.856800
10.779840
10.866240
11.033280
9.871200
8.789760
6.721920
7.060320
7.934400
3.713760
9.112320
10.344960
10.092960
4.775040
8.254080
7.558560
3.044160
9.230400
9.531360
9.207360
8.969760
8.596800
8.305920
8.121600
8.123040
8.068320
8.226720
7.989120
5.745600
5.664960
3.718080
7.953120
6.710400
7.801920
4.268160
7.827840
3.775680
6.344640
7.737120
7.282080
6.891840
7.509600
5.464800
3.384000
7.237440
3.143520
2.278080
5.816160
3.733920
3.186720
6.907680
7.152480
7.140960
2.188800
5.961600
5.814720
6.547680
5.515200
6.243840
7.166880
2.020320
5.198400
5.902560
6.991200
4.194720
6.382080
4.897440
6.641280
6.369120
4.266720
7.400160
7.241760
2.918880
0.655200
6.161760
6.651360
7.050240
7.611840
7.738560
4.227840
3.159360
4.004640
6.927840
8.136000
8.131680
6.219360
8.176320
5.038560
7.643520
7.526880
7.840800
2.131200
0.774720
6.350400
8.723520
9.161280
9.148320
9.324000
1.424160
6.765120
7.734240
1.244160
1.218240
4.335840
10.415520
9.681120
9.046080
11.201760
9.660960
5.006880
8.712000
4.201920
11.052000
4.973760
4.993920
11.891520
7.859520
7.931520
11.106720
12.327840
12.126240
12.684960
12.611520
4.985280
6.289920
1.271520
4.288320
9.946080
13.262400
6.102720
6.952320
12.522240
14.971680
8.288640
13.304160
12.895200
12.356640
13.492800
9.675360
10.107360
12.346560
14.974560
8.359200
16.522560
11.535840
14.495040
15.858720
16.143840
15.072480
1.962720
8.481600
16.440480
15.127200
18.377280
17.179200
16.920000
16.932960
17.722080
14.577120
14.810400
18.845280
18.832320
12.319200
12.432960
4.302720
16.951680
12.481920
7.600320
17.565120
6.609600
4.288320
19.582560
9.025920
20.566080
19.860480
19.450080
19.952640
20.453760
17.282880
14.712480
19.179360
18.817920
20.399040
17.881920
10.833120
7.704000
20.437920
11.158560
23.081760
12.862080
10.283040
10.984320
10.837440
8.665920
13.505760
17.507520
11.327040
22.080960
5.546880
23.980320
16.526880
21.726720
23.050080
18.658080
14.581440
15.583680
14.431680
20.000160
17.961120
17.673120
22.245120
16.388640
15.135840
19.005120
9.410400
14.594400
8.794080
17.183520
21.294720
19.431360
6.209280
17.449920
10.078560
7.198560
13.528800
16.411680
19.771200
15.088320
22.203360
17.205120
18.701280
23.657760
19.740960
21.898080
21.778560
23.248800
24.721920
24.166080
13.485600
20.808000
22.639680
21.454560
23.153760
22.652640
14.729760
16.100640
23.500800
23.713920
23.398560
16.796160
20.949120
24.629760
13.406400
24.049440
20.089440
23.800320
23.196960
21.323520
17.683200
16.974720
18.666720
22.714560
22.890240
15.183360
21.402720
21.971520
22.893120
19.759680
16.783200
15.788160
22.687200
21.314880
20.829600
22.955040
20.859840
20.760480
21.407040
21.340800
21.975840
21.860640
20.779200
19.821600
20.659680
19.198080
17.193600
18.639360
17.840160
7.309440
14.018400
19.971360
16.567200
17.336160
13.524480
21.204000
14.922720
10.218240
19.287360
20.795040
20.422080
19.334880
14.643360
18.617760
19.692000
17.206560
16.086240
18.535680
14.323680
15.390720
13.275360
9.089280
11.286720
16.558560
12.876480
15.115680
14.080320
15.183360
17.320320
13.809600
13.783680
10.745280
15.851520
12.271680
16.505280
15.262560
7.070400
15.399360
15.098400
7.459200
15.048000
15.677280
15.523200
15.672960
14.852160
13.888800
12.116160
12.209760
14.418720
15.157440
12.718080
14.202720
13.834080
14.824800
14.362560
14.133600
13.790880
10.464480
12.055680
8.665920
8.582400
9.135360
8.303040
10.267200
6.058080
6.743520
7.037280
9.550080
9.936000
3.804480
7.302240
7.244640
10.994400
8.121600
11.505600
11.407680
11.390400
7.879680
1.725120
3.810240
6.896160
9.132480
4.546080
9.489600
7.248960
10.330560
9.609120
2.980800
7.616160
8.974080
5.097600
3.424320
8.210880
8.939520
7.610400
6.999840
5.241600
0.293760
6.693120
1.330560
3.015360
4.269600
2.545920
6.753600
5.045760
1.353600
7.973280
4.121280
5.169600
7.751520
6.861600
5.978880
4.644000
5.276160
6.819840
4.671360
5.657760
6.899040
4.193280
2.986560
6.147360
5.987520
5.385600
6.318720
5.682240
1.010880
4.272480
4.690080
1.494720
5.696640
4.420800
6.719040
6.710400
5.652000
6.396480
6.181920
6.795360
5.446080
3.515040
3.636000
3.021120
5.852160
7.577280
7.313760
7.241760
6.104160
7.578720
7.211520
6.963840
7.610400
6.707520
6.654240
7.669440
7.813440
7.623360
7.680960
5.944320
0.021600
7.185600
6.197760
6.245280
3.352320
7.691040
2.662560
7.233120
6.881760
5.673600
9.122400
8.750880
9.054720
8.815680
6.382080
2.367360
9.276480
6.770880
6.638400
6.658560
10.346400
10.103040
9.810720
8.864640
8.526240
10.062720
9.597600
8.138880
10.627200
11.404800
11.488320
10.162080
11.877120
12.519360
12.070080
8.858880
10.058400
8.320320
10.779840
12.520800
11.982240
12.489120
12.548160
12.421440
13.338720
12.601440
13.271040
12.877920
12.326400
11.204640
11.684160
2.757600
14.257440
14.070240
14.317920
14.698080
14.747040
12.163680
13.717440
14.113440
15.791040
15.305760
15.786720
15.932160
9.720000
16.184160
16.325280
15.598080
16.548480
16.565760
16.757280
17.601120
17.655840
17.339040
16.264800
17.825760
10.481760
16.477920
11.288160
5.231520
19.526400
10.759680
13.548960
15.282720
17.493120
13.356000
14.231520
17.830080
20.286720
20.672640
16.464960
15.082560
15.540480
17.961120
10.730880
14.626080
7.266240
7.273440
5.238720
13.633920
15.762240
7.234560
22.530240
22.036320
21.716640
13.714560
18.928800
20.590560
14.708160
3.689280
23.433120
23.963040
23.338080
19.892160
14.064480
22.021920
18.406080
16.585920
24.246720
22.201920
23.552640
22.985280
20.010240
5.811840
19.585440
11.833920
24.420960
20.016000
23.581440
21.274560
4.142880
-99.000000
0.213120
22.852800
18.881280
23.922720
24.269760
24.524640
24.432480
24.667200
23.273280
23.948640
15.102720
23.012640
23.173920
23.785920
11.125440
22.975200
3.395520
23.506560
21.636000
16.712640
24.670080
23.222880
24.916320
23.178240
23.220000
18.681120
14.762880
23.618880
23.770080
23.178240
23.775840
23.891040
24.173280
24.557760
24.058080
24.256800
24.171840
23.391360
23.420160
23.048640
23.713920
21.335040
17.978400
7.106400
18.686880
24.181920
24.301440
23.649120
21.247200
12.229920
23.515200
23.971680
11.046240
18.570240
22.525920
22.373280
21.886560
22.612320
22.448160
22.284000
22.426560
14.672160
13.259520
23.868000
23.018400
16.341120
18.809280
22.142880
20.689920
21.864960
21.356640
21.314880
20.367360
11.888640
21.355200
21.674880
20.695680
19.228320
18.989280
20.741760
21.738240
15.848640
19.101600
20.433600
19.020960
16.439040
6.780960
18.796320
19.998720
19.618560
19.395360
19.529280
15.651360
6.494400
18.637920
17.324640
17.724960
13.862880
12.620160
18.512640
19.065600
18.613440
15.816960
18.912960
18.439200
17.166240
12.373920
2.446560
12.258720
17.339040
7.656480
12.559680
15.508800
13.554720
15.403680
12.172320
11.587680
14.823360
5.264640
14.510880
14.189760
15.863040
12.735360
14.817600
13.034880
12.180960
14.232960
13.975200
12.163680
14.618880
14.037120
14.122080
13.144320
10.657440
12.378240
12.130560
6.312960
7.997760
5.942880
10.127520
10.497600
5.052960
12.984480
12.106080
11.507040
9.810720
8.470080
3.962880
5.364000
2.440800
7.773120
8.416800
11.364480
11.007360
10.340640
4.691520
7.751520
9.565920
7.761600
7.956000
9.326880
8.616960
9.757440
9.050400
9.167040
5.021280
7.760160
7.531200
8.519040
7.584480
9.154080
5.096160
2.242080
6.723360
7.531200
6.454080
7.473600
8.673120
5.988960
5.453280
3.473280
5.725440
8.056800
7.341120
7.329600
5.601600
6.491520
6.602400
5.169600
4.963680
6.480000
3.877920
0.751680
1.262880
6.312960
6.729120
3.447360
7.031520
5.087520
3.798720
4.295520
5.287680
3.293280
6.855840
1.389600
3.070080
5.215680
3.245760
4.144320
4.560480
6.733440
6.071040
5.686560
6.769440
5.296320
4.546080
6.835680
6.288480
5.037120
4.392000
5.891040
5.234400
4.174560
7.486560
7.322400
6.520320
7.456320
7.047360
6.096960
2.880000
6.655680
8.064000
6.845760
8.160480
7.164000
7.711200
7.560000
7.578720
4.753440
2.469600
0.306720
1.221120
5.912640
7.244640
3.614400
3.611520
6.336000
5.716800
5.664960
6.649920
7.397280
7.338240
9.286560
8.997120
9.303840
10.186560
10.267200
6.235200
6.468480
9.260640
10.224000
6.946560
2.581920
8.619840
9.732960
9.534240
9.802080
9.139680
11.858400
12.008160
11.725920
11.917440
11.740320
12.313440
12.569760
7.372800
12.971520
12.070080
9.257760
9.884160
11.596320
12.968640
10.236960
8.524800
11.106720
12.149280
13.603680
14.103360
13.999680
9.331200
14.883840
13.376160
8.673120
12.777120
9.701280
1.117440
6.274080
8.648640
14.607360
14.364000
16.254720
8.949600
5.604480
7.126560
6.724800
7.044480
12.248640
11.412000
17.788320
4.165920
4.073760
1.432800
10.362240
17.493120
19.120320
19.366560
17.824320
7.240320
17.344800
19.445760
18.669600
13.222080
17.691840
2.394720
18.947520
16.960320
16.544160
15.521760
14.977440
3.798720
6.020640
3.058560
9.198720
16.473600
20.969280
21.450240
10.270080
7.172640
22.173120
21.752640
19.442880
20.849760
22.396320
22.152960
21.444480
14.703840
21.018240
20.704320
20.901600
8.760960
7.944480
21.116160
14.715360
20.596320
5.515200
13.868640
12.335040
21.409920
22.134240
23.708160
23.870880
22.046400
23.342400
21.759840
14.067360
19.526400
23.708160
23.702400
23.725440
21.761280
19.618560
22.788000
13.913280
20.185920
19.504800
11.918880
23.641920
22.023360
10.049760
13.864320
20.818080
18.813600
14.624640
22.530240
25.132320
17.424000
19.104480
7.460640
20.818080
16.390080
16.017120
20.462400
23.899680
23.338080
24.344640
23.760000
23.415840
23.574240
21.873600
23.896800
19.643040
20.738880
23.652000
16.472160
20.623680
25.012800
24.073920
24.232320
22.906080
22.345920
21.310560
18.168480
21.781440
16.760160
16.260480
17.274240
21.961440
21.356640
18.915840
23.761440
23.531040
10.683360
22.723200
20.351520
22.554720
19.012320
19.294560
22.331520
21.731040
20.450880
21.762720
22.089600
20.818080
21.692160
20.286720
21.820320
21.928320
22.308480
22.226400
21.329280
20.720160
18.584640
11.617920
13.697280
12.679200
11.808000
16.871040
19.965600
16.971840
16.603200
11.155680
19.919520
20.530080
19.556640
14.862240
17.484480
19.000800
18.672480
18.658080
17.709120
12.555360
10.262880
17.412480
19.974240
13.034880
9.488160
18.777600
18.581760
17.461440
17.516160
14.444640
12.270240
6.660000
14.994720
17.114400
17.183520
17.028000
16.930080
13.795200
15.272640
8.724960
4.368960
9.763200
15.644160
7.534080
12.625920
14.735520
9.715680
16.223040
15.468480
7.493760
15.223680
13.747680
14.215680
11.989440
1.833120
11.802240
13.903200
14.486400
13.409280
10.513440
12.898080
11.001600
9.303840
13.456800
13.567680
13.075200
7.305120
12.024000
12.813120
12.113280
10.912320
7.113600
3.713760
7.335360
2.328480
10.969920
10.984320
9.132480
10.998720
7.391520
9.532800
9.892800
10.353600
10.264320
10.146240
9.735840
1.909440
1.411200
8.121600
2.597760
2.881440
8.161920
8.717760
7.875360
8.222400
6.433920
6.192000
7.356960
7.850880
4.073760
8.267040
7.103520
7.192800
6.413760
8.514720
8.327520
7.868160
6.740640
4.073760
3.268800
2.975040
2.193120
6.778080
7.257600
3.576960
6.507360
7.359840
3.928320
7.126560
6.546240
3.139200
3.150720
6.272640
5.312160
4.273920
6.785280
5.486400
3.342240
5.358240
6.762240
4.705920
1.692000
3.813120
2.855520
5.624640
6.570720
3.821760
3.477600
7.217280
6.559200
3.337920
6.996960
4.710240
6.354720
6.504480
3.035520
5.349600
7.452000
6.933600
7.253280
7.704000
2.574720
4.320000
1.681920
1.939680
6.212160
7.852320
6.857280
6.122880
5.166720
7.970400
7.932960
4.877280
7.951680
2.790720
6.540480
5.646240
7.351200
8.161920
4.940640
8.219520
8.717760
7.041600
8.339040
6.766560
7.591680
9.525600
9.364320
8.046720
7.074720
7.287840
5.457600
6.622560
3.447360
3.996000
7.221600
10.846080
5.123520
10.306080
1.903680
1.477440
8.959680
9.995040
7.966080
8.847360
9.499680
7.927200
2.509920
8.340480
11.259360
10.487520
5.918400
9.492480
7.228800
6.802560
4.194720
7.930080
7.161120
7.610400
8.419680
8.483040
7.089120
12.926880
15.118560
12.791520
6.600960
15.180480
15.863040
