20000101
5.414400
5.371200
4.803840
5.169600
4.520160
5.431680
5.526720
5.113440
2.424960
2.662560
5.964480
5.935680
5.693760
3.242880
1.173600
5.973120
6.213600
6.596640
6.491520
5.506560
6.739200
6.778080
6.851520
6.906240
5.523840
3.638880
1.779840
6.066720
7.043040
7.240320
6.904800
5.364000
7.024320
7.961760
7.961760
7.345440
6.107040
7.076160
6.151680
8.785440
8.357760
7.282080
8.480160
5.178240
7.426080
9.015840
7.971840
9.002880
9.594720
8.644320
9.730080
8.848800
8.056800
7.405920
9.586080
9.709920
10.124640
10.203840
5.677920
5.466240
10.224000
11.079360
10.883520
9.825120
10.234080
4.001760
4.646880
10.651680
11.207520
11.484000
11.314080
10.031040
3.507840
11.050560
11.964960
12.162240
12.156480
11.531520
10.854720
3.503520
5.112000
2.858400
5.050080
11.599200
8.233920
12.103200
7.963200
12.245760
11.825280
5.362560
10.332000
12.690720
3.972960
14.150880
9.239040
14.415840
14.837760
13.334400
3.458880
7.207200
2.488320
10.916640
18.794880
19.038240
15.279840
18.414720
4.609440
22.281120
17.601120
12.644640
21.100320
20.314080
14.967360
20.512800
17.753760
23.290560
18.846720
8.975520
19.216800
12.140640
13.570560
19.193760
23.178240
14.221440
16.264800
11.270880
20.168640
19.104480
15.891840
9.417600
9.545760
20.704320
21.890880
24.750720
24.338880
24.973920
24.158880
11.784960
24.027840
20.511360
16.300800
4.815360
19.193760
14.804640
17.602560
22.439520
19.105920
21.093120
16.372800
20.715840
24.809760
22.343040
16.915680
17.537760
23.873760
19.042560
19.647360
26.441280
26.563680
18.227520
14.421600
12.938400
9.072000
20.687040
20.524320
22.050720
25.562880
25.274880
25.424640
23.830560
25.729920
19.452960
12.288960
14.286240
18.387360
17.058240
21.019680
13.062240
22.939200
24.072480
18.126720
9.960480
14.212800
10.323360
16.889760
17.280000
16.941600
21.170880
23.676480
24.433920
25.260480
13.919040
24.153120
25.464960
24.746400
23.372640
24.573600
17.809920
6.988320
13.541760
18.658080
12.070080
21.136320
16.601760
6.472800
21.667680
21.697920
22.633920
21.710880
21.903840
22.957920
16.712640
18.326880
13.216320
15.420960
13.544640
21.497760
17.498880
21.571200
21.684960
21.248640
21.047040
19.847520
10.346400
18.387360
19.332000
19.416960
20.337120
19.412640
16.961760
16.578720
18.257760
16.846560
18.041760
19.140480
13.453920
12.630240
16.809120
17.447040
18.493920
10.746720
17.382240
8.398080
19.222560
18.581760
18.770400
18.701280
20.018880
18.334080
18.552960
19.012320
17.112960
13.847040
17.056800
15.143040
14.158080
9.262080
12.682080
14.212800
13.762080
6.082560
12.647520
9.799200
15.143040
15.134400
14.857920
12.988800
9.538560
6.736320
10.081440
8.051040
8.802720
13.654080
13.847040
11.779200
13.070880
13.099680
12.156480
8.399520
12.395520
12.726720
12.641760
12.581280
10.549440
3.998880
2.001600
2.812320
12.104640
8.376480
5.617440
11.190240
10.952640
8.631360
7.688160
1.668960
0.709920
0.324000
0.828000
2.593440
9.046080
9.188640
9.344160
8.475840
5.600160
8.501760
9.744480
1.739520
9.859680
9.610560
4.338720
8.380800
6.552000
8.894880
8.526240
8.696160
2.070720
5.986080
1.213920
8.421120
2.777760
8.196480
8.020800
6.058080
5.234400
1.808640
7.387200
5.987520
4.249440
5.711040
5.562720
7.071840
5.974560
3.420000
0.640800
6.691680
4.135680
4.906080
6.704640
5.817600
2.975040
2.844000
0.479520
3.850560
6.318720
4.331520
4.404960
5.091840
5.705280
3.872160
5.768640
6.386400
6.294240
5.964480
3.905280
2.890080
0.722880
2.531520
4.993920
1.404000
5.899680
5.613120
5.158080
1.656000
6.451200
3.857760
6.402240
3.594240
4.724640
5.519520
5.924160
1.216800
2.642400
6.137280
6.845760
3.417120
6.023520
2.684160
2.761920
5.960160
2.442240
2.636640
4.842720
6.955200
2.410560
7.413120
7.316640
7.378560
3.686400
5.918400
4.263840
6.618240
5.788800
6.376320
4.567680
6.936480
8.396640
8.719200
9.077760
8.333280
8.933760
8.208000
8.628480
4.579200
5.811840
6.406560
10.169280
9.256320
9.835200
9.969120
10.323360
2.364480
2.420640
9.384480
10.748160
8.647200
10.730880
11.308320
11.079360
11.306880
11.604960
6.569280
9.786240
12.538080
7.300800
12.202560
8.697600
4.809600
8.524800
4.680000
10.408320
7.221600
6.134400
11.456640
9.780480
8.867520
12.965760
10.801440
14.202720
14.129280
1.494720
5.398560
12.507840
11.747520
13.691520
12.807360
12.807360
13.492800
12.996000
11.918880
16.251840
13.839840
11.177280
15.507360
14.063040
14.808960
16.705440
16.922880
14.689440
12.314880
16.096320
13.828320
14.245920
16.387200
18.061920
18.093600
16.325280
17.788320
22.049280
20.535840
22.106880
21.582720
20.784960
9.470880
7.355520
21.120480
21.706560
23.250240
11.826720
17.274240
22.115520
23.834880
22.415040
14.028480
23.112000
9.547200
9.688320
11.619360
21.348000
15.256800
21.552480
23.860800
25.086240
24.284160
24.058080
9.878400
2.059200
20.292480
23.251680
21.054240
15.318720
23.696640
24.382080
17.002080
18.004320
22.142880
20.174400
19.422720
19.000800
18.037440
20.759040
25.179120
25.078320
24.418080
24.602400
24.763680
25.164000
24.389280
20.328480
20.160000
24.481440
12.641760
10.490400
21.781440
20.069280
15.278400
14.748480
15.171840
20.908800
19.402560
21.496320
19.330560
17.297280
22.957920
21.952800
22.996800
22.556160
22.209120
21.847680
21.633120
21.152160
19.349280
20.884320
21.211200
19.110240
22.726080
21.578400
21.371040
20.967840
20.121120
16.450560
10.051200
18.410400
12.021120
22.056480
15.677280
4.975200
20.279520
20.602080
17.334720
13.397760
13.258080
18.698400
5.185440
21.286080
21.405600
15.078240
22.135680
21.418560
19.464480
18.617760
18.574560
20.151360
19.465920
16.007040
19.120320
19.501920
17.436960
17.491680
16.895520
17.451360
18.129600
16.704000
17.706240
19.248480
16.696800
15.681600
13.239360
16.878240
17.006400
6.475680
16.742880
16.361280
10.134720
6.143040
16.979040
9.531360
9.144000
14.888160
14.616000
15.420960
12.345120
14.813280
14.994720
15.333120
16.721280
16.695360
15.497280
15.016320
15.127200
13.324320
12.346560
6.389280
14.574240
17.254080
12.038400
15.684480
16.665120
17.196480
16.812000
11.532960
15.563520
14.847840
15.815520
15.511680
15.331680
15.717600
13.229280
5.847840
6.975360
9.757440
2.450880
8.079840
9.619200
13.675680
12.755520
11.596320
4.576320
7.043040
12.490560
11.471040
9.348480
9.652320
4.078080
7.045920
10.696320
12.602880
10.319040
9.485280
1.594080
7.015680
7.475040
4.910400
11.221920
7.129440
11.361600
4.962240
11.397600
6.497280
8.196480
6.828480
10.992960
10.668960
10.634400
10.003680
5.476320
6.760800
7.070400
8.595360
9.192960
5.207040
8.402400
4.464000
8.936640
8.543520
3.026880
7.724160
8.858880
8.835840
9.002880
8.500320
2.108160
6.543360
7.987680
2.003040
1.388160
1.991520
6.523200
3.373920
6.386400
7.552800
4.167360
6.236640
6.694560
7.227360
6.573600
5.166720
6.423840
7.080480
6.570720
6.438240
6.557760
4.288320
5.652000
5.670720
6.671520
6.467040
6.062400
1.668960
6.235200
3.595680
4.608000
6.469920
6.357600
2.584800
3.615840
4.370400
5.430240
1.406880
5.220000
5.303520
6.140160
6.121440
1.650240
6.560640
6.344640
5.109120
6.209280
6.084000
6.297120
1.356480
0.895680
0.538560
0.659520
1.313280
0.545760
1.795680
3.660480
6.094080
0.845280
5.673600
3.633120
5.479200
6.238080
3.039840
6.874560
4.989600
7.261920
7.143840
4.360320
3.227040
7.161120
6.920640
7.718400
2.750400
7.921440
7.714080
8.052480
7.675200
8.045280
8.040960
2.430720
7.721280
8.727840
4.381920
1.415520
6.518880
7.810560
9.995040
10.241280
9.659520
9.587520
9.754560
9.931680
10.177920
9.859680
10.676160
11.724480
4.245120
10.340640
11.910240
12.574080
9.768960
12.543840
12.797280
10.798560
13.163040
13.029120
11.639520
13.163040
8.949600
4.341600
5.669280
8.022240
6.312960
3.430080
7.737120
5.653440
14.610240
13.416480
14.732640
3.386880
2.741760
4.335840
9.936000
15.744960
7.326720
11.508480
11.185920
17.405280
16.613280
16.464960
16.390080
17.052480
8.696160
12.624480
7.024320
7.195680
6.554880
2.561760
18.159840
14.240160
16.932960
3.499200
5.692320
17.186400
19.025280
9.675360
10.090080
9.306720
17.474400
9.132480
5.677920
2.750400
19.153440
15.736320
11.613600
18.601920
19.928160
18.613440
18.122400
20.941920
20.617920
21.077280
20.592000
20.299680
20.901600
16.983360
17.255520
6.840000
19.414080
15.711840
4.361760
8.782560
9.892800
22.872960
13.832640
5.748480
1.391040
1.514880
7.604640
12.559680
17.137440
23.222880
22.865760
22.361760
19.549440
21.971520
16.051680
23.957280
23.741280
21.888000
19.707840
6.760800
21.718080
23.009760
23.101920
18.645120
24.098400
23.528160
21.188160
22.916160
22.793760
22.462560
22.403520
13.248000
5.523840
-99.000000
-99.000000
1.051200
15.711840
22.574880
22.528800
21.771360
20.669760
21.716640
21.837600
20.583360
21.077280
21.042720
20.492640
20.426400
12.487680
11.508480
19.831680
19.429920
19.015200
19.092960
16.047360
17.318880
19.349280
3.080160
4.354560
13.610880
18.684000
12.052800
18.417600
11.924640
16.804800
3.840480
13.982400
18.214560
16.655040
14.605920
12.797280
16.387200
20.449440
19.339200
19.611360
19.572480
18.370080
13.584960
18.610560
18.352800
17.644320
16.048800
19.009440
19.296000
19.153440
15.854400
13.465440
14.600160
15.939360
13.065120
9.813600
4.474080
8.768160
14.077440
10.864800
18.842400
16.381440
8.979840
12.888000
14.041440
19.163520
18.682560
18.417600
12.077280
14.633280
14.768640
16.117920
11.668320
16.260480
15.477120
12.810240
2.934720
8.668800
2.694240
13.331520
11.836800
7.968960
11.152800
16.564320
16.045920
15.127200
15.923520
5.699520
10.486080
11.350080
15.822720
13.762080
11.112480
12.648960
11.728800
13.736160
11.949120
11.702880
2.875680
10.406880
8.866080
6.143040
5.425920
4.836960
12.964320
6.314400
7.878240
13.824000
13.387680
13.979520
13.760640
14.289120
11.400480
10.912320
6.295680
5.660640
7.224480
3.091680
9.774720
10.517760
11.685600
11.295360
12.265920
5.548320
1.484640
12.509280
9.946080
8.491680
11.365920
8.137440
10.846080
8.426880
10.435680
9.921600
5.554080
9.034560
6.842880
9.809280
10.075680
6.194880
9.226080
9.846720
9.918720
5.335200
9.120960
4.688640
8.991360
9.263520
7.914240
7.604640
7.646400
9.204480
6.873120
7.293600
6.978240
5.503680
8.929440
6.400800
4.999680
8.128800
2.773440
2.126880
6.589440
7.149600
5.600160
2.887200
1.116000
6.092640
7.116480
2.665440
2.144160
3.492000
7.145280
6.734880
3.713760
4.379040
5.189760
2.910240
4.178880
5.532480
6.363360
6.661440
6.154560
6.016320
4.543200
4.410720
4.435200
5.666400
5.808960
4.433760
1.375200
5.973120
5.243040
1.524960
2.351520
0.545760
2.440800
4.157280
5.283360
4.708800
5.086080
5.256000
3.703680
1.405440
6.120000
4.867200
0.997920
4.913280
4.785120
2.990880
2.772000
2.167200
3.373920
2.435040
1.925280
3.263040
2.622240
3.748320
6.618240
6.469920
6.559200
6.598080
6.408000
6.347520
4.410720
4.032000
2.325600
4.442400
6.144480
5.329440
7.251840
7.436160
7.721280
2.796480
7.112160
6.333120
7.922880
6.405120
8.189280
8.246880
8.540640
8.301600
7.269120
7.961760
3.720960
2.751840
6.664320
8.133120
8.159040
8.256960
3.947040
2.936160
7.185600
2.373120
9.943200
9.957600
8.543520
0.624960
1.415520
7.058880
2.989440
2.185920
4.003200
0.072000
2.737440
3.816000
10.069920
9.051840
8.390880
5.292000
11.789280
1.880640
11.561760
9.514080
8.265600
11.764800
11.833920
7.192800
12.127680
10.877760
9.637920
1.740960
13.536000
13.949280
14.366880
13.308480
13.453920
13.512960
3.559680
9.093600
12.271680
12.147840
5.284800
4.916160
5.093280
8.370720
2.808000
10.154880
13.989600
10.113120
16.280640
16.132320
15.969600
15.521760
12.755520
3.430080
8.334720
16.263360
9.532800
13.716000
13.968000
0.704160
2.168640
11.620800
15.732000
14.711040
4.260960
7.247520
16.613280
14.715360
15.786720
13.826880
13.459680
8.043840
14.993280
15.520320
14.129280
8.449920
17.075520
18.149760
18.804960
17.040960
8.218080
0.946080
2.835360
7.015680
18.018720
19.058400
14.051520
18.727200
18.593280
18.524160
7.159680
9.033120
17.249760
14.090400
16.585920
19.372320
19.827360
19.778400
20.440800
13.024800
14.470560
16.715520
19.670400
18.730080
19.892160
19.956960
19.172160
14.636160
16.372800
10.542240
13.474080
11.652480
17.403840
19.311840
11.194560
15.314400
16.973280
18.626400
19.549440
19.404000
16.980480
16.274880
18.303840
18.478080
13.371840
20.208960
19.994400
20.416320
19.823040
17.618400
15.405120
14.820480
15.459840
17.174880
14.473440
9.649440
19.182240
19.444320
19.262880
14.171040
19.562400
5.148000
11.278080
16.911360
12.453120
15.409440
18.753120
17.867520
16.534080
18.516960
11.795040
15.000480
19.892160
14.957280
11.196000
17.742240
8.879040
17.555040
16.669440
7.895520
17.016480
8.038080
14.063040
17.084160
10.033920
18.540000
13.957920
18.650880
15.852960
18.226080
17.735040
17.579520
18.132480
14.793120
21.340800
20.535840
19.995840
20.096640
19.188000
20.589120
20.858400
18.861120
17.310240
6.926400
11.882880
14.287680
18.472320
13.291200
6.456960
14.454720
17.413920
12.814560
18.807840
14.888160
14.353920
11.692800
19.123200
18.541440
13.864320
12.080160
4.318560
13.464000
2.954880
12.918240
11.265120
9.966240
9.241920
14.732640
18.452160
17.935200
17.231040
16.208640
14.977440
17.002080
17.236800
17.280000
16.096320
14.709600
15.010560
5.283360
7.120800
12.175200
16.092000
10.146240
6.060960
4.217760
12.519360
9.216000
3.489120
12.804480
7.938720
10.481760
13.011840
13.710240
10.470240
14.412960
12.974400
5.441760
13.402080
4.669920
5.453280
4.001760
3.780000
1.766880
2.334240
7.303680
5.293440
2.872800
9.948960
6.382080
6.295680
12.299040
11.750400
5.463360
2.269440
1.327680
4.271040
5.976000
5.934240
1.499040
10.581120
10.316160
9.506880
10.038240
8.483040
6.451200
8.308800
6.317280
0.763200
0.230400
8.101440
3.664800
6.228000
5.162400
1.470240
4.606560
2.914560
7.904160
5.883840
2.037600
6.726240
2.697120
2.266560
7.332480
6.619680
6.793920
8.091360
2.815200
6.756480
6.369120
2.570400
7.164000
4.527360
3.055680
3.912480
4.004640
5.431680
3.280320
4.618080
6.412320
5.217120
5.454720
5.207040
0.606240
5.415840
5.353920
1.837440
1.789920
1.843200
3.732480
2.844000
5.457600
4.668480
3.600000
5.313600
4.776480
4.890240
2.527200
2.831040
2.478240
5.692320
3.107520
4.926240
5.778720
5.584320
5.580000
5.618880
4.325760
4.577760
3.947040
5.247360
4.321440
2.285280
5.506560
5.837760
5.996160
6.599520
5.941440
5.558400
7.414560
5.029920
7.115040
7.518240
5.364000
4.514400
5.739840
3.854880
2.321280
7.757280
7.709760
5.438880
5.987520
5.639040
6.243840
6.685920
5.323680
6.608160
7.548480
7.125120
4.328640
9.011520
7.908480
7.492320
9.158400
8.648640
7.090560
8.987040
5.607360
9.224640
5.974560
10.033920
0.646560
3.797280
10.343520
9.361440
1.926720
1.275840
1.971360
6.010560
11.187360
11.426400
5.012640
11.831040
11.031840
9.398880
4.046400
11.956320
12.196800
12.206880
10.990080
3.405600
11.128320
4.271040
5.518080
6.305760
8.923680
7.292160
7.836480
3.735360
10.105920
12.569760
12.556800
13.910400
14.361120
5.179680
15.468480
8.621280
1.929600
3.615840
0.370080
4.920480
6.348960
12.157920
8.745120
15.374880
14.624640
14.326560
16.581600
15.773760
1.355040
12.695040
12.399840
16.112160
13.016160
17.529120
12.150720
13.777920
1.412640
11.975040
10.607040
16.320960
17.902080
17.501760
2.753280
18.336960
18.424800
18.764640
16.702560
15.554880
5.215680
13.239360
10.903680
9.156960
8.367840
1.427040
13.763520
15.176160
17.782560
20.020320
19.978560
16.188480
6.625440
2.587680
11.409120
19.248480
14.808960
19.150560
19.189440
19.095840
19.287360
19.359360
19.483200
18.920160
8.815680
15.563520
15.755040
5.522400
11.930400
18.669600
21.572640
18.708480
17.752320
19.048320
20.283840
22.749120
23.289120
21.365280
23.005440
22.098240
20.093760
21.000960
21.343680
20.256480
21.137760
19.405440
15.713280
18.046080
11.548800
18.479520
23.279040
23.688000
8.248320
13.979520
14.639040
8.604000
21.722400
19.931040
18.843840
20.040480
22.599360
19.005120
21.362400
15.520320
14.784480
22.412160
5.840640
18.571680
13.965120
13.541760
21.988800
23.739840
22.157280
13.426560
10.791360
23.029920
23.450400
21.804480
21.876480
17.684640
11.391840
19.130400
12.637440
14.029920
8.026560
15.881760
13.943520
19.241280
21.368160
21.016800
22.114080
16.228800
11.419200
20.386080
20.797920
18.689760
8.683200
17.526240
20.859840
21.814560
16.385760
16.627680
10.241280
17.318880
18.070560
21.179520
18.344160
19.900800
19.939680
14.163840
11.544480
12.035520
20.675520
19.277280
18.040320
19.715040
13.446720
7.966080
15.253920
10.974240
20.118240
14.112000
10.897920
10.991520
5.981760
5.639040
2.278080
10.288800
9.440640
11.132640
8.943840
2.383200
5.484960
5.886720
8.339040
8.040960
6.271200
-99.000000
4.590720
8.542080
10.186560
13.430880
13.386240
12.358080
11.563200
8.385120
7.557120
16.584480
16.441920
14.739840
16.136640
15.778080
15.579360
14.866560
7.665120
9.662400
13.260960
10.195200
12.402720
12.457440
6.266880
7.688160
3.375360
7.041600
10.002240
12.143520
13.275360
7.731360
13.510080
12.489120
8.569440
9.203040
10.867680
9.038880
8.879040
8.622720
6.982560
11.340000
11.504160
6.887520
5.205600
10.120320
2.377440
9.708480
11.075040
10.048320
8.717760
6.772320
11.062080
7.054560
6.671520
3.314880
8.650080
8.835840
9.574560
9.139680
7.526880
5.212800
6.040800
9.570240
9.792000
9.443520
9.158400
8.958240
8.703360
8.670240
7.928640
6.176160
7.741440
8.097120
8.045280
6.822720
6.193440
7.493760
5.963040
5.708160
6.207840
2.172960
5.764320
4.174560
2.092320
2.200320
6.089760
1.062720
3.962880
1.156320
6.965280
6.654240
0.649440
4.619520
4.776480
5.685120
5.986080
7.084800
7.248960
5.892480
7.257600
5.313600
7.080480
7.233120
7.251840
2.779200
5.274720
7.028640
3.238560
6.985440
7.054560
7.365600
7.555680
7.276320
7.511040
7.512480
6.828480
7.511040
6.982560
6.085440
7.737120
3.980160
8.048160
7.722720
7.953120
8.100000
2.956320
4.966560
7.644960
7.621920
8.337600
8.726400
8.997120
8.972640
8.696160
9.407520
9.663840
9.639360
8.915040
7.590240
9.590400
10.360800
10.033920
10.136160
9.833760
10.555200
8.058240
6.844320
4.298400
7.593120
5.950080
7.260480
10.706400
11.524320
4.845600
11.694240
6.592320
12.394080
12.404160
12.447360
12.402720
10.643040
9.286560
13.412160
2.702880
9.840960
6.685920
3.473280
9.887040
14.097600
5.873760
5.366880
7.696800
14.139360
13.785120
14.945760
11.869920
15.621120
15.396480
15.436800
15.282720
9.584640
14.414400
13.376160
4.942080
3.782880
11.609280
15.629760
16.678080
15.998400
14.411520
1.787040
10.202400
3.228480
15.327360
3.922560
5.382720
18.231840
11.715840
16.280640
15.239520
17.608320
15.408000
1.982880
7.250400
16.816320
9.204480
11.825280
11.096640
6.544800
18.396000
20.076480
18.472320
18.368640
19.471680
14.303520
17.752320
20.016000
15.841440
13.750560
17.781120
16.309440
7.617600
10.949760
8.161920
11.337120
21.781440
20.580480
21.242880
21.775680
20.255040
-99.000000
18.468000
5.451840
20.256480
11.450880
22.776480
22.747680
22.180320
0.002880
14.343840
13.887360
17.946720
14.027040
9.930240
22.111200
2.122560
14.428800
11.723040
23.603040
22.908960
21.748320
15.588000
15.812640
23.063040
22.528800
24.066720
23.581440
22.855680
21.949920
19.383840
9.378720
15.360480
18.911520
21.807360
21.494880
19.405440
22.059360
23.352480
22.260960
15.348960
21.948480
9.563040
15.985440
8.051040
8.628480
21.967200
19.694880
22.589280
22.926240
23.351040
22.615200
20.102400
20.685600
17.390880
21.405600
12.733920
22.249440
21.277440
14.303520
9.430560
22.763520
19.003680
22.141440
21.349440
19.018080
15.337440
23.099040
23.415840
20.586240
15.219360
13.487040
22.098240
22.860000
22.223520
21.873600
21.702240
20.694240
21.202560
14.306400
21.644640
21.582720
20.914560
20.360160
19.753920
18.120960
19.016640
14.735520
19.192320
15.658560
15.492960
16.529760
13.312800
4.952160
3.421440
20.316960
22.256640
21.843360
21.847680
21.365280
21.245760
7.889760
5.875200
10.968480
13.569120
20.360160
20.341440
19.956960
17.906400
12.254400
13.487040
7.835040
10.199520
17.667360
20.632320
20.315520
15.024960
0.000000
15.701760
11.387520
11.738880
9.545760
13.240800
17.052480
5.096160
10.575360
16.593120
17.074080
15.580800
12.270240
11.090880
0.927360
9.816480
17.159040
17.084160
15.687360
16.212960
16.718400
15.863040
16.577280
15.531840
10.735200
17.288640
16.984800
16.948800
16.295040
13.034880
6.330240
6.989760
8.678880
11.128320
12.965760
12.481920
11.452320
13.760640
13.285440
15.013440
13.276800
14.614560
13.943520
3.513600
7.475040
7.585920
7.071840
6.560640
2.802240
1.451520
4.548960
4.258080
6.668640
10.671840
9.144000
3.042720
11.028960
11.304000
9.436320
10.418400
7.171200
11.404800
9.499680
6.143040
6.134400
3.804480
4.950720
2.949120
3.172320
7.714080
9.299520
8.071200
5.598720
9.923040
10.090080
9.270720
8.125920
4.826880
1.804320
1.393920
5.240160
2.664000
1.717920
4.354560
-99.000000
1.445760
7.067520
3.435840
2.135520
3.847680
3.915360
7.813440
8.311680
3.558240
6.154560
4.596480
6.783840
7.716960
7.561440
6.648480
2.953440
7.646400
3.392640
6.156000
7.381440
7.508160
4.465440
7.459200
7.500960
7.391520
2.541600
3.792960
6.687360
7.166880
7.280640
7.123680
5.430240
6.888960
6.802560
6.988320
7.096320
5.646240
4.000320
6.269760
5.971680
4.201920
6.698880
6.540480
5.529600
3.451680
7.133760
7.489440
7.482240
7.107840
2.064960
-99.000000
-99.000000
2.088000
2.138400
2.376000
7.565760
-99.000000
-99.000000
7.201440
2.226240
2.111040
2.962080
7.188480
8.174880
8.033760
3.751200
8.360640
8.642880
3.546720
3.476160
8.285760
3.103200
3.438720
9.371520
0.596160
3.058560
9.385920
7.954560
8.045280
7.580160
10.009440
10.405440
10.368000
10.680480
11.112480
11.328480
7.691040
6.081120
10.599840
10.167840
9.457920
5.545440
12.107520
9.560160
6.900480
8.350560
7.498080
8.269920
8.769600
7.272000
12.265920
1.321920
13.311360
14.221440
14.099040
13.847040
11.733120
3.039840
7.682400
15.052320
10.956960
11.351520
7.440480
14.313600
15.602400
15.816960
3.774240
9.370080
12.924000
6.824160
2.354400
2.273760
3.643200
9.040320
10.337760
14.304960
11.511360
13.181760
15.697440
14.744160
10.683360
17.385120
16.094880
12.945600
16.325280
13.122720
15.946560
12.157920
10.866240
15.520320
4.682880
6.611040
13.468320
12.767040
17.108640
20.183040
19.755360
19.563840
13.733280
10.984320
14.971680
9.830880
20.401920
16.837920
13.862880
8.553600
17.030880
15.546240
18.184320
16.506720
19.272960
16.858080
19.742400
21.155040
21.585600
13.756320
17.392320
5.716800
7.365600
16.532640
20.856960
7.624800
14.770080
16.647840
4.132800
18.519840
17.271360
15.576480
20.496960
18.691200
16.922880
18.588960
12.987360
20.996640
19.224000
10.167840
18.175680
14.924160
23.921280
18.659520
19.362240
19.614240
22.204800
21.116160
17.308800
10.455840
23.702400
20.900160
21.906720
23.290560
22.726080
22.714560
18.241920
11.266560
7.734240
12.484800
22.266720
20.982240
17.231040
16.289280
17.016480
14.735520
20.384640
18.355680
17.903520
15.256800
20.090880
17.431200
15.986880
19.932480
20.050560
12.830400
16.466400
13.750560
18.800640
19.087200
20.535840
20.217600
19.440000
13.481280
15.305760
20.439360
21.398400
17.269920
15.988320
20.082240
17.477280
18.478080
18.678240
19.157760
15.559200
16.598880
20.433600
14.876640
17.982720
19.637280
20.448000
19.859040
20.089440
15.801120
20.269440
20.672640
9.943200
20.475360
20.276640
15.992640
19.562400
15.239520
21.228480
20.371680
21.892320
21.270240
21.477600
21.535200
20.597760
21.206880
21.303360
21.434400
21.723840
20.695680
10.926720
8.003520
16.266240
10.085760
19.118880
20.327040
19.409760
20.278080
18.129600
18.008640
11.816640
17.208000
19.049760
19.761120
19.035360
19.383840
12.240000
8.681760
8.812800
6.461280
17.236800
17.670240
16.937280
13.697280
12.097440
16.646400
13.874400
13.183200
8.457120
9.164160
9.840960
5.250240
16.138080
5.735520
16.912800
14.761440
16.499520
11.095200
10.922400
7.021440
2.763360
14.340960
16.338240
16.188480
15.743520
10.516320
12.549600
10.576800
14.087520
7.437600
12.051360
14.339520
14.603040
13.864320
13.190400
9.643680
8.687520
7.604640
7.338240
11.522880
9.982080
12.602880
2.623680
3.772800
5.516640
2.204640
8.724960
6.344640
10.899360
9.685440
1.735200
9.728640
7.022880
4.226400
4.819680
10.437120
8.930880
10.346400
8.913600
8.641440
2.331360
1.884960
2.946240
7.441920
9.440640
1.879200
4.775040
8.794080
7.361280
8.328960
8.491680
9.335520
8.981280
5.381280
4.046400
4.668480
7.928640
8.277120
7.136640
5.646240
1.938240
8.102880
6.543360
3.490560
4.893120
7.984800
3.703680
5.860800
8.098560
6.275520
4.127040
7.496640
7.094880
6.647040
1.344960
5.375520
5.253120
7.896960
7.863840
7.888320
7.544160
4.098240
7.279200
3.008160
6.487200
6.109920
7.859520
7.221600
2.842560
7.493760
3.705120
2.514240
3.530880
6.883200
8.241120
8.084160
7.840800
7.845120
7.565760
7.418880
-99.000000
-99.000000
-99.000000
-99.000000
-99.000000
-99.000000
-99.000000
-99.000000
-99.000000
-99.000000
-99.000000
-99.000000
-99.000000
-99.000000
-99.000000
-99.000000
-99.000000
-99.000000
-99.000000
-99.000000
-99.000000
-99.000000
-99.000000
-99.000000
-99.000000
-99.000000
-99.000000
-99.000000
-99.000000
-99.000000
-99.000000
-99.000000
-99.000000
-99.000000
-99.000000
-99.000000
-99.000000
-99.000000
-99.000000
-99.000000
-99.000000
-99.000000
-99.000000
-99.000000
-99.000000
-99.000000
-99.000000
-99.000000
-99.000000
-99.000000
-99.000000
-99.000000
-99.000000
-99.000000
-99.000000
-99.000000
-99.000000
-99.000000
-99.000000
-99.000000
-99.000000
-99.000000
-99.000000
-99.000000
-99.000000
-99.000000
-99.000000
-99.000000
-99.000000
-99.000000
-99.000000
-99.000000
-99.000000
-99.000000
-99.000000
-99.000000
-99.000000
-99.000000
-99.000000
-99.000000
-99.000000
-99.000000
-99.000000
-99.000000
-99.000000
-99.000000
-99.000000
-99.000000
-99.000000
-99.000000
-99.000000
-99.000000
-99.000000
-99.000000
-99.000000
-99.000000
-99.000000
-99.000000
-99.000000
-99.000000
-99.000000
-99.000000
-99.000000
-99.000000
-99.000000
-99.000000
-99.000000
-99.000000
-99.000000
-99.000000
-99.000000
-99.000000
-99.000000
-99.000000
-99.000000
-99.000000
-99.000000
-99.000000
-99.000000
-99.000000
-99.000000
-99.000000
-99.000000
-99.000000
-99.000000
-99.000000
-99.000000
-99.000000
-99.000000
-99.000000
-99.000000
-99.000000
-99.000000
-99.000000
-99.000000
-99.000000
-99.000000
-99.000000
-99.000000
-99.000000
-99.000000
-99.000000
-99.000000
-99.000000
-99.000000
-99.000000
-99.000000
-99.000000
-99.000000
-99.000000
-99.000000
-99.000000
-99.000000
-99.000000
-99.000000
-99.000000
-99.000000
-99.000000
-99.000000
-99.000000
-99.000000
-99.000000
-99.000000
-99.000000
-99.000000
-99.000000
-99.000000
-99.000000
-99.000000
-99.000000
-99.000000
-99.000000
-99.000000
-99.000000
-99.000000
-99.000000
-99.000000
-99.000000
-99.000000
-99.000000
-99.000000
-99.000000
-99.000000
-99.000000
-99.000000
-99.000000
-99.000000
-99.000000
-99.000000
-99.000000
-99.000000
-99.000000
-99.000000
-99.000000
-99.000000
-99.000000
-99.000000
-99.000000
-99.000000
-99.000000
-99.000000
-99.000000
-99.000000
-99.000000
-99.000000
-99.000000
-99.000000
-99.000000
-99.000000
-99.000000
-99.000000
-99.000000
-99.000000
-99.000000
-99.000000
-99.000000
-99.000000
-99.000000
-99.000000
-99.000000
-99.000000
-99.000000
-99.000000
-99.000000
-99.000000
-99.000000
-99.000000
-99.000000
-99.000000
-99.000000
-99.000000
-99.000000
-99.000000
-99.000000
-99.000000
-99.000000
-99.000000
-99.000000
-99.000000
-99.000000
-99.000000
-99.000000
-99.000000
-99.000000
-99.000000
-99.000000
-99.000000
-99.000000
-99.000000
-99.000000
-99.000000
-99.000000
-99.000000
-99.000000
-99.000000
-99.000000
-99.000000
-99.000000
-99.000000
-99.000000
-99.000000
-99.000000
-99.000000
-99.000000
-99.000000
-99.000000
-99.000000
-99.000000
-99.000000
-99.000000
-99.000000
-99.000000
-99.000000
-99.000000
-99.000000
-99.000000
-99.000000
-99.000000
-99.000000
-99.000000
-99.000000
-99.000000
-99.000000
-99.000000
-99.000000
-99.000000
-99.000000
-99.000000
-99.000000
-99.000000
-99.000000
-99.000000
-99.000000
-99.000000
-99.000000
-99.000000
-99.000000
-99.000000
-99.000000
-99.000000
-99.000000
-99.000000
-99.000000
-99.000000
-99.000000
-99.000000
-99.000000
-99.000000
-99.000000
-99.000000
-99.000000
-99.000000
-99.000000
-99.000000
-99.000000
-99.000000
-99.000000
-99.000000
-99.000000
-99.000000
-99.000000
-99.000000
-99.000000
-99.000000
-99.000000
-99.000000
-99.000000
-99.000000
-99.000000
-99.000000
-99.000000
-99.000000
-99.000000
-99.000000
-99.000000
-99.000000
-99.000000
-99.000000
-99.000000
-99.000000
-99.000000
-99.000000
-99.000000
-99.000000
-99.000000
-99.000000
-99.000000
-99.000000
-99.000000
-99.000000
-99.000000
-99.000000
-99.000000
0.776160
0.361440
0.825120
3.398400
6.674400
6.950880
6.438240
6.940800
5.751360
5.402880
6.816960
7.476480
7.346880
3.983040
2.324160
6.769440
5.705280
6.975360
6.799680
1.916640
5.430240
3.182400
6.814080
7.659360
7.524000
3.893760
5.937120
5.659200
5.071680
7.636320
7.845120
8.127360
7.855200
8.203680
8.261280
2.250720
8.481600
8.164800
8.118720
9.429120
9.326880
9.156960
9.637920
6.334560
7.606080
5.908320
8.127360
10.118880
10.271520
10.316160
10.569600
6.500160
10.281600
1.349280
6.855840
5.292000
3.623040
7.064640
5.948640
6.711840
2.321280
1.080000
2.645280
8.331840
12.186720
12.821760
3.032640
1.526400
10.399680
12.463200
3.443040
11.508480
9.414720
14.965920
14.006880
16.204320
16.371360
16.470720
14.637600
16.030080
10.742400
9.720000
13.069440
13.019040
16.007040
11.386080
3.545280
16.824960
13.487040
15.618240
18.028800
18.515520
17.066880
10.745280
19.245600
16.911360
17.372160
9.295200
12.322080
15.014880
13.524480
11.910240
19.404000
20.052000
19.188000
20.322720
7.279200
19.912320
17.180640
1.980000
16.610400
6.958080
12.633120
16.776000
21.854880
16.509600
22.609440
22.102560
11.867040
14.294880
11.509920
14.695200
7.043040
16.872480
23.130720
21.520800
22.517280
21.136320
22.425120
19.412640
3.977280
22.055040
22.904640
21.301920
22.229280
23.477760
19.359360
22.183200
18.430560
16.182720
7.263360
3.332160
1.843200
14.433120
12.149280
22.546080
2.963520
19.759680
11.390400
10.226880
18.280800
5.287680
25.272000
24.419520
16.058880
13.476960
17.156160
2.295360
14.882400
6.634080
15.433920
22.760640
22.648320
3.185280
16.452000
19.127520
25.096320
22.825440
12.528000
25.306560
20.676960
19.942560
9.182880
9.701280
11.383200
25.087680
25.102080
25.740000
8.894880
7.244640
23.981760
25.508160
18.878400
24.145920
25.351200
25.761600
19.476000
17.022240
24.233760
22.593600
21.075840
24.683040
23.460480
23.160960
22.063680
12.225600
24.706080
21.379680
23.091840
15.340320
19.421280
6.514560
6.271200
19.483200
20.910240
8.946720
25.842240
25.106400
24.665760
15.681600
18.462240
24.102720
23.084640
16.391520
22.646880
25.090560
11.027520
11.013120
21.273120
23.091840
21.477600
10.316160
13.593600
22.959360
22.602240
17.671680
22.956480
22.082400
20.563200
14.628960
19.873440
14.800320
22.291200
21.306240
7.143840
8.961120
21.546720
12.813120
3.578400
21.998880
16.224480
20.109600
15.344640
13.890240
8.536320
7.218720
9.938880
4.093920
19.876320
14.652000
6.737760
13.979520
19.948320
19.730880
18.324000
12.202560
18.093600
8.665920
15.723360
17.271360
13.919040
8.928000
14.745600
9.976320
6.814080
13.672800
15.323040
17.062560
13.341600
18.099360
17.825760
17.112960
10.136160
8.532000
11.126880
13.459680
6.991200
2.316960
1.409760
6.220800
12.883680
13.252320
8.102880
15.001920
15.562080
15.572160
15.310080
15.132960
15.778080
14.647680
15.081120
13.926240
12.391200
8.051040
6.071040
6.121440
3.409920
1.166400
7.421760
9.273600
11.384640
10.949760
10.576800
0.675360
8.012160
6.759360
6.016320
3.368160
2.128320
10.092960
11.584800
11.792160
10.944000
1.664640
3.438720
7.868160
5.904000
4.476960
2.576160
10.893600
10.687680
8.667360
9.593280
9.524160
9.139680
9.312480
7.623360
5.273280
6.914880
9.604800
9.861120
9.397440
9.344160
9.305280
4.606560
8.915040
8.858880
8.720640
8.798400
8.019360
6.674400
7.925760
7.977600
7.280640
7.767360
5.160960
4.936320
7.280640
7.116480
4.105440
3.427200
6.557760
1.722240
4.685760
1.071360
1.251360
7.028640
6.989760
6.654240
5.012640
4.505760
5.163840
3.880800
5.408640
5.997600
6.203520
6.403680
7.022880
7.087680
6.541920
6.351840
6.986880
1.745280
3.762720
0.859680
1.117440
2.763360
3.422880
4.934880
5.438880
2.083680
6.642720
6.668640
4.141440
7.436160
6.056640
1.418400
7.441920
7.341120
7.479360
4.528800
7.932960
7.704000
6.213600
7.548480
7.590240
3.939840
8.212320
8.595360
4.975200
4.399200
9.587520
6.563520
7.655040
7.296480
5.961600
5.178240
5.093280
1.788480
2.881440
3.486240
9.655200
10.586880
5.883840
5.146560
9.521280
9.542880
9.773280
11.034720
11.662560
9.475200
12.196800
12.434400
1.876320
4.320000
12.434400
12.866400
12.633120
2.851200
11.903040
12.741120
13.599360
12.576960
5.188320
13.033440
13.652640
3.778560
10.285920
9.403200
2.825280
6.132960
14.418720
16.024320
15.796800
16.001280
16.267680
15.402240
13.753440
12.322080
15.526080
15.334560
15.186240
15.959520
16.800480
17.209440
16.685280
17.040960
11.288160
15.652800
17.809920
17.498880
18.302400
18.400320
17.856000
3.293280
9.230400
3.467520
8.542080
7.365600
7.806240
15.252480
16.282080
16.184160
4.249440
2.337120
8.995680
20.327040
4.829760
12.084480
18.050400
18.015840
19.382400
15.428160
14.313600
19.861920
13.816800
17.824320
21.254400
19.290240
20.380320
22.465440
21.081600
12.866400
19.356480
22.822560
20.122560
20.401920
16.342560
16.765920
23.709600
23.310720
20.443680
23.408640
23.352480
21.005280
18.882720
7.017120
9.803520
10.123200
22.307040
9.083520
13.930560
25.077600
24.230880
14.476320
24.271200
24.137280
18.728640
18.740160
10.409760
11.851200
16.783200
16.826400
24.887520
25.138080
24.294240
24.295680
23.896800
17.395200
24.621120
24.883200
22.985280
19.778400
8.881920
16.348320
19.873440
11.095200
21.565440
22.547520
23.886720
24.913440
21.080160
18.011520
18.528480
21.784320
23.783040
17.042400
14.895360
23.757120
25.790400
25.319520
17.598240
15.920640
15.815520
19.692000
22.753440
21.676320
23.209920
22.060800
22.969440
22.779360
20.455200
21.788640
23.299200
12.859200
15.935040
4.648320
5.309280
20.352960
8.704800
16.191360
19.447200
13.652640
18.198720
14.600160
22.872960
25.279200
23.958720
19.408320
13.767840
14.178240
21.852000
22.975200
23.181120
21.523680
18.048960
22.700160
20.088000
22.533120
16.560000
11.082240
20.063520
10.873440
8.174880
13.284000
11.475360
14.830560
10.975680
13.914720
17.092800
19.991520
21.199680
21.147840
20.980800
21.876480
21.376800
21.193920
20.056320
21.618720
20.891520
20.136960
20.162880
18.108000
18.367200
4.360320
19.065600
17.745120
19.126080
18.613440
20.131200
13.812480
11.378880
10.124640
19.199520
18.835200
8.071200
8.245440
9.839520
16.410240
16.289280
17.903520
14.916960
14.587200
9.492480
13.027680
5.173920
15.240960
12.611520
12.031200
16.318080
15.796800
15.151680
12.044160
15.657120
16.535520
16.367040
15.549120
11.632320
5.705280
9.252000
12.353760
14.554080
14.374080
15.631200
14.130720
12.157920
9.652320
4.970880
11.649600
13.671360
11.160000
13.944960
13.972320
14.158080
12.879360
12.869280
11.005920
13.826880
12.528000
9.329760
5.513760
12.019680
5.902560
8.118720
11.862720
7.356960
9.318240
9.118080
4.716000
10.317600
10.095840
6.635520
7.555680
7.453440
9.815040
10.369440
9.606240
8.775360
7.380000
7.976160
9.485280
6.337440
6.094080
8.235360
7.554240
6.393600
6.469920
8.056800
6.708960
6.069600
3.780000
4.055040
4.743360
7.126560
7.604640
7.603200
7.130880
5.153760
3.654720
7.223040
0.995040
5.526720
6.317280
5.811840
3.417120
2.404800
6.413760
6.671520
5.351040
6.804000
6.098400
5.965920
6.223680
4.924800
1.320480
0.948960
2.479680
3.330720
2.743200
4.161600
6.448320
6.348960
0.711360
0.999360
1.356480
1.759680
5.349600
1.061280
5.932800
2.417760
2.390400
6.046560
3.955680
6.553440
3.340800
4.740480
1.248480
2.528640
6.635520
0.918720
2.291040
7.767360
6.621120
5.726880
1.166400
6.153120
2.561760
7.240320
4.845600
1.648800
0.758880
1.484640
6.527520
6.053760
7.552800
2.734560
4.536000
1.635840
5.711040
6.819840
8.540640
7.184160
8.717760
4.550400
9.468000
8.101440
9.108000
1.224000
9.106560
9.882720
6.747840
2.286720
6.305760
10.843200
11.208960
10.781280
7.882560
11.115360
3.268800
3.644640
6.474240
9.570240
9.452160
12.453120
3.549600
5.243040
7.747200
11.257920
5.721120
12.273120
2.053440
6.096960
12.768480
9.806400
2.908800
12.621600
10.088640
13.256640
3.781440
12.720960
15.570720
13.867200
13.178880
14.924160
15.408000
15.749280
16.184160
15.465600
14.163840
8.524800
3.553920
6.012000
4.083840
9.192960
7.560000
2.867040
3.656160
17.835840
18.123840
15.716160
7.280640
13.932000
16.230240
16.786080
17.799840
15.924960
18.701280
15.913440
16.070400
3.543840
19.874880
16.460640
19.719360
19.837440
2.210400
5.977440
5.333760
14.202720
8.629920
4.720320
3.042720
17.686080
18.947520
16.786080
7.463520
8.131680
21.857760
19.350720
20.954880
21.736800
22.095360
17.049600
6.672960
7.621920
16.241760
2.865600
9.701280
23.899680
21.157920
11.973600
20.665440
6.960960
20.050560
21.500640
16.316640
15.880320
18.226080
25.221600
25.107840
24.933600
24.626880
24.469920
24.408000
24.491520
23.499360
23.777280
24.016320
20.291040
21.600000
10.889280
12.889440
24.517440
23.685120
23.817600
17.680320
16.784640
24.645600
24.760800
20.963520
8.843040
20.944800
8.213760
5.728320
20.525760
15.180480
22.819680
23.135040
9.499680
19.569600
19.091520
24.536160
18.728640
23.876640
25.934400
25.611840
24.134400
21.807360
22.786560
19.782720
21.918240
23.879520
19.630080
21.883680
23.715360
23.734080
21.870720
17.926560
22.497120
24.071040
24.527520
23.365440
21.172320
21.162240
21.274560
21.981600
21.317760
16.958880
21.028320
17.330400
17.616960
22.772160
22.181760
17.526240
17.850240
19.241280
4.752000
16.947360
24.220800
23.621760
5.094720
-99.000000
-99.000000
21.385440
23.268960
18.478080
14.981760
9.614880
17.524800
22.766400
23.643360
22.968000
21.805920
15.913440
16.430400
15.570720
17.873280
15.621120
3.929760
16.865280
15.485760
13.335840
15.798240
17.068320
4.206240
20.501280
20.584800
20.711520
17.552160
19.732320
19.945440
18.014400
20.208960
20.219040
20.108160
20.364480
9.465120
6.372000
9.548640
18.180000
16.522560
17.061120
12.202560
13.809600
19.386720
19.113120
18.601920
14.618880
17.652960
17.642880
17.799840
15.190560
6.956640
3.146400
10.558080
16.932960
5.842080
13.716000
8.539200
6.788160
15.372000
16.665120
16.482240
15.164640
15.091200
15.647040
13.965120
10.559520
9.531360
10.532160
14.224320
14.734080
13.376160
5.675040
5.803200
4.268160
8.521920
12.889440
1.451520
6.829920
13.488480
13.240800
13.255200
13.165920
13.452480
12.994560
12.722400
11.295360
9.321120
8.049600
10.078560
11.581920
12.258720
11.260800
9.453600
4.281120
5.499360
7.276320
5.607360
10.735200
10.087200
10.144800
9.895680
9.737280
6.456960
4.404960
9.496800
9.443520
10.163520
8.922240
8.743680
8.521920
7.817760
8.124480
3.804480
8.578080
2.414880
4.338720
5.250240
4.883040
5.948640
8.004960
7.956000
8.503200
6.913440
6.890400
2.076480
2.135520
6.091200
4.884480
7.453440
7.290720
2.217600
3.120480
1.344960
4.528800
3.912480
6.132960
6.660000
4.885920
3.448800
6.821280
7.103520
7.162560
7.051680
5.480640
4.370400
5.309280
0.532800
1.503360
4.885920
7.541280
7.296480
7.532640
6.812640
5.918400
3.444480
1.684800
2.715840
2.871360
7.237440
7.346880
6.708960
4.186080
3.864960
3.932640
6.960960
6.870240
7.374240
7.325280
7.248960
7.642080
7.660800
7.685280
5.921280
6.812640
6.291360
6.713280
6.661440
8.871840
8.677440
8.768160
8.769600
8.989920
3.712320
1.550880
0.770400
6.955200
7.678080
7.306560
9.686880
10.414080
9.561600
10.262880
10.362240
10.596960
9.681120
8.428320
8.801280
7.652160
4.916160
10.418400
9.784800
10.080000
1.952640
10.896480
9.021600
12.517920
6.984000
12.961440
10.281600
9.633600
11.484000
13.008960
13.210560
10.241280
13.075200
8.160480
14.411520
10.340640
4.027680
6.278400
11.606400
14.520960
14.695200
2.645280
7.716960
14.765760
6.105600
1.075680
13.453920
1.164960
1.916640
5.237280
15.600960
17.284320
17.177760
15.132960
14.194080
9.937440
10.995840
7.349760
12.669120
12.022560
13.713120
17.380800
15.588000
17.251200
17.773920
18.563040
17.441280
3.222720
17.032320
18.420480
18.688320
19.782720
19.945440
18.748800
19.830240
18.040320
19.909440
19.150560
13.619520
19.886400
16.130880
20.017440
19.337760
3.608640
7.470720
2.931840
2.643840
10.486080
11.944800
7.323840
19.075680
21.627360
17.465760
10.812960
20.276640
17.657280
12.828960
20.496960
22.337280
20.921760
12.234240
3.343680
22.975200
20.368800
17.182080
17.925120
18.862560
19.791360
18.404640
24.324480
23.613120
20.928960
20.220480
12.543840
24.127200
23.839200
22.638240
23.978880
24.003360
24.180480
16.878240
15.860160
12.492000
7.848000
14.888160
14.290560
24.276960
17.621280
15.017760
19.562400
20.341440
17.553600
7.421760
23.248800
21.019680
16.570080
21.329280
14.604480
8.084160
24.150240
23.654880
20.501280
15.798240
23.418720
22.044960
14.450400
12.225600
18.866880
21.546720
24.184800
23.836320
24.691680
22.865760
23.042880
20.746080
20.059200
23.739840
17.860320
9.853920
18.138240
23.400000
23.165280
22.259520
23.906880
9.768960
19.018080
23.163840
5.531040
24.793920
23.199840
23.476320
18.360000
19.013760
20.707200
23.869440
22.819680
22.664160
8.578080
23.487840
23.640480
22.155840
15.996960
22.042080
19.892160
9.234720
19.455840
17.115840
7.309440
15.176160
18.646560
21.687840
6.248160
15.225120
12.192480
22.544640
22.756320
22.171680
10.039680
16.322400
14.074560
18.771840
18.753120
19.697760
18.216000
13.014720
18.488160
20.328480
20.394720
17.920800
18.973440
11.918880
16.891200
13.783680
20.793600
13.226400
10.134720
14.225760
11.694240
14.688000
12.466080
16.161120
15.634080
17.432640
18.587520
18.292320
18.303840
15.549120
15.360480
12.322080
14.473440
16.634880
16.945920
15.729120
13.605120
6.612480
6.415200
17.369280
16.787520
15.488640
12.625920
11.609280
9.767520
15.422400
15.488640
15.281280
14.580000
14.489280
14.191200
13.934880
14.343840
14.585760
14.352480
14.166720
13.916160
9.305280
13.664160
13.950720
13.645440
13.635360
13.569120
13.440960
10.722240
5.126400
10.128960
11.724480
11.892960
9.639360
11.864160
5.146560
9.227520
6.327360
3.972960
10.985760
9.630720
2.230560
4.327200
2.956320
9.172800
6.585120
6.400800
4.546080
3.765600
1.336320
8.419680
2.508480
9.442080
8.585280
9.328320
8.396640
7.930080
4.646880
4.085280
2.275200
2.999520
8.648640
4.701600
3.186720
2.702880
2.407680
2.528640
1.042560
7.202880
7.567200
5.454720
7.310880
5.706720
6.347520
6.655680
7.067520
5.613120
4.455360
6.164640
7.089120
5.495040
6.852960
6.920640
6.750720
4.428000
6.242400
6.524640
4.489920
5.745600
3.301920
5.578560
3.810240
6.436800
6.888960
6.897600
6.121440
6.230880
6.943680
7.060320
7.119360
7.112160
6.256800
4.214880
7.120800
7.047360
6.151680
6.157440
6.884640
5.745600
7.045920
6.261120
2.976480
5.961600
7.344000
7.513920
7.498080
7.143840
6.798240
6.638400
4.279680
5.964480
6.937920
0.568800
3.496320
8.084160
8.051040
8.360640
8.569440
8.490240
8.533440
8.799840
8.699040
6.775200
1.463040
7.572960
9.717120
9.931680
5.222880
3.100320
6.624000
10.283040
10.398240
1.980000
10.923840
11.263680
11.033280
10.897920
11.360160
11.972160
11.973600
12.011040
8.282880
12.041280
12.386880
12.091680
11.985120
12.265920
13.065120
12.994560
13.334400
13.684320
12.676320
12.078720
13.504320
12.801600
12.987360
13.455360
13.700160
7.918560
12.952800
7.155360
14.165280
14.850720
14.892480
15.109920
15.435360
14.886720
15.780960
15.621120
15.863040
16.126560
15.770880
16.182720
15.652800
14.561280
15.602400
10.571040
4.115520
15.684480
16.109280
17.732160
17.946720
16.941600
16.878240
18.254880
18.089280
18.666720
17.563680
18.496800
14.797440
6.536160
7.570080
7.503840
11.983680
13.597920
20.521440
20.096640
12.489120
18.959040
7.937280
20.088000
10.360800
17.182080
20.325600
21.545280
13.753440
15.837120
15.589440
12.178080
16.806240
18.581760
21.749760
14.693760
19.870560
9.177120
4.232160
21.270240
13.695840
22.203360
21.348000
19.778400
15.397920
13.577760
18.768960
22.338720
18.528480
22.743360
22.701600
22.898880
20.813760
21.513600
14.012640
24.480000
18.063360
3.542400
9.257760
7.296480
12.955680
12.716640
20.962080
24.475680
23.901120
23.724000
15.965280
23.042880
23.712480
20.413440
23.410080
23.087520
23.618880
22.026240
12.343680
21.648960
22.186080
22.016160
12.664800
18.601920
19.437120
16.488000
12.339360
25.773120
21.496320
18.446400
24.006240
23.261760
22.612320
20.232000
10.239840
22.642560
23.942880
24.082560
23.389920
23.718240
24.164640
23.544000
20.167200
21.929760
22.475520
18.401760
5.556960
23.885280
18.515520
8.190720
10.277280
9.426240
12.072960
14.083200
9.649440
18.761760
18.511200
22.710240
20.831040
17.925120
20.180160
24.091200
24.281280
24.056640
23.474880
22.080960
20.476800
21.396960
21.481920
18.100800
15.984000
17.193600
18.348480
16.188480
21.075840
5.054400
16.174080
21.532320
21.228480
22.429440
20.888640
9.001440
21.780000
20.908800
21.317760
17.341920
20.790720
17.569440
18.319680
12.395520
13.469760
20.033280
19.566720
17.586720
18.475200
12.189600
15.477120
17.827200
17.714880
17.815680
16.616160
17.936640
16.875360
9.493920
15.654240
8.637120
4.875840
17.975520
9.734400
19.920960
19.242720
18.541440
17.609760
17.763840
17.241120
14.217120
12.758400
13.750560
13.943520
15.446880
15.562080
18.139680
17.874720
12.566880
11.060640
7.106400
12.981600
3.869280
10.425600
6.694560
7.791840
16.449120
14.675040
7.392960
6.861600
6.027840
1.555200
15.239520
14.997600
13.861440
11.278080
13.769280
12.179520
11.599200
11.105280
11.852640
13.652640
10.108800
6.148800
7.457760
11.917440
11.957760
13.633920
10.463040
9.368640
4.550400
3.536640
1.018080
9.244800
11.278080
10.584000
10.166400
1.558080
6.701760
3.641760
11.878560
11.495520
2.446560
10.173600
10.746720
10.293120
5.490720
2.736000
9.640800
4.618080
5.330880
7.238880
3.186720
6.392160
2.911680
9.246240
2.816640
1.563840
5.607360
3.336480
0.825120
1.863360
8.167680
7.963200
4.299840
5.140800
7.139520
5.238720
3.385440
3.038400
1.874880
2.370240
7.676640
7.741440
7.505280
7.647840
7.205760
6.569280
7.292160
7.328160
6.225120
7.341120
7.151040
6.279840
6.690240
3.826080
5.071680
2.083680
5.083200
6.572160
3.777120
7.326720
4.062240
4.455360
3.925440
5.509440
6.704640
5.281920
2.858400
6.900480
6.736320
6.749280
6.887520
5.688000
6.127200
2.855520
6.762240
6.639840
7.084800
7.355520
7.297920
7.240320
7.349760
6.606720
2.649600
7.799040
6.436800
5.274720
3.335040
8.131680
3.119040
6.494400
4.692960
1.025280
5.124960
7.748640
4.584960
8.161920
8.550720
9.241920
8.928000
5.001120
9.506880
8.429760
7.693920
9.354240
9.804960
7.761600
10.712160
10.061280
9.735840
10.617120
10.908000
7.740000
10.992960
7.572960
6.752160
9.938880
11.928960
10.529280
12.183840
5.582880
3.617280
3.813120
2.324160
11.715840
7.642080
2.479680
12.877920
4.622400
7.928640
8.722080
13.608000
1.139040
2.145600
13.502880
11.377440
1.234080
1.028160
8.579520
8.910720
10.896480
12.437280
12.417120
9.947520
14.417280
13.232160
16.728480
16.732800
7.865280
4.105440
17.179200
13.685760
18.089280
15.266880
7.953120
11.949120
15.475680
13.960800
6.700320
10.810080
12.784320
10.441440
19.059840
16.781760
14.438880
17.667360
16.279200
8.854560
7.983360
16.924320
16.956000
11.234880
19.756800
15.478560
15.387840
19.912320
20.544480
19.437120
17.884800
18.439200
20.622240
20.610720
18.810720
22.014720
21.902400
19.120320
21.693600
21.913920
1.925280
5.724000
14.294880
2.777760
1.702080
15.946560
22.553280
22.109760
22.415040
22.010400
22.626720
22.836960
17.948160
12.274560
18.073440
21.650400
22.805280
24.112800
23.457600
6.096960
6.115680
22.410720
20.617920
13.443840
15.894720
14.820480
21.254400
23.813280
25.057440
21.585600
25.506720
19.162080
16.212960
11.302560
21.627360
22.291200
20.998080
23.719680
24.930720
24.606720
24.311520
15.289920
20.407680
14.588640
16.158240
10.805760
22.481280
24.026400
24.253920
21.206880
21.323520
23.605920
24.284160
13.727520
3.005280
21.941280
19.604160
13.531680
24.854400
21.106080
25.319520
25.087680
24.494400
23.222880
22.896000
24.582240
24.196320
23.297760
21.358080
18.547200
24.082560
23.977440
24.265440
24.073920
22.842720
21.084480
15.459840
20.881440
21.024000
17.547840
17.281440
22.831200
20.459520
20.256480
16.956000
15.907680
21.915360
22.183200
22.865760
19.340640
20.190240
18.694080
19.722240
16.817760
21.349440
23.868000
21.754080
23.205600
21.703680
18.937440
5.654880
21.201120
15.495840
16.410240
8.588160
19.507680
22.786560
22.587840
21.716640
15.348960
17.847360
20.900160
14.777280
14.035680
18.881280
16.633440
18.292320
14.022720
12.813120
4.779360
11.622240
17.022240
16.846560
12.526560
16.623360
4.406400
14.800320
11.376000
19.267200
19.199520
11.154240
19.058400
15.700320
18.485280
11.862720
2.396160
12.278880
18.361440
16.695360
10.006560
17.984160
18.002880
13.426560
17.422560
17.464320
16.398720
17.657280
16.917120
16.922880
16.549920
16.146720
4.229280
11.946240
7.233120
10.602720
8.981280
9.872640
13.669920
9.931680
12.218400
13.518720
2.085120
4.550400
14.860800
14.623200
14.253120
14.022720
13.550400
13.733280
9.061920
10.579680
11.642400
11.177280
7.849440
12.823200
11.639520
3.453120
5.528160
6.711840
10.327680
3.769920
9.969120
8.254080
4.852800
8.235360
10.944000
10.630080
4.959360
8.364960
11.131200
10.414080
8.128800
8.498880
5.497920
4.929120
10.032480
9.352800
7.928640
8.271360
3.273120
9.037440
9.151200
7.215840
9.191520
9.125280
0.385920
5.898240
2.348640
5.760000
7.860960
6.940800
8.508960
8.238240
7.475040
8.151840
7.901280
7.752960
7.626240
7.555680
3.077280
6.799680
2.973600
5.538240
7.341120
7.308000
7.303680
7.194240
5.999040
6.707520
6.209280
4.145760
6.348960
6.779520
6.554880
5.856480
2.089440
1.650240
6.428160
1.643040
3.493440
6.586560
6.642720
5.542560
2.695680
1.810080
6.917760
5.433120
4.898880
6.973920
6.141600
5.781600
6.017760
3.752640
2.079360
3.471840
4.337280
6.307200
6.834240
2.796480
4.881600
1.582560
2.158560
6.829920
1.556640
2.354400
3.856320
1.190880
6.901920
2.404800
5.662080
5.307840
4.929120
2.532960
7.328160
8.167680
6.907680
8.380800
9.420480
9.136800
6.454080
9.725760
9.338400
4.272480
10.288800
5.539680
9.475200
6.056640
10.061280
10.038240
6.819840
3.064320
3.070080
4.284000
10.709280
10.307520
10.686240
-99.000000
1.812960
10.365120
5.659200
10.997280
10.817280
8.723520
12.985920
12.044160
11.456640
8.930880
10.094400
6.685920
9.725760
6.251040
7.616160
14.027040
13.936320
11.056320
13.672800
15.130080
15.582240
14.738400
15.467040
12.185280
13.072320
11.315520
12.134880
15.932160
16.570080
16.644960
15.361920
13.867200
10.252800
7.120800
8.452800
18.290880
15.204960
11.327040
16.652160
17.072640
11.056320
1.667520
1.686240
14.542560
9.226080
6.088320
1.882080
17.313120
19.503360
19.491840
18.211680
14.294880
17.354880
18.941760
12.683520
18.371520
19.775520
19.402560
14.284800
19.337760
18.479520
21.385440
17.616960
10.221120
7.466400
19.018080
19.992960
15.991200
23.325120
13.904640
21.823200
16.593120
21.663360
19.987200
20.921760
21.244320
23.657760
23.581440
14.235840
15.066720
10.061280
18.859680
22.006080
21.435840
17.282880
2.738880
24.016320
23.986080
22.952160
23.496480
23.937120
11.985120
14.136480
8.674560
15.903360
16.513920
20.692800
6.135840
16.610400
22.580640
16.331040
5.935680
22.131360
15.330240
22.266720
24.367680
23.238720
24.300000
20.452320
21.738240
11.391840
19.392480
21.782880
23.319360
21.781440
23.794560
19.653120
23.699520
8.071200
21.307680
23.365440
18.682560
23.605920
13.612320
21.507840
24.024960
15.966720
17.013600
6.192000
16.515360
19.058400
19.779840
21.211200
22.451040
24.069600
11.288160
9.289440
10.702080
24.069600
24.245280
14.444640
14.096160
19.880640
25.077600
25.236000
25.063200
24.688800
21.468960
20.396160
18.996480
21.222720
20.993760
15.662880
19.532160
21.280320
24.408000
24.264000
23.555520
19.137600
20.717280
21.528000
22.239360
15.720480
23.623200
23.683680
22.914720
8.817120
8.553600
19.663200
14.126400
11.770560
20.054880
20.567520
12.918240
9.381600
19.762560
17.870400
2.596320
22.040640
20.194560
19.828800
15.752160
15.461280
12.424320
19.082880
7.593120
4.803840
9.578880
21.159360
7.695360
12.077280
20.160000
18.067680
8.710560
8.327520
15.819840
18.414720
19.501920
16.247520
10.487520
8.184960
11.537280
8.117280
14.486400
13.187520
13.381920
15.190560
17.916480
16.862400
13.155840
9.781920
14.156640
6.863040
14.546880
11.223360
14.410080
16.313760
9.522720
1.075680
8.710560
14.375520
15.649920
15.760800
13.111200
1.818720
10.942560
7.133760
10.679040
14.656320
14.169600
12.539520
12.185280
10.409760
11.750400
14.230080
11.786400
6.036480
11.381760
11.661120
12.975840
4.207680
10.140480
11.803680
11.514240
12.659040
10.889280
12.054240
11.872800
12.532320
12.525120
11.832480
10.673280
10.126080
4.036320
2.819520
5.110560
8.151840
5.499360
4.733280
6.845760
7.454880
3.107520
10.277280
10.568160
8.995680
5.996160
5.055840
9.695520
2.252160
6.791040
9.135360
4.057920
8.524800
8.625600
8.856000
7.670880
8.388000
4.821120
5.093280
1.457280
4.063680
3.372480
4.597920
6.354720
4.400640
4.109760
1.173600
0.665280
6.073920
7.539840
6.268320
1.000800
7.467840
6.598080
7.416000
5.739840
7.427520
7.106400
7.204320
6.903360
5.083200
2.580480
1.496160
5.057280
3.759840
7.064640
6.870240
7.119360
7.087680
5.345280
6.707520
6.688800
6.834240
6.864480
3.038400
6.289920
7.341120
7.283520
7.476480
6.448320
7.316640
7.128000
7.332480
5.659200
7.261920
7.251840
7.626240
7.594560
7.521120
3.700800
7.853760
7.431840
7.685280
7.439040
4.377600
8.314560
6.037920
3.172320
4.716000
4.235040
5.889600
9.574560
7.230240
9.973440
8.866080
6.379200
9.266400
6.433920
3.137760
10.728000
10.368000
2.970720
9.132480
3.820320
9.751680
11.394720
10.743840
11.335680
11.183040
11.926080
4.302720
4.474080
10.264320
3.998880
5.870880
12.474720
6.059520
11.558880
12.075840
10.090080
10.429920
13.567680
9.315360
14.156640
8.701920
12.504960
14.711040
11.233440
10.949760
10.386720
10.529280
14.466240
15.958080
15.314400
15.382080
12.713760
12.903840
12.411360
15.314400
14.960160
14.834880
15.884640
11.678400
13.669920
16.201440
3.146400
10.095840
7.174080
1.598400
3.074400
1.928160
1.794240
15.943680
16.966080
19.046880
19.199520
12.821760
6.256800
18.964800
19.717920
19.573920
16.776000
20.125440
19.537920
10.736640
19.447200
20.859840
19.064160
17.316000
14.143680
14.037120
20.145600
19.994400
6.338880
14.607360
16.588800
17.004960
21.818880
21.002400
20.378880
11.998080
20.403360
16.777440
13.422240
13.538880
13.633920
20.774880
14.453280
19.009440
15.171840
20.181600
19.265760
7.349760
13.926240
23.549760
15.737760
23.087520
22.996800
21.121920
22.223520
22.932000
18.122400
14.175360
24.380640
24.541920
24.598080
23.878080
6.720480
22.428000
25.208640
25.133760
22.393440
19.303200
20.927520
25.097760
25.057440
24.055200
21.358080
20.044800
24.484320
22.937760
18.969120
23.189760
25.152480
25.467840
25.067520
25.561440
24.583680
19.575360
7.074720
10.923840
20.700000
9.424800
21.428640
15.386400
18.299520
25.227360
25.354080
25.191360
25.346880
24.347520
16.506720
19.241280
24.412320
24.595200
24.681600
24.017760
24.500160
18.695520
23.630400
21.100320
8.563680
20.393280
22.950720
23.591520
23.153760
21.892320
22.263840
24.346080
16.192800
22.561920
23.060160
24.202080
23.178240
21.869280
20.797920
19.306080
20.532960
22.332960
22.394880
17.897760
23.448960
23.833440
13.196160
21.225600
21.509280
23.018400
18.306720
16.256160
2.191680
2.795040
19.319040
14.571360
12.958560
21.168000
20.034720
14.159520
15.837120
7.372800
20.328480
22.708800
14.742720
14.914080
20.295360
22.320000
11.936160
22.082400
10.519200
3.526560
15.585120
17.556480
13.773600
12.744000
15.635520
17.994240
19.241280
15.580800
14.114880
16.440480
17.737920
15.746400
13.479840
19.029600
6.330240
5.212800
3.263040
18.054720
16.076160
13.134240
5.918400
18.043200
7.996320
8.164800
7.596000
15.933600
12.157920
13.972320
17.687520
17.916480
16.212960
16.745760
17.804160
17.553600
17.187840
11.242080
14.830560
15.806880
12.299040
10.618560
15.962400
10.621440
4.514400
10.680480
12.290400
3.818880
4.707360
4.635360
12.719520
14.783040
14.653440
14.376960
12.420000
10.728000
11.072160
3.565440
13.157280
14.286240
12.624480
1.441440
7.492320
1.683360
2.635200
12.443040
12.767040
11.427840
2.612160
6.363360
6.423840
5.477760
10.362240
10.732320
7.077600
4.593600
1.890720
0.352800
7.156800
9.951840
10.343520
10.393920
10.009440
5.173920
9.385920
10.249920
10.120320
4.803840
8.491680
8.951040
7.483680
9.623520
9.456480
8.778240
8.742240
8.438400
7.755840
3.947040
9.224640
8.285760
7.915680
8.285760
8.514720
8.664480
8.256960
8.298720
8.089920
6.871680
7.470720
7.297920
3.990240
2.661120
4.687200
6.419520
5.194080
5.555520
5.624640
5.677920
7.176960
3.506400
5.771520
6.942240
5.667840
6.199200
4.836960
0.740160
6.765120
5.250240
2.864160
4.502880
5.752800
5.770080
6.570720
1.775520
4.908960
7.388640
5.778720
3.516480
4.776480
3.489120
2.054880
6.943680
6.346080
4.917600
7.560000
4.874400
5.315040
5.323680
8.036640
7.794720
2.810880
5.235840
9.165600
7.859520
7.565760
7.940160
8.606880
8.890560
4.105440
6.625440
2.924640
2.666880
3.060000
8.131680
8.225280
3.476160
9.345600
7.384320
10.382400
9.207360
9.221760
10.732320
10.382400
7.264800
10.594080
11.164320
6.546240
3.605760
3.924000
5.532480
8.000640
9.154080
13.135680
13.482720
13.641120
6.419520
13.739040
13.872960
12.173760
10.258560
14.185440
8.687520
12.841920
7.377120
6.881760
11.383200
13.226400
14.283360
11.604960
13.811040
13.623840
15.180480
12.990240
10.401120
12.984480
6.068160
16.041600
16.102080
16.028640
15.658560
1.712160
7.728480
9.544320
15.444000
4.870080
4.806720
13.939200
8.848800
11.530080
17.375040
18.109440
9.973440
17.114400
14.749920
12.172320
14.227200
11.417760
12.983040
8.876160
18.911520
9.131040
4.911840
3.350880
17.739360
20.279520
19.137600
19.042560
15.225120
19.257120
18.099360
20.057760
20.812320
14.099040
19.555200
14.577120
20.617920
15.318720
7.495200
16.335360
7.074720
19.764000
22.815360
22.577760
22.485600
11.622240
5.587200
19.621440
20.293920
23.947200
23.649120
23.541120
22.952160
18.040320
7.303680
5.860800
2.498400
5.100480
6.791040
16.043040
14.083200
23.330880
24.037920
22.991040
24.243840
21.651840
8.447040
20.967840
23.937120
14.106240
11.446560
19.627200
15.827040
9.907200
17.360640
21.813120
20.049120
20.888640
21.970080
23.509440
25.541280
24.726240
17.530560
10.928160
23.646240
15.981120
23.808960
23.110560
22.569120
19.762560
19.444320
17.547840
24.406560
25.001280
22.753440
16.591680
18.565920
20.564640
25.744320
25.253280
23.541120
25.044480
24.141600
23.942880
23.659200
23.477760
24.374880
21.559680
17.233920
21.021120
17.121600
24.053760
20.486880
22.508640
23.339520
21.866400
18.522720
21.559680
23.906880
23.168160
18.627840
20.322720
22.704480
18.384480
24.827040
23.479200
24.405120
23.597280
22.854240
10.609920
18.302400
19.056960
20.460960
23.718240
23.433120
22.949280
21.195360
22.273920
19.408320
16.061760
21.155040
22.559040
20.715840
19.408320
19.048320
22.132800
22.698720
21.893760
22.517280
20.131200
11.687040
22.387680
21.484800
19.919520
20.878560
20.648160
8.775360
18.419040
18.691200
13.973760
15.307200
20.381760
20.560320
19.477440
20.299680
20.584800
18.851040
17.472960
10.392480
10.105920
4.262400
9.558720
18.709920
18.136800
17.772480
16.722720
17.959680
18.548640
11.086560
6.507360
14.176800
13.904640
17.480160
14.156640
12.888000
11.931840
9.358560
16.390080
4.929120
17.840160
17.143200
7.740000
16.365600
11.413440
7.639200
15.235200
11.512800
8.483040
14.509440
15.451200
14.620320
14.054400
13.037760
10.480320
8.678880
13.106880
7.506720
4.021920
11.368800
13.599360
6.075360
8.902080
14.047200
2.662560
5.755680
8.200800
12.929760
8.902080
4.406400
8.385120
8.850240
5.728320
4.006080
3.360960
8.676000
6.475680
3.489120
3.565440
9.681120
8.791200
10.535040
9.799200
7.355520
8.061120
9.413280
9.375840
4.213440
4.046400
9.609120
10.257120
10.147680
9.555840
9.563040
9.161280
8.704800
7.312320
6.698880
9.033120
8.837280
8.544960
7.356960
8.488800
4.841280
1.910880
1.959840
0.387360
5.807520
7.819200
1.190880
1.599840
5.909760
3.808800
4.667040
5.568480
6.338880
4.011840
2.227680
6.259680
6.721920
4.993920
6.174720
5.954400
6.413760
6.631200
6.233760
6.431040
5.772960
4.949280
1.177920
1.539360
4.590720
1.208160
4.253760
5.757120
6.258240
6.672960
6.742080
5.984640
5.703840
5.751360
6.285600
7.283520
6.588000
6.766560
6.170400
5.493600
6.118560
7.166880
7.549920
7.531200
7.476480
7.535520
7.538400
3.774240
7.256160
6.788160
8.012160
8.206560
6.677280
8.549280
8.746560
8.532000
2.278080
0.617760
1.553760
1.484640
4.096800
6.963840
9.149760
4.442400
2.759040
4.716000
6.145920
4.063680
3.365280
7.320960
3.440160
6.870240
5.165280
6.863040
8.448480
8.421120
11.079360
11.288160
3.690720
2.636640
2.888640
1.530720
11.412000
10.133280
7.519680
11.289600
12.267360
10.380960
12.327840
12.817440
10.340640
5.575680
2.882880
13.171680
11.580480
12.650400
0.120960
-99.000000
10.461600
2.841120
14.415840
9.830880
13.589280
14.823360
14.009760
14.983200
15.135840
14.654880
15.670080
6.213600
15.367680
15.472800
16.315200
16.767360
16.597440
16.740000
16.410240
13.589280
14.362560
16.722720
4.080960
13.520160
14.698080
7.567200
17.660160
18.162720
18.024480
11.347200
19.105920
19.572480
19.379520
19.221120
12.625920
19.661760
19.592640
19.965600
19.730880
19.936800
19.905120
20.360160
19.925280
19.915200
17.411040
20.412000
18.882720
20.018880
7.188480
12.745440
21.948480
21.984480
18.809280
21.864960
9.912960
9.851040
7.008480
20.720160
8.367840
16.567200
24.062400
15.530400
9.133920
13.337280
14.038560
24.010560
23.447520
23.110560
14.369760
11.737440
15.896160
18.407520
18.982080
23.353920
22.672800
23.441760
18.624960
9.227520
23.970240
24.523200
15.278400
22.374720
23.914080
24.416640
24.920640
22.550400
13.543200
23.437440
17.791200
20.521440
23.676480
24.156000
15.121440
9.910080
6.072480
14.048640
24.652800
20.316960
13.466880
21.376800
23.132160
24.647040
24.811200
24.973920
24.348960
18.479520
22.577760
24.953760
24.132960
21.987360
21.885120
24.717600
23.516640
21.780000
21.176640
16.187040
21.836160
13.207680
18.652320
23.175360
25.757280
24.583680
25.331040
24.998400
24.717600
24.183360
10.513440
14.407200
13.572000
22.659840
12.294720
21.240000
21.595680
16.915680
20.930400
22.606560
23.780160
17.413920
18.208800
17.203680
14.807520
12.405600
7.414560
6.802560
24.095520
23.700960
23.415840
23.215680
19.363680
13.668480
15.694560
15.001920
7.230240
13.678560
21.453120
21.451680
18.632160
11.908800
11.989440
22.597920
10.788480
22.579200
22.407840
22.060800
21.371040
21.242880
11.934720
15.850080
20.462400
18.969120
17.866080
18.449280
17.520480
17.930880
13.927680
18.734400
14.153760
13.514400
11.744640
17.140320
5.667840
11.473920
13.069440
19.304640
19.935360
13.150080
12.720960
17.873280
17.704800
17.575200
17.254080
4.916160
18.784800
17.791200
11.623680
17.699040
17.449920
2.180160
17.745120
15.173280
17.252640
17.616960
16.744320
9.960480
5.657760
12.467520
15.236640
13.736160
11.262240
9.551520
11.839680
13.115520
6.498720
8.542080
12.919680
14.293440
11.077920
14.113440
14.490720
5.993280
14.064480
14.109120
12.921120
8.553600
9.313920
9.064800
5.405760
7.590240
10.147680
9.571680
2.892960
3.143520
11.779200
11.292480
12.111840
12.061440
11.556000
11.560320
11.085120
11.145600
10.995840
11.394720
10.740960
5.484960
6.707520
6.920640
6.845760
6.498720
10.067040
10.519200
10.470240
3.250080
9.911520
8.817120
9.201600
9.581760
9.691200
9.511200
8.510400
8.948160
8.877600
8.789760
8.860320
8.667360
8.481600
7.992000
6.984000
6.969600
2.393280
8.225280
6.933600
7.721280
7.581600
8.028000
5.549760
7.816320
7.858080
7.479360
7.410240
7.083360
5.447520
3.192480
4.576320
3.548160
2.165760
6.678720
4.435200
3.772800
6.369120
7.233120
7.296480
3.130560
6.991200
5.729760
6.850080
5.374080
6.713280
6.972480
5.695200
4.904640
7.257600
6.115680
4.897440
6.418080
4.227840
7.083360
4.595040
5.302080
7.407360
7.361280
2.292480
3.445920
5.459040
6.986880
7.102080
5.997600
8.039520
3.244320
4.194720
7.820640
8.029440
8.124480
8.121600
5.814720
6.976800
8.844480
8.925120
8.254080
7.640640
2.825280
1.239840
3.975840
6.943680
9.344160
9.338400
9.355680
2.367360
6.310080
5.113440
2.075040
2.599200
2.499840
8.366400
7.594560
9.622080
11.514240
5.362560
4.932000
6.564960
3.199680
11.288160
7.505280
8.618400
12.129120
8.265600
6.589440
8.287200
12.725280
12.800160
10.641600
13.122720
4.947840
1.062720
1.061280
2.270880
5.862240
11.527200
6.492960
10.314720
10.689120
15.431040
8.598240
13.122720
11.946240
12.096000
11.871360
7.997760
9.568800
9.485280
14.099040
6.893280
8.527680
9.512640
12.827520
16.296480
15.927840
11.495520
6.194880
15.968160
18.151200
18.237600
18.383040
18.012960
13.014720
19.461600
18.239040
8.658720
12.117600
17.514720
18.442080
11.975040
2.930400
10.046880
17.984160
10.487520
9.331200
13.615200
14.613120
6.504480
19.954080
2.315520
20.823840
20.724480
20.191680
20.515680
18.387360
15.874560
17.513280
19.140480
18.843840
21.025440
16.858080
5.266080
10.923840
13.628160
19.640160
22.574880
15.615360
9.639360
13.753440
10.045440
12.777120
12.929760
21.142080
19.380960
19.980000
2.832480
24.821280
21.268800
24.154560
23.207040
22.072320
14.207040
21.424320
22.327200
19.261440
18.528480
15.233760
21.114720
20.321280
4.960800
11.332800
4.625280
16.600320
6.253920
18.123840
22.596480
21.745440
6.917760
19.952640
14.410080
11.790720
20.387520
17.642880
15.014880
13.417920
21.041280
20.692800
24.924960
24.811200
24.425280
24.137280
24.372000
25.287840
24.808320
25.002720
14.165280
23.862240
21.913920
19.211040
18.753120
21.955680
13.220640
11.777760
19.905120
23.348160
23.672160
23.556960
22.181760
22.055040
13.777920
23.980320
17.972640
22.998240
16.822080
23.016960
18.182880
21.517920
18.132480
23.266080
21.857760
24.091200
24.287040
18.812160
21.962880
18.044640
15.374880
15.397920
21.962880
17.375040
20.096640
20.666880
21.610080
22.042080
20.124000
22.671360
21.519360
22.540320
22.334400
21.787200
21.552480
20.757600
20.518560
14.109120
16.748640
8.104320
15.085440
7.267680
15.050880
20.401920
20.653920
21.614400
14.695200
14.719680
21.421440
20.812320
20.639520
19.680480
17.608320
16.129440
19.926720
19.483200
19.261440
17.012160
9.144000
14.685120
15.366240
16.453440
18.259200
12.936960
7.872480
13.011840
10.445760
13.154400
17.994240
9.303840
11.596320
10.811520
14.810400
10.755360
17.075520
15.639840
3.474720
14.332320
10.275840
9.312480
15.881760
15.840000
15.721920
15.566400
16.030080
16.182720
4.004640
10.280160
15.710400
15.719040
15.170400
14.859360
14.834880
15.367680
14.823360
14.513760
14.040000
8.403840
13.710240
8.500320
12.299040
10.599840
11.472480
10.962720
10.061280
4.305600
11.571840
3.041280
12.689280
4.644000
0.735840
4.056480
11.446560
10.987200
11.928960
12.075840
11.812320
9.302400
2.551680
8.763840
10.098720
8.521920
5.834880
10.876320
8.380800
10.769760
10.355040
1.991520
9.116640
7.986240
3.395520
9.597600
8.076960
8.432640
4.315680
2.905920
5.044320
2.030400
4.993920
3.165120
2.111040
2.319840
4.698720
7.269120
4.442400
1.732320
8.215200
4.452480
7.200000
7.744320
7.521120
5.326560
7.218720
4.075200
6.935040
4.756320
6.651360
6.477120
7.202880
7.398720
6.647040
5.715360
5.833440
6.200640
5.508000
1.031040
5.834880
4.049280
2.417760
4.461120
4.907520
6.753600
5.856480
6.683040
6.626880
6.527520
6.968160
6.120000
4.773600
6.994080
7.047360
6.981120
7.349760
7.333920
7.312320
7.495200
6.958080
7.657920
7.652160
7.714080
7.440480
7.558560
7.695360
7.983360
7.869600
7.827840
6.590880
7.813440
8.035200
4.603680
6.340320
6.101280
7.405920
3.431520
8.769600
5.976000
5.474880
8.547840
8.236800
9.230400
9.169920
9.584640
2.034720
9.512640
8.095680
6.501600
7.112160
10.697760
10.605600
10.437120
10.307520
9.139680
10.303200
10.176480
7.482240
10.778400
10.445760
10.147680
10.974240
9.347040
12.466080
12.005280
9.246240
8.566560
10.198080
12.058560
12.879360
12.808800
11.436480
12.906720
13.125600
13.891680
13.062240
14.074560
13.662720
14.184000
10.840320
12.273120
2.551680
14.709600
13.914720
14.569920
14.965920
15.471360
12.009600
15.737760
14.453280
16.303680
16.045920
16.551360
17.075520
13.622400
15.852960
17.089920
16.156800
17.330400
17.465760
17.557920
18.272160
18.269280
18.240480
17.372160
17.007840
5.025600
6.684480
12.566880
6.085440
20.151360
14.484960
14.326560
20.433600
10.879200
16.987680
20.550240
21.120480
20.142720
21.119040
17.148960
13.271040
19.054080
8.480160
9.669600
8.909280
4.436640
4.680000
4.212000
15.431040
15.546240
14.675040
22.700160
21.576960
22.688640
13.566240
14.827680
19.372320
18.787680
4.435200
23.742720
24.528960
24.236640
5.280480
12.237120
21.898080
15.922080
23.424480
24.654240
22.309920
24.170400
15.196320
8.896320
13.582080
15.831360
14.594400
24.006240
24.264000
24.372000
19.707840
3.882240
-99.000000
0.282240
24.822720
24.927840
25.319520
24.829920
24.737760
24.903360
24.912000
20.188800
17.340480
10.262880
22.767840
22.798080
23.873760
11.674080
22.466880
5.565600
25.881120
10.702080
20.373120
25.426080
24.505920
23.660640
21.136320
24.127200
22.032000
14.067360
22.885920
22.993920
23.689440
15.647040
23.616000
24.063840
25.214400
25.048800
24.838560
23.806080
23.541120
24.275520
22.815360
23.695200
20.401920
16.227360
9.671040
23.212800
24.395040
23.847840
22.829760
18.473760
18.861120
24.249600
22.860000
22.819680
23.160960
21.234240
21.460320
22.072320
22.262400
22.762080
22.350240
19.990080
10.882080
16.824960
23.971680
22.993920
22.334400
13.862880
18.816480
22.685760
21.790080
19.296000
20.754720
17.946720
13.462560
21.863520
21.391200
21.300480
16.382880
18.773280
19.321920
21.510720
20.782080
18.224640
12.526560
10.425600
8.105760
7.387200
15.439680
20.607840
20.278080
20.103840
19.954080
14.816160
4.034880
19.686240
16.685280
18.900000
17.676000
14.555520
18.506880
19.599840
18.944640
19.139040
19.134720
17.264160
18.401760
15.599520
8.520480
6.444000
16.663680
6.294240
11.838240
15.278400
15.145920
14.980320
12.486240
13.438080
9.187200
9.195840
11.619360
10.343520
16.194240
15.340320
15.596640
11.171520
9.048960
14.803200
11.538720
13.019040
15.164640
14.633280
14.647680
14.591520
12.225600
13.216320
13.356000
8.252640
4.269600
9.079200
7.217280
7.750080
3.726720
13.628160
11.740320
11.125440
8.962560
11.710080
2.607840
9.951840
0.676800
8.606880
11.720160
11.645280
11.260800
10.929600
3.612960
8.992800
9.776160
9.904320
7.636320
7.767360
9.645120
9.743040
9.374400
9.756000
4.487040
7.817760
5.754240
9.600480
7.585920
9.249120
6.481440
2.712960
6.923520
8.845920
5.434560
7.663680
8.802720
5.268960
6.878880
3.726720
3.399840
7.850880
7.564320
7.395840
6.799680
6.526080
4.828320
6.834240
5.460480
5.690880
2.756160
0.315360
1.742400
5.533920
6.444000
7.001280
6.903360
6.274080
4.854240
3.664800
2.305440
7.443360
6.900480
1.369440
3.382560
6.072480
2.875680
2.626560
5.598720
6.101280
6.475680
5.663520
7.017120
7.159680
7.179840
7.017120
6.145920
5.613120
6.282720
6.991200
5.356800
5.240160
7.159680
7.394400
6.681600
7.773120
7.200000
6.341760
2.604960
7.835040
8.012160
6.955200
8.436960
7.020000
7.490880
8.140320
7.469280
1.046880
0.574560
0.113760
3.386880
8.108640
7.781760
3.392640
7.967520
7.420320
2.839680
6.406560
7.495200
6.278400
7.729920
9.024480
8.713440
8.199360
10.537920
9.208800
5.083200
7.536960
9.597600
10.768320
10.487520
3.264480
8.966880
11.167200
10.033920
4.946400
10.892160
10.353600
12.479040
10.517760
12.408480
12.503520
12.882240
13.278240
7.002720
10.082880
12.886560
9.915840
8.724960
10.694880
12.366720
8.052480
11.073600
8.933760
12.970080
12.124800
14.758560
12.673440
8.785440
14.902560
13.714560
12.844800
16.037280
8.190720
0.763200
3.705120
9.862560
12.708000
12.568320
14.319360
3.192480
4.808160
9.210240
5.356800
9.599040
17.403840
15.425280
17.359200
4.243680
0.681120
0.781920
5.954400
15.396480
13.705920
9.109440
9.005760
9.581760
17.608320
19.519200
11.921760
11.702880
16.657920
6.700320
19.232640
7.505280
17.920800
6.276960
12.310560
10.854720
8.654400
5.869440
10.539360
15.474240
20.095200
19.527840
20.970720
6.432480
15.160320
21.960000
14.224320
16.820640
19.749600
22.204800
16.932960
13.839840
21.641760
18.264960
15.665760
10.095840
6.104160
19.192320
8.684640
19.012320
4.881600
19.373760
21.189600
21.100320
24.409440
24.504480
24.281280
23.616000
24.085440
21.420000
18.059040
8.471520
24.266880
22.096800
23.448960
24.357600
13.704480
11.799360
18.059040
15.528960
12.373920
10.042560
25.326720
22.636800
17.323200
23.470560
25.721280
20.855520
8.894880
20.269440
24.174720
23.088960
23.312160
7.699680
16.279200
19.226880
7.688160
13.229280
24.671520
25.022880
24.156000
18.447840
23.155200
23.819040
23.935680
18.221760
18.123840
20.312640
22.875840
21.057120
23.148000
25.459200
24.798240
24.546240
25.381440
16.629120
15.609600
23.506560
23.639040
15.143040
23.117760
19.344960
23.267520
24.151680
24.016320
23.928480
21.954240
16.912800
21.771360
13.644000
23.012640
20.924640
22.451040
20.992320
21.578400
20.144160
21.422880
21.627360
20.505600
21.123360
21.476160
21.047040
22.870080
20.901600
21.876480
20.630880
17.040960
17.676000
13.730400
11.138400
14.384160
16.787520
11.453760
13.619520
21.300480
19.349280
12.447360
20.649600
18.375840
18.879840
19.804320
12.630240
20.233440
18.436320
13.429440
15.467040
11.161440
10.638720
20.439360
19.703520
13.648320
19.058400
19.045440
17.737920
15.359040
17.478720
16.068960
14.762880
8.858880
16.524000
17.377920
17.317440
17.396640
15.729120
14.757120
14.869440
8.442720
4.910400
12.696480
11.969280
12.545280
13.419360
12.172320
8.035200
16.231680
12.852000
15.210720
15.802560
14.454720
13.681440
13.167360
1.982880
14.698080
10.811520
14.761440
13.521600
11.090880
8.853120
9.528480
10.736640
14.012640
13.957920
13.380480
13.482720
10.959840
13.209120
12.300480
11.698560
10.473120
2.571840
9.074880
3.083040
11.003040
11.459520
9.783360
11.365920
11.253600
8.552160
10.572480
10.764000
10.612800
10.379520
9.714240
6.747840
1.476000
0.804960
0.735840
3.333600
8.295840
8.788320
9.024480
8.720640
2.056320
4.872960
6.164640
7.768800
8.627040
8.627040
5.447520
8.177760
8.095680
8.421120
8.153280
7.889760
5.317920
6.677280
2.409120
2.288160
2.164320
6.697440
7.401600
6.084000
7.761600
7.485120
4.023360
7.290720
7.462080
3.672000
3.077280
7.395840
7.054560
4.196160
7.348320
6.531840
1.808640
6.138720
6.819840
3.274560
5.544000
6.206400
6.720480
5.699520
6.690240
4.373280
3.409920
7.466400
7.607520
4.602240
7.234560
5.948640
3.749760
7.071840
5.639040
7.632000
7.479360
7.284960
7.176960
7.526880
1.546560
2.376000
1.467360
2.687040
6.279840
8.091360
7.967520
2.940480
4.825440
8.144640
8.182080
7.400160
7.243200
2.299680
6.605280
6.543360
5.176800
8.913600
2.672640
5.829120
7.421760
8.854560
8.025120
6.704640
7.490880
9.770400
9.770400
7.312320
4.589280
1.923840
7.502400
10.032480
5.097600
2.862720
10.748160
10.182240
4.890240
9.878400
1.179360
1.789920
11.125440
9.496800
3.873600
4.181760
4.345920
1.321920
7.477920
9.030240
5.208480
5.346720
5.790240
11.501280
7.689600
1.589760
1.298880
7.218720
10.683360
10.360800
6.279840
6.186240
2.737440
13.750560
15.300000
13.682880
12.421440
14.886720
16.503840
