20000101
-99.000000
-99.000000
-99.000000
-99.000000
-99.000000
-99.000000
-99.000000
-99.000000
-99.000000
-99.000000
-99.000000
-99.000000
-99.000000
-99.000000
-99.000000
-99.000000
-99.000000
-99.000000
-99.000000
-99.000000
-99.000000
-99.000000
-99.000000
-99.000000
-99.000000
-99.000000
-99.000000
-99.000000
-99.000000
-99.000000
-99.000000
-99.000000
-99.000000
-99.000000
-99.000000
-99.000000
-99.000000
-99.000000
-99.000000
-99.000000
-99.000000
-99.000000
-99.000000
-99.000000
-99.000000
-99.000000
-99.000000
-99.000000
-99.000000
-99.000000
-99.000000
-99.000000
-99.000000
-99.000000
-99.000000
-99.000000
-99.000000
-99.000000
-99.000000
-99.000000
-99.000000
-99.000000
-99.000000
-99.000000
-99.000000
-99.000000
-99.000000
-99.000000
-99.000000
-99.000000
-99.000000
-99.000000
-99.000000
-99.000000
-99.000000
-99.000000
-99.000000
-99.000000
-99.000000
-99.000000
-99.000000
-99.000000
-99.000000
-99.000000
-99.000000
-99.000000
-99.000000
-99.000000
-99.000000
-99.000000
-99.000000
-99.000000
-99.000000
-99.000000
-99.000000
-99.000000
-99.000000
-99.000000
-99.000000
-99.000000
-99.000000
-99.000000
-99.000000
-99.000000
-99.000000
-99.000000
-99.000000
-99.000000
-99.000000
-99.000000
-99.000000
-99.000000
-99.000000
-99.000000
-99.000000
-99.000000
-99.000000
-99.000000
-99.000000
-99.000000
-99.000000
-99.000000
-99.000000
-99.000000
-99.000000
-99.000000
-99.000000
-99.000000
-99.000000
-99.000000
-99.000000
-99.000000
-99.000000
-99.000000
-99.000000
-99.000000
-99.000000
-99.000000
-99.000000
-99.000000
-99.000000
-99.000000
-99.000000
-99.000000
-99.000000
-99.000000
-99.000000
-99.000000
-99.000000
-99.000000
-99.000000
3.686400
23.215680
20.842560
20.580480
22.008960
21.372480
12.476160
24.670080
24.416640
22.705920
2.815200
5.637600
10.116000
12.306240
9.521280
24.487200
24.972480
21.601440
24.173280
24.442560
24.600960
22.589280
22.093920
11.789280
17.110080
20.839680
20.417760
21.346560
15.873120
20.544480
18.279360
19.702080
20.456640
21.251520
20.181600
22.285440
20.413440
21.859200
17.033760
21.424320
9.456480
15.161760
23.335200
21.418560
18.070560
10.108800
22.381920
15.926400
15.298560
18.216000
19.980000
20.950560
20.013120
8.850240
14.394240
16.191360
21.214080
21.107520
12.323520
17.789760
20.855520
20.111040
17.592480
18.192960
15.262560
14.952960
19.831680
11.891520
17.154720
17.910720
18.583200
18.671040
16.498080
11.325600
16.662240
17.778240
17.261280
17.696160
17.082720
16.480800
16.038720
14.662080
9.077760
18.211680
16.138080
13.350240
14.561280
12.792960
14.731200
14.461920
15.373440
9.275040
13.730400
16.410240
5.483520
8.868960
17.110080
16.773120
15.543360
-99.000000
-99.000000
-99.000000
-99.000000
-99.000000
-99.000000
-99.000000
-99.000000
-99.000000
-99.000000
-99.000000
-99.000000
-99.000000
-99.000000
-99.000000
-99.000000
-99.000000
-99.000000
-99.000000
-99.000000
-99.000000
-99.000000
-99.000000
-99.000000
-99.000000
-99.000000
-99.000000
-99.000000
-99.000000
-99.000000
-99.000000
-99.000000
-99.000000
-99.000000
-99.000000
-99.000000
-99.000000
-99.000000
-99.000000
-99.000000
1.329120
10.274400
8.400960
7.220160
6.816960
2.514240
5.158080
7.153920
5.601600
6.573600
9.059040
4.256640
4.419360
6.904800
2.247840
7.331040
4.105440
5.073120
9.224640
8.280000
7.411680
9.630720
8.838720
8.075520
7.934400
4.328640
3.513600
3.709440
7.112160
2.213280
4.343040
7.600320
4.868640
4.864320
2.527200
6.662880
5.988960
1.945440
6.425280
6.197760
5.849280
4.332960
4.927680
1.291680
4.746240
3.252960
4.186080
6.395040
4.416480
4.798080
3.489120
3.343680
3.134880
5.736960
5.283360
4.743360
3.787200
3.411360
2.311200
2.295360
5.585760
5.325120
5.316480
4.864320
5.162400
2.079360
0.868320
1.134720
0.730080
5.110560
5.339520
3.271680
4.177440
5.745600
1.618560
6.675840
3.803040
4.989600
5.313600
4.086720
1.460160
2.702880
4.852800
7.057440
2.495520
5.044320
4.308480
2.903040
1.278720
1.902240
0.846720
5.169600
6.552000
5.084640
1.982880
6.937920
7.505280
3.136320
6.423840
6.429600
5.839200
5.448960
6.940800
0.891360
4.620960
8.490240
5.202720
9.701280
8.210880
8.907840
8.966880
8.189280
3.392640
6.369120
9.116640
9.298080
10.072800
9.802080
8.218080
8.203680
2.126880
10.260000
10.791360
11.695680
6.004800
11.584800
12.155040
11.545920
11.463840
11.985120
2.953440
11.191680
12.751200
8.144640
11.671200
11.651040
7.480800
9.010080
8.036640
7.961760
7.326720
10.923840
3.900960
13.086720
7.405920
11.966400
12.532320
13.776480
14.927040
14.387040
4.675680
10.260000
13.140000
14.744160
11.108160
11.573280
13.069440
14.002560
11.685600
12.837600
11.831040
13.757760
13.482720
5.375520
16.812000
17.540640
17.144640
16.637760
13.573440
15.503040
13.413600
14.544000
7.956000
18.221760
14.702400
13.802400
18.648000
18.518400
8.565120
19.533600
17.899200
8.796960
16.493760
6.582240
9.875520
18.493920
15.812640
18.776160
15.456960
14.508000
15.684480
16.882560
14.675040
18.246240
16.535520
8.668800
11.558880
6.651360
11.318400
11.070720
6.549120
6.851520
12.526560
20.643840
15.749280
8.562240
18.839520
20.820960
17.539200
15.251040
21.074400
16.126560
11.642400
18.946080
23.028480
17.527680
10.890720
12.153600
14.531040
17.442720
21.565440
21.363840
20.864160
21.349440
21.480480
20.753280
16.545600
11.976480
2.486880
-99.000000
20.754720
18.354240
10.314720
21.084480
20.923200
17.611200
5.427360
23.833440
22.678560
21.064320
21.432960
19.920960
19.848960
14.136480
22.131360
23.388480
23.299200
22.772160
19.959840
18.938880
21.142080
19.991520
22.505760
17.316000
23.990400
23.580000
22.690080
22.258080
23.277600
17.689680
15.125040
20.518560
18.391680
17.760240
20.775600
15.120000
19.866240
7.751520
12.506400
17.575200
20.125440
11.036160
12.087360
22.024800
9.646560
5.600160
20.913120
22.822560
21.981600
19.618560
18.054720
20.341440
16.289280
20.027520
18.171360
20.181600
19.978560
18.875520
18.004320
15.598080
17.874720
16.660800
20.194560
17.742240
17.966880
10.779840
18.046080
18.263520
21.674880
20.543040
19.530720
18.940320
16.500960
12.173760
18.570240
16.986240
10.095840
16.405920
19.018080
18.964800
18.408960
17.939520
17.186400
17.272800
16.708320
17.506080
15.860160
10.350720
9.396000
18.072000
18.544320
16.076160
5.601600
18.285120
17.939520
17.331840
15.202080
14.817600
17.362080
17.498880
16.909920
15.523200
10.180080
16.374240
15.708240
11.809440
13.464000
12.054240
10.467360
13.541760
6.893280
14.441760
2.460960
10.920960
14.654880
12.339360
5.931360
7.408800
13.616640
-99.000000
-99.000000
-99.000000
-99.000000
-99.000000
-99.000000
-99.000000
-99.000000
-99.000000
-99.000000
-99.000000
-99.000000
-99.000000
-99.000000
-99.000000
6.863040
9.397440
10.752480
11.165760
6.528960
10.988640
10.585440
9.292320
10.876320
10.654560
9.446400
9.122400
9.020160
7.570080
10.139040
6.541920
9.796320
7.935840
8.840160
8.835840
4.345920
3.126240
-99.000000
-99.000000
-99.000000
-99.000000
-99.000000
-99.000000
-99.000000
-99.000000
-99.000000
-99.000000
-99.000000
-99.000000
0.252000
-99.000000
-99.000000
-99.000000
-99.000000
-99.000000
-99.000000
-99.000000
-99.000000
-99.000000
-99.000000
-99.000000
-99.000000
-99.000000
-99.000000
-99.000000
-99.000000
-99.000000
-99.000000
-99.000000
-99.000000
-99.000000
-99.000000
-99.000000
-99.000000
-99.000000
-99.000000
-99.000000
-99.000000
-99.000000
-99.000000
-99.000000
-99.000000
-99.000000
-99.000000
-99.000000
-99.000000
-99.000000
-99.000000
0.349920
0.603360
0.627840
0.715680
-99.000000
-99.000000
-99.000000
-99.000000
-99.000000
-99.000000
-99.000000
-99.000000
-99.000000
-99.000000
-99.000000
-99.000000
-99.000000
-99.000000
-99.000000
-99.000000
-99.000000
-99.000000
-99.000000
-99.000000
-99.000000
-99.000000
-99.000000
-99.000000
-99.000000
-99.000000
-99.000000
-99.000000
-99.000000
-99.000000
-99.000000
-99.000000
-99.000000
-99.000000
-99.000000
-99.000000
-99.000000
-99.000000
-99.000000
-99.000000
-99.000000
-99.000000
-99.000000
-99.000000
-99.000000
-99.000000
-99.000000
-99.000000
-99.000000
-99.000000
-99.000000
-99.000000
-99.000000
-99.000000
-99.000000
-99.000000
-99.000000
-99.000000
-99.000000
-99.000000
-99.000000
-99.000000
-99.000000
-99.000000
-99.000000
-99.000000
-99.000000
-99.000000
-99.000000
-99.000000
-99.000000
-99.000000
-99.000000
-99.000000
-99.000000
-99.000000
-99.000000
-99.000000
-99.000000
-99.000000
-99.000000
-99.000000
-99.000000
-99.000000
-99.000000
-99.000000
-99.000000
-99.000000
-99.000000
-99.000000
-99.000000
-99.000000
-99.000000
-99.000000
-99.000000
-99.000000
-99.000000
-99.000000
-99.000000
-99.000000
-99.000000
-99.000000
-99.000000
-99.000000
-99.000000
-99.000000
-99.000000
-99.000000
-99.000000
-99.000000
-99.000000
-99.000000
-99.000000
-99.000000
-99.000000
-99.000000
-99.000000
-99.000000
-99.000000
-99.000000
-99.000000
-99.000000
-99.000000
-99.000000
-99.000000
-99.000000
-99.000000
-99.000000
-99.000000
-99.000000
-99.000000
-99.000000
-99.000000
-99.000000
-99.000000
-99.000000
-99.000000
-99.000000
-99.000000
-99.000000
-99.000000
-99.000000
-99.000000
-99.000000
-99.000000
-99.000000
-99.000000
-99.000000
-99.000000
-99.000000
-99.000000
-99.000000
-99.000000
0.000000
-99.000000
-99.000000
-99.000000
-99.000000
-99.000000
-99.000000
-99.000000
-99.000000
-99.000000
-99.000000
-99.000000
-99.000000
-99.000000
-99.000000
-99.000000
-99.000000
-99.000000
-99.000000
-99.000000
-99.000000
-99.000000
-99.000000
-99.000000
-99.000000
-99.000000
-99.000000
-99.000000
-99.000000
-99.000000
-99.000000
-99.000000
-99.000000
-99.000000
-99.000000
-99.000000
-99.000000
-99.000000
-99.000000
-99.000000
-99.000000
-99.000000
-99.000000
-99.000000
-99.000000
-99.000000
-99.000000
-99.000000
-99.000000
-99.000000
-99.000000
-99.000000
-99.000000
-99.000000
-99.000000
-99.000000
-99.000000
-99.000000
-99.000000
-99.000000
-99.000000
-99.000000
-99.000000
-99.000000
-99.000000
-99.000000
-99.000000
-99.000000
-99.000000
-99.000000
-99.000000
-99.000000
-99.000000
-99.000000
-99.000000
-99.000000
-99.000000
-99.000000
-99.000000
-99.000000
-99.000000
-99.000000
-99.000000
-99.000000
-99.000000
-99.000000
-99.000000
-99.000000
-99.000000
-99.000000
-99.000000
-99.000000
-99.000000
-99.000000
-99.000000
-99.000000
-99.000000
-99.000000
-99.000000
-99.000000
-99.000000
-99.000000
-99.000000
-99.000000
-99.000000
-99.000000
-99.000000
2.269440
14.489280
9.845280
4.629600
7.655040
15.658560
15.897600
15.809760
15.242400
13.796640
14.649120
12.424320
8.458560
-99.000000
-99.000000
1.575360
11.472480
12.414240
13.157280
10.631520
9.090720
1.244160
3.035520
7.872480
7.020000
11.384640
10.828800
11.280960
9.462240
5.215680
9.907200
9.403200
10.660320
8.372160
10.798560
4.223520
6.475680
9.190080
8.657280
9.440640
10.162080
3.749760
7.244640
2.954880
9.388800
8.524800
5.927040
3.441600
5.739840
9.234720
9.538560
9.154080
8.245440
8.483040
6.294240
4.924800
7.888320
5.238720
2.882880
8.186400
5.243040
7.545600
6.851520
2.822400
4.668480
7.600320
6.230880
2.236320
1.668960
7.184160
6.840000
5.634720
3.857760
7.384320
2.152800
6.331680
6.968160
7.324560
2.998800
3.617280
6.318720
5.932800
2.694240
0.997920
5.372640
5.093280
5.987520
3.047040
5.158080
5.508000
1.808640
1.952640
1.939680
1.591200
4.906080
5.235840
3.024000
4.959360
5.806080
4.916160
2.391840
4.669920
4.728960
1.558080
6.547680
2.930400
4.560480
4.518720
2.737440
4.825440
0.322560
4.425120
2.121120
3.788640
5.614560
7.182720
6.887520
7.187040
6.996960
6.327360
6.213600
6.953760
6.683040
2.473920
6.796800
4.213440
6.893280
7.809120
7.807680
8.164800
3.863520
6.860160
7.608960
6.799680
5.012640
4.681440
8.825760
7.413120
5.330880
5.359680
9.298080
9.599040
8.974080
9.272160
9.125280
7.089120
8.377920
4.008960
7.115040
7.171200
8.269920
10.791360
2.052000
8.246880
1.002240
0.650880
3.559680
6.461280
5.175360
5.336640
3.761280
0.180000
5.263200
11.783520
4.678560
8.438400
6.117120
13.167360
11.846880
7.329600
12.756960
12.212640
13.309920
14.306400
12.512160
13.134240
13.829760
12.852000
6.491520
14.325120
13.380480
15.536160
16.269120
16.086240
15.704640
15.413760
15.923520
15.141600
15.919200
16.074720
9.146880
2.757600
4.740480
3.327840
8.500320
14.708160
4.959360
18.878400
19.170720
19.278720
18.950400
19.550880
1.311840
15.615360
13.220640
10.740960
15.168960
17.877600
7.490880
13.464000
15.632640
16.171200
17.673120
11.736000
13.417920
18.773280
18.982080
20.522880
18.987840
14.467680
10.929600
20.944800
20.242080
18.882720
7.980480
18.839520
17.781120
22.119840
17.569440
10.045440
10.333440
16.394400
19.740960
19.697760
20.751840
18.364320
20.066400
6.606720
20.901600
21.362400
20.629440
14.870880
21.218400
19.293120
14.054400
19.920960
23.011200
23.400000
17.058240
6.098400
8.890560
18.072000
22.439520
22.574880
21.057120
21.801600
22.183200
15.690240
12.431520
22.446720
6.648480
17.435520
22.841280
21.055680
21.949920
22.199040
22.521600
22.648320
19.457280
21.170880
14.660640
19.591200
17.501760
22.119840
24.379200
24.459840
23.659200
21.892320
23.027040
12.018240
19.203840
20.432160
16.106400
15.120000
21.264480
19.663200
17.386560
16.477920
12.873600
21.216960
19.635840
17.962560
19.268640
21.680640
11.410560
22.381920
21.702240
21.792960
21.617280
21.708000
20.066400
19.611360
22.145760
22.106880
21.447360
11.566080
20.743200
20.340000
18.339840
19.303200
20.041920
20.541600
15.213600
20.024640
21.791520
16.532640
19.935360
21.931200
21.057120
20.836800
20.296800
20.253600
19.848960
10.615680
18.119520
19.543680
19.310400
19.080000
18.669600
16.411680
15.943680
13.845600
16.872480
8.462880
18.822240
19.419840
14.680800
15.857280
17.792640
17.232480
14.562720
17.714880
13.206240
17.461440
16.116480
18.394560
15.397920
10.314720
10.149120
13.553280
15.711840
8.065440
11.679840
13.453920
4.973760
13.176000
15.138720
15.514560
15.995520
17.261280
15.577920
14.819040
16.417440
16.444800
12.687840
16.620480
16.165440
13.520160
14.444640
11.406240
13.537440
14.597280
14.315040
10.824480
1.444320
5.765760
8.638560
5.090400
10.872000
11.979360
12.856320
3.058560
9.465120
11.606400
13.822560
9.583200
13.072320
13.128480
11.941920
3.643200
6.197760
5.902560
1.251360
7.967520
2.471040
0.953280
4.088160
10.951200
2.741760
6.086880
10.991520
10.319040
11.698560
0.974880
5.175360
1.010880
3.048480
6.276960
2.417760
8.936640
9.560160
10.010880
9.650880
9.273600
9.205920
8.917920
1.836000
2.701440
5.173920
4.868640
5.853600
5.015520
5.600160
5.919840
0.905760
6.616800
8.121600
7.100640
3.643200
5.436000
4.337280
1.697760
7.234560
7.020000
4.675680
3.432960
6.510240
4.510080
4.144320
0.512640
2.080800
1.140480
5.669280
4.603680
6.472800
3.352320
6.504480
7.001280
2.160000
6.729120
6.416640
5.696640
4.606560
6.939360
6.130080
4.466880
1.820160
1.715040
5.803200
3.640320
6.553440
4.570560
7.158240
7.322400
6.968160
5.705280
0.712800
5.624640
4.119840
6.504480
3.745440
6.197760
6.897600
6.732000
6.403680
3.751200
2.581920
5.330880
2.272320
4.387680
5.516640
2.246400
3.108960
1.919520
5.387040
6.445440
4.140000
4.328640
7.253280
2.610720
7.459200
7.047360
1.206720
1.141920
4.344480
4.988160
0.953280
6.472800
8.140320
7.966080
8.226720
7.600320
4.936320
4.826880
2.008800
5.719680
2.816640
5.582880
8.303040
9.938880
9.931680
6.870240
10.444320
10.493280
8.154720
10.190880
1.310400
10.575360
6.049440
11.204640
5.955840
1.202400
3.034080
9.871200
7.993440
2.910240
3.039840
5.788800
12.090240
12.093120
12.391200
13.040640
13.495680
9.103680
8.006400
7.021440
9.396000
14.705280
14.277600
8.421120
12.872160
2.342880
2.478240
8.820000
13.626720
13.919040
13.008960
7.734240
12.873600
9.825120
6.226560
6.547680
17.383680
17.015040
15.837120
15.210720
4.338720
11.774880
7.464960
7.496640
12.492000
15.308640
7.492320
17.493120
16.879680
15.838560
2.520000
7.466400
6.078240
18.444960
17.138880
18.105120
16.606080
18.341280
5.607360
10.297440
2.089440
8.781120
12.729600
19.681920
17.533440
19.965600
5.955840
14.110560
20.203200
21.006720
19.481760
18.953280
15.776640
3.062880
17.249760
14.967360
11.305440
0.768960
9.502560
3.237120
17.425440
12.597120
20.468160
17.183520
10.658880
4.047840
15.141600
21.791520
21.356640
22.021920
21.827520
21.627360
21.296160
21.476160
21.949920
18.724320
12.879360
21.422880
22.661280
19.249920
13.520160
19.313280
18.832320
20.021760
11.820960
14.387040
14.461920
21.304800
22.263840
22.570560
22.612320
23.153760
22.481280
20.818080
22.800960
22.345920
13.345920
14.317920
-99.000000
9.718560
22.137120
21.119040
23.978880
21.584160
6.621120
8.308800
16.924320
15.782400
20.728800
8.092800
18.722880
21.820320
22.118400
19.595520
21.843360
21.967200
21.172320
15.634080
21.137760
22.024800
14.598720
15.832800
20.000160
14.528160
9.754560
16.938720
9.119520
8.858880
18.300960
22.916160
22.184640
19.225440
21.314880
19.517760
20.361600
20.007360
16.613280
18.372960
15.268320
17.187840
21.149280
20.784960
21.319200
20.178720
18.319680
18.596160
19.851840
18.262080
17.039520
16.168320
9.123840
16.992000
20.655360
16.146720
18.887040
15.243840
19.061280
19.658880
18.668160
15.539040
19.542240
17.781120
15.166080
13.052160
19.199520
18.786240
16.005600
17.327520
17.504640
9.936000
16.272000
14.960160
18.668160
18.531360
13.170240
9.007200
9.267840
2.990880
14.453280
7.440480
5.207040
13.896000
10.213920
11.600640
10.487520
15.253920
13.923360
13.985280
14.345280
11.052000
15.269760
6.392160
13.271040
16.528320
16.426080
15.292800
13.340160
7.957440
13.671360
15.508800
14.862240
8.205120
14.794560
13.557600
14.143680
13.072320
10.706400
12.458880
10.861920
11.544480
11.835360
11.377440
7.130880
8.552160
7.836480
9.743040
10.202400
11.992320
10.445760
8.267040
8.046720
9.829440
6.912000
8.101440
10.664640
4.417920
8.768160
7.221600
9.848160
9.825120
5.847840
5.963040
7.892640
7.623360
3.813120
7.803360
8.305920
7.495200
5.626080
4.191840
9.050400
7.469280
3.257280
3.758400
8.507520
8.568000
7.993440
6.419520
6.572160
8.209440
6.618240
8.208000
8.586720
6.432480
7.803360
7.453440
6.910560
7.453440
6.870240
6.936480
3.047040
6.168960
6.359040
3.624480
5.329440
6.107040
3.824640
0.424800
6.117120
1.663200
6.449760
5.637600
0.868320
6.022080
1.069920
1.653120
0.646560
1.882080
2.737440
5.947200
1.618560
5.113440
3.365280
1.632960
4.230720
5.231520
6.073920
3.922560
3.605760
5.532480
6.102720
3.404160
5.846400
1.271520
4.750560
2.325600
2.178720
5.103360
6.291360
5.801760
6.150240
6.212160
6.478560
6.000480
5.456160
6.164640
6.297120
5.857920
6.215040
6.380640
6.294240
5.418720
6.386400
6.648480
4.435200
3.899520
5.509440
5.508000
5.027040
6.425280
6.409440
7.041600
6.806880
6.439680
7.813440
7.536960
7.938720
3.094560
8.334720
8.807040
8.544960
8.144640
7.896960
5.508000
8.435520
4.844160
1.794240
3.441600
1.828800
8.071200
9.427680
7.356960
7.260480
8.110080
9.925920
11.054880
10.389600
10.764000
11.103840
5.869440
6.880320
12.132000
6.164640
12.149280
3.862080
8.968320
11.439360
11.859840
13.132800
12.682080
11.760480
9.852480
13.321440
10.314720
13.721760
13.839840
13.855680
13.963680
13.527360
4.055040
13.847040
13.430880
12.726720
10.624320
13.335840
12.791520
14.198400
14.241600
10.775520
2.018880
4.086720
7.689600
8.858880
4.294080
9.534240
9.262080
14.613120
7.924320
11.723040
16.921440
16.966080
5.244480
2.682720
9.936000
13.547520
15.183360
16.145280
2.327040
18.407520
19.245600
15.806880
17.200800
11.576160
17.864640
4.890240
12.293280
18.666720
13.705920
12.378240
11.089440
16.480800
14.001120
17.102880
6.991200
15.431040
20.021760
19.713600
19.666080
17.244000
19.124640
17.042400
9.853920
13.043520
12.637440
20.543040
21.437280
20.838240
20.086560
13.021920
12.202560
15.956640
15.281280
16.201440
10.598400
19.209600
15.422400
1.589760
22.272480
21.702240
20.769120
11.803680
18.197280
17.650080
21.592800
21.574080
22.531680
22.540320
21.263040
21.313440
11.642400
11.494080
21.097440
22.530240
19.033920
18.557280
21.484800
21.633120
21.880800
19.355040
21.741120
21.404160
13.036320
15.475680
10.615680
8.676000
17.856000
17.388000
22.092480
21.697920
21.293280
16.400160
13.654080
19.817280
15.848640
14.640480
21.435840
21.221280
15.999840
13.910400
20.246400
17.537760
15.619680
20.770560
20.511360
13.949280
21.225600
17.712000
18.957600
7.256160
7.989120
22.445280
20.126880
21.431520
20.731680
20.635200
18.563040
20.041920
18.620640
15.456960
21.071520
20.972160
20.553120
18.843840
16.176960
18.722880
11.888640
17.256960
17.786880
17.879040
14.093280
14.094720
17.241120
8.049600
13.972320
20.576160
20.581920
20.430720
19.476000
16.416000
18.305280
15.812640
10.180800
12.843360
19.176480
17.805600
17.256960
18.961920
18.488160
14.101920
5.849280
11.124000
9.144000
11.640960
16.862400
16.865280
13.547520
16.876800
11.888640
2.848320
12.731040
17.124480
16.634880
16.670880
15.428160
15.032160
15.204960
14.179680
12.096000
7.755840
12.268800
7.777440
15.069600
13.845600
13.551840
14.230080
9.620640
14.836320
14.893920
12.872160
10.742400
15.595200
5.522400
14.699520
14.281920
13.308480
11.628000
10.951200
9.954720
9.858240
10.817280
9.580320
4.836960
12.556800
11.175840
11.319840
10.926720
6.513120
3.971520
11.570400
12.038400
11.433600
11.175840
4.802400
1.728000
0.868320
0.427680
2.737440
6.050880
6.819840
7.446240
1.166400
7.336800
5.757120
9.548640
8.966880
3.466080
9.712800
8.016480
7.836480
7.168320
4.759200
7.040160
5.842080
3.329280
7.096320
7.057440
7.100640
1.782720
7.930080
8.585280
8.121600
8.209440
0.325440
0.802080
6.096960
4.252320
3.234240
1.680480
6.200640
7.002720
6.876000
7.020000
6.340320
4.076640
6.334560
5.277600
6.145920
6.904800
3.183840
4.093920
5.787360
5.215680
5.670720
6.464160
5.554080
1.910880
4.127040
4.590720
1.630080
2.754720
6.032160
1.048320
6.039360
5.983200
5.703840
3.647520
2.734560
5.686560
5.754240
5.312160
5.594400
5.885280
5.580000
5.487840
4.026240
5.545440
5.480640
3.136320
5.297760
4.484160
5.520960
6.085440
5.827680
2.933280
3.991680
5.777280
5.495040
6.137280
6.174720
1.031040
2.515680
-99.000000
-99.000000
-99.000000
0.983520
7.125120
6.436800
3.576960
1.503360
6.611040
2.446560
3.191040
2.846880
7.688160
5.372640
7.657920
7.590240
8.388000
7.218720
8.066880
4.831200
3.219840
0.544320
0.776160
2.136960
7.424640
8.712000
4.171680
5.569920
8.578080
9.430560
9.665280
9.349920
9.237600
7.371360
10.248480
10.418400
10.104480
6.567840
9.040320
6.655680
3.862080
11.014560
10.319040
8.269920
9.053280
7.999200
9.290880
7.562880
10.959840
11.628000
5.855040
11.162880
12.343680
7.418880
12.191040
12.296160
8.488800
5.359680
13.402080
9.552960
5.362560
10.362240
12.430080
14.872320
15.216480
15.592320
14.892480
11.931840
12.735360
9.897120
3.968640
2.430720
8.012160
14.179680
6.055200
14.411520
16.374240
15.808320
13.415040
9.663840
10.699200
12.503520
14.839200
15.412320
13.894560
12.985920
11.378880
10.468800
13.789440
14.659200
17.840160
16.840800
16.333920
4.260960
20.184480
18.132480
19.575360
17.048160
12.746880
16.152480
13.374720
19.779840
17.470080
11.566080
15.780960
17.029440
12.176640
16.894080
18.385920
18.616320
16.243200
19.658880
20.606400
20.452320
19.550880
17.915040
16.476480
14.915520
19.418400
17.485920
17.903520
11.031840
19.998720
9.561600
22.203360
13.816800
8.529120
19.671840
19.670400
19.002240
15.395040
15.361920
17.508960
17.274240
19.406880
18.531360
18.231840
24.217920
23.302080
23.559840
23.584320
21.260160
17.752320
21.352320
24.461280
24.536160
24.626880
24.916320
23.578560
23.808960
23.643360
22.697280
20.342880
16.695360
19.972800
21.932640
21.827520
21.077280
22.194720
18.852480
13.023360
21.631680
19.735200
18.351360
9.339840
16.326720
18.912960
19.546560
20.691360
20.504160
21.424320
18.290880
15.971040
19.582560
19.725120
17.831520
20.715840
19.854720
16.948800
21.926880
16.387200
23.505120
21.002400
15.301440
23.035680
20.426400
20.232000
14.853600
14.865120
18.336960
21.634560
19.818720
21.696480
18.741600
19.121760
21.484800
19.562400
18.416160
20.147040
19.355040
20.678400
19.192320
15.312960
20.674080
18.436320
18.263520
-99.000000
-99.000000
-99.000000
12.530880
-99.000000
-99.000000
15.285600
16.680960
20.887200
19.565280
18.983520
5.260320
14.762880
13.443840
6.075360
17.697600
14.018400
17.066880
19.264320
18.934560
19.768320
19.061280
18.383040
10.150560
12.748320
15.104160
19.310400
16.384320
13.380480
19.463040
19.222560
17.534880
8.317440
17.269920
17.232480
17.016480
4.484160
5.868000
13.478400
14.584320
15.049440
15.183360
9.178560
5.768640
4.332960
5.189760
6.295680
13.919040
11.982240
15.897600
13.947840
14.577120
4.469760
2.001600
5.146560
13.618080
14.863680
15.036480
11.986560
8.799840
6.276960
13.168800
8.170560
11.819520
7.191360
13.769280
12.553920
11.308320
10.450080
2.486880
6.855840
6.789600
3.136320
11.172960
11.753280
11.293920
9.766080
7.768800
3.794400
9.959040
9.408960
10.517760
7.152480
9.138240
10.444320
8.575200
8.151840
8.923680
7.957440
8.174880
5.942880
6.667200
5.081760
9.491040
8.638560
4.420800
7.368480
7.483680
6.563520
6.007680
7.335360
7.296480
6.458400
4.816800
7.295040
6.688800
6.546240
1.962720
1.618560
6.573600
6.395040
4.458240
3.221280
5.928480
6.240960
2.993760
3.484800
2.253600
6.236640
2.918880
5.506560
5.047200
6.288480
3.332160
5.960160
3.785760
6.078240
0.679680
5.080320
0.864000
6.415200
6.344640
6.271200
5.657760
4.209120
6.236640
0.751680
5.349600
5.110560
4.819680
6.183360
4.538880
6.068160
1.707840
3.205440
2.940480
6.438240
6.160320
3.987360
4.877280
5.957280
5.909760
5.853600
-99.000000
-99.000000
-99.000000
-99.000000
-99.000000
-99.000000
-99.000000
-99.000000
-99.000000
-99.000000
-99.000000
-99.000000
-99.000000
-99.000000
-99.000000
-99.000000
-99.000000
-99.000000
-99.000000
-99.000000
-99.000000
-99.000000
-99.000000
-99.000000
-99.000000
-99.000000
-99.000000
-99.000000
-99.000000
-99.000000
-99.000000
-99.000000
-99.000000
-99.000000
-99.000000
-99.000000
-99.000000
-99.000000
-99.000000
-99.000000
-99.000000
-99.000000
-99.000000
-99.000000
-99.000000
-99.000000
-99.000000
-99.000000
-99.000000
-99.000000
-99.000000
-99.000000
-99.000000
-99.000000
-99.000000
-99.000000
-99.000000
-99.000000
-99.000000
-99.000000
-99.000000
-99.000000
-99.000000
-99.000000
-99.000000
-99.000000
-99.000000
-99.000000
-99.000000
-99.000000
-99.000000
-99.000000
-99.000000
-99.000000
-99.000000
-99.000000
-99.000000
-99.000000
-99.000000
-99.000000
-99.000000
-99.000000
-99.000000
-99.000000
-99.000000
-99.000000
-99.000000
-99.000000
-99.000000
-99.000000
-99.000000
-99.000000
-99.000000
-99.000000
-99.000000
-99.000000
-99.000000
-99.000000
-99.000000
-99.000000
-99.000000
-99.000000
-99.000000
-99.000000
-99.000000
-99.000000
-99.000000
-99.000000
-99.000000
-99.000000
-99.000000
-99.000000
-99.000000
-99.000000
-99.000000
-99.000000
-99.000000
-99.000000
-99.000000
-99.000000
-99.000000
-99.000000
-99.000000
-99.000000
-99.000000
-99.000000
-99.000000
-99.000000
-99.000000
-99.000000
-99.000000
-99.000000
-99.000000
-99.000000
-99.000000
-99.000000
-99.000000
-99.000000
-99.000000
-99.000000
-99.000000
-99.000000
-99.000000
-99.000000
-99.000000
-99.000000
-99.000000
-99.000000
-99.000000
-99.000000
-99.000000
-99.000000
-99.000000
-99.000000
-99.000000
-99.000000
-99.000000
-99.000000
-99.000000
-99.000000
-99.000000
-99.000000
-99.000000
-99.000000
-99.000000
-99.000000
-99.000000
-99.000000
-99.000000
-99.000000
-99.000000
-99.000000
-99.000000
-99.000000
-99.000000
-99.000000
-99.000000
-99.000000
-99.000000
-99.000000
-99.000000
-99.000000
-99.000000
-99.000000
-99.000000
-99.000000
-99.000000
-99.000000
-99.000000
-99.000000
-99.000000
-99.000000
-99.000000
-99.000000
-99.000000
-99.000000
-99.000000
-99.000000
-99.000000
-99.000000
-99.000000
-99.000000
-99.000000
-99.000000
-99.000000
-99.000000
-99.000000
-99.000000
-99.000000
-99.000000
-99.000000
-99.000000
-99.000000
-99.000000
-99.000000
-99.000000
-99.000000
-99.000000
-99.000000
-99.000000
-99.000000
-99.000000
-99.000000
-99.000000
-99.000000
-99.000000
-99.000000
-99.000000
-99.000000
-99.000000
-99.000000
-99.000000
-99.000000
-99.000000
-99.000000
-99.000000
-99.000000
-99.000000
-99.000000
-99.000000
-99.000000
-99.000000
-99.000000
-99.000000
-99.000000
-99.000000
-99.000000
-99.000000
-99.000000
-99.000000
-99.000000
-99.000000
-99.000000
-99.000000
-99.000000
-99.000000
-99.000000
-99.000000
-99.000000
-99.000000
-99.000000
-99.000000
-99.000000
-99.000000
-99.000000
-99.000000
-99.000000
-99.000000
-99.000000
-99.000000
-99.000000
-99.000000
-99.000000
-99.000000
-99.000000
-99.000000
-99.000000
-99.000000
-99.000000
-99.000000
-99.000000
-99.000000
-99.000000
-99.000000
-99.000000
-99.000000
-99.000000
-99.000000
-99.000000
-99.000000
-99.000000
-99.000000
-99.000000
-99.000000
-99.000000
-99.000000
-99.000000
-99.000000
-99.000000
-99.000000
-99.000000
-99.000000
-99.000000
-99.000000
-99.000000
-99.000000
-99.000000
-99.000000
-99.000000
-99.000000
-99.000000
-99.000000
-99.000000
-99.000000
-99.000000
-99.000000
-99.000000
-99.000000
-99.000000
-99.000000
-99.000000
-99.000000
-99.000000
-99.000000
-99.000000
-99.000000
-99.000000
-99.000000
-99.000000
-99.000000
-99.000000
-99.000000
-99.000000
-99.000000
-99.000000
-99.000000
-99.000000
-99.000000
-99.000000
-99.000000
-99.000000
-99.000000
-99.000000
-99.000000
-99.000000
-99.000000
-99.000000
-99.000000
-99.000000
-99.000000
-99.000000
-99.000000
-99.000000
4.007520
2.852640
0.812160
4.956480
6.675840
6.464160
5.014080
6.808320
6.647040
6.312960
6.336000
6.665760
6.667200
3.513600
3.384000
2.723040
3.273120
5.133600
6.282720
0.911520
4.056480
4.445280
7.221600
7.619040
6.683040
2.583360
5.567040
2.185920
6.955200
5.303520
7.568640
7.649280
5.948640
7.368480
8.128800
7.881120
7.735680
8.205120
8.605440
8.393760
8.533440
8.020800
7.938720
5.050080
6.384960
7.610400
5.719680
9.587520
9.636480
9.833760
10.128960
10.222560
10.075680
8.994240
8.599680
9.048960
8.684640
8.431200
10.229760
4.449600
5.656320
1.607040
3.494880
11.088000
11.263680
11.344320
4.108320
4.340160
7.297920
10.185120
8.360640
10.473120
9.735840
12.682080
10.087200
6.485760
13.883040
14.165280
5.309280
13.750560
7.382880
5.620320
13.062240
8.877600
13.629600
14.250240
9.535680
9.597600
10.978560
12.484800
5.885280
16.473600
6.765120
8.049600
16.941600
13.108320
13.962240
8.380800
7.240320
10.476000
15.426720
12.830400
12.777120
18.442080
12.837600
18.133920
19.022400
18.436320
12.896640
4.890240
15.338880
9.989280
16.057440
2.872800
19.746720
18.417600
14.359680
19.854720
16.410240
3.860640
7.558560
19.844640
10.962720
13.648320
20.335680
19.055520
20.311200
16.763040
21.261600
18.691200
6.017760
20.164320
8.892000
21.816000
21.299040
20.869920
18.743040
13.622400
13.366080
20.913120
17.275680
4.167360
4.083840
9.779040
5.006880
21.427200
18.411840
17.431200
11.651040
13.053600
12.087360
19.283040
18.338400
19.621440
12.595680
18.036000
17.913600
3.134880
16.004160
5.804640
10.488960
18.434880
21.479040
10.764000
3.705120
17.147520
14.182560
15.688800
18.774720
22.595040
20.903040
23.914080
18.214560
15.501600
17.468640
25.060320
11.952000
9.205920
10.195200
18.390240
15.747840
24.690240
24.730560
22.960800
22.875840
24.536160
22.782240
16.014240
23.424480
21.294720
22.736160
24.883200
23.872320
19.049760
21.712320
20.498400
7.885440
24.075360
22.904640
19.177920
12.756960
19.916640
23.402880
22.404960
21.843360
18.649440
12.924000
25.053120
24.963840
18.891360
16.518240
23.063040
22.867200
19.896480
17.989920
24.170400
23.569920
19.071360
18.577440
17.995680
21.517920
21.909600
21.814560
22.564800
22.199040
17.340480
22.079520
21.824640
19.275840
21.031200
20.420640
14.970240
21.252960
21.780000
20.707200
12.288960
19.379520
16.441920
11.810880
19.082880
12.947040
18.666720
20.321280
17.759520
13.481280
19.859040
4.400640
2.282400
20.219040
16.048800
18.420480
18.918720
18.567360
18.462240
18.567360
11.592000
16.881120
16.691040
16.515360
12.965760
14.660640
13.972320
17.854560
17.484480
9.900000
12.741120
11.335680
7.957440
12.741120
15.697440
16.806240
16.473600
10.373760
10.046880
14.135040
16.185600
14.430240
10.789920
9.280800
12.250080
15.249600
9.874080
14.353920
13.864320
13.805280
12.270240
10.916640
9.776160
11.498400
12.264480
13.256640
13.013280
8.484480
7.215840
7.322400
12.183840
11.335680
5.274720
5.461920
9.921600
10.280160
8.598240
7.565760
3.538080
6.821280
9.774720
9.934560
2.941920
8.952480
1.959840
10.003680
10.346400
9.442080
1.490400
4.324320
8.036640
5.768640
5.450400
1.503360
9.685440
1.530720
3.392640
4.357440
7.116480
7.918560
7.211520
7.876800
6.670080
1.683360
8.835840
6.785280
8.209440
8.107200
7.871040
3.936960
7.597440
7.175520
6.710400
6.747840
6.999840
2.648160
7.596000
7.590240
3.853440
4.027680
3.052800
4.927680
5.677920
6.560640
5.417280
3.931200
4.615200
4.885920
3.529440
4.511520
0.973440
6.600960
7.002720
6.696000
5.643360
2.450880
1.388160
1.501920
5.299200
5.306400
5.146560
6.471360
6.694560
6.567840
6.428160
6.337440
4.557600
0.447840
0.819360
1.216800
0.888480
5.729760
5.071680
4.032000
2.689920
6.697440
6.899040
6.071040
1.049760
7.171200
6.287040
2.031840
2.083680
7.197120
7.296480
7.467840
6.480000
7.282080
6.351840
6.950880
6.919200
6.302880
4.753440
7.824960
4.559040
2.849760
3.075840
8.110080
3.936960
7.800480
8.455680
8.112960
2.743200
0.804960
4.364640
5.065920
3.049920
9.357120
6.419520
6.098400
8.539200
8.664480
8.850240
5.777280
2.128320
10.088640
9.561600
10.416960
10.028160
10.035360
10.736640
11.138400
11.162880
11.638080
11.096640
9.887040
11.891520
11.842560
12.016800
12.100320
12.263040
8.544960
2.711520
9.082080
3.921120
2.152800
9.959040
11.777760
13.168800
13.649760
8.330400
12.493440
8.519040
14.076000
14.182560
13.334400
13.851360
14.045760
14.423040
14.400000
14.577120
15.245280
14.637600
15.049440
15.157440
12.847680
13.815360
17.146080
16.365600
2.802240
9.632160
11.894400
1.810080
5.610240
4.125600
9.201600
18.252000
16.971840
17.383680
3.983040
10.116000
15.681600
5.224320
5.099040
2.213280
12.656160
19.039680
15.289920
13.492800
10.434240
17.036640
19.578240
5.414400
18.113760
20.046240
21.767040
18.093600
13.076640
6.844320
16.087680
4.665600
15.197760
14.832000
22.590720
22.158720
21.720960
18.947520
22.200480
22.105440
20.845440
17.061120
14.558400
11.134080
15.423840
16.544160
7.509600
6.526080
20.187360
23.076000
15.284160
21.624480
22.959360
20.734560
10.690560
15.727680
19.995840
21.067200
17.978400
17.684640
24.287040
22.083840
23.469120
20.950560
13.416480
20.956320
21.345120
23.908320
20.924640
9.283680
18.109440
16.909920
15.376320
20.525760
23.443200
17.432640
23.686560
20.710080
14.901120
21.418560
14.614560
21.690720
22.412160
12.396960
24.600960
23.898240
24.713280
25.142400
21.742560
15.373440
16.397280
18.768960
21.444480
20.391840
16.467840
13.338720
16.292160
22.465440
15.318720
16.326720
10.123200
13.073760
15.518880
5.850720
19.352160
22.861440
21.790080
23.006880
20.116800
22.826880
20.923200
11.013120
22.723200
22.973760
21.794400
22.171680
17.946720
21.875040
22.576320
23.070240
22.163040
19.183680
20.779200
21.345120
21.471840
20.495520
21.448800
17.598240
7.565760
21.618720
21.039840
20.269440
9.686880
17.215200
14.608800
18.224640
20.259360
21.153600
21.111840
20.733120
19.591200
19.935360
17.354880
18.671040
19.560960
19.677600
18.463680
17.936640
18.541440
16.028640
9.825120
17.213760
17.732160
17.661600
18.790560
18.707040
16.335360
13.716000
12.506400
9.335520
8.036640
18.627840
18.712800
17.447040
17.028000
16.738560
16.884000
16.773120
14.189760
13.644000
7.136640
6.143040
15.618240
15.619680
14.104800
10.992960
10.264320
8.520480
12.008160
14.654880
14.999040
14.927040
13.108320
13.538880
12.745440
13.877280
11.839680
10.317600
14.047200
13.731840
12.130560
12.356640
12.314880
12.276000
9.354240
7.639200
8.256960
12.689280
11.966400
12.659040
12.988800
12.648960
12.492000
12.348000
12.094560
11.279520
2.010240
2.161440
2.004480
11.125440
9.263520
7.860960
10.766880
10.838880
10.020960
5.798880
9.789120
6.746400
7.449120
2.247840
7.881120
0.910080
7.392960
8.749440
2.682720
6.426720
7.817760
5.572800
4.930560
6.374880
3.955680
5.198400
5.965920
7.372800
6.550560
7.767360
3.453120
4.940640
5.097600
4.737600
6.717600
6.302880
7.436160
6.577920
4.737600
5.915520
3.816000
6.697440
7.486560
6.589440
5.008320
4.829760
5.202720
5.287680
3.336480
4.003200
6.410880
6.111360
6.802560
6.864480
5.888160
2.918880
3.110400
2.466720
4.399200
6.436800
6.874560
6.763680
0.894240
3.029760
2.396160
1.828800
5.590080
1.864800
6.570720
4.337280
3.925440
6.284160
5.591520
5.343840
5.271840
1.550880
1.506240
1.667520
1.641600
0.813600
3.058560
4.681440
6.040800
5.785920
4.973760
6.776640
4.102560
6.948000
3.847680
1.648800
5.667840
0.826560
2.468160
7.973280
7.820640
5.433120
3.402720
5.352480
8.699040
7.391520
6.406560
6.609600
-99.000000
-99.000000
7.053120
9.037440
9.698400
1.582560
5.726880
7.860960
10.408320
4.497120
1.984320
10.821600
10.956960
10.427040
9.479520
10.258560
3.362400
2.803680
8.156160
9.840960
2.780640
11.731680
5.971680
7.593120
10.045440
11.124000
4.800960
9.576000
3.911040
4.541760
12.091680
11.086560
0.910080
8.514720
12.582720
14.771520
8.107200
0.525600
15.592320
11.085120
13.033440
9.113760
15.276960
15.363360
15.917760
15.923520
15.524640
11.723040
12.548160
11.664000
7.950240
2.848320
14.718240
14.096160
11.848320
17.183520
16.483680
13.703040
15.824160
11.364480
14.739840
10.298880
14.411520
15.220800
14.051520
18.943200
13.914720
2.923200
5.266080
18.743040
18.756000
17.370720
3.625920
18.990720
8.919360
13.374720
15.075360
19.572480
19.902240
18.944640
19.441440
18.208800
12.025440
6.308640
18.832320
19.524960
18.069120
21.696480
20.936160
19.716480
15.762240
8.802720
5.762880
3.104640
5.083200
18.086400
7.953120
12.657600
18.105120
17.585280
22.420800
17.746560
9.349920
6.672960
17.412480
23.804640
23.109120
23.227200
23.146560
20.492640
23.330880
23.417280
23.428800
23.186880
23.433120
22.458240
21.975840
18.506880
8.788320
22.502880
14.505120
9.306720
13.145760
20.963520
24.357600
23.312160
23.271840
9.488160
21.954240
21.612960
8.840160
9.027360
8.029440
19.690560
16.778880
13.818240
14.195520
22.291200
20.400480
15.337440
11.043360
23.784480
25.454880
25.109280
24.246720
24.026400
23.837760
22.312800
19.507680
18.567360
18.682560
22.227840
20.941920
22.979520
21.313440
13.471200
23.942880
24.435360
23.569920
21.813120
17.023680
17.295840
19.000800
20.047680
22.181760
22.599360
20.805120
20.679840
20.720160
23.358240
22.548960
19.281600
20.734560
20.262240
8.177760
20.983680
21.876480
22.348800
18.499680
21.320640
13.052160
18.918720
20.158560
19.704960
10.497600
20.652480
21.062880
22.528800
22.646880
21.852000
19.441440
11.442240
17.778240
16.783200
10.612800
18.036000
8.389440
16.724160
20.028960
20.283840
17.602560
12.411360
18.092160
19.732320
19.526400
17.974080
18.112320
19.222560
18.937440
15.380640
19.121760
19.166400
19.175040
20.039040
14.944320
13.740480
17.468640
15.593760
17.390880
14.722560
9.256320
13.147200
16.594560
17.599680
16.800480
16.490880
15.844320
17.007840
15.261120
11.082240
5.536800
6.287040
16.568640
9.358560
1.818720
15.690240
8.657280
8.955360
15.958080
15.128640
11.616480
13.579200
14.703840
12.509280
8.637120
10.785600
11.625120
12.415680
11.494080
13.698720
10.319040
9.709920
5.292000
1.728000
4.331520
5.906880
6.128640
10.481760
11.715840
9.393120
12.893760
12.435840
12.371040
10.486080
10.376640
11.269440
9.086400
6.602400
11.600640
11.658240
10.637280
9.158400
8.896320
5.532480
7.299360
6.734880
7.073280
8.776800
9.681120
9.349920
7.464960
1.144800
4.252320
9.208800
8.301600
8.769600
8.477280
7.587360
6.629760
1.568160
8.801280
5.090400
7.308000
3.880800
2.694240
7.551360
3.405600
7.539840
7.447680
7.041600
7.845120
4.741920
3.680640
1.928160
1.434240
5.004000
3.837600
5.568480
6.976800
1.281600
2.910240
5.549760
5.741280
2.872800
7.223040
6.831360
6.049440
7.195680
7.097760
6.763680
7.008480
3.450240
5.273280
5.038560
5.856480
0.738720
1.954080
2.606400
4.344480
6.991200
7.316640
5.912640
6.050880
3.273120
2.106720
3.974400
2.044800
6.595200
6.611040
2.472480
2.136960
2.818080
5.663520
6.799680
2.718720
6.827040
4.548960
5.021280
6.068160
7.179840
7.387200
6.204960
1.982880
6.835680
5.140800
8.231040
7.424640
8.002080
7.534080
8.081280
8.161920
6.298560
1.951200
5.181120
5.965920
2.435040
2.787840
9.318240
9.954720
8.634240
9.767520
9.669600
10.301760
7.132320
5.833440
6.971040
7.516800
7.433280
8.817120
9.051840
1.674720
4.397760
10.415520
3.235680
11.855520
9.921600
10.730880
7.446240
5.797440
12.574080
10.438560
11.812320
10.483200
13.004640
11.517120
13.508640
8.232480
5.778720
2.574720
13.589280
13.206240
13.556160
6.199200
11.426400
13.993920
12.156480
0.721440
11.622240
2.489760
2.409120
2.885760
4.570560
16.332480
16.021440
16.382880
14.027040
10.375200
14.346720
16.896960
14.908320
12.637440
10.143360
14.162400
6.212160
15.300000
11.989440
17.628480
16.872480
14.410080
13.026240
18.861120
18.639360
18.574560
18.623520
18.239040
17.680320
18.804960
19.160640
15.194880
14.758560
18.230400
18.475200
19.290240
20.075040
15.170400
18.698400
17.953920
5.067360
18.936000
12.427200
11.571840
15.802560
19.906560
3.947040
14.739840
19.056960
17.480160
8.131680
17.396640
21.284640
20.884320
20.623680
9.764640
19.219680
21.749760
21.212640
20.897280
13.760640
18.295200
14.564160
23.964480
23.575680
23.230080
23.293440
23.306400
23.551200
23.077440
22.907520
23.749920
23.644800
23.571360
19.512000
6.618240
21.880800
23.332320
16.956000
12.885120
16.505280
7.620480
15.294240
13.403520
19.536480
19.756800
13.770720
9.256320
14.685120
9.570240
13.533120
18.231840
11.162880
22.655520
22.026240
21.019680
12.003840
14.646240
24.461280
23.568480
22.678560
21.794400
20.046240
21.348000
24.222240
23.711040
24.104160
22.796640
22.059360
24.458400
23.908320
22.995360
15.789600
14.482080
23.402880
21.031200
21.506400
21.820320
22.212000
22.078080
22.619520
10.944000
18.342720
17.726400
19.653120
19.118880
6.672960
14.813280
12.159360
22.579200
12.123360
13.836960
13.193280
21.415680
10.114560
6.027840
19.421280
16.022880
18.397440
11.704320
19.674720
21.490560
19.736640
18.120960
20.540160
17.220960
19.101600
12.970080
6.644160
22.030560
22.356000
21.159360
20.822400
19.359360
14.423040
19.398240
19.908000
19.823040
18.463680
19.781280
19.523520
19.954080
19.409760
18.807840
13.085280
15.029280
11.196000
16.682400
18.031680
16.836480
18.192960
13.656960
15.814080
15.616800
9.561600
9.476640
8.483040
17.763840
16.104960
17.370720
17.028000
17.064000
12.451680
16.813440
17.167680
16.524000
16.063200
14.929920
15.183360
2.992320
17.009280
16.417440
15.233760
15.268320
14.952960
3.964320
14.940000
14.650560
14.402880
14.412960
13.354560
12.611520
13.155840
14.394240
13.857120
14.132160
13.356000
12.981600
9.227520
12.856320
13.256640
12.834720
13.020480
12.997440
12.648960
12.375360
10.882080
11.373120
9.509760
11.180160
9.118080
11.891520
11.868480
6.681600
5.063040
6.297120
9.400320
10.789920
3.100320
1.045440
3.804480
9.712800
7.522560
7.794720
7.845120
3.015360
1.355040
2.494080
2.420640
4.744800
4.160160
9.144000
6.655680
6.720480
3.470400
2.293920
4.482720
3.280320
0.797760
7.335360
7.276320
5.554080
4.993920
1.464480
0.996480
7.680960
7.453440
7.341120
7.593120
6.582240
4.389120
5.207040
6.878880
6.693120
5.846400
4.789440
6.251040
5.793120
6.517440
6.636960
6.251040
5.152320
5.070240
5.166720
5.749920
4.358880
4.953600
5.680800
3.569760
4.173120
6.952320
1.746720
2.164320
3.431520
6.088320
6.562080
7.040160
6.785280
6.514560
5.052960
6.647040
6.733440
6.734880
4.537440
6.644160
1.746720
5.880960
5.924160
4.332960
6.940800
6.992640
6.995520
7.323840
7.248960
7.175520
6.801120
7.225920
7.727040
7.296480
4.782240
7.460640
6.075360
6.291360
7.852320
7.653600
7.860960
7.292160
8.400960
8.205120
7.669440
5.765760
6.137280
1.797120
9.141120
2.835360
5.420160
6.526080
9.262080
10.137600
5.277600
10.477440
10.687680
4.428000
10.337760
11.318400
11.311200
10.504800
9.509760
9.082080
10.500480
11.746080
11.476800
10.674720
8.026560
12.539520
10.035360
12.722400
12.752640
12.127680
11.556000
13.150080
12.084480
13.413600
13.171680
12.916800
13.312800
7.025760
10.437120
12.794400
6.114240
14.241600
14.778720
14.904000
15.088320
14.798880
14.905440
15.302880
15.281280
11.894400
12.804480
14.742720
12.320640
15.361920
10.828800
3.617280
3.735360
15.255360
16.405920
16.722720
16.051680
16.702560
16.932960
17.010720
17.907840
17.680320
17.582400
17.291520
5.133600
6.184800
15.943680
16.869600
18.129600
19.503360
16.833600
11.982240
14.728320
9.455040
14.531040
13.199040
19.586880
13.108320
16.424640
6.374880
12.604320
15.805440
17.756640
0.000000
13.006080
14.518080
15.078240
17.517600
10.481760
11.016000
22.855680
17.912160
22.592160
22.469760
22.459680
15.570720
21.875040
12.634560
22.266720
16.976160
15.140160
22.386240
22.685760
16.166880
9.987840
23.300640
13.806720
24.435360
14.990400
12.929760
5.639040
5.227200
9.940320
2.365920
23.477760
23.110560
20.651040
20.442240
19.494720
17.714880
21.504960
21.839040
22.340160
23.639040
19.820160
9.718560
14.888160
24.200640
20.620800
20.458080
21.405600
17.134560
18.311040
11.439360
19.378080
12.648960
23.662080
24.523200
24.660000
23.872320
22.279680
10.537920
23.155200
20.953440
24.341760
22.687200
21.692160
23.366880
23.922720
23.472000
22.027680
21.036960
21.417120
5.695200
24.533280
23.222880
20.194560
16.028640
18.891360
24.135840
22.770720
23.492160
22.574880
22.917600
20.328480
14.679360
13.557600
21.926880
23.748480
23.772960
23.843520
22.147200
20.748960
8.403840
21.928320
22.327200
22.230720
21.790080
20.583360
17.206560
20.224800
17.396640
20.278080
20.760480
19.647360
18.672480
19.048320
21.745440
20.185920
19.022400
21.504960
21.375360
20.933280
21.299040
14.153760
13.989600
18.128160
20.288160
20.285280
20.642400
19.775520
17.341920
17.942400
13.900320
12.900960
17.982720
17.870400
17.550720
15.546240
20.057760
18.701280
7.657920
10.280160
2.147040
20.124000
20.064960
17.317440
10.067040
15.307200
11.230560
15.128640
17.439840
15.780960
11.731680
14.688000
16.201440
4.980960
16.745760
17.611200
17.143200
14.778720
10.293120
7.614720
13.864320
16.310880
8.808480
9.223200
11.568960
15.062400
13.106880
5.824800
10.431360
6.124320
0.583200
12.562560
14.368320
14.088960
11.642400
11.845440
11.584800
12.342240
10.555200
12.553920
9.676800
10.389600
7.994880
6.389280
7.181280
10.293120
12.866400
11.522880
10.150560
1.614240
4.322880
2.596320
7.873920
7.544160
7.833600
10.154880
3.252960
8.007840
4.345920
11.344320
6.060960
6.589440
1.234080
10.054080
8.074080
4.271040
4.570560
8.151840
4.448160
9.770400
8.529120
4.639680
3.736800
6.937920
8.841600
4.317120
3.068640
7.623360
1.478880
2.040480
1.738080
6.796800
7.621920
5.551200
4.593600
7.202880
6.534720
4.877280
2.224800
1.978560
1.061280
5.791680
7.453440
6.315840
7.492320
3.961440
3.837600
5.533920
7.223040
6.287040
7.070400
6.924960
6.825600
5.610240
5.965920
3.839040
1.710720
4.644000
6.288480
6.678720
5.886720
2.894400
3.961440
4.632480
5.307840
6.412320
4.579200
4.246560
6.829920
5.783040
6.454080
6.563520
6.461280
6.310080
2.085120
7.005600
6.950880
5.101920
6.994080
7.018560
6.837120
6.713280
1.634400
6.636960
7.479360
6.516000
2.412000
4.694400
5.011200
2.450880
8.032320
3.405600
3.725280
4.927680
4.181760
6.325920
2.325600
6.294240
8.897760
3.255840
4.265280
9.360000
8.336160
7.583040
8.281440
7.994880
5.708160
9.692640
8.451360
8.307360
6.078240
10.156320
3.814560
9.224640
6.429600
6.154560
9.554400
11.057760
3.258720
11.367360
9.272160
3.054240
3.408480
6.852960
11.813760
9.692640
2.534400
12.324960
7.336800
11.044800
10.693440
11.914560
6.726240
1.519200
12.854880
12.209760
7.668000
1.506240
2.596320
6.773760
13.266720
14.080320
12.821760
9.442080
7.656480
5.546880
14.153760
16.276320
10.202400
8.664480
6.125760
10.327680
14.572800
10.566720
15.838560
6.222240
4.278240
14.247360
10.707840
3.332160
9.342720
10.866240
12.551040
13.710240
1.759680
14.981760
14.292000
6.658560
3.981600
5.590080
17.919360
10.464480
16.719840
16.044480
12.634560
18.544320
19.581120
20.563200
19.075680
18.410400
19.789920
19.553760
7.516800
17.890560
17.363520
21.827520
21.638880
21.912480
2.305440
6.301440
4.896000
2.675520
2.399040
16.711200
22.425120
21.002400
18.557280
20.600640
19.942560
22.501440
18.171360
19.126080
12.257280
8.199360
15.468480
19.527840
22.700160
12.376800
10.255680
6.200640
23.526720
20.998080
12.271680
12.670560
20.211840
24.298560
14.628960
20.050560
13.197600
19.535040
14.536800
12.700800
12.519360
15.484320
17.949600
21.615840
19.215360
24.966720
19.745280
20.914560
23.335200
21.941280
10.785600
14.261760
18.967680
23.424480
24.181920
23.614560
23.172480
23.558400
23.709600
20.774880
10.920960
21.621600
19.751040
15.719040
23.541120
8.267040
25.378560
24.873120
25.310880
22.669920
12.183840
22.188960
24.600960
22.982400
21.231360
14.191200
24.873120
24.900480
24.274080
23.568480
23.616000
22.259520
18.937440
17.316000
20.472480
15.560640
17.111520
22.078080
21.507840
15.989760
15.190560
13.312800
16.103520
21.011040
21.136320
18.528480
20.341440
22.140000
22.410720
20.589120
18.987840
18.937440
22.861440
22.871520
23.096160
20.707200
15.599520
21.232800
21.440160
19.028160
10.045440
18.941760
22.059360
22.428000
22.121280
19.167840
18.033120
21.411360
21.480480
17.111520
15.107040
20.193120
14.618880
21.572640
21.192480
19.424160
18.948960
10.812960
16.424640
8.277120
11.196000
13.847040
12.790080
17.808480
19.162080
19.098720
16.858080
18.980640
17.595360
18.450720
16.950240
6.602400
11.560320
15.798240
8.328960
3.549600
14.103360
9.145440
16.555680
4.559040
15.228000
11.649600
16.570080
16.747200
13.919040
16.453440
15.552000
15.667200
15.249600
12.312000
14.384160
14.067360
6.792480
10.103040
14.004000
14.247360
12.117600
7.822080
6.412320
12.975840
13.108320
13.786560
12.690720
6.317280
4.570560
1.650240
12.994560
12.163680
11.524320
8.205120
11.783520
11.059200
3.401280
8.280000
8.053920
10.398240
9.309600
8.913600
10.491840
9.433440
6.069600
9.999360
10.131840
2.440800
8.530560
4.844160
8.390880
7.966080
2.774880
2.672640
6.507360
9.053280
6.563520
8.228160
6.896160
5.280480
9.502560
9.077760
3.021120
8.308800
7.483680
4.406400
2.666880
0.853920
4.868640
8.557920
4.635360
5.549760
4.717440
4.851360
7.958880
7.701120
3.293280
7.381440
7.525440
1.895040
6.939360
1.571040
6.968160
7.149600
6.888960
7.094880
7.017120
6.929280
6.171840
5.087520
4.750560
6.220800
6.089760
6.383520
6.649920
3.404160
3.257280
5.659200
2.062080
3.196800
3.578400
6.312960
5.441760
1.798560
2.172960
6.436800
5.764320
3.733920
5.902560
6.376320
4.468320
5.976000
4.662720
4.466880
3.931200
6.405120
4.364640
4.705920
5.181120
3.484800
2.011680
1.170720
2.501280
2.149920
7.113600
4.259520
1.611360
7.539840
2.828160
2.485440
7.467840
8.136000
4.073760
8.045280
6.923520
1.558080
6.685920
6.016320
5.856480
7.153920
3.420000
8.870400
3.067200
9.650880
8.910720
9.421920
5.987520
9.318240
3.288960
6.677280
5.260320
6.246720
8.645760
10.468800
9.954720
7.810560
-99.000000
-99.000000
11.099520
2.436480
9.666720
10.987200
2.089440
12.245760
12.209760
11.155680
10.182240
8.517600
7.251840
6.308640
11.810880
12.877920
8.994240
13.269600
12.900960
11.528640
14.425920
14.535360
14.922720
13.975200
10.296000
11.898720
11.498400
14.068800
14.470560
15.145920
16.125120
15.265440
14.853600
4.227840
10.929600
7.574400
12.088800
13.772160
7.488000
8.732160
15.844320
15.909120
10.933920
4.597920
11.628000
14.859360
3.558240
3.886560
11.700000
19.065600
18.760320
18.452160
9.931680
19.870560
18.684000
8.075520
18.396000
19.090080
19.342080
20.750400
21.094560
20.172960
17.614080
11.648160
3.627360
9.709920
10.666080
20.306880
17.599680
18.141120
19.523520
21.074400
15.046560
17.788320
11.232000
12.418560
21.936960
22.835520
23.689440
22.785120
17.866080
16.721280
20.352960
21.817440
15.111360
4.934880
10.592640
15.115680
24.353280
24.397920
24.120000
23.749920
17.244000
22.322880
12.293280
4.783680
12.440160
20.403360
23.726880
13.060800
5.284800
19.546560
17.052480
14.293440
14.088960
19.769760
25.081920
15.880320
20.105280
17.730720
24.433920
15.166080
19.743840
23.225760
22.404960
24.009120
23.342400
22.661280
20.537280
3.477600
15.181920
17.075520
8.269920
16.472160
23.428800
24.022080
23.700960
12.553920
17.966880
17.487360
8.321760
10.887840
22.965120
24.343200
8.228160
23.297760
18.070560
17.861760
20.193120
19.742400
23.306400
21.150720
6.323040
22.279680
19.471680
17.771040
22.608000
15.858720
15.783840
17.340480
18.393120
23.813280
23.088960
21.814560
19.150560
10.981440
19.425600
23.739840
23.208480
21.366720
9.838080
22.389120
21.183840
5.143680
22.252320
21.941280
22.422240
15.266880
14.708160
21.886560
19.385280
14.880960
21.000960
17.291520
20.432160
14.793120
18.817920
20.414880
16.151040
8.887680
18.112320
11.139840
18.377280
20.351520
17.294400
17.161920
10.824480
11.862720
3.454560
9.156960
13.512960
16.191360
19.113120
15.203520
16.313760
9.273600
13.144320
16.452000
19.199520
19.274400
18.931680
4.680000
15.027840
15.024960
15.971040
13.461120
14.100480
17.367840
16.649280
17.081280
16.482240
11.309760
13.112640
13.523040
10.722240
13.548960
15.746400
12.588480
7.836480
7.116480
10.185120
9.118080
15.556320
15.383520
14.980320
3.384000
10.938240
4.592160
13.834080
14.497920
14.179680
12.690720
9.851040
12.487680
10.856160
13.485600
11.308320
11.036160
12.759840
10.372320
12.487680
5.696640
9.747360
10.854720
11.783520
11.970720
9.969120
9.011520
9.266400
11.793600
11.443680
11.183040
10.270080
10.703520
4.337280
5.054400
8.072640
6.403680
8.419680
6.816960
9.195840
7.996320
2.109600
8.076960
9.862560
9.195840
7.531200
7.767360
4.970880
6.451200
8.500320
8.408160
2.966400
5.666400
7.954560
6.281280
7.786080
7.773120
6.605280
4.055040
3.090240
1.929600
2.617920
3.418560
1.507680
5.670720
5.094720
1.183680
0.944640
1.334880
7.279200
6.425280
1.311840
5.699520
6.151680
5.798880
5.135040
6.999840
6.742080
6.677280
5.225760
3.643200
3.631680
0.593280
3.401280
1.706400
4.593600
6.347520
6.294240
6.654240
6.593760
6.271200
6.148800
6.252480
7.246080
1.020960
5.821920
7.094880
6.576480
7.233120
6.714720
6.577920
6.511680
6.780960
7.037280
6.691680
6.835680
6.959520
6.603840
6.976800
7.346880
7.535520
5.191200
7.041600
7.212960
1.910880
6.950880
6.121440
1.471680
7.562880
2.848320
5.552640
8.310240
7.319520
8.709120
3.536640
4.046400
8.222400
5.729760
7.937280
6.533280
9.537120
7.719840
2.400480
1.490400
6.337440
6.353280
4.032000
10.271520
10.503360
10.431360
9.424800
8.786880
8.376480
7.778880
5.788800
7.261920
4.318560
11.318400
11.599200
10.817280
2.491200
12.853440
6.104160
13.036320
9.740160
6.979680
10.631520
12.319200
7.099200
6.848640
3.231360
2.207520
14.751360
14.647680
12.867840
8.556480
13.088160
13.685760
13.305600
15.377760
9.083520
6.831360
3.389760
4.937760
4.992480
8.242560
11.580480
7.352640
1.186560
6.029280
9.092160
2.702880
6.187680
17.095680
18.528480
17.310240
12.035520
12.667680
18.207360
17.930880
18.272160
15.230880
18.296640
19.765440
19.759680
19.137600
19.962720
20.057760
18.766080
17.223840
19.585440
19.965600
20.439360
18.781920
9.712800
13.263840
17.187840
11.813760
16.161120
21.186720
10.553760
12.726720
20.507040
13.766400
9.096480
4.243680
20.779200
11.344320
21.339360
13.407840
17.441280
11.406240
19.768320
11.304000
22.184640
21.215520
19.834560
22.344480
21.457440
21.882240
22.163040
16.719840
17.262720
18.901440
20.996640
23.745600
23.133600
4.733280
20.242080
24.209280
24.600960
20.774880
22.885920
22.998240
23.908320
25.061760
23.675040
23.035680
22.658400
21.244320
20.178720
23.541120
23.208480
23.574240
24.588000
24.395040
23.808960
19.170720
12.827520
20.532960
19.660320
9.300960
19.635840
19.326240
12.905280
18.036000
24.982560
23.130720
20.321280
25.246080
24.487200
23.175360
10.222560
25.338240
24.202080
24.651360
21.448800
24.363360
24.320160
23.280480
21.314880
20.449440
21.582720
18.822240
23.135040
22.599360
22.311360
22.694400
24.647040
23.757120
22.541760
22.469760
22.101120
22.429440
17.906400
22.193280
19.985760
21.297600
17.157600
22.033440
20.813760
15.863040
23.251680
13.728960
13.291200
20.475360
7.459200
15.504480
8.854560
14.212800
19.975680
19.645920
22.561920
21.650400
20.579040
20.708640
21.296160
20.057760
8.953920
15.603840
19.535040
21.205440
19.647360
10.596960
16.015680
12.777120
20.651040
15.757920
12.856320
18.103680
20.174400
19.248480
13.825440
14.977440
15.380640
19.967040
19.712160
18.816480
17.051040
19.084320
18.426240
13.910400
17.519040
11.587680
12.155040
3.720960
11.458080
18.185760
18.218880
18.092160
17.915040
5.469120
14.971680
13.960800
9.950400
12.179520
6.184800
16.014240
15.131520
15.480000
12.990240
16.992000
16.345440
6.972480
14.886720
16.017120
15.508800
15.168960
14.798880
12.775680
2.316960
2.072160
12.261600
11.449440
9.190080
6.562080
10.477440
12.709440
7.983360
13.122720
13.668480
13.082400
12.814560
7.394400
6.295680
12.458880
7.210080
11.688480
7.048800
8.798400
8.291520
7.735680
6.904800
10.995840
11.298240
3.559680
8.098560
3.584160
6.094080
9.686880
7.696800
10.334880
10.120320
7.565760
3.271680
8.897760
9.519840
9.476640
9.200160
9.118080
4.495680
7.958880
8.848800
8.700480
8.709120
7.549920
8.035200
8.235360
7.888320
8.262720
7.555680
7.607520
6.468480
5.724000
7.894080
8.022240
8.087040
1.755360
7.636320
7.915680
7.009920
7.220160
7.260480
7.133760
5.688000
4.600800
5.434560
2.023200
5.420160
3.117600
5.529600
6.472800
6.567840
5.531040
4.677120
4.083840
4.930560
4.966560
5.415840
5.544000
3.597120
1.919520
1.687680
5.659200
5.836320
5.863680
6.144480
4.498560
5.101920
5.539680
6.459840
5.706720
5.935680
4.273920
3.499200
2.053440
2.635200
1.156320
0.800640
5.100480
3.388320
7.050240
3.602880
4.678560
5.029920
7.104960
6.949440
3.169440
5.011200
8.084160
7.649280
2.348640
4.412160
7.567200
7.611840
6.268320
6.907680
3.209760
2.373120
3.719520
7.646400
6.410880
3.787200
7.492320
2.286720
9.354240
8.631360
4.872960
9.920160
9.571680
9.005760
3.365280
9.735840
5.378400
5.785920
2.178720
6.930720
10.242720
5.719680
11.505600
9.319680
10.435680
4.438080
11.888640
11.694240
10.427040
7.944480
11.165760
9.848160
9.283680
4.367520
5.270400
6.177600
4.625280
14.044320
10.751040
12.392640
13.887360
10.493280
13.163040
9.545760
15.134400
5.287680
13.518720
11.711520
14.997600
14.978880
10.736640
9.236160
3.045600
2.891520
10.332000
8.782560
5.876640
15.135840
8.938080
16.747200
17.798400
9.059040
17.043840
6.552000
9.663840
14.883840
18.168480
10.931040
7.282080
5.457600
15.906240
12.837600
6.848640
15.379200
17.566560
18.223200
18.946080
19.674720
17.877600
16.418880
16.591680
19.602720
20.409120
19.918080
19.258560
19.067040
19.975680
19.104480
10.232640
13.825440
12.008160
21.876480
20.921760
11.152800
3.385440
9.381600
17.317440
5.016960
21.290400
22.891680
20.907360
18.060480
21.492000
11.479680
15.229440
4.471200
2.052000
13.222080
13.852800
17.249760
14.798880
14.587200
22.091040
22.194720
11.894400
15.701760
11.352960
24.107040
23.808960
14.529600
23.012640
21.876480
17.288640
22.402080
22.471200
8.651520
12.075840
14.204160
14.055840
10.022400
15.366240
21.312000
13.489920
23.302080
19.379520
23.179680
24.233760
22.674240
18.635040
13.567680
19.395360
13.747680
8.447040
19.609920
13.684320
16.001280
10.334880
24.805440
25.047360
24.033600
24.619680
25.014240
24.333120
23.381280
16.577280
24.183360
23.944320
20.128320
17.013600
22.479840
21.489120
24.482880
23.022720
20.229120
23.146560
22.435200
17.244000
24.012000
22.937760
21.795840
19.637280
14.683680
12.499200
24.946560
24.603840
23.811840
24.383520
23.852160
18.180000
19.571040
8.735040
20.220480
22.930560
20.594880
21.598560
19.764000
21.905280
21.153600
20.959200
20.077920
19.342080
21.605760
20.540160
17.817120
21.862080
22.292640
22.671360
21.928320
15.537600
20.995200
21.584160
21.336480
21.474720
20.859840
20.577600
16.755840
16.943040
13.570560
19.270080
12.247200
20.623680
20.983680
20.445120
20.342880
20.278080
20.154240
19.366560
17.832960
13.914720
18.750240
18.426240
17.860320
18.360000
15.786720
14.438880
17.300160
18.296640
17.699040
14.839200
15.295680
14.184000
16.963200
16.724160
16.441920
8.007840
14.829120
15.406560
7.953120
15.842880
15.490080
5.519520
9.244800
15.400800
12.977280
14.076000
11.161440
12.850560
15.151680
15.022080
14.618880
14.639040
11.206080
8.929440
12.584160
11.815200
11.865600
3.489120
13.361760
9.576000
12.533760
9.633600
10.666080
4.556160
2.557440
7.200000
11.764800
7.351200
2.930400
10.091520
8.052480
6.557760
11.982240
1.794240
9.115200
6.402240
4.111200
6.757920
11.155680
10.784160
10.507680
10.452960
8.254080
9.784800
8.968320
9.131040
5.284800
4.775040
4.304160
7.188480
9.554400
9.053280
6.300000
8.742240
7.904160
3.116160
7.434720
8.599680
8.245440
7.901280
7.485120
6.971040
4.569120
1.939680
3.827520
1.704960
6.459840
6.125760
3.376800
5.222880
5.276160
2.126880
3.991680
7.215840
7.296480
7.117920
2.378880
3.332160
6.613920
6.697440
6.137280
6.616800
5.103360
6.275520
6.546240
6.046560
6.292800
4.212000
3.137760
2.878560
6.125760
2.828160
1.411200
2.532960
6.012000
6.037920
6.272640
4.737600
5.832000
6.645600
6.737760
6.793920
6.308640
6.336000
6.153120
5.196960
6.693120
6.739200
7.309440
7.403040
7.008480
4.085280
7.250400
1.889280
4.960800
6.418080
6.503040
7.806240
7.652160
5.463360
7.666560
7.734240
6.406560
1.846080
1.794240
1.268640
1.910880
8.029440
2.250720
4.547520
2.314080
2.272320
8.376480
7.300800
7.655040
6.537600
7.038720
7.344000
6.107040
2.172960
10.224000
7.256160
8.782560
10.602720
7.064640
4.017600
2.430720
1.447200
4.642560
6.383520
7.290720
10.604160
8.837280
8.553600
11.751840
11.894400
12.124800
6.043680
7.701120
13.194720
12.677760
12.146400
0.041760
-99.000000
10.700640
8.991360
9.600480
11.891520
12.481920
7.380000
12.153600
10.097280
15.341760
14.654880
7.099200
11.777760
15.405120
15.693120
15.685920
15.657120
14.564160
16.192800
16.247520
10.097280
13.068000
9.338400
2.694240
14.248800
16.642080
12.209760
17.681760
18.012960
18.257760
14.436000
8.674560
17.392320
18.522720
16.689600
18.480960
19.133280
19.630080
19.231200
19.761120
19.478880
17.487360
19.869120
19.820160
18.234720
11.172960
20.367360
19.257120
20.688480
21.749760
22.112640
21.316320
21.371040
20.999520
20.646720
17.586720
3.754080
6.065280
22.010400
21.006720
12.445920
18.154080
10.169280
5.679360
14.895360
17.418240
16.148160
19.742400
23.221440
20.423520
19.130400
15.855840
22.229280
19.298880
16.027200
23.355360
21.229920
22.658400
20.183040
12.728160
18.243360
23.981760
19.045440
23.772960
23.783040
24.249600
23.330880
23.621760
23.093280
21.084480
8.111520
18.541440
21.703680
21.333600
18.839520
17.470080
21.389760
18.826560
24.720480
24.068160
20.049120
22.952160
23.909760
23.519520
24.079680
23.610240
16.313760
23.927040
25.293600
24.965280
23.765760
21.778560
21.764160
19.634400
20.180160
22.105440
12.242880
17.516160
21.372480
8.419680
10.124640
15.884640
16.254720
25.212960
24.822720
24.461280
24.409440
19.936800
22.462560
9.921600
18.646560
18.717120
17.307360
22.829760
20.689920
24.418080
24.824160
24.040800
22.937760
20.442240
20.384640
15.003360
12.978720
21.601440
18.803520
23.356800
20.282400
21.640320
22.469760
20.460960
21.791520
19.156320
20.746080
11.442240
20.269440
19.864800
20.806560
20.453760
18.303840
21.278880
6.789600
20.357280
16.178400
17.894880
21.758400
20.371680
20.653920
17.019360
17.235360
19.897920
19.290240
14.689440
21.101760
21.003840
20.113920
18.394560
17.915040
18.226080
16.048800
17.233920
17.367840
17.411040
14.896800
4.108320
12.919680
18.900000
12.474720
16.074720
17.892000
6.694560
17.352000
15.675840
3.058560
18.216000
11.043360
9.296640
16.961760
12.592800
3.106080
12.543840
15.906240
8.248320
17.163360
16.570080
15.647040
12.591360
12.006720
13.841280
8.506080
11.322720
14.299200
11.331360
13.739040
5.628960
10.740960
6.134400
7.823520
13.574880
13.881600
14.332320
14.186880
13.744800
12.896640
12.752640
12.795840
11.432160
11.783520
6.671520
11.977920
12.152160
9.685440
8.700480
3.841920
8.762400
10.823040
8.808480
11.230560
10.922400
10.897920
7.257600
10.488960
11.086560
10.579680
10.343520
10.198080
9.567360
7.611840
7.616160
3.204000
9.116640
9.823680
9.466560
5.781600
4.586400
7.607520
6.811200
8.781120
9.057600
8.899200
8.559360
8.298720
8.082720
8.180640
8.110080
7.783200
7.765920
6.151680
7.027200
4.813920
2.229120
7.871040
7.524000
7.400160
2.894400
7.590240
1.324800
2.090880
7.619040
7.094880
6.858720
6.716160
5.866560
2.888640
5.542560
1.880640
0.725760
2.689920
4.337280
3.836160
2.694240
6.880320
6.132960
0.992160
5.256000
3.196800
6.213600
5.117760
6.554880
4.968000
6.022080
3.852000
5.192640
5.758560
2.468160
5.747040
6.680160
6.364800
3.510720
6.212160
6.148800
6.819840
3.746880
1.356480
3.130560
6.845760
6.449760
3.663360
7.336800
4.838400
1.949760
7.182720
7.485120
4.132800
5.692320
6.481440
2.820960
3.091680
4.698720
8.133120
8.098560
5.636160
1.588320
3.617280
8.631360
8.727840
8.723520
7.498080
1.264320
5.173920
7.211520
4.209120
3.536640
6.383520
5.525280
5.330880
9.486720
8.929440
4.446720
5.077440
8.033760
6.674400
10.440000
5.906880
3.120480
9.659520
7.171200
3.048480
10.288800
11.183040
11.841120
9.735840
8.622720
8.933760
9.423360
1.664640
2.378880
12.296160
11.871360
7.843680
6.284160
14.097600
13.622400
7.803360
13.142880
11.825280
13.782240
9.735840
10.450080
11.905920
13.248000
10.477440
11.730240
14.476320
13.350240
13.044960
16.731360
15.713280
17.580960
1.657440
8.542080
12.453120
11.036160
16.549920
8.563680
17.884800
14.068800
18.522720
14.541120
13.183200
17.576640
13.534560
15.992640
11.517120
2.185920
18.911520
17.213760
12.886560
9.177120
8.161920
5.372640
18.270720
12.288960
20.829600
20.119680
19.834560
20.275200
20.584800
15.651360
13.214880
20.243520
19.189440
21.581280
20.828160
20.491200
9.300960
19.749600
16.799040
23.112000
16.374240
8.521920
8.376480
13.010400
17.547840
16.774560
8.166240
13.154400
22.288320
16.634880
12.026880
8.233920
10.938240
20.244960
21.156480
22.705920
19.530720
23.670720
18.542880
14.153760
17.382240
22.203360
19.087200
20.799360
12.608640
15.685920
20.144160
9.593280
22.979520
17.304480
17.100000
9.120960
16.624800
12.493440
16.490880
10.967040
22.674240
21.009600
12.075840
15.822720
16.071840
24.166080
25.554240
13.154400
22.119840
22.145760
24.658560
25.041600
24.537600
13.111200
15.755040
25.732800
21.719520
24.552000
24.386400
23.523840
14.178240
22.472640
23.927040
23.328000
22.307040
23.330880
24.049440
13.656960
22.030560
16.634880
21.571200
22.056480
21.682080
16.256160
21.955680
18.512640
22.603680
22.980960
12.529440
23.549760
22.668480
23.077440
21.980160
19.444320
10.808640
23.464800
13.037760
21.320640
20.790720
21.137760
16.002720
21.522240
21.375360
21.134880
19.477440
21.218400
21.470400
21.085920
20.471040
19.340640
18.855360
15.264000
7.248960
20.848320
20.710080
17.922240
16.080480
16.829280
21.574080
20.561760
10.572480
16.970400
20.144160
20.508480
18.764640
19.654560
15.408000
18.208800
13.011840
19.359360
19.329120
17.409600
13.062240
13.399200
10.078560
18.105120
16.405920
9.840960
15.230880
14.978880
11.131200
12.867840
15.651360
10.715040
10.654560
16.994880
11.944800
16.758720
13.235040
10.405440
14.450400
12.974400
9.312480
15.213600
15.773760
15.086880
14.839200
15.160320
12.405600
12.598560
14.686560
14.958720
14.948640
12.556800
12.839040
14.549760
14.544000
14.561280
14.281920
13.700160
12.941280
9.020160
11.884320
8.622720
6.243840
11.954880
5.767200
3.896640
5.542560
6.526080
7.418880
3.162240
3.234240
6.085440
5.292000
11.298240
11.355840
11.488320
11.584800
11.118240
7.869600
0.914400
1.974240
1.095840
9.347040
1.912320
9.034560
6.320160
8.089920
4.183200
4.992480
9.145440
5.813280
9.074880
4.736160
7.194240
6.929280
4.334400
3.988800
6.899040
4.478400
3.746880
1.416960
1.100160
2.701440
5.529600
6.418080
5.751360
1.961280
7.166880
3.414240
2.970720
7.620480
6.583680
5.758560
3.330720
5.931360
6.576480
4.893120
5.168160
5.673600
5.937120
2.887200
5.529600
5.474880
3.888000
6.361920
5.793120
2.046240
4.995360
3.667680
0.747360
6.111360
4.979520
6.027840
5.934240
4.668480
6.415200
5.908320
5.536800
6.708960
4.347360
6.295680
5.267520
6.569280
6.923520
6.749280
6.782400
7.378560
7.176960
2.331360
6.952320
5.837760
7.207200
5.214240
7.349760
7.397280
7.535520
7.453440
5.178240
7.308000
7.701120
6.333120
5.895360
6.177600
7.619040
2.193120
6.049440
5.922720
2.420640
8.729280
8.173440
8.520480
5.015520
4.386240
3.110400
9.195840
7.423200
6.795360
1.876320
3.876480
10.221120
3.143520
9.731520
7.440480
8.078400
9.662400
5.830560
9.707040
11.230560
10.909440
11.260800
11.521440
11.603520
11.100960
9.440640
4.259520
11.098080
11.715840
12.497760
12.641760
12.451680
12.566880
12.224160
13.278240
12.902400
13.186080
11.727360
12.028320
9.578880
12.477600
9.915840
10.758240
14.464800
13.370400
14.083200
15.588000
14.008320
9.904320
14.469120
15.670080
16.058880
15.760800
16.911360
15.503040
16.876800
16.966080
16.403040
16.287840
16.915680
17.307360
17.377920
18.072000
17.369280
17.508960
17.760960
12.034080
16.495200
11.100960
4.921920
18.328320
14.257440
19.036800
19.674720
18.593280
8.857440
19.316160
12.847680
20.187360
20.754720
17.362080
14.322240
12.827520
17.645760
11.551680
18.612000
10.621440
7.018560
4.357440
10.154880
19.203840
10.719360
18.436320
14.988960
19.647360
21.623040
22.322880
22.053600
8.530560
6.922080
18.828000
23.868000
23.677920
18.030240
9.084960
22.302720
18.550080
9.020160
23.692320
22.864320
23.804640
24.107040
21.396960
4.256640
8.318880
15.268320
19.360800
18.912960
22.975200
22.561920
6.251040
-99.000000
0.213120
21.667680
18.262080
23.977440
24.465600
24.444000
24.713280
23.133600
19.297440
22.947840
18.846720
20.858400
21.134880
24.520320
12.582720
20.089440
3.070080
25.079040
23.695200
16.617600
22.633920
24.814080
24.373440
23.287680
22.066560
21.255840
19.771200
22.184640
23.300640
22.633920
22.337280
23.204160
23.361120
23.549760
22.908960
23.027040
22.305600
21.754080
16.666560
23.284800
22.913280
22.042080
17.575200
10.609920
9.387360
23.248800
23.094720
21.293280
21.987360
19.581120
24.490080
23.620320
13.645440
18.984960
20.702880
16.583040
20.498400
16.914240
22.127040
22.446720
22.252320
18.259200
7.522560
22.870080
22.883040
19.308960
21.846240
21.728160
21.633120
21.742560
21.155040
20.774880
20.658240
14.706720
20.783520
21.208320
21.598560
20.760480
15.936480
19.948320
21.853440
14.868000
20.404800
20.535840
20.204640
14.695200
13.766400
20.831040
19.919520
19.581120
19.340640
19.620000
17.576640
6.953760
15.766560
17.412480
15.795360
18.466560
14.503680
12.529440
19.605600
19.029600
15.912000
19.067040
17.912160
9.936000
15.194880
5.618880
8.598240
18.051840
13.505760
15.330240
13.881600
15.528960
15.533280
13.158720
10.723680
12.386880
-99.000000
-99.000000
4.844160
15.755040
9.213120
15.125760
14.532480
12.165120
14.965920
14.644800
14.088960
14.640480
12.204000
11.731680
13.547520
8.258400
13.197600
13.187520
5.840640
10.062720
12.631680
7.895520
10.872000
7.817760
12.273120
11.772000
11.220480
8.275680
12.038400
8.609760
2.243520
2.004480
3.227040
10.198080
11.191680
10.340640
9.760320
4.636800
8.674560
9.305280
4.610880
6.141600
9.377280
5.604480
8.781120
6.942240
6.428160
4.540320
7.797600
8.991360
6.901920
7.428960
8.722080
6.585120
1.532160
3.852000
8.301600
5.649120
6.062400
7.544160
7.683840
7.145280
3.434400
6.835680
5.520960
7.169760
6.697440
4.324320
4.736160
6.153120
5.997600
3.303360
6.291360
4.397760
0.545760
2.188800
6.485760
6.524640
4.956480
1.190880
6.906240
3.633120
4.443840
5.643360
3.965760
6.226560
1.792800
3.618720
3.670560
4.773600
4.825440
5.051520
6.526080
6.360480
5.712480
5.588640
4.932000
5.915520
6.517440
6.799680
6.261120
6.003360
4.203360
5.751360
4.658400
6.373440
6.916320
5.522400
6.611040
7.107840
6.618240
4.011840
7.306560
7.351200
5.977440
7.073280
6.386400
6.760800
5.724000
5.922720
3.340800
0.900000
0.498240
0.879840
5.054400
6.582240
4.714560
4.841280
5.227200
7.917120
7.043040
4.537440
7.801920
6.455520
8.313120
8.357760
9.122400
10.005120
9.524160
8.730720
7.492320
8.850240
9.197280
2.365920
3.009600
8.441280
6.511680
4.419360
9.688320
9.131040
11.223360
11.270880
11.013120
11.884320
11.652480
12.088800
12.581280
6.874560
11.458080
9.954720
10.810080
9.203040
11.615040
3.074400
5.942880
5.099040
5.624640
7.560000
14.960160
13.093920
14.120640
10.964160
14.712480
13.367520
9.516960
15.124320
8.714880
2.429280
4.307040
11.795040
15.870240
14.896800
11.469600
14.415840
5.448960
7.644960
10.936800
5.558400
7.374240
12.687840
15.622560
4.265280
8.006400
2.422080
4.474080
18.597600
18.878400
19.347840
18.756000
15.158880
15.240960
19.081440
19.648800
18.352800
17.956800
2.846880
19.713600
10.445760
10.396800
10.236960
10.539360
5.705280
4.900320
3.767040
3.797280
17.876160
21.480480
21.339360
16.214400
15.759360
14.868000
20.452320
12.836160
19.656000
19.748160
20.059200
21.983040
17.935200
22.296960
21.012480
19.068480
6.593760
6.500160
12.356640
16.878240
17.605440
8.570880
15.998400
11.373120
19.386720
23.336640
23.772960
23.860800
22.188960
23.388480
19.216800
21.648960
24.602400
24.086880
23.905440
23.875200
23.090400
19.872000
22.004640
14.294880
18.728640
11.568960
7.770240
22.759200
17.367840
8.038080
18.800640
14.934240
17.814240
14.346720
21.888000
13.449600
19.941120
13.714560
6.729120
11.168640
15.744960
18.397440
22.682880
24.488640
23.564160
23.925600
23.387040
20.946240
22.983840
23.178240
19.670400
11.026080
17.415360
22.802400
15.327360
12.097440
24.811200
23.945760
24.449760
25.152480
23.902560
20.872800
9.593280
21.071520
17.462880
18.259200
13.654080
12.425760
20.243520
23.558400
23.767200
22.210560
20.265120
22.302720
21.818880
12.204000
19.694880
20.646720
21.749760
21.637440
19.588320
21.553920
21.480480
20.422080
19.438560
17.746560
19.147680
22.920480
22.700160
22.242240
21.322080
20.347200
16.794720
18.292320
18.017280
16.561440
13.050720
13.996800
18.125280
17.746560
15.763680
12.268800
19.834560
19.985760
17.677440
18.008640
20.049120
17.756640
19.438560
18.555840
16.814880
14.472000
3.726720
-99.000000
16.493760
11.751840
18.636480
17.817120
18.588960
15.238080
7.773120
14.031360
8.451360
16.536960
7.623360
17.267040
17.226720
17.219520
16.966080
15.266880
14.487840
14.009760
6.387840
11.842560
14.621760
7.433280
12.549600
15.177600
9.972000
13.219200
9.551520
7.385760
8.212320
12.492000
13.950720
11.854080
2.620800
12.477600
12.084480
13.309920
9.957600
9.247680
12.218400
10.823040
2.992320
13.422240
13.779360
9.560160
9.293760
12.359520
12.222720
11.989440
10.873440
9.815040
8.644320
6.824160
3.813120
10.697760
10.414080
7.302240
8.061120
9.236160
9.309600
9.164160
10.209600
8.146080
5.032800
7.659360
4.780800
5.922720
7.538400
4.209120
1.454400
8.390880
8.390880
7.954560
8.637120
7.359840
6.010560
6.625440
7.591680
7.624800
8.098560
7.983360
7.568640
7.894080
8.182080
7.693920
7.361280
6.665760
3.057120
0.936000
2.521440
1.336320
6.959520
6.115680
1.980000
7.140960
6.524640
1.961280
3.481920
5.384160
3.765600
5.315040
6.868800
5.451840
4.279680
6.204960
4.824000
4.318560
5.585760
7.539840
2.396160
3.096000
4.080960
2.492640
5.951520
5.868000
4.347360
0.859680
6.507360
7.295040
3.879360
5.816160
5.698080
6.094080
5.859360
4.852800
1.355040
6.157440
4.226400
6.056640
4.716000
3.693600
6.531840
0.662400
2.770560
6.940800
7.034400
7.529760
7.542720
7.683840
8.025120
4.782240
6.696000
7.597440
4.129920
6.004800
1.762560
7.112160
8.415360
5.492160
8.258400
7.943040
6.386400
6.815520
1.850400
7.296480
6.144480
7.439040
8.904960
4.966560
5.493600
6.379200
2.481120
2.977920
4.721760
8.652960
10.213920
4.390560
8.287200
1.811520
3.072960
10.522080
10.954080
7.830720
5.588640
10.712160
4.566240
0.671040
8.156160
11.920320
10.679040
11.862720
12.850560
6.184800
4.927680
3.754080
5.407200
7.669440
9.394560
4.757760
6.111360
5.836320
14.626080
15.003360
12.250080
1.406880
15.242400
14.054400
