20000101
5.12784
3.12048
3.0528
1.82304
1.31472
1.75824
1.63728
2.32704
2.91168
4.6296
6.10416
-99
1.03968
3.61152
2.2176
4.25088
6.42672
4.43376
6.68592
6.68592
6.94944
7.55424
8.05248
8.61552
8.0856
6.73776
6.91488
4.13136
3.49776
7.70832
7.10928
6.33888
7.3368
8.88192
8.4024
8.59104
7.31376
7.74288
8.2656
9.50256
8.76096
8.73504
9.77184
6.20928
7.16544
9.91728
9.03168
10.32192
10.32768
10.63008
11.04048
10.54224
9.17136
10.6272
10.45152
10.74672
10.07424
11.60064
10.67472
9.92448
11.52288
12.672
12.25152
11.45808
12.74688
11.41776
10.73664
10.10304
12.34224
12.47472
12.68496
11.80944
12.91248
12.74688
13.72464
14.11344
14.24304
13.22784
13.55904
6.56784
7.31376
7.27056
7.43328
9.89136
13.7448
15.05088
10.14192
10.66896
14.27616
6.59952
11.20176
15.05808
6.7176
12.70512
9.50544
17.82432
17.44992
15.65856
3.56112
15.97824
3.95856
14.17104
15.48
13.61232
10.93824
16.74576
5.02848
17.72064
12.26304
18.45216
17.38512
17.48448
14.90256
18.66672
18.90432
18.864
15.3792
9.19152
18.40176
11.40192
11.3544
16.60464
19.00368
15.23664
8.12016
11.54016
15.93504
17.1504
18.68976
5.82768
-99
10.99584
17.62128
22.43664
22.37472
22.7808
21.26016
14.91984
21.45744
23.04864
15.18192
11.00736
20.75472
22.47408
21.76848
18.00144
20.1456
23.0184
17.01216
23.24592
23.4072
21.50352
21.48192
21.37248
23.45472
16.05888
22.00464
24.59376
24.66432
24.336
21.74832
3.89232
9.73296
22.77936
21.21264
20.84688
23.68368
24.1272
23.08896
24.10128
23.9976
23.57856
22.716
22.26384
21.49056
24.1848
23.69376
17.90352
-99
-99
-99
-99
-99
-99
-99
-99
-99
-99
15.87312
23.77296
23.51664
11.72304
24.15312
23.96448
23.33808
22.19472
23.20416
23.1696
12.07872
15.0912
21.49776
21.2616
19.49472
-99
-99
-99
11.72592
22.41936
21.59856
21.28464
22.0968
21.60864
19.44432
16.14816
19.74672
15.29712
21.98592
19.55808
21.37824
20.84976
20.5632
16.93008
20.2392
16.19856
18.87696
19.19952
19.19952
19.29456
19.296
18.70272
18.10512
19.27584
19.55376
16.95024
18.80496
18.576
9.64224
15.09696
17.36784
18.47664
17.29872
16.23456
9.61488
18.49104
18.1224
18.22032
18.33984
18.29664
17.96688
17.6328
16.80192
17.2656
16.7472
16.75296
16.05456
14.53536
15.31008
15.42384
15.52752
14.60016
13.30128
14.12352
10.17648
14.59296
15.88896
15.55776
15.00192
14.58144
13.41792
12.99024
9.18432
8.928
13.50864
14.08896
13.86576
14.70096
12.34656
13.60368
10.8216
13.03632
13.6008
13.22064
12.69792
9.13248
3.90528
3.55968
3.22416
12.7224
7.42464
8.8344
9.1944
10.8432
9.19296
7.82496
3.83472
6.06096
5.62608
6.24384
3.99888
6.08256
9.91296
6.15312
8.26848
8.18064
9.65808
9.69696
2.7936
8.51184
9.68688
4.12272
9.53568
6.16032
9.25632
9.30384
8.98272
5.39712
8.53632
2.73312
8.63856
4.76064
7.28928
8.6112
3.26448
6.41808
3.7584
7.27488
5.8248
3.91248
6.11136
6.54336
7.34832
4.73328
3.08592
3.4128
6.95664
4.96656
4.97664
7.22736
5.91552
5.13072
4.68
1.52064
5.24592
6.36768
5.19408
4.43664
2.17872
2.44368
2.40624
7.05168
6.5592
3.54096
3.44736
5.41008
5.74992
4.26672
2.71584
5.70384
2.20752
4.94928
5.25744
5.05872
3.3408
6.9624
3.52512
6.8616
4.23648
5.12352
5.80176
6.49872
2.10528
1.77408
6.33888
7.36704
2.93472
5.00544
3.11616
5.46048
5.3928
1.99872
3.90384
5.52096
5.89968
3.43584
7.64064
7.82928
7.58448
3.02832
5.05152
3.492
8.06112
5.96736
8.46288
6.92928
8.78256
9.42624
9.61776
9.82224
9.76464
9.36432
6.93216
8.81712
5.3424
4.62816
9.4176
10.45008
9.88416
8.14752
6.8832
10.8648
3.6432
6.65856
7.02
10.96416
10.37952
11.34432
11.36304
10.97136
11.2752
11.58912
9.09504
12.95424
13.34304
8.00496
9.43488
10.25424
4.10832
9.42336
5.53824
12.34512
7.2792
6.49728
13.59648
11.88144
8.67024
13.716
9.33264
14.84928
15.25536
14.21856
6.87024
15.55344
14.53248
14.25744
14.40432
14.46192
13.6584
15.04656
12.6648
15.59232
15.43968
16.7904
14.85504
12.07728
18.0504
17.7984
17.6976
18.34416
17.43408
17.56944
12.9168
12.51936
19.69776
20.53728
19.74672
18.73872
21.0888
20.86272
18.99216
21.35664
21.02976
20.51136
21.92688
10.38096
20.69424
21.71808
22.01328
15.8148
21.402
18.41328
21.88224
21.82464
20.08944
22.32432
13.86288
8.05536
15.44688
20.4768
15.19056
18.5256
20.08512
21.51216
23.36544
23.27184
6.34608
2.60352
21.39984
22.67424
21.73104
18.3384
20.69424
23.43816
17.73144
15.66288
23.4072
12.18384
23.16096
21.99888
17.98704
22.94208
24.07392
24.54192
24.07392
23.64192
24.62256
24.46848
23.70384
22.84416
24.39792
25.1424
24.37056
20.77632
25.07184
24.41664
24.61248
12.04416
15.7248
25.3584
22.25232
24.38064
24.7176
23.10192
25.91136
25.53264
26.03088
25.71408
25.3512
25.47216
24.81768
23.6484
22.49568
23.52024
24.57144
22.20768
25.4952
25.06608
24.19344
24.1056
23.89824
21.37824
13.20048
19.27152
21.91248
24.88896
19.54368
5.52528
24.31152
24.0192
23.73192
21.62376
18.47664
20.53152
15.12
24.43824
22.91616
16.6608
24.84144
24.88032
23.79456
21.43584
20.21184
22.68
22.0752
15.77808
16.2216
22.28688
21.3912
20.54736
20.052
20.99376
19.22112
19.1592
21.66912
22.51296
21.94848
13.41072
16.8048
20.44512
21.29472
20.0448
20.07648
19.65312
9.67536
5.95296
20.48112
17.68464
14.832
20.05488
20.66112
20.10816
19.97712
19.62288
19.04112
17.4312
19.33488
19.33344
19.16064
18.108
18.52272
15.45552
18.94896
15.02496
16.59168
19.1808
17.32608
18.41904
18.54864
18.57024
18.53424
18.36864
18.11376
16.25184
17.23392
17.928
16.98336
17.32176
13.61664
15.02928
12.47472
14.92416
5.18832
12.25008
11.68416
15.23088
15.49008
14.38992
3.12624
11.17008
13.0176
14.3352
13.71744
13.77936
12.20688
9.108
6.65136
13.08384
6.57072
8.12736
6.82704
7.91424
10.44
6.66864
11.3328
8.30736
12.27024
5.83056
10.14768
9.4824
8.86752
10.59408
10.59408
10.64592
8.4312
11.18016
7.40736
9.24768
9.36144
7.632
7.89696
7.75296
7.58016
3.22416
9.5472
9.0864
4.35888
9.324
9.22176
9.14976
8.61984
8.63496
5.0652
7.39584
7.88976
2.72736
1.5696
1.68912
3.09168
3.42288
5.17176
7.30152
3.07728
1.18224
6.0696
6.42096
5.84352
3.94992
5.08752
6.1776
5.75712
4.9032
1.98576
1.9224
2.9664
3.97584
2.59776
1.99152
1.7208
2.69856
5.31648
5.37408
6.33168
3.79008
2.12832
4.0968
1.52928
2.00016
1.49328
1.78992
3.53232
2.00736
2.48832
2.772
2.48544
6.06672
1.97712
4.54608
6.32016
6.03936
2.484
2.64816
2.73888
0.90864
0.88272
2.0304
1.69344
2.43648
2.76192
1.41552
1.55088
5.51232
5.2272
2.76192
0.99792
1.79568
3.83616
1.80864
6.76368
6.87312
4.8096
3.61152
2.81088
1.6056
6.95664
1.22112
7.79328
7.58592
7.30944
5.72976
4.71168
4.73328
5.93568
6.49512
8.10504
7.51824
6.53904
3.5856
5.86944
8.2872
9.4752
8.98848
8.7696
9.2736
8.73504
7.96464
6.66
10.50192
7.91424
1.83744
4.96512
9.98208
11.03328
5.96304
11.55456
11.35152
11.13552
11.70288
11.32848
9.44064
10.96416
5.42736
3.09888
5.8824
7.5888
6.49296
3.48624
7.66944
5.01408
13.05216
11.99952
13.18464
10.07568
4.62672
7.23888
11.72592
12.43728
4.96944
8.29008
11.04912
14.2488
11.74608
15.39648
15.15168
15.49296
15.44688
14.32368
13.7808
14.12496
7.45056
4.14
15.05376
16.04304
16.72704
3.58272
2.60352
16.26768
17.78256
8.18928
10.99872
9.0936
16.98912
13.7376
8.96256
4.31856
17.52768
14.7384
10.80288
15.07968
17.59824
15.23664
16.87968
18.65376
19.70928
19.584
17.5968
19.21104
19.58688
17.40528
16.36848
14.36832
18.9216
19.40688
10.40256
11.94624
12.99168
21.20544
21.42432
7.59888
2.75472
3.59136
9.82368
11.73168
14.74992
21.51504
21.35808
21.30912
19.5048
20.80224
8.63712
22.34592
22.31136
19.74672
20.34144
6.43824
20.79504
22.43664
22.51872
19.69056
22.91616
22.55328
21.55248
20.88144
22.3704
15.768
21.64752
16.85088
13.4496
8.80128
23.3064
20.07216
10.47456
23.05296
23.13792
22.7736
21.49632
22.5792
22.51728
21.76272
21.85056
15.7608
22.752
21.6864
20.0376
22.59792
22.97952
22.80672
22.76784
22.81392
19.6704
18.30528
23.33808
10.22256
11.59056
12.40848
22.54608
21.384
22.81248
21.9096
23.05296
23.14944
16.24608
20.45232
21.06
16.56144
18.00288
18.66384
22.13712
20.53728
4.46688
18.76464
23.35392
22.51008
21.79152
21.29184
19.82448
22.21488
22.61808
22.62384
22.76064
22.13568
19.28592
19.54368
18.32832
20.50416
18.98352
15.88896
17.58096
19.5768
19.3824
21.86496
21.76416
17.76672
16.24032
20.44944
21.8952
20.23344
21.6864
16.80336
18.95328
18.55152
19.76112
17.34192
18.73008
13.03776
16.51536
10.7784
13.45392
6.22512
16.26768
14.62752
10.39824
18.79776
19.19376
18.68112
16.7256
-99
-99
14.31504
-99
10.53936
18.42336
16.56288
14.98752
15.48144
17.44704
13.65984
17.14608
16.64928
16.72704
16.03728
8.4384
-99
6.33456
13.93344
11.268
11.61648
14.328
15.77376
16.1064
14.9544
15.80976
15.29136
14.82048
12.62016
13.43952
8.91072
3.08448
10.36224
12.72096
13.19904
13.42368
13.46256
10.17936
3.8376
5.7312
13.0824
11.96784
12.53088
11.42928
11.79936
9.6408
8.16192
11.39472
10.71072
11.00016
5.85792
8.66304
11.48832
8.05824
10.30752
10.4976
9.71568
10.05264
5.97744
5.08464
8.00208
8.31888
5.05728
7.524
8.69616
8.18928
6.92928
9.41184
9.27936
9.20448
9.05184
6.48144
7.99488
7.03728
2.92752
3.53952
6.0768
6.16464
7.02432
7.0056
1.39968
5.4864
7.884
3.51792
1.94976
3.34512
7.94016
6.74496
4.37328
6.2064
7.29504
2.23776
6.29856
5.45328
6.88896
7.47216
6.06528
6.40656
1.88352
3.99168
5.83488
3.98736
4.58064
2.50776
2.17368
6.72336
5.26464
1.75536
3.04992
1.12896
3.30912
2.91168
1.93392
2.07216
3.00528
6.22512
5.00112
2.18016
6.84576
5.89536
1.34928
6.92064
5.4216
5.12352
5.47056
6.02064
4.87584
2.65248
4.20768
4.25232
3.27456
5.256
7.776
7.98912
7.7976
7.85952
7.61472
7.33968
5.53248
4.76928
2.9952
5.34816
5.63184
6.90336
6.19488
8.84592
8.85456
3.96288
8.58384
9.09072
8.49312
8.44992
9.83808
9.6768
8.4744
9.55152
7.63056
10.18944
10.20672
9.43488
9.50256
8.5104
10.13616
9.38304
9.468
4.85712
9.31536
4.19904
11.5056
11.79216
8.91504
1.5624
1.50336
9.51264
3.62736
7.34544
5.12784
3.08016
2.94768
6.48
11.08368
9.89568
10.07856
12.0096
13.85424
13.212
13.43232
11.90304
12.69072
13.08384
14.22288
14.89248
14.51664
13.22064
13.8384
10.00944
15.4512
15.93792
16.41888
12.99888
17.36784
17.11008
9.43056
17.0496
17.74224
16.9056
15.5016
5.84064
5.54688
13.59648
7.32816
17.55216
18.3168
16.69536
20.9448
20.72016
20.44656
20.40192
20.46672
8.05968
16.85376
18.73872
13.0824
13.72752
17.04096
2.39328
8.48016
16.10208
18.79056
19.75968
14.00832
11.92752
21.77136
16.956
19.5912
17.42688
21.60864
12.2184
22.80528
22.5144
17.36352
16.83072
17.36064
23.26464
23.50368
21.93696
9.01008
2.15856
4.53456
7.99056
22.7124
24.07608
15.44832
23.02992
23.39568
24.7752
24.3576
16.90272
23.39712
23.75136
23.53248
24.95232
24.83136
12.59136
25.80192
15.30432
19.56528
22.34016
25.52256
25.10784
24.91776
25.4448
23.31936
18.87552
18.1008
16.03872
20.83104
15.51312
23.29776
24.68448
22.52016
20.68416
24.13296
23.95152
24.81552
25.48944
22.0824
23.8248
22.85568
25.04304
24.5448
25.68528
25.71264
25.77888
24.86304
23.13648
20.84832
19.84032
16.78176
24.25392
18.94608
21.84336
22.35168
25.7184
22.28832
16.76448
25.10784
15.86736
21.9024
24.27696
23.9184
17.712
24.66
23.49792
24.19056
23.48784
21.33792
21.44736
25.52112
24.41952
24.1488
24.25104
15.76224
21.22272
22.84272
17.90496
23.16384
19.16064
21.33936
21.9816
23.82768
24.20064
23.44032
24.37776
23.98032
23.25312
23.03856
22.7376
22.8168
22.62672
21.1968
19.63872
21.40704
21.86496
21.75984
20.96496
21.68784
19.5768
18.87696
11.51424
11.56752
21.4128
20.71296
15.912
14.84928
19.59264
18.35712
14.08032
20.52432
18.20016
19.14624
15.50016
18.57456
19.95984
19.32336
14.47488
8.57232
10.04328
3.75768
17.84592
14.10768
9.58032
13.78656
17.78976
19.32336
18.7344
18.12528
17.26992
17.78544
17.94672
12.54096
17.8992
17.11872
17.29872
16.62624
14.48208
14.3568
15.23232
16.60176
14.35968
12.91824
4.55616
13.05072
10.38384
6.1848
13.64832
12.5496
13.32576
14.60592
14.1552
11.51856
14.7384
13.91472
14.13504
14.13216
11.87568
7.848
9.08496
10.2744
1.66176
5.86368
4.85424
5.34672
5.10336
10.23984
7.56432
9.6408
8.97264
12.60864
9.91152
2.45664
3.28608
8.49312
8.02656
8.54352
2.08512
9.0288
11.03184
11.25792
9.16416
9.68256
5.08752
1.79712
4.54464
4.52304
2.04624
5.01552
5.35536
9.11808
4.21776
2.92896
3.65328
5.61168
8.712
2.34864
1.73808
5.69376
3.78288
2.23632
8.56368
4.80816
6.99264
5.86512
5.8752
6.93072
5.16096
4.09104
6.47856
5.78736
4.9464
4.93056
5.328
4.5144
3.96576
4.54032
7.20144
6.2496
2.08944
1.51488
5.42592
6.73776
5.97888
4.62816
2.4768
2.7936
2.484
5.75712
6.84432
6.00624
5.56416
1.79856
1.1664
1.63584
3.33072
3.45312
6.624
6.77952
2.21904
6.94656
7.0992
6.70752
6.87024
2.61936
1.26864
1.51632
5.3784
6.89184
5.71248
4.212
6.41808
3.61872
7.272
6.90624
7.01568
7.58736
8.32896
5.05584
7.86096
7.77312
6.94224
5.92992
5.66784
6.36912
6.19632
4.57056
8.85168
7.20288
3.70512
2.484
3.89808
1.27728
1.42416
1.22832
1.44
1.8864
6.3576
4.8672
2.73168
3.00528
7.64064
8.01072
8.71632
4.19616
8.97552
7.57728
7.98048
11.37456
3.0096
6.12288
11.78928
10.55376
4.19184
2.58336
2.09376
6.32016
12.09168
9.31392
13.80096
13.26384
12.54816
11.10384
7.29072
13.35312
14.39712
14.43024
14.29056
5.06304
13.47984
11.844
4.72176
7.68384
11.6208
11.21184
11.24496
8.0208
13.1832
14.5728
15.01056
16.8912
16.62336
16.02576
17.29584
16.01856
2.71296
8.8056
1.80288
4.70304
9.32832
15.22656
15.92784
17.70912
16.05312
17.2152
18.92448
18.06048
2.13552
15.56352
18.77904
19.50336
16.20288
14.63328
13.72176
17.39952
2.2608
13.90896
11.01456
20.0592
19.37808
19.97136
1.66608
20.38464
20.95488
21.456
20.83248
19.70496
3.81888
5.71248
18.15696
14.95584
14.05152
1.81296
19.39392
16.50528
22.212
23.15088
23.4
18.55728
13.97808
4.70448
14.3496
16.0272
21.11904
22.18896
22.48848
21.38976
22.3056
22.7952
23.09616
22.75632
13.7664
21.98016
20.45088
18.86688
20.2608
19.76832
20.76336
22.2696
16.25904
19.92528
22.4136
24.69168
23.53968
21.27024
23.87232
23.46768
21.636
22.47696
22.28688
22.10112
21.2472
18.9144
23.35392
23.472
11.05056
19.32048
24.20784
24.01344
17.6832
22.0896
20.12688
20.25936
21.76848
22.47552
18.91152
22.03056
23.0256
19.63296
22.19616
22.464
21.70656
23.70672
18.77184
22.56912
14.99184
11.36304
22.41936
24.39504
22.104
16.49952
15.86304
23.00112
23.544
18.8064
22.79376
20.1312
20.1672
21.28176
20.76336
16.68672
19.60272
21.528
12.68352
19.38816
21.37536
22.20624
21.98304
21.35232
14.94288
19.3824
20.66688
18.77616
9.02736
17.20944
19.4976
21.6072
20.4912
10.83312
18.32544
17.75664
19.19232
21.17088
19.99872
20.61216
19.94544
19.55232
12.44016
13.248
19.91808
17.41824
17.94816
19.77552
15.63696
10.656
17.09424
18.00864
19.53072
18.53568
13.10688
12.71664
14.14224
14.79456
12.47904
11.94912
11.13552
11.22336
10.83456
12.9312
13.89312
12.64032
12.99024
14.78448
14.18688
12.91392
13.3848
11.48832
7.08336
14.80608
16.36848
15.87168
13.13136
12.81024
15.7968
15.62112
15.41376
14.87952
14.71104
14.91264
14.616
14.00832
13.25808
9.68256
13.06368
10.62288
12.33072
12.5496
11.11248
9.07632
10.60848
11.06064
8.9064
10.87344
9.93168
8.77968
12.27888
11.24928
9.38304
8.34192
10.31328
8.45424
7.21584
6.3072
4.90752
9.0576
10.36512
8.6256
6.18192
10.67904
1.54512
8.2368
9.63792
9.84528
9.20448
6.66864
4.44528
3.58416
7.44912
4.65696
8.2656
8.40672
8.52912
7.83504
6.34752
7.15392
5.83776
8.28288
8.75664
4.76064
8.6544
8.2152
6.77952
7.62048
7.7616
7.38
5.33088
1.21968
2.628
1.84032
1.67184
1.54224
1.47168
6.47424
6.1632
5.0832
7.04448
3.4488
1.70784
3.5856
5.0184
1.74672
3.26592
1.84464
2.74176
1.39104
2.3976
4.79664
4.19472
2.56176
1.5552
6.16464
6.71184
6.51456
4.71888
4.92048
6.67872
6.3216
5.02704
1.4472
6.19056
6.6456
3.4128
6.84864
5.85216
5.81616
2.66832
4.4496
3.79008
1.6416
1.34784
1.3536
1.34352
1.32192
1.21824
1.77408
1.30896
1.89216
1.80576
1.98576
2.11104
2.34576
1.15056
5.16096
8.01648
7.9128
7.86816
7.92432
6.03648
8.53776
8.87328
8.95824
8.7984
7.79616
8.856
9.36144
9.19008
9.54576
9.29376
9.5112
9.3384
8.59104
5.08464
4.10976
3.13776
9.2232
8.20656
8.75376
9.03312
10.9224
11.25216
11.08224
11.412
11.64528
11.58336
12.08016
11.80944
12.51072
2.17296
10.89216
11.91744
12.14928
12.20544
13.51872
13.36608
6.52464
8.7048
12.12912
14.02272
14.00256
12.7152
14.55264
14.57712
14.50944
14.23872
13.73328
11.7072
14.51808
11.376
12.6216
14.12928
14.84352
15.65712
15.83136
14.1336
6.56784
14.59728
10.27152
14.61312
9.12528
8.77824
15.66864
15.2136
15.44256
16.69536
17.71776
17.01216
2.02896
6.71184
14.99472
10.8432
16.72128
17.50896
14.99184
19.52208
19.45872
18.05184
18.52416
19.39248
15.32304
18.82368
17.44128
17.43984
15.28704
17.78544
17.05824
15.14304
15.45552
17.63568
14.54544
21.18672
21.28032
21.26448
21.51792
18.87408
20.2968
18.69552
4.17888
19.93968
16.86384
21.18384
22.74768
22.75488
21.95856
12.49056
15.34608
9.52272
16.16688
14.51376
23.4864
21.33504
18.24192
9.94608
23.8392
23.76432
22.55472
17.65008
18.44352
24.20208
23.91408
24.38064
24.19056
24.06384
22.83552
20.16
9.30096
14.81904
19.3896
23.41584
22.29552
21.47184
24.14448
24.48576
23.7096
23.06592
23.53824
18.59472
19.4688
17.77824
11.33856
23.08752
21.27456
22.896
24.12288
24.3504
24.19776
21.01824
20.47824
19.54656
19.20096
11.9304
23.78448
22.77792
16.05744
7.524
24.10704
23.7456
24.05808
23.39424
22.81248
20.99088
24.32304
24.26832
24.1056
24.14304
21.64032
23.8824
23.86512
23.46048
23.1408
22.74768
21.63888
22.17024
20.05632
22.81536
23.62176
22.62096
22.42224
21.49488
19.92816
21.1176
16.34832
20.43504
21.41856
18.55584
20.66256
21.76128
16.39584
2.50272
19.04976
22.45104
22.212
22.33008
22.06944
21.456
17.98272
15.72768
15.03648
18.0144
20.60208
19.83456
20.37888
19.95552
14.82624
17.05104
15.54048
12.82176
19.93392
20.60928
20.41632
19.77552
19.68048
18.05904
15.31584
10.45728
18.684
17.32752
17.0496
16.13952
11.65104
17.27568
17.53776
15.74496
14.8968
16.19136
4.46112
9.11232
17.07264
15.84864
16.24896
14.85792
16.56144
15.45264
16.51392
15.35904
12.94992
17.26416
16.54128
16.416
15.92928
15.36912
13.15152
11.32704
10.10592
14.37264
13.74768
12.3624
10.73376
13.12272
14.05584
13.3056
12.84192
13.82976
13.13136
9.40032
12.6
11.55888
11.60928
6.43248
6.46416
4.17168
2.63088
3.1392
3.90528
9.18144
8.80992
2.78928
7.72416
8.87184
9.12384
10.31184
3.2688
10.02672
6.98256
9.13392
8.78256
4.00032
7.96752
7.81056
3.62448
7.51824
6.89472
7.26192
5.0544
9.03168
9.17712
8.43696
8.28864
0.81216
1.29168
2.34144
1.656
1.5984
4.78512
5.83776
5.94
7.83792
6.04368
5.26608
4.90176
5.33664
3.0456
6.64704
7.50528
4.59072
4.9752
5.98608
6.78384
5.84064
6.88176
5.52528
1.96272
6.80544
4.9608
5.256
7.04448
6.75648
4.08384
5.6232
6.81696
6.52176
0.9504
2.15712
3.88224
5.4576
4.71456
6.46272
6.6024
6.12
3.76128
1.0224
0.684
0.67536
0.74016
0.99072
0.61056
0.79776
7.23456
6.21072
2.124
3.06
6.68448
6.71904
6.76656
6.38928
2.412
3.81024
1.332
1.95552
3.4488
2.50128
0.93744
2.50848
3.58704
3.09456
1.84608
3.384
3.0096
5.86368
7.50096
1.91808
1.16496
5.90112
3.62592
4.52736
4.04352
2.17728
8.03088
3.10176
5.34816
1.80864
3.06432
1.89936
2.35296
1.37088
2.41344
8.87184
8.5752
8.02944
7.96032
9.8712
9.7128
8.36208
9.44208
9.21168
8.88912
7.02432
7.64352
11.31264
8.76816
5.15952
9.396
11.304
8.88192
8.7552
9.31824
10.44864
1.79568
12.42288
12.87648
12.55392
13.33872
12.16944
3.816
5.31504
14.18976
13.13424
13.51296
11.70144
13.356
14.13216
14.91984
14.71248
9.41472
11.05488
10.9728
12.1104
4.54032
4.65696
11.43648
11.12976
12.5856
10.0008
12.27456
16.26048
12.17808
8.6976
17.53488
15.68736
10.40976
15.25536
12.46464
17.11872
14.31648
15.10704
16.55856
12.9816
14.68944
16.18704
13.5792
17.42544
19.7712
19.15344
19.5264
13.8816
14.1336
15.97392
7.47936
19.95696
17.49888
17.136
14.69664
14.31648
8.18208
18.41616
19.764
20.40768
15.35472
21.27456
21.46176
21.62448
20.76336
20.58624
7.52112
11.21616
13.90896
20.9592
14.26608
15.61392
20.9664
18.9432
20.08224
20.51856
18.56448
20.67408
20.04912
20.98368
19.59408
11.48544
22.69008
21.00816
17.86752
17.90784
17.13744
24.14736
-99
-99
-99
-99
-99
-99
-99
-99
-99
-99
-99
-99
-99
-99
-99
-99
-99
-99
-99
-99
-99
-99
-99
-99
-99
-99
-99
-99
-99
-99
-99
-99
-99
-99
-99
-99
-99
-99
-99
-99
-99
-99
-99
-99
-99
-99
-99
-99
-99
-99
-99
-99
-99
-99
-99
-99
-99
-99
-99
-99
-99
-99
-99
-99
-99
-99
-99
-99
-99
-99
-99
-99
-99
-99
-99
-99
-99
-99
-99
-99
-99
-99
-99
-99
-99
-99
-99
-99
-99
-99
-99
-99
-99
-99
-99
-99
-99
-99
-99
-99
-99
-99
-99
-99
-99
-99
-99
-99
-99
-99
-99
-99
-99
-99
-99
-99
-99
-99
-99
-99
-99
-99
-99
-99
-99
-99
-99
-99
-99
-99
-99
-99
-99
-99
-99
-99
-99
-99
-99
-99
-99
-99
-99
-99
-99
-99
-99
-99
-99
-99
-99
-99
-99
-99
-99
-99
-99
-99
-99
-99
-99
-99
-99
-99
-99
-99
-99
-99
-99
-99
-99
-99
-99
-99
-99
-99
-99
-99
-99
-99
-99
-99
-99
-99
-99
-99
-99
-99
-99
-99
-99
-99
-99
-99
-99
-99
-99
-99
-99
-99
-99
-99
-99
-99
-99
-99
-99
-99
-99
-99
-99
-99
-99
-99
-99
-99
-99
-99
-99
-99
-99
-99
-99
-99
-99
-99
-99
-99
-99
-99
-99
-99
-99
-99
-99
-99
-99
-99
-99
-99
-99
-99
-99
-99
-99
-99
-99
-99
-99
-99
-99
-99
-99
-99
-99
-99
-99
-99
-99
-99
-99
-99
-99
-99
-99
-99
-99
-99
-99
-99
-99
-99
-99
-99
-99
-99
-99
-99
-99
-99
-99
-99
-99
-99
-99
-99
-99
-99
-99
-99
-99
-99
-99
-99
-99
-99
-99
-99
-99
-99
-99
-99
-99
-99
-99
-99
-99
-99
-99
-99
-99
-99
-99
-99
-99
-99
-99
-99
-99
-99
-99
-99
-99
-99
-99
-99
-99
-99
-99
-99
-99
-99
-99
-99
-99
-99
-99
-99
-99
-99
-99
-99
-99
-99
-99
-99
-99
-99
-99
-99
-99
-99
-99
-99
-99
-99
-99
-99
-99
-99
-99
-99
-99
-99
-99
-99
-99
-99
-99
-99
-99
-99
-99
-99
-99
-99
-99
-99
-99
-99
-99
-99
-99
-99
-99
-99
-99
-99
-99
-99
-99
-99
-99
-99
-99
-99
-99
-99
-99
-99
-99
-99
-99
-99
-99
-99
-99
-99
-99
-99
-99
-99
-99
-99
-99
-99
-99
-99
-99
-99
-99
-99
-99
-99
-99
-99
-99
-99
-99
-99
-99
-99
-99
-99
-99
-99
-99
-99
-99
-99
-99
-99
-99
-99
-99
-99
-99
-99
-99
-99
-99
-99
-99
-99
-99
-99
-99
-99
-99
-99
-99
-99
-99
-99
-99
-99
-99
-99
-99
-99
-99
-99
-99
-99
-99
-99
-99
-99
-99
-99
-99
-99
-99
-99
-99
-99
-99
-99
-99
-99
-99
-99
-99
-99
-99
-99
-99
-99
-99
-99
-99
-99
-99
-99
-99
-99
-99
-99
-99
-99
-99
-99
-99
-99
-99
-99
-99
-99
-99
-99
-99
-99
-99
-99
-99
-99
-99
-99
-99
-99
-99
-99
-99
-99
-99
-99
-99
-99
-99
-99
-99
-99
-99
-99
-99
-99
-99
-99
-99
-99
-99
-99
-99
-99
-99
-99
-99
-99
-99
-99
-99
-99
-99
-99
-99
-99
-99
-99
-99
-99
-99
-99
-99
-99
-99
-99
-99
-99
-99
-99
-99
-99
-99
-99
-99
-99
-99
-99
-99
-99
-99
-99
-99
-99
-99
-99
-99
-99
-99
-99
-99
-99
-99
-99
-99
-99
-99
-99
-99
-99
-99
-99
-99
-99
-99
-99
-99
-99
-99
-99
-99
-99
-99
-99
-99
-99
-99
-99
-99
-99
-99
-99
-99
-99
-99
-99
-99
-99
-99
-99
-99
-99
-99
-99
-99
-99
-99
-99
-99
-99
-99
-99
-99
-99
-99
-99
-99
-99
-99
-99
-99
-99
-99
-99
-99
-99
-99
-99
-99
-99
-99
-99
-99
-99
-99
-99
-99
-99
-99
-99
-99
-99
-99
-99
-99
-99
-99
-99
-99
-99
-99
-99
-99
-99
-99
-99
-99
-99
-99
-99
-99
-99
-99
-99
-99
-99
-99
-99
-99
-99
-99
-99
-99
-99
-99
-99
-99
-99
-99
-99
-99
-99
-99
-99
-99
-99
-99
-99
-99
-99
-99
-99
-99
-99
-99
-99
-99
-99
-99
-99
-99
-99
-99
-99
-99
-99
-99
-99
-99
-99
-99
-99
-99
-99
-99
-99
-99
-99
-99
-99
-99
-99
-99
-99
-99
-99
-99
-99
-99
-99
-99
-99
-99
-99
-99
-99
-99
-99
-99
-99
-99
-99
-99
-99
-99
-99
-99
-99
-99
-99
-99
-99
-99
-99
-99
-99
-99
-99
-99
-99
-99
-99
-99
-99
-99
-99
-99
-99
-99
-99
-99
-99
-99
-99
-99
-99
-99
-99
-99
-99
-99
-99
-99
-99
-99
-99
-99
-99
-99
-99
-99
-99
-99
-99
-99
-99
-99
-99
-99
-99
-99
-99
-99
-99
-99
-99
-99
-99
-99
-99
-99
-99
-99
-99
-99
-99
-99
-99
-99
-99
-99
-99
-99
-99
-99
-99
-99
-99
-99
-99
-99
-99
-99
-99
-99
-99
-99
-99
-99
-99
-99
-99
-99
-99
-99
-99
-99
-99
-99
-99
-99
-99
-99
-99
-99
-99
-99
-99
-99
-99
-99
-99
-99
-99
-99
-99
-99
-99
-99
-99
-99
-99
-99
-99
-99
-99
-99
-99
-99
-99
-99
-99
-99
-99
-99
-99
-99
-99
-99
-99
-99
-99
-99
-99
-99
-99
-99
-99
-99
-99
-99
-99
-99
-99
-99
-99
-99
-99
-99
-99
-99
-99
-99
-99
-99
-99
-99
-99
-99
-99
-99
-99
-99
-99
-99
-99
-99
-99
-99
-99
-99
-99
-99
-99
-99
-99
-99
-99
-99
-99
-99
-99
-99
-99
-99
-99
-99
-99
-99
-99
-99
-99
-99
-99
-99
-99
-99
-99
-99
-99
-99
-99
-99
-99
-99
-99
-99
-99
-99
-99
-99
-99
-99
-99
-99
-99
-99
-99
-99
-99
-99
-99
-99
-99
-99
-99
-99
-99
-99
-99
-99
-99
-99
-99
-99
-99
-99
-99
-99
-99
-99
-99
-99
-99
-99
-99
-99
-99
-99
-99
-99
-99
-99
-99
-99
-99
-99
-99
-99
-99
-99
-99
-99
-99
-99
-99
-99
-99
-99
-99
-99
-99
-99
-99
-99
-99
-99
-99
-99
-99
-99
-99
-99
-99
-99
-99
-99
-99
-99
-99
-99
-99
-99
-99
-99
-99
-99
-99
-99
-99
-99
-99
-99
-99
-99
-99
-99
-99
-99
-99
-99
-99
-99
-99
-99
-99
-99
-99
-99
-99
-99
-99
-99
-99
-99
-99
-99
-99
-99
-99
-99
-99
-99
-99
-99
-99
-99
-99
-99
-99
-99
-99
-99
-99
-99
-99
-99
-99
-99
-99
-99
-99
-99
-99
-99
-99
-99
-99
-99
-99
-99
-99
-99
-99
-99
-99
-99
-99
-99
-99
-99
-99
-99
-99
-99
-99
-99
-99
-99
-99
-99
-99
-99
-99
-99
-99
-99
-99
-99
-99
-99
-99
-99
-99
-99
-99
-99
-99
-99
-99
-99
-99
-99
-99
-99
-99
-99
-99
-99
-99
-99
-99
-99
-99
-99
-99
-99
-99
-99
-99
-99
-99
-99
-99
-99
-99
-99
-99
-99
-99
-99
-99
-99
-99
-99
-99
-99
-99
-99
-99
-99
-99
-99
-99
-99
-99
-99
-99
-99
-99
-99
-99
-99
-99
-99
-99
-99
-99
-99
-99
-99
-99
-99
-99
-99
-99
-99
-99
-99
-99
-99
-99
-99
-99
-99
-99
-99
-99
-99
-99
-99
-99
-99
-99
-99
-99
-99
-99
-99
-99
-99
-99
-99
-99
-99
-99
-99
-99
-99
-99
-99
-99
-99
-99
-99
-99
-99
-99
-99
-99
-99
-99
-99
-99
-99
-99
-99
-99
-99
-99
-99
-99
-99
-99
-99
-99
-99
-99
-99
-99
-99
-99
-99
-99
-99
-99
-99
-99
-99
-99
-99
-99
-99
-99
-99
-99
-99
-99
-99
-99
-99
-99
-99
-99
-99
-99
-99
-99
-99
-99
-99
-99
-99
-99
-99
-99
-99
-99
-99
-99
-99
-99
-99
-99
-99
-99
-99
-99
-99
-99
-99
-99
-99
-99
-99
-99
-99
-99
-99
-99
-99
-99
-99
-99
-99
-99
-99
-99
-99
-99
-99
-99
-99
-99
-99
-99
-99
-99
-99
-99
-99
-99
-99
-99
-99
-99
-99
-99
-99
-99
-99
-99
-99
-99
-99
-99
-99
-99
-99
-99
-99
-99
-99
-99
-99
-99
-99
-99
-99
-99
-99
-99
-99
-99
-99
-99
-99
-99
-99
-99
-99
-99
-99
-99
-99
-99
-99
-99
-99
-99
-99
-99
-99
-99
-99
-99
-99
-99
-99
-99
-99
-99
-99
-99
-99
-99
-99
-99
-99
-99
-99
-99
-99
-99
-99
-99
-99
-99
-99
-99
-99
-99
-99
-99
-99
-99
-99
-99
-99
-99
-99
-99
-99
-99
-99
-99
-99
-99
-99
-99
-99
-99
-99
-99
-99
-99
-99
-99
-99
-99
-99
-99
-99
-99
-99
-99
-99
-99
-99
-99
-99
-99
-99
-99
-99
-99
-99
-99
-99
-99
-99
-99
-99
-99
-99
-99
-99
-99
-99
-99
-99
-99
-99
-99
-99
-99
-99
-99
-99
-99
-99
-99
-99
-99
-99
-99
-99
-99
-99
-99
-99
-99
-99
-99
-99
-99
-99
-99
-99
-99
-99
-99
-99
-99
-99
-99
-99
-99
-99
-99
-99
-99
-99
-99
-99
-99
-99
-99
-99
-99
-99
-99
-99
-99
-99
-99
-99
-99
-99
-99
-99
-99
-99
-99
-99
-99
-99
-99
-99
-99
-99
-99
-99
-99
-99
-99
-99
-99
-99
-99
-99
-99
-99
-99
-99
-99
-99
-99
-99
-99
-99
-99
-99
-99
-99
-99
-99
-99
-99
-99
-99
-99
-99
-99
-99
-99
-99
-99
-99
-99
-99
-99
-99
-99
-99
-99
-99
-99
-99
-99
-99
-99
-99
-99
-99
-99
-99
-99
-99
-99
-99
-99
-99
-99
-99
-99
-99
-99
-99
-99
-99
-99
-99
-99
-99
-99
-99
-99
-99
-99
-99
-99
-99
-99
-99
-99
-99
-99
-99
-99
-99
-99
-99
-99
-99
-99
-99
-99
-99
-99
-99
-99
-99
-99
-99
-99
-99
-99
-99
-99
-99
-99
-99
-99
-99
-99
-99
-99
-99
-99
-99
-99
-99
-99
-99
-99
-99
-99
-99
-99
-99
-99
-99
-99
-99
-99
-99
-99
-99
-99
-99
-99
-99
-99
-99
-99
-99
-99
-99
-99
-99
-99
-99
-99
-99
-99
-99
-99
-99
-99
-99
-99
-99
-99
-99
-99
-99
-99
-99
-99
-99
-99
-99
-99
-99
-99
-99
-99
-99
-99
-99
-99
-99
-99
-99
-99
-99
-99
-99
-99
-99
-99
-99
-99
-99
-99
-99
-99
-99
-99
-99
-99
-99
-99
-99
-99
-99
-99
-99
-99
-99
-99
-99
-99
-99
-99
-99
-99
-99
-99
-99
-99
-99
-99
-99
-99
-99
-99
-99
-99
-99
-99
-99
-99
-99
-99
-99
-99
-99
-99
-99
-99
-99
-99
-99
-99
-99
-99
-99
-99
-99
-99
-99
-99
-99
-99
-99
-99
-99
-99
-99
-99
-99
-99
-99
-99
-99
-99
-99
-99
-99
-99
-99
-99
-99
-99
-99
-99
-99
-99
-99
-99
-99
-99
-99
-99
-99
-99
-99
-99
-99
-99
-99
-99
-99
-99
-99
-99
-99
-99
-99
-99
-99
-99
-99
-99
-99
-99
-99
-99
-99
-99
-99
-99
-99
-99
-99
-99
-99
-99
-99
-99
-99
-99
-99
-99
-99
-99
-99
-99
-99
-99
-99
-99
-99
-99
-99
-99
-99
-99
-99
-99
-99
-99
-99
-99
-99
-99
-99
-99
-99
-99
-99
-99
-99
-99
-99
-99
-99
-99
-99
-99
-99
-99
-99
-99
-99
-99
-99
-99
-99
-99
-99
-99
-99
-99
-99
-99
-99
-99
-99
-99
-99
-99
-99
-99
-99
-99
-99
-99
-99
-99
-99
-99
-99
-99
-99
-99
-99
-99
-99
-99
-99
-99
-99
-99
-99
-99
-99
-99
-99
-99
-99
-99
-99
-99
-99
-99
-99
-99
-99
-99
-99
-99
-99
-99
-99
-99
-99
-99
-99
-99
-99
-99
-99
-99
-99
-99
-99
-99
-99
-99
-99
-99
-99
-99
-99
-99
-99
-99
-99
-99
-99
-99
-99
-99
-99
-99
-99
-99
-99
-99
-99
-99
-99
-99
-99
-99
-99
-99
-99
-99
-99
-99
-99
-99
-99
-99
-99
-99
-99
-99
-99
-99
-99
-99
-99
-99
-99
-99
-99
-99
-99
-99
-99
-99
-99
-99
-99
-99
-99
-99
-99
-99
-99
-99
-99
-99
-99
-99
-99
-99
-99
-99
-99
-99
-99
-99
-99
-99
-99
-99
-99
-99
-99
-99
-99
-99
-99
-99
-99
-99
-99
-99
-99
-99
-99
-99
-99
-99
-99
-99
-99
-99
-99
-99
-99
-99
-99
-99
-99
-99
-99
-99
-99
-99
-99
-99
-99
-99
-99
-99
-99
-99
-99
-99
-99
-99
-99
-99
-99
-99
-99
-99
-99
-99
-99
-99
-99
-99
-99
-99
-99
-99
-99
-99
-99
-99
-99
-99
-99
-99
-99
-99
-99
-99
-99
-99
-99
-99
-99
-99
-99
-99
-99
-99
-99
-99
-99
-99
-99
-99
-99
-99
-99
-99
-99
-99
-99
-99
-99
-99
-99
-99
-99
-99
-99
-99
-99
-99
-99
-99
-99
-99
-99
-99
-99
-99
-99
-99
-99
-99
-99
-99
-99
-99
-99
-99
-99
-99
-99
-99
-99
-99
-99
-99
-99
-99
-99
-99
-99
-99
-99
-99
-99
-99
-99
-99
-99
-99
-99
-99
-99
-99
-99
-99
-99
-99
-99
-99
-99
-99
-99
-99
-99
-99
-99
-99
-99
-99
-99
-99
-99
-99
-99
-99
-99
-99
-99
-99
-99
-99
-99
-99
-99
-99
-99
-99
-99
-99
-99
-99
-99
-99
-99
-99
-99
-99
-99
-99
-99
-99
-99
-99
-99
-99
-99
-99
-99
-99
-99
-99
-99
-99
-99
-99
-99
-99
-99
-99
-99
-99
-99
-99
-99
-99
-99
-99
-99
-99
-99
-99
-99
-99
-99
-99
-99
-99
-99
-99
-99
-99
-99
-99
-99
-99
-99
-99
-99
-99
-99
-99
-99
-99
-99
-99
-99
-99
-99
-99
-99
-99
-99
-99
-99
-99
-99
-99
-99
-99
-99
-99
-99
-99
-99
-99
-99
-99
-99
-99
-99
-99
-99
-99
-99
-99
-99
-99
-99
-99
-99
-99
-99
-99
-99
-99
-99
-99
-99
-99
-99
-99
-99
-99
-99
-99
-99
-99
-99
-99
-99
-99
-99
-99
-99
-99
-99
-99
-99
-99
-99
-99
-99
-99
-99
-99
-99
-99
-99
-99
-99
-99
-99
-99
-99
-99
-99
-99
-99
-99
-99
-99
-99
-99
-99
-99
-99
-99
-99
-99
-99
-99
-99
-99
-99
-99
-99
-99
-99
-99
-99
-99
-99
-99
-99
-99
-99
-99
-99
-99
-99
-99
-99
-99
-99
-99
-99
-99
-99
-99
-99
-99
-99
-99
-99
-99
-99
-99
-99
-99
-99
-99
-99
-99
-99
-99
-99
-99
-99
-99
-99
-99
-99
-99
-99
-99
-99
-99
-99
-99
-99
-99
-99
-99
-99
-99
-99
-99
-99
-99
-99
-99
-99
-99
-99
-99
-99
-99
-99
-99
-99
-99
-99
-99
-99
-99
-99
-99
-99
-99
-99
-99
-99
-99
-99
-99
-99
-99
-99
-99
-99
-99
-99
-99
-99
-99
-99
-99
-99
-99
-99
-99
-99
-99
-99
-99
-99
-99
-99
-99
-99
-99
-99
-99
-99
-99
-99
-99
-99
-99
-99
-99
-99
-99
-99
-99
-99
-99
-99
-99
-99
-99
-99
-99
-99
-99
-99
-99
-99
-99
-99
-99
-99
-99
-99
-99
-99
-99
-99
-99
-99
-99
-99
-99
-99
-99
-99
-99
-99
-99
-99
-99
-99
-99
-99
-99
-99
-99
-99
-99
-99
-99
-99
-99
-99
-99
-99
-99
-99
-99
-99
-99
-99
-99
-99
-99
-99
-99
-99
-99
-99
-99
-99
-99
-99
-99
-99
-99
-99
-99
-99
-99
-99
-99
-99
-99
-99
-99
-99
-99
-99
-99
-99
-99
-99
-99
-99
-99
-99
-99
-99
-99
-99
-99
-99
-99
-99
-99
-99
-99
-99
-99
-99
-99
-99
-99
-99
-99
-99
-99
-99
-99
-99
-99
-99
-99
-99
-99
-99
-99
-99
-99
-99
-99
-99
-99
-99
-99
-99
-99
-99
-99
-99
-99
-99
-99
-99
-99
-99
-99
-99
-99
-99
-99
-99
-99
-99
-99
-99
-99
-99
-99
-99
-99
-99
-99
-99
-99
-99
-99
-99
-99
-99
-99
-99
-99
-99
-99
-99
-99
-99
-99
-99
-99
-99
-99
-99
-99
-99
-99
-99
-99
-99
-99
-99
-99
-99
-99
-99
-99
-99
-99
-99
-99
-99
4.97232
3.36384
5.72112
5.01552
5.78592
6.228
6.22944
6.05232
4.84416
5.90256
2.5704
3.7584
3.4416
5.72688
6.16608
6.96384
5.26752
7.13088
7.20576
7.35984
7.30944
7.22304
6.05088
7.12944
7.10496
5.6952
7.46928
7.78032
7.84944
7.41312
6.18768
7.24608
6.36048
5.364
8.31888
6.1704
3.66048
8.16768
8.5536
6.68448
6.94224
1.38528
6.2712
6.70032
1.84896
1.2312
8.5032
9.41328
9.43488
8.9928
9.10944
9.07056
9.08208
9.16416
8.3088
9.63792
9.16704
6.56928
9.69984
9.74592
10.23984
10.12032
5.54976
4.28112
9.05184
9.42048
7.38864
10.89216
7.30512
11.13696
10.94256
10.96992
10.34496
10.41264
11.56464
11.48832
11.57904
3.15504
19.86048
18.79776
20.3256
22.08672
20.91168
17.04528
10.13472
18.72144
23.29776
23.55984
23.80176
23.62896
17.54928
18.07776
10.53936
14.86656
19.47744
18.55152
16.66944
18.11808
16.38432
20.71296
11.9448
21.81168
16.3512
23.98896
23.48928
24.10128
23.08032
20.17152
23.21856
20.52576
21.25728
22.53744
18.684
22.9968
23.20704
18.53424
23.2344
7.72848
24.3216
21.10032
21.66624
23.6232
21.85488
22.6584
23.02992
17.20224
17.59392
6.88032
16.35408
21.20688
21.97008
22.48272
23.44032
24.45264
13.87728
8.16048
9.96912
21.4488
23.32512
18.88128
15.31296
23.05872
24.69024
24.31872
24.1992
23.8608
22.78512
23.3928
22.5432
22.7016
22.4496
17.85888
15.03216
22.8096
23.48352
23.38128
22.98672
21.66624
17.77104
21.26592
21.19104
14.40144
23.07024
22.70448
22.16304
16.2504
10.64448
21.71088
18.93312
20.41056
20.65248
20.68992
18.4464
13.88304
21.024
20.12256
15.77664
22.00752
20.08512
21.30192
21.14496
20.63808
16.488
18.1872
16.88688
12.19104
8.19936
20.40192
18.62208
19.02672
19.06128
18.94032
18.8064
11.52864
16.31376
17.61552
18.83088
18.5832
17.27568
14.40288
14.50224
14.95296
14.26896
16.12512
15.98256
15.44832
15.20928
16.5528
15.77808
13.13856
14.8032
14.27328
14.5728
12.21408
13.77504
12.89088
10.99584
1.67472
13.068
12.86352
15.14592
14.90112
14.256
1.99008
7.28208
3.84624
5.82768
8.2512
13.69872
13.39488
10.77264
12.04848
11.18592
13.3056
12.57552
9.14688
10.49616
9.44064
11.49552
4.3128
9.9936
11.0016
11.47248
11.90592
11.11392
10.81152
10.12464
11.55312
11.54304
10.83024
9.99504
10.21392
7.1496
7.128
8.47584
4.70592
8.65296
6.83712
7.416
8.09856
4.536
9.39024
7.6968
8.83584
4.7016
4.92192
8.8776
2.41632
8.49168
8.36496
2.84544
8.51472
7.65216
7.93152
8.2584
7.74576
7.7328
6.31008
4.30704
1.49472
5.03568
5.00544
2.98512
4.57056
4.1184
2.73456
1.42704
7.20576
7.20432
6.82992
1.25856
6.39792
6.25392
7.30368
4.37904
7.26912
6.29712
6.8688
5.46336
5.10048
2.53008
2.1456
3.33648
2.96064
5.92128
2.7504
2.29248
2.18592
1.47456
1.0152
0.89856
1.68912
2.68272
3.42288
7.18416
7.29648
7.05744
7.29792
7.21728
7.00848
6.87024
6.876
2.63376
1.16784
1.22256
1.29744
2.01744
2.34144
6.42528
1.94544
5.08608
2.8008
2.82384
4.36608
7.85376
5.95296
3.55968
6.67008
6.24816
7.88688
8.70912
6.68592
8.21088
6.23088
2.98224
8.26272
7.35696
2.39616
8.26128
8.96256
8.22384
8.53632
5.25888
9.97488
10.21104
10.19232
9.29088
10.33632
10.70496
5.76288
4.00176
9.14832
7.57728
3.72096
10.53504
6.4224
11.04912
11.38032
11.53584
7.42032
12.94704
12.3912
12.91104
11.9808
8.78112
12.60432
10.94976
10.04256
12.70944
11.87856
13.60944
14.78448
14.51808
14.20128
12.6432
9.56448
13.716
13.83264
14.23584
12.24
14.88096
15.33024
15.16752
15.23664
4.88592
9.39744
7.61328
5.90976
7.22304
6.66144
3.36672
13.97664
17.22096
17.9496
17.91504
15.0552
16.47648
18.69264
18.57744
18.1296
17.4456
18.6552
19.26432
16.28352
16.8768
19.62432
20.13984
17.73216
14.19552
17.8992
19.03968
19.03824
6.75936
11.80656
18.66096
14.81184
15.59376
21.00384
18.61056
11.24352
20.18016
15.5016
17.05248
10.36368
18.36432
21.50352
17.79408
20.01888
16.64208
18.27504
17.39664
5.71536
15.37056
22.6872
20.83536
21.07584
22.27968
21.6216
21.5496
22.32864
16.52688
9.74016
23.95152
23.0328
23.652
22.94352
7.97328
22.3776
24.49152
24.264
24.13152
22.28976
23.75568
24.34464
24.41808
23.71248
21.38688
21.06144
24.01344
23.35536
23.21712
19.45584
23.90112
24.51168
23.90832
23.80896
21.77712
21.91536
13.04496
12.3264
21.07872
11.52864
19.73808
18.72
18.16704
24.34464
24.41376
24.21504
24.4368
24.44688
21.75264
17.46576
23.83488
23.78736
23.76576
23.11344
23.75568
23.45904
23.01408
22.58784
11.37456
19.3896
20.72736
21.4056
21.9384
21.57408
23.33232
24.18912
23.14224
22.25664
22.62672
23.77296
22.68
21.9024
19.90944
18.20736
17.29872
21.312
21.28896
20.7648
22.37328
22.64544
21.05136
22.39632
21.29184
22.33296
22.24944
20.71728
11.86272
10.78992
18.5328
21.6648
18.37728
20.51568
19.85472
20.18736
19.37376
4.968
21.56832
21.5352
20.3112
19.33344
20.29248
18.90864
15.37632
20.91744
14.99904
12.75408
20.63376
19.89792
17.8272
11.84832
18.31536
17.49312
19.73664
19.17792
18.11232
18.80208
18.49104
18
13.38048
17.60112
12.55536
7.41888
3.89952
18.4176
16.49088
14.35968
14.05584
16.23024
9.972
10.21968
11.53728
13.27536
10.06128
12.90672
15.8616
17.15472
16.992
16.60176
16.82784
16.39872
16.05744
14.41728
14.436
15.26976
13.80384
13.30416
14.4792
10.14336
8.68608
13.63104
12.17088
6.85584
7.20288
5.4648
13.2408
13.43952
12.0024
13.44384
12.25296
9.81504
11.45232
6.89904
10.10016
12.81888
12.0528
8.22384
9.50688
2.78496
1.97568
11.83536
11.3904
10.27584
3.69936
7.40304
8.352
7.48368
9.6552
9.74448
10.11312
9.57312
6.23376
1.0656
6.17184
9.33984
9.37152
9.15696
8.36928
8.91936
1.49616
1.44432
1.39104
1.25424
1.06992
3.26448
1.36656
1.16496
1.86912
2.08944
1.68048
3.8304
7.344
7.48368
8.41392
5.99904
4.716
7.34688
7.8264
7.14528
7.36848
7.35984
4.61088
2.57904
3.30336
5.1264
5.31072
3.28032
4.8744
5.8176
4.72896
1.01808
1.25568
0.88272
0.90288
2.76048
2.8368
3.91824
3.0168
3.79296
4.03344
5.28048
2.34
1.74384
1.39104
4.14288
1.08576
1.48176
2.10528
3.30048
4.28832
2.19456
2.844
3.48768
6.29136
2.59488
2.73456
4.36464
6.27984
4.72608
5.2776
4.27248
4.90752
6.64128
7.35984
6.34464
3.77136
6.57216
8.34192
6.88176
5.8032
7.42464
7.2864
7.70832
3.71808
6.12288
7.48944
3.37392
2.57328
3.79008
6.11568
4.12848
6.15456
6.83568
9.1152
7.79184
9.27216
9.9504
9.32544
8.85168
10.12896
10.1736
5.5224
4.52304
4.44816
3.83184
6.94512
8.33616
11.41344
11.84832
11.94768
6.13728
11.89584
11.96784
11.3184
7.64064
10.9224
9.25344
11.00592
7.60752
3.88224
9.18288
11.9232
12.08304
12.88944
14.02848
12.27456
12.13344
14.34528
9.63936
15.05664
7.06176
15.36624
15.41088
15.39792
15.02208
3.73824
6.01056
9.04896
14.86512
13.37184
2.74608
14.47056
13.89456
14.1336
16.80624
17.36064
11.92464
15.85584
15.15888
11.79648
15.43104
16.72992
13.77216
11.6352
18.30384
14.63904
5.63184
3.6144
18.03456
19.51056
19.77552
19.0368
14.16816
19.34928
17.83728
15.49872
19.89216
19.35792
16.2432
19.99728
20.51568
15.94656
11.37312
13.12128
8.62416
20.45952
22.00608
22.0104
21.7512
17.54784
7.23024
21.05136
20.24064
23.2416
22.8888
22.47696
22.6728
21.00384
9.64224
8.53488
7.37136
6.43248
8.69616
16.45056
15.32736
19.5768
23.17248
22.80384
23.45472
21.93552
20.83248
23.90112
23.39424
21.53664
14.18256
24.34896
21.0312
15.75072
21.68928
18.52704
19.11888
22.23072
19.59408
23.29056
24.72336
24.08112
21.36384
13.7448
23.00832
15.804
22.99824
23.05152
21.98448
17.53056
19.96272
18.56016
24.17184
24.7464
20.32704
19.8576
21.53952
24.14016
24.7392
24.2136
22.30704
24.06384
24.46992
23.33376
22.99104
23.2128
23.84064
21.7008
14.07312
22.15584
22.56192
22.50432
23.6376
21.86208
22.11408
22.79808
19.25712
21.29472
22.97376
22.35888
18.288
22.59504
24.4008
23.8896
24.1704
23.88816
23.76288
23.40864
23.21712
12.85056
19.87776
20.07504
22.7952
22.86144
22.98096
22.57632
21.24
22.39344
20.0448
21.0024
21.96
22.22928
21.50784
19.89072
19.83744
21.03984
21.77136
21.71088
21.4776
16.91568
18.49824
21.4056
20.88
20.56608
20.56752
20.17872
18.0072
17.61408
17.43408
18.72576
14.29776
20.35296
19.764
19.48464
19.84896
19.65744
19.44144
18.1656
17.39952
8.85888
12.77424
16.64784
17.59824
17.42256
16.64352
15.18912
15.20496
17.72784
17.0208
8.21376
13.05072
16.33248
16.92432
16.40592
15.50304
9.27792
9.68688
15.696
12.42432
16.73136
16.50672
10.99872
16.04736
14.41008
9.72864
14.7672
12.69216
12.55248
14.33232
14.3424
14.53536
14.03568
12.42288
10.04688
11.55024
13.31424
10.99008
6.58656
12.636
12.28464
12.84624
12.82608
12.30192
4.032
4.96656
7.42464
12.21696
10.38096
4.39776
8.55792
8.68176
11.55024
11.19024
5.74128
9.87696
4.644
6.09264
5.68656
6.8184
8.37216
2.49984
2.0376
7.35264
7.0272
1.83024
4.57344
2.4984
3.6072
8.74656
8.95968
9.69984
9.38592
7.41312
8.32176
8.15184
6.26112
8.53056
8.59392
8.04816
7.93584
5.54112
7.74864
5.12784
2.29248
1.40832
1.4616
6.0768
2.09232
1.63728
1.01088
7.05456
4.36896
6.60816
4.89456
1.80288
1.51776
4.91472
4.98384
5.48784
5.1696
1.87344
1.29744
1.3032
1.17216
1.21392
1.34064
2.7504
1.7496
0.90432
5.17968
5.85504
3.50928
3.73968
4.69008
3.19824
1.48896
1.45296
1.45296
1.33488
1.08576
0.9
1.05984
1.152
1.25712
0.84816
1.50768
2.02752
1.4472
5.19552
5.29344
2.26368
2.22192
2.42496
4.82544
6.91344
6.25248
8.03376
7.84512
8.30448
8.02224
8.75088
8.2224
6.30864
2.78784
4.35024
2.16
4.97952
7.21728
8.74656
5.84784
1.58256
4.75488
6.49008
6.88752
8.01504
3.52656
2.64096
5.1336
4.75488
8.32032
5.33664
7.24464
10.70496
10.93248
6.84864
3.7584
5.97456
2.2608
10.22544
9.65088
9.0072
4.08384
2.43936
8.02512
10.48752
9.44784
7.78176
4.29408
6.78672
12.96144
11.75184
9.57888
0.10368
-99
9.53856
4.48128
10.944
10.58688
13.08096
13.39344
13.58352
14.1336
15.04224
14.0688
14.63616
8.98272
14.4216
14.87376
15.66288
16.06896
15.68592
15.99552
15.72912
13.47552
11.95056
15.59088
7.59456
6.36624
13.99824
7.52544
15.74352
17.69472
17.41824
11.08944
17.73216
18.66096
18.70128
18.57456
12.96432
19.03392
18.79632
18.91584
19.11168
19.10592
19.22256
19.74672
19.17936
19.18512
16.43184
19.9368
19.68768
20.28672
19.11312
19.188
21.28896
21.38256
18.74448
21.3768
12.31488
10.5264
11.4912
22.22784
16.4376
14.65776
22.63968
15.70752
10.98288
20.09808
15.52176
23.3784
22.42944
21.60432
18.59904
18.82656
16.91856
19.08
20.69424
22.5648
21.74688
22.04928
17.86464
8.08704
24.5736
23.57136
19.08576
22.32576
23.35968
23.01552
23.35392
22.77216
22.4496
22.37328
18.5904
18.44208
22.40064
23.0328
21.31488
11.1384
4.28256
18.56448
24.4368
24.35904
23.53392
21.81744
23.15664
23.49648
23.41152
24.01776
23.29776
20.46528
23.66928
24.03936
23.94576
23.544
22.97664
23.37696
22.82256
20.96208
22.37472
12.27168
16.5096
20.52144
17.18496
21.67056
24.39072
24.30288
24.39936
24.23232
24.18624
24.01344
15.25824
14.33952
14.2128
21.7512
21.34656
22.31856
22.7016
22.90608
22.35168
23.26176
22.99536
20.99952
19.4112
16.72992
17.97696
15.78672
18.99072
13.96224
18.53712
23.04
22.23648
22.34304
21.40704
21.56256
21.28464
20.91888
10.76832
16.6608
21.00816
20.91024
20.0376
20.27664
15.11568
21.26592
7.41744
22.07088
21.3048
21.20256
20.6568
20.79648
17.67888
17.86464
20.00304
18.34704
19.01808
20.37312
19.43712
19.68336
15.7032
18.09504
14.46624
14.43456
11.77632
14.92272
7.44336
15.33168
15.516
17.30592
19.116
14.09472
13.28544
17.50608
16.85232
16.93008
16.7616
5.32512
18.12528
17.55504
13.24944
16.78032
14.50656
2.40912
16.16544
15.4296
14.90688
16.71552
16.0488
14.28768
4.70736
13.32864
13.68864
12.98592
15.17328
14.06592
14.436
14.35392
4.8456
8.2224
12.81456
13.8168
13.464
13.09392
13.83552
13.68864
13.62528
13.42512
13.34016
12.348
11.69136
11.41344
11.56032
9.77184
11.84544
11.85552
2.73312
3.58272
10.06848
10.07136
10.69488
11.39184
10.81152
10.80864
8.8344
10.47888
10.66896
10.65456
10.28448
10.188
8.74512
6.75936
8.31312
5.9976
9.94896
10.11168
10.07712
6.81552
8.82
8.07408
4.39344
9.1008
9.16992
9.08064
8.00064
8.43264
8.07408
7.96896
8.00064
7.50672
7.72848
7.6464
6.20352
5.36832
5.23296
7.97616
7.1784
7.65648
7.27056
7.82064
3.28896
7.67232
7.65504
7.15536
7.1208
6.01632
3.30048
4.95072
6.8688
2.5056
2.17584
6.49584
4.53312
3.84336
6.49872
7.00992
6.8544
3.168
5.94288
4.92768
2.1816
3.32496
2.02032
1.46592
1.60848
2.09088
4.25232
2.78352
3.44016
6.76656
3.86064
6.4008
6.01056
6.56496
7.07616
6.8256
2.11968
2.72016
1.45008
3.79728
6.69312
7.64928
7.06896
4.07376
3.77136
6.61968
7.88976
8.18496
7.884
7.44336
8.01072
7.55568
8.15184
6.5808
5.87808
5.70816
1.24272
3.40992
7.93152
8.87472
4.5432
2.93184
2.87424
8.94096
8.27424
1.63008
1.39824
1.60848
10.56816
4.30272
9.33264
11.28816
6.984
9.89856
5.52096
5.2488
10.9224
5.4864
7.524
11.23776
11.05056
7.2504
10.6488
12.50208
12.49776
12.23424
12.68208
12.76128
4.27248
3.0528
5.56704
8.7984
13.14
7.06608
11.03904
11.664
14.976
12.34368
11.16288
7.95168
10.95984
11.13984
9.20592
10.2888
12.5856
15.27408
6.31584
15.12864
9.82656
13.75056
14.73264
14.9472
13.31136
3.02112
11.51136
16.66656
15.44256
17.8992
15.45696
15.88608
16.51392
17.43984
11.17728
15.70032
17.9712
18.288
12.2832
9.7776
7.86096
10.33776
7.76304
7.37136
13.19472
7.61904
7.54704
18.14688
5.09904
20.34864
18.8136
17.94384
19.94256
18.96624
14.67504
10.1952
19.53648
20.29968
20.88576
17.47872
15.70464
12.42432
19.55232
19.89504
22.46976
15.96384
17.79696
16.46352
13.93056
11.74752
17.60688
20.91456
20.41344
22.42512
14.90112
24.1416
20.71152
23.5008
23.17104
18.42336
16.63632
19.44432
12.01968
19.84608
22.42944
19.6272
22.40352
20.57184
11.87136
15.27408
5.37696
19.5912
11.25648
23.13504
21.5208
17.7984
13.62672
21.93264
17.75808
12.46032
22.7232
16.09488
16.59744
7.49808
22.81392
16.57296
20.8152
24.45264
23.5728
23.76576
23.13216
24.1488
24.29136
23.93856
13.59792
23.78016
24.66432
19.93824
23.9544
23.68944
21.10176
18.04608
19.91664
22.824
19.13472
23.36256
23.2344
23.70384
13.10832
23.26176
21.30192
23.17248
20.81088
22.97808
20.08944
21.30048
17.54352
22.08384
22.5144
20.592
23.59152
20.32416
18.35568
21.86352
21.168
18.07776
23.38704
22.68144
21.72096
22.62528
21.36384
22.1544
22.54032
22.14
22.11984
22.01904
21.99456
21.97872
21.83328
21.42288
21.33072
18.34992
14.30496
17.63568
17.37216
18.78192
17.62992
20.48688
21.7872
21.636
13.39344
16.87536
20.94048
20.66688
20.36736
19.98
20.14272
18.66816
19.57968
19.01088
18.79344
19.65744
13.25808
18.4176
17.30304
17.41248
19.05696
19.1304
12.25872
16.92432
13.63392
16.2432
17.96688
14.91984
13.93776
13.05936
13.65984
13.82112
17.1792
17.21952
9.86256
16.70832
13.44528
13.44096
16.26912
15.68592
15.13584
15.75072
16.02864
16.00128
12.81456
14.25456
15.40656
15.18048
14.8032
15.13584
14.67648
15.48432
14.56416
14.40144
13.67568
13.22208
13.92768
12.27024
11.03616
10.74096
10.06992
12.70656
11.42496
4.37904
7.25616
11.63376
11.02464
5.08032
4.44672
10.64016
8.42688
11.27808
11.52432
11.59056
11.45808
8.20224
3.26592
5.97456
8.72064
7.36704
5.3568
8.172
9.08496
10.47744
10.22832
2.56464
5.91984
8.73072
5.62608
6.44112
6.75072
8.36352
8.3448
7.1568
6.16176
2.5416
5.05872
2.41344
3.06144
3.9096
2.37312
5.71248
4.31136
1.57824
4.716
4.48272
6.47856
6.81264
7.27488
5.32512
7.06464
4.92768
6.6888
6.07536
4.56048
1.692
4.9104
5.72256
5.8824
7.09776
6.97536
2.42928
1.95408
0.82512
6.8472
5.24736
3.1392
5.25168
4.26672
6.82704
6.25968
4.63248
4.93632
2.58624
1.4328
1.368
1.68768
0.90576
1.14336
2.2248
3.96576
1.42992
1.39824
4.13568
2.25504
2.03184
4.82832
5.12064
7.67376
7.50528
7.65792
8.04672
7.89696
7.83504
7.46496
7.95168
7.94592
2.21616
1.2168
4.88304
2.94624
5.92992
7.91424
4.88304
3.9168
9.0216
9.02304
9.18
9.18576
8.70624
2.90448
8.38512
6.4584
6.82128
6.63696
10.65024
10.36368
10.01088
9.21888
6.24384
9.85392
9.65376
8.10144
10.85616
11.50704
11.31696
11.7864
11.57616
12.15216
12.33072
10.48176
10.89216
11.32416
11.29824
11.52864
12.26592
12.4488
12.82464
13.18464
13.56768
12.78432
13.64112
13.72896
11.91312
11.79936
11.76048
3.87792
14.57568
13.75056
14.9616
15.15312
15.68592
14.53104
15.82272
15.28704
16.23168
16.45056
16.16832
16.88256
15.75792
17.34336
16.97904
16.45632
16.88112
16.78608
17.43984
18.30672
18.28224
18.04464
14.26608
18.08496
8.05968
11.07648
14.09472
4.69728
19.52208
9.44496
12.1968
18.79632
15.21792
19.3464
17.18928
20.28096
20.06352
21.0672
19.09728
15.9264
20.35152
17.50032
5.34384
12.67344
9.2952
4.81536
4.97232
12.34512
14.40288
13.52448
22.43232
22.05648
22.50576
22.29264
22.17312
22.81536
20.17152
6.5736
23.39856
24.12864
23.82192
21.20256
12.71664
22.09104
19.02096
23.14224
24.43824
23.09184
23.95584
22.80672
22.72032
8.31168
21.24864
21.02112
24.04944
24.23808
19.77408
21.1248
4.65408
-99
-99
22.212
23.05152
25.19424
24.87888
24.66432
24.57936
24.9264
21.5352
23.688
16.3512
22.41072
24.17472
23.17968
17.43264
23.27904
9.96048
25.5744
20.09808
18.57456
25.30512
23.40144
24.7536
23.4936
24.26112
20.24208
4.18752
-99
-99
21.71232
20.06064
23.26176
23.40144
24.21504
24.41376
24.68016
24.10128
23.33664
23.57856
22.4928
23.57568
21.58848
18.216
8.52336
16.44192
24.0696
23.93856
23.4432
17.98416
17.58384
23.90112
21.996
10.12752
23.22576
22.85712
22.59648
21.8664
22.34304
22.20048
22.18464
22.06224
12.03264
15.6672
23.62032
22.95216
22.68144
21.02688
20.92608
22.01616
21.996
21.36672
21.22128
19.55232
14.00256
21.56544
21.4632
21.28752
18.79344
20.8872
20.79504
21.38976
19.7424
20.48976
20.23056
18.8208
16.5528
6.79536
16.45488
20.40048
19.99872
19.57968
18.46512
14.76432
11.41344
19.21392
17.07696
19.30176
17.32608
15.12288
19.19808
19.41984
19.17504
18.80784
18.94752
18.81072
18.6552
17.03808
11.57472
10.76832
17.36496
10.36944
11.54592
13.82976
14.19696
15.28848
14.32368
13.69728
13.95936
12.83184
13.1472
14.22144
15.90192
14.8824
15.51024
15.05376
14.95008
14.3784
14.97888
13.43376
14.8392
13.97952
14.46912
14.5368
11.28816
12.46032
13.57344
9.34128
8.96112
11.11248
12.04992
11.98368
4.89888
13.42512
11.41344
10.044
8.02944
10.97856
3.1824
9.21888
0.67536
6.99552
8.00496
11.43792
11.17152
10.03392
4.36176
3.90384
3.9384
9.48528
8.7336
8.27856
9.23904
9.00864
8.13168
8.37504
5.02272
7.39872
7.64352
9.34416
6.80256
8.86176
4.85568
4.68864
4.74768
6.98256
7.15104
6.15024
8.6544
7.2648
6.85008
3.29616
4.07232
7.39728
7.34976
6.46704
6.79968
6.37056
7.26912
7.53264
7.54848
5.63184
5.52096
1.0296
1.60704
5.87376
1.48896
1.7856
7.30512
5.14512
5.07456
4.07952
6.2136
5.49792
7.02864
1.94544
4.34016
5.0616
4.44816
3.40128
4.11552
4.00176
6.9912
6.516
2.20752
3.55104
2.39904
1.20096
1.36224
1.45296
1.23696
1.25136
1.368
1.31904
1.87632
2.16864
1.89936
1.12608
1.89648
1.82592
3.31776
7.92
2.44368
1.81872
2.2392
2.21904
4.68432
7.0344
6.86016
2.46672
1.08
1.03104
2.78928
5.83056
5.99904
5.38704
4.41936
6.81264
5.97456
7.79904
6.32448
7.63776
8.1216
8.71776
8.80128
9.76032
10.34496
10.42128
7.23312
7.26912
8.25264
10.60704
9.19008
6.16032
6.948
10.90512
8.72784
5.82912
6.80688
12.12624
12.1968
11.70288
12.10752
11.58912
11.46528
12.44448
9.96048
12.69072
12.20256
11.85552
8.39232
11.76912
11.78496
9.27648
11.9304
8.73072
13.80672
14.09616
13.42512
14.89968
11.61216
15.10848
13.50144
12.07008
15.1416
14.15376
3.00816
5.71392
9.54864
13.12416
13.23504
15.9696
12.01824
7.35696
11.4192
7.18704
14.6736
17.47872
14.23584
17.98704
6.71328
2.6136
3.08448
11.14416
17.31888
19.97568
17.352
15.09984
8.48304
15.60816
19.58688
18.16128
17.66304
15.12432
9.072
17.62992
11.58768
16.99776
10.8864
15.79968
12.348
9.31824
4.45392
17.22672
20.27664
21.2328
21.66336
16.53264
9.4104
16.56
21.74544
19.70784
16.36704
21.91968
22.27248
20.0808
12.96864
22.21056
19.4472
21.35232
15.71328
3.79296
18.74448
11.94048
21.06576
7.33248
11.99664
12.64752
23.02992
24.16608
24.1272
24.0696
23.47056
23.71824
21.8304
19.3392
19.41552
23.90112
21.17808
23.5368
23.79744
23.85792
22.3416
17.86608
19.37664
18.17712
16.95168
24.85728
23.79024
14.61168
23.77728
23.80608
21.30048
11.76768
22.356
21.37392
22.88448
24.16464
10.30896
21.27312
21.73392
18.05184
24.0192
20.70144
24.96384
24.48576
21.86352
22.41648
22.04064
23.80464
23.81472
23.76864
22.07808
23.6088
23.6376
24.25536
25.36416
24.49728
24.21216
24.81696
21.32064
18.684
22.61808
23.3496
13.88592
22.4928
20.45376
21.9528
23.4792
23.5728
23.688
23.42304
17.90784
21.88944
18.17136
22.8456
22.27536
22.44528
20.95344
21.69936
21.14784
21.15072
20.60784
21.66624
21.67776
21.59136
22.45536
22.65984
22.62528
21.93696
20.89872
19.98576
17.3592
8.352
10.70064
20.39616
20.7144
16.61328
20.02896
20.412
20.43936
14.27328
20.3976
20.02896
19.64592
20.22768
20.25792
20.05632
19.57824
18.66816
18.77328
12.5424
17.60112
20.10384
20.0952
12.40272
19.31472
19.23408
18.73008
18.27792
17.8992
18.1224
17.70912
9.54576
16.16976
17.45856
16.90272
17.2656
15.96816
15.1992
15.37488
8.32032
7.07472
13.6584
15.51456
12.8592
15.81984
12.66192
8.49456
16.22592
14.02848
15.87744
15.52032
14.17968
14.49216
12.39984
3.64896
11.0088
11.90016
14.5368
13.45824
12.25008
13.8168
12.51072
12.33504
13.7808
13.8816
13.29264
12.89088
10.0584
13.04208
12.2472
12.10464
10.8864
2.86272
8.2368
2.59056
10.42992
11.0736
8.89776
11.53008
9.12672
9.03312
10.25712
10.50048
9.74592
10.10016
9.85104
4.6944
1.6416
3.9816
4.67712
2.83104
4.22208
4.35168
7.1136
2.24928
2.1816
5.49072
6.57216
5.12208
7.78464
8.4024
7.632
5.59728
8.1288
8.60112
8.11008
6.33744
4.9968
5.98896
2.46384
2.7216
2.75184
4.10976
1.72656
1.38528
7.77888
7.12944
3.86928
6.70752
7.2504
2.34144
7.36272
7.26912
7.24608
3.00672
7.1064
6.66576
2.78928
4.81824
6.20352
2.70288
1.49328
1.66752
3.0456
3.33072
1.9368
2.27952
5.18112
7.40736
7.37424
3.3768
6.40368
6.67152
7.09776
5.95296
5.26896
5.85648
7.31376
5.94864
6.10704
5.84496
1.72224
4.45536
1.17648
2.48256
8.19936
9.32832
7.73712
7.89408
8.00496
8.23824
8.23968
5.72112
4.51008
3.10752
5.06016
4.94928
5.5656
8.81136
3.348
8.90496
7.95744
8.7336
8.70768
7.44624
7.90272
9.27072
9.20736
8.66592
6.22224
7.35408
7.34976
9.40032
4.104
2.22768
7.88688
10.5984
2.628
8.4816
2.78784
3.7512
10.65456
9.44928
11.19024
10.41696
11.56752
6.9912
6.7176
9.68976
9.31104
10.62576
4.40352
7.23168
5.89824
3.79728
4.0608
7.98768
10.6272
10.47888
8.36208
10.61424
8.44848
10.43136
15.0768
13.89744
12.71808
15.68736
16.10352
