20000101
-99.000000
-99.000000
-99.000000
-99.000000
-99.000000
-99.000000
-99.000000
-99.000000
-99.000000
-99.000000
-99.000000
-99.000000
-99.000000
-99.000000
-99.000000
-99.000000
-99.000000
-99.000000
-99.000000
-99.000000
-99.000000
-99.000000
-99.000000
-99.000000
-99.000000
-99.000000
-99.000000
-99.000000
-99.000000
-99.000000
-99.000000
-99.000000
-99.000000
-99.000000
-99.000000
-99.000000
-99.000000
-99.000000
-99.000000
-99.000000
-99.000000
-99.000000
-99.000000
-99.000000
-99.000000
-99.000000
-99.000000
-99.000000
-99.000000
-99.000000
-99.000000
-99.000000
-99.000000
-99.000000
-99.000000
-99.000000
-99.000000
-99.000000
-99.000000
-99.000000
-99.000000
-99.000000
-99.000000
-99.000000
-99.000000
-99.000000
-99.000000
-99.000000
-99.000000
-99.000000
-99.000000
-99.000000
-99.000000
-99.000000
-99.000000
-99.000000
-99.000000
-99.000000
-99.000000
-99.000000
-99.000000
-99.000000
-99.000000
-99.000000
-99.000000
-99.000000
-99.000000
-99.000000
-99.000000
-99.000000
-99.000000
-99.000000
-99.000000
-99.000000
-99.000000
-99.000000
-99.000000
-99.000000
-99.000000
-99.000000
-99.000000
-99.000000
-99.000000
-99.000000
-99.000000
-99.000000
-99.000000
-99.000000
-99.000000
-99.000000
-99.000000
-99.000000
-99.000000
-99.000000
-99.000000
-99.000000
-99.000000
-99.000000
-99.000000
-99.000000
-99.000000
-99.000000
-99.000000
-99.000000
-99.000000
-99.000000
-99.000000
-99.000000
-99.000000
-99.000000
-99.000000
-99.000000
-99.000000
-99.000000
-99.000000
-99.000000
-99.000000
-99.000000
-99.000000
-99.000000
-99.000000
-99.000000
-99.000000
-99.000000
-99.000000
-99.000000
-99.000000
-99.000000
-99.000000
-99.000000
-99.000000
-99.000000
-99.000000
-99.000000
-99.000000
-99.000000
-99.000000
-99.000000
-99.000000
-99.000000
-99.000000
-99.000000
-99.000000
-99.000000
-99.000000
-99.000000
-99.000000
-99.000000
-99.000000
-99.000000
-99.000000
-99.000000
-99.000000
-99.000000
-99.000000
-99.000000
-99.000000
-99.000000
-99.000000
-99.000000
-99.000000
-99.000000
-99.000000
-99.000000
-99.000000
-99.000000
-99.000000
-99.000000
-99.000000
-99.000000
-99.000000
-99.000000
-99.000000
-99.000000
-99.000000
-99.000000
-99.000000
-99.000000
-99.000000
-99.000000
-99.000000
-99.000000
-99.000000
-99.000000
-99.000000
-99.000000
-99.000000
-99.000000
-99.000000
-99.000000
-99.000000
-99.000000
-99.000000
-99.000000
-99.000000
-99.000000
-99.000000
-99.000000
-99.000000
-99.000000
-99.000000
-99.000000
-99.000000
-99.000000
-99.000000
-99.000000
-99.000000
-99.000000
-99.000000
-99.000000
-99.000000
-99.000000
-99.000000
-99.000000
-99.000000
-99.000000
-99.000000
-99.000000
-99.000000
-99.000000
-99.000000
-99.000000
-99.000000
-99.000000
-99.000000
-99.000000
-99.000000
-99.000000
-99.000000
-99.000000
-99.000000
-99.000000
-99.000000
-99.000000
-99.000000
-99.000000
-99.000000
-99.000000
-99.000000
-99.000000
-99.000000
-99.000000
-99.000000
-99.000000
-99.000000
-99.000000
-99.000000
-99.000000
-99.000000
-99.000000
-99.000000
-99.000000
-99.000000
-99.000000
-99.000000
-99.000000
-99.000000
-99.000000
-99.000000
-99.000000
-99.000000
-99.000000
-99.000000
-99.000000
-99.000000
-99.000000
-99.000000
-99.000000
-99.000000
-99.000000
-99.000000
-99.000000
-99.000000
-99.000000
-99.000000
-99.000000
-99.000000
-99.000000
-99.000000
-99.000000
-99.000000
-99.000000
-99.000000
-99.000000
-99.000000
-99.000000
-99.000000
-99.000000
-99.000000
-99.000000
-99.000000
-99.000000
-99.000000
-99.000000
-99.000000
-99.000000
-99.000000
-99.000000
-99.000000
-99.000000
-99.000000
-99.000000
-99.000000
-99.000000
-99.000000
-99.000000
-99.000000
-99.000000
-99.000000
-99.000000
-99.000000
-99.000000
-99.000000
-99.000000
-99.000000
-99.000000
-99.000000
-99.000000
-99.000000
-99.000000
-99.000000
-99.000000
-99.000000
-99.000000
-99.000000
0.479520
6.043680
7.071840
7.004160
6.979680
8.326080
8.288640
8.098560
7.005600
7.931520
4.885920
5.892480
6.441120
2.564640
8.448480
8.709120
6.842880
4.593600
8.818560
3.355200
9.082080
7.850880
7.813440
8.127360
7.842240
4.461120
4.648320
9.119520
9.496800
5.968800
8.429760
5.785920
8.989920
6.864480
2.944800
4.420800
9.446400
9.643680
4.685760
10.402560
10.523520
10.414080
7.260480
8.491680
6.982560
10.620000
9.620640
9.869760
9.318240
10.648800
10.922400
12.209760
11.472480
11.354400
11.458080
11.291040
11.469600
9.663840
8.215200
12.149280
12.572640
12.208320
12.414240
7.479360
10.834560
7.584480
7.716960
12.512160
12.947040
9.388800
13.809600
14.325120
13.448160
14.298480
13.764240
7.911360
14.817600
16.153920
10.637280
9.149040
10.447920
4.805280
10.176480
3.477600
10.683360
9.063360
8.258400
13.317120
11.527200
6.543360
13.662720
6.187680
14.865120
15.318720
13.911840
7.456320
14.523840
14.585760
14.597280
12.954240
13.062240
13.267440
14.321520
11.406240
15.762240
17.045280
15.616800
14.433120
11.303280
17.221680
17.125920
16.660800
17.419680
15.720480
17.256960
4.795200
15.877440
18.112320
18.398880
18.077760
16.387200
18.394560
18.784800
16.873920
18.786240
18.200880
17.692560
8.605440
6.262560
19.167840
13.826880
16.374240
14.783040
17.773920
19.477440
20.904480
19.933920
15.259680
20.318400
7.881120
6.585120
12.578400
20.704320
11.917440
16.865280
18.079200
21.219840
20.907360
21.291840
11.995200
3.389760
15.677280
20.285280
17.563680
12.928320
21.587040
20.851200
13.510080
13.782240
20.060640
18.923040
19.733760
19.386720
15.924960
19.310400
20.472480
21.568320
21.250080
21.844800
21.769920
22.091040
21.183840
19.886400
19.827360
21.309120
21.386880
13.556160
16.820640
21.175200
21.029760
16.315200
11.982240
20.911680
17.507520
15.994080
20.486880
18.172800
23.237280
21.708000
23.103360
22.789440
22.479840
22.121280
22.440960
21.353760
20.460960
21.097440
21.258720
18.298080
22.376160
21.918240
21.987360
21.772800
21.070080
19.134720
14.412960
17.796960
18.142560
22.066560
19.205280
13.780800
21.924000
21.172320
19.419840
20.846880
16.627680
17.120160
6.588000
21.178080
19.369440
10.264320
22.766400
22.232160
21.561120
19.363680
19.100160
20.331360
20.067840
18.753120
20.566080
20.276640
18.937440
18.671040
18.393120
17.791200
18.420480
17.373600
16.354080
19.766880
18.750240
17.375040
17.426880
16.958880
16.547040
14.499360
18.347040
17.151840
11.600640
14.109120
17.699040
14.067360
11.687040
16.014240
17.912160
17.415360
17.101440
17.061120
16.920000
16.223040
17.055360
16.981920
15.857280
14.960160
15.137280
12.399840
16.122240
10.869120
14.240160
17.390880
15.331680
15.664320
16.624800
16.613280
14.306400
5.159520
14.408640
15.346080
9.900000
15.891840
15.550560
14.817600
15.572160
8.709120
11.633760
14.117760
2.111040
13.554720
9.923040
14.097600
14.402880
12.106080
4.796640
10.031040
13.217760
13.570560
12.903840
12.481920
7.869600
8.959680
10.310400
12.872160
12.725280
10.994400
3.031200
8.209440
10.509120
4.872960
11.593440
7.107840
11.835360
6.019200
11.773440
4.968000
6.258240
8.451360
10.837440
9.892800
10.428480
10.052640
7.296480
6.688800
8.867520
8.674560
8.815680
7.725600
7.113600
1.818720
9.149760
9.115200
2.956320
6.952320
8.719200
8.401680
8.266320
7.836480
1.500480
6.747840
8.498880
3.492000
1.761120
1.548000
1.589760
2.327040
6.681600
7.646400
2.877120
7.797600
7.210080
7.197120
6.949440
5.997600
5.241600
7.310880
6.765120
6.104160
6.321600
3.371040
5.342400
4.528800
6.704640
6.821280
6.546240
6.707520
6.770880
6.012000
6.818400
6.922080
6.613920
0.974880
1.054080
5.054400
5.544000
1.713600
5.359680
6.268320
6.348960
6.547680
2.112480
6.624000
6.714720
5.472000
6.196320
6.226560
6.265440
1.200960
1.153440
1.120320
0.695520
1.164960
0.851040
2.005920
5.784480
6.396480
3.525120
5.391360
3.173760
6.582240
6.864480
3.252960
3.490560
0.005760
7.176960
7.227360
4.626720
5.715360
7.119360
6.916320
7.267680
4.301280
7.751520
7.420320
7.564320
6.976800
7.734240
7.957440
5.505120
6.968160
8.318880
7.574400
7.277760
8.095680
6.818400
8.860320
9.614880
9.083520
8.847360
8.982720
4.119840
9.460800
8.858880
9.704160
9.770400
1.448640
7.450560
10.657440
11.062080
6.312960
11.550240
11.489760
10.671840
11.580480
11.630880
9.129600
11.697120
7.014240
4.819680
3.548160
8.917920
6.200640
1.614240
4.541760
6.337440
12.993120
11.777760
12.853440
3.268800
7.231680
9.853920
13.622400
15.242400
8.759520
5.097600
11.406240
15.456960
15.137280
14.228640
15.608160
15.468480
9.848160
10.884960
10.945440
9.662400
12.512160
3.470400
17.030880
16.895520
17.413920
3.712320
3.634560
11.122560
18.299520
12.601440
11.946240
6.204960
16.957440
7.267680
13.047840
1.513440
17.822880
13.609440
13.396320
17.943840
19.447200
15.544800
15.852960
18.429120
19.932480
20.283840
18.974880
19.199520
19.876320
17.449920
13.831200
12.814560
19.848960
19.444320
3.319200
7.529760
7.521120
19.602720
12.087360
6.596640
3.473280
3.509280
8.598240
8.320320
7.319520
22.021920
22.020480
21.496320
18.529920
18.731520
10.175040
22.862880
23.104800
21.998880
21.942720
8.506080
20.721600
23.100480
18.195840
18.424800
21.558240
23.113440
20.485440
21.549600
22.901760
21.080160
21.754080
16.568640
11.039040
14.286240
22.088160
20.721600
13.040640
24.128640
23.113440
23.238720
22.127040
23.423040
16.888320
22.584960
22.413600
22.592160
21.991680
21.506400
11.802240
22.142880
22.871520
22.537440
21.441600
21.510720
19.481760
18.347040
21.716640
6.674400
3.821760
16.015680
21.126240
18.685440
17.760960
11.354400
15.605280
20.319840
13.664160
20.927520
19.054080
18.213120
17.670240
15.246720
0.002880
7.149600
17.955360
21.477600
21.113280
21.205440
20.992320
20.380320
19.473120
19.716480
20.949120
20.864160
20.888640
20.384640
19.726560
19.052640
17.451360
16.899840
6.055200
7.248960
18.828000
19.042560
16.810560
19.992960
10.144800
11.859840
16.113600
14.961600
20.763360
19.946880
19.573920
16.309440
16.983360
16.593120
16.977600
15.672960
16.191360
17.817120
15.262560
3.510720
13.201920
2.432160
17.598240
15.773760
9.161280
17.868960
7.551360
-99.000000
-99.000000
-99.000000
-99.000000
-99.000000
0.086400
16.542720
17.693280
14.601600
13.893120
16.578720
16.752960
14.410080
8.879040
11.093760
16.329600
14.788800
3.267360
12.045600
13.128480
14.889600
10.218240
6.455520
15.181920
13.661280
15.557760
15.782400
14.856480
13.534560
10.938240
8.259840
10.860480
9.741600
2.620800
12.392640
13.337280
12.836160
13.138560
13.089600
9.996480
3.794400
10.470240
13.599360
10.373760
12.445920
11.630880
7.547040
10.296000
10.249920
11.920320
11.472480
10.267200
5.954400
10.977120
9.839520
8.003520
10.915200
10.680480
10.988640
3.533760
10.291680
7.260480
8.794080
10.019520
8.930880
7.894080
9.655200
8.745120
7.974720
9.367200
7.560000
8.144640
9.037440
7.292160
5.466240
9.388800
4.438080
1.751040
8.720640
7.966080
7.384320
8.428320
2.812320
6.033600
8.485920
4.150080
1.265760
3.150720
8.449920
7.724160
5.099040
6.111360
7.561440
2.410560
5.522400
5.450400
6.994080
5.675040
5.991840
7.086240
7.009920
6.302880
1.958400
4.550400
6.768000
6.661440
2.180160
7.342560
6.537600
3.300480
3.902400
1.067040
3.286080
5.945760
5.952960
5.722560
6.576480
6.907680
6.248160
1.304640
7.217280
6.665040
1.757520
7.224480
-99.000000
-99.000000
-99.000000
-99.000000
-99.000000
-99.000000
-99.000000
-99.000000
-99.000000
-99.000000
-99.000000
-99.000000
-99.000000
-99.000000
-99.000000
-99.000000
-99.000000
-99.000000
-99.000000
-99.000000
-99.000000
-99.000000
-99.000000
-99.000000
-99.000000
-99.000000
-99.000000
-99.000000
-99.000000
-99.000000
-99.000000
-99.000000
-99.000000
-99.000000
-99.000000
-99.000000
-99.000000
-99.000000
-99.000000
-99.000000
-99.000000
-99.000000
-99.000000
-99.000000
-99.000000
-99.000000
-99.000000
-99.000000
-99.000000
-99.000000
-99.000000
-99.000000
-99.000000
-99.000000
-99.000000
-99.000000
-99.000000
-99.000000
-99.000000
11.109600
9.077760
6.086880
13.586400
4.927680
12.703680
9.256320
12.019680
13.566240
13.901760
14.558400
14.506560
12.625920
13.223520
11.069280
15.245280
15.920640
16.244640
15.536160
15.403680
15.504480
9.871200
15.517440
15.164640
15.049440
11.399040
8.926560
8.690400
16.776000
5.149440
15.055200
15.024960
8.022240
18.927360
18.632160
18.168480
18.475200
13.569120
12.484800
12.286080
16.179840
14.032800
15.616800
18.338400
1.919520
9.920160
13.688640
17.131680
17.422560
8.720640
13.233600
19.487520
17.115840
19.078560
14.944320
17.089920
13.458240
19.827360
19.527840
14.767200
11.741760
17.128800
18.397440
19.900800
17.853120
8.388000
1.416960
7.475040
17.349120
15.199200
20.734560
18.508320
20.003040
20.060640
20.509920
6.433920
9.280800
19.778400
20.478240
19.874880
21.510720
20.767680
21.214080
21.132000
14.343840
9.905760
14.124960
22.091040
19.738080
21.911040
21.964320
19.920960
20.001600
17.922240
19.139040
19.156320
11.443680
20.717280
21.520800
15.721920
19.910880
20.590560
21.021120
21.780000
21.947040
20.322720
19.294560
19.798560
20.550240
20.573280
15.259680
12.574080
15.308640
15.102720
13.512960
10.114560
10.893600
12.867840
15.541920
13.921920
17.258400
20.740320
10.624320
18.175680
18.341280
20.390400
6.903360
16.876800
19.029600
19.792800
14.983200
20.502720
16.862400
19.329120
19.866240
17.755200
18.220320
20.793600
18.570240
18.037440
19.487520
11.352960
18.007200
17.939520
11.524320
18.097920
14.379840
18.069120
16.266240
17.995680
19.121760
17.144640
18.995040
16.781760
24.360480
23.891040
23.860800
23.842080
23.915520
23.080320
22.168800
21.785760
22.394880
21.883680
22.841280
22.590720
21.486240
18.257760
16.051680
11.560320
17.854560
22.448160
20.265120
6.372000
15.616800
20.026080
16.652160
20.553120
18.685440
20.118240
8.520480
10.343520
20.901600
16.394400
14.171040
12.614400
15.101280
9.410400
16.862400
16.257600
8.058240
17.029440
15.305760
20.157120
18.722880
18.714240
18.021600
-99.000000
13.351680
18.326880
18.480960
18.201600
17.542080
17.327520
6.147360
12.925440
16.879680
17.530560
14.114880
13.711680
4.955040
15.311520
10.522080
3.879360
13.419360
13.773600
12.474720
11.848320
16.869600
8.828640
16.093440
14.424480
15.409440
14.983200
10.910880
7.296480
10.476000
8.907840
4.743360
5.844960
2.350080
4.822560
1.830240
12.365280
7.647840
6.756480
13.940640
13.547520
6.984000
2.072160
4.340160
8.012160
10.074240
8.776800
1.905120
11.570400
11.352960
11.358720
11.417760
10.992960
6.684480
10.627200
7.678080
4.521600
4.383360
7.215840
4.523040
9.263520
6.099840
3.749760
4.897440
3.404160
8.799840
6.325920
4.517280
4.174560
1.726560
1.026720
7.112160
4.757760
6.236640
7.388640
6.315840
6.694560
4.875840
1.638720
6.153120
4.154400
3.129120
5.467680
5.839200
4.537440
5.990400
5.875200
6.228000
6.536160
6.458400
6.081120
3.126240
5.025600
6.330240
3.494880
2.661120
4.304160
5.365440
2.378880
6.147360
6.173280
5.592960
6.117120
6.012000
5.198400
1.091520
3.051360
5.741280
6.305760
3.504960
6.384960
6.668640
6.603840
6.504480
6.475680
4.920480
5.382720
4.023360
6.327360
5.325120
3.990240
4.746240
6.058080
6.958080
6.765120
6.528960
4.687200
3.480480
3.771360
7.292160
7.303680
6.755040
2.602080
6.079680
6.943680
6.874560
8.373600
8.261280
1.228320
5.901120
7.277760
3.444480
6.632640
3.784320
4.921920
1.427040
6.027840
5.688000
8.840160
9.354240
8.979840
9.293760
9.050400
6.132960
8.883360
5.286240
9.008640
7.208640
9.744480
1.638720
3.944160
10.424160
10.645920
1.164960
1.630080
2.053440
7.665120
11.550240
6.613920
11.927520
11.810880
11.043360
9.868320
2.515680
10.379520
12.797280
10.362240
12.759840
3.823200
5.721120
3.983040
2.570400
6.612480
9.384480
11.711520
7.680960
7.908480
10.977120
12.788640
8.641440
14.410080
14.892480
10.444320
14.679360
13.207680
2.442240
7.824960
1.088640
6.773760
10.893600
15.122880
12.425760
16.447680
15.586560
15.399360
15.724800
15.765120
1.539360
16.007040
15.373440
16.297920
12.569760
17.449920
6.841440
16.524000
1.889280
16.025760
12.492000
18.917280
13.566240
18.540000
1.840320
18.460800
18.953280
19.127520
18.298080
18.506880
11.404800
5.169600
12.843360
12.633120
9.103680
0.659520
10.503360
15.930720
19.527840
20.861280
20.964960
19.667520
12.427200
2.963520
10.228320
20.485440
17.635680
19.553760
20.060640
19.051200
16.128000
18.298080
20.934720
20.220480
11.651040
19.591200
17.377920
16.812000
15.783840
18.983520
18.524160
17.749440
12.536640
17.052480
19.632960
16.106400
21.517920
19.872000
20.424960
20.472480
19.219680
19.776960
19.913760
19.774080
18.609120
16.977600
13.580640
15.808320
11.852640
16.106400
21.133440
21.189600
10.442880
16.336800
18.201600
18.319680
19.548000
18.768960
18.406080
19.333440
20.607840
18.529920
19.792800
19.694880
19.411200
16.339680
5.644800
19.644480
14.657760
12.487680
19.501920
20.905920
20.280960
14.918400
7.783200
13.733280
21.205440
16.292160
20.208960
17.861760
15.500160
18.194400
17.902080
14.129280
14.199840
18.911520
14.220000
16.519680
18.479520
17.856000
19.111680
18.161280
12.123360
17.874720
18.760320
17.478720
11.900160
15.955200
16.174080
18.781920
12.993120
16.201440
17.098560
16.401600
17.409600
18.336960
17.192160
17.523360
16.940160
16.878240
13.982400
10.648800
17.298720
16.685280
14.712480
16.564320
12.483360
8.478720
11.659680
12.643200
16.483680
11.560320
10.653120
9.054720
13.867200
4.635360
12.702240
8.186400
10.067040
11.818080
8.821440
12.411360
10.153440
7.070400
13.119840
12.660480
12.175200
10.520640
8.556480
9.362880
11.933280
14.836320
14.777280
14.218560
13.079520
12.536640
11.017440
14.669280
15.527520
14.898240
15.104160
15.049440
14.477760
14.277600
14.315040
13.728960
13.678560
13.219200
13.341600
12.780000
11.759040
7.469280
10.038240
10.867680
11.076480
12.990240
11.266560
9.809280
13.073760
11.214720
4.404960
9.499680
11.577600
6.148800
8.691840
9.720000
7.728480
10.015200
10.635840
9.443520
5.842080
9.826560
2.856960
8.634240
10.287360
9.338400
9.828000
5.610240
9.838080
6.901920
6.445440
3.409920
8.222400
8.496000
8.570880
8.638560
7.780320
7.500960
2.066400
8.691840
8.828640
7.967520
8.161920
8.072640
7.922880
7.688160
7.223040
5.988960
5.891040
6.734880
7.315200
6.639840
4.600800
6.999840
4.695840
5.225760
7.384320
4.301280
6.893280
3.463200
3.286080
2.845440
4.289760
2.136960
4.550400
1.313280
5.065920
6.793920
4.371840
6.105600
3.862080
5.276160
5.736960
5.806080
6.678720
5.300640
6.552000
5.025600
6.170400
6.618240
6.717600
2.227680
5.205600
6.271200
2.676960
6.477120
6.382080
6.701760
6.713280
6.613920
6.680160
6.940800
6.173280
6.988320
7.037280
6.225120
7.166880
2.400480
7.277760
6.747840
7.048800
7.408800
4.089600
2.724480
6.806880
6.616800
7.776000
5.670720
8.254080
8.159040
8.173440
7.459200
9.082080
9.171360
8.956800
6.880320
9.059040
9.554400
9.201600
9.207360
8.945280
9.584640
8.909280
8.435520
4.449600
8.258400
8.245440
7.054560
9.643680
9.856800
9.286560
10.645920
10.905120
10.895040
11.211840
10.935360
11.079360
10.765440
10.175040
12.284640
5.083200
9.626400
7.509600
5.146560
11.639520
12.964320
4.131360
6.271200
5.224320
11.898720
10.154880
13.512960
9.139680
14.780160
14.215680
14.086080
13.592160
4.626720
13.335840
13.731840
6.164640
4.091040
6.432480
12.844800
15.674400
15.592320
13.728960
3.631680
5.764320
7.765920
14.552640
3.782880
7.404480
16.390080
11.547360
15.302880
16.004160
17.292960
16.388640
3.824640
15.233760
15.655680
8.354880
16.296480
14.964480
10.357920
19.766880
18.201600
17.294400
18.119520
18.436320
10.519200
-99.000000
-99.000000
-99.000000
-99.000000
10.812960
13.963680
6.524640
13.065120
12.562560
12.240000
21.133440
20.972160
20.914560
21.310560
20.435040
20.443680
18.735840
6.606720
18.017280
12.517920
19.671840
21.718080
21.568320
21.294720
15.121440
14.438880
18.233280
18.522720
16.237440
21.195360
20.164320
17.969760
8.498880
22.677120
22.508640
21.149280
17.425440
18.501120
22.966560
21.965760
23.119200
21.568320
-99.000000
-99.000000
-99.000000
10.342080
13.474080
13.474080
21.535200
20.403360
19.637280
17.676000
22.789440
21.636000
13.248000
0.000000
20.982240
18.947520
10.199520
8.339040
15.305760
19.707840
20.532960
22.131360
22.805280
22.358880
20.131200
20.401920
-99.000000
-99.000000
-99.000000
21.533760
20.535840
15.268320
9.934560
21.687840
21.464640
18.433440
20.810880
-99.000000
9.982080
22.520160
22.364640
15.802560
10.850400
-99.000000
19.670400
22.644000
0.000000
-99.000000
-99.000000
-99.000000
-99.000000
15.636960
19.980000
21.648960
20.043360
20.517120
19.562400
18.884160
17.287200
16.364160
19.077120
14.873760
19.013760
17.748000
14.587200
19.776960
7.375680
19.782720
21.853440
21.264480
20.950560
19.984320
20.302560
11.190240
12.378240
11.633760
12.492000
19.946880
19.745280
19.249920
16.284960
11.350080
12.378240
9.182880
7.456320
0.000000
19.607040
19.261440
18.855360
-99.000000
17.157600
15.960960
6.521760
9.292320
16.891200
16.685280
16.852320
13.858560
17.173440
17.353440
15.256800
10.735200
7.060320
0.891360
13.276800
16.071840
15.937920
7.737120
-99.000000
-99.000000
-99.000000
-99.000000
-99.000000
-99.000000
-99.000000
6.484320
15.455520
15.438240
14.817600
10.059840
-99.000000
-99.000000
12.336480
12.342240
11.820960
11.208960
12.525120
12.695040
13.929120
12.516480
13.563360
9.927360
2.354400
11.988000
-99.000000
11.223360
5.402880
0.732960
5.351040
1.992960
1.457280
8.422560
10.019520
9.858240
2.903040
10.031040
10.190880
-99.000000
-99.000000
5.029920
10.555200
8.629920
8.416800
-99.000000
-99.000000
-99.000000
8.383680
2.898720
7.217280
8.333280
-99.000000
-99.000000
-99.000000
-99.000000
-99.000000
6.927840
1.867680
2.553120
1.261440
2.390400
3.589920
5.058720
5.764320
0.000000
8.475840
7.983360
-99.000000
-99.000000
-99.000000
-99.000000
-99.000000
-99.000000
-99.000000
-99.000000
-99.000000
7.449120
6.876000
-99.000000
-99.000000
-99.000000
-99.000000
4.049280
6.376320
7.189920
7.198560
2.453760
7.096320
7.225920
6.958080
2.236320
2.931840
6.446880
6.575040
6.837120
6.569280
3.159360
5.748480
6.720480
6.691680
6.660000
7.004160
4.567680
6.690240
6.180480
1.948320
6.505920
6.711840
2.954880
3.271680
6.822720
6.924960
7.142400
7.104960
2.010240
2.806560
1.415520
2.946240
4.739040
5.016960
7.148160
7.130880
0.214560
-99.000000
-99.000000
-99.000000
-99.000000
-99.000000
-99.000000
-99.000000
-99.000000
-99.000000
-99.000000
-99.000000
-99.000000
-99.000000
-99.000000
-99.000000
-99.000000
0.626400
4.317120
9.391680
8.683200
7.440480
5.266080
8.904960
6.111360
9.465120
9.659520
8.848800
9.302400
7.937280
7.181280
8.680320
9.830880
8.513280
7.063200
11.256480
10.693440
5.346720
8.834400
11.476800
8.768160
8.352000
4.824000
12.355200
1.784160
12.373920
12.988800
12.216960
12.862080
11.609280
5.153760
3.394080
13.305600
13.154400
10.751040
9.213120
13.612320
13.741920
14.690880
1.260000
12.564000
8.743680
5.345280
3.602880
5.574240
8.691840
13.049280
13.597920
13.639680
13.330080
14.724000
15.186240
13.338720
11.881440
17.108640
14.832000
13.718880
15.798240
13.065120
17.229600
14.915520
14.803200
16.176960
6.278400
8.441280
13.235040
14.935680
14.011200
19.342080
17.373600
17.519040
12.687840
10.496160
14.323680
5.532480
18.191520
16.076160
12.572640
11.243520
17.303040
11.593440
17.305920
18.767520
17.424000
12.627360
17.317440
20.414880
20.514240
17.940960
19.800000
6.753600
9.668160
17.428320
20.060640
16.583040
16.836480
17.988480
9.648000
19.802880
17.078400
16.823520
19.922400
19.971360
16.254720
17.295840
12.309120
13.291200
16.224480
20.783520
17.154720
16.776000
23.296320
17.972640
21.431520
20.665440
22.531680
21.332160
20.149920
13.368960
23.624640
19.012320
22.980960
22.957920
22.489920
23.198400
21.276000
21.893760
15.055200
11.780640
22.669920
23.169600
21.375360
21.480480
17.619840
14.473440
20.558880
19.241280
16.616160
10.756800
19.607040
17.543520
18.682560
19.882080
20.162880
21.497760
15.988320
16.194240
19.841760
17.811360
20.877120
21.579840
20.453760
19.673280
17.703360
20.224800
21.205440
19.716480
16.922880
20.255040
15.773760
17.583840
13.852800
19.611360
18.010080
18.149760
16.577280
19.460160
17.487360
18.884160
19.994400
19.059840
19.176480
13.137120
19.370880
19.831680
11.404800
17.508960
19.249920
18.620640
18.548640
18.231840
18.504000
15.357600
19.975680
19.591200
18.864000
19.789920
15.626880
19.676160
19.440000
18.995040
19.628640
17.249760
13.910400
8.415360
14.594400
13.016160
16.276320
18.561600
18.100800
18.686880
17.115840
17.428320
10.419840
16.133760
18.289440
17.676000
16.788960
17.717760
14.012640
16.511040
14.024160
7.915680
15.930720
15.567840
14.912640
12.579840
11.731680
14.460480
14.736960
15.099840
13.989600
13.258080
12.605760
4.426560
11.861280
10.681920
14.682240
12.371040
13.668480
13.453920
10.766880
6.852960
1.412640
11.828160
14.306400
14.166720
9.878400
13.343040
13.464000
13.602240
14.145120
11.674080
13.353120
12.726720
14.024160
13.622400
12.944160
4.262400
8.929440
11.239200
8.189280
6.099840
9.565920
12.428640
9.285120
8.596800
8.572320
3.211200
9.610560
7.336800
10.912320
9.293760
3.667680
10.464480
7.691040
7.296480
9.162720
9.768960
8.588160
9.856800
8.350560
7.189920
0.756000
2.839680
3.817440
5.528160
9.581760
3.661920
5.762880
8.563680
8.320320
5.508000
6.216480
8.629920
8.772480
7.130880
4.805280
3.487680
7.909920
8.117280
6.871680
5.556960
7.256160
7.351200
6.914880
3.310560
4.698720
7.192800
2.332800
3.166560
7.320960
7.032960
3.846240
6.677280
7.171200
6.570720
0.527040
5.532480
3.782880
7.706880
5.587200
7.328160
6.009120
3.650400
7.251840
2.596320
6.815520
6.171840
1.088640
7.482240
3.644640
7.354080
2.475360
4.111200
3.777120
7.788960
7.644960
7.404480
7.593120
7.443360
6.799680
7.002720
-99.000000
-99.000000
-99.000000
-99.000000
-99.000000
-99.000000
-99.000000
-99.000000
-99.000000
-99.000000
-99.000000
-99.000000
-99.000000
-99.000000
-99.000000
-99.000000
-99.000000
-99.000000
-99.000000
-99.000000
-99.000000
-99.000000
-99.000000
-99.000000
-99.000000
-99.000000
-99.000000
-99.000000
-99.000000
-99.000000
-99.000000
-99.000000
-99.000000
-99.000000
-99.000000
-99.000000
-99.000000
-99.000000
-99.000000
-99.000000
-99.000000
-99.000000
-99.000000
-99.000000
-99.000000
-99.000000
-99.000000
-99.000000
-99.000000
-99.000000
-99.000000
-99.000000
-99.000000
-99.000000
-99.000000
-99.000000
-99.000000
-99.000000
-99.000000
-99.000000
-99.000000
-99.000000
-99.000000
-99.000000
-99.000000
-99.000000
-99.000000
-99.000000
-99.000000
-99.000000
-99.000000
-99.000000
-99.000000
-99.000000
-99.000000
-99.000000
-99.000000
-99.000000
-99.000000
-99.000000
-99.000000
-99.000000
-99.000000
-99.000000
-99.000000
-99.000000
-99.000000
-99.000000
-99.000000
-99.000000
-99.000000
-99.000000
-99.000000
-99.000000
-99.000000
-99.000000
-99.000000
-99.000000
-99.000000
-99.000000
-99.000000
-99.000000
-99.000000
-99.000000
-99.000000
-99.000000
-99.000000
-99.000000
-99.000000
-99.000000
-99.000000
-99.000000
-99.000000
-99.000000
-99.000000
-99.000000
-99.000000
-99.000000
-99.000000
-99.000000
-99.000000
-99.000000
-99.000000
-99.000000
-99.000000
-99.000000
-99.000000
-99.000000
-99.000000
-99.000000
-99.000000
-99.000000
-99.000000
-99.000000
-99.000000
-99.000000
-99.000000
-99.000000
-99.000000
-99.000000
-99.000000
-99.000000
-99.000000
-99.000000
-99.000000
-99.000000
-99.000000
-99.000000
-99.000000
-99.000000
-99.000000
-99.000000
-99.000000
-99.000000
-99.000000
-99.000000
-99.000000
-99.000000
-99.000000
-99.000000
-99.000000
-99.000000
-99.000000
-99.000000
-99.000000
-99.000000
-99.000000
-99.000000
-99.000000
-99.000000
-99.000000
-99.000000
-99.000000
-99.000000
-99.000000
-99.000000
-99.000000
-99.000000
-99.000000
-99.000000
-99.000000
-99.000000
-99.000000
-99.000000
-99.000000
-99.000000
-99.000000
-99.000000
-99.000000
-99.000000
-99.000000
-99.000000
-99.000000
-99.000000
-99.000000
-99.000000
-99.000000
-99.000000
-99.000000
-99.000000
-99.000000
-99.000000
-99.000000
-99.000000
-99.000000
-99.000000
-99.000000
-99.000000
-99.000000
-99.000000
-99.000000
-99.000000
-99.000000
-99.000000
-99.000000
-99.000000
-99.000000
-99.000000
-99.000000
-99.000000
-99.000000
-99.000000
-99.000000
-99.000000
-99.000000
-99.000000
-99.000000
-99.000000
-99.000000
-99.000000
-99.000000
-99.000000
-99.000000
-99.000000
-99.000000
-99.000000
-99.000000
-99.000000
-99.000000
-99.000000
-99.000000
-99.000000
-99.000000
-99.000000
-99.000000
-99.000000
-99.000000
-99.000000
-99.000000
-99.000000
-99.000000
-99.000000
-99.000000
-99.000000
-99.000000
-99.000000
-99.000000
-99.000000
-99.000000
-99.000000
-99.000000
-99.000000
-99.000000
-99.000000
-99.000000
-99.000000
-99.000000
-99.000000
-99.000000
-99.000000
-99.000000
-99.000000
-99.000000
-99.000000
-99.000000
-99.000000
-99.000000
-99.000000
-99.000000
-99.000000
-99.000000
-99.000000
-99.000000
-99.000000
-99.000000
-99.000000
-99.000000
-99.000000
-99.000000
-99.000000
-99.000000
-99.000000
-99.000000
-99.000000
-99.000000
-99.000000
-99.000000
-99.000000
-99.000000
-99.000000
-99.000000
-99.000000
-99.000000
-99.000000
-99.000000
-99.000000
-99.000000
-99.000000
-99.000000
-99.000000
-99.000000
-99.000000
-99.000000
-99.000000
-99.000000
-99.000000
-99.000000
-99.000000
-99.000000
-99.000000
-99.000000
-99.000000
-99.000000
-99.000000
-99.000000
-99.000000
-99.000000
-99.000000
-99.000000
-99.000000
-99.000000
-99.000000
-99.000000
-99.000000
-99.000000
-99.000000
-99.000000
-99.000000
-99.000000
-99.000000
-99.000000
-99.000000
-99.000000
-99.000000
-99.000000
-99.000000
-99.000000
-99.000000
-99.000000
-99.000000
-99.000000
-99.000000
-99.000000
1.848960
1.817280
2.322720
4.727520
7.444800
7.699680
4.551840
7.600320
7.706880
7.428960
7.591680
7.613280
7.876800
5.302080
1.406880
6.683040
5.670720
7.169760
6.112800
2.799360
6.331680
3.031200
5.404320
8.392320
8.032320
3.271680
6.364800
4.478400
7.839360
8.337600
8.570880
8.750880
8.776800
7.503840
9.069120
6.927840
8.946720
8.727840
9.606240
10.008000
9.496800
9.374400
10.055520
6.348960
8.087040
5.788800
9.845280
10.450080
10.916640
10.997280
11.227680
11.587680
11.564640
10.598400
10.454400
8.146080
6.354720
11.010240
9.728640
7.076160
2.522880
2.246400
3.198240
9.817920
12.736800
9.609120
7.087680
3.016800
9.427680
8.663040
4.462560
11.272320
11.291040
14.958720
12.189600
16.354080
15.949440
16.362720
12.448800
15.629760
12.908160
9.004320
14.935680
12.741120
14.636160
11.537280
6.252480
15.418080
14.582880
14.878080
15.680160
18.348480
15.922080
8.923680
16.918560
18.110880
19.310400
13.464000
6.245280
9.606240
16.326720
15.948000
18.702720
21.061440
17.822880
19.429920
10.499040
18.372960
19.406880
3.925440
15.534720
6.907680
15.641280
13.956480
19.550880
20.792160
20.612160
21.288960
18.747360
14.794560
9.483840
18.014400
5.879520
15.873120
22.357440
20.952000
21.483360
21.058560
21.859200
19.019520
4.592160
21.119040
22.901760
22.556160
21.303360
22.262400
22.655520
18.999360
21.480480
21.062880
14.798880
1.864800
1.559520
20.062080
11.465280
22.685760
9.344160
17.585280
18.295200
6.929280
22.036320
7.143840
21.872160
23.726880
20.609280
13.570560
18.895680
3.408480
13.782240
7.073280
16.856640
24.199200
23.654880
6.144480
19.225440
22.332960
20.963520
24.334560
19.874880
23.585760
23.165280
22.484160
14.657760
9.757440
21.044160
10.761120
24.631200
21.935520
8.602560
15.367680
17.426880
24.562080
22.645440
24.458400
24.681600
25.130880
20.835360
16.624800
23.346720
23.122080
20.901600
23.944320
23.601600
22.335840
22.583520
17.782560
20.527200
23.605920
22.353120
16.485120
19.732320
19.041120
14.637600
20.888640
22.420800
14.875200
24.304320
23.405760
23.525280
16.551360
19.123200
23.539680
22.927680
17.137440
20.334240
23.231520
19.660320
19.661760
17.393760
22.007520
21.592800
20.626560
21.255840
22.118400
22.030560
20.881440
21.693600
21.875040
21.008160
19.285920
19.944000
15.324480
21.297600
18.288000
19.687680
14.535360
21.070080
16.367040
7.702560
21.286080
15.701760
19.321920
19.346400
19.156320
12.281760
10.988640
12.366720
2.537280
18.829440
14.268960
13.816800
18.748800
18.807840
19.117440
18.368640
15.166080
17.762400
14.898240
15.768000
14.741280
13.871520
9.077760
17.832960
17.233920
9.250560
13.294080
13.610880
14.031360
14.803200
16.909920
16.716960
16.292160
7.803360
7.763040
10.599840
14.279040
9.371520
1.617120
2.993760
11.501280
15.370560
8.254080
14.891040
14.626080
14.476320
14.076000
14.178240
12.818880
13.746240
12.788640
13.916160
13.380480
11.734560
9.367200
4.150080
12.767040
9.120960
3.492000
7.325280
8.359200
10.853280
10.539360
10.107360
2.144160
9.067680
8.186400
10.291680
2.527200
2.969280
9.845280
9.830880
10.555200
10.249920
0.551520
1.499040
9.227520
4.845600
5.235840
4.318560
9.869760
9.771840
5.885280
6.204960
7.924320
6.049440
8.409600
7.804800
5.428800
3.610080
8.845920
8.743680
8.418240
8.375040
8.334720
4.589280
7.735680
7.816320
7.853760
7.575840
7.696800
6.528960
7.475040
7.374240
4.466880
6.792480
4.786560
4.351680
7.430400
6.707520
4.561920
4.114080
5.947200
3.559680
4.160160
1.437120
1.537920
4.979520
6.940800
6.580800
5.516640
6.425280
4.622400
3.196800
5.686560
6.121440
6.052320
5.824800
6.648480
6.835680
5.395680
6.340320
6.949440
2.808000
2.194560
1.732320
1.044000
3.304800
4.685760
4.497120
1.909440
1.967040
4.322880
7.125120
3.866400
6.539040
4.014720
3.494880
5.906880
7.282080
7.653600
6.285600
7.428960
7.542720
6.608160
6.540480
7.424640
5.965920
6.258240
4.376160
4.468320
4.612320
8.786880
7.516800
5.832000
9.004320
7.911360
5.420160
7.649280
1.357920
2.393280
6.327360
9.174240
9.557280
6.053760
6.387840
7.901280
8.422560
8.537760
8.048160
9.511200
3.903840
9.682560
10.722240
2.630880
4.793760
10.948320
11.216160
11.413440
9.541440
10.582560
11.700000
12.267360
12.074400
7.362720
11.966400
12.575520
4.559040
5.470560
9.437760
5.711040
4.472640
7.678080
-99.000000
-99.000000
-99.000000
-99.000000
10.910880
11.484000
15.204960
15.514560
15.264000
15.328800
15.730560
16.384320
16.503840
16.564320
16.859520
12.359520
15.667200
17.205120
16.598880
17.424000
17.393760
16.477920
3.385440
9.221760
4.206240
4.194720
5.878080
5.739840
11.900160
17.134560
12.405600
15.937920
2.957760
3.284640
19.650240
6.134400
20.093760
11.050560
18.195840
18.000000
17.078400
18.668160
19.416960
15.367680
17.612640
19.376640
18.586080
19.399680
21.725280
20.626560
18.604800
15.235200
20.649600
18.387360
18.125280
17.010720
17.480160
22.980960
22.602240
20.419200
22.749120
23.050080
21.502080
19.154880
14.955840
15.946560
14.523840
21.078720
10.226880
8.467200
23.660640
23.227200
21.225600
22.605120
23.434560
19.157760
21.061440
8.632800
9.463680
14.166720
15.073920
23.140800
23.362560
23.641920
24.065280
24.400800
20.329920
23.895360
24.264000
22.697280
19.219680
7.244640
21.221280
20.550240
13.507200
23.415840
22.809600
23.800320
23.518080
22.435200
19.287360
16.786080
21.427200
23.709600
20.980800
17.255520
18.712800
24.485760
24.549120
14.705280
18.354240
22.073760
23.286240
23.436000
23.251680
22.577760
22.684320
22.848480
22.145760
21.925440
23.843520
22.956480
20.517120
11.841120
3.592800
4.500000
16.489440
11.527200
22.331520
23.237280
17.520480
20.213280
20.767680
20.622240
24.351840
22.953600
21.630240
20.580480
19.540800
21.481920
22.600800
22.802400
22.347360
20.923200
22.158720
21.431520
21.769920
18.234720
14.826240
20.642400
16.899840
16.243200
21.317760
20.695680
17.402400
17.866080
16.405920
16.958880
20.256480
20.141280
20.455200
20.196000
20.479680
20.600640
20.455200
19.461600
20.750400
20.103840
19.414080
18.184320
19.465920
19.003680
7.532640
17.233920
19.061280
17.997120
17.550720
16.741440
12.643200
16.662240
14.171040
14.417280
17.380800
7.440480
8.555040
17.314560
17.860320
17.779680
17.074080
15.667200
11.838240
11.134080
13.595040
3.349440
16.444800
10.920960
15.615360
13.599360
15.939360
14.925600
9.122400
15.222240
15.243840
15.170400
14.368320
14.247360
6.026400
9.396000
10.265760
13.150080
14.267520
14.322240
13.518720
12.860640
13.032000
11.171520
10.854720
12.890880
11.276640
13.426560
12.837600
13.412160
11.885760
11.175840
11.125440
12.559680
9.711360
5.195520
3.700800
7.876800
1.090080
11.044800
10.896480
8.032320
10.038240
8.627040
7.159680
9.498240
10.003680
7.482240
7.250400
7.976160
10.412640
9.577440
9.275040
10.061280
7.403040
8.699040
9.175680
7.323840
5.775840
8.576640
6.818400
6.943680
7.970400
8.635680
5.388480
6.181920
4.344480
6.691680
4.023360
6.333120
8.160480
8.065440
7.724160
7.014240
4.079520
8.131680
1.344960
5.679360
8.264160
6.416640
4.728960
4.960800
7.299360
6.726240
5.565600
7.064640
7.228800
7.313760
7.313760
2.414880
1.393920
0.784800
2.769120
4.085280
3.029760
6.292800
7.619040
7.704000
0.535680
1.152000
0.753120
1.052640
6.971040
1.889280
7.351200
2.445120
2.959200
5.250240
5.009760
7.221600
4.106880
6.812640
2.272320
0.809280
7.884000
1.068480
1.058400
5.578560
7.924320
7.117920
3.890880
7.473600
3.702240
8.375040
6.004800
1.589760
1.476000
1.729440
8.357760
8.367840
8.604000
3.924000
3.525120
1.101600
9.293760
7.724160
9.580320
8.316000
9.636480
8.580960
10.236960
9.552960
10.440000
2.067840
10.143360
10.895040
10.635840
1.366560
3.473280
11.597760
12.307680
11.185920
9.580320
11.858400
2.748960
5.919840
5.840640
10.107360
7.405920
13.010400
2.944800
4.605120
9.525600
13.065120
5.931360
12.941280
2.394720
7.702560
13.985280
10.241280
1.326240
13.379040
8.461440
14.492160
4.710240
2.855520
15.688800
14.166720
13.821120
14.322240
15.035040
15.981120
16.155360
16.331040
16.682400
12.111840
9.902880
10.069920
3.947040
6.225120
9.250560
8.621280
5.772960
18.228960
18.468000
16.057440
10.018080
15.949440
17.212320
16.126560
18.603360
16.816320
18.420480
17.704800
15.720480
2.341440
18.810720
17.701920
19.869120
20.076480
4.632480
10.690560
6.144480
11.344320
8.239680
7.578720
7.770240
19.680480
18.607680
18.447840
1.969920
0.112320
-99.000000
-99.000000
0.855360
14.561280
21.985920
19.824480
18.997920
11.816640
19.025280
2.655360
6.060960
19.206720
21.165120
17.798400
22.955040
10.920960
22.000320
21.219840
18.135360
18.920160
7.416000
21.938400
24.514560
24.217920
23.832000
23.582880
23.682240
23.817600
23.040000
23.152320
24.448320
23.145120
22.547520
19.006560
12.499200
24.202080
22.367520
21.942720
18.226080
18.571680
24.490080
23.899680
23.633280
7.701120
23.035680
19.736640
8.032320
19.794240
10.031040
23.349600
23.816160
13.124160
20.316960
23.217120
24.006240
23.961600
19.736640
24.564960
25.539840
24.540480
24.861600
24.492960
23.408640
20.295360
23.666400
23.103360
22.865760
23.487840
23.711040
22.980960
21.775680
20.244960
23.313600
24.127200
23.489280
22.216320
20.594880
22.376160
22.633920
20.568960
22.963680
21.961440
22.322880
21.150720
22.286880
22.911840
19.163520
20.197440
19.657440
4.819680
17.200800
24.108480
23.031360
23.270400
22.949280
22.978080
19.591200
21.592800
21.185280
19.683360
17.972640
15.786720
22.170240
22.379040
20.710080
21.633120
19.105920
17.958240
17.278560
17.916480
16.971840
6.405120
20.340000
16.905600
10.686240
18.696960
20.220480
6.621120
20.270880
20.230560
20.496960
17.582400
19.378080
19.653120
17.461440
19.759680
19.856160
19.389600
17.808480
17.537760
6.001920
10.704960
18.236160
17.680320
18.051840
15.482880
14.489280
19.064160
18.678240
17.730720
16.511040
17.637120
17.706240
16.992000
14.905440
8.720640
5.119200
7.935840
17.015040
6.023520
12.733920
15.556320
9.203040
13.140000
16.358400
14.361120
15.531840
14.878080
15.505920
13.357440
13.217760
11.939040
12.332160
14.614560
14.899680
14.042880
12.263040
9.224640
10.274400
4.530240
13.070880
3.119040
5.839200
13.160160
13.089600
13.046400
13.259520
13.417920
13.052160
12.761280
11.475360
10.247040
10.487520
10.082880
12.297600
11.891520
11.344320
8.647200
7.623360
5.520960
7.416000
4.096800
10.270080
10.072800
10.176480
10.108800
9.898560
6.026400
3.149280
9.208800
9.852480
9.515520
9.315360
8.997120
8.362080
7.879680
9.486720
4.356000
9.208800
2.707200
3.679200
6.183360
7.329600
8.419680
8.318880
8.272800
8.619840
7.804800
7.338240
2.113920
2.648160
7.904160
6.048000
7.565760
7.914240
2.815200
4.272480
3.648960
5.698080
5.074560
7.472160
7.541280
5.698080
2.658240
6.039360
7.688160
7.765920
6.894720
6.167520
4.739040
5.480640
0.432000
1.895040
3.988800
7.649280
7.899840
8.065440
7.361280
6.804000
6.288480
2.430720
3.454560
2.905920
7.188480
7.616160
7.061760
4.743360
3.703680
6.651360
7.581600
6.449760
7.650720
7.528320
7.153920
7.974720
8.006400
8.121600
1.216800
-99.000000
7.437600
6.027840
5.160960
9.311040
9.033120
9.102240
8.943840
9.023040
8.857440
1.977120
2.770560
8.582400
6.209280
5.921280
10.059840
10.676160
9.509760
10.333440
10.303200
10.712160
8.691840
8.267040
9.161280
7.560000
6.246720
10.317600
9.544320
7.770240
2.409120
11.573280
7.709760
12.519360
8.992800
12.255840
9.259200
10.624320
10.820160
11.900160
12.955680
6.825600
12.552480
8.267040
14.381280
10.961280
2.010240
10.203840
14.706720
14.578560
14.915520
9.659520
7.506720
14.813280
10.238400
0.944640
15.552000
5.024160
3.075840
9.614880
12.667680
16.944480
16.721280
16.165440
16.155360
11.354400
17.602560
15.744960
16.678080
6.920640
16.315200
17.529120
15.170400
14.898240
17.716320
18.468000
18.493920
9.093600
16.352640
18.260640
16.835040
19.827360
19.807200
18.866880
18.732960
19.137600
19.468800
14.657760
14.266080
19.378080
19.265760
20.751840
21.183840
12.047040
18.390240
15.348960
3.487680
18.277920
15.356160
7.067520
17.995680
21.250080
20.229120
13.756320
21.097440
20.950560
12.689280
21.327840
22.013280
19.527840
20.380320
6.891840
17.444160
17.434080
19.396800
22.917600
19.622880
21.310560
19.584000
24.147360
23.846400
23.607360
21.725280
21.189600
22.177440
23.271840
23.954400
23.834880
23.736960
24.148800
21.805920
16.145280
15.636960
19.694880
17.915040
10.692000
23.149440
15.072480
14.166720
20.701440
16.299360
23.055840
18.403200
19.833120
21.898080
12.396960
20.841120
22.824000
13.602240
24.209280
24.081120
21.726720
22.844160
22.246560
18.485280
20.851200
21.430080
23.863680
23.683680
23.366880
23.247360
24.703200
24.253920
23.912640
21.833280
22.373280
23.826240
21.350880
18.087840
16.109280
23.315040
22.822560
23.745600
23.676480
20.767680
23.198400
22.894560
10.033920
23.947200
20.681280
23.353920
22.004640
17.881920
20.422080
23.826240
24.181920
23.123520
8.651520
19.146240
20.365920
21.794400
17.632800
18.963360
22.780800
11.751840
19.258560
20.952000
16.875360
19.717920
20.894400
21.407040
15.945120
18.086400
11.930400
19.429920
22.629600
21.307680
20.383200
19.815840
18.793440
18.741600
20.422080
20.584800
20.384640
18.182880
20.062080
20.196000
20.481120
18.745920
18.881280
17.174880
18.138240
17.691840
20.282400
16.584480
15.981120
18.252000
15.245280
17.225280
14.244480
11.145600
17.579520
14.947200
18.329760
17.952480
17.978400
17.851680
17.301600
13.308480
17.547840
16.820640
17.163360
17.222400
16.698240
15.416640
9.021600
17.141760
16.938720
15.838560
16.028640
14.942880
10.258560
15.789600
15.634080
15.456960
15.217920
14.652000
14.477760
14.688000
15.014880
14.631840
14.548320
14.394240
6.732000
12.049920
12.972960
14.113440
13.894560
13.788000
13.713120
13.332960
11.040480
9.695520
12.492000
10.680480
12.332160
10.274400
11.008800
4.692960
10.512000
5.058720
4.965120
12.067200
10.219680
1.346400
2.846880
4.824000
9.429120
8.115840
8.438400
6.752160
3.384000
2.296800
6.176160
1.702080
8.778240
8.966880
9.691200
8.866080
8.987040
9.136800
7.012800
4.826880
1.660320
4.203360
4.654080
5.387040
3.556800
4.779360
4.435200
1.399680
8.144640
7.882560
8.062560
8.382240
6.144480
5.083200
7.427520
7.732800
6.635520
4.903200
6.520320
7.472160
7.269120
7.732800
7.506720
7.557120
5.133600
6.743520
6.161760
6.043680
6.464160
5.947200
6.190560
4.381920
7.460640
7.578720
7.159680
5.981760
4.206240
6.965280
7.351200
6.333120
7.417440
7.164000
4.569120
7.378560
7.140960
7.267680
7.223040
7.320960
7.133760
7.313760
7.398720
3.047040
6.698880
7.742880
7.964640
7.895520
7.872480
7.112160
7.672320
8.105760
6.585120
7.342560
4.214880
5.562720
8.467200
8.241120
8.533440
8.710560
8.772480
8.909280
9.024480
8.759520
7.891200
1.064160
4.544640
9.643680
10.224000
4.478400
1.347840
3.628800
10.283040
10.958400
3.551040
11.206080
11.525760
8.776800
11.138400
11.276640
12.041280
11.928960
11.520000
10.170720
12.021120
12.183840
11.491200
12.091680
10.645920
12.957120
12.466080
12.697920
13.076640
12.646080
12.359520
13.196160
12.749760
13.373280
13.626720
11.976480
12.968640
12.929760
8.824320
14.764320
14.176800
14.797440
15.462720
14.499360
14.901120
15.431040
15.586560
15.649920
15.602400
13.767840
16.761600
15.518880
16.600320
16.922880
13.214880
1.674720
12.964320
16.479360
17.370720
17.678880
16.943040
16.781760
17.966880
18.040320
18.276480
17.916480
18.252000
16.202880
11.390400
2.803680
10.733760
15.314400
18.810720
20.144160
18.149760
9.557280
18.731520
6.114240
10.548000
10.827360
15.937920
20.324160
21.312000
9.689760
16.532640
18.004320
17.562240
12.283200
17.644320
21.841920
15.884640
21.222720
8.622720
7.410240
22.708800
20.291040
22.857120
22.890240
22.353120
15.164640
18.204480
19.749600
22.942080
11.581920
23.040000
22.940640
23.224320
21.777120
21.415680
19.792800
23.880960
18.773280
10.964160
16.544160
15.698880
12.913920
14.683680
12.790080
24.140160
22.952160
23.889600
18.492480
23.251680
22.737600
23.155200
21.445920
23.516640
23.621760
23.470560
14.440320
20.350080
22.836960
19.722240
20.865600
20.531520
20.439360
18.336960
16.735680
24.904800
22.901760
21.448800
24.821280
24.603840
24.066720
19.648800
11.412000
23.447520
24.109920
23.816160
6.806880
0.419040
24.271200
21.011040
22.135680
21.506400
21.047040
19.033920
2.985120
24.094080
23.101920
22.957920
18.612000
18.455040
15.779520
17.879040
22.288320
21.104640
21.502080
23.857920
22.445280
17.444160
18.956160
21.718080
23.836320
23.970240
23.536800
22.754880
16.554240
19.497600
18.934560
22.593600
22.548960
17.991360
17.493120
19.260000
21.263040
16.248960
21.705120
21.729600
21.569760
22.057920
21.497760
19.673280
21.139200
21.237120
16.093440
20.642400
20.839680
19.065600
17.719200
20.638080
20.613600
20.217600
20.486880
19.536480
19.051200
15.662880
18.495360
18.241920
18.452160
18.391680
17.948160
18.514080
18.902880
14.378400
15.501600
15.572160
5.218560
18.234720
13.952160
19.476000
18.888480
18.194400
17.172000
17.605440
17.134560
13.055040
15.788160
15.022080
16.473600
15.225120
14.693760
17.326080
17.290080
16.881120
8.736480
7.225920
4.582080
3.234240
15.629760
15.374880
5.957280
15.186240
14.415840
9.050400
6.281280
5.689440
0.993600
14.981760
15.115680
14.621760
14.002560
14.320800
14.192640
13.821120
12.150720
10.045440
13.284000
11.720160
5.365440
8.899200
11.520000
11.695680
13.462560
11.185920
10.323360
8.354880
3.516480
4.661280
10.059840
7.513920
11.819520
11.103840
3.035520
7.282080
7.428960
12.091680
11.763360
4.808160
9.465120
10.801440
11.096640
4.857120
3.186720
10.224000
4.903200
7.035840
9.702720
3.287520
6.766560
3.391200
9.676800
2.148480
3.054240
8.484480
5.603040
3.553920
2.168640
7.588800
8.681760
4.106880
6.108480
8.159040
5.974560
4.540320
3.745440
1.360800
2.288160
8.477280
8.317440
7.182720
8.352000
7.764480
6.744960
7.894080
7.475040
7.558560
7.891200
7.800480
7.476480
7.067520
2.397600
4.759200
2.561760
5.427360
7.035840
5.722560
5.807520
3.533760
4.754880
4.422240
5.685120
7.322400
1.687680
3.132000
6.622560
7.374240
7.215840
7.322400
7.217280
6.909120
5.016960
7.243200
4.606560
7.473600
7.686720
7.655040
7.061760
7.721280
7.318080
4.086720
8.172000
7.044480
6.975360
4.111200
7.079040
3.867840
7.519680
3.530880
1.352160
6.348960
6.750720
5.820480
8.043840
7.536960
9.848160
8.396640
5.587200
9.925920
8.667360
8.586720
9.362880
9.730080
9.113760
10.802880
9.875520
9.790560
10.442880
11.322720
7.119360
11.111040
7.994880
4.485600
11.639520
11.760480
10.846080
11.463840
4.644000
7.627680
2.214720
8.009280
11.954880
6.495840
1.785600
10.621440
12.896640
7.784640
12.057120
13.193280
2.959200
1.533600
13.419360
12.227040
6.802560
4.654080
7.911360
10.717920
13.704480
13.762080
14.492160
6.190560
14.595840
3.970080
14.885280
17.004960
8.229600
5.051520
15.814080
16.901280
15.086880
16.349760
11.761920
12.520800
12.189600
16.417440
11.615040
12.044160
16.303680
9.758880
17.929440
18.201600
14.597280
17.825760
18.368640
9.027360
7.011360
14.270400
17.686080
10.589760
19.651680
17.046720
17.333280
20.139840
20.469600
21.166560
18.424800
18.843840
20.750400
19.082880
16.583040
22.062240
21.049920
21.006720
21.474720
22.072320
3.378240
5.768640
7.361280
3.421440
1.245600
18.799200
22.874400
17.994240
22.985280
22.937760
22.659840
22.232160
20.021760
12.801600
16.918560
23.279040
21.882240
23.872320
23.443200
7.319520
7.999200
18.226080
22.929120
15.305760
14.060160
13.102560
19.490400
22.609440
24.513120
25.413120
25.152480
22.507200
20.452320
13.432320
22.432320
22.849920
19.817280
24.086880
22.816800
24.321600
23.741280
20.592000
23.139360
18.591840
21.769920
14.179680
24.536160
23.104800
24.121440
22.544640
23.215680
23.824800
23.554080
20.190240
9.299520
22.858560
22.959360
20.976480
24.955200
22.677120
24.033600
24.674400
23.649120
22.786560
22.145760
24.118560
23.381280
24.014880
21.062880
20.802240
24.035040
23.342400
23.922720
23.637600
22.776480
22.960800
21.947040
17.065440
22.478400
20.940480
21.600000
22.890240
22.648320
18.963360
17.004960
17.478720
21.248640
21.952800
21.761280
21.411360
21.024000
21.612960
20.658240
20.748960
20.815200
23.587200
22.782240
22.556160
22.685760
19.876320
7.878240
20.892960
18.940320
20.057760
11.551680
22.672800
22.327200
21.702240
21.516480
20.121120
20.016000
20.606400
19.702080
19.303200
16.475040
19.241280
19.514880
16.493760
19.632960
13.963680
18.668160
17.578080
14.551200
6.098400
19.368000
10.016640
14.780160
13.963680
18.685440
18.917280
12.005280
18.986400
17.978400
18.725760
16.529760
3.156480
13.780800
17.766720
17.098560
4.556160
18.309600
17.775360
16.369920
15.507360
17.111520
15.160320
17.177760
16.332480
16.620480
16.312320
15.423840
16.155360
12.103200
14.968800
14.761440
13.356000
8.717760
12.843360
10.481760
13.412160
12.597120
7.061760
7.296480
14.332320
14.018400
7.273440
13.908960
13.317120
13.328640
8.334720
10.241280
12.182400
11.550240
7.941600
12.674880
10.890720
4.320000
8.864640
9.976320
10.827360
8.310240
11.131200
10.477440
9.197280
8.242560
11.064960
9.743040
2.160000
9.506880
10.674720
10.153440
9.236160
10.346400
5.438880
4.338720
10.154880
9.652320
8.612640
8.114400
5.745600
9.515520
8.742240
7.780320
9.211680
9.498240
0.612000
3.928320
3.432960
3.597120
8.347680
5.011200
9.038880
8.722080
5.947200
8.601120
8.445600
8.006400
8.238240
7.525440
2.885760
7.499520
2.077920
7.008480
8.016480
7.794720
7.855200
7.705440
6.124320
6.181920
7.139520
0.430560
7.034400
7.188480
6.670080
6.936480
2.741760
4.039200
6.641280
1.611360
3.780000
5.628960
6.723360
5.433120
3.723840
1.703520
7.274880
6.642720
6.107040
7.270560
6.042240
5.220000
6.194880
4.968000
3.395520
3.175200
6.516000
6.897600
7.145280
4.897440
5.643360
2.364480
2.531520
6.914880
1.478880
3.817440
3.636000
1.180800
6.829920
2.318400
5.176800
7.159680
7.676640
1.825920
8.346240
7.734240
4.226400
7.728480
8.894880
6.730560
7.237440
9.524160
8.282880
2.524320
10.193760
7.009920
10.023840
6.664320
9.918720
10.353600
5.604480
4.423680
5.064480
6.045120
10.795680
10.749600
10.365120
-99.000000
-99.000000
10.650240
4.620960
10.284480
10.690560
6.013440
12.818880
12.771360
12.003840
9.466560
9.684000
7.189920
9.835200
6.130080
12.892320
14.207040
13.514400
9.712800
13.720320
14.837760
15.039360
15.012000
14.817600
12.152160
13.682880
15.003360
11.700000
14.957280
15.812640
15.871680
15.003360
13.039200
10.152000
10.248480
8.660160
17.782560
14.663520
8.601120
15.163200
17.527680
15.327360
11.846880
1.722240
14.313600
14.680800
5.117760
2.364480
16.911360
19.303200
19.192320
11.270880
17.321760
19.339200
19.022400
15.795360
16.034400
19.209600
19.451520
12.902400
20.080800
19.823040
20.054880
18.934560
12.022560
8.949600
17.550720
21.172320
19.242720
21.178080
15.431040
22.314240
18.427680
22.199040
19.195200
21.968640
21.951360
23.103360
23.051520
22.848480
17.396640
17.782560
19.722240
21.847680
21.083040
17.308800
8.307360
19.478880
23.945760
23.630400
23.768640
23.768640
11.083680
20.551680
12.597120
16.741440
20.797920
21.778560
9.538560
19.285920
17.287200
19.550880
8.654400
13.589280
14.826240
20.882880
24.458400
23.270400
18.181440
19.497600
23.512320
19.581120
22.808160
22.436640
21.132000
18.895680
23.592960
17.722080
16.632000
7.463520
22.721760
23.142240
17.078400
23.597280
23.388480
23.695200
23.474880
18.815040
22.785120
7.460640
20.203200
20.541600
22.308480
22.989600
21.623040
24.618240
17.945280
17.284320
10.248480
22.821120
24.009120
17.382240
12.731040
22.609440
23.150880
24.433920
24.259680
22.546080
23.490720
22.726080
23.101920
23.332320
22.633920
18.319680
18.745920
19.530720
23.353920
23.277600
23.099040
20.669760
18.910080
21.549600
21.879360
15.334560
19.126080
23.338080
22.446720
14.505120
13.944960
21.641760
19.823040
20.581920
20.185920
20.234880
18.620640
18.312480
20.692800
19.716480
12.565440
21.222720
18.131040
20.630880
10.895040
16.574400
14.968800
17.817120
9.927360
7.670880
8.958240
20.502720
18.845280
18.666720
19.794240
17.723520
19.020960
13.870080
17.742240
18.537120
17.640000
18.436320
10.812960
12.129120
13.733280
14.705280
14.577120
14.495040
14.466240
17.209440
15.887520
13.854240
15.694560
11.360160
16.685280
14.997600
12.804480
13.576320
15.441120
14.351040
10.003680
1.818720
13.033440
14.027040
8.078400
14.484960
15.312960
3.247200
11.495520
2.640960
11.172960
14.486400
14.179680
13.779360
12.047040
10.347840
11.360160
13.711680
12.252960
10.622880
11.738880
10.221120
12.978720
4.003200
10.441440
11.609280
11.616480
12.497760
10.994400
11.659680
10.726560
11.812320
11.678400
11.291040
10.228320
10.607040
9.803520
6.510240
8.579520
9.064800
8.190720
5.634720
7.783200
8.719200
3.564000
6.899040
10.206720
9.128160
3.273120
2.437920
8.369280
3.384000
9.439200
8.991360
2.989440
8.909280
8.853120
7.231680
8.578080
8.379360
7.164000
5.724000
2.725920
4.832640
5.379840
5.603040
3.924000
2.603520
5.227200
0.912960
0.996480
5.693760
6.094080
6.324480
1.046880
7.224480
6.177600
7.525440
6.055200
7.977600
7.601760
7.058880
6.212160
4.832640
3.427200
1.153440
7.017120
2.880000
6.514560
7.067520
6.504480
7.230240
7.345440
6.899040
7.358400
6.874560
7.051680
2.656800
6.360480
7.528320
7.470720
7.568640
6.763680
7.322400
7.198560
7.339680
7.473600
7.403040
7.277760
7.754400
7.659360
7.551360
5.765760
7.908480
7.099200
7.597440
7.532640
3.281760
8.424000
7.018560
2.661120
5.112000
5.677920
7.603200
8.982720
8.066880
9.571680
7.145280
5.247360
8.608320
6.226560
3.434400
8.491680
9.966240
4.639680
7.266240
3.726720
8.681760
10.661760
10.144800
10.575360
10.491840
11.219040
5.451840
5.483520
11.044800
7.004160
3.919680
10.841760
3.523680
10.414080
11.450880
11.484000
6.433920
13.351680
7.171200
13.505760
10.380960
11.941920
11.983680
11.060640
9.993600
8.582400
12.867840
9.616320
14.889600
13.998240
14.218560
13.436640
11.962080
14.623200
14.169600
13.632480
12.808800
14.443200
15.560640
13.461120
16.217280
8.687520
14.267520
7.421760
4.982400
5.976000
9.240480
5.600160
11.132640
17.876160
17.978400
17.533440
12.869280
14.649120
18.322560
18.177120
18.473760
16.109280
18.646560
17.609760
15.729120
17.805600
20.191680
20.268000
18.165600
17.611200
17.370720
19.654560
20.096640
11.465280
15.134400
17.290080
18.555840
16.750080
20.308320
20.563200
11.060640
20.475360
15.933600
12.932640
12.919680
17.376480
21.654720
16.086240
20.085120
15.109920
19.884960
19.949760
6.867360
14.162400
22.465440
19.581120
17.303040
22.538880
22.881600
21.765600
23.299200
19.221120
14.032800
23.842080
23.721120
23.954400
23.448960
6.248160
18.041760
24.474240
24.829920
21.996000
18.283680
19.723680
24.397920
24.589440
24.504480
22.724640
22.988160
23.860800
23.847840
22.557600
20.898720
24.662880
25.043040
24.688800
24.778080
21.297600
18.866880
16.860960
14.660640
23.568480
11.014560
21.834720
18.037440
11.524320
24.503040
24.858720
24.446880
24.636960
23.732640
21.346560
21.218400
24.127200
23.901120
24.287040
23.273280
24.124320
23.785920
22.754880
22.579200
12.915360
22.871520
22.305600
22.717440
22.851360
22.371840
21.661920
23.882400
22.878720
22.024800
22.433760
23.342400
22.749120
22.256640
21.206880
20.877120
21.163680
20.705760
20.545920
20.751840
22.115520
22.049280
17.311680
11.761920
18.542880
15.513120
15.644160
19.775520
7.539840
5.621760
19.599840
22.252320
19.903680
20.066400
21.375360
21.278880
19.303200
9.120960
18.201600
21.846240
19.978560
15.821280
19.249920
15.760800
12.651840
21.525120
12.889440
8.275680
18.416160
19.473120
17.529120
13.890240
19.028160
18.931680
18.545760
17.439840
19.087200
19.134720
19.388160
18.606240
15.520320
17.652960
7.394400
11.649600
4.233600
17.887680
15.576480
14.724000
13.132800
16.846560
6.413760
6.484320
12.905280
14.745600
13.173120
13.345920
16.005600
16.735680
16.120800
16.352640
17.064000
16.531200
15.932160
13.250880
14.438880
15.181920
14.309280
8.658720
15.022080
8.369280
4.210560
7.994880
14.359680
4.714560
7.104960
7.685280
13.181760
10.543680
13.108320
13.150080
12.188160
11.996640
11.213280
2.616480
12.100320
13.102560
11.959200
4.750560
7.777440
3.300480
2.481120
10.370880
11.956320
11.318400
3.709440
7.106400
7.462080
8.340480
11.443680
9.931680
9.368640
10.733760
6.023520
1.094400
7.742880
9.408960
9.609120
9.521280
8.084160
4.065120
7.970400
9.423360
9.096480
4.933440
5.706720
8.805600
9.190080
9.263520
8.804160
8.544960
7.686720
7.607520
7.035840
5.472000
8.470080
8.485920
7.650720
7.495200
7.606080
7.644960
7.597440
7.620480
7.596000
6.001920
6.644160
6.664320
3.804480
1.801440
4.537440
5.973120
6.111360
6.475680
4.487040
4.019040
6.770880
3.538080
5.578560
6.556320
5.564160
5.706720
2.548800
1.281600
6.454080
6.464160
4.152960
3.156480
6.243840
6.696000
6.636960
4.684320
5.279040
7.061760
5.188320
4.340160
4.747680
4.024800
2.131200
6.448320
6.199200
5.171040
7.130880
4.504320
4.720320
5.034240
7.584480
7.467840
2.766240
5.317920
8.510400
7.555680
6.939360
7.931520
6.662880
8.040960
4.596480
6.937920
1.787040
4.852800
6.251040
8.468640
7.580160
4.605120
8.519040
6.870240
9.506880
8.331840
9.244800
9.944640
9.878400
3.091680
10.350720
10.386720
7.652160
6.261120
3.942720
5.719680
7.718400
10.056960
11.643840
12.252960
12.363840
5.541120
11.998080
12.506400
10.232640
9.552960
12.435840
10.608480
9.754560
8.412480
6.582240
9.766080
11.704320
13.530240
11.903040
13.682880
13.131360
14.798880
15.089760
13.593600
14.032800
5.169600
15.740640
15.726240
15.665760
15.439680
5.453280
5.031360
8.928000
14.535360
7.022880
7.500960
14.031360
14.006880
10.694880
15.865920
17.532000
13.764960
16.174080
10.916640
10.137600
16.993440
13.328640
15.562080
12.140640
13.821120
13.610880
10.474560
4.266720
17.308800
19.451520
18.603360
19.808640
13.870080
19.267200
17.164800
20.410560
20.741760
15.857280
19.906560
19.202400
20.815200
16.983360
13.419360
17.331840
9.846720
20.486880
22.294080
21.120480
22.027680
6.553440
4.042080
18.783360
16.911360
23.711040
23.456160
23.027040
23.307840
14.319360
10.864800
8.411040
6.105600
6.052320
8.841600
18.426240
17.064000
20.486880
21.114720
23.552640
23.784480
21.844800
20.890080
22.260960
23.794560
22.511520
17.373600
23.148000
21.899520
16.763040
20.784960
21.977280
19.657440
24.184800
22.786560
18.538560
24.780960
24.501600
21.487680
12.460320
23.706720
18.648000
23.712480
23.487840
21.539520
22.219200
18.450720
17.121600
22.989600
24.613920
18.941760
19.792800
24.343200
18.010080
25.508160
23.993280
24.357600
24.760800
24.999840
24.190560
23.169600
23.137920
24.118560
22.777920
14.437440
22.986720
23.592960
22.865760
18.034560
22.612320
22.923360
22.105440
19.759680
19.087200
23.290560
23.303520
20.832480
18.640800
23.775840
24.446880
23.178240
23.837760
24.043680
24.464160
23.952960
15.891840
19.212480
20.289600
23.057280
23.283360
23.127840
22.881600
21.363840
21.509280
21.021120
21.013920
20.707200
21.456000
20.746080
21.745440
19.925280
18.456480
22.227840
20.602080
22.190400
19.712160
15.429600
21.696480
21.240000
21.525120
21.340800
21.422880
12.175200
14.790240
18.125280
19.667520
16.274880
19.353600
20.410560
20.233440
20.496960
20.136960
19.998720
18.587520
17.845920
4.654080
5.721120
15.396480
18.020160
17.637120
17.377920
15.642720
17.704800
18.059040
17.542080
6.736320
13.309920
14.453280
17.026560
16.028640
15.071040
14.025600
11.757600
15.888960
9.048960
17.078400
16.908480
8.534880
16.287840
15.118560
8.030880
14.225760
13.294080
13.145760
11.535840
15.144480
15.072480
14.355360
10.602720
9.721440
12.407040
13.890240
12.414240
4.564800
11.648160
9.675360
1.913760
2.522880
13.451040
2.252160
4.838400
8.939520
12.744000
10.850400
5.166720
7.725600
9.151200
5.862240
2.118240
7.368480
9.609120
8.724960
2.995200
3.487680
7.541280
10.002240
10.808640
9.285120
7.646400
10.213920
10.164960
9.574560
4.197600
5.258880
8.445600
9.914400
9.947520
8.791200
9.034560
9.076320
5.415840
6.251040
7.493760
8.608320
8.349120
8.254080
3.782880
7.666560
6.262560
2.530080
3.062880
2.658240
7.472160
6.168960
4.207680
0.286560
7.462080
6.780960
7.433280
7.381440
7.488000
6.386400
3.513600
4.472640
7.148160
7.189920
7.407360
7.204320
6.775200
7.243200
7.032960
7.028640
6.744960
1.440000
3.558240
3.690720
6.518880
0.986400
3.228480
6.475680
6.229440
7.028640
7.025760
5.715360
6.750720
6.239520
7.369920
7.619040
6.301440
5.820480
7.256160
6.096960
7.102080
7.192800
6.899040
7.516800
7.378560
7.636320
7.585920
5.273280
7.521120
7.264800
8.040960
8.232480
7.853760
8.069760
8.641440
7.542720
4.360320
2.128320
2.664000
1.486080
3.543840
6.749280
7.231680
5.783040
1.280160
3.182400
8.444160
7.104960
3.540960
6.847200
4.235040
6.871680
6.307200
6.406560
9.145440
9.377280
10.602720
11.314080
7.709760
4.415040
6.176160
3.415680
11.394720
10.599840
10.172160
11.076480
11.753280
11.750400
11.852640
12.503520
12.484800
5.310720
1.127520
13.167360
12.047040
12.536640
0.102240
-99.000000
10.844640
2.278080
13.520160
12.771360
13.024800
14.932800
12.710880
13.286880
15.089760
14.608800
11.645280
8.850240
15.130080
15.158880
16.279200
16.567200
16.169760
16.416000
16.426080
12.968640
14.008320
15.426720
3.144960
16.524000
15.960960
11.440800
17.989920
18.178560
18.054720
12.575520
15.285600
19.186560
19.029600
19.283040
12.735360
19.370880
19.280160
19.882080
19.798560
19.836000
19.303200
19.965600
19.712160
19.111680
16.742880
20.390400
19.330560
19.808640
14.215680
12.440160
22.096800
22.098240
19.437120
21.958560
16.570080
3.457440
6.311520
22.453920
12.224160
13.560480
22.786560
16.099200
10.513440
20.636640
18.236160
23.398560
23.014080
21.636000
20.295360
18.895680
16.286400
22.861440
21.303360
22.978080
23.271840
22.728960
20.027520
15.900480
24.625440
24.151680
20.416320
23.418720
23.604480
23.957280
24.233760
22.767840
21.329280
20.895840
17.321760
15.026400
23.709600
24.022080
23.021280
8.987040
9.095040
15.683040
21.247200
21.058560
22.312800
22.273920
24.118560
24.616800
24.429600
24.972480
24.281280
21.882240
23.696640
23.961600
24.252480
23.958720
23.577120
23.248800
23.525280
22.947840
21.745440
19.424160
20.668320
17.997120
20.806560
23.679360
20.374560
20.615040
24.890400
24.572160
24.518880
24.393600
15.704640
17.488800
17.614080
20.901600
18.825120
22.266720
23.335200
21.132000
21.130560
19.167840
22.865760
22.122720
20.409120
19.401120
19.864800
13.782240
19.245600
12.365280
23.251680
16.848000
21.456000
21.867840
21.847680
21.676320
21.175200
20.227680
6.816960
17.164800
20.160000
20.928960
19.562400
19.133280
17.521920
19.869120
13.003200
21.523680
21.240000
21.777120
21.057120
21.101760
16.175520
17.592480
19.828800
19.332000
15.292800
19.730880
20.158560
19.795680
16.241760
17.817120
16.688160
17.713440
13.403520
16.212960
6.350400
11.167200
10.471680
15.550560
19.422720
14.152320
15.979680
18.203040
16.869600
17.064000
16.824960
5.490720
18.354240
17.939520
15.179040
17.472960
16.482240
1.634400
15.901920
16.021440
11.528640
16.979040
16.310880
14.025600
7.361280
14.201280
14.909760
13.451040
14.070240
14.836320
14.106240
15.184800
7.305120
7.031520
12.332160
11.642400
13.327200
14.103360
14.106240
9.986400
13.896000
12.936960
13.160160
11.141280
11.158560
12.202560
10.912320
9.823680
12.581280
5.362560
3.932640
2.450880
8.876160
11.450880
11.475360
11.612160
11.141280
11.178720
9.997920
10.728000
10.454400
10.948320
10.595520
4.865760
7.663680
5.283360
8.775360
7.014240
9.865440
9.900000
10.088640
6.336000
8.864640
8.118720
6.148800
9.187200
9.557280
9.257760
8.928000
8.655840
8.472960
8.249760
8.262720
8.390880
8.290080
7.918560
6.864480
6.029280
1.571040
8.081280
7.466400
7.665120
7.256160
7.930080
3.252960
7.813440
7.627680
7.322400
7.234560
6.759360
5.516640
2.380320
6.984000
3.451680
2.086560
6.302880
4.736160
3.146400
7.051680
7.251840
7.166880
1.766880
6.870240
5.531040
6.654240
5.644800
6.798240
6.968160
3.709440
5.634720
7.194240
5.654880
3.864960
7.204320
4.785120
7.224480
5.260320
5.247360
6.838560
7.223040
4.019040
1.664640
6.200640
6.272640
6.212160
6.240960
6.818400
3.260160
6.066720
7.528320
7.663680
7.596000
7.879680
5.028480
7.885440
7.848000
8.654400
7.752960
8.385120
1.958400
1.445760
5.688000
8.854560
9.106560
9.241920
9.316800
2.522880
6.665760
5.690880
2.609280
1.209600
2.096640
10.624320
9.233280
9.472320
11.325600
10.108800
2.197440
7.696800
6.187680
11.093760
5.846400
6.687360
11.550240
11.268000
4.999680
9.298080
12.178080
11.102400
12.373920
12.489120
2.413440
1.343520
2.134080
4.108320
7.780320
12.532320
6.831360
11.560320
11.118240
15.046560
7.403040
13.569120
11.779200
11.384640
11.543040
7.410240
9.659520
11.646720
14.371200
8.012160
13.832640
11.669760
10.274400
16.197120
16.218720
15.396480
1.874880
7.007040
16.925760
16.004160
18.076320
17.213760
15.200640
18.793440
18.311040
12.744000
16.436160
19.189440
18.580320
14.113440
10.260000
4.920480
18.463680
13.573440
18.084960
17.102880
8.272800
4.354560
18.738720
5.986080
20.545920
20.111040
19.961280
20.096640
19.922400
17.615520
15.929280
19.883520
18.642240
19.795680
19.486080
5.038560
9.253440
18.210240
19.566720
23.045760
16.542720
7.323840
8.264160
10.707840
14.679360
13.844160
21.993120
10.955520
22.416480
5.958720
24.131520
20.112480
23.440320
22.550400
21.375360
20.067840
19.732320
22.343040
22.384800
13.901760
21.358080
22.710240
22.400640
13.527360
14.060160
14.415840
21.569760
19.725120
23.654880
21.862080
22.086720
9.498240
22.870080
20.370240
10.491840
22.093920
21.090240
19.372320
16.571520
23.889600
17.364960
21.263040
23.654880
22.389120
23.978880
22.986720
24.347520
24.577920
24.420960
13.777920
23.623200
20.604960
21.163680
22.209120
23.800320
21.012480
16.161120
22.681440
23.319360
21.785760
22.557600
23.829120
23.747040
13.082400
23.787360
21.719520
23.382720
21.219840
23.126400
19.406880
22.661280
16.604640
22.852800
21.769920
19.517760
22.989600
20.613600
23.018400
20.103840
13.484160
16.217280
22.464000
22.255200
18.930240
22.750560
20.759040
20.481120
21.998880
21.273120
22.063680
21.798720
22.078080
20.252160
20.890080
20.509920
21.119040
18.473760
18.012960
9.862560
16.210080
18.043200
16.791840
18.663840
17.524800
21.189600
19.314720
13.399200
18.695520
19.137600
20.200320
18.393120
19.114560
17.051040
19.195200
16.963200
17.514720
18.133920
13.380480
10.768320
16.629120
4.230720
18.027360
15.662880
9.878400
17.069760
14.307840
15.625440
17.730720
12.499200
13.428000
10.015200
15.079680
14.199840
16.796160
14.689440
5.047200
13.348800
15.884640
11.312640
15.883200
15.773760
15.145920
15.272640
15.749280
14.797440
8.416800
14.346720
15.164640
15.261120
14.538240
14.424480
9.426240
15.179040
14.554080
14.348160
13.014720
11.308320
14.070240
6.700320
10.974240
10.316160
12.008160
10.933920
9.573120
10.183680
10.900800
12.395520
11.674080
4.194720
4.158720
8.046720
11.138400
11.181600
11.432160
11.674080
11.354400
8.655840
1.591200
6.374880
7.669440
9.155520
5.911200
10.421280
7.080480
10.180800
9.822240
2.008800
6.734880
8.660160
4.423680
9.574560
7.901280
8.562240
8.373600
8.235360
6.262560
4.885920
7.623360
1.935360
3.706560
4.753440
3.784320
7.656480
5.100480
1.537920
8.098560
4.086720
5.860800
7.911360
7.223040
5.286240
7.053120
4.773600
6.845760
4.543200
6.883200
6.808320
7.057440
7.197120
6.759360
5.728320
6.684480
6.719040
5.908320
1.107360
5.744160
5.378400
2.124000
5.238720
4.301280
6.626880
5.463360
6.321600
6.760800
6.177600
7.002720
5.883840
5.412960
6.461280
6.755040
7.031520
7.336800
7.076160
7.189920
7.436160
7.254720
6.943680
7.238880
7.742880
6.732000
7.351200
7.728480
7.859520
7.704000
7.601760
7.184160
6.255360
7.958880
4.428000
6.639840
5.626080
7.909920
1.794240
8.532000
7.352640
5.253120
9.364320
8.771040
8.900640
8.936640
8.994240
1.900800
8.655840
6.356160
5.806080
7.344000
10.460160
10.280160
9.858240
9.937440
8.307360
9.550080
9.126720
8.380800
10.182240
11.309760
11.419200
11.708640
11.787840
12.129120
11.890080
9.606240
10.241280
9.505440
11.848320
8.949600
12.084480
12.765600
12.780000
12.860640
13.250880
12.458880
13.020480
13.302720
13.520160
10.356480
12.411360
1.926720
14.271840
12.918240
14.391360
14.736960
13.423680
11.738880
13.308480
13.854240
15.821280
15.481440
15.721920
16.354080
11.243520
16.544160
16.577280
16.089120
16.956000
16.729920
16.987680
17.848800
17.811360
17.825760
17.703360
18.097920
7.980480
15.053760
15.721920
7.308000
19.751040
14.600160
17.873280
17.886240
14.677920
18.473760
13.968000
19.778400
19.954080
20.580480
16.401600
15.992640
18.375840
16.240320
9.629280
13.356000
4.076640
6.737760
2.462400
15.503040
16.120800
12.126240
22.056480
21.558240
19.094400
17.161920
18.983520
21.756960
17.305920
3.568320
22.004640
23.764320
22.073760
5.585760
11.964960
22.343040
19.118880
22.320000
23.994720
21.399840
22.976640
22.203360
15.683040
9.419040
19.728000
15.527520
24.060960
23.588640
23.637600
19.252800
4.384800
-99.000000
0.108000
22.727520
20.308320
24.631200
24.310080
24.550560
24.590880
24.554880
23.086080
23.565600
15.122880
23.302080
23.700960
23.682240
8.866080
21.746880
2.903040
25.060320
19.166400
17.487360
23.057280
23.444640
24.249600
22.665600
22.894560
21.126240
20.240640
23.351040
23.810400
22.764960
20.661120
22.985280
23.414400
24.171840
23.931360
22.554720
21.168000
22.757760
22.969440
22.609440
22.730400
19.955520
15.120000
6.834240
18.982080
23.729760
22.579200
22.937760
20.139840
14.673600
23.336640
23.342400
20.096640
21.971520
22.465440
22.471200
22.019040
22.577760
22.397760
22.170240
22.078080
16.064640
15.297120
23.388480
22.536000
20.989440
14.929920
20.557440
21.921120
21.522240
21.018240
21.250080
19.542240
16.090560
21.186720
21.477600
21.155040
20.217600
18.671040
18.960480
21.072960
20.135520
18.959040
19.923840
19.301760
17.831520
7.987680
17.593920
19.431360
19.876320
19.602720
19.380960
14.500800
7.976160
13.361760
17.814240
18.496800
14.679360
14.493600
18.116640
19.202400
18.707040
17.722080
18.692640
18.552960
18.324000
11.715840
3.363840
11.543040
17.089920
6.660000
11.704320
15.145920
12.944160
15.936480
14.610240
15.436800
14.647680
8.517600
13.628160
13.871520
15.829920
13.281120
15.384960
9.724320
9.306720
13.609440
11.514240
11.731680
14.436000
13.744800
14.176800
12.473280
12.500640
12.948480
9.950400
9.057600
2.558880
7.005600
9.707040
12.201120
6.600960
13.155840
12.261600
11.643840
8.552160
11.302560
4.011840
5.054400
1.758240
7.145280
10.663200
11.220480
11.018880
10.778400
4.871520
7.974720
9.417600
8.907840
7.522560
9.853920
9.161280
9.688320
8.737920
9.776160
4.367520
6.757920
7.616160
8.172000
7.783200
9.100800
4.399200
2.282400
6.802560
7.813440
5.411520
6.647040
8.575200
6.644160
7.171200
5.767200
7.053120
7.567200
7.348320
7.387200
6.383520
6.753600
4.877280
7.380000
3.909600
5.729760
3.502080
0.547200
1.294560
6.150240
6.923520
6.982560
7.187040
5.813280
4.296960
2.764800
2.534400
7.004160
6.884640
1.975680
2.731680
5.387040
4.007520
2.675520
4.842720
6.927840
6.238080
6.284160
6.929280
6.181920
7.032960
6.831360
6.778080
2.944800
5.176800
7.119360
4.868640
5.283360
7.246080
7.407360
7.152480
7.332480
7.143840
6.815520
1.434240
7.719840
7.856640
7.040160
7.973280
7.071840
7.611840
7.904160
7.512480
1.823040
1.880640
0.306720
2.420640
7.644960
7.812000
3.784320
8.369280
6.985440
4.871520
7.560000
6.531840
8.900640
8.029440
9.328320
8.038080
8.693280
10.137600
9.938880
4.920480
5.591520
9.819360
10.393920
8.087040
1.192320
8.468640
10.503360
9.966240
3.391200
8.893440
11.237760
11.927520
11.164320
11.998080
11.826720
12.337920
12.646080
6.674400
10.928160
11.815200
7.647840
8.396640
12.188160
12.620160
9.358560
8.998560
9.152640
13.932000
14.441760
13.638240
14.323680
7.574400
15.006240
10.880640
14.152320
15.386400
13.561920
0.891360
6.251040
10.219680
13.534560
14.397120
16.194240
8.671680
13.596480
12.800160
4.822560
11.891520
17.123040
16.207200
17.699040
2.871360
3.140640
2.933280
5.058720
17.994240
19.019520
19.414080
18.108000
12.072960
12.237120
19.448640
17.547840
8.932320
18.806400
2.203200
18.774720
16.179840
16.644960
12.723840
15.350400
7.719840
5.310720
2.108160
10.272960
18.999360
21.412800
21.048480
15.678720
12.502080
22.089600
21.611520
18.197280
16.836480
18.802080
21.849120
21.569760
13.644000
21.474720
18.967680
20.462400
10.242720
8.845920
20.625120
13.816800
22.315680
5.303520
19.455840
13.366080
20.144160
23.412960
23.899680
23.725440
22.811040
23.885280
22.501440
18.887040
15.204960
23.996160
24.137280
24.068160
23.541120
22.235040
22.011840
21.127680
18.312480
19.350720
11.859840
24.387840
22.872960
15.825600
22.260960
18.205920
23.179680
10.003680
22.498560
23.133600
22.364640
23.847840
6.992640
21.064320
18.928800
16.787520
21.790080
23.927040
24.186240
24.302880
22.417920
23.564160
23.520960
23.192640
23.673600
21.769920
22.232160
23.850720
23.780160
21.431520
24.907680
24.173280
23.882400
23.994720
22.475520
20.416320
22.939200
23.035680
15.124320
22.691520
20.547360
22.019040
20.587680
22.255200
23.130720
23.447520
21.254400
22.298400
16.217280
21.659040
21.975840
21.532320
22.078080
22.116960
19.058400
21.686400
20.936160
20.054880
21.153600
21.218400
20.718720
22.150080
21.872160
22.039200
18.963360
20.328480
18.689760
12.300480
12.273120
17.965440
17.451360
16.178400
16.084800
20.318400
19.303200
13.704480
19.990080
20.064960
18.951840
19.232640
15.514560
19.604160
18.240480
16.729920
18.456480
15.541920
7.968960
19.882080
19.723680
14.042880
18.980640
18.502560
18.797760
18.292320
17.448480
12.477600
9.414720
8.573760
16.453440
17.280000
16.970400
17.087040
16.685280
14.644800
16.254720
8.010720
4.354560
13.602240
15.721920
11.387520
15.379200
13.796640
9.790560
16.251840
14.925600
9.760320
15.334560
14.620320
14.256000
12.520800
2.050560
11.014560
11.155680
14.374080
13.093920
11.751840
12.119040
10.316160
6.158880
13.789440
13.685760
12.322080
11.570400
12.078720
12.985920
12.283200
12.150720
9.482400
5.523840
7.561440
2.370240
11.125440
11.263680
9.214560
10.969920
10.365120
8.640000
10.167840
10.573920
10.372320
9.944640
7.963200
2.293920
1.382400
5.137920
2.377440
4.181760
8.457120
9.197280
8.955360
9.024480
7.139520
7.297920
7.548480
8.144640
4.167360
8.521920
7.483680
8.064000
7.561440
8.169120
7.608960
7.940160
6.955200
6.530400
3.578400
3.280320
1.507680
7.344000
7.296480
5.460480
5.330880
7.352640
4.525920
7.358400
5.136480
2.419200
3.186720
6.878880
7.005600
3.942720
7.221600
6.261120
2.384640
5.424480
6.916320
4.691520
5.289120
5.315040
6.622560
6.184800
6.759360
2.692800
3.032640
7.247520
6.861600
4.055040
7.188480
6.403680
5.574240
6.899040
3.360960
7.146720
7.529760
7.502400
6.720480
7.483680
2.003040
3.134880
1.493280
1.378080
7.747200
8.016480
7.780320
8.098560
6.452640
7.863840
8.138880
6.154560
7.457760
2.734560
6.624000
4.082400
7.655040
8.318880
2.681280
7.066080
8.593920
7.837920
8.082720
6.624000
7.113600
9.840960
9.236160
7.806240
5.139360
7.273440
7.018560
9.864000
4.271040
3.726720
8.255520
10.389600
4.953600
10.082880
1.118880
2.465280
9.689760
10.681920
7.583040
7.685280
5.261760
6.102720
3.134880
10.869120
10.919520
11.842560
5.047200
12.623040
11.473920
5.957280
3.997440
8.150400
11.175840
10.311840
7.907040
6.438240
5.074560
9.671040
14.850720
14.004000
10.391040
15.242400
15.703200
