20000101
6.746400
6.913440
6.373440
5.378400
4.789440
7.266240
7.403040
4.556160
3.137760
3.876480
6.603840
5.513760
3.817440
5.201280
4.511520
5.866560
5.104800
8.055360
7.908480
7.329600
8.334720
8.372160
9.154080
9.514080
2.712960
4.298400
7.365600
8.092800
7.421760
7.876800
8.219520
8.863200
8.752320
9.734400
9.476640
10.036800
6.030720
6.710400
5.245920
10.301760
10.631520
9.810720
9.846720
6.202080
10.330560
10.500480
9.727200
10.716480
11.445120
11.748960
12.013920
4.402080
6.576480
11.291040
11.530080
12.137760
12.339360
12.736800
9.262080
5.240160
12.535200
14.231520
13.849920
12.945600
9.747360
10.481760
5.863680
12.926880
14.120640
14.304960
14.165280
13.952160
14.149440
13.432320
14.846400
14.774400
14.394240
15.184800
8.134560
8.618400
9.161280
10.985760
7.250400
12.571200
8.523360
12.709440
8.411040
7.168320
17.115840
9.973440
10.128960
15.655680
8.566560
17.696160
15.708960
13.826880
19.759680
19.536480
5.188320
8.910720
3.009600
9.208800
16.554240
17.713440
19.427040
20.246400
4.132800
20.977920
19.104480
20.237760
17.674560
18.842400
18.213120
15.907680
21.535200
21.513600
20.400480
9.156960
10.997280
16.185600
12.723840
19.117440
21.538080
19.477440
13.924800
13.219200
19.118880
14.412960
17.281440
19.008000
4.193280
19.519200
22.386240
22.183200
22.868640
22.364640
21.648960
13.488480
18.885600
10.579680
4.183200
5.883840
10.113120
20.331360
16.354080
19.411200
20.308320
17.148960
14.834880
20.508480
23.699520
22.942080
22.124160
22.554720
23.800320
20.954880
19.556640
22.579200
25.129440
24.625440
19.536480
3.324960
8.187840
12.673440
9.339840
14.945760
19.055520
24.338880
23.253120
24.824160
24.429600
23.801760
21.869280
23.614560
8.375040
23.951520
20.247840
14.620320
23.238720
22.701600
21.942720
15.768000
23.088960
21.903840
23.240160
22.176000
23.868000
21.218400
23.493600
23.256000
20.265120
10.041120
22.883040
24.972480
22.024800
17.724960
20.687040
14.830560
16.001280
18.004320
21.660480
21.913920
22.154400
21.659040
8.733600
20.792160
19.776960
19.889280
21.948480
16.125120
21.337920
19.049760
20.566080
17.749440
19.241280
13.688640
12.797280
18.315360
19.470240
21.041280
20.769120
20.077920
20.403360
17.156160
16.931520
16.676640
19.382400
19.535040
19.565280
19.196640
17.275680
19.684800
18.758880
12.303360
19.359360
15.259680
16.423200
16.924320
13.394880
18.900000
11.705760
17.146080
10.048320
15.065280
15.297120
12.926880
15.153120
14.846400
17.616960
17.127360
13.730400
11.050560
16.875360
16.863840
16.679520
13.127040
15.010560
14.045760
13.978080
13.943520
5.981760
8.821440
6.664320
13.193280
15.596640
15.076800
14.719680
14.353920
10.876320
12.566880
6.622560
11.021760
13.364640
15.040800
-99.000000
-99.000000
-99.000000
12.343680
11.354400
-99.000000
-99.000000
-99.000000
-99.000000
-99.000000
3.445920
2.800800
1.046880
11.344320
4.170240
6.773760
9.995040
-99.000000
7.787520
5.827680
5.974560
2.463840
5.227200
8.336160
5.338080
5.276160
7.970400
8.565120
5.918400
6.209280
6.197760
10.097280
3.327840
8.867520
9.218880
5.839200
9.204480
5.633280
9.285120
8.749440
8.686080
5.145120
4.769280
1.640160
8.458560
2.887200
5.999040
7.148160
4.675680
7.309440
3.307680
7.420320
6.827040
1.812960
7.001280
6.380640
7.356960
7.021440
3.641760
3.468960
3.764160
2.787840
2.763360
6.420960
5.207040
4.049280
3.597120
1.185120
6.171840
6.677280
4.884480
5.607360
4.474080
5.443200
4.366080
5.420160
6.687360
6.616800
6.239520
6.121440
4.415040
2.440800
1.605600
2.088000
0.866880
6.285600
6.863040
4.168800
3.096000
6.942240
1.476000
6.909120
5.417280
5.433120
6.351840
6.249600
3.561120
2.239200
6.553440
7.542720
3.860640
6.598080
4.479840
5.739840
5.631840
1.136160
1.326240
4.299840
4.956480
2.046240
7.346880
7.741440
7.302240
4.741920
5.767200
6.611040
6.835680
7.441920
8.131680
4.376160
3.898080
8.658720
8.174880
8.729280
8.742240
8.647200
7.692480
8.326080
6.157440
4.341600
8.974080
9.367200
9.087840
8.817120
8.863200
3.310560
2.700000
5.251680
9.588960
7.555680
9.168480
10.408320
10.363680
10.234080
10.549440
9.097920
4.803840
11.194560
11.777760
7.305120
6.328800
8.350560
3.198240
9.151200
4.669920
7.994880
7.788960
8.436960
11.702880
10.376640
6.976800
11.753280
11.823840
13.548960
13.672800
12.919680
5.958720
13.222080
13.165920
13.370400
11.041920
11.158560
12.430080
13.426560
9.707040
14.878080
11.316960
9.979200
12.165120
10.396800
15.734880
15.500160
15.975360
16.267680
14.417280
16.056000
15.680160
15.819840
16.449120
17.294400
14.977440
16.086240
15.138720
17.870400
13.001760
17.969760
17.627040
13.272480
10.177920
4.920480
15.845760
13.080960
16.927200
16.227360
18.604800
17.723520
19.543680
17.879040
16.333920
18.731520
9.023040
4.220640
15.848640
10.874880
6.248160
12.144960
15.229440
17.821440
18.648000
19.569600
13.802400
5.520960
10.680480
17.137440
19.704960
12.651840
19.984320
19.844640
11.514240
7.358400
20.161440
16.485120
17.344800
14.384160
13.904640
13.466880
19.095840
19.499040
20.759040
20.973600
21.460320
21.467520
20.008800
19.182240
19.795680
18.953280
20.301120
15.269760
12.198240
21.564000
21.386880
17.432640
8.128800
21.106080
19.836000
19.673280
21.703680
16.742880
22.593600
19.938240
21.365280
22.282560
22.223520
21.781440
21.700800
20.867040
20.826720
20.772000
21.234240
17.130240
21.408480
22.010400
21.431520
21.346560
21.078720
18.732960
14.374080
15.200640
14.300640
22.383360
19.702080
13.356000
19.380960
17.297280
16.002720
16.512480
13.828320
14.686560
9.912960
20.708640
16.835040
5.577120
21.584160
21.421440
-99.000000
13.587840
13.466880
19.811520
19.077120
19.539360
18.169920
19.440000
18.633600
17.982720
17.881920
17.726400
15.243840
13.209120
18.329760
18.302400
18.368640
14.571360
17.052480
18.057600
17.904960
15.963840
17.890560
17.075520
12.457440
13.753440
15.929280
15.348960
12.019680
15.484320
17.530560
16.790400
16.642080
17.953920
17.929440
17.625600
17.762400
17.782560
16.632000
14.289120
12.584160
14.336640
15.968160
12.728160
11.475360
14.637600
16.211520
16.280640
16.267680
15.233760
8.393760
8.881920
14.660640
15.212160
14.627520
15.684480
14.988960
10.674720
14.194080
11.126880
5.754240
13.462560
4.193280
9.984960
8.710560
12.268800
14.078880
12.041280
3.500640
6.213600
10.694880
12.061440
10.229760
12.985920
2.347200
7.814880
11.188800
13.461120
11.675520
8.595360
3.764160
7.764480
10.929600
4.828320
11.167200
8.144640
10.912320
7.408800
11.456640
5.224320
5.173920
10.461600
10.931040
10.422720
10.414080
9.766080
8.061120
6.292800
8.802720
8.707680
9.732960
2.560320
9.842400
5.205600
9.381600
7.666560
2.026080
8.995680
8.699040
7.931520
6.855840
6.907680
1.877760
5.186880
7.424640
4.991040
0.977760
1.163520
0.869760
3.456000
7.915680
5.052960
5.813280
7.416000
8.017920
7.541280
7.374240
5.663520
1.607040
4.448160
5.988960
5.107680
6.382080
2.213280
6.167520
5.194080
6.685920
5.866560
5.731200
4.544640
5.830560
5.552640
7.120800
7.208640
6.828480
0.632160
2.327040
7.428960
3.712320
2.374560
5.459040
5.777280
5.486400
5.935680
3.034080
5.401440
5.339520
6.444000
3.565440
7.014240
6.436800
1.648800
0.449280
1.042560
0.462240
1.087200
0.802080
1.215360
5.411520
3.368160
2.399040
4.628160
3.699360
4.298400
7.302240
2.731680
6.405120
2.858400
7.061760
8.043840
6.560640
5.636160
7.657920
7.931520
6.770880
5.857920
8.242560
8.150400
7.999200
8.082720
4.847040
8.269920
6.979680
6.868800
7.534080
9.387360
6.792480
7.336800
7.149600
9.977760
10.337760
9.767520
9.843840
9.362880
6.841440
9.959040
9.099360
7.636320
8.798400
1.075680
5.821920
10.357920
11.270880
9.588960
12.039840
11.852640
11.181600
11.992320
12.175200
9.299520
9.076320
7.734240
4.348800
3.110400
9.123840
7.539840
1.046880
5.899680
8.033760
13.929120
11.928960
14.179680
11.449440
7.125120
12.133440
14.542560
15.190560
9.635040
5.525280
12.008160
14.892480
15.295680
15.818400
15.013440
14.173920
11.728800
11.472480
14.778720
5.094720
12.290400
1.452960
12.163680
15.020640
16.908480
4.296960
1.342080
13.227840
17.811360
13.109760
6.079680
3.392640
14.896800
6.243840
7.575840
4.057920
14.388480
4.596480
9.446400
14.594400
18.760320
13.420800
13.144320
16.361280
19.357920
20.193120
18.280800
19.385280
20.949120
18.414720
13.806720
12.350880
15.291360
21.341520
3.449520
6.732000
9.207360
18.928800
13.070880
8.897760
3.967200
5.384160
11.704320
5.201280
2.234880
21.276000
22.389120
22.655520
21.795840
22.049280
18.887040
19.785600
23.653440
22.757760
23.266080
9.974880
14.994720
23.973120
21.224160
17.776800
20.214720
18.947520
18.342720
20.802240
21.983040
16.767360
21.877920
19.448640
10.432800
9.646560
20.796480
20.066400
5.621760
23.097600
19.566720
22.158720
21.902400
22.167360
22.350240
22.237920
22.246560
21.997440
21.597120
21.127680
14.945760
21.309120
21.928320
22.118400
20.996640
21.002400
17.995680
18.322560
15.609600
3.554640
9.267120
10.298880
20.005920
19.771200
14.691600
20.010960
7.328160
21.919680
15.467040
20.816640
19.336320
19.883520
17.488800
14.489280
14.464800
12.204000
10.875600
20.994480
20.985120
20.957760
20.196000
19.752480
14.316480
19.225440
20.200320
17.910720
16.244640
19.713600
19.928160
19.195200
15.854400
14.160960
8.301600
12.905280
18.198720
17.170560
9.410400
18.792000
15.864480
10.568160
13.456800
13.158720
20.026080
19.376640
17.111520
18.197280
15.271200
17.485920
18.214560
16.146720
13.992480
17.616960
15.137280
6.626880
14.950080
2.331360
12.972960
11.796480
6.351840
15.138720
9.787680
16.539840
9.362880
-99.000000
-99.000000
6.322320
13.050000
13.708800
12.489120
9.923040
9.701280
13.504320
8.879040
10.952640
6.181920
13.553280
14.719680
14.783040
8.058240
8.390880
9.743040
13.514400
10.457280
5.613120
12.373920
12.263040
14.215680
13.911840
13.593600
9.597600
9.737280
8.347680
9.573120
9.116640
2.600640
9.315360
10.752480
11.266560
12.146400
9.243360
8.789760
1.893600
6.719040
10.550880
7.459200
11.642400
11.041920
10.496160
9.957600
8.856000
10.612800
10.058400
7.931520
4.718880
9.832320
7.914240
7.335360
9.221760
8.917920
8.136000
4.034880
4.913280
5.646240
5.830560
8.153280
6.933600
7.185600
8.076960
8.775360
7.994880
8.596800
8.088480
8.199360
8.395200
6.570720
4.785120
7.284960
4.472640
3.238560
7.584480
6.664320
6.281280
5.927040
1.497600
4.164480
7.725600
3.667680
1.800000
2.296800
6.543360
6.552000
5.346720
5.307840
7.009920
2.678400
6.171840
4.551840
6.337440
3.684960
5.192640
5.428800
5.035680
5.306400
0.871200
3.787200
3.116160
4.655520
2.020320
5.004000
4.288320
3.235680
2.793600
1.776960
2.534400
4.217760
4.707360
4.299840
5.352480
5.489280
4.399200
1.352160
5.666400
4.842720
1.837440
5.839200
4.501440
4.415040
4.504320
2.285280
3.337920
2.135520
3.610080
1.789920
5.168160
5.420160
6.642720
7.112160
6.490080
7.096320
6.968160
6.757920
6.446880
4.659840
3.765600
6.131520
5.925600
6.894720
7.454880
5.330880
7.734240
3.379680
6.336000
7.760160
8.033760
7.322400
7.799040
8.251200
7.534080
6.753600
6.632640
8.280000
6.043680
4.181760
6.223680
6.436800
6.871680
4.262400
0.741600
1.483200
1.094400
1.067040
7.532640
4.011840
7.276320
-99.000000
0.757440
2.576160
1.356480
3.034080
2.890080
1.415520
1.268640
3.566880
6.291360
6.577920
6.825600
7.734240
10.094400
1.752480
5.343840
9.646560
8.081280
9.190080
10.356480
10.810080
11.230560
10.059840
10.074240
4.799520
10.244160
12.182400
11.852640
11.930400
11.499840
11.738880
10.582560
11.620800
12.276000
8.156160
10.582560
8.277120
2.567520
4.286880
2.832480
8.196480
11.109600
3.150720
14.410080
14.034240
13.960800
14.479200
12.358080
3.801600
6.660000
16.349760
13.024800
10.153440
16.860960
2.367360
11.967840
8.651520
14.564160
10.481760
9.514080
9.563040
17.811360
15.536160
16.757280
13.916160
18.924480
11.916000
18.960480
20.184480
17.598240
12.801600
17.167680
18.776160
20.496960
17.946720
12.078720
8.870400
7.087680
14.859360
19.980000
20.783520
18.384480
19.886400
16.335360
18.948960
15.000480
7.704000
14.402880
21.155040
19.833120
21.833280
18.806400
20.299680
22.168800
15.788160
10.215360
8.893440
10.176480
19.949760
22.111200
22.066560
21.886560
22.318560
19.268640
15.346080
21.428640
10.568160
21.074400
21.248640
17.580960
20.368800
20.381760
22.368960
22.284000
23.018400
21.317760
19.357920
16.153920
15.357600
20.593440
22.678560
22.900320
22.773600
23.051520
21.379680
14.153760
18.738720
20.440800
15.214320
13.741200
15.333120
22.164480
23.806080
16.142400
11.580480
20.748960
14.116320
18.316800
21.965760
20.132640
7.734240
21.706560
21.638880
21.304800
21.493440
21.978720
20.054880
22.839840
19.998720
21.414240
21.363840
12.820320
15.374880
19.716480
13.921920
20.072160
17.637120
19.530720
16.827840
18.172800
17.575200
20.511360
19.461600
18.043200
20.514240
20.165760
20.352960
19.925280
19.075680
17.809920
18.377280
19.422720
19.500480
16.729920
18.204480
19.235520
18.036000
17.314560
13.949280
8.988480
16.247520
12.422880
17.866080
13.302720
14.270400
17.871840
15.965280
16.954560
16.816320
17.431200
11.377440
18.264960
17.740800
9.488160
10.584000
8.899200
11.553120
8.828640
13.017600
12.386880
5.025600
12.990240
12.280320
16.745760
14.253120
15.832800
14.652000
15.808320
15.629760
15.281280
15.324480
14.905440
12.337920
13.975200
11.495520
8.354880
4.870080
12.143520
10.131840
10.552320
3.457440
9.480960
6.190560
2.571840
11.371680
8.935200
12.265920
9.816480
8.792640
10.242720
12.739680
10.971360
11.979360
11.797920
9.299520
3.183840
3.912480
8.367840
2.373120
7.212960
3.228480
3.967200
1.038240
10.931040
5.402880
4.541760
10.931040
9.504000
8.781120
0.629280
2.599200
5.317920
7.884000
6.694560
1.298880
8.316000
8.998560
9.128160
8.994240
8.183520
5.397120
7.848000
2.198880
3.231360
2.973600
3.175200
4.322880
5.785920
3.854880
1.769760
2.124000
3.998880
6.717600
5.042880
3.831840
6.274080
2.675520
1.319040
6.891840
6.010560
6.340320
7.032960
6.017760
4.884480
4.726080
0.833760
4.361760
2.298240
4.201920
4.731840
4.534560
3.830400
2.751840
2.364480
4.934880
5.096160
5.832000
4.855680
4.260960
6.007680
3.170880
2.571840
3.212640
3.252960
3.147840
2.363040
5.941440
3.683520
3.967200
4.399200
5.564160
3.777120
0.864000
3.846240
5.552640
5.492160
3.061440
5.898240
6.433920
6.157440
6.193440
5.988960
5.407200
5.204160
3.637440
5.876640
4.832640
3.595680
3.407040
1.545120
7.109280
6.048000
6.192000
6.523200
7.794720
4.952160
7.345440
5.633280
6.600960
1.536480
6.204960
5.369760
5.184000
8.472960
5.631840
3.942720
5.353920
7.460640
6.808320
7.678080
8.102880
8.038080
9.084960
7.679520
5.873760
6.706080
9.383040
9.413280
9.571680
9.434880
8.231040
7.905600
1.756800
7.754400
6.906240
9.155520
3.441600
2.761920
10.834560
10.471680
1.614240
1.344960
2.664000
6.621120
12.238560
7.282080
12.199680
12.408480
12.389760
10.491840
5.747040
10.046880
13.322880
8.497440
13.163040
3.555360
10.634400
4.888800
2.815200
7.708320
10.232640
11.390400
12.787200
6.285600
10.918080
12.503520
13.393440
12.522240
12.998880
13.710240
13.188960
11.738880
2.757600
9.908640
3.371040
4.475520
6.710400
12.921120
9.698400
16.777440
16.251840
15.655680
16.617600
7.859520
1.789920
14.336640
13.080960
16.296480
10.972800
17.969760
5.852160
16.178400
2.459520
9.164160
12.739680
19.313280
17.925120
14.484960
2.221920
16.070400
18.339840
19.264320
18.105120
19.429920
10.395360
4.913280
14.070240
10.323360
9.254880
1.507680
12.261600
15.910560
21.074400
16.948800
19.726560
19.867680
6.878880
2.805120
10.396800
19.095840
14.657760
19.306080
20.692800
19.452960
9.576000
20.831040
21.407040
21.065760
16.237440
18.279360
19.324800
17.788320
15.544800
17.709120
18.309600
20.564640
10.715040
14.397120
17.661600
16.099200
21.882240
19.712160
21.625920
21.919680
20.445120
21.127680
21.172320
21.352320
18.295200
17.370720
18.876960
15.151680
12.899520
16.413120
22.059360
21.841920
6.242400
16.735680
15.923520
18.243360
20.073600
18.730080
17.840160
20.701440
21.551040
18.639360
17.758080
21.257280
19.196640
21.839040
11.085120
21.244320
13.590720
13.180320
21.016800
22.387680
20.491200
16.639200
7.369920
18.453600
19.000800
19.452960
20.980800
20.728800
19.442880
19.258560
19.451520
15.275520
16.516800
15.458400
14.801760
18.408960
19.333440
17.566560
19.550880
18.552960
13.458240
17.943840
18.897120
18.727200
12.618720
17.327520
8.825760
18.650880
18.662400
17.258400
17.615520
15.135840
16.316640
19.297440
18.272160
16.362720
18.047520
18.260640
14.672160
10.775520
18.355680
16.751520
17.323200
18.527040
15.776640
8.808480
15.588000
16.780320
17.601120
14.639040
10.684800
7.630560
9.450720
4.728960
9.116640
6.415200
7.368480
12.742560
8.040960
13.042080
12.409920
13.164480
14.182560
11.924640
11.993760
10.656000
9.331200
6.419520
9.879840
13.079520
14.260320
13.531680
12.012480
6.628320
12.908160
13.932000
13.932000
13.170240
14.394240
13.756320
10.294560
12.648960
11.031840
9.686880
11.787840
8.971200
10.948320
12.000960
8.822880
10.733760
10.313280
10.579680
9.779040
12.025440
11.629440
8.199360
10.568160
10.167840
8.249760
9.600480
9.982080
3.620160
8.684640
8.781120
8.658720
8.740800
10.078560
8.771040
3.962880
5.581440
3.064320
7.708320
6.809760
7.673760
7.122240
3.335040
7.905600
5.627520
5.258880
3.617280
6.730560
6.755040
8.131680
7.477920
6.805440
7.106400
5.981760
8.127360
8.249760
7.310880
7.302240
7.567200
7.374240
6.609600
3.654720
6.497280
4.913280
5.708160
5.330880
5.181120
4.348800
5.919840
4.655520
0.776160
5.901120
3.849120
6.336000
5.856480
1.915200
4.099680
3.447360
2.347200
4.194720
1.105920
3.552480
5.842080
3.195360
4.875840
3.267360
4.747680
4.908960
4.570560
5.709600
5.464800
5.660640
4.841280
5.827680
5.025600
2.946240
1.177920
4.708800
4.608000
2.296800
3.244320
6.288480
6.520320
6.223680
4.334400
4.350240
5.925600
5.965920
6.792480
6.757920
6.649920
6.632640
3.195360
4.407840
6.075360
6.881760
7.479360
7.457760
3.983040
4.962240
5.977440
7.587360
3.280320
7.840800
6.926400
7.187040
6.498720
8.016480
8.254080
8.295840
5.562720
8.249760
8.881920
8.632800
8.693280
7.809120
9.008640
8.131680
5.322240
3.723840
4.076640
6.199200
4.983840
7.418880
9.285120
8.160480
10.169280
8.334720
11.152800
10.851840
10.578240
10.730880
11.103840
7.552800
11.795040
5.052960
9.506880
5.965920
6.249600
9.444960
12.401280
9.540000
9.842400
5.080320
10.232640
10.481760
11.420640
11.892960
13.741920
13.396320
13.347360
12.130560
3.379680
12.252960
13.275360
11.201760
6.602400
10.123200
13.052160
10.906560
12.244320
11.142720
3.070080
7.783200
4.848480
5.137920
2.688480
3.119040
0.986400
3.720960
3.094560
1.291680
4.023360
3.407040
2.443680
1.395360
1.124640
1.213920
1.615680
1.054080
1.956960
4.723200
6.007680
5.353920
8.756640
8.589600
9.024480
5.182560
11.619360
8.909280
4.577760
13.222080
12.319200
11.610720
7.848000
10.867680
6.984000
10.163520
9.430560
8.180640
8.282880
8.978400
12.800160
13.500000
7.067520
11.880000
15.950880
10.224000
19.200960
19.101600
19.133280
15.189120
12.588480
14.791680
14.618880
14.280480
12.985920
12.199680
12.641760
4.430880
12.644640
10.756800
8.174880
10.703520
12.725280
14.202720
11.665440
10.422720
12.460320
14.250240
17.919360
16.954560
9.871200
10.120320
12.975840
18.666720
18.542880
17.736480
19.758240
15.576480
18.974880
17.781120
19.863360
18.797760
13.052160
14.630400
6.723360
13.697280
13.116960
10.097280
9.191520
11.364480
14.535360
16.980480
14.064480
19.012320
19.175040
12.084480
20.183040
19.815840
15.439680
8.599680
19.676160
18.588960
16.706880
18.208800
19.751040
12.903840
20.363040
19.388160
13.295520
16.534080
8.291520
17.208000
13.819680
14.237280
18.983520
19.493280
18.423360
18.937440
15.995520
18.377280
19.733760
18.329760
18.483840
14.562720
17.331840
17.936640
13.923360
16.751520
18.195840
18.205920
15.170400
12.402720
13.181760
4.708800
14.742720
17.638560
13.593600
12.395520
11.295360
13.410720
11.560320
8.606880
6.294240
4.681440
5.927040
1.550880
0.969120
0.681120
0.522720
0.528480
4.832640
8.229600
15.330240
15.840000
16.968960
16.966080
12.746880
16.224480
10.183680
3.862080
11.410560
15.511680
15.377760
15.151680
12.990240
14.137920
15.050880
14.682240
8.458560
4.080960
4.047840
7.261920
11.253600
12.225600
13.514400
12.533760
11.020320
12.706560
13.782240
13.232160
2.436480
14.554080
13.947840
13.350240
13.536000
12.896640
10.365120
10.232640
6.783840
5.317920
10.166400
9.799200
8.136000
11.849760
10.301760
11.835360
10.873440
11.763360
7.976160
5.696640
9.694080
8.474400
9.524160
2.950560
1.802880
3.759840
2.568960
1.866240
3.831840
8.660160
7.737120
1.437120
9.514080
7.028640
7.572960
8.968320
4.415040
8.038080
7.320960
3.588480
4.728960
5.794560
5.505120
7.457760
3.824640
6.357600
7.364160
7.236000
3.919680
7.881120
8.249760
8.056800
7.436160
1.837440
3.104640
1.811520
1.264320
2.714400
5.109120
2.931840
6.857280
6.721920
2.805120
5.287680
2.973600
3.869280
2.983680
1.504800
6.441120
3.666240
5.719680
3.939840
6.075360
5.290560
6.095520
4.834080
0.954720
6.117120
4.430880
4.953600
5.541120
5.970240
2.142720
5.598720
5.781600
5.601600
1.844640
2.521440
4.906080
4.428000
5.463360
5.253120
1.980000
3.538080
5.408640
5.326560
5.290560
5.421600
3.872160
4.605120
4.294080
2.232000
5.559840
5.371200
5.232960
3.169440
5.712480
5.608800
5.791680
5.688000
0.564480
1.997280
0.829440
2.162880
3.968640
1.704960
3.644640
4.196160
5.132160
6.122880
1.385280
1.874880
4.255200
3.454560
4.926240
5.088960
3.841920
2.918880
7.067520
5.454720
3.687840
5.634720
0.972000
0.231840
2.809440
1.801440
6.271200
6.020640
7.966080
6.778080
3.948480
7.282080
8.174880
8.303040
8.589600
7.459200
3.885120
4.119840
5.463360
7.945920
8.120160
6.520320
6.012000
9.676800
9.025920
7.008480
9.862560
8.578080
6.668640
8.127360
5.574240
10.848960
2.239200
9.590400
11.465280
8.701920
11.700000
9.398880
6.815520
3.569760
11.635200
10.892160
8.331840
8.598240
12.517920
13.070880
12.643200
1.776960
10.789920
8.928000
9.594720
7.666560
4.086720
5.027040
6.865920
10.918080
10.353600
10.640160
12.240000
13.645440
12.888000
11.151360
14.842080
12.111840
13.419360
14.006880
12.025440
14.999040
12.794400
13.700160
14.677920
7.960320
10.730880
9.871200
12.123360
13.010400
17.039520
16.332480
16.400160
13.056480
11.124000
14.021280
3.385440
16.421760
14.594400
11.691360
7.925760
15.249600
8.280000
15.425280
16.620480
14.312160
10.339200
17.081280
18.282240
17.745120
17.807040
16.076160
11.266560
9.380160
16.827840
18.296640
16.359840
11.311200
18.724320
10.820160
16.037280
16.152480
15.194880
18.198720
17.602560
16.824960
17.028000
12.061440
18.790560
15.452640
18.532800
17.071200
11.900160
20.040480
19.798560
19.497600
19.467360
19.664640
19.415520
17.015040
16.669440
21.301920
20.446560
21.129120
20.760480
19.844640
20.802240
19.978560
19.441440
17.353440
11.573280
20.397600
20.537280
19.180800
20.279520
16.731360
12.913920
19.154880
18.465120
15.376320
7.473600
17.421120
17.048160
18.627840
18.600480
16.938720
19.257120
13.993920
15.177600
18.511200
17.137440
18.856800
20.260800
18.751680
19.562400
16.943040
18.361440
20.083680
18.421920
15.785280
18.956160
15.768000
12.967200
10.221120
14.616000
15.713280
17.651520
16.665120
18.349920
16.110720
17.724960
18.908640
17.028000
18.429120
17.713440
16.764480
18.519840
12.974400
15.029280
18.640800
17.651520
17.497440
17.015040
17.691840
13.101120
18.434880
18.509760
16.310880
18.315360
14.922720
18.498240
15.035040
7.843680
12.627360
14.454720
12.019680
7.918560
15.444000
12.528000
14.891040
16.688160
15.631200
17.635680
17.107200
16.421760
10.031040
14.032800
15.085440
15.157440
14.093280
14.025600
13.083840
14.613120
15.274080
4.557600
15.062400
14.821920
14.659200
12.142080
11.124000
13.032000
14.162400
14.474880
12.078720
8.438400
7.116480
3.127680
14.538240
8.265600
14.470560
10.703520
9.414720
12.382560
8.913600
5.711040
0.925920
8.506080
13.891680
14.217120
13.511520
9.977760
10.401120
10.586880
13.050720
12.034080
12.333600
10.654560
12.657600
12.047040
11.770560
2.884320
3.101760
7.267680
3.559680
2.407680
8.632800
11.268000
10.159200
8.089920
3.659040
2.355840
6.465600
7.225920
9.963360
8.483040
5.522400
9.983520
6.851520
8.265600
8.664480
9.423360
7.084800
9.145440
8.200800
4.786560
5.057280
5.893920
4.292640
5.143680
9.087840
3.792960
5.428800
7.640640
6.089760
3.528000
5.040000
7.928640
7.908480
5.757120
2.568960
2.620800
7.489440
7.411680
5.423040
3.221280
6.298560
7.012800
5.611680
2.028960
4.248000
5.772960
3.689280
2.263680
5.849280
5.061600
2.976480
6.053760
6.772320
5.937120
0.470880
5.849280
2.494080
6.936480
6.359040
5.294880
4.805280
5.941440
6.608160
2.397600
6.187680
4.667040
2.092320
6.013440
3.817440
6.536160
5.188320
4.502880
3.738240
6.736320
6.639840
6.683040
6.632640
6.660000
6.397920
6.508800
-99.000000
-99.000000
-99.000000
-99.000000
-99.000000
-99.000000
-99.000000
-99.000000
-99.000000
-99.000000
-99.000000
-99.000000
-99.000000
-99.000000
-99.000000
-99.000000
-99.000000
-99.000000
-99.000000
-99.000000
-99.000000
-99.000000
-99.000000
-99.000000
-99.000000
-99.000000
-99.000000
-99.000000
-99.000000
-99.000000
-99.000000
-99.000000
-99.000000
-99.000000
-99.000000
-99.000000
-99.000000
-99.000000
-99.000000
-99.000000
-99.000000
-99.000000
-99.000000
-99.000000
-99.000000
-99.000000
-99.000000
-99.000000
-99.000000
-99.000000
-99.000000
-99.000000
-99.000000
-99.000000
-99.000000
-99.000000
-99.000000
-99.000000
-99.000000
-99.000000
-99.000000
-99.000000
-99.000000
-99.000000
-99.000000
-99.000000
-99.000000
-99.000000
-99.000000
-99.000000
-99.000000
-99.000000
-99.000000
-99.000000
-99.000000
-99.000000
-99.000000
-99.000000
-99.000000
-99.000000
-99.000000
-99.000000
-99.000000
-99.000000
-99.000000
-99.000000
-99.000000
-99.000000
-99.000000
-99.000000
-99.000000
-99.000000
-99.000000
-99.000000
-99.000000
-99.000000
-99.000000
-99.000000
-99.000000
-99.000000
-99.000000
-99.000000
-99.000000
-99.000000
-99.000000
-99.000000
-99.000000
-99.000000
-99.000000
-99.000000
-99.000000
-99.000000
-99.000000
-99.000000
-99.000000
-99.000000
-99.000000
-99.000000
-99.000000
-99.000000
-99.000000
-99.000000
-99.000000
-99.000000
-99.000000
-99.000000
-99.000000
-99.000000
-99.000000
-99.000000
-99.000000
-99.000000
-99.000000
-99.000000
-99.000000
-99.000000
-99.000000
-99.000000
-99.000000
-99.000000
-99.000000
-99.000000
-99.000000
-99.000000
-99.000000
-99.000000
-99.000000
-99.000000
-99.000000
-99.000000
-99.000000
-99.000000
-99.000000
-99.000000
-99.000000
-99.000000
-99.000000
-99.000000
-99.000000
-99.000000
-99.000000
-99.000000
-99.000000
-99.000000
-99.000000
-99.000000
-99.000000
-99.000000
-99.000000
-99.000000
-99.000000
-99.000000
-99.000000
-99.000000
-99.000000
-99.000000
-99.000000
-99.000000
-99.000000
-99.000000
-99.000000
-99.000000
-99.000000
-99.000000
-99.000000
-99.000000
-99.000000
-99.000000
-99.000000
-99.000000
-99.000000
-99.000000
-99.000000
-99.000000
-99.000000
-99.000000
-99.000000
-99.000000
-99.000000
-99.000000
-99.000000
-99.000000
-99.000000
-99.000000
-99.000000
-99.000000
-99.000000
-99.000000
-99.000000
-99.000000
-99.000000
-99.000000
-99.000000
-99.000000
-99.000000
-99.000000
-99.000000
-99.000000
-99.000000
-99.000000
-99.000000
-99.000000
-99.000000
-99.000000
-99.000000
-99.000000
-99.000000
-99.000000
-99.000000
-99.000000
-99.000000
-99.000000
-99.000000
-99.000000
-99.000000
-99.000000
-99.000000
-99.000000
-99.000000
-99.000000
-99.000000
-99.000000
-99.000000
-99.000000
-99.000000
-99.000000
-99.000000
-99.000000
-99.000000
-99.000000
-99.000000
-99.000000
-99.000000
-99.000000
-99.000000
-99.000000
-99.000000
-99.000000
-99.000000
-99.000000
-99.000000
-99.000000
-99.000000
-99.000000
-99.000000
-99.000000
-99.000000
-99.000000
-99.000000
-99.000000
-99.000000
-99.000000
-99.000000
-99.000000
-99.000000
-99.000000
-99.000000
-99.000000
-99.000000
-99.000000
-99.000000
-99.000000
-99.000000
-99.000000
-99.000000
-99.000000
-99.000000
-99.000000
-99.000000
-99.000000
-99.000000
-99.000000
-99.000000
-99.000000
-99.000000
-99.000000
-99.000000
-99.000000
-99.000000
-99.000000
-99.000000
-99.000000
-99.000000
-99.000000
-99.000000
-99.000000
-99.000000
-99.000000
-99.000000
-99.000000
-99.000000
-99.000000
-99.000000
-99.000000
-99.000000
-99.000000
-99.000000
-99.000000
-99.000000
-99.000000
-99.000000
-99.000000
-99.000000
-99.000000
-99.000000
-99.000000
-99.000000
-99.000000
-99.000000
-99.000000
-99.000000
-99.000000
-99.000000
-99.000000
-99.000000
-99.000000
-99.000000
-99.000000
-99.000000
-99.000000
-99.000000
-99.000000
-99.000000
-99.000000
-99.000000
-99.000000
-99.000000
-99.000000
-99.000000
-99.000000
-99.000000
-99.000000
-99.000000
2.435040
1.611360
2.448000
6.226560
5.652000
6.216480
4.625280
6.073920
6.220800
6.405120
5.866560
6.151680
6.465600
5.035680
1.032480
5.633280
4.589280
5.885280
5.391360
2.076480
4.112640
2.563200
4.384800
7.166880
6.888960
3.144960
4.249440
4.253760
7.210080
7.460640
3.301920
5.901120
6.559200
6.396480
7.814880
6.415200
6.842880
6.963840
8.415360
8.928000
8.919360
8.696160
8.596800
4.577760
4.135680
4.160160
9.429120
9.619200
9.830880
9.853920
9.964800
10.419840
10.442880
5.852160
6.848640
10.104480
4.188960
9.226080
8.712000
6.579360
2.134080
1.510560
2.531520
9.283680
10.441440
10.692000
7.853760
3.800160
7.555680
9.604800
7.901280
10.195200
10.379520
13.183200
12.170880
9.478080
14.312160
14.506560
10.523520
14.140800
7.341120
7.943040
14.135040
10.458720
11.832480
13.914720
9.599040
15.379200
12.756960
8.249760
6.255360
16.326720
13.066560
11.419200
15.768000
15.743520
16.803360
12.307680
7.356960
11.404800
10.951200
14.603040
15.010560
17.995680
14.823360
18.894240
15.782400
17.789760
17.949600
3.543840
14.254560
8.136000
16.238880
12.492000
15.429600
15.134400
16.511040
17.919360
16.463520
8.337600
7.035840
17.926560
4.775040
17.485920
20.797920
20.268000
19.486080
20.185920
20.442240
18.977760
4.453920
14.749920
20.855520
21.454560
20.914560
21.232800
21.636000
13.697280
15.950880
21.108960
16.754400
2.790720
5.588640
10.895040
7.047360
21.886560
10.108800
15.259680
9.588960
7.902720
16.932960
7.866720
22.141440
22.530240
11.962080
14.785920
15.569280
2.440800
15.757920
8.700480
10.964160
20.227680
22.399200
7.994880
10.594080
11.446560
17.095680
22.272480
15.441120
20.757600
18.815040
17.873280
19.448640
8.285760
15.531840
23.340960
15.874560
4.104000
11.272320
8.465760
18.381600
24.168960
23.244480
23.323680
23.093280
23.734080
22.199040
13.298400
20.920320
22.561920
18.804960
23.008320
22.908960
21.565440
22.632480
19.985760
13.641120
22.786560
22.386240
16.079040
13.284000
19.347840
21.790080
20.656800
21.422880
11.040480
22.950720
19.836000
20.088000
18.182880
19.769760
20.800800
21.900960
18.853920
14.022720
22.023360
20.895840
20.250720
20.347200
20.465280
20.854080
20.740320
17.704800
20.615040
20.406240
18.527040
20.571840
20.697120
19.851840
19.620000
19.775520
16.092000
20.736000
20.679840
19.503360
13.121280
20.000160
10.389600
11.080800
20.262240
12.636000
14.135040
18.377280
17.121600
9.432000
14.493600
11.240640
3.676320
16.892640
12.035520
13.371840
17.451360
17.360640
17.363520
17.475840
7.776000
14.168160
13.871520
13.481280
10.944000
14.071680
8.104320
12.476160
16.169760
8.229600
13.656960
12.558240
11.224800
16.535520
16.349760
16.400160
14.320800
8.471520
6.874560
12.447360
11.710080
11.570400
3.048480
4.688640
8.663040
14.836320
8.184960
12.708000
14.364000
13.158720
10.363680
13.250880
13.554720
10.029600
13.492800
13.816800
13.255200
11.568960
6.832800
4.544640
12.241440
10.062720
3.980160
6.343200
7.597440
10.692000
8.157600
6.081120
2.941920
8.975520
8.773920
10.350720
2.903040
5.109120
8.524800
9.901440
10.359360
10.175040
0.694080
1.094400
7.227360
2.918880
5.070240
2.282400
8.929440
7.502400
6.425280
5.780160
6.832800
6.203520
7.846560
6.619680
3.566880
1.785600
9.129600
8.786880
8.501760
8.474400
8.413920
3.846240
6.384960
6.694560
7.485120
4.222080
6.575040
4.089600
7.551360
7.552800
3.291840
5.941440
2.720160
5.163840
6.115680
6.204960
5.209920
3.990240
5.840640
5.155200
1.588320
1.797120
1.807200
4.510080
6.539040
6.239520
4.749120
3.454560
2.596320
2.432160
5.558400
6.180480
5.588640
4.546080
6.040800
6.287040
6.197760
6.203520
6.546240
1.146240
1.464480
2.820960
0.865440
2.446560
3.667680
4.456800
1.791360
1.805760
4.672800
6.117120
2.998080
3.071520
4.803840
3.304800
3.926880
6.275520
6.311520
6.480000
6.834240
6.585120
5.945760
5.893920
7.306560
6.055200
8.248320
8.399520
5.896800
4.677120
4.291200
8.876160
7.626240
9.054720
8.176320
7.032960
2.772000
1.447200
1.720800
2.671200
5.846400
9.819360
4.419360
5.509440
9.192960
8.843040
8.733600
7.107840
8.275680
10.562400
10.117440
10.928160
5.011200
7.619040
10.602720
11.371680
11.086560
7.536960
9.650880
11.188800
12.035520
11.894400
7.567200
10.864800
12.663360
5.876640
3.202560
5.804640
4.939200
4.515840
12.723840
14.364000
14.129280
14.186880
7.804800
13.957920
7.842240
11.944800
13.772160
14.486400
14.555520
15.108480
15.053760
15.072480
15.249600
15.456960
9.934560
15.204960
16.439040
14.313600
16.541280
16.067520
16.381440
2.085120
9.443520
7.185600
3.708000
10.690560
4.080960
10.984320
15.222240
16.781760
17.012160
4.105440
7.417440
18.639360
4.230720
14.076000
6.243840
18.997920
18.802080
14.434560
14.564160
16.627680
12.640320
16.031520
14.387040
19.435680
19.905120
20.691360
20.177280
18.061920
14.178240
21.229920
18.624960
17.586720
16.836480
16.534080
21.574080
20.399040
17.316000
21.510720
21.512160
20.972160
17.350560
16.519680
18.976320
13.716000
19.969920
11.358720
5.870880
22.239360
22.511520
21.096000
20.423520
21.984480
19.473120
20.554560
10.961280
14.955840
13.121280
15.588000
22.363200
22.590720
20.770560
22.037760
22.209120
20.564640
22.043520
22.469760
22.626720
17.251200
6.808320
18.976320
16.499520
15.226560
19.585440
22.036320
22.593600
22.824000
22.273920
18.813600
13.164480
18.326880
22.367520
22.170240
14.575680
14.169600
22.704480
22.569120
22.262400
19.641600
14.888160
16.758720
22.354560
22.390560
19.805760
19.435680
21.690720
20.633760
21.119040
21.582720
21.326400
13.753440
11.227680
4.939200
4.469760
16.840800
17.087040
21.214080
21.777120
20.720160
21.913920
21.113280
20.252160
23.070240
22.161600
20.062080
20.957760
19.581120
21.329280
21.172320
21.705120
21.127680
18.237600
20.172960
20.623680
20.318400
19.702080
14.976000
17.926560
13.226400
19.127520
19.643040
19.373760
16.333920
15.058080
8.640000
16.295040
19.452960
18.917280
19.104480
18.897120
17.012160
19.143360
18.948960
19.005120
19.108800
18.699840
17.981280
17.661600
18.105120
17.713440
7.064640
15.946560
17.294400
16.951680
17.367840
16.034400
13.124160
11.792160
10.906560
13.854240
13.880160
9.234720
17.203680
16.665120
15.199200
16.387200
15.909120
15.092640
13.177440
11.521440
10.817280
3.612960
14.042880
8.105760
11.096640
13.399200
11.760480
13.291200
10.654560
14.315040
14.636160
13.436640
12.307680
11.537280
8.030880
13.243680
9.083520
11.319840
13.472640
11.312640
12.790080
12.864960
12.762720
11.017440
9.989280
9.853920
11.131200
12.520800
11.026080
12.598560
11.545920
10.723680
12.209760
12.183840
12.143520
5.536800
1.049760
5.461920
0.925920
10.926720
10.969920
7.973280
6.193440
8.081280
8.645760
8.791200
9.940320
6.438240
5.657760
5.385600
9.894240
9.479520
7.411680
9.465120
6.433920
8.925120
7.115040
7.247520
5.009760
5.872320
6.501600
4.904640
8.184960
7.644960
6.134400
6.544800
3.163680
5.634720
3.507840
5.503680
7.116480
7.202880
6.593760
6.851520
3.970080
6.454080
2.574720
5.709600
6.969600
6.400800
5.283360
3.636000
6.056640
6.058080
4.407840
6.088320
5.411520
6.186240
6.150240
4.534560
1.640160
1.355040
3.319200
4.285440
2.112480
6.039360
6.373440
6.364800
0.519840
0.973440
0.843840
0.813600
6.156000
1.408320
6.120000
3.883680
3.179520
3.922560
5.392800
4.677120
3.376800
3.853440
2.309760
1.092960
6.765120
1.065600
1.946880
5.492160
7.053120
5.829120
3.533760
6.806880
2.707200
7.417440
5.063040
1.667520
2.664000
1.221120
4.085280
7.512480
7.917120
3.749760
5.182560
1.239840
8.788320
6.232320
8.863200
5.103360
9.473760
4.191840
9.722880
7.392960
9.770400
2.445120
9.825120
9.387360
10.395360
2.426400
2.181600
11.266560
11.298240
10.657440
7.521120
10.964160
3.110400
3.322080
4.191840
10.553760
7.443360
12.103200
4.089600
5.940000
8.532000
12.706560
6.177600
12.929760
3.746880
8.544960
10.347840
11.168640
1.422720
10.405440
9.159840
13.743360
5.008320
0.885600
13.898880
14.640480
14.634720
4.392000
14.263200
15.217920
15.026400
14.055840
14.976000
12.068640
11.743200
11.952000
6.046560
6.062400
10.594080
3.867840
7.087680
17.203680
16.542720
14.971680
12.254400
12.473280
16.100640
11.410560
13.678560
14.775840
11.947680
15.337440
10.141920
4.089600
8.405280
15.972480
17.030880
17.498880
2.705760
5.230080
6.780960
7.263360
13.561920
15.916320
12.424320
12.178080
16.564320
16.561440
6.331680
11.625120
15.963840
15.976800
16.863840
18.722880
19.340640
18.996480
17.880480
10.488960
11.475360
2.301120
7.732800
13.616640
15.541920
13.852800
15.696000
12.395520
13.695840
18.256320
8.667360
10.028160
8.104320
19.046880
18.619200
21.339360
21.280320
20.113920
20.855520
20.910240
17.690400
20.831040
21.667680
20.590560
20.351520
19.558080
9.008640
19.568160
18.063360
16.339680
13.494240
17.376480
21.545280
21.543840
21.343680
7.221600
19.720800
18.397440
2.867040
13.311360
6.530400
20.293920
20.691360
10.408320
13.478400
20.508480
19.180800
18.505440
15.763680
22.802400
22.497120
21.284640
21.715200
21.216960
22.017600
21.255840
20.859840
13.819680
16.801920
21.108960
21.559680
21.453120
19.185120
16.244640
21.584160
21.280320
21.267360
20.295360
16.436160
20.812320
20.315520
20.039040
20.550240
20.808000
15.552000
19.293120
20.139840
20.684160
19.003680
15.016320
19.951200
11.283840
16.322400
21.804480
19.952640
19.792800
19.923840
20.040480
14.542560
15.435360
15.723360
16.562880
15.009120
16.414560
17.288640
17.723520
18.358560
19.136160
17.269920
16.489440
14.929920
15.804000
14.424480
11.485440
11.715840
14.683680
14.780160
17.946720
18.178560
6.003360
17.739360
17.899200
18.393120
14.729760
16.793280
17.480160
17.572320
17.173440
17.395200
16.489440
13.921920
14.195520
10.290240
6.837120
15.441120
15.215040
14.919840
14.650560
10.392480
14.414400
15.752160
13.011840
14.434560
14.915520
15.579360
12.864960
13.152960
9.004320
4.147200
3.791520
15.053760
3.780000
5.240160
11.681280
7.364160
11.833920
14.211360
13.838400
14.060160
7.034400
13.554720
12.348000
8.320320
7.156800
9.396000
11.453760
10.694880
0.000000
10.991520
8.976960
9.018720
3.748320
6.248160
4.525920
4.512960
10.848960
11.208960
11.570400
11.669760
11.777760
11.524320
10.942560
6.121440
7.748640
7.665120
8.026560
10.092960
10.812960
9.745920
8.946720
7.794720
6.336000
6.183360
5.076000
8.540640
9.406080
8.974080
8.565120
6.752160
5.420160
3.731040
7.178400
8.827200
8.736480
8.301600
7.187040
6.763680
6.333120
8.310240
3.759840
7.207200
2.988000
2.338560
5.487840
7.372800
7.270560
6.894720
5.577120
7.202880
6.577920
5.948640
2.122560
1.703520
5.552640
4.485600
6.412320
6.130080
1.625760
3.339360
4.222080
4.194720
3.132000
5.482080
5.303520
5.163840
2.990880
3.183840
6.107040
6.022080
2.671200
5.790240
4.471200
5.333760
0.524160
1.074240
3.474720
5.790240
5.981760
6.082560
6.204960
5.568480
4.402080
1.932480
1.899360
2.812320
5.689440
5.293440
5.423040
4.658400
3.324960
5.520960
6.396480
4.301280
6.340320
6.403680
6.112800
5.081760
6.500160
6.559200
6.955200
6.403680
5.794560
4.260960
5.143680
7.855200
7.773120
8.164800
8.195040
7.964640
8.300160
2.488320
3.545280
6.863040
3.795840
6.307200
8.763840
9.227520
8.020800
9.247680
9.338400
9.676800
9.580320
9.348480
9.574560
8.884800
6.694560
8.568000
8.400960
3.598560
2.786400
9.676800
1.759680
11.095200
6.662880
6.026400
8.035200
9.221760
10.087200
10.045440
11.388960
6.456960
12.650400
10.671840
12.543840
8.976960
1.667520
5.343840
9.970560
12.922560
12.971520
3.774240
9.840960
12.624480
10.882080
1.353600
11.868480
3.093120
1.632960
6.449760
13.004640
14.634720
14.165280
14.014080
12.405600
7.712640
14.407200
14.941440
13.256640
14.087520
11.494080
15.157440
7.984800
11.504160
16.094880
16.138080
16.607520
9.956160
14.667840
15.602400
16.833600
17.130240
16.708320
17.052480
16.420320
15.602400
17.300160
9.992160
13.000320
16.284960
15.343200
18.089280
18.532800
9.636480
10.496160
14.807520
3.932640
8.727840
10.935360
7.709760
14.112000
18.967680
14.931360
12.276000
15.887520
14.365440
10.889280
16.578720
16.896960
17.239680
19.620000
7.787520
13.818240
20.109600
19.555200
20.134080
17.422560
17.164800
16.701120
21.195360
21.006720
21.019680
20.626560
20.674080
21.150720
20.784960
21.136320
21.028320
20.518560
20.975040
19.836000
12.975840
14.842080
18.478080
14.562720
9.159840
21.432960
12.407040
9.178560
6.000480
14.194080
17.235360
10.143360
10.226880
13.524480
7.054560
19.386720
19.349280
15.186240
21.692160
21.378240
20.282400
20.456640
18.923040
22.631040
18.816480
20.576160
21.924000
20.602080
20.299680
21.697920
21.830400
21.746880
21.700800
20.414880
21.569760
21.395520
19.696320
16.424640
7.774560
21.713760
17.549280
21.173760
18.126720
21.202560
20.681280
20.442240
8.663040
20.080800
13.759200
18.578880
18.957600
16.058880
20.007360
19.689120
21.074400
15.514560
9.354240
19.281600
16.636320
15.871680
13.847040
16.302240
17.015040
11.976480
13.132800
19.128960
13.775040
18.555840
17.781120
19.291680
15.285600
12.800160
13.361760
15.171840
19.596960
19.667520
18.110880
18.840960
16.878240
16.747200
18.290880
18.192960
18.309600
15.032160
18.246240
18.084960
18.286560
15.036480
17.661600
12.176640
12.591360
12.972960
18.312480
15.455520
15.507360
15.770880
9.581760
14.067360
13.672800
7.159680
13.040640
9.829440
16.058880
15.549120
16.077600
16.096320
15.534720
11.522880
13.752000
15.088320
12.974400
14.977440
15.207840
12.371040
9.002880
13.461120
14.381280
14.610240
13.307040
12.176640
5.346720
13.373280
13.733280
13.582080
13.504320
12.965760
12.840480
13.069440
13.428000
12.970080
12.831840
12.754080
12.234240
9.581760
12.276000
12.389760
12.214080
12.100320
12.085920
11.767680
8.766720
8.033760
7.689600
7.956000
8.974080
8.328960
7.535520
4.644000
6.334560
6.317280
3.852000
10.830240
10.062720
0.894240
1.882080
5.351040
7.809120
3.936960
3.826080
4.707360
2.128320
1.742400
4.072320
1.997280
7.706880
7.466400
6.112800
7.408800
7.601760
5.245920
3.196800
0.699840
0.227520
2.230560
2.792160
3.751200
4.059360
3.408480
4.839840
2.291040
7.175520
5.673600
5.970240
7.116480
4.321440
4.821120
5.257440
6.369120
6.226560
4.033440
5.336640
6.160320
5.607360
6.019200
6.019200
5.539680
2.119680
5.191200
4.648320
5.771520
4.872960
4.576320
5.188320
2.679840
5.879520
5.914080
4.524480
4.489920
3.605760
5.342400
5.368320
4.288320
5.977440
5.796000
4.512960
5.980320
5.868000
6.068160
6.081120
5.286240
5.055840
5.601600
5.912640
3.139200
4.894560
6.308640
3.974400
5.391360
5.774400
6.098400
3.358080
6.971040
4.606560
4.910400
2.861280
4.475520
5.647680
6.734880
7.257600
7.398720
7.486560
7.636320
6.550560
7.145280
7.447680
3.720960
2.059200
5.509440
9.368640
4.671360
1.228320
1.874880
9.311040
9.874080
3.106080
10.569600
10.344960
7.830720
9.948960
10.231200
10.673280
10.573920
11.315520
7.205760
10.847520
11.289600
5.376960
10.457280
7.757280
11.596320
11.086560
11.662560
11.861280
11.378880
9.852480
11.818080
11.322720
10.071360
9.164160
11.823840
12.435840
8.193600
8.197920
13.500000
12.123360
13.075200
13.053600
12.581280
13.128480
13.163040
13.350240
13.428000
13.304160
13.484160
14.061600
13.451040
14.587200
14.258880
11.769120
2.138400
8.357760
14.880960
15.135840
15.353280
14.217120
14.148000
15.413760
15.554880
16.064640
15.621120
15.667200
15.622560
4.986720
2.387520
4.438080
8.856000
14.176800
17.269920
12.107520
6.903360
15.579360
6.567840
14.284800
11.194560
13.060800
13.680000
18.617760
11.759040
16.191360
17.786880
13.240800
9.154080
7.567200
18.433440
15.818400
19.638720
6.615360
8.645760
19.085760
12.294720
19.041120
19.483200
19.690560
13.883040
17.621280
15.331680
18.267840
15.013440
19.427040
19.821600
20.000160
18.937440
16.076160
20.691360
19.837440
15.354720
5.437440
14.738400
11.253600
7.241760
13.390560
10.592640
20.646720
20.786400
20.784960
18.747360
20.728800
19.116000
20.008800
20.124000
20.253600
20.132640
20.851200
9.724320
18.462240
19.864800
18.502560
18.983520
16.843680
15.942240
15.284160
12.699360
22.237920
16.973280
17.412480
21.385440
21.327840
20.989440
20.492640
9.103680
20.547360
20.053440
18.987840
20.756160
20.498400
20.679840
20.436480
20.131200
20.113920
20.033280
18.525600
2.759040
21.147840
20.829600
13.930560
13.449600
18.370080
14.448960
19.290240
20.882880
19.200960
18.154080
21.257280
18.249120
13.069440
16.688160
21.137760
21.251520
21.068640
20.697120
20.227680
15.549120
17.516160
18.276480
19.915200
19.795680
18.011520
14.454720
16.601760
17.719200
17.382240
18.624960
19.821600
19.071360
19.058400
19.391040
18.946080
18.475200
18.840960
19.103040
18.414720
18.666720
17.847360
15.671520
18.017280
18.408960
17.000640
18.349920
17.606880
17.408160
15.240960
17.098560
17.422560
17.136000
16.849440
16.228800
10.867680
17.925120
13.554720
12.870720
12.768480
3.208320
16.450560
12.530880
8.880480
15.200640
15.693120
14.057280
15.233760
15.284160
11.242080
12.695040
12.175200
13.619520
12.562560
14.908320
15.572160
15.196320
12.494880
5.581440
6.255360
10.644480
4.891680
7.580160
12.921120
5.869440
13.818240
12.517920
5.892480
6.825600
4.656960
0.714240
10.340640
13.289760
12.909600
12.623040
11.236320
12.261600
10.723680
10.785600
9.593280
11.623680
9.237600
6.082560
6.937920
10.016640
8.815680
11.869920
10.490400
7.385760
5.728320
5.447520
4.811040
5.487840
4.356000
8.128800
8.134560
1.798560
4.397760
5.997600
10.939680
10.480320
4.209120
6.065280
9.849600
10.131840
5.770080
4.059360
-99.000000
-99.000000
-99.000000
-99.000000
-99.000000
-99.000000
-99.000000
-99.000000
-99.000000
-99.000000
-99.000000
-99.000000
-99.000000
-99.000000
-99.000000
-99.000000
-99.000000
-99.000000
-99.000000
-99.000000
-99.000000
-99.000000
-99.000000
-99.000000
-99.000000
-99.000000
-99.000000
-99.000000
-99.000000
-99.000000
-99.000000
-99.000000
-99.000000
-99.000000
-99.000000
-99.000000
-99.000000
-99.000000
-99.000000
-99.000000
-99.000000
-99.000000
-99.000000
-99.000000
-99.000000
-99.000000
-99.000000
-99.000000
-99.000000
-99.000000
-99.000000
-99.000000
-99.000000
-99.000000
-99.000000
-99.000000
-99.000000
-99.000000
-99.000000
-99.000000
-99.000000
-99.000000
-99.000000
-99.000000
-99.000000
-99.000000
-99.000000
-99.000000
-99.000000
-99.000000
-99.000000
-99.000000
-99.000000
-99.000000
-99.000000
-99.000000
-99.000000
-99.000000
-99.000000
-99.000000
-99.000000
-99.000000
-99.000000
-99.000000
-99.000000
-99.000000
-99.000000
-99.000000
-99.000000
-99.000000
-99.000000
-99.000000
-99.000000
-99.000000
-99.000000
-99.000000
-99.000000
-99.000000
-99.000000
-99.000000
-99.000000
-99.000000
-99.000000
-99.000000
-99.000000
-99.000000
-99.000000
-99.000000
-99.000000
-99.000000
-99.000000
-99.000000
-99.000000
-99.000000
-99.000000
-99.000000
-99.000000
-99.000000
-99.000000
-99.000000
-99.000000
-99.000000
-99.000000
-99.000000
-99.000000
-99.000000
-99.000000
-99.000000
-99.000000
-99.000000
-99.000000
-99.000000
-99.000000
-99.000000
-99.000000
-99.000000
-99.000000
-99.000000
-99.000000
-99.000000
-99.000000
-99.000000
-99.000000
-99.000000
-99.000000
-99.000000
-99.000000
-99.000000
-99.000000
-99.000000
-99.000000
-99.000000
-99.000000
-99.000000
-99.000000
-99.000000
-99.000000
-99.000000
-99.000000
-99.000000
-99.000000
-99.000000
-99.000000
-99.000000
-99.000000
-99.000000
-99.000000
-99.000000
-99.000000
-99.000000
-99.000000
-99.000000
-99.000000
-99.000000
-99.000000
-99.000000
-99.000000
-99.000000
-99.000000
-99.000000
-99.000000
-99.000000
-99.000000
-99.000000
-99.000000
-99.000000
-99.000000
-99.000000
-99.000000
-99.000000
-99.000000
-99.000000
-99.000000
-99.000000
-99.000000
-99.000000
-99.000000
-99.000000
-99.000000
-99.000000
-99.000000
-99.000000
-99.000000
-99.000000
-99.000000
-99.000000
-99.000000
-99.000000
-99.000000
-99.000000
-99.000000
-99.000000
-99.000000
-99.000000
-99.000000
-99.000000
-99.000000
-99.000000
-99.000000
-99.000000
-99.000000
-99.000000
-99.000000
-99.000000
-99.000000
-99.000000
-99.000000
-99.000000
-99.000000
-99.000000
-99.000000
-99.000000
-99.000000
-99.000000
-99.000000
-99.000000
-99.000000
-99.000000
-99.000000
-99.000000
-99.000000
-99.000000
-99.000000
-99.000000
-99.000000
-99.000000
-99.000000
-99.000000
-99.000000
-99.000000
-99.000000
-99.000000
-99.000000
-99.000000
-99.000000
-99.000000
-99.000000
-99.000000
-99.000000
-99.000000
-99.000000
-99.000000
-99.000000
-99.000000
-99.000000
-99.000000
-99.000000
-99.000000
-99.000000
-99.000000
-99.000000
-99.000000
-99.000000
-99.000000
-99.000000
-99.000000
-99.000000
-99.000000
-99.000000
-99.000000
-99.000000
-99.000000
-99.000000
-99.000000
-99.000000
-99.000000
-99.000000
-99.000000
-99.000000
-99.000000
-99.000000
-99.000000
-99.000000
-99.000000
-99.000000
-99.000000
-99.000000
-99.000000
-99.000000
-99.000000
-99.000000
-99.000000
-99.000000
-99.000000
-99.000000
-99.000000
-99.000000
-99.000000
-99.000000
-99.000000
-99.000000
-99.000000
-99.000000
-99.000000
-99.000000
-99.000000
-99.000000
-99.000000
-99.000000
-99.000000
-99.000000
-99.000000
-99.000000
-99.000000
-99.000000
-99.000000
-99.000000
-99.000000
-99.000000
-99.000000
-99.000000
-99.000000
-99.000000
-99.000000
-99.000000
-99.000000
-99.000000
-99.000000
-99.000000
-99.000000
-99.000000
-99.000000
-99.000000
-99.000000
-99.000000
-99.000000
-99.000000
-99.000000
-99.000000
-99.000000
-99.000000
-99.000000
-99.000000
-99.000000
-99.000000
-99.000000
-99.000000
-99.000000
-99.000000
-99.000000
-99.000000
-99.000000
-99.000000
-99.000000
-99.000000
-99.000000
-99.000000
-99.000000
-99.000000
-99.000000
-99.000000
-99.000000
-99.000000
-99.000000
-99.000000
-99.000000
-99.000000
-99.000000
-99.000000
-99.000000
-99.000000
-99.000000
-99.000000
-99.000000
-99.000000
-99.000000
-99.000000
-99.000000
-99.000000
-99.000000
-99.000000
-99.000000
-99.000000
-99.000000
-99.000000
-99.000000
-99.000000
-99.000000
-99.000000
-99.000000
-99.000000
-99.000000
-99.000000
-99.000000
-99.000000
-99.000000
-99.000000
-99.000000
-99.000000
-99.000000
-99.000000
-99.000000
-99.000000
-99.000000
-99.000000
-99.000000
-99.000000
-99.000000
-99.000000
-99.000000
-99.000000
-99.000000
-99.000000
-99.000000
-99.000000
-99.000000
-99.000000
-99.000000
-99.000000
-99.000000
-99.000000
-99.000000
-99.000000
-99.000000
-99.000000
-99.000000
-99.000000
-99.000000
-99.000000
-99.000000
-99.000000
-99.000000
-99.000000
-99.000000
-99.000000
-99.000000
-99.000000
-99.000000
-99.000000
-99.000000
-99.000000
-99.000000
-99.000000
-99.000000
-99.000000
-99.000000
-99.000000
-99.000000
-99.000000
-99.000000
-99.000000
-99.000000
-99.000000
-99.000000
-99.000000
-99.000000
-99.000000
-99.000000
-99.000000
-99.000000
-99.000000
-99.000000
-99.000000
-99.000000
-99.000000
-99.000000
-99.000000
-99.000000
-99.000000
-99.000000
-99.000000
-99.000000
-99.000000
-99.000000
-99.000000
-99.000000
-99.000000
-99.000000
-99.000000
-99.000000
-99.000000
-99.000000
-99.000000
-99.000000
-99.000000
-99.000000
-99.000000
-99.000000
-99.000000
-99.000000
-99.000000
-99.000000
-99.000000
-99.000000
-99.000000
-99.000000
-99.000000
-99.000000
-99.000000
-99.000000
-99.000000
-99.000000
-99.000000
-99.000000
-99.000000
-99.000000
-99.000000
-99.000000
-99.000000
-99.000000
-99.000000
-99.000000
-99.000000
-99.000000
-99.000000
-99.000000
-99.000000
-99.000000
-99.000000
-99.000000
-99.000000
-99.000000
-99.000000
-99.000000
-99.000000
-99.000000
-99.000000
-99.000000
-99.000000
-99.000000
-99.000000
-99.000000
-99.000000
-99.000000
-99.000000
-99.000000
-99.000000
-99.000000
-99.000000
-99.000000
-99.000000
-99.000000
-99.000000
-99.000000
-99.000000
-99.000000
-99.000000
-99.000000
-99.000000
-99.000000
-99.000000
-99.000000
-99.000000
-99.000000
-99.000000
-99.000000
-99.000000
-99.000000
-99.000000
-99.000000
-99.000000
-99.000000
-99.000000
-99.000000
-99.000000
-99.000000
-99.000000
-99.000000
-99.000000
-99.000000
-99.000000
-99.000000
-99.000000
-99.000000
-99.000000
-99.000000
-99.000000
-99.000000
-99.000000
-99.000000
-99.000000
-99.000000
-99.000000
-99.000000
-99.000000
-99.000000
-99.000000
-99.000000
-99.000000
-99.000000
-99.000000
-99.000000
-99.000000
-99.000000
-99.000000
-99.000000
-99.000000
-99.000000
-99.000000
-99.000000
-99.000000
-99.000000
-99.000000
-99.000000
-99.000000
-99.000000
-99.000000
-99.000000
-99.000000
-99.000000
-99.000000
-99.000000
-99.000000
-99.000000
-99.000000
-99.000000
-99.000000
-99.000000
-99.000000
-99.000000
-99.000000
-99.000000
-99.000000
-99.000000
-99.000000
-99.000000
-99.000000
-99.000000
-99.000000
-99.000000
-99.000000
-99.000000
-99.000000
-99.000000
-99.000000
-99.000000
-99.000000
-99.000000
-99.000000
-99.000000
-99.000000
-99.000000
-99.000000
-99.000000
-99.000000
-99.000000
-99.000000
-99.000000
-99.000000
-99.000000
-99.000000
-99.000000
-99.000000
-99.000000
-99.000000
-99.000000
-99.000000
-99.000000
-99.000000
-99.000000
-99.000000
-99.000000
-99.000000
-99.000000
-99.000000
-99.000000
-99.000000
-99.000000
-99.000000
-99.000000
-99.000000
-99.000000
-99.000000
-99.000000
-99.000000
-99.000000
-99.000000
-99.000000
-99.000000
-99.000000
-99.000000
-99.000000
-99.000000
-99.000000
-99.000000
-99.000000
-99.000000
-99.000000
-99.000000
-99.000000
-99.000000
-99.000000
-99.000000
-99.000000
-99.000000
-99.000000
-99.000000
-99.000000
-99.000000
-99.000000
-99.000000
-99.000000
-99.000000
-99.000000
-99.000000
-99.000000
-99.000000
-99.000000
-99.000000
-99.000000
-99.000000
-99.000000
-99.000000
-99.000000
-99.000000
-99.000000
-99.000000
-99.000000
-99.000000
-99.000000
-99.000000
-99.000000
-99.000000
-99.000000
-99.000000
-99.000000
-99.000000
-99.000000
-99.000000
-99.000000
-99.000000
-99.000000
-99.000000
-99.000000
-99.000000
-99.000000
-99.000000
-99.000000
-99.000000
-99.000000
-99.000000
-99.000000
-99.000000
-99.000000
-99.000000
-99.000000
-99.000000
-99.000000
-99.000000
-99.000000
-99.000000
-99.000000
-99.000000
-99.000000
-99.000000
-99.000000
-99.000000
-99.000000
-99.000000
-99.000000
-99.000000
-99.000000
-99.000000
-99.000000
-99.000000
-99.000000
-99.000000
-99.000000
-99.000000
-99.000000
-99.000000
-99.000000
-99.000000
-99.000000
-99.000000
-99.000000
-99.000000
-99.000000
-99.000000
-99.000000
-99.000000
-99.000000
-99.000000
-99.000000
-99.000000
-99.000000
-99.000000
-99.000000
-99.000000
-99.000000
-99.000000
-99.000000
-99.000000
-99.000000
-99.000000
-99.000000
-99.000000
-99.000000
-99.000000
-99.000000
-99.000000
-99.000000
-99.000000
-99.000000
-99.000000
-99.000000
-99.000000
-99.000000
-99.000000
-99.000000
-99.000000
-99.000000
-99.000000
-99.000000
-99.000000
-99.000000
-99.000000
-99.000000
-99.000000
-99.000000
-99.000000
-99.000000
-99.000000
-99.000000
-99.000000
-99.000000
-99.000000
-99.000000
-99.000000
-99.000000
-99.000000
-99.000000
-99.000000
-99.000000
-99.000000
-99.000000
-99.000000
-99.000000
-99.000000
-99.000000
-99.000000
-99.000000
-99.000000
-99.000000
-99.000000
-99.000000
-99.000000
-99.000000
-99.000000
-99.000000
-99.000000
-99.000000
-99.000000
-99.000000
-99.000000
-99.000000
-99.000000
-99.000000
-99.000000
-99.000000
-99.000000
-99.000000
-99.000000
-99.000000
-99.000000
-99.000000
-99.000000
-99.000000
-99.000000
-99.000000
-99.000000
-99.000000
-99.000000
-99.000000
-99.000000
-99.000000
-99.000000
-99.000000
-99.000000
-99.000000
-99.000000
-99.000000
-99.000000
-99.000000
-99.000000
-99.000000
-99.000000
-99.000000
-99.000000
-99.000000
-99.000000
-99.000000
-99.000000
-99.000000
-99.000000
-99.000000
-99.000000
-99.000000
-99.000000
-99.000000
-99.000000
-99.000000
-99.000000
-99.000000
-99.000000
-99.000000
-99.000000
-99.000000
-99.000000
-99.000000
-99.000000
-99.000000
-99.000000
-99.000000
-99.000000
-99.000000
-99.000000
-99.000000
-99.000000
-99.000000
-99.000000
-99.000000
-99.000000
-99.000000
-99.000000
-99.000000
-99.000000
-99.000000
-99.000000
-99.000000
-99.000000
-99.000000
-99.000000
-99.000000
-99.000000
-99.000000
-99.000000
-99.000000
-99.000000
-99.000000
-99.000000
-99.000000
-99.000000
-99.000000
-99.000000
-99.000000
-99.000000
-99.000000
-99.000000
-99.000000
-99.000000
-99.000000
-99.000000
-99.000000
-99.000000
-99.000000
-99.000000
-99.000000
-99.000000
-99.000000
-99.000000
-99.000000
-99.000000
-99.000000
-99.000000
-99.000000
-99.000000
-99.000000
-99.000000
-99.000000
-99.000000
-99.000000
-99.000000
-99.000000
-99.000000
-99.000000
-99.000000
-99.000000
-99.000000
-99.000000
-99.000000
-99.000000
-99.000000
-99.000000
-99.000000
-99.000000
-99.000000
-99.000000
-99.000000
-99.000000
-99.000000
-99.000000
-99.000000
-99.000000
-99.000000
-99.000000
-99.000000
-99.000000
-99.000000
-99.000000
-99.000000
-99.000000
-99.000000
-99.000000
-99.000000
-99.000000
-99.000000
-99.000000
-99.000000
-99.000000
-99.000000
-99.000000
-99.000000
-99.000000
-99.000000
-99.000000
-99.000000
-99.000000
-99.000000
-99.000000
-99.000000
-99.000000
-99.000000
-99.000000
-99.000000
-99.000000
-99.000000
-99.000000
-99.000000
-99.000000
-99.000000
-99.000000
-99.000000
-99.000000
-99.000000
-99.000000
-99.000000
-99.000000
-99.000000
-99.000000
-99.000000
-99.000000
-99.000000
-99.000000
-99.000000
-99.000000
-99.000000
-99.000000
-99.000000
-99.000000
-99.000000
-99.000000
-99.000000
-99.000000
-99.000000
-99.000000
-99.000000
-99.000000
-99.000000
-99.000000
-99.000000
-99.000000
-99.000000
-99.000000
-99.000000
-99.000000
-99.000000
-99.000000
-99.000000
-99.000000
-99.000000
-99.000000
-99.000000
-99.000000
-99.000000
-99.000000
-99.000000
-99.000000
-99.000000
-99.000000
-99.000000
-99.000000
-99.000000
-99.000000
-99.000000
-99.000000
-99.000000
-99.000000
-99.000000
-99.000000
-99.000000
-99.000000
-99.000000
-99.000000
-99.000000
-99.000000
-99.000000
-99.000000
-99.000000
-99.000000
-99.000000
-99.000000
-99.000000
-99.000000
-99.000000
-99.000000
-99.000000
-99.000000
-99.000000
-99.000000
-99.000000
-99.000000
-99.000000
-99.000000
-99.000000
-99.000000
-99.000000
-99.000000
-99.000000
-99.000000
-99.000000
-99.000000
-99.000000
-99.000000
-99.000000
-99.000000
-99.000000
-99.000000
-99.000000
-99.000000
-99.000000
-99.000000
-99.000000
-99.000000
-99.000000
-99.000000
-99.000000
-99.000000
-99.000000
-99.000000
-99.000000
-99.000000
-99.000000
-99.000000
-99.000000
-99.000000
-99.000000
-99.000000
-99.000000
-99.000000
-99.000000
-99.000000
-99.000000
-99.000000
-99.000000
-99.000000
-99.000000
-99.000000
-99.000000
-99.000000
-99.000000
-99.000000
-99.000000
-99.000000
-99.000000
-99.000000
-99.000000
-99.000000
-99.000000
-99.000000
-99.000000
-99.000000
-99.000000
-99.000000
-99.000000
-99.000000
-99.000000
-99.000000
-99.000000
-99.000000
-99.000000
-99.000000
-99.000000
-99.000000
-99.000000
-99.000000
-99.000000
-99.000000
-99.000000
-99.000000
-99.000000
-99.000000
-99.000000
-99.000000
-99.000000
-99.000000
-99.000000
-99.000000
-99.000000
-99.000000
-99.000000
-99.000000
-99.000000
-99.000000
-99.000000
-99.000000
-99.000000
-99.000000
-99.000000
-99.000000
-99.000000
-99.000000
-99.000000
-99.000000
-99.000000
-99.000000
-99.000000
-99.000000
-99.000000
-99.000000
-99.000000
-99.000000
-99.000000
-99.000000
-99.000000
-99.000000
-99.000000
-99.000000
-99.000000
-99.000000
-99.000000
-99.000000
-99.000000
-99.000000
-99.000000
-99.000000
-99.000000
-99.000000
-99.000000
-99.000000
-99.000000
-99.000000
-99.000000
-99.000000
-99.000000
-99.000000
-99.000000
-99.000000
-99.000000
-99.000000
-99.000000
-99.000000
-99.000000
-99.000000
-99.000000
-99.000000
-99.000000
-99.000000
-99.000000
-99.000000
-99.000000
-99.000000
-99.000000
-99.000000
-99.000000
-99.000000
-99.000000
-99.000000
-99.000000
-99.000000
-99.000000
-99.000000
-99.000000
-99.000000
-99.000000
-99.000000
-99.000000
-99.000000
-99.000000
-99.000000
-99.000000
-99.000000
-99.000000
-99.000000
-99.000000
-99.000000
-99.000000
-99.000000
-99.000000
-99.000000
-99.000000
-99.000000
-99.000000
-99.000000
-99.000000
-99.000000
-99.000000
-99.000000
-99.000000
-99.000000
-99.000000
-99.000000
-99.000000
-99.000000
-99.000000
-99.000000
-99.000000
-99.000000
-99.000000
-99.000000
-99.000000
-99.000000
-99.000000
-99.000000
-99.000000
-99.000000
-99.000000
-99.000000
-99.000000
-99.000000
-99.000000
-99.000000
-99.000000
-99.000000
-99.000000
-99.000000
-99.000000
-99.000000
-99.000000
-99.000000
-99.000000
-99.000000
-99.000000
-99.000000
-99.000000
-99.000000
-99.000000
-99.000000
-99.000000
-99.000000
-99.000000
-99.000000
-99.000000
-99.000000
-99.000000
-99.000000
-99.000000
-99.000000
-99.000000
-99.000000
-99.000000
-99.000000
-99.000000
-99.000000
-99.000000
-99.000000
-99.000000
-99.000000
-99.000000
-99.000000
-99.000000
-99.000000
-99.000000
-99.000000
-99.000000
-99.000000
-99.000000
-99.000000
-99.000000
-99.000000
-99.000000
-99.000000
-99.000000
-99.000000
-99.000000
-99.000000
-99.000000
-99.000000
-99.000000
-99.000000
-99.000000
-99.000000
-99.000000
-99.000000
-99.000000
-99.000000
-99.000000
-99.000000
-99.000000
-99.000000
-99.000000
-99.000000
-99.000000
-99.000000
-99.000000
-99.000000
-99.000000
-99.000000
-99.000000
-99.000000
-99.000000
-99.000000
-99.000000
-99.000000
-99.000000
-99.000000
-99.000000
-99.000000
-99.000000
-99.000000
-99.000000
-99.000000
-99.000000
-99.000000
-99.000000
-99.000000
-99.000000
-99.000000
-99.000000
-99.000000
-99.000000
-99.000000
-99.000000
-99.000000
-99.000000
-99.000000
-99.000000
-99.000000
-99.000000
-99.000000
-99.000000
-99.000000
-99.000000
-99.000000
-99.000000
-99.000000
-99.000000
-99.000000
-99.000000
-99.000000
-99.000000
-99.000000
-99.000000
-99.000000
-99.000000
-99.000000
-99.000000
-99.000000
-99.000000
-99.000000
-99.000000
-99.000000
-99.000000
-99.000000
-99.000000
-99.000000
-99.000000
-99.000000
-99.000000
-99.000000
-99.000000
-99.000000
-99.000000
-99.000000
-99.000000
-99.000000
-99.000000
-99.000000
-99.000000
-99.000000
-99.000000
-99.000000
-99.000000
-99.000000
-99.000000
-99.000000
-99.000000
-99.000000
-99.000000
-99.000000
-99.000000
-99.000000
-99.000000
-99.000000
-99.000000
-99.000000
-99.000000
-99.000000
-99.000000
-99.000000
-99.000000
-99.000000
-99.000000
-99.000000
-99.000000
-99.000000
-99.000000
-99.000000
-99.000000
-99.000000
-99.000000
-99.000000
-99.000000
-99.000000
-99.000000
-99.000000
-99.000000
-99.000000
-99.000000
-99.000000
-99.000000
-99.000000
-99.000000
-99.000000
-99.000000
-99.000000
-99.000000
-99.000000
-99.000000
-99.000000
-99.000000
-99.000000
-99.000000
-99.000000
-99.000000
-99.000000
-99.000000
-99.000000
-99.000000
-99.000000
-99.000000
-99.000000
-99.000000
-99.000000
-99.000000
-99.000000
-99.000000
-99.000000
-99.000000
-99.000000
-99.000000
-99.000000
-99.000000
-99.000000
-99.000000
-99.000000
-99.000000
-99.000000
-99.000000
-99.000000
-99.000000
-99.000000
-99.000000
-99.000000
-99.000000
-99.000000
-99.000000
-99.000000
-99.000000
-99.000000
-99.000000
-99.000000
-99.000000
-99.000000
-99.000000
-99.000000
-99.000000
-99.000000
-99.000000
-99.000000
-99.000000
-99.000000
-99.000000
-99.000000
-99.000000
-99.000000
-99.000000
-99.000000
-99.000000
-99.000000
-99.000000
-99.000000
-99.000000
-99.000000
-99.000000
-99.000000
-99.000000
-99.000000
-99.000000
-99.000000
-99.000000
-99.000000
-99.000000
-99.000000
-99.000000
-99.000000
-99.000000
-99.000000
-99.000000
-99.000000
-99.000000
-99.000000
-99.000000
-99.000000
-99.000000
-99.000000
-99.000000
-99.000000
-99.000000
-99.000000
-99.000000
-99.000000
-99.000000
-99.000000
-99.000000
-99.000000
-99.000000
-99.000000
-99.000000
-99.000000
-99.000000
-99.000000
-99.000000
-99.000000
-99.000000
-99.000000
-99.000000
-99.000000
-99.000000
-99.000000
-99.000000
-99.000000
-99.000000
-99.000000
-99.000000
-99.000000
-99.000000
-99.000000
-99.000000
-99.000000
-99.000000
-99.000000
-99.000000
-99.000000
-99.000000
-99.000000
-99.000000
-99.000000
-99.000000
-99.000000
-99.000000
-99.000000
-99.000000
-99.000000
-99.000000
-99.000000
-99.000000
-99.000000
-99.000000
-99.000000
-99.000000
-99.000000
-99.000000
-99.000000
-99.000000
-99.000000
-99.000000
-99.000000
-99.000000
-99.000000
-99.000000
-99.000000
-99.000000
-99.000000
-99.000000
-99.000000
-99.000000
-99.000000
-99.000000
-99.000000
-99.000000
-99.000000
-99.000000
-99.000000
-99.000000
-99.000000
-99.000000
-99.000000
-99.000000
-99.000000
-99.000000
-99.000000
-99.000000
-99.000000
-99.000000
-99.000000
-99.000000
-99.000000
-99.000000
-99.000000
-99.000000
-99.000000
-99.000000
-99.000000
-99.000000
-99.000000
-99.000000
-99.000000
-99.000000
-99.000000
-99.000000
-99.000000
-99.000000
-99.000000
-99.000000
-99.000000
-99.000000
-99.000000
-99.000000
-99.000000
-99.000000
-99.000000
-99.000000
-99.000000
-99.000000
-99.000000
-99.000000
-99.000000
-99.000000
-99.000000
-99.000000
-99.000000
-99.000000
-99.000000
-99.000000
-99.000000
-99.000000
-99.000000
-99.000000
-99.000000
-99.000000
-99.000000
-99.000000
-99.000000
-99.000000
-99.000000
-99.000000
-99.000000
-99.000000
-99.000000
-99.000000
-99.000000
-99.000000
-99.000000
-99.000000
-99.000000
-99.000000
-99.000000
-99.000000
-99.000000
-99.000000
-99.000000
-99.000000
-99.000000
-99.000000
-99.000000
-99.000000
-99.000000
-99.000000
-99.000000
-99.000000
-99.000000
-99.000000
-99.000000
-99.000000
-99.000000
-99.000000
-99.000000
-99.000000
-99.000000
-99.000000
-99.000000
-99.000000
-99.000000
-99.000000
-99.000000
-99.000000
-99.000000
-99.000000
-99.000000
-99.000000
-99.000000
-99.000000
-99.000000
-99.000000
-99.000000
-99.000000
-99.000000
-99.000000
-99.000000
-99.000000
-99.000000
-99.000000
-99.000000
-99.000000
-99.000000
-99.000000
-99.000000
-99.000000
-99.000000
-99.000000
-99.000000
-99.000000
-99.000000
-99.000000
-99.000000
-99.000000
-99.000000
-99.000000
-99.000000
-99.000000
-99.000000
-99.000000
-99.000000
-99.000000
-99.000000
-99.000000
-99.000000
-99.000000
-99.000000
-99.000000
-99.000000
-99.000000
-99.000000
-99.000000
-99.000000
-99.000000
-99.000000
-99.000000
-99.000000
-99.000000
-99.000000
-99.000000
-99.000000
-99.000000
-99.000000
-99.000000
-99.000000
-99.000000
-99.000000
-99.000000
-99.000000
-99.000000
-99.000000
-99.000000
-99.000000
-99.000000
-99.000000
-99.000000
-99.000000
-99.000000
-99.000000
-99.000000
-99.000000
-99.000000
-99.000000
-99.000000
-99.000000
-99.000000
-99.000000
-99.000000
-99.000000
-99.000000
-99.000000
-99.000000
-99.000000
-99.000000
-99.000000
-99.000000
-99.000000
-99.000000
-99.000000
-99.000000
-99.000000
-99.000000
-99.000000
-99.000000
-99.000000
-99.000000
-99.000000
-99.000000
-99.000000
-99.000000
-99.000000
-99.000000
-99.000000
-99.000000
-99.000000
-99.000000
-99.000000
-99.000000
-99.000000
-99.000000
-99.000000
-99.000000
-99.000000
-99.000000
-99.000000
-99.000000
-99.000000
-99.000000
-99.000000
-99.000000
-99.000000
-99.000000
-99.000000
-99.000000
-99.000000
-99.000000
-99.000000
-99.000000
-99.000000
-99.000000
-99.000000
-99.000000
-99.000000
-99.000000
-99.000000
-99.000000
-99.000000
-99.000000
-99.000000
-99.000000
-99.000000
-99.000000
-99.000000
-99.000000
-99.000000
-99.000000
-99.000000
-99.000000
-99.000000
-99.000000
-99.000000
-99.000000
-99.000000
-99.000000
-99.000000
-99.000000
-99.000000
-99.000000
-99.000000
-99.000000
-99.000000
-99.000000
-99.000000
-99.000000
-99.000000
-99.000000
-99.000000
-99.000000
-99.000000
-99.000000
-99.000000
-99.000000
-99.000000
-99.000000
-99.000000
-99.000000
-99.000000
-99.000000
-99.000000
-99.000000
-99.000000
-99.000000
-99.000000
-99.000000
-99.000000
-99.000000
-99.000000
-99.000000
-99.000000
-99.000000
-99.000000
-99.000000
-99.000000
-99.000000
-99.000000
-99.000000
-99.000000
-99.000000
-99.000000
-99.000000
-99.000000
-99.000000
-99.000000
-99.000000
-99.000000
-99.000000
-99.000000
-99.000000
-99.000000
-99.000000
-99.000000
-99.000000
-99.000000
-99.000000
-99.000000
-99.000000
-99.000000
-99.000000
-99.000000
-99.000000
-99.000000
-99.000000
-99.000000
-99.000000
-99.000000
-99.000000
-99.000000
-99.000000
-99.000000
-99.000000
-99.000000
-99.000000
-99.000000
-99.000000
-99.000000
-99.000000
-99.000000
-99.000000
-99.000000
-99.000000
-99.000000
-99.000000
-99.000000
-99.000000
-99.000000
-99.000000
-99.000000
-99.000000
-99.000000
-99.000000
-99.000000
-99.000000
-99.000000
-99.000000
-99.000000
-99.000000
-99.000000
-99.000000
-99.000000
-99.000000
-99.000000
-99.000000
-99.000000
-99.000000
-99.000000
-99.000000
-99.000000
-99.000000
-99.000000
-99.000000
-99.000000
-99.000000
-99.000000
-99.000000
-99.000000
-99.000000
-99.000000
-99.000000
-99.000000
-99.000000
-99.000000
-99.000000
-99.000000
-99.000000
-99.000000
-99.000000
-99.000000
-99.000000
-99.000000
-99.000000
-99.000000
-99.000000
-99.000000
-99.000000
-99.000000
-99.000000
-99.000000
-99.000000
-99.000000
-99.000000
-99.000000
-99.000000
-99.000000
-99.000000
-99.000000
-99.000000
-99.000000
-99.000000
-99.000000
-99.000000
-99.000000
-99.000000
-99.000000
-99.000000
-99.000000
-99.000000
-99.000000
-99.000000
-99.000000
-99.000000
-99.000000
-99.000000
-99.000000
-99.000000
-99.000000
-99.000000
-99.000000
-99.000000
-99.000000
-99.000000
-99.000000
-99.000000
-99.000000
-99.000000
-99.000000
-99.000000
-99.000000
-99.000000
-99.000000
-99.000000
-99.000000
-99.000000
-99.000000
-99.000000
-99.000000
-99.000000
-99.000000
-99.000000
-99.000000
-99.000000
-99.000000
-99.000000
-99.000000
-99.000000
-99.000000
-99.000000
-99.000000
-99.000000
-99.000000
-99.000000
-99.000000
-99.000000
-99.000000
-99.000000
-99.000000
-99.000000
-99.000000
-99.000000
-99.000000
-99.000000
-99.000000
-99.000000
-99.000000
-99.000000
-99.000000
-99.000000
-99.000000
-99.000000
-99.000000
-99.000000
-99.000000
-99.000000
-99.000000
-99.000000
-99.000000
-99.000000
-99.000000
-99.000000
-99.000000
-99.000000
-99.000000
-99.000000
-99.000000
-99.000000
-99.000000
-99.000000
-99.000000
-99.000000
-99.000000
-99.000000
-99.000000
-99.000000
-99.000000
-99.000000
-99.000000
-99.000000
-99.000000
-99.000000
-99.000000
-99.000000
-99.000000
-99.000000
-99.000000
-99.000000
-99.000000
-99.000000
-99.000000
-99.000000
-99.000000
-99.000000
-99.000000
-99.000000
-99.000000
-99.000000
-99.000000
-99.000000
-99.000000
-99.000000
-99.000000
-99.000000
-99.000000
-99.000000
-99.000000
-99.000000
-99.000000
-99.000000
-99.000000
-99.000000
-99.000000
-99.000000
-99.000000
-99.000000
-99.000000
-99.000000
-99.000000
-99.000000
-99.000000
-99.000000
-99.000000
-99.000000
-99.000000
-99.000000
-99.000000
-99.000000
-99.000000
-99.000000
-99.000000
-99.000000
-99.000000
-99.000000
-99.000000
-99.000000
-99.000000
-99.000000
-99.000000
-99.000000
-99.000000
-99.000000
-99.000000
-99.000000
-99.000000
-99.000000
-99.000000
-99.000000
-99.000000
-99.000000
-99.000000
-99.000000
-99.000000
-99.000000
-99.000000
-99.000000
-99.000000
-99.000000
-99.000000
-99.000000
-99.000000
-99.000000
-99.000000
-99.000000
-99.000000
-99.000000
-99.000000
-99.000000
-99.000000
-99.000000
-99.000000
-99.000000
-99.000000
-99.000000
-99.000000
-99.000000
-99.000000
-99.000000
-99.000000
-99.000000
-99.000000
-99.000000
-99.000000
-99.000000
-99.000000
-99.000000
-99.000000
-99.000000
-99.000000
-99.000000
-99.000000
-99.000000
-99.000000
-99.000000
-99.000000
-99.000000
-99.000000
-99.000000
-99.000000
-99.000000
-99.000000
-99.000000
-99.000000
-99.000000
-99.000000
-99.000000
-99.000000
-99.000000
-99.000000
-99.000000
-99.000000
-99.000000
-99.000000
-99.000000
-99.000000
-99.000000
-99.000000
-99.000000
-99.000000
-99.000000
-99.000000
-99.000000
-99.000000
-99.000000
-99.000000
-99.000000
-99.000000
-99.000000
-99.000000
-99.000000
-99.000000
-99.000000
-99.000000
-99.000000
-99.000000
-99.000000
-99.000000
-99.000000
-99.000000
-99.000000
-99.000000
-99.000000
-99.000000
-99.000000
-99.000000
-99.000000
-99.000000
-99.000000
-99.000000
-99.000000
-99.000000
-99.000000
-99.000000
-99.000000
-99.000000
-99.000000
-99.000000
-99.000000
-99.000000
-99.000000
-99.000000
-99.000000
-99.000000
-99.000000
-99.000000
-99.000000
-99.000000
-99.000000
-99.000000
-99.000000
-99.000000
-99.000000
-99.000000
-99.000000
-99.000000
-99.000000
-99.000000
-99.000000
-99.000000
-99.000000
-99.000000
-99.000000
-99.000000
-99.000000
-99.000000
-99.000000
-99.000000
-99.000000
-99.000000
-99.000000
-99.000000
-99.000000
-99.000000
-99.000000
-99.000000
-99.000000
-99.000000
-99.000000
-99.000000
-99.000000
-99.000000
-99.000000
-99.000000
-99.000000
-99.000000
-99.000000
-99.000000
-99.000000
-99.000000
-99.000000
-99.000000
-99.000000
-99.000000
-99.000000
-99.000000
-99.000000
-99.000000
-99.000000
-99.000000
-99.000000
-99.000000
-99.000000
-99.000000
-99.000000
-99.000000
-99.000000
-99.000000
-99.000000
-99.000000
-99.000000
-99.000000
-99.000000
-99.000000
-99.000000
-99.000000
-99.000000
-99.000000
-99.000000
-99.000000
-99.000000
-99.000000
-99.000000
-99.000000
-99.000000
-99.000000
-99.000000
-99.000000
-99.000000
-99.000000
-99.000000
-99.000000
-99.000000
-99.000000
-99.000000
-99.000000
-99.000000
-99.000000
-99.000000
-99.000000
-99.000000
-99.000000
-99.000000
-99.000000
-99.000000
-99.000000
-99.000000
-99.000000
-99.000000
-99.000000
-99.000000
-99.000000
-99.000000
-99.000000
-99.000000
-99.000000
-99.000000
-99.000000
-99.000000
-99.000000
-99.000000
-99.000000
-99.000000
-99.000000
-99.000000
-99.000000
-99.000000
-99.000000
-99.000000
-99.000000
-99.000000
-99.000000
-99.000000
-99.000000
-99.000000
-99.000000
-99.000000
-99.000000
-99.000000
-99.000000
-99.000000
-99.000000
-99.000000
-99.000000
-99.000000
-99.000000
-99.000000
-99.000000
-99.000000
-99.000000
-99.000000
-99.000000
-99.000000
-99.000000
-99.000000
-99.000000
-99.000000
-99.000000
-99.000000
-99.000000
-99.000000
-99.000000
-99.000000
-99.000000
-99.000000
-99.000000
-99.000000
-99.000000
-99.000000
-99.000000
-99.000000
-99.000000
-99.000000
-99.000000
-99.000000
-99.000000
-99.000000
-99.000000
-99.000000
-99.000000
-99.000000
-99.000000
-99.000000
-99.000000
-99.000000
-99.000000
-99.000000
-99.000000
-99.000000
-99.000000
-99.000000
-99.000000
-99.000000
-99.000000
-99.000000
-99.000000
-99.000000
-99.000000
-99.000000
-99.000000
-99.000000
-99.000000
-99.000000
-99.000000
-99.000000
-99.000000
-99.000000
-99.000000
-99.000000
-99.000000
-99.000000
-99.000000
-99.000000
-99.000000
-99.000000
-99.000000
-99.000000
-99.000000
-99.000000
-99.000000
-99.000000
-99.000000
-99.000000
-99.000000
-99.000000
-99.000000
-99.000000
-99.000000
-99.000000
-99.000000
-99.000000
-99.000000
-99.000000
-99.000000
-99.000000
-99.000000
-99.000000
-99.000000
-99.000000
-99.000000
-99.000000
-99.000000
-99.000000
-99.000000
-99.000000
-99.000000
-99.000000
-99.000000
-99.000000
-99.000000
-99.000000
-99.000000
-99.000000
-99.000000
-99.000000
-99.000000
-99.000000
-99.000000
-99.000000
-99.000000
-99.000000
-99.000000
-99.000000
-99.000000
-99.000000
-99.000000
-99.000000
-99.000000
-99.000000
-99.000000
-99.000000
-99.000000
-99.000000
-99.000000
-99.000000
-99.000000
-99.000000
-99.000000
-99.000000
-99.000000
-99.000000
-99.000000
-99.000000
-99.000000
-99.000000
-99.000000
-99.000000
-99.000000
-99.000000
-99.000000
-99.000000
-99.000000
-99.000000
-99.000000
-99.000000
-99.000000
-99.000000
-99.000000
-99.000000
-99.000000
-99.000000
-99.000000
-99.000000
-99.000000
-99.000000
-99.000000
-99.000000
-99.000000
-99.000000
-99.000000
-99.000000
-99.000000
-99.000000
-99.000000
-99.000000
-99.000000
-99.000000
-99.000000
-99.000000
-99.000000
-99.000000
-99.000000
-99.000000
-99.000000
-99.000000
-99.000000
-99.000000
-99.000000
-99.000000
-99.000000
-99.000000
-99.000000
-99.000000
-99.000000
-99.000000
-99.000000
-99.000000
-99.000000
-99.000000
-99.000000
-99.000000
-99.000000
-99.000000
-99.000000
-99.000000
-99.000000
-99.000000
-99.000000
-99.000000
-99.000000
-99.000000
-99.000000
-99.000000
-99.000000
-99.000000
-99.000000
-99.000000
-99.000000
-99.000000
-99.000000
-99.000000
-99.000000
-99.000000
-99.000000
-99.000000
-99.000000
-99.000000
-99.000000
-99.000000
-99.000000
-99.000000
-99.000000
-99.000000
-99.000000
-99.000000
-99.000000
-99.000000
-99.000000
-99.000000
-99.000000
-99.000000
-99.000000
-99.000000
-99.000000
-99.000000
-99.000000
-99.000000
-99.000000
-99.000000
-99.000000
-99.000000
-99.000000
-99.000000
-99.000000
-99.000000
-99.000000
-99.000000
-99.000000
-99.000000
-99.000000
-99.000000
-99.000000
-99.000000
-99.000000
-99.000000
-99.000000
-99.000000
-99.000000
-99.000000
-99.000000
-99.000000
-99.000000
-99.000000
-99.000000
-99.000000
-99.000000
-99.000000
-99.000000
-99.000000
-99.000000
-99.000000
-99.000000
-99.000000
-99.000000
-99.000000
-99.000000
-99.000000
-99.000000
-99.000000
-99.000000
-99.000000
-99.000000
-99.000000
-99.000000
-99.000000
-99.000000
-99.000000
-99.000000
-99.000000
-99.000000
-99.000000
-99.000000
-99.000000
-99.000000
-99.000000
-99.000000
-99.000000
-99.000000
-99.000000
-99.000000
-99.000000
-99.000000
-99.000000
-99.000000
-99.000000
-99.000000
-99.000000
-99.000000
-99.000000
-99.000000
-99.000000
-99.000000
-99.000000
-99.000000
-99.000000
-99.000000
-99.000000
-99.000000
-99.000000
-99.000000
-99.000000
-99.000000
-99.000000
-99.000000
-99.000000
-99.000000
-99.000000
-99.000000
-99.000000
-99.000000
-99.000000
-99.000000
-99.000000
-99.000000
-99.000000
-99.000000
-99.000000
-99.000000
-99.000000
-99.000000
-99.000000
-99.000000
-99.000000
-99.000000
-99.000000
-99.000000
-99.000000
-99.000000
-99.000000
-99.000000
-99.000000
-99.000000
-99.000000
-99.000000
-99.000000
-99.000000
-99.000000
-99.000000
-99.000000
-99.000000
-99.000000
-99.000000
-99.000000
-99.000000
-99.000000
-99.000000
-99.000000
-99.000000
-99.000000
-99.000000
-99.000000
-99.000000
-99.000000
-99.000000
-99.000000
-99.000000
-99.000000
-99.000000
-99.000000
-99.000000
-99.000000
-99.000000
-99.000000
-99.000000
-99.000000
-99.000000
-99.000000
-99.000000
-99.000000
-99.000000
-99.000000
-99.000000
-99.000000
-99.000000
-99.000000
-99.000000
-99.000000
-99.000000
-99.000000
-99.000000
-99.000000
-99.000000
-99.000000
-99.000000
-99.000000
-99.000000
-99.000000
-99.000000
-99.000000
-99.000000
-99.000000
-99.000000
-99.000000
-99.000000
-99.000000
-99.000000
-99.000000
-99.000000
-99.000000
-99.000000
-99.000000
-99.000000
-99.000000
-99.000000
-99.000000
-99.000000
-99.000000
-99.000000
-99.000000
-99.000000
-99.000000
-99.000000
-99.000000
-99.000000
-99.000000
-99.000000
-99.000000
-99.000000
-99.000000
-99.000000
-99.000000
-99.000000
-99.000000
-99.000000
-99.000000
-99.000000
-99.000000
-99.000000
-99.000000
-99.000000
-99.000000
-99.000000
-99.000000
-99.000000
-99.000000
-99.000000
-99.000000
-99.000000
-99.000000
-99.000000
-99.000000
-99.000000
-99.000000
-99.000000
-99.000000
-99.000000
-99.000000
-99.000000
-99.000000
-99.000000
-99.000000
-99.000000
-99.000000
-99.000000
-99.000000
-99.000000
-99.000000
-99.000000
-99.000000
-99.000000
-99.000000
-99.000000
-99.000000
-99.000000
-99.000000
-99.000000
-99.000000
-99.000000
-99.000000
-99.000000
-99.000000
-99.000000
-99.000000
-99.000000
-99.000000
-99.000000
-99.000000
-99.000000
-99.000000
-99.000000
-99.000000
-99.000000
-99.000000
-99.000000
-99.000000
-99.000000
-99.000000
-99.000000
-99.000000
-99.000000
-99.000000
-99.000000
-99.000000
-99.000000
