20000101
7.490880
7.168320
7.253280
7.662240
6.948000
7.909920
7.555680
4.720320
3.287520
3.767040
7.195680
5.862240
4.131360
5.649120
2.737440
6.935040
7.953120
8.912160
8.393760
6.815520
8.884800
9.123840
9.240480
9.357120
1.026720
3.503520
5.135040
8.691840
8.992800
9.145440
8.733600
8.886240
8.519040
11.030400
10.280160
10.542240
5.482080
8.899200
5.865120
9.871200
11.268000
9.956160
5.911200
6.294240
10.545120
11.482560
9.669600
10.899360
12.206880
12.376800
8.340480
5.051520
5.738400
9.545760
12.441600
13.049280
13.134240
13.381920
10.224000
5.035680
13.641120
14.548320
14.355360
13.518720
10.692000
7.668000
4.390560
14.253120
14.569920
14.722560
14.232960
14.087520
10.726560
13.691520
15.376320
13.213440
15.325920
15.228000
8.493120
7.129440
9.060480
5.999040
2.237760
14.302080
11.659680
10.491840
9.750240
10.579680
18.198720
13.033440
8.863200
18.090720
3.473280
20.138400
17.337600
11.213280
19.424160
19.258560
3.987360
6.517440
2.864160
9.779040
16.364160
17.971200
19.005120
20.440800
7.752960
21.408480
19.385280
19.964160
17.641440
20.934720
19.094400
17.874720
21.093120
21.844800
20.764800
11.720160
9.946080
19.373760
18.295200
20.460960
22.006080
19.964160
13.268160
13.492800
18.829440
14.387040
15.580800
17.298720
2.727360
23.667840
21.922560
23.086080
23.220000
22.953600
22.132800
15.334560
14.148000
3.543840
3.844800
4.008960
14.502240
20.273760
9.472320
-99.000000
-99.000000
-99.000000
-99.000000
15.105600
23.277600
21.519360
23.254560
22.600800
23.885280
20.041920
19.838880
22.481280
24.357600
24.596640
18.908640
8.448480
8.616960
9.318240
9.092160
14.070240
23.741280
24.406560
23.482080
24.638400
24.537600
23.774400
22.220640
23.630400
4.612320
15.413760
22.403520
12.019680
23.303520
23.400000
21.636000
21.235680
23.353920
20.990880
23.146560
22.419360
23.797440
21.736800
22.514400
22.553280
17.807040
12.369600
22.259520
23.152320
18.146880
19.552320
21.719520
13.816800
14.310720
14.865120
22.017600
22.393440
22.864320
21.998880
12.062880
20.214720
20.980800
21.222720
22.911840
18.264960
20.808000
17.052480
21.715200
19.549440
19.457280
17.259840
18.591840
19.785600
18.498240
21.749760
21.669120
21.486240
21.513600
17.933760
18.547200
18.106560
20.341440
20.823840
20.522880
20.020320
18.197280
19.398240
18.247680
12.608640
20.625120
16.009920
17.824320
17.917920
15.608160
19.081440
16.670880
17.703360
10.143360
14.178240
17.468640
11.237760
9.979200
14.330880
16.960320
17.193600
13.210560
10.719360
17.190720
17.091360
16.725600
13.525920
14.520960
14.954400
15.308640
12.924000
6.818400
5.613120
8.991360
15.063840
15.750720
15.271200
14.914080
14.109120
7.823520
12.673440
3.165120
-99.000000
-99.000000
-99.000000
-99.000000
-99.000000
-99.000000
10.251360
9.969120
9.054720
13.132800
12.107520
11.901600
5.503680
4.190400
2.766240
1.196640
11.596320
7.560000
6.480000
9.784800
10.645920
10.120320
6.827040
1.385280
1.346400
1.824480
4.861440
4.714560
5.336640
9.192960
9.620640
7.593120
6.115680
6.076800
9.787680
3.628800
9.594720
8.238240
6.138720
8.337600
7.545600
9.450720
9.122400
8.742240
4.731840
5.054400
2.165760
8.326080
2.563200
6.000480
6.675840
5.254560
6.852960
3.352320
7.763040
6.922080
2.737440
7.050240
6.946560
7.251840
7.200000
7.113600
3.212640
5.142240
3.600000
4.273920
6.973920
5.179680
3.597120
3.738240
1.815840
4.885920
6.648480
5.235840
5.582880
4.559040
5.724000
4.849920
4.656960
6.492960
6.720480
6.325920
5.839200
4.667040
1.188000
1.533600
2.234880
0.799200
6.812640
6.863040
4.176000
3.540960
7.289280
1.877760
7.948800
6.075360
6.366240
6.622560
7.518240
3.546720
2.432160
7.207200
8.344800
4.151520
7.100640
4.898880
5.194080
4.268160
0.735840
1.401120
3.327840
5.836320
1.872000
8.602560
8.644320
8.549280
6.040800
6.622560
5.868000
8.599680
8.470080
8.040960
6.557760
8.354880
10.548000
9.673920
10.225440
10.323360
10.393920
10.304640
10.483200
9.105120
6.518880
10.277280
11.450880
10.964160
10.938240
11.050560
7.518240
4.798080
5.071680
11.082240
10.573920
7.454880
12.381120
12.510720
11.795040
12.949920
9.434880
3.340800
10.725120
14.142240
8.416800
11.332800
10.728000
4.468320
11.352960
4.279680
9.056160
8.873280
9.577440
14.209920
10.811520
8.304480
14.292000
14.888160
16.354080
16.424640
16.100640
6.153120
15.772320
15.500160
13.239360
12.096000
12.193920
13.836960
15.802560
12.024000
15.121440
12.764160
14.598720
12.451680
11.417760
18.920160
16.676640
19.141920
19.340640
17.471520
18.694080
6.505920
18.995040
20.252160
20.586240
12.264480
18.103680
16.050240
20.049120
14.132160
20.132640
19.203840
13.213440
16.837920
6.186240
16.293600
13.308480
18.060480
17.761680
20.002320
19.635840
21.615840
20.669760
15.305760
19.690560
9.885600
4.599360
14.556960
12.369600
7.823520
13.176000
-99.000000
-99.000000
12.453120
18.595440
14.857200
5.940720
10.532880
20.427840
20.878560
14.081760
21.198240
21.448800
14.052960
4.681440
22.164480
15.598080
19.972800
17.749440
16.289280
16.354080
19.680480
20.026080
21.988800
22.011840
22.488480
22.728960
21.502800
20.087280
21.049920
16.990560
21.762720
18.380160
15.845760
22.595040
22.740480
16.996320
9.061920
21.333600
20.206080
21.336480
22.466880
19.333440
23.931360
19.442880
22.577760
23.224320
23.428800
22.946400
22.898880
22.337280
22.050720
21.268800
22.337280
18.082080
22.536000
23.150880
22.894560
22.847040
22.341600
19.942560
15.000480
17.458560
19.262880
23.349600
21.312000
15.459840
20.072160
21.300480
15.344640
21.121920
17.285760
10.788480
8.722080
22.658400
16.466400
6.166080
-99.000000
-99.000000
-99.000000
12.749760
17.370720
20.518560
20.232000
19.715040
20.499840
20.534400
19.252800
19.052640
18.237600
17.068320
14.778720
15.068160
15.750720
18.316800
18.649440
11.325600
18.588960
17.350560
17.075520
14.545440
18.809280
17.556480
12.083040
14.309280
18.077760
14.990400
11.675520
16.542720
18.385920
17.991360
17.804160
17.670240
17.892000
17.550720
17.654400
14.673600
15.791040
15.612480
11.891520
13.557600
14.686560
11.803680
11.826720
14.163840
15.471360
15.456960
16.729920
14.603040
8.454240
4.648320
11.350080
15.824160
11.255040
15.960960
11.448000
12.100320
15.634080
8.825760
5.784480
13.844160
3.327840
14.137920
9.846720
13.020480
10.062720
7.928640
4.632480
5.849280
10.743840
12.769920
12.038400
12.448800
7.037280
6.701760
11.232000
12.019680
11.318400
7.051680
4.089600
7.475040
10.401120
4.730400
10.126080
7.462080
8.582400
6.533280
11.177280
3.803040
6.801120
8.288640
11.098080
10.457280
10.766880
10.332000
5.567040
6.202080
7.708320
8.965440
9.344160
3.872160
8.442720
2.687040
9.054720
9.025920
2.047680
8.713440
8.746560
8.105760
7.488000
6.559200
1.140480
5.078880
7.679520
4.527360
0.396000
0.760320
-99.000000
-99.000000
-99.000000
5.224320
6.855840
7.636320
7.621920
7.107840
7.050240
5.957280
2.256480
7.185600
6.192000
1.709280
6.690240
2.828160
6.454080
5.676480
6.821280
6.973920
6.243840
4.017600
6.583680
4.610880
6.665760
6.675840
6.292800
0.172800
1.225440
6.138720
3.569760
1.363680
6.474240
6.541920
4.089600
-99.000000
-99.000000
-99.000000
-99.000000
-99.000000
4.671360
6.402240
6.611040
1.218240
0.622080
1.452960
0.460800
1.679040
0.480960
1.287360
6.239520
6.723360
3.117600
3.481920
3.094560
6.361920
7.747200
3.173760
7.261920
5.981760
7.272000
7.888320
4.240800
5.780160
0.089280
3.816000
6.819840
6.255360
8.719200
8.366400
8.595360
8.026560
8.945280
8.333280
6.498720
6.876000
9.249120
9.862560
4.530240
7.531200
7.464960
10.036800
10.620000
9.979200
9.912960
10.048320
9.884160
9.887040
9.740160
7.456320
7.699680
1.188000
5.637600
7.500960
11.432160
8.812800
12.404160
12.350880
11.603520
12.569760
12.189600
10.566720
12.755520
7.894080
5.129280
3.237120
8.271360
7.836480
0.832320
4.809600
7.894080
13.069440
11.904480
13.466880
12.456000
6.327360
11.147040
15.137280
15.455520
9.417600
3.492000
9.708480
15.166080
15.485760
15.874560
15.328800
13.311360
13.187520
6.449760
11.844000
11.439360
8.007840
1.651680
11.856960
16.945920
17.766720
4.471200
1.804320
13.248000
18.554400
12.890880
6.333120
4.515840
16.643520
4.207680
7.109280
2.903040
15.976800
6.274080
10.745280
13.893120
15.006240
14.287680
12.837600
17.619840
19.458720
20.214720
19.494720
18.861120
20.090880
17.775360
14.536800
8.903520
19.074240
19.490400
3.941280
5.378400
7.319520
19.294560
14.885280
7.578720
1.686240
0.812160
7.849440
4.127040
2.211840
21.116160
21.828960
21.936960
19.798560
21.542400
12.277440
21.445920
22.796640
21.106080
21.608640
6.930720
17.537760
22.528800
21.542400
17.562240
20.894400
22.047840
21.467520
21.477600
22.574880
21.215520
21.980160
18.882720
8.354880
14.430240
21.011040
20.620800
5.254560
23.518080
18.279360
22.497120
22.348800
22.249440
22.338720
22.174560
22.442400
22.510080
22.001760
21.674880
14.451840
21.674880
22.284000
22.354560
21.604320
21.313440
19.015200
19.764000
16.231680
4.924800
6.253920
7.482240
21.189600
19.850400
15.037920
15.259680
4.023360
21.535200
19.402560
21.307680
21.746880
21.116160
4.563360
-99.000000
-99.000000
2.105280
15.091200
20.187360
21.420000
9.773280
-99.000000
-99.000000
13.721760
20.733120
21.204000
15.289920
17.533440
19.283040
19.958400
12.598560
17.601120
13.819680
5.621760
9.108000
18.276480
16.748640
12.204000
19.042560
5.434560
12.254400
16.958880
11.725920
21.565440
20.795040
13.586400
19.211040
15.647040
16.584480
19.454400
17.016480
17.092800
18.548640
16.629120
9.650880
14.152320
1.995840
16.721280
12.077280
6.812640
15.822720
17.768160
17.186400
9.842400
-99.000000
-99.000000
10.163520
14.035680
15.433920
15.780960
13.011840
11.643840
0.031680
-99.000000
-99.000000
-99.000000
-99.000000
-99.000000
-99.000000
-99.000000
3.160800
12.548160
15.756480
11.240640
6.786720
14.608800
10.484640
16.041600
15.844320
15.511680
13.546080
7.149600
5.774400
7.860960
4.662720
2.170080
6.540480
13.212000
9.600480
13.708800
10.807200
9.537120
0.015840
0.116640
11.766240
8.131680
12.428640
11.230560
12.255840
10.624320
10.627200
11.714400
9.289440
11.024640
7.001280
11.426400
7.253280
8.134560
9.800640
10.651680
10.601280
5.977440
10.372320
6.063840
4.639680
8.784000
8.303040
6.281280
7.534080
9.288000
8.085600
9.187200
8.138880
8.089920
8.454240
7.997760
5.736960
9.224640
4.194720
2.324160
7.665120
4.920480
0.552960
7.009920
2.455200
5.654880
8.002080
5.306400
1.866240
2.966400
4.432320
7.260480
5.454720
6.004800
7.385760
2.468160
6.276960
5.096160
6.788160
3.561120
4.949280
4.157280
3.713760
5.752800
1.127520
5.086080
5.912640
6.010560
2.672640
5.984640
5.811840
3.384000
2.832480
1.228320
1.759680
4.788000
5.137920
4.920480
5.448960
6.210720
4.314240
1.303200
6.344640
5.688000
1.903680
6.517440
3.638880
4.603680
5.448960
2.413440
4.871520
3.108960
4.716000
2.206080
5.652000
5.088960
7.310880
7.348320
7.207200
7.112160
7.306560
7.066080
4.723200
5.256000
2.753280
6.429600
7.852320
7.035840
7.992000
8.161920
8.413920
3.672000
8.177760
4.285440
9.620640
8.946720
8.580960
9.983520
9.678240
7.797600
8.180640
9.609120
6.671520
6.374880
9.940320
9.858240
8.425440
8.349120
1.638720
1.006560
2.005920
3.723840
11.272320
7.031520
10.954080
1.540800
1.681920
7.331040
3.301920
4.793760
5.186880
0.565920
1.517760
4.335840
12.119040
11.365920
8.277120
6.412320
13.723200
4.694400
7.493760
13.001760
12.045600
13.907520
14.073120
15.197760
14.932800
14.516640
13.227840
8.546400
14.633280
16.270560
16.752960
16.614720
16.246080
16.359840
16.061760
15.968160
12.409920
17.061120
14.988960
10.883520
4.180320
8.874720
3.893760
10.977120
12.650400
6.901920
19.687680
19.360800
19.254240
19.379520
9.977760
4.449600
10.385280
17.434080
14.974560
12.585600
19.787040
0.891360
12.670560
9.596160
18.059040
14.394240
9.617760
13.697280
21.070080
18.577440
20.528640
17.595360
20.554560
16.807680
21.784320
15.477120
18.643680
12.689280
18.570240
19.939680
21.515040
19.077120
10.991520
5.836320
10.612800
15.255360
20.111040
20.990880
20.255040
21.034080
20.139840
17.386560
12.085920
8.187840
14.631840
22.538880
21.709440
21.536640
13.063680
21.085920
16.115040
17.370720
8.516160
9.724320
22.417920
22.428000
22.616640
22.893120
19.373760
23.217120
20.800800
18.349920
20.808000
11.684160
21.778560
22.317120
18.730080
21.883680
21.713760
22.520160
22.930560
23.520960
21.833280
21.113280
19.110240
20.196000
16.231680
22.932000
23.306400
23.342400
22.834080
21.771360
11.538720
20.136960
20.109600
18.970560
13.338720
16.361280
22.563360
23.474880
17.707680
14.510880
18.826560
14.575680
15.776640
22.488480
21.949920
10.389600
22.730400
22.171680
22.206240
22.413600
21.589920
19.761120
23.663520
19.041120
21.879360
22.377600
11.923200
20.810880
11.171520
14.431680
20.786400
20.099520
19.949760
17.491680
19.380960
18.835200
19.418400
16.699680
18.267840
21.499200
21.317760
21.265920
21.264480
21.384000
19.612800
19.549440
17.756640
20.184480
18.704160
20.016000
20.266560
19.391040
17.154720
15.071040
10.025280
17.153280
20.080800
19.357920
9.816480
14.306400
18.082080
16.827840
17.591040
18.135360
14.232960
12.267360
16.416000
18.640800
12.614400
10.419840
0.001440
-99.000000
0.296640
12.834720
14.990400
3.523680
-99.000000
0.043200
18.455040
15.102720
16.682400
11.862720
16.970400
16.928640
16.895520
16.993440
16.041600
14.230080
11.871360
10.506240
11.903040
15.338880
-99.000000
6.189120
10.366560
1.579680
8.714880
7.685280
2.547360
11.916000
12.018240
13.479840
9.910080
10.764000
9.692640
14.221440
10.280160
13.533120
11.590560
6.501600
4.448160
5.181120
8.635680
1.948320
6.458400
1.192320
4.606560
1.548000
11.849760
8.098560
4.147200
12.283200
9.362880
8.402400
0.986400
2.736000
3.991680
8.209440
7.747200
1.493280
8.825760
9.663840
10.270080
9.815040
9.504000
7.724160
9.089280
2.573280
3.119040
2.708640
4.279680
4.173120
7.135200
5.499360
3.460320
2.363040
3.492000
7.633440
5.666400
3.150720
6.521760
1.920960
1.524960
7.528320
5.731200
6.593760
7.866720
7.400160
6.333120
4.989600
1.238400
2.499840
3.018240
4.154400
3.061440
4.975200
4.727520
6.143040
5.967360
4.764960
6.168960
6.635520
6.279840
4.767840
6.711840
6.582240
2.492640
3.833280
4.559040
6.001920
3.313440
6.693120
4.969440
5.237280
6.684480
6.469920
5.315040
1.468800
4.860000
6.648480
5.240160
3.656160
7.030080
7.388640
6.505920
6.877440
6.913440
6.616800
0.181440
1.621440
7.152480
5.726880
4.302720
3.934080
5.754240
7.702560
1.725120
6.534720
6.395040
7.777440
4.433760
7.839360
7.968960
7.668000
1.186560
4.822560
5.027040
2.592000
9.131040
9.015840
1.836000
6.410880
7.217280
8.886240
8.965440
9.221760
9.695520
10.285920
5.564160
8.655840
8.536320
10.123200
10.078560
10.474560
10.395360
8.275680
10.274400
3.100320
10.211040
8.442720
10.019520
1.360800
1.722240
11.620800
8.478720
1.922400
0.617760
1.831680
9.390240
13.236480
6.095520
10.671840
13.279680
12.870720
11.436480
4.049280
8.062560
12.991680
9.692640
13.446720
3.441600
11.990880
5.937120
1.536480
8.088480
11.206080
12.497760
14.473440
10.111680
7.816320
14.240160
14.978880
12.896640
15.115680
12.479040
11.792160
15.861600
1.866240
13.998240
0.632160
5.726880
6.750720
16.966080
12.460320
17.641440
17.147520
17.033760
14.240160
9.073440
1.486080
14.171040
12.156480
16.832160
10.095840
19.647360
9.835200
16.518240
0.718560
12.909600
13.560480
7.993440
19.350720
20.334240
2.216160
15.841440
20.450880
20.697120
18.822240
21.090240
12.384000
4.861440
13.278240
12.212640
9.008640
0.344160
12.598560
13.844160
22.380480
18.020160
21.108960
21.142080
7.349760
2.538720
10.123200
19.297440
16.269120
21.463200
21.749760
20.976480
21.872160
22.004640
17.167680
21.762720
14.037120
14.061600
19.637280
18.861120
16.318080
21.816000
18.357120
21.942720
13.638240
10.833120
14.856480
14.303520
22.368960
21.507840
21.385440
22.160160
20.370240
20.720160
21.569760
21.666240
19.841760
18.853920
18.996480
22.055040
11.976480
16.943040
22.462560
22.494240
9.211680
18.802080
16.575840
17.644320
17.242560
18.855360
17.688960
21.160800
22.294080
19.831680
21.229920
21.775680
20.557440
19.278720
9.511200
21.947040
15.910560
14.492160
20.946240
22.448160
22.538880
17.396640
5.402880
16.613280
17.278560
18.982080
21.706560
21.381120
18.334080
19.523520
19.661760
11.668320
14.127840
20.371680
17.000640
18.449280
19.108800
17.120160
17.896320
18.771840
11.289600
17.568000
20.052000
19.517760
13.661280
18.483840
10.356480
17.010720
15.166080
18.652320
19.340640
12.932640
16.323840
18.280800
19.333440
15.454080
16.225920
16.892640
17.095680
12.571200
14.659200
19.491840
14.391360
18.244800
12.513600
9.540000
12.931200
15.838560
19.342080
12.428640
9.620640
7.030080
8.009280
7.156800
11.910240
4.060800
9.257760
14.284800
7.992000
10.740960
8.644320
11.082240
14.814720
13.615200
13.350240
12.638880
9.064800
10.435680
10.016640
15.662880
13.867200
14.486400
14.045760
7.993440
10.517760
10.028160
15.189120
14.614560
15.887520
14.891040
13.950720
13.996800
10.959840
11.554560
12.447360
10.297440
12.676320
12.872160
8.676000
11.004480
9.712800
11.324160
11.802240
12.980160
12.574080
5.957280
10.848960
11.134080
6.923520
9.993600
10.920960
3.679200
8.575200
10.277280
9.302400
10.308960
10.933920
10.179360
5.847840
4.872960
2.944800
7.564320
9.623520
7.270560
7.267680
2.903040
9.861120
6.877440
5.464800
4.193280
7.993440
7.017120
8.856000
7.040160
7.640640
5.758560
6.268320
8.400960
8.593920
7.911360
8.102880
7.715520
7.879680
7.414560
5.297760
4.726080
2.852640
6.612480
6.412320
3.651840
3.911040
6.713280
4.380480
3.667680
7.021440
2.635200
6.899040
5.209920
3.166560
3.867840
3.368160
0.504000
2.795040
0.063360
4.190400
6.569280
2.327040
5.758560
3.486240
3.654720
5.408640
5.878080
6.259680
5.267520
6.010560
4.308480
6.167520
5.826240
6.272640
1.412640
3.781440
5.378400
1.002240
6.560640
6.353280
6.626880
6.564960
6.573600
6.619680
6.811200
6.272640
6.857280
6.809760
6.570720
6.949440
2.558880
7.251840
7.104960
6.994080
7.356960
5.230080
2.508480
6.147360
6.661440
7.660800
6.029280
7.817760
7.678080
7.702560
6.773760
8.199360
8.269920
8.131680
5.431680
7.165440
8.840160
8.357760
8.622720
7.572960
8.923680
5.480640
4.024800
2.924640
1.189440
7.122240
4.262400
9.092160
9.138240
8.467200
10.270080
10.460160
11.095200
10.657440
10.028160
10.795680
10.539360
8.464320
11.357280
4.796640
8.926560
3.575520
4.661280
9.511200
12.634560
4.122720
9.796320
6.962400
11.450880
8.422560
12.664800
11.751840
13.870080
13.521600
13.289760
11.233440
1.193760
12.117600
11.463840
8.608320
2.576160
8.727840
13.124160
14.646240
15.147360
13.681440
2.249280
7.568640
6.829920
11.301120
3.435840
12.300480
15.455520
12.274560
10.647360
12.486240
16.392960
16.208640
2.661120
11.393280
12.176640
8.449920
16.126560
13.481280
5.791680
14.594400
18.532800
16.594560
16.960320
15.107040
16.525440
7.070400
15.657120
18.470880
15.013440
16.585920
13.466880
6.986880
8.933760
15.462720
11.365920
18.753120
19.559520
19.406880
19.634400
17.917920
19.051200
18.375840
6.992640
16.428960
6.739200
11.872800
20.867040
20.233440
20.390400
14.891040
14.302080
15.857280
18.037440
13.183200
17.820000
20.003040
18.705600
4.343040
19.185120
20.894400
20.697120
18.375840
18.059040
20.237760
19.022400
21.260160
21.713760
21.394080
20.685600
19.902240
10.152000
10.454400
11.512800
20.247840
19.696320
18.813600
20.023200
15.590880
18.154080
19.483200
21.062880
19.144800
16.099200
12.227040
6.806880
12.129120
16.326720
19.919520
19.920960
21.104640
20.790720
19.869120
19.068480
20.172960
19.244160
17.953920
21.152160
20.674080
16.214400
10.356480
20.687040
20.711520
17.709120
15.776640
20.666880
13.636800
21.539520
21.022560
4.357440
13.452480
6.099840
14.470560
21.113280
20.112480
20.802240
20.545920
19.386720
19.831680
15.700320
17.688960
20.571840
18.930240
20.001600
17.310240
19.090080
18.001440
8.671680
18.563040
19.303200
19.644480
15.801120
13.245120
16.128000
7.336800
13.618080
20.638080
20.295360
19.733760
19.768320
13.747680
11.983680
12.140640
9.545760
7.437600
19.334880
15.376320
18.154080
14.410080
8.303040
10.774080
7.977600
6.107040
13.999680
16.735680
18.531360
18.391680
15.419520
17.494560
13.262400
3.273120
10.264320
15.768000
17.249760
17.435520
13.731840
16.470720
16.947360
16.367040
6.556320
9.781920
2.221920
6.972480
13.024800
10.814400
13.903200
12.179520
12.984480
14.990400
15.572160
14.510880
1.837440
15.740640
15.563520
14.772960
13.947840
13.384800
8.781120
8.881920
8.019360
8.189280
9.843840
9.984960
7.970400
12.458880
0.000000
-99.000000
-99.000000
-99.000000
2.563200
5.100480
0.000000
-99.000000
-99.000000
2.819520
2.728800
4.273920
2.659680
2.324160
3.218400
10.026720
9.275040
2.990880
9.786240
8.838720
10.654560
10.680480
5.209920
9.038880
8.377920
4.855680
5.181120
5.276160
5.731200
7.300800
4.573440
7.207200
7.809120
8.023680
3.818880
7.273440
9.368640
9.057600
6.958080
2.570400
2.537280
2.138400
2.963520
1.314720
3.480480
3.854880
7.691040
7.640640
4.620960
4.186080
2.488320
5.349600
4.456800
1.501920
7.585920
3.960000
7.424640
4.377600
6.799680
6.127200
7.382880
5.258880
1.578240
7.233120
5.418720
6.904800
6.170400
7.077600
1.859040
6.770880
6.792480
6.572160
2.337120
2.790720
6.405120
6.452640
6.583680
6.425280
1.969920
4.154400
6.300000
6.570720
6.105600
6.556320
2.783520
5.561280
4.559040
0.856800
6.472800
4.867200
2.332800
2.996640
6.937920
6.883200
7.043040
6.410880
0.588960
3.091680
0.596160
1.428480
3.873600
3.019680
6.400800
7.015680
6.570720
4.278240
2.292480
1.598400
6.605280
4.321440
7.634880
6.888960
4.835520
3.795840
8.284320
3.549600
5.159520
6.765120
0.813600
1.175040
5.857920
0.741600
6.102720
6.327360
8.719200
5.944320
4.027680
8.966880
9.288000
9.115200
9.322560
5.328000
4.911840
2.862720
4.223520
8.703360
9.269280
7.840800
6.599520
10.920960
10.228320
6.199200
9.925920
5.052960
7.591680
7.099200
4.237920
11.973600
1.792800
12.016800
12.520800
8.665920
12.402720
10.558080
7.073280
3.556800
13.756320
9.011520
9.175680
9.804960
13.826880
14.454720
13.900320
2.050560
8.845920
10.310400
7.447680
4.625280
2.999520
3.385440
7.764480
12.949920
10.664640
12.280320
14.784480
14.760000
13.433760
11.442240
16.824960
11.898720
13.037760
15.710400
12.683520
15.943680
13.897440
15.331680
13.646880
5.067360
7.103520
15.151680
14.772960
10.087200
18.449280
17.380800
17.330400
14.289120
11.556000
14.974560
5.119200
16.251840
15.536160
5.856480
7.797600
15.203520
8.673120
12.762720
17.903520
16.207200
8.120160
18.204480
19.088640
14.711040
18.236160
16.652160
10.660320
9.758880
17.919360
16.332480
15.490080
14.394240
16.744320
12.915360
10.275840
16.439040
15.514560
18.030240
18.324000
15.801120
17.127360
12.571200
17.580960
15.769440
19.143360
16.388640
10.431360
18.313920
16.719840
19.713600
19.519200
19.873440
19.205280
16.261920
12.326400
20.854080
19.552320
19.729440
20.331360
19.766880
20.586240
19.716480
19.164960
16.263360
12.241440
20.306880
20.384640
18.682560
20.345760
16.372800
12.437280
18.646560
17.854560
15.537600
6.595200
17.619840
16.152480
18.835200
18.554400
17.159040
19.248480
14.336640
13.746240
18.957600
18.293760
17.634240
19.589760
18.695520
19.154880
14.837760
15.426720
19.170720
18.241920
15.750720
18.682560
15.799680
14.313600
11.259360
15.608160
16.482240
16.830720
17.907840
18.152640
16.495200
17.533440
18.885600
17.072640
18.313920
17.585280
18.361440
18.506880
6.360480
17.367840
19.680480
19.056960
18.685440
16.549920
19.082880
13.209120
18.221760
16.577280
15.452640
19.175040
11.200320
18.411840
16.364160
14.051520
12.100320
15.495840
8.056800
3.263040
13.409280
13.520160
13.492800
17.314560
15.469920
17.598240
14.829120
17.295840
10.612800
14.018400
12.376800
14.037120
12.024000
11.858400
10.666080
15.523200
13.688640
3.827520
15.746400
15.089760
14.731200
11.856960
10.725120
13.910400
14.421600
14.539680
13.098240
8.043840
7.434720
3.238560
14.394240
9.581760
14.047200
2.756160
4.792320
14.520960
7.682400
3.420000
1.608480
11.027520
13.632480
14.271840
12.258720
6.338880
10.781280
11.291040
13.203360
11.534400
12.869280
9.480960
12.464640
11.396160
11.763360
1.812960
3.470400
9.220320
7.058880
2.712960
7.832160
11.162880
10.399680
6.976800
4.199040
1.677600
7.848000
7.452000
10.009440
8.066880
6.850080
9.650880
6.662880
8.350560
7.927200
9.128160
6.825600
9.000000
6.891840
5.860800
2.904480
3.149280
5.196960
3.934080
9.054720
3.546720
4.919040
7.295040
6.399360
2.921760
4.331520
7.912800
8.101440
5.473440
3.900960
1.867680
7.260480
7.778880
6.232320
3.928320
5.587200
7.058880
5.984640
2.253600
4.577760
6.671520
2.892960
3.234240
6.541920
6.045120
2.753280
6.275520
6.351840
5.775840
0.322560
5.456160
2.950560
6.694560
4.356000
6.475680
5.463360
2.937600
6.258240
2.462400
5.150880
4.993920
1.369440
5.038560
3.621600
6.202080
4.458240
3.172320
3.420000
6.497280
6.285600
6.084000
6.240960
6.262560
6.127200
6.071040
-99.000000
-99.000000
-99.000000
-99.000000
-99.000000
-99.000000
-99.000000
-99.000000
-99.000000
-99.000000
-99.000000
-99.000000
-99.000000
-99.000000
-99.000000
-99.000000
-99.000000
-99.000000
-99.000000
-99.000000
-99.000000
-99.000000
-99.000000
-99.000000
-99.000000
-99.000000
-99.000000
-99.000000
-99.000000
-99.000000
-99.000000
-99.000000
-99.000000
-99.000000
-99.000000
-99.000000
-99.000000
-99.000000
-99.000000
-99.000000
-99.000000
-99.000000
-99.000000
-99.000000
-99.000000
-99.000000
-99.000000
-99.000000
-99.000000
-99.000000
-99.000000
-99.000000
-99.000000
-99.000000
-99.000000
-99.000000
-99.000000
-99.000000
-99.000000
-99.000000
-99.000000
-99.000000
-99.000000
-99.000000
-99.000000
-99.000000
-99.000000
-99.000000
-99.000000
-99.000000
-99.000000
-99.000000
-99.000000
-99.000000
-99.000000
-99.000000
-99.000000
-99.000000
-99.000000
-99.000000
-99.000000
-99.000000
-99.000000
-99.000000
-99.000000
-99.000000
-99.000000
-99.000000
-99.000000
-99.000000
-99.000000
-99.000000
-99.000000
-99.000000
-99.000000
-99.000000
-99.000000
-99.000000
-99.000000
-99.000000
-99.000000
-99.000000
-99.000000
-99.000000
-99.000000
-99.000000
-99.000000
-99.000000
-99.000000
-99.000000
-99.000000
-99.000000
-99.000000
-99.000000
-99.000000
-99.000000
-99.000000
-99.000000
-99.000000
-99.000000
-99.000000
-99.000000
-99.000000
-99.000000
-99.000000
-99.000000
-99.000000
-99.000000
-99.000000
-99.000000
-99.000000
-99.000000
-99.000000
-99.000000
-99.000000
-99.000000
-99.000000
-99.000000
-99.000000
-99.000000
-99.000000
-99.000000
-99.000000
-99.000000
-99.000000
-99.000000
-99.000000
-99.000000
-99.000000
-99.000000
-99.000000
-99.000000
-99.000000
-99.000000
-99.000000
-99.000000
-99.000000
-99.000000
-99.000000
-99.000000
-99.000000
-99.000000
-99.000000
-99.000000
-99.000000
-99.000000
-99.000000
-99.000000
-99.000000
-99.000000
-99.000000
-99.000000
-99.000000
-99.000000
-99.000000
-99.000000
-99.000000
-99.000000
-99.000000
-99.000000
-99.000000
-99.000000
-99.000000
-99.000000
-99.000000
-99.000000
-99.000000
-99.000000
-99.000000
-99.000000
-99.000000
-99.000000
-99.000000
-99.000000
-99.000000
-99.000000
-99.000000
-99.000000
-99.000000
-99.000000
-99.000000
-99.000000
-99.000000
-99.000000
-99.000000
-99.000000
-99.000000
-99.000000
-99.000000
-99.000000
-99.000000
-99.000000
-99.000000
-99.000000
-99.000000
-99.000000
-99.000000
-99.000000
-99.000000
-99.000000
-99.000000
-99.000000
-99.000000
-99.000000
-99.000000
-99.000000
-99.000000
-99.000000
-99.000000
-99.000000
-99.000000
-99.000000
-99.000000
-99.000000
-99.000000
-99.000000
-99.000000
-99.000000
-99.000000
-99.000000
-99.000000
-99.000000
-99.000000
-99.000000
-99.000000
-99.000000
-99.000000
-99.000000
-99.000000
-99.000000
-99.000000
-99.000000
-99.000000
-99.000000
-99.000000
-99.000000
-99.000000
-99.000000
-99.000000
-99.000000
-99.000000
-99.000000
-99.000000
-99.000000
-99.000000
-99.000000
-99.000000
-99.000000
-99.000000
-99.000000
-99.000000
-99.000000
-99.000000
-99.000000
-99.000000
-99.000000
-99.000000
-99.000000
-99.000000
-99.000000
-99.000000
-99.000000
-99.000000
-99.000000
-99.000000
-99.000000
-99.000000
-99.000000
-99.000000
-99.000000
-99.000000
-99.000000
-99.000000
-99.000000
-99.000000
-99.000000
-99.000000
-99.000000
-99.000000
-99.000000
-99.000000
-99.000000
-99.000000
-99.000000
-99.000000
-99.000000
-99.000000
-99.000000
-99.000000
-99.000000
-99.000000
-99.000000
-99.000000
-99.000000
-99.000000
-99.000000
-99.000000
-99.000000
-99.000000
-99.000000
-99.000000
-99.000000
-99.000000
-99.000000
-99.000000
-99.000000
-99.000000
-99.000000
-99.000000
-99.000000
-99.000000
-99.000000
-99.000000
-99.000000
-99.000000
-99.000000
-99.000000
-99.000000
-99.000000
-99.000000
-99.000000
-99.000000
-99.000000
-99.000000
-99.000000
-99.000000
-99.000000
-99.000000
-99.000000
-99.000000
-99.000000
-99.000000
-99.000000
1.173600
1.095840
0.864000
5.140800
6.877440
7.192800
4.968000
6.992640
7.080480
6.828480
6.144480
6.952320
7.283520
5.415840
1.680480
6.059520
4.498560
7.123680
5.896800
3.068640
3.769920
2.112480
5.289120
8.097120
7.629120
3.572640
5.770080
4.152960
7.545600
7.918560
7.613280
8.321760
8.461440
7.457760
8.003520
6.775200
8.336160
8.503200
9.073440
9.277920
8.896320
8.611200
8.928000
5.400000
2.233440
5.218560
9.560160
9.864000
10.389600
10.238400
10.680480
10.493280
10.193760
6.462720
6.363360
7.607520
4.004640
9.113760
9.708480
4.857120
2.291040
1.235520
1.406880
8.553600
10.932480
11.988000
4.669920
3.273120
8.193600
8.742240
8.092800
11.792160
10.841760
13.875840
10.032480
13.001760
14.974560
15.230880
9.606240
14.201280
7.430400
8.713440
14.767200
11.525760
9.387360
15.844320
9.516960
15.190560
12.768480
9.519840
6.091200
17.066880
14.484960
9.763200
13.278240
15.240960
16.348320
13.515840
9.331200
6.338880
10.314720
15.458400
16.888320
19.585440
16.452000
19.234080
8.795520
19.035360
19.391040
4.893120
13.883040
8.061120
16.724160
9.123840
14.312160
20.365920
13.527360
14.124960
18.446400
10.605600
9.133920
19.968480
7.852320
18.491040
21.551040
21.489120
21.460320
20.740320
21.708000
19.622880
4.757760
19.477440
20.109600
22.844160
22.248000
23.027040
22.749120
16.891200
21.761280
21.420000
15.874560
1.471680
1.077120
11.646720
8.988480
21.132000
13.209120
15.132960
12.778560
6.711840
14.087520
7.159680
22.250880
20.544480
13.436640
14.212800
15.347520
2.052000
16.158240
8.229600
11.597760
22.199040
20.327040
6.580800
12.094560
12.980160
13.357440
22.190400
13.550400
19.504800
15.541920
16.539840
18.113760
7.950240
20.011680
23.392800
14.045760
5.142240
-99.000000
14.768640
14.513760
24.467040
23.765760
23.804640
23.774400
24.383520
22.629600
14.719680
20.789280
22.932000
17.219520
22.848480
23.463360
22.769280
22.985280
19.926720
13.258080
23.096160
23.185440
17.413920
12.496320
18.158400
20.766240
21.553920
19.562400
14.718240
20.187360
18.269280
17.843040
18.180000
20.505600
20.253600
22.896000
18.554400
15.272640
19.814400
21.631680
20.304000
20.105280
21.993120
22.152960
21.631680
19.049760
22.174560
22.186080
18.809280
22.260960
22.219200
21.381120
20.687040
21.192480
15.624000
20.178720
16.254720
18.527040
13.514400
21.057120
14.402880
11.077920
21.627360
13.723200
14.948640
20.488320
18.806400
7.875360
14.569920
8.150400
3.640320
17.373600
9.789120
11.498400
18.969120
19.307520
19.088640
18.807840
9.192960
17.844480
16.171200
16.090560
12.552480
14.724000
10.634400
15.697440
17.578080
8.758080
14.523840
14.067360
9.548640
18.318240
18.090720
17.514720
14.819040
6.825600
6.975360
10.061280
8.497440
10.336320
0.983520
4.050720
9.917280
14.819040
5.286240
14.978880
14.088960
15.046560
10.884960
14.001120
12.879360
7.830720
14.359680
14.636160
14.018400
11.871360
5.621760
3.731040
12.975840
8.665920
1.537920
5.603040
9.123840
10.196640
10.478880
6.573600
1.357920
7.384320
7.701120
10.931040
2.676960
3.470400
8.501760
9.502560
10.893600
10.605600
0.675360
1.104480
10.451520
2.465280
5.916960
3.785760
10.520640
6.860160
6.279840
6.196320
8.150400
4.701600
8.028000
7.104960
5.230080
1.919520
8.958240
9.279360
8.889120
9.033120
8.942400
3.994560
7.306560
8.452800
8.445600
6.189120
6.681600
6.472800
7.958880
8.269920
4.373280
7.182720
3.278880
4.564800
7.740000
7.335360
5.666400
4.353120
7.110720
4.747680
1.877760
2.026080
2.263680
2.730240
7.646400
7.097760
6.240960
6.442560
3.611520
2.301120
6.549120
7.352640
5.957280
6.251040
7.277760
7.120800
6.076800
6.580800
7.413120
1.139040
1.257120
0.878400
0.924480
4.956480
4.890240
4.258080
1.922400
1.277280
5.931360
6.780960
2.208960
4.968000
4.501440
1.929600
2.747520
7.835040
8.051040
7.449120
7.220160
7.765920
5.461920
6.936480
7.644960
6.838560
8.700480
8.674560
4.150080
6.210720
8.472960
8.909280
7.493760
9.375840
8.150400
3.803040
2.648160
1.968480
1.670400
2.963520
6.648480
9.931680
3.834720
7.597440
10.130400
9.132480
8.035200
7.519680
7.767360
8.608320
9.460800
9.895680
3.399840
4.991040
11.332800
12.202560
10.951200
7.711200
9.921600
12.679200
10.892160
10.630080
7.352640
13.187520
13.144320
5.061600
4.392000
5.889600
3.175200
5.123520
10.951200
15.393600
14.952960
15.187680
6.842880
15.010560
5.423040
11.753280
15.641280
15.144480
15.632640
16.335360
16.686720
16.436160
16.470720
16.591680
12.340800
15.099840
17.562240
14.892480
17.727840
15.300000
17.792640
2.547360
9.328320
5.474880
3.191040
8.399520
3.561120
12.002400
15.870240
17.720640
18.001440
3.888000
3.579840
19.716480
3.091680
13.920480
7.704000
19.235520
19.810080
16.757280
10.861920
14.693760
9.239040
16.894080
14.122080
17.677440
20.459520
22.091040
20.243520
15.408000
13.443840
21.771360
14.162400
19.811520
15.721920
15.639840
22.968000
20.200320
18.194400
22.744800
22.903200
22.020480
18.017280
13.757760
17.556480
14.636160
20.685600
9.728640
5.656320
22.799520
23.862240
22.956480
22.491360
23.474880
20.941920
21.816000
9.725760
16.202880
15.543360
12.523680
16.967520
23.811840
22.842720
23.889600
24.422400
21.427200
23.313600
23.941440
23.617440
18.095040
8.190720
17.262720
17.164800
16.449120
22.377600
23.541120
24.174720
24.393600
23.405760
20.283840
14.544000
20.363040
23.866560
23.329440
12.384000
17.009280
23.747040
22.665600
21.767040
21.088800
22.674240
22.739040
23.859360
23.322240
23.293440
23.238720
23.110560
21.401280
22.802400
23.829120
21.448800
18.299520
8.068320
4.311360
2.380320
12.142080
7.935840
23.592960
23.336640
18.966240
19.625760
21.623040
16.760160
24.481440
21.612960
22.553280
22.271040
19.880640
22.344480
22.733280
22.867200
22.587840
19.769760
21.700800
21.254400
19.795680
21.731040
15.788160
19.316160
15.400800
19.418400
20.992320
21.110400
17.678880
16.637760
8.932320
14.584320
20.707200
20.031840
20.439360
20.790720
20.933280
20.453760
20.344320
19.661760
20.869920
20.338560
19.550880
19.032480
19.620000
18.950400
6.762240
15.546240
19.327680
18.852480
14.205600
18.498240
8.366400
12.844800
13.413600
11.924640
10.152000
7.064640
14.767200
18.468000
16.182720
18.491040
17.618400
15.776640
13.956480
8.824320
10.735200
3.061440
15.206400
9.496800
10.889280
13.011840
11.136960
13.849920
10.437120
14.866560
15.703200
15.176160
11.108160
12.903840
7.695360
13.556160
7.937280
12.483360
13.432320
8.271360
13.485600
13.632480
13.040640
12.548160
9.754560
9.940320
10.903680
13.825440
12.670560
13.769280
12.372480
9.156960
13.122720
13.079520
11.453760
3.705120
2.158560
6.017760
1.044000
11.838240
11.436480
7.846560
3.582720
8.550720
6.795360
9.486720
9.997920
6.854400
7.416000
7.557120
10.412640
9.025920
9.336960
9.969120
7.211520
7.348320
7.722720
7.961760
5.820480
5.744160
6.585120
7.538400
8.143200
8.039520
5.214240
6.298560
3.060000
6.570720
5.402880
5.702400
7.721280
7.837920
7.829280
7.705440
3.502080
7.974720
2.531520
6.367680
8.097120
6.681600
4.011840
4.451040
6.181920
6.632640
5.830560
7.058880
6.729120
6.991200
6.829920
3.078720
1.393920
0.548640
2.141280
4.180320
2.286720
6.076800
7.547040
7.470720
0.813600
1.226880
1.068480
1.141920
6.962400
1.272960
7.139520
3.074400
3.494880
4.878720
5.411520
6.775200
4.609440
4.032000
1.548000
0.984960
7.776000
0.629280
2.193120
4.860000
7.701120
6.852960
4.027680
7.336800
4.178880
7.925760
5.928480
1.609920
1.254240
1.173600
4.230720
7.951680
8.552160
3.883680
4.155840
1.149120
8.890560
5.556960
9.250560
5.444640
9.796320
5.679360
10.084320
5.469120
10.258560
1.566720
10.013760
10.617120
10.673280
1.347840
2.155680
11.496960
11.528640
11.031840
5.929920
7.623360
2.092320
1.444320
5.677920
10.450080
6.727680
12.893760
4.394880
7.073280
10.316160
13.075200
6.923520
13.705920
4.147200
8.873280
14.077440
10.683360
1.173600
8.503200
6.994080
15.096960
3.889440
1.981440
15.914880
13.587840
11.888640
2.818080
15.128640
16.427520
16.142400
16.696800
16.508160
13.240800
12.327840
11.897280
4.442400
6.478560
14.457600
5.384160
6.556320
18.864000
18.786240
15.500160
12.672000
16.783200
17.753760
11.865600
18.734400
15.482880
12.049920
14.122080
14.374080
2.537280
10.177920
19.640160
19.752480
20.089440
3.746880
5.603040
6.788160
10.496160
10.216800
14.572800
8.981280
15.737760
19.860480
18.852480
5.477760
13.145760
20.273760
21.201120
19.785600
21.866400
22.042080
21.314880
18.876960
8.762400
13.106880
2.664000
5.502240
15.713280
11.285280
16.581600
20.833920
14.702400
21.710880
19.584000
7.401600
11.767680
6.933600
22.779360
21.530880
24.477120
23.886720
23.662080
23.951520
24.184800
19.137600
24.027840
25.257600
23.348160
23.312160
22.129920
11.743200
19.775520
20.554560
20.449440
13.872960
15.272640
24.883200
24.806880
24.131520
6.865920
23.692320
22.888800
3.965760
16.963200
10.092960
22.309920
23.502240
11.096640
15.366240
23.523840
20.223360
23.608800
18.064800
24.336000
25.626240
21.941280
23.938560
24.539040
24.655680
22.662720
23.662080
20.554560
21.129120
23.256000
24.081120
24.168960
22.881600
19.909440
23.762880
23.853600
23.965920
22.852800
18.665280
21.833280
22.798080
22.661280
23.181120
21.411360
18.453600
21.758400
22.206240
23.544000
20.962080
20.488320
22.428000
11.800800
16.320960
23.306400
18.601920
20.223360
20.770560
23.073120
16.362720
15.048000
14.919840
19.484640
16.731360
14.374080
19.589760
19.082880
18.473760
21.384000
19.889280
17.559360
13.999680
18.619200
16.483680
9.105120
15.827040
14.736960
9.387360
20.334240
20.664000
6.888960
15.438240
19.641600
20.714400
16.652160
18.882720
20.124000
19.997280
19.640160
20.175840
17.002080
13.775040
13.870080
10.594080
7.476480
15.030720
17.081280
18.822240
16.486560
12.877920
19.114560
15.828480
10.876320
17.447040
15.662880
17.946720
14.304960
15.927840
8.834400
2.302560
3.883680
17.425440
3.458880
5.031360
13.204800
7.803360
11.954880
16.519680
12.038400
15.760800
14.332320
13.645440
12.402720
10.069920
8.831520
11.433600
14.345280
12.379680
14.172480
11.207520
4.157280
8.873280
4.479840
6.183360
1.687680
6.546240
12.257280
12.765600
12.517920
12.787200
13.229280
13.102560
12.669120
6.811200
8.357760
9.148320
9.509760
12.008160
12.132000
11.440800
8.791200
7.056000
4.949280
8.670240
5.292000
9.420480
10.343520
9.843840
9.303840
9.344160
6.409440
3.951360
8.709120
8.146080
9.652320
9.139680
8.699040
6.665760
6.804000
9.273600
3.388320
8.471520
3.224160
3.843360
7.263360
8.341920
8.523360
8.167680
8.095680
7.673760
7.600320
6.720480
2.236320
1.653120
6.763680
6.078240
7.620480
7.663680
2.723040
4.770720
4.334400
5.724000
2.088000
5.054400
7.413120
5.489280
3.723840
5.351040
7.470720
7.561440
4.543200
7.115040
4.397760
6.520320
0.694080
1.298880
4.203360
7.333920
7.578720
7.748640
7.253280
6.408000
5.221440
2.338560
1.365120
2.832480
7.051680
3.445920
6.032160
5.110560
4.802400
7.148160
7.633440
5.515200
5.682240
7.483680
7.253280
7.436160
8.006400
8.094240
8.098560
7.251840
7.270560
4.757760
6.569280
8.984160
8.733600
8.775360
8.906400
8.969760
8.830080
1.087200
2.439360
7.218720
4.044960
5.162400
9.864000
10.373760
9.443520
9.921600
9.974880
10.179360
10.098720
10.225440
10.853280
11.024640
9.005760
10.016640
10.481760
3.656160
2.930400
11.361600
0.954720
12.592800
7.381440
4.851360
9.842400
8.771040
8.699040
10.994400
13.108320
6.749280
13.116960
7.899840
13.289760
9.796320
1.457280
6.177600
11.635200
14.945760
15.069600
7.365600
7.142400
14.796000
9.780480
0.689760
13.708800
1.667520
2.027520
6.966720
15.668640
17.056800
15.161760
15.336000
14.153760
8.474400
16.914240
17.066880
15.802560
16.333920
13.547520
15.065280
8.722080
10.206720
17.962560
18.132480
18.768960
8.843040
16.259040
17.693280
19.139040
19.516320
19.320480
19.592640
18.541440
19.166400
19.460160
10.268640
9.410400
19.298880
16.241760
20.656800
21.208320
8.769600
8.724960
14.647680
4.142880
19.694880
13.011840
9.881280
14.202720
21.913920
19.052640
11.227680
18.516960
19.380960
7.185600
19.085760
17.566560
20.367360
21.278880
2.933280
15.492960
22.836960
20.046240
23.400000
19.693440
22.144320
20.090880
22.976640
23.588640
24.285600
22.714560
22.243680
22.991040
23.539680
23.847840
24.281280
23.463360
24.084000
21.677760
11.950560
13.831200
18.118080
17.104320
8.768160
21.600000
10.208160
10.889280
16.175520
10.033920
19.255680
9.956160
10.532160
16.748640
4.354560
18.809280
20.913120
13.364640
24.540480
24.156000
22.695840
23.145120
16.035840
16.322400
15.887520
23.492160
24.311520
19.264320
22.073760
21.818880
24.625440
24.622560
24.315840
22.324320
22.135680
24.098400
20.021760
17.013600
11.170080
21.686400
16.081920
23.181120
20.512800
22.390560
23.420160
22.799520
7.663680
21.287520
13.317120
19.058400
19.327680
11.386080
20.613600
22.456800
24.193440
21.228480
9.563040
20.852640
12.960000
21.399840
15.710400
16.915680
23.012640
10.172160
13.059360
20.302560
13.534560
20.858400
18.447840
22.030560
17.964000
16.179840
11.358720
17.318880
22.855680
19.778400
21.814560
21.085920
19.216800
18.459360
20.491200
20.854080
20.736000
18.008640
20.652480
20.318400
20.687040
18.054720
19.909440
14.168160
14.548320
15.033600
21.012480
14.745600
16.508160
16.071840
10.149120
15.253920
14.564160
8.883360
14.526720
13.806720
15.972480
18.002880
16.853760
17.877600
17.974080
12.949920
14.940000
17.264160
15.262560
17.347680
17.196480
10.356480
7.356960
17.274240
11.688480
16.274880
16.063200
12.204000
6.261120
15.971040
15.573600
15.616800
15.356160
14.830560
4.284000
14.031360
15.690240
15.010560
14.806080
14.726880
13.737600
7.067520
14.071680
14.565600
14.307840
13.996800
13.930560
13.206240
11.324160
8.385120
7.898400
7.761600
11.653920
9.813600
9.177120
4.862880
6.346080
4.148640
4.881600
11.973600
10.972800
1.317600
2.148480
2.404800
9.093600
5.133600
7.129440
6.164640
2.420640
2.039040
5.182560
1.730880
7.498080
9.335520
9.097920
8.382240
8.860320
7.571520
2.230560
2.043360
0.859680
1.874880
4.860000
5.774400
3.844800
2.561760
2.728800
1.441440
8.284320
7.695360
7.932960
8.278560
5.541120
4.350240
5.394240
6.822720
7.444800
6.102720
6.536160
7.387200
7.067520
7.103520
7.512480
6.828480
5.676480
6.464160
5.758560
6.927840
6.001920
6.040800
6.145920
3.867840
7.439040
7.542720
6.517440
5.368320
3.602880
6.458400
7.369920
5.317920
7.441920
7.182720
5.181120
7.434720
6.995520
7.413120
7.423200
7.247520
7.441920
7.220160
6.829920
2.129760
5.964480
7.787520
7.619040
7.603200
7.575840
4.936320
7.774560
8.236800
5.356800
4.773600
2.216160
5.821920
7.863840
7.941600
8.284320
8.543520
8.657280
8.739360
8.889120
8.765280
7.963200
2.769120
1.736640
6.850080
10.019520
5.286240
0.859680
2.772000
10.078560
10.910880
3.846240
10.969920
11.334240
7.889760
10.991520
11.220480
12.012480
11.753280
11.689920
7.908480
12.048480
12.160800
5.653440
11.764800
5.374080
12.948480
12.576960
13.016160
13.354560
12.673440
12.466080
13.258080
11.350080
12.526560
13.649760
13.724640
14.536800
10.671840
9.895680
15.361920
13.548960
15.069600
15.032160
13.592160
15.782400
15.848640
15.822720
15.838560
15.809760
15.952320
16.882560
16.280640
17.081280
13.881600
14.457600
0.825120
7.349760
17.254080
17.658720
17.998560
16.862400
17.056800
18.371520
18.357120
18.705600
18.312480
18.643680
16.650720
3.157920
3.166560
5.264640
10.923840
17.838720
20.394720
11.062080
10.985760
19.435680
5.931360
10.607040
12.470400
13.720320
15.580800
21.993120
9.417600
16.241760
19.124640
19.614240
10.383840
15.150240
22.331520
18.279360
21.137760
6.615360
6.700320
22.505760
16.522560
22.034880
23.381280
23.136480
14.209920
21.445920
18.466560
18.879840
17.570880
22.849920
23.355360
23.785920
21.863520
19.408320
23.814720
23.787360
12.180960
7.957440
14.212800
9.299520
10.805760
10.349280
16.837920
23.505120
24.039360
24.050880
18.823680
23.880960
20.751840
23.166720
23.974560
23.846400
24.143040
24.366240
12.392640
21.689280
23.106240
19.823040
22.345920
20.733120
19.660320
20.521440
14.529600
24.320160
18.316800
21.864960
25.257600
25.117920
24.477120
22.164480
12.849120
23.736960
24.327360
24.348960
24.289920
23.916960
24.452640
24.134400
23.329440
22.870080
22.623840
22.127040
4.986720
24.608160
24.007680
23.816160
15.747840
17.619840
12.276000
19.929600
22.667040
17.438400
20.584800
24.367680
20.992320
16.996320
22.556160
22.367520
23.976000
24.540480
23.996160
23.270400
15.706080
18.027360
20.910240
22.551840
23.018400
19.647360
18.269280
21.208320
21.746880
17.196480
19.009440
21.941280
22.008960
22.458240
22.020480
21.935520
18.832320
21.687840
21.931200
20.907360
21.526560
19.504800
18.007200
21.124800
19.706400
18.757440
19.271520
20.331360
19.811520
16.506720
19.159200
19.664640
19.493280
19.730880
19.188000
14.302080
19.638720
12.985920
15.210720
16.702560
5.296320
19.334880
14.008320
16.568640
17.524800
18.171360
15.913440
15.413760
17.598240
13.432320
16.001280
14.188320
13.354560
14.575680
16.539840
18.341280
17.421120
12.133440
7.336800
5.588640
5.113440
3.384000
10.176480
11.092320
4.828320
16.958880
14.641920
10.958400
6.500160
5.643360
0.777600
12.205440
15.616800
13.373280
13.717440
12.453120
14.464800
13.586400
12.781440
8.451360
13.093920
8.331840
6.137280
3.817440
11.538720
11.633760
13.790880
12.005280
9.041760
2.508480
3.271680
1.998720
5.876640
6.314400
9.064800
10.373760
2.341440
4.527360
6.143040
12.309120
11.737440
3.373920
8.292960
10.998720
10.726560
5.938560
4.836960
9.879840
5.299200
8.249760
9.650880
4.165920
6.114240
3.084480
9.518400
2.525760
1.939680
8.415360
6.888960
1.637280
4.655520
7.724160
8.743680
3.906720
5.535360
8.058240
6.841440
5.349600
3.284640
1.205280
2.204640
6.687360
8.377920
7.295040
8.196480
7.613280
6.622560
7.938720
7.751520
7.266240
7.826400
7.761600
7.212960
6.062400
3.052800
5.460480
3.049920
5.571360
7.138080
6.209280
6.829920
2.592000
4.106880
5.685120
5.040000
7.200000
6.958080
4.806720
6.648480
7.250400
5.220000
7.469280
7.130880
7.207200
3.013920
7.315200
6.652800
7.122240
7.856640
7.699680
7.269120
7.774560
7.506720
4.932000
8.210880
6.707520
2.193120
5.317920
6.674400
3.202560
8.290080
3.585600
2.069280
6.186240
6.602400
6.842880
7.758720
6.337440
9.943200
8.271360
4.924800
9.840960
8.671680
7.680960
9.511200
9.717120
8.398080
11.095200
9.924480
9.789120
10.807200
11.396160
6.013440
11.423520
9.079200
5.633280
11.488320
11.954880
10.694880
9.145440
5.608800
4.248000
2.522880
5.967360
12.600000
6.389280
1.101600
9.093600
12.885120
7.300800
12.084480
10.375200
1.834560
2.855520
13.217760
13.363200
1.631520
0.747360
3.363840
11.563200
15.582240
13.553280
14.351040
13.586400
10.571040
1.815840
17.592480
17.366400
8.035200
5.626080
17.252640
16.752960
13.724640
16.279200
16.446240
11.844000
11.710080
17.318880
12.183840
5.673600
12.661920
9.989280
15.347520
16.984800
10.578240
17.724960
14.712480
5.834880
7.316640
15.616800
18.303840
11.484000
19.738080
15.346080
18.038880
20.977920
20.844000
21.561120
19.396800
18.851040
20.980800
21.284640
12.860640
21.996000
17.118720
16.397280
20.931840
22.295520
2.213280
8.095680
4.593600
2.414880
1.389600
18.308160
21.636000
17.615520
20.203200
20.384640
21.304800
23.184000
19.527840
15.739200
15.446880
14.353920
20.452320
18.259200
21.607200
6.595200
5.441760
14.611680
22.281120
14.954400
13.802400
8.547840
16.133760
24.304320
23.420160
20.606400
22.916160
19.032480
18.784800
16.938720
25.587360
16.837920
12.156480
24.268320
21.045600
25.030080
23.876640
21.083040
24.363360
20.403360
17.845920
16.388640
23.208480
21.566880
24.755040
24.226560
23.689440
23.683680
23.994720
19.694880
7.102080
20.708640
17.303040
15.835680
19.994400
15.000480
16.683840
16.187040
13.187520
20.741760
18.537120
21.384000
18.388800
24.645600
23.025600
21.528000
23.366880
24.513120
24.700320
24.245280
21.903840
23.772960
22.947840
14.372640
23.640480
21.939840
22.583520
23.433120
23.224320
19.873440
20.275200
19.002240
21.255840
21.978720
20.080800
21.659040
22.240800
23.018400
21.241440
20.357280
21.008160
23.902560
21.997440
23.137920
23.562720
21.941280
10.055520
21.919680
20.769120
20.535840
11.479680
20.059200
22.668480
19.702080
21.530880
21.417120
20.939040
20.999520
18.218880
18.938880
16.993440
16.763040
19.352160
19.650240
17.092800
15.370560
13.144320
16.588800
14.477760
2.892960
14.875200
9.470880
12.592800
13.563360
16.914240
19.235520
13.687200
19.327680
17.893440
19.097280
17.084160
5.716800
9.659520
12.598560
16.293600
6.081120
13.877280
15.461280
16.464960
3.600000
17.811360
12.532320
17.723520
14.957280
16.791840
15.141600
15.357600
16.192800
10.712160
14.191200
13.616640
14.067360
7.182720
15.239520
10.931040
13.788000
13.851360
4.170240
1.139040
15.163200
9.866880
12.045600
10.975680
8.657280
9.568800
3.447360
9.794880
12.306240
11.875680
8.144640
12.100320
6.215040
3.896640
7.958880
8.752320
10.955520
8.026560
10.346400
11.082240
7.524000
4.207680
11.141280
10.882080
1.202400
4.923360
10.818720
9.614880
9.161280
7.970400
4.587840
8.032320
10.018080
9.586080
8.762400
7.882560
6.526080
9.380160
9.368640
6.677280
8.795520
8.851680
0.482400
1.774080
1.180800
5.425920
7.616160
5.158080
8.840160
7.277760
5.739840
8.629920
3.251520
7.354080
8.105760
7.678080
2.818080
7.463520
1.925280
7.470720
8.015040
7.783200
7.761600
7.548480
5.840640
6.422400
7.297920
2.149920
6.588000
7.328160
6.796800
7.171200
2.777760
2.998080
6.694560
1.363680
3.252960
6.230880
7.047360
4.976640
3.576960
1.393920
7.459200
6.680160
7.086240
7.169760
6.999840
5.104800
6.564960
4.432320
4.379040
3.922560
6.019200
7.382880
7.367040
6.219360
6.867360
2.694240
2.573280
4.479840
2.652480
5.254560
4.076640
1.221120
7.813440
1.154880
5.997600
6.873120
9.077760
2.116800
8.212320
6.389280
2.717280
8.544960
9.028800
5.724000
6.863040
9.142560
7.901280
2.125440
10.398240
7.650720
10.357920
8.305920
9.806400
10.880640
6.586560
4.353120
5.412960
7.233120
11.522880
8.713440
10.801440
-99.000000
-99.000000
10.474560
3.814560
10.137600
11.034720
6.618240
13.032000
13.177440
6.311520
9.825120
11.291040
7.691040
11.558880
6.880320
13.334400
14.312160
13.707360
11.345760
10.801440
15.478560
15.248160
15.687360
14.620320
11.018880
12.288960
11.941920
11.194560
15.963840
16.557120
16.699680
16.282080
13.940640
13.312800
9.941760
10.152000
15.465600
17.125920
14.155200
11.782080
17.555040
15.209280
5.896800
0.773280
8.206560
13.864320
6.737760
2.377440
15.896160
19.743840
19.614240
19.624320
15.107040
19.761120
19.216800
17.513280
18.416160
15.824160
18.959040
18.961920
20.185920
18.960480
19.867680
14.912640
8.292960
4.199040
11.180160
20.181600
19.975680
20.082240
18.521280
21.814560
20.293920
17.811360
17.536320
18.028800
19.370880
22.957920
22.366080
23.518080
20.000160
16.734240
21.587040
22.550400
21.623040
16.930080
10.853280
12.638880
24.569280
21.936960
22.204800
21.215520
13.955040
20.767680
5.516640
10.455840
19.418400
23.349600
12.739680
18.792000
13.533120
19.359360
10.620000
11.688480
7.020000
19.873440
23.948640
16.649280
23.038560
21.041280
24.667200
19.447200
24.147360
23.856480
19.028160
22.802400
23.827680
19.041120
19.438560
6.759360
21.081600
18.295200
11.125440
23.604480
22.608000
24.516000
24.092640
14.081760
23.032800
10.334880
14.218560
19.919520
23.199840
23.436000
19.919520
21.922560
16.462080
13.527360
12.817440
20.736000
24.193440
20.721600
6.626880
23.083200
18.072000
24.999840
24.726240
17.536320
23.433120
17.896320
20.777760
24.158880
23.555520
18.970560
18.822240
18.737280
22.865760
24.049440
23.781600
22.446720
15.864480
22.138560
17.922240
7.765920
18.184320
23.326560
22.476960
16.231680
12.777120
20.445120
15.788160
18.620640
19.694880
17.966880
19.010880
18.357120
21.016800
18.325440
9.396000
17.205120
19.808640
16.250400
11.828160
18.810720
14.446080
15.638400
9.482400
9.047520
3.067200
20.462400
13.468320
18.260640
19.978560
18.609120
19.635840
11.635200
18.023040
18.512640
16.313760
9.783360
13.066560
6.022080
13.206240
12.222720
15.035040
13.921920
13.757760
18.000000
15.336000
14.988960
10.084320
9.992160
16.140960
14.469120
10.946880
10.128960
15.737760
13.576320
9.816480
2.388960
6.704640
9.200160
11.784960
11.681280
15.891840
1.703520
8.644320
5.928480
10.778400
14.055840
13.857120
14.775840
9.524160
8.550720
12.572640
14.580000
13.127040
9.352800
12.893760
11.004480
13.432320
4.903200
10.401120
12.031200
12.110400
12.833280
11.833920
11.900160
11.082240
12.404160
12.065760
11.702880
10.981440
10.618560
4.766400
6.680160
9.914400
7.820640
6.644160
4.743360
5.571360
5.257440
3.932640
7.614720
10.585440
9.918720
2.351520
3.119040
3.771360
3.057120
9.593280
9.309600
2.452320
9.074880
8.756640
7.624800
8.419680
8.549280
6.933600
5.424480
3.088800
5.185440
3.755520
2.414880
3.480480
3.214080
3.168000
0.707040
1.202400
4.076640
3.643200
2.558880
0.944640
7.436160
7.364160
7.655040
5.044320
8.019360
6.490080
7.377120
6.765120
5.207040
3.035520
0.983520
6.412320
2.926080
6.186240
7.176960
5.325120
7.436160
7.253280
7.084800
7.333920
7.184160
4.749120
3.769920
6.999840
7.650720
7.552800
7.630560
6.943680
7.650720
7.394400
7.626240
7.570080
7.400160
3.863520
7.876800
7.819200
7.752960
7.532640
8.313120
6.082560
7.827840
7.930080
3.267360
8.223840
6.914880
1.514880
4.783680
6.033600
8.015040
9.135360
8.723520
8.979840
6.366240
5.505120
8.418240
6.756480
3.775680
7.619040
9.541440
5.238720
3.497760
4.870080
8.310240
10.497600
9.421920
10.897920
10.982880
11.473920
8.641440
7.374240
10.728000
5.001120
4.092480
11.407680
3.791520
9.616320
10.874880
11.180160
2.914560
13.704480
9.321120
13.700160
9.577440
8.115840
11.662560
11.419200
10.255680
9.203040
13.959360
3.062880
16.025760
15.481440
14.292000
13.530240
14.051520
15.161760
14.497920
15.013440
11.508480
8.284320
13.173120
9.015840
15.239520
5.948640
13.364640
8.831520
1.843200
7.388640
4.268160
2.476800
8.277120
17.979840
18.810720
17.654400
13.916160
12.824640
18.882720
14.905440
18.816480
17.292960
13.377600
16.178400
15.788160
18.063360
20.723040
20.687040
19.031040
18.473760
19.405440
20.350080
21.013920
15.900480
14.680800
16.287840
18.717120
14.654880
13.726080
21.542400
11.249280
14.916960
18.413280
12.278880
15.235200
13.710240
22.985280
13.350240
19.123200
14.990400
20.175840
21.182400
13.206240
13.871520
18.311040
22.502880
22.969440
23.006880
21.199680
22.540320
23.146560
20.191680
15.805440
21.578400
22.946400
24.001920
24.120000
6.216480
16.914240
24.269760
24.975360
22.308480
20.567520
20.049120
21.853440
24.802560
24.706080
23.317920
24.197760
23.480640
24.111360
24.364800
20.959200
25.027200
25.372800
25.437600
24.864480
18.783360
16.722720
21.265920
16.332480
22.438080
15.936480
20.787840
10.605600
14.474880
23.071680
25.277760
19.706400
25.273440
25.056000
23.479200
20.403360
24.783840
24.644160
24.950880
24.007680
24.804000
24.814080
23.749920
23.535360
16.505280
23.427360
22.345920
22.675680
23.631840
23.545440
18.240480
24.844320
24.361920
21.571200
21.055680
18.777600
22.996800
21.805920
22.620960
22.046400
22.190400
21.319200
20.515680
21.816000
22.773600
21.218400
21.870720
10.313280
19.589760
9.254880
6.769440
17.150400
11.063520
11.826720
14.391360
22.752000
21.636000
20.329920
22.262400
21.591360
20.486880
7.562880
19.337760
22.079520
21.921120
10.900800
14.889600
18.491040
7.904160
16.400160
11.976480
8.997120
19.833120
15.543360
20.289600
15.380640
17.465760
20.895840
17.909280
20.338560
20.108160
19.594080
20.011680
19.346400
15.697440
17.778240
7.950240
12.221280
5.067360
17.714880
14.672160
13.249440
14.215680
11.796480
5.520960
8.222400
14.169600
15.432480
11.887200
9.989280
17.445600
18.054720
14.935680
16.846560
14.326560
17.252640
14.893920
14.823360
15.651360
15.878880
9.993600
7.086240
15.507360
4.728960
2.214720
6.981120
11.959200
6.698880
5.988960
9.976320
14.762880
14.424480
10.915200
9.784800
12.651840
12.136320
7.246080
4.004640
8.627040
13.524480
8.608320
7.673760
4.440960
3.712320
2.403360
8.985600
12.237120
11.420640
3.496320
5.628960
3.708000
6.328800
10.566720
9.619200
8.307360
10.908000
8.507520
0.460800
9.024480
10.376640
9.123840
9.940320
9.617760
9.084960
9.326880
9.560160
9.492480
8.189280
4.034880
9.050400
9.131040
9.502560
9.105120
8.494560
8.683200
7.745760
6.871680
7.253280
8.735040
8.917920
6.773760
7.858080
7.662240
7.050240
7.987680
8.016480
7.912800
6.360480
5.866560
6.765120
3.005280
3.169440
1.843200
3.807360
5.977440
5.351040
7.450560
4.347360
5.703840
4.547520
6.004800
6.540480
6.062400
6.189120
6.197760
0.972000
6.373440
6.930720
5.254560
2.393280
5.667840
7.070400
7.466400
4.152960
6.164640
7.166880
6.027840
3.044160
5.408640
3.481920
2.036160
6.412320
5.718240
4.867200
7.323840
4.668480
5.788800
5.117760
8.094240
5.542560
3.499200
3.972960
8.920800
7.787520
5.868000
8.452800
7.783200
7.498080
5.847840
7.259040
2.167200
5.699520
6.780960
8.928000
8.084160
3.489120
8.498880
6.602400
9.843840
8.835840
8.749440
10.457280
10.209600
2.285280
6.187680
10.550880
6.765120
7.751520
3.407040
7.404480
10.477440
11.469600
12.058560
12.360960
12.540960
5.918400
11.499840
12.758400
10.769760
9.925920
12.201120
11.285280
12.732480
8.392320
5.345280
10.946880
10.912320
13.867200
12.068640
13.753440
14.683680
15.478560
14.286240
13.096800
15.737760
4.527360
16.433280
16.156800
16.097760
15.521760
8.763840
4.314240
8.287200
7.868160
12.260160
2.450880
11.977920
11.844000
12.512160
16.724160
17.899200
11.812320
14.427360
12.054240
9.440640
14.664960
18.721440
15.901920
5.058720
9.737280
14.022720
8.687520
2.113920
17.157600
19.260000
13.324320
20.092320
18.974880
19.668960
17.429760
19.078560
21.045600
18.646560
21.042720
17.827200
21.922560
18.312480
15.903360
8.625600
9.766080
17.576640
21.201120
19.285920
22.551840
2.737440
4.386240
16.142400
8.501760
23.991840
23.775840
23.091840
23.395680
22.973760
10.141920
7.011360
3.445920
1.887840
10.238400
16.842240
17.749440
17.480160
22.554720
21.500640
23.801760
19.185120
21.769920
22.096800
22.331520
24.369120
14.643360
24.419520
21.849120
18.768960
21.926880
23.124960
18.473760
25.329600
14.996160
17.736480
25.126560
23.689440
23.404320
12.255840
23.371200
20.472480
24.419520
24.108480
23.031360
21.441600
13.949280
16.536960
15.184800
25.110720
23.257440
21.588480
16.151040
15.517440
25.539840
24.770880
24.531840
24.976800
25.361280
24.910560
24.071040
20.033280
22.327200
23.329440
16.266240
22.776480
23.912640
23.153760
18.512640
22.818240
20.269440
23.348160
21.828960
20.819520
23.613120
23.748480
22.073760
21.949920
22.567680
24.459840
24.484320
20.092320
24.390720
24.827040
24.780960
17.896320
19.540800
16.254720
17.920800
22.687200
23.440320
23.329440
21.116160
22.488480
21.631680
22.164480
19.321920
21.594240
22.111200
22.219200
19.882080
15.412320
19.454400
21.911040
22.451040
21.198240
13.034880
21.458880
21.287520
22.033440
20.943360
22.216320
14.909760
17.926560
15.927840
19.962720
12.702240
19.968480
20.705760
20.773440
20.973600
20.609280
20.520000
19.673280
18.846720
3.883680
7.757280
18.096480
18.335520
18.050400
17.880480
15.772320
18.249120
18.436320
18.116640
14.189760
11.404800
12.693600
13.910400
18.047520
16.601760
11.790720
11.671200
17.714880
10.314720
15.242400
17.464320
7.669440
15.131520
12.209760
6.832800
10.419840
9.997920
9.295200
13.728960
15.808320
15.312960
13.302720
11.003040
8.187840
8.722080
6.706080
13.950720
4.616640
12.440160
8.871840
2.976480
2.007360
10.589760
4.060800
2.868480
10.717920
11.329920
11.681280
5.833440
8.930880
6.181920
3.252960
1.740960
4.043520
8.138880
8.801280
2.423520
4.212000
4.554720
10.301760
11.442240
10.756800
4.848480
10.532160
10.091520
9.315360
4.878720
5.277600
9.567360
10.316160
10.586880
9.555840
9.648000
9.463680
5.139360
5.906880
8.281440
9.100800
9.034560
8.763840
7.452000
6.599520
6.359040
2.917440
3.862080
1.409760
6.543360
5.518080
1.709280
1.415520
4.129920
4.878720
6.861600
8.084160
8.164800
4.836960
1.882080
2.481120
6.374880
7.698240
7.375680
7.577280
6.730560
7.454880
7.492320
7.041600
6.618240
2.842560
1.925280
3.647520
6.680160
1.306080
3.097440
6.927840
6.557760
7.273440
7.267680
6.393600
7.359840
6.755040
7.657920
7.881120
6.281280
5.078880
7.611840
6.726240
4.913280
5.918400
6.691680
7.346880
7.449120
7.761600
7.123680
4.760640
8.128800
8.179200
7.971840
8.716320
8.465760
8.566560
9.066240
8.928000
3.415680
1.200960
1.476000
1.294560
2.786400
7.212960
1.167840
4.075200
1.218240
3.277440
9.031680
7.848000
8.828640
7.983360
6.130080
6.563520
7.858080
7.178400
9.865440
6.844320
10.664640
11.661120
4.674240
2.725920
1.738080
0.771840
10.768320
8.665920
8.048160
12.218400
12.250080
12.296160
12.500640
12.821760
13.196160
5.457600
1.520640
11.085120
13.302720
13.224960
0.083520
-99.000000
9.207360
3.271680
11.941920
13.212000
14.863680
14.256000
13.374720
15.333120
15.780960
14.292000
12.067200
9.511200
15.916320
16.238880
16.940160
17.593920
16.819200
17.081280
17.497440
11.630880
14.670720
14.025600
3.873600
13.334400
16.463520
8.496000
18.318240
18.577440
19.380960
12.725280
6.226560
18.518400
19.620000
19.900800
8.798400
20.433600
20.230560
20.802240
20.921760
20.828160
19.905120
21.324960
20.833920
20.848320
16.920000
20.697120
18.875520
15.084000
11.103840
21.900960
22.885920
22.668480
19.422720
22.773600
18.960480
3.136320
4.654080
21.702240
15.603840
15.300000
20.941920
13.387680
6.266880
22.343040
18.414720
24.801120
22.260960
21.777120
21.257280
19.602720
16.607520
23.578560
22.924800
22.533120
24.229440
23.663520
21.481920
18.708480
24.487200
24.478560
23.722560
23.643360
23.836320
24.567840
24.903360
24.685920
22.448160
23.116320
19.476000
10.291680
24.442560
24.484320
24.228000
12.346560
10.864800
14.146560
18.588960
12.951360
24.472800
21.575520
25.136640
25.384320
24.982560
25.742880
24.965280
23.844960
24.743520
24.986880
25.136640
25.035840
24.989760
21.690720
24.071040
24.291360
23.991840
11.095200
22.011840
19.175040
20.705760
24.400800
23.307840
21.054240
25.414560
25.509600
25.647840
25.616160
18.371520
19.365120
13.191840
19.519200
20.988000
18.450720
24.474240
24.226560
16.791840
17.134560
24.301440
23.302080
23.087520
22.642560
22.099680
14.414400
18.289440
14.702400
22.632480
18.889920
20.139840
23.875200
22.462560
23.243040
23.035680
21.762720
8.066880
19.595520
21.562560
22.106880
21.830400
16.964640
18.060480
12.035520
11.409120
22.377600
17.278560
20.505600
21.121920
22.459680
18.370080
18.328320
21.202560
20.579040
13.705920
12.749760
17.275680
21.551040
18.544320
17.472960
18.681120
18.840960
16.682400
18.135360
10.098720
11.714400
4.711680
13.475520
20.168640
14.384160
14.160960
19.074240
11.623680
16.325280
13.364640
5.516640
19.120320
16.243200
13.057920
18.308160
12.204000
1.726560
16.922880
16.968960
8.539200
14.905440
17.190720
12.216960
7.264800
11.656800
16.014240
10.447200
12.559680
11.265120
10.789920
14.705280
8.066880
3.579840
8.244000
9.105120
5.958720
14.870880
13.299840
10.117440
13.891680
10.344960
7.837920
11.921760
9.907200
12.877920
8.559360
9.724320
11.088000
9.756000
6.078240
1.978560
8.137440
11.943360
12.152160
11.409120
11.615040
11.514240
11.600640
11.232000
9.990720
11.603520
10.768320
6.681600
7.096320
5.882400
6.668640
6.891840
10.329120
10.812960
10.604160
6.877440
9.646560
8.658720
4.168800
9.627840
9.918720
9.669600
9.466560
8.638560
8.870400
7.937280
8.645760
8.527680
8.755200
8.170560
7.472160
6.193440
2.207520
7.804800
7.345440
8.233920
4.389120
8.331840
2.626560
5.814720
8.267040
7.819200
7.619040
7.174080
5.849280
2.954880
5.797440
3.785760
2.253600
3.974400
5.618880
2.916000
7.499520
7.649280
7.508160
2.296800
6.505920
4.276800
6.418080
5.328000
6.763680
6.838560
2.949120
5.742720
7.112160
5.254560
4.178880
6.621120
5.428800
6.726240
5.780160
5.258880
6.919200
7.331040
2.895840
0.727200
6.684480
7.110720
7.287840
7.411680
7.788960
3.434400
7.077600
7.742880
7.827840
8.114400
8.069760
5.389920
8.184960
7.752960
8.287200
8.075520
8.426880
1.648800
0.754560
6.598080
8.897760
9.086400
9.105120
9.476640
2.295360
5.433120
8.245440
0.833760
1.257120
4.236480
10.506240
6.867360
9.483840
11.152800
9.910080
1.594080
8.169120
3.621600
11.190240
5.804640
4.996800
10.729440
6.177600
7.041600
9.249120
6.937920
11.581920
12.656160
12.705120
3.720960
2.632320
0.498240
5.054400
10.234080
13.276800
6.523200
9.231840
13.593600
15.046560
10.137600
14.009760
13.870080
10.935360
14.235840
5.103360
11.067840
12.545280
11.514240
9.426240
16.302240
12.480480
10.054080
16.552800
16.189920
16.372800
1.981440
6.841440
17.379360
16.024320
9.208800
12.117600
16.974720
18.059040
18.544320
14.097600
16.485120
19.265760
18.577440
14.664960
6.373440
4.065120
18.479520
13.600800
10.265760
17.693280
3.447360
2.790720
18.737280
6.740640
20.645280
20.512800
20.152800
20.377440
20.875680
18.273600
16.784640
19.519200
19.452960
20.737440
19.172160
17.068320
9.820800
17.903520
10.216800
23.384160
14.418720
8.049600
6.683040
11.165760
14.712480
12.271680
14.163840
12.126240
23.176800
5.510880
19.140480
18.632160
21.983040
20.498400
21.517920
17.154720
18.590400
19.300320
22.415040
14.139360
20.901600
23.004000
20.733120
12.458880
18.231840
16.234560
21.251520
16.142400
19.530720
22.291200
15.723360
4.004640
23.713920
14.254560
8.520480
12.411360
21.797280
19.828800
17.084160
22.926240
15.338880
20.151360
22.608000
19.548000
23.650560
20.854080
24.297120
24.222240
24.230880
13.348800
22.841280
22.498560
21.823200
23.885280
22.501440
20.990880
17.519040
23.173920
23.842080
23.441760
22.458240
23.978880
24.727680
11.638080
19.149120
21.636000
22.750560
22.612320
22.180320
19.241280
22.769280
15.982560
23.117760
22.590720
14.790240
21.926880
21.630240
23.351040
21.552480
15.975360
14.614560
22.888800
22.514400
20.661120
23.290560
21.827520
20.914560
21.342240
22.250880
22.685760
21.926880
21.898080
21.503520
19.848960
19.707840
19.761120
19.015200
14.808960
7.686720
15.769440
19.892160
14.500800
16.251840
17.496000
18.531360
18.806400
8.285760
18.053280
19.653120
19.846080
18.563040
19.984320
17.264160
17.707680
10.661760
15.164640
13.324320
15.917760
14.032800
15.024960
4.448160
9.879840
15.135840
12.111840
15.914880
12.962880
11.903040
15.249600
10.068480
10.984320
7.300800
15.723360
11.183040
16.715520
14.028480
6.517440
10.861920
15.288480
7.790400
9.938880
16.254720
15.262560
14.185440
15.405120
9.295200
12.889440
12.788640
15.452640
15.462720
14.725440
12.987360
12.421440
15.137280
14.618880
14.392800
13.991040
9.191520
11.350080
7.646400
5.073120
8.013600
12.124800
7.971840
4.376160
6.238080
10.879200
9.361440
11.178720
2.852640
3.558240
8.282880
11.334240
9.491040
11.507040
11.737440
11.342880
8.586720
1.114560
4.322880
6.372000
9.272160
3.673440
10.360800
7.155360
10.216800
9.645120
3.205440
7.027200
8.867520
3.867840
4.288320
8.763840
8.616960
5.554080
7.292160
4.462560
1.535040
3.309120
2.106720
2.877120
4.399200
3.444480
7.953120
5.529600
1.435680
8.121600
4.796640
4.750560
7.892640
7.001280
5.279040
5.358240
6.035040
6.880320
5.146560
6.876000
6.780960
7.025760
7.100640
6.112800
6.654240
5.263200
6.265440
4.240800
1.147680
4.121280
5.585760
2.168640
5.844960
4.219200
6.634080
6.318720
6.177600
6.557760
6.340320
6.835680
4.440960
3.211200
5.909760
6.533280
6.917760
7.297920
7.040160
7.086240
7.377120
7.061760
6.596640
7.407360
7.745760
6.770880
7.335360
7.669440
7.764480
7.735680
7.630560
6.755040
4.482720
7.977600
4.992480
5.277600
4.586400
6.304320
1.615680
8.392320
7.333920
7.176960
9.165600
8.792640
9.020160
8.785440
8.958240
2.813760
8.794080
7.032960
5.601600
7.161120
10.375200
10.473120
10.029600
9.914400
8.179200
10.038240
9.864000
8.743680
10.509120
11.450880
11.348640
11.672640
11.812320
12.013920
11.782080
9.714240
7.604640
5.950080
11.737440
12.764160
12.313440
12.571200
10.396800
12.975840
13.515840
12.716640
13.262400
13.281120
13.618080
11.744640
12.503520
3.252960
15.141600
12.840480
14.335200
14.781600
12.437280
9.868320
11.887200
15.874560
15.966720
16.306560
14.832000
16.014240
10.654560
15.704640
16.731360
16.349760
17.396640
17.102880
17.016480
18.257760
17.712000
17.782560
17.784000
14.971680
10.578240
16.909920
14.289120
8.074080
19.278720
10.346400
16.351200
13.691520
15.972480
9.030240
13.345920
16.416000
19.873440
20.753280
16.963200
16.135200
17.726400
15.415200
9.047520
13.913280
4.315680
11.007360
3.011040
14.546880
18.154080
8.596800
21.055680
21.958560
14.211360
8.520480
17.775360
20.396160
15.465600
2.600640
23.028480
24.164640
21.913920
4.033440
15.127200
22.219200
19.846080
19.393920
24.422400
22.433760
23.978880
21.589920
18.192960
6.045120
15.968160
15.295680
21.144960
22.386240
20.694240
22.446720
3.031200
-99.000000
0.181440
22.966560
18.236160
23.107680
24.249600
24.958080
25.169760
25.044480
23.309280
24.501600
15.435360
22.285440
22.726080
24.359040
11.250720
22.839840
2.249280
22.376160
22.309920
17.200800
23.346720
23.559840
25.043040
23.473440
24.613920
21.018240
19.847520
23.361120
24.246720
23.005440
22.825440
23.781600
24.232320
24.573600
24.055200
24.255360
23.849280
23.338080
23.316480
23.336640
23.544000
21.219840
17.428320
6.400800
14.267520
24.292800
24.300000
23.654880
21.971520
14.656320
21.568320
24.140160
15.514560
21.565440
19.435680
22.603680
22.347360
22.720320
22.772160
22.420800
22.599360
18.741600
11.380320
23.775840
23.172480
17.036640
18.234720
21.123360
22.400640
22.157280
21.591360
21.669120
19.938240
11.535840
19.487520
21.686400
20.617920
20.244960
13.906080
19.732320
21.173760
18.823680
11.793600
20.384640
19.645920
15.870240
10.006560
16.244640
18.426240
19.787040
19.886400
20.005920
15.543360
5.516640
18.959040
18.008640
19.018080
15.387840
12.682080
15.324480
19.190880
15.939360
14.624640
17.467200
14.639040
13.200480
12.748320
2.358720
9.236160
17.483040
7.541280
13.763520
15.734880
13.528800
16.725600
15.639840
14.483520
15.112800
3.866400
15.039360
13.852800
16.104960
10.206720
13.831200
9.208800
13.842720
15.168960
13.921920
13.769280
13.776480
14.293440
10.654560
8.356320
5.820480
12.985920
12.291840
4.574880
4.695840
5.616000
8.121600
8.019360
5.675040
13.305600
12.038400
12.441600
7.492320
11.923200
7.423200
3.248640
1.800000
7.358400
11.207520
11.518560
11.147040
9.509760
4.969440
8.478720
10.025280
5.908320
7.272000
8.959680
9.126720
9.711360
9.868320
10.002240
5.565600
8.337600
7.680960
7.871040
8.176320
9.548640
4.214880
2.178720
6.939360
8.213760
6.743520
6.661440
8.498880
5.264640
6.749280
4.993920
7.155360
8.148960
7.483680
7.488000
6.665760
6.799680
6.094080
7.336800
4.973760
4.933440
3.850560
0.151200
0.750240
5.457600
7.022880
7.063200
7.227360
5.853600
4.135680
3.640320
4.469760
6.940800
6.960960
1.366560
2.594880
4.232160
2.891520
3.702240
5.410080
6.996960
6.554880
6.307200
6.865920
6.030720
7.064640
6.835680
3.515040
4.230720
5.607360
6.933600
5.785920
5.412960
7.202880
7.381440
7.063200
7.372800
7.153920
6.039360
2.233440
7.699680
7.850880
6.887520
7.908480
6.962400
7.704000
7.814880
7.312320
3.284640
1.440000
0.146880
0.744480
7.885440
7.999200
3.369600
8.081280
7.102080
5.068800
6.012000
6.796800
8.848800
7.928640
9.360000
8.546400
9.355680
10.272960
10.275840
4.065120
3.911040
9.938880
10.404000
8.012160
1.118880
9.709920
6.611040
11.030400
7.440480
10.686240
11.596320
12.060000
11.649600
12.155040
11.779200
12.651840
12.664800
7.054560
13.255200
11.581920
6.910560
9.996480
12.232800
12.983040
6.410880
6.312960
10.180800
13.250880
14.798880
13.449600
14.585760
10.532160
15.124320
14.117760
13.252320
8.333280
13.976640
0.688320
5.852160
11.383200
15.242400
15.246720
15.400800
8.912160
4.557600
6.708960
7.668000
9.774720
12.070080
13.691520
16.405920
2.256480
3.911040
1.084320
8.223840
14.993280
19.213920
20.076480
18.142560
12.644640
15.072480
17.196480
20.063520
12.600000
18.783360
1.323360
19.215360
15.642720
16.205760
12.587040
10.232640
1.753920
5.849280
1.955520
11.285280
14.860800
20.885760
21.427200
17.889120
11.564640
18.940320
17.059680
18.125280
20.414880
20.458080
22.570560
22.073760
14.090400
22.658400
20.374560
22.024800
4.099680
7.259040
20.720160
12.856320
20.319840
4.207680
16.420320
10.519200
19.766880
23.173920
24.242400
24.314400
22.690080
23.564160
22.777920
15.491520
21.451680
24.341760
24.683040
24.226560
19.363680
17.565120
23.647680
13.361760
16.848000
20.198880
11.976480
23.823360
23.754240
10.414080
17.193600
16.986240
17.779680
11.308320
22.587840
23.912640
19.594080
24.230880
7.842240
20.030400
18.403200
14.639040
20.316960
24.405120
24.415200
24.838560
24.190560
24.014880
24.284160
23.460480
24.294240
14.385600
16.915680
24.262560
18.992160
19.290240
23.181120
24.605280
24.341760
20.062080
23.836320
21.260160
19.431360
23.621760
16.227360
18.617760
21.481920
20.250720
13.289760
16.358400
21.836160
24.196320
17.461440
23.496480
18.606240
22.929120
20.622240
20.851200
20.946240
22.677120
19.932480
22.145760
22.203360
20.257920
22.209120
21.309120
20.532960
21.248640
21.892320
22.528800
22.183200
20.329920
20.759040
15.455520
15.183360
17.539200
19.343520
15.472800
20.368800
16.660800
17.271360
10.519200
20.738880
20.594880
19.337760
15.752160
17.923680
17.150400
19.859040
18.135360
15.923520
13.857120
10.715040
16.240320
19.702080
14.280480
16.796160
16.413120
16.427520
15.497280
17.269920
15.572160
10.196640
8.461440
13.713120
15.851520
17.441280
17.468640
12.870720
16.129440
15.588000
9.675360
4.772160
13.769280
14.280480
7.905600
14.441760
15.242400
10.529280
16.384320
15.737760
6.612480
15.507360
14.159520
14.555520
12.398400
3.461760
12.561120
12.529440
14.608800
13.471200
9.167040
8.988480
10.542240
3.117600
12.939840
13.885920
12.598560
10.401120
10.850400
13.063680
12.248640
11.077920
6.988320
7.005600
7.460640
3.199680
11.445120
11.219040
8.943840
11.193120
10.278720
7.917120
10.147680
10.594080
10.648800
10.293120
10.144800
2.502720
2.198880
3.909600
0.912960
2.615040
8.051040
8.431200
8.200800
9.086400
6.812640
6.491520
6.320160
8.216640
5.169600
7.957440
7.544160
8.098560
6.410880
8.089920
7.999200
7.911360
5.711040
2.479680
2.862720
1.703520
1.595520
6.763680
7.202880
5.184000
7.859520
7.372800
4.901760
7.047360
6.989760
3.402720
3.257280
6.455520
6.102720
4.301280
7.084800
6.347520
3.182400
5.652000
6.984000
3.368160
0.740160
6.066720
5.840640
6.098400
6.726240
4.154400
2.122560
6.690240
6.999840
4.161600
7.120800
7.034400
6.732000
7.027200
1.585440
5.355360
7.022880
7.364160
4.874400
6.792480
2.842560
4.393440
0.704160
1.141920
7.460640
7.771680
7.830720
8.147520
6.173280
7.846560
8.115840
4.374720
5.595840
3.006720
6.693120
4.461120
7.528320
8.287200
5.391360
7.800480
8.452800
7.344000
8.563680
7.799040
7.773120
9.427680
9.246240
7.284960
7.780320
6.815520
7.244640
7.604640
3.936960
4.799520
8.426880
10.654560
5.515200
9.444960
0.876960
1.918080
5.764320
10.906560
9.672480
9.036000
9.645120
1.717920
1.692000
7.477920
11.139840
8.369280
7.250400
9.640800
10.094400
7.096320
3.598560
8.213760
4.872960
8.426880
8.055360
6.632640
5.316480
9.426240
15.130080
13.384800
5.682240
15.449760
13.707360
