20000101
-99.000000
-99.000000
-99.000000
-99.000000
-99.000000
-99.000000
-99.000000
-99.000000
-99.000000
-99.000000
-99.000000
-99.000000
-99.000000
-99.000000
-99.000000
-99.000000
-99.000000
-99.000000
-99.000000
-99.000000
-99.000000
-99.000000
-99.000000
-99.000000
-99.000000
-99.000000
-99.000000
-99.000000
-99.000000
-99.000000
-99.000000
-99.000000
-99.000000
-99.000000
-99.000000
-99.000000
-99.000000
-99.000000
-99.000000
-99.000000
-99.000000
-99.000000
-99.000000
-99.000000
-99.000000
-99.000000
-99.000000
-99.000000
-99.000000
-99.000000
-99.000000
-99.000000
-99.000000
-99.000000
-99.000000
-99.000000
-99.000000
-99.000000
-99.000000
-99.000000
9.411120
10.166400
9.806400
8.992800
8.935200
7.833600
4.046400
9.675360
9.607680
9.930240
9.709920
9.453600
9.599040
9.102240
9.731520
10.297440
8.517600
10.235520
5.119200
7.807680
8.419680
7.064640
3.404160
10.867680
8.831520
5.499360
6.278400
5.005440
12.075840
9.486720
6.176160
-99.000000
-99.000000
-99.000000
-99.000000
11.240640
18.727200
18.972000
5.964480
4.760640
6.426720
8.292960
18.685440
17.798400
18.391680
19.920960
9.889920
17.231040
19.527840
20.868480
16.349760
20.285280
18.696960
14.978880
20.789280
21.044160
20.262240
14.436000
7.460640
21.597120
19.594080
21.173760
23.055840
20.845440
12.725280
12.672000
-99.000000
14.734080
17.012160
17.570880
4.809600
21.461760
23.279040
23.070240
24.060960
23.764320
0.521280
7.745760
19.395360
4.417920
5.725440
6.487200
1.974240
20.285280
17.017920
19.365120
21.834720
11.268000
14.313600
21.130560
22.311360
16.319520
22.854240
21.828960
23.024160
19.222560
15.920640
17.964000
23.425920
24.487200
21.941280
5.757120
6.346080
7.580160
10.620000
10.113120
23.705280
23.600160
23.456160
23.747040
23.726880
23.415840
23.225760
22.481280
11.227680
13.219200
12.828960
14.228640
22.000320
22.291200
21.356640
19.182240
22.646880
19.755360
19.725120
20.049120
22.815360
21.329280
20.848320
22.384800
19.133280
9.957600
23.052960
14.672160
22.285440
19.026720
14.902560
9.187200
15.264000
15.933600
20.360160
20.558880
20.632320
20.180160
9.524160
18.563040
18.548640
21.407040
21.447360
20.350080
15.167520
16.486560
19.477440
17.628480
18.682560
16.362720
15.132240
9.756720
19.401120
19.815840
19.621440
19.406880
19.645920
16.678080
18.109440
16.325280
18.525600
18.423360
18.626400
18.046080
16.492320
18.305280
16.992000
10.771200
19.009440
15.504480
16.113600
15.333120
13.207680
15.127200
14.166720
16.083360
9.887040
16.613280
17.138880
7.682400
10.828800
15.148800
15.360480
16.776000
10.889280
16.833600
17.265600
17.370720
16.675200
15.091200
14.636160
14.918400
14.420160
11.671200
3.702240
4.194720
4.093920
14.719680
8.181360
14.194800
7.668000
14.724000
11.977200
10.275120
4.636080
12.510000
11.334240
14.577120
8.585280
14.094720
11.805120
13.825440
11.672640
7.132320
13.348800
13.435200
0.033120
1.684800
4.907520
2.705760
1.218240
10.627200
8.801280
7.535520
11.751840
10.808640
9.391680
8.631360
5.440320
2.309760
7.267680
6.929280
4.707360
7.580160
8.268480
9.341280
9.531360
6.837120
3.493440
10.601280
4.834080
9.453600
9.874080
7.081920
8.511840
8.791200
9.760320
9.158400
9.433440
6.842880
5.821920
2.659680
8.773920
2.255040
5.836320
6.072480
6.284160
8.392320
4.079520
8.553600
7.413120
1.784160
7.544160
7.246080
7.683840
7.018560
5.944320
3.280320
5.724000
5.659200
3.952800
7.225920
6.147360
3.964320
4.383360
2.198880
5.001120
6.946560
4.917600
6.075360
5.060160
5.603040
5.847840
3.860640
6.927840
7.166880
6.739200
6.193440
6.130080
2.175840
3.768480
0.979200
0.830880
6.708960
6.909120
3.702240
3.768480
7.031520
1.020960
7.673760
5.726880
5.653440
6.691680
7.132320
3.890880
1.617120
6.886080
7.790400
4.703040
6.487200
4.597920
7.359840
2.910240
1.467360
0.787680
4.799520
5.968800
2.544480
5.748480
7.935840
8.141760
5.294880
6.828480
6.734880
7.335360
8.064000
5.351040
5.351040
6.552000
9.912960
9.504000
9.227520
9.424800
9.855360
9.286560
9.751680
8.360640
6.236640
10.170720
10.742400
10.477440
10.431360
9.996480
2.466720
4.668480
6.366240
10.774080
9.083520
7.502400
11.891520
11.907360
11.021760
12.215520
6.318720
0.953280
6.220800
13.605120
10.837440
12.484800
9.571680
4.691520
11.692800
5.820480
9.655200
8.899200
9.522720
12.877920
12.621600
9.408960
13.213440
6.973920
15.582240
15.580800
14.389920
5.829120
15.484320
14.027040
15.154560
12.572640
12.572640
12.961440
14.973120
11.095200
14.784480
15.276960
16.655040
15.660000
8.359200
18.663840
17.784000
18.154080
18.534240
16.535520
17.471520
4.955040
16.708320
13.759200
19.061280
14.523840
17.000640
17.386560
19.516320
12.828960
18.319680
18.895680
11.435040
15.652800
5.042880
18.673920
11.239200
16.980480
18.675360
19.995840
19.398240
20.014560
20.858400
16.812000
20.112480
19.499040
7.426080
14.240160
11.020320
11.309760
14.019840
18.129600
16.858080
20.052000
21.399840
17.029440
5.892480
12.349440
22.003200
21.186720
15.697440
23.171040
22.445280
12.974400
6.037920
23.277600
17.192160
15.405120
18.348480
17.578080
15.107040
23.346000
21.027600
23.378400
23.277600
23.732640
23.535360
22.713120
19.811520
21.765600
16.670880
24.112800
22.268160
18.057600
23.261760
23.232960
19.785600
8.118720
24.809760
22.615200
22.049280
23.712480
19.432800
24.464160
18.547200
23.791680
24.963840
25.032960
24.775200
24.441120
23.699520
23.437440
22.756320
23.522400
19.059840
20.276640
22.737600
22.491360
22.117680
21.868560
19.643040
15.981120
20.653920
21.372480
22.677120
20.939040
18.856800
21.186720
12.512160
9.629280
20.263680
19.500480
13.423680
8.801280
21.679200
18.338400
5.196960
21.847680
21.981600
21.980160
18.959040
15.733440
19.968480
20.213280
20.417760
19.995840
20.304000
19.401120
18.905760
18.226080
16.231680
17.982720
15.269760
13.200480
15.160320
18.620640
12.088800
18.957600
17.782560
17.474400
14.808960
17.229600
17.748000
14.195520
15.377760
18.660960
15.770880
14.241600
16.264800
18.116640
17.642880
17.288640
17.274240
17.462880
17.236800
17.013600
17.071200
15.634080
10.095840
8.896320
9.977760
15.887520
11.407680
12.840480
16.070400
15.871680
15.298560
16.591680
13.060800
8.992800
9.995040
14.222880
14.945760
9.476640
15.996960
12.445920
4.076640
15.085440
10.216800
7.227360
14.277600
6.158880
13.788000
8.768160
12.837600
10.212480
11.435040
6.193440
7.908480
10.545120
13.737600
13.518720
12.900960
12.322080
5.970240
11.347200
13.135680
12.381120
5.695200
7.715520
9.322560
11.090880
5.382720
9.391680
8.421120
10.945440
7.783200
11.180160
7.990560
6.282720
9.054720
11.049120
7.572960
10.268640
10.042560
7.567200
8.909280
7.839360
8.395200
9.122400
5.103360
8.303040
5.830560
9.648000
9.226080
2.136960
9.001440
9.038880
8.729280
7.521120
6.582240
1.681920
5.531040
7.526880
3.790080
0.921600
2.060640
2.198880
4.011840
7.885440
7.381440
6.632640
7.750080
7.882560
7.464960
7.593120
6.324480
2.352960
4.294080
6.403680
4.988160
6.461280
5.150880
6.157440
5.289120
6.596640
6.347520
6.595200
4.816800
6.596640
5.114880
6.582240
6.661440
6.308640
0.537120
1.641600
6.863040
3.677760
1.706400
1.880640
7.043040
5.204160
6.723360
2.966400
7.068960
7.752960
6.423840
5.806080
7.077600
7.115040
1.644480
0.290880
0.982080
0.645120
3.424320
0.947520
2.086560
7.047360
7.299360
3.978720
3.846240
3.180960
7.439040
7.721280
3.199680
7.145280
5.938560
7.201440
7.904160
7.848000
6.367680
8.016480
8.395200
6.249600
4.579200
7.598880
7.567200
8.573760
7.008480
8.580960
8.059680
6.989760
6.469920
9.025920
9.511200
5.520960
8.933760
7.198560
9.904320
10.501920
9.936000
9.829440
9.319680
9.486720
10.369440
9.165600
4.304160
8.449920
1.350720
8.148960
11.226240
6.553440
10.199520
11.469600
10.586880
10.719360
10.913760
11.746080
9.623520
12.012480
9.280800
4.993920
2.168640
12.712320
11.197440
0.581760
5.317920
5.405760
12.280320
12.065760
13.838400
13.387680
7.368480
12.564000
14.830560
14.914080
11.538720
8.724960
12.484800
10.689120
15.249600
15.127200
14.793120
13.734720
9.581760
4.939200
13.011840
13.956480
14.191200
1.049760
14.893920
17.058240
17.370720
4.620960
2.034720
12.661920
17.133120
11.741760
9.077760
2.826720
17.052480
2.547360
11.387520
5.915520
15.691680
9.780480
10.794240
16.306560
19.234080
15.275520
14.770080
18.613440
20.172960
19.985760
19.416960
11.731680
19.766880
17.971200
13.010400
11.223360
18.606240
20.126880
5.800320
3.810240
6.768000
20.275200
15.282720
8.236800
4.046400
3.215520
14.090400
7.040160
1.824480
21.792960
21.922560
21.935520
20.341440
21.437280
18.030240
19.838880
22.576320
20.989440
21.417120
11.797920
15.219360
21.417120
21.958560
16.390080
18.609120
22.348800
15.547680
21.293280
22.659840
20.682720
22.196160
18.960480
8.948160
19.530720
18.616320
20.642400
3.196800
24.019200
11.787840
22.821120
22.122720
22.541760
22.628160
22.322880
22.691520
22.469760
21.936960
21.461760
16.575840
21.431520
21.278880
21.938400
20.711520
20.206080
18.311040
18.692640
19.752480
3.967200
10.738080
9.177120
15.420960
20.717280
13.498560
17.939520
4.188960
22.219200
19.141920
21.052800
16.224480
20.999520
18.364320
7.516800
10.422720
13.371840
11.567520
20.858400
9.940320
20.844000
20.784960
20.111040
19.376640
20.390400
20.105280
17.506080
18.250560
20.131200
19.319040
18.658080
15.554880
9.620640
6.114240
11.554560
18.453600
16.560000
15.773760
13.806720
18.048960
10.467360
12.984480
8.507520
20.806560
19.918080
14.474880
16.967520
14.820480
17.491680
18.548640
17.190720
17.172000
17.298720
16.826400
6.708960
15.423840
2.937600
11.449440
12.899520
3.718080
18.096480
9.649440
15.556320
10.452960
15.602400
6.010560
11.597760
15.651360
10.182240
15.791040
13.347360
12.965760
15.636960
16.001280
10.648800
8.002080
11.596320
16.022880
15.675840
7.256160
11.610720
12.456000
14.768640
10.434240
5.732640
14.299200
8.671680
15.271200
15.154560
14.611680
13.521600
9.606240
7.165440
6.351840
11.008800
2.773440
13.001760
12.614400
8.615520
12.562560
9.233280
8.436960
1.486080
7.439040
9.210240
6.468480
11.561760
11.600640
11.600640
9.365760
10.851840
11.432160
10.951200
11.109600
6.318720
9.365760
7.721280
7.477920
9.563040
10.319040
10.229760
5.703840
8.998560
6.168960
4.466880
8.939520
8.016480
6.395040
6.914880
8.674560
8.236800
8.844480
6.785280
7.208640
7.930080
6.913440
3.846240
8.583840
3.785760
1.784160
7.421760
6.026400
7.309440
6.935040
0.948960
3.392640
7.323840
4.854240
0.923040
1.753920
7.027200
6.936480
4.934880
5.215680
6.780960
2.301120
4.824000
5.761440
6.223680
3.424320
6.560640
4.944960
2.530080
6.052320
0.318240
5.428800
5.656320
5.902560
1.991520
5.132160
5.355360
2.894400
2.545920
1.844640
1.438560
5.312160
4.750560
2.864160
5.469120
5.784480
4.528800
0.830880
6.024960
5.328000
1.632960
6.373440
3.705120
4.764960
5.653440
2.070720
4.815360
1.568160
5.482080
1.252800
5.914080
4.841280
6.966720
7.202880
6.950880
6.971040
6.953760
6.747840
6.323040
5.567040
3.268800
6.579360
7.627680
7.319520
7.680960
7.973280
8.336160
3.195360
7.142400
7.984800
6.085440
7.499520
5.732640
8.848800
7.603200
7.482240
6.438240
8.667360
7.947360
7.220160
9.305280
8.856000
7.788960
7.552800
1.908000
1.447200
2.141280
3.307680
9.688320
6.249600
8.470080
1.103040
1.860480
8.124480
6.890400
10.049760
9.699840
0.514080
0.450720
5.464800
11.044800
9.681120
7.087680
11.282400
12.618720
7.274880
5.820480
12.523680
10.529280
12.489120
13.380480
13.893120
13.692960
13.377600
13.212000
6.570720
14.880960
15.117120
15.125760
15.194880
12.021120
15.131520
15.446880
15.696000
15.572160
15.972480
14.803200
13.063680
3.885120
13.381920
4.386240
10.450080
15.530400
3.348000
18.362880
18.298080
17.860320
18.204480
14.184000
5.008320
11.370240
18.480960
14.919840
13.368960
18.432000
1.523520
13.232160
13.302720
16.629120
16.440480
9.171360
11.070720
19.847520
17.902080
17.799840
17.759520
18.938880
13.921920
20.393280
15.539040
17.035200
9.933120
17.481600
17.076960
18.493920
17.668800
12.247200
7.508160
10.258560
19.140480
18.970560
19.483200
18.977760
19.926720
12.427200
17.858880
7.649280
13.021920
12.456000
20.832480
20.797920
17.076960
14.355360
19.733760
21.366720
16.963200
6.730560
8.098560
20.846880
18.750240
22.099680
21.424320
20.449440
22.017600
20.057760
17.215200
21.784320
10.791360
21.487680
21.394080
19.255680
19.674720
20.412000
21.494880
21.555360
21.510720
20.423520
17.886240
17.326080
16.446240
15.122880
21.566880
21.947040
21.957120
21.564000
20.532960
10.645920
16.957440
19.028160
16.420320
12.620160
18.901440
20.148480
16.698240
21.840480
18.015840
12.945600
16.557120
19.293120
22.098240
19.836000
7.292160
21.484800
21.349440
21.002400
20.784960
20.211840
20.655360
21.888000
20.064960
21.396960
21.229920
14.196960
20.043360
19.553760
13.511520
13.507200
20.324160
20.298240
18.564480
14.594400
19.261440
19.536480
10.692000
19.604160
20.206080
20.239200
20.113920
19.815840
19.946880
16.788960
18.040320
17.563680
18.498240
17.975520
18.036000
18.221760
17.042400
15.744960
14.090400
8.470080
16.850880
18.803520
17.036640
12.061440
15.508800
16.843680
15.811200
14.204160
16.479360
16.963200
12.064320
17.880480
16.761600
15.168960
13.651200
13.849920
11.751840
8.249760
10.925280
14.901120
4.115520
13.618080
10.575360
16.771680
14.803200
15.651360
14.731200
16.388640
16.156800
15.629760
15.527520
15.196320
15.259680
14.516640
13.723200
13.704480
9.014400
3.108960
12.500640
11.171520
1.569600
10.494720
8.421120
3.231360
10.442880
9.135360
11.790720
6.965280
9.239040
11.338560
13.167360
11.184480
11.692800
11.589120
10.415520
4.502880
8.858880
8.629920
3.883680
2.841120
3.381120
4.451040
1.700640
10.882080
5.934240
3.718080
11.180160
7.751520
8.301600
0.907200
3.157920
7.155360
5.973120
7.032960
0.928800
8.248320
9.537120
9.096480
9.256320
8.837280
8.059680
8.480160
2.852640
2.671200
6.255360
4.125600
4.246560
5.483520
5.130720
4.828320
2.450880
3.202560
6.995520
4.880160
3.864960
5.300640
5.839200
1.023840
7.002720
5.428800
6.554880
6.325920
5.857920
6.670080
4.718880
0.875520
3.394080
0.675360
5.064480
5.381280
5.832000
5.355360
5.865120
6.436800
5.366880
6.294240
6.243840
5.770080
3.699360
6.048000
6.137280
3.422880
3.692160
4.027680
5.404320
3.526560
5.829120
4.632480
3.669120
6.173280
5.999040
5.068800
1.427040
4.616640
5.649120
4.857120
3.437280
5.857920
6.678720
6.526080
6.380640
6.045120
5.870880
5.856480
4.583520
6.369120
5.408640
3.860640
2.037600
5.400000
5.781600
6.778080
5.207040
5.181120
6.932160
4.201920
7.070400
7.073280
6.246720
2.433600
3.604320
5.359680
0.465120
8.500320
8.500320
5.349600
5.356800
7.237440
6.458400
7.994880
3.244320
8.508960
8.170560
6.523200
7.728480
8.815680
9.843840
9.293760
9.979200
9.872640
8.071200
9.806400
1.516320
9.315360
9.224640
9.571680
3.787200
2.066400
10.931040
10.941120
2.737440
1.284480
2.201760
11.273760
12.864960
9.535680
12.437280
12.807360
13.069440
11.753280
5.306400
11.609280
11.851200
8.516160
13.822560
4.927680
7.823520
4.332960
2.086560
8.245440
11.060640
12.517920
9.156960
9.276480
12.369600
13.419360
13.353120
7.912800
16.375680
15.032160
11.839680
13.864320
2.351520
13.430880
4.157280
6.029280
10.988640
16.597440
11.031840
18.295200
17.462880
17.222400
8.236800
8.848800
2.115360
17.133120
17.756640
16.777440
14.749920
18.015840
8.353440
18.599040
2.031840
14.646240
15.405120
20.098080
19.041120
20.416320
3.552480
13.579200
20.075040
20.704320
17.716320
20.282400
14.276160
3.336480
15.271200
16.380000
11.659680
3.358080
11.468160
7.420320
18.793440
21.121920
22.703040
19.088640
9.404640
2.818080
11.736000
19.912320
16.800480
20.953440
21.915360
21.160800
22.078080
19.218240
22.518720
21.693600
15.549120
18.797760
20.953440
20.318400
13.164480
21.386880
19.916640
21.048480
14.284800
17.304480
18.056160
12.798720
21.843360
21.417120
21.594240
22.144320
21.088800
21.379680
21.712320
21.634560
18.198720
18.234720
15.350400
21.186720
16.139520
14.132160
22.253760
22.675680
10.378080
16.552800
19.964160
17.085600
17.383680
21.424320
19.555200
21.617280
21.994560
15.302880
21.820320
22.073760
21.947040
18.624960
13.602240
22.023360
15.648480
13.308480
20.694240
22.029120
19.512000
19.782720
5.559840
17.735040
19.723680
21.394080
21.860640
21.666240
19.496160
19.065600
20.360160
16.994880
18.972000
20.111040
14.793120
18.231840
18.181440
18.436320
18.866880
19.464480
13.518720
18.172800
18.832320
18.338400
13.510080
17.033760
11.223360
18.995040
19.556640
18.534240
18.407520
17.249760
15.772320
19.467360
19.383840
19.465920
14.490720
18.542880
16.587360
15.770880
15.012000
19.183680
18.313920
19.450080
17.467200
10.664640
13.013280
10.176480
16.669440
12.801600
8.326080
7.109280
8.595360
7.197120
13.639680
6.084000
8.170560
13.216320
8.334720
13.577760
10.581120
13.999680
14.751360
14.222880
14.217120
14.196960
14.613120
9.555840
11.734560
13.514400
15.688800
15.392160
14.715360
4.543200
6.338880
13.007520
14.292000
13.704480
14.811840
14.205600
8.902080
13.432320
12.571200
11.738880
12.651840
12.268800
12.242880
12.215520
7.048800
9.806400
9.576000
10.791360
11.037600
12.545280
11.969280
9.999360
10.450080
10.743840
7.907040
9.285120
10.414080
5.796000
8.452800
9.715680
8.580960
9.925920
10.287360
8.784000
6.966720
2.299680
0.548640
8.294400
9.119520
7.282080
9.164160
2.872800
8.773920
6.860160
4.769280
3.466080
7.669440
7.225920
8.511840
7.879680
6.729120
4.443840
6.647040
8.232480
8.494560
7.619040
7.974720
7.346880
7.452000
6.952320
2.270880
6.181920
7.492320
6.357600
2.750400
4.893120
5.613120
6.341760
5.598720
1.365120
6.932160
2.607840
6.586560
4.632480
2.036160
3.661920
3.228480
3.471840
5.116320
1.499040
4.980960
6.554880
6.138720
5.916960
4.593600
5.382720
5.663520
5.322240
5.074560
5.212800
3.792960
4.476960
6.161760
3.348000
6.338880
1.081440
4.685760
3.444480
2.712960
6.444000
6.477120
6.246720
6.387840
6.471360
6.410880
6.658560
6.232320
6.608160
6.677280
6.530400
6.711840
2.617920
6.822720
6.966720
6.700320
7.139520
6.698880
3.418560
6.245280
6.796800
7.591680
6.819840
7.565760
7.470720
7.763040
4.952160
8.343360
7.964640
8.497440
4.703040
7.676640
9.220320
8.880480
8.887680
8.216640
8.994240
8.359200
6.477120
4.596480
4.399200
5.247360
8.258400
9.612000
8.972640
8.082720
10.137600
9.875520
10.127520
10.716480
9.829440
11.129760
10.981440
8.485920
12.185280
6.425280
9.838080
4.262400
5.312160
12.072960
12.756960
6.356160
12.555360
6.842880
12.684960
9.564480
12.507840
12.373920
14.500800
14.387040
13.913280
11.875680
4.070880
13.320000
14.162400
7.073280
8.389440
10.794240
14.287680
15.448320
15.888960
13.795200
2.563200
7.346880
9.316800
5.656320
4.667040
9.597600
15.370560
13.796640
15.572160
15.886080
16.976160
16.840800
5.070240
13.292640
12.039840
12.039840
16.783200
14.569920
3.952800
12.396960
19.405440
18.156960
18.475200
18.590400
16.318080
5.531040
16.812000
20.265120
15.491520
20.053440
16.907040
16.057440
12.520800
18.293760
11.247840
20.579040
20.973600
20.887200
16.464960
20.314080
21.130560
19.830240
9.452160
17.926560
14.140800
15.605280
21.926880
21.840480
21.768480
14.690880
13.628160
18.228960
19.746720
17.543520
22.613760
20.800800
19.637280
3.654720
23.055840
22.685760
22.325760
20.239200
20.414880
22.446720
22.485600
23.639040
23.885280
23.516640
22.685760
22.091040
11.553120
9.820800
11.115360
22.262400
20.993760
20.108160
19.427040
20.276640
20.612160
19.517760
21.163680
21.303360
18.889920
14.258880
9.332640
11.600640
18.126720
20.328480
22.311360
22.658400
22.788000
20.665440
18.809280
21.548160
18.780480
19.709280
21.407040
19.133280
17.661600
14.198400
21.408480
21.350880
5.280480
20.512800
20.858400
15.896160
20.070720
20.321280
3.492000
13.842720
8.013600
15.845760
22.858560
21.389760
22.222080
22.337280
20.731680
21.379680
17.876160
12.821760
17.196480
19.481760
21.077280
19.082880
19.919520
18.918720
13.950720
19.100160
19.657440
19.648800
15.877440
15.282720
19.002240
9.325440
13.262400
22.278240
21.656160
20.531520
20.692800
15.684480
15.130080
15.379200
9.750240
12.758400
20.465280
17.187840
18.037440
7.679520
12.402720
10.612800
10.906560
8.578080
12.919680
19.010880
19.684800
19.404000
16.882560
18.408960
17.331840
4.959360
11.321280
18.080640
18.404640
18.231840
17.262720
17.176320
17.619840
16.492320
14.510880
10.539360
6.120000
5.634720
16.626240
13.747680
17.398080
17.195040
13.407840
16.776000
16.263360
15.681600
2.689920
15.832800
16.381440
16.416000
15.737760
15.023520
10.424160
13.394880
8.629920
11.001600
5.722560
10.005120
7.653600
12.866400
13.782240
10.931040
13.165920
12.863520
7.256160
10.389600
13.461120
12.774240
12.556800
3.520800
2.162880
4.993920
6.045120
2.469600
5.438880
11.240640
9.838080
2.410560
10.144800
11.913120
11.446560
11.666880
6.854400
11.486880
8.998560
9.059040
9.594720
5.821920
8.308800
9.264960
4.207680
8.150400
7.747200
9.051840
3.271680
9.015840
10.042560
9.398880
9.370080
2.194560
5.820480
1.946880
-99.000000
-99.000000
-99.000000
-99.000000
-99.000000
1.913760
4.854240
4.852800
4.913280
5.110560
7.453440
2.368800
6.906240
4.448160
7.045920
4.413600
6.523200
5.711040
6.672960
6.302880
1.234080
6.577920
5.038560
5.999040
6.413760
6.536160
2.835360
5.686560
6.366240
6.261120
2.528640
2.743200
5.888160
5.940000
6.120000
5.952960
2.053440
5.129280
6.127200
6.023520
5.886720
5.945760
4.785120
5.610240
3.421440
1.766880
5.568480
6.554880
5.662080
3.909600
5.522400
6.536160
6.664320
5.722560
1.195200
3.960000
2.426400
4.370400
6.671520
3.965760
7.001280
6.793920
6.156000
7.018560
4.838400
2.066400
6.763680
3.545280
7.368480
7.047360
5.974560
5.682240
8.107200
6.521760
7.810560
8.327520
1.820160
1.545120
4.847040
3.369600
6.865920
7.280640
5.581440
7.102080
6.865920
9.833760
10.213920
10.092960
10.205280
8.038080
4.854240
4.249440
7.755840
9.339840
9.976320
8.373600
7.015680
11.957760
11.524320
6.475680
11.499840
12.386880
10.558080
7.601760
6.310080
13.197600
2.999520
11.620800
13.917600
8.896320
14.070240
13.057920
9.951840
2.656800
15.058080
12.186720
8.838720
12.392640
15.117120
14.820480
14.598720
2.112480
12.432960
14.220000
14.277600
9.197280
6.991200
6.688800
11.894400
13.883040
14.437440
13.836960
16.613280
16.506720
15.667200
12.751200
17.360640
13.841280
15.383520
16.859520
13.908960
17.514720
14.963040
16.950240
17.645760
5.965920
15.688800
17.255520
16.443360
6.647040
19.108800
17.651520
17.975520
15.242400
12.216960
17.504640
10.517760
19.892160
17.015040
10.382400
11.855520
17.658720
9.561600
17.982720
19.303200
15.246720
9.560160
17.219520
20.429280
16.413120
20.622240
18.018720
16.139520
13.181760
20.661120
20.190240
19.651680
14.149440
18.167040
7.116480
20.391840
16.816320
14.918400
19.751040
19.134720
16.757280
18.398880
13.096800
16.719840
15.733440
20.488320
16.423200
12.627360
22.125600
20.030400
21.592800
21.312000
21.587040
21.309120
14.592960
13.021920
23.346720
20.609280
20.509920
22.978080
20.859840
22.957920
22.393440
19.882080
18.578880
15.135840
22.502880
22.449600
21.533760
22.907520
17.449920
15.641280
21.512160
19.657440
17.493120
7.267680
18.626400
18.443520
20.429280
19.771200
19.978560
21.227040
17.516160
14.963040
20.404800
16.521120
20.733120
21.330720
20.486880
19.496160
18.940320
19.742400
20.849760
18.776160
15.118560
20.547360
19.114560
19.585440
12.569760
14.477760
17.563680
20.612160
13.763520
25.041600
24.714720
23.902560
25.629120
23.529600
25.064640
22.962240
23.628960
20.210400
16.918560
20.279520
21.523680
21.068640
20.543040
19.776960
11.545920
14.942880
20.737440
17.968320
17.940960
21.075840
15.219360
19.959840
17.350560
12.745440
13.368960
19.270080
10.824480
6.212160
17.295840
14.928480
18.262080
20.124000
19.588320
19.887840
18.216000
19.059840
10.071360
15.181920
15.397920
11.786400
15.868800
6.567840
11.926080
13.900320
15.353280
6.336000
17.076960
16.763040
15.877440
13.451040
12.156480
13.960800
15.376320
15.936480
15.333120
13.438080
7.100640
3.407040
13.073760
12.244320
16.297920
12.761280
14.526720
15.766560
13.386240
5.633280
3.827520
11.198880
14.398560
15.255360
14.824800
12.744000
13.403520
11.930400
14.027040
11.874240
13.226400
13.442400
13.029120
13.393440
13.710240
5.562720
4.368960
12.204000
6.272640
2.478240
9.250560
12.530880
12.196800
11.796480
8.893440
4.073760
8.903520
5.544000
10.601280
8.254080
7.689600
9.599040
8.565120
7.737120
8.786880
7.875360
7.323840
9.105120
7.611840
6.272640
3.546720
8.807040
2.985120
7.164000
8.513280
4.979520
5.885280
7.236000
7.561440
4.330080
4.844160
7.194240
7.408800
7.312320
5.061600
1.815840
6.700320
7.207200
5.641920
3.477600
6.252480
6.346080
5.869440
2.705760
4.173120
6.161760
3.692160
3.900960
6.511680
6.278400
3.297600
6.204960
6.012000
6.236640
0.884160
5.713920
2.128320
6.896160
6.359040
6.723360
5.859360
3.297600
6.448320
2.070720
5.601600
5.304960
2.063520
5.300640
3.957120
6.475680
4.479840
3.595680
3.078720
6.795360
6.481440
6.065280
6.344640
6.480000
6.147360
6.243840
-99.000000
-99.000000
-99.000000
-99.000000
-99.000000
-99.000000
-99.000000
-99.000000
-99.000000
-99.000000
-99.000000
-99.000000
-99.000000
-99.000000
-99.000000
-99.000000
-99.000000
-99.000000
-99.000000
-99.000000
-99.000000
-99.000000
-99.000000
-99.000000
-99.000000
-99.000000
-99.000000
-99.000000
-99.000000
-99.000000
-99.000000
-99.000000
-99.000000
-99.000000
-99.000000
-99.000000
-99.000000
-99.000000
-99.000000
-99.000000
-99.000000
-99.000000
-99.000000
-99.000000
-99.000000
-99.000000
-99.000000
-99.000000
-99.000000
-99.000000
-99.000000
-99.000000
-99.000000
-99.000000
-99.000000
-99.000000
-99.000000
-99.000000
-99.000000
-99.000000
-99.000000
-99.000000
-99.000000
-99.000000
-99.000000
-99.000000
-99.000000
-99.000000
-99.000000
-99.000000
-99.000000
-99.000000
-99.000000
-99.000000
-99.000000
-99.000000
-99.000000
-99.000000
-99.000000
-99.000000
-99.000000
-99.000000
-99.000000
-99.000000
-99.000000
-99.000000
-99.000000
-99.000000
-99.000000
-99.000000
-99.000000
-99.000000
-99.000000
-99.000000
-99.000000
-99.000000
-99.000000
-99.000000
-99.000000
-99.000000
-99.000000
-99.000000
-99.000000
-99.000000
-99.000000
-99.000000
-99.000000
-99.000000
-99.000000
-99.000000
-99.000000
-99.000000
-99.000000
-99.000000
-99.000000
-99.000000
-99.000000
-99.000000
-99.000000
-99.000000
-99.000000
-99.000000
-99.000000
-99.000000
-99.000000
-99.000000
-99.000000
-99.000000
-99.000000
-99.000000
-99.000000
-99.000000
-99.000000
-99.000000
-99.000000
-99.000000
-99.000000
-99.000000
-99.000000
-99.000000
-99.000000
-99.000000
-99.000000
-99.000000
-99.000000
-99.000000
-99.000000
-99.000000
-99.000000
-99.000000
-99.000000
-99.000000
-99.000000
-99.000000
-99.000000
-99.000000
-99.000000
-99.000000
-99.000000
-99.000000
-99.000000
-99.000000
-99.000000
-99.000000
-99.000000
-99.000000
-99.000000
-99.000000
-99.000000
-99.000000
-99.000000
-99.000000
-99.000000
-99.000000
-99.000000
-99.000000
-99.000000
-99.000000
-99.000000
-99.000000
-99.000000
-99.000000
-99.000000
-99.000000
-99.000000
-99.000000
-99.000000
-99.000000
-99.000000
-99.000000
-99.000000
-99.000000
-99.000000
-99.000000
-99.000000
-99.000000
-99.000000
-99.000000
-99.000000
-99.000000
-99.000000
-99.000000
-99.000000
-99.000000
-99.000000
-99.000000
-99.000000
-99.000000
-99.000000
-99.000000
-99.000000
-99.000000
-99.000000
-99.000000
-99.000000
-99.000000
-99.000000
-99.000000
-99.000000
-99.000000
-99.000000
-99.000000
-99.000000
-99.000000
-99.000000
-99.000000
-99.000000
-99.000000
-99.000000
-99.000000
-99.000000
-99.000000
-99.000000
-99.000000
-99.000000
-99.000000
-99.000000
-99.000000
-99.000000
-99.000000
-99.000000
-99.000000
-99.000000
-99.000000
-99.000000
-99.000000
-99.000000
-99.000000
-99.000000
-99.000000
-99.000000
-99.000000
-99.000000
-99.000000
-99.000000
-99.000000
-99.000000
-99.000000
-99.000000
-99.000000
-99.000000
-99.000000
-99.000000
-99.000000
-99.000000
-99.000000
-99.000000
-99.000000
-99.000000
-99.000000
-99.000000
-99.000000
-99.000000
-99.000000
-99.000000
-99.000000
-99.000000
-99.000000
-99.000000
-99.000000
-99.000000
-99.000000
-99.000000
-99.000000
-99.000000
-99.000000
-99.000000
-99.000000
-99.000000
-99.000000
-99.000000
-99.000000
-99.000000
-99.000000
-99.000000
-99.000000
-99.000000
-99.000000
-99.000000
-99.000000
-99.000000
-99.000000
-99.000000
-99.000000
-99.000000
-99.000000
-99.000000
-99.000000
-99.000000
-99.000000
-99.000000
-99.000000
-99.000000
-99.000000
-99.000000
-99.000000
-99.000000
-99.000000
-99.000000
-99.000000
-99.000000
-99.000000
-99.000000
-99.000000
-99.000000
-99.000000
-99.000000
-99.000000
-99.000000
-99.000000
-99.000000
-99.000000
-99.000000
-99.000000
-99.000000
-99.000000
-99.000000
-99.000000
-99.000000
-99.000000
-99.000000
-99.000000
-99.000000
-99.000000
-99.000000
-99.000000
-99.000000
-99.000000
-99.000000
-99.000000
-99.000000
-99.000000
-99.000000
2.797920
1.524960
2.417760
7.234560
7.364160
7.777440
5.847840
7.472160
7.784640
7.300800
7.367040
7.835040
7.941600
6.249600
2.476800
5.116320
4.321440
7.359840
6.727680
2.815200
5.513760
2.737440
6.174720
8.724960
7.786080
4.131360
6.703200
4.400640
7.783200
8.647200
8.236800
8.383680
8.464320
5.496480
8.578080
7.727040
8.667360
9.375840
9.273600
9.744480
9.482400
9.563040
8.226720
5.617440
3.098880
4.818240
11.036160
10.473120
10.768320
10.700640
11.443680
11.404800
11.453760
11.033280
5.948640
11.266560
7.511040
11.427840
11.322720
7.712640
3.892320
2.508480
5.155200
12.088800
12.453120
12.731040
5.148000
4.848480
11.144160
5.258880
4.834080
11.868480
10.154880
14.270400
9.162720
12.250080
15.507360
15.576480
8.117280
13.685760
6.841440
8.244000
15.281280
11.420640
6.716160
15.492960
10.386720
15.602400
12.372480
8.680320
7.663680
17.393760
12.915360
9.620640
16.299360
13.730400
16.849440
14.634720
10.882080
6.700320
5.771520
15.304320
14.683680
19.258560
14.662080
18.025920
13.698720
18.717120
17.383680
6.281280
15.382080
9.565920
15.740640
8.177760
17.052480
20.041920
19.218240
18.773280
18.357120
6.305760
9.627840
21.096000
10.984320
15.930720
21.324960
20.750400
21.431520
20.054880
21.546720
19.468800
8.439840
20.910240
19.298880
22.582080
22.168800
22.026240
22.212000
15.086880
19.474560
21.542400
15.982560
2.178720
2.640960
14.938560
11.394720
21.520800
16.564320
17.976960
13.760640
10.183680
21.981600
14.104800
23.112000
22.818240
12.130560
13.016160
14.002560
2.540160
17.187840
10.218240
8.353440
23.544000
21.968640
8.232480
10.792800
22.049280
10.329120
23.340960
14.790240
18.444960
16.813440
23.562720
19.560960
8.922240
21.359520
9.480960
-99.000000
-99.000000
7.644960
21.097440
13.239360
24.154560
23.676480
23.631840
23.130720
24.285600
22.737600
-99.000000
17.635680
22.646880
21.166560
23.159520
23.220000
22.233600
21.955680
21.185280
9.632160
22.115520
22.390560
17.614080
17.520480
20.869920
22.124160
20.666880
19.120320
16.816320
21.608640
20.784960
22.726080
18.459360
19.192320
21.530880
22.443840
19.190880
10.192320
22.276800
18.047520
20.291040
20.898720
3.667680
20.916000
20.854080
20.964960
21.507840
21.270240
19.632960
20.610720
20.760480
20.183040
20.044800
19.969920
15.505920
14.591520
15.084000
18.277920
14.158080
18.391680
14.274720
11.232000
19.144800
12.661920
15.400800
18.361440
17.589600
7.083360
17.542080
7.058880
5.276160
12.935520
12.129120
10.582560
18.763200
18.580320
18.260640
18.292320
15.000480
17.352000
16.336800
16.807680
12.493440
14.585760
13.262400
18.002880
17.235360
9.695520
13.170240
13.374720
9.537120
16.286400
16.354080
16.935840
4.008960
11.024640
8.007840
14.628960
7.361280
13.429440
2.831040
3.242880
11.662560
13.330080
10.064160
15.423840
15.107040
14.091840
11.868480
12.284640
14.417280
10.080000
14.641920
14.693760
14.143680
11.967840
7.315200
3.604320
13.276800
10.991520
3.412800
5.447520
11.050560
11.309760
10.154880
4.684320
2.243520
8.713440
7.594560
10.994400
3.054240
2.714400
8.195040
10.075680
11.456640
11.119680
1.550880
1.452960
10.578240
3.103200
6.550560
1.687680
10.815840
4.472640
6.779520
5.433120
8.746560
5.676480
9.012960
8.729280
5.824800
1.212480
7.613280
9.440640
9.322560
9.303840
9.159840
3.111840
8.788320
8.704800
8.768160
4.834080
3.214080
7.914240
8.064000
8.043840
4.577760
6.867360
3.297600
4.534560
7.076160
7.776000
7.500960
4.672800
7.372800
4.929120
2.227680
3.710880
2.354400
2.787840
8.202240
6.729120
6.361920
5.361120
2.188800
1.569600
6.393600
7.617600
6.138720
7.090560
7.218720
7.541280
7.449120
7.208640
7.344000
0.918720
1.595520
1.897920
0.829440
5.004000
4.828320
4.512960
2.347200
0.839520
7.773120
6.850080
1.157760
3.169440
4.050720
3.660480
6.204960
8.241120
8.578080
8.640000
6.632640
8.591040
6.806880
7.453440
7.973280
6.537600
8.691840
9.269280
5.479200
5.490720
5.526720
9.606240
9.008640
9.878400
8.645760
2.823840
2.823840
0.895680
2.763360
3.467520
3.350880
10.576800
3.756960
7.331040
10.824480
10.140480
8.762400
7.223040
7.218720
10.429920
10.294560
9.089280
5.784480
10.847520
11.692800
12.327840
11.711520
11.534400
10.478880
12.075840
12.248640
12.493440
12.919680
13.199040
13.818240
6.145920
4.085280
5.741280
4.727520
6.710400
10.982880
15.072480
15.448320
15.220800
8.943840
13.769280
5.908320
14.751360
15.377760
15.416640
15.204960
16.346880
16.646400
15.894720
16.037280
16.588800
15.524640
16.994880
17.195040
16.015680
17.267040
12.758400
16.272000
2.292480
8.337600
8.121600
2.711520
9.453600
2.989440
8.360640
18.486720
17.046720
16.449120
5.591520
10.566720
18.600480
4.577760
14.993280
4.659840
18.414720
17.935200
15.098400
13.183200
18.868320
16.958880
15.406560
14.974560
15.016320
19.382400
21.736800
19.319040
16.538400
15.251040
20.594880
12.898080
21.264480
17.573760
16.454880
22.495680
22.016160
18.220320
17.556480
21.947040
21.980160
18.421920
15.615360
14.281920
13.505760
19.843200
8.796960
7.302240
21.173760
23.512320
21.993120
22.692960
23.057280
20.416320
21.322080
12.990240
12.551040
15.942240
11.567520
22.599360
23.248800
21.366720
23.032800
23.257440
20.167200
23.414400
23.143680
23.024160
17.772480
8.524800
19.344960
21.227040
17.840160
22.204800
22.345920
23.325120
23.153760
22.618080
18.383040
17.795520
19.877760
22.798080
22.312800
12.764160
16.603200
20.944800
22.992480
21.441600
19.609920
20.016000
22.831200
22.933440
22.648320
19.929600
18.067680
22.255200
20.612160
22.001760
22.767840
22.186080
20.298240
11.089440
8.396640
6.563520
11.105280
6.834240
21.437280
22.590720
20.144160
21.932640
17.668800
11.381760
23.362560
22.655520
22.217760
21.529440
17.939520
21.425760
22.125600
18.216000
21.608640
18.073440
20.701440
20.795040
15.986880
20.705760
20.463840
17.488800
14.532480
20.492640
20.100960
20.604960
17.317440
19.124640
13.970880
15.203520
20.132640
19.375200
20.112480
19.589760
19.425600
20.073600
19.681920
19.163520
20.037600
19.579680
18.709920
17.953920
18.743040
18.452160
13.445280
15.455520
17.399520
18.048960
13.903200
18.092160
9.177120
12.090240
14.240160
15.036480
11.985120
14.031360
17.667360
17.808480
16.606080
17.866080
16.567200
15.986880
15.595200
10.982880
5.015520
2.525760
15.766560
13.392000
13.528800
14.222880
12.356640
13.871520
12.821760
15.094080
15.154560
14.760000
13.256640
14.345280
9.228960
13.550400
7.233120
13.056480
13.612320
12.784320
13.027680
12.803040
13.366080
12.975840
10.520640
11.376000
9.779040
13.128480
12.013920
13.442400
11.259360
8.660160
13.167360
13.140000
13.393440
8.172000
2.103840
4.347360
1.537920
12.071520
11.162880
7.872480
3.994560
8.269920
6.019200
9.226080
10.395360
7.401600
7.751520
6.435360
9.875520
9.552960
9.692640
10.067040
7.462080
7.597440
7.004160
9.120960
4.430880
5.713920
6.189120
7.315200
8.303040
7.842240
5.611680
6.523200
3.349440
7.302240
5.152320
4.574880
7.503840
7.185600
7.462080
7.297920
5.520960
7.639200
2.816640
6.865920
8.246880
7.449120
3.813120
4.203360
5.798880
6.788160
6.196320
6.827040
7.178400
7.220160
7.421760
4.167360
2.377440
1.127520
2.570400
4.986720
2.250720
6.939360
7.920000
7.892640
0.738720
1.386720
1.241280
0.642240
7.296480
1.661760
7.771680
3.264480
3.637440
5.456160
5.893920
8.052480
4.713120
5.379840
2.213280
2.134080
7.977600
1.069920
2.661120
3.684960
8.264160
7.001280
4.750560
8.032320
3.614400
8.169120
5.402880
1.677600
1.163520
1.258560
3.130560
8.673120
8.938080
5.578560
5.464800
1.509120
9.662400
7.469280
9.411840
7.486560
10.095840
2.435040
10.382400
8.573760
10.630080
2.053440
10.594080
8.333280
10.892160
1.628640
2.230560
10.631520
11.897280
10.745280
3.264480
7.102080
2.702880
3.693600
5.783040
10.484640
4.560480
12.553920
4.543200
6.773760
11.401920
12.964320
8.557920
13.525920
4.332960
8.317440
13.684320
10.926720
1.441440
13.425120
6.363360
13.894560
5.555520
1.499040
14.659200
13.885920
9.961920
3.064320
14.077440
15.619680
14.952960
16.191360
15.988320
13.032000
13.511520
10.666080
5.184000
5.977440
15.494400
5.902560
8.573760
18.383040
18.456480
15.687360
14.868000
18.714240
18.050400
8.536320
16.534080
14.165280
14.002560
18.419040
11.913120
5.656320
6.161760
18.522720
19.124640
19.501920
3.699360
10.316160
8.858880
11.505600
12.651840
15.629760
9.771840
16.884000
20.741760
18.924480
5.882400
7.560000
20.884320
19.131840
19.019520
21.425760
21.841920
20.328480
18.623520
12.224160
15.779520
2.142720
3.756960
14.618880
11.918880
18.141120
21.803040
16.839360
21.862080
22.055040
14.870880
11.763360
7.725600
20.393280
23.928480
23.281920
23.716800
19.926720
23.159520
22.847040
14.901120
24.026400
24.465600
23.051520
22.308480
22.114080
14.140800
22.736160
19.375200
17.259840
15.386400
17.763840
23.544000
24.294240
23.875200
6.596640
20.190240
22.786560
6.082560
14.153760
9.362880
21.402720
23.310720
10.825920
17.003520
23.803200
21.420000
23.698080
19.182240
20.720160
25.410240
24.886080
24.115680
23.420160
24.482880
21.251520
23.281920
20.986560
21.500640
21.821760
22.887360
23.411520
22.690080
17.893440
23.091840
22.317120
23.202720
22.521600
17.814240
22.708800
22.976640
22.520160
23.031360
23.230080
20.371680
21.975840
22.646880
16.273440
21.038400
20.626560
21.719520
14.620320
12.854880
20.674080
20.793600
19.637280
22.521600
21.867840
14.080320
17.039520
19.002240
21.421440
16.103520
17.226720
17.697600
12.536640
20.731680
21.710880
19.571040
13.710240
9.835200
18.028800
17.519040
15.009120
15.428160
18.136800
18.828000
19.280160
20.347200
11.268000
20.401920
20.003040
20.404800
16.194240
18.855360
19.540800
19.444320
17.820000
19.491840
17.644320
17.848800
17.925120
12.415680
12.034080
17.930880
16.364160
17.935200
16.349760
12.587040
18.403200
16.342560
14.637600
17.163360
17.310240
16.848000
15.122880
14.801760
13.008960
3.998880
3.170880
17.317440
4.704480
4.883040
15.684480
7.259040
9.689760
15.874560
11.568960
15.210720
12.911040
13.947840
13.898880
10.944000
11.718720
13.534560
13.695840
7.380000
13.724640
11.877120
8.573760
12.110400
4.438080
11.743200
4.574880
4.756320
10.782720
11.183040
11.933280
11.787840
12.683520
12.575520
12.147840
7.058880
10.369440
9.960480
8.087040
10.853280
11.928960
10.994400
9.210240
9.167040
4.949280
8.578080
4.773600
8.565120
9.476640
9.372960
9.708480
8.866080
5.895360
3.503520
9.344160
9.086400
9.002880
8.660160
8.138880
4.962240
5.267520
8.667360
3.273120
8.496000
3.552480
3.859200
7.067520
7.898400
8.084160
7.427520
7.839360
8.000640
7.502400
6.418080
2.357280
2.790720
7.428960
5.263200
7.369920
7.140960
2.877120
3.949920
4.602240
5.417280
4.415040
6.782400
6.959520
5.777280
3.247200
2.790720
6.998400
7.200000
2.875680
3.797280
4.700160
6.274080
0.587520
1.645920
5.237280
4.461120
7.125120
7.413120
6.634080
5.826240
5.689440
2.695680
2.013120
3.382560
6.809760
2.728800
5.935680
5.582880
4.320000
4.953600
7.254720
5.711040
6.828480
7.175520
6.665760
7.109280
7.398720
7.637760
7.636320
4.788000
6.995520
4.358880
5.830560
8.566560
7.068960
8.343360
8.229600
8.707680
8.562240
1.952640
4.429440
8.640000
5.355360
4.210560
9.355680
9.924480
9.056160
9.722880
9.721440
10.296000
8.727840
6.488640
10.296000
10.213920
8.399520
9.725760
10.062720
1.631520
3.195360
10.906560
4.593600
12.100320
9.012960
4.357440
10.008000
7.300800
10.349280
11.309760
12.378240
8.442720
11.365920
9.626400
13.554720
9.463680
4.848480
10.785600
12.994560
14.389920
14.595840
9.103680
9.305280
14.241600
6.419520
0.531360
13.986720
3.018240
1.664640
4.507200
11.753280
15.946560
15.043680
14.365440
14.456160
14.436000
17.305920
17.294400
14.633280
14.610240
11.436480
17.434080
9.489600
15.353280
17.246880
17.894880
18.590400
10.088640
16.277760
17.992800
17.809920
18.996480
18.871200
19.336320
18.072000
18.757440
18.646560
15.922080
11.368800
16.457760
19.586880
19.955520
20.682720
12.232800
16.541280
18.146880
5.078880
17.817120
14.627520
8.930880
13.008960
21.500640
16.590240
15.958080
21.189600
18.012960
6.672960
18.195840
21.369600
22.390560
22.007520
5.898240
21.386880
19.195200
22.668480
22.946400
20.725920
22.075200
19.548000
23.575680
23.610240
23.724000
21.818880
21.407040
24.392160
22.937760
21.736800
23.679360
23.492160
23.695200
22.282560
19.738080
13.207680
22.538880
16.892640
9.711360
20.296800
10.743840
10.379520
17.553600
17.612640
24.661440
16.027200
5.757120
14.649120
7.021440
11.329920
22.681440
19.632960
23.316480
23.983200
22.462560
22.289760
19.474560
10.971360
19.902240
23.218560
23.984640
23.353920
21.818880
24.004800
24.259680
24.330240
24.121440
22.478400
20.122560
23.477760
18.911520
18.996480
13.181760
23.852160
15.971040
23.215680
22.086720
22.950720
22.311360
22.914720
6.855840
22.448160
11.767680
21.506400
21.149280
10.562400
14.237280
21.735360
18.426240
20.623680
8.246880
23.415840
16.548480
20.115360
14.486400
18.168480
22.275360
13.618080
10.789920
20.476800
20.445120
20.640960
21.091680
21.414240
18.744480
17.880480
11.953440
15.955200
21.559680
21.080160
21.576960
21.127680
19.768320
19.460160
20.571840
20.482560
20.426400
19.487520
20.396160
20.177280
20.396160
19.265760
18.853920
17.704800
18.156960
17.382240
11.589120
18.509760
16.981920
14.195520
13.250880
18.079200
15.782400
10.991520
15.249600
13.500000
14.577120
14.829120
17.147520
17.707680
17.444160
13.672800
16.248960
16.748640
16.179840
16.790400
16.653600
15.894720
6.986880
16.901280
15.871680
16.024320
15.451200
15.186240
4.419360
15.446880
15.099840
15.003360
14.611680
14.328000
14.332320
14.283360
14.588640
14.185440
14.071680
13.849920
12.883680
3.758400
13.335840
13.656960
13.410720
13.279680
13.161600
10.932480
12.539520
10.543680
10.357920
10.441440
11.751840
10.589760
8.343360
6.461280
9.623520
4.996800
5.816160
11.525760
10.784160
2.365920
5.466240
7.093440
9.737280
7.264800
7.797600
5.770080
2.856960
1.437120
2.730240
2.558880
4.546080
9.084960
8.657280
7.369920
8.301600
5.760000
3.176640
1.671840
1.104480
1.643040
6.040800
5.870880
3.857760
6.363360
3.080160
2.676960
7.251840
7.027200
7.061760
7.277760
5.479200
3.863520
5.849280
7.129440
7.140960
5.808960
6.189120
6.852960
6.652800
6.651360
7.089120
5.644800
4.995360
5.991840
5.620320
6.815520
5.506560
5.436000
5.732640
3.646080
7.276320
6.714720
5.843520
3.876480
3.327840
6.128640
6.873120
5.127840
6.930720
6.958080
5.234400
6.998400
6.445440
6.887520
7.159680
6.887520
5.437440
6.268320
6.540480
1.301760
5.052960
7.452000
7.263360
6.950880
7.225920
7.378560
6.624000
7.724160
6.549120
3.666240
2.736000
6.376320
7.608960
7.596000
7.344000
7.672320
8.248320
7.908480
7.270560
8.485920
7.922880
4.845600
1.200960
5.734080
9.270720
5.194080
1.013760
3.831840
8.648640
10.438560
4.556160
10.644480
10.903680
7.381440
10.440000
10.306080
9.639360
10.532160
11.188800
6.465600
11.619360
11.701440
5.744160
11.387520
5.676480
12.188160
11.985120
12.479040
12.702240
12.100320
10.582560
12.345120
12.296160
11.201760
12.913920
12.816000
13.654080
9.558720
8.572320
14.214240
12.663360
14.532480
14.326560
15.418080
14.695200
14.847840
15.124320
15.616800
14.876640
12.571200
15.717600
15.344640
16.434720
15.904800
12.350880
1.524960
9.169920
16.888320
17.022240
17.321760
15.454080
16.551360
17.645760
17.820000
17.782560
17.860320
18.122400
16.092000
5.541120
4.942080
5.384160
14.656320
19.624320
19.713600
12.854880
9.390240
19.356480
6.207840
11.842560
17.151840
12.116160
13.825440
21.493440
7.948800
17.045280
19.260000
19.166400
9.588960
14.866560
18.823680
16.889760
21.788640
9.126720
8.569440
22.934880
19.805760
22.839840
22.980960
22.842720
14.461920
21.794400
15.926400
21.448800
17.766720
20.923200
23.065920
23.179680
21.107520
15.929280
23.348160
16.708320
17.903520
10.634400
15.399360
11.318400
14.938560
11.890080
11.831040
22.432320
23.575680
23.983200
18.391680
23.364000
18.293760
22.970880
23.129280
23.064480
23.158080
22.690080
10.854720
14.762880
24.000480
19.920960
22.713120
18.527040
20.036160
18.496800
18.069120
21.808800
17.550720
21.252960
24.652800
24.727680
24.086880
21.798720
12.889440
17.356320
24.089760
24.156000
24.144480
23.760000
24.012000
24.088320
23.646240
22.514400
21.204000
21.123360
4.782240
24.268320
23.241600
23.267520
19.118880
22.704480
21.234240
22.145760
23.965920
22.714560
22.170240
14.834880
20.112480
13.845600
18.312480
21.720960
23.077440
23.539680
23.032800
22.383360
12.333600
18.378720
21.435840
22.511520
22.253760
20.070720
16.967520
21.162240
19.827360
17.272800
21.215520
21.381120
21.142080
21.061440
20.881440
20.247840
20.039040
21.758400
21.661920
20.528640
20.923200
19.444320
16.426080
20.105280
20.592000
19.700640
19.831680
19.709280
18.856800
17.347680
18.900000
18.587520
18.959040
18.931680
17.907840
16.745760
13.982400
16.644960
15.261120
16.198560
5.542560
18.426240
16.698240
11.862720
17.559360
18.296640
16.356960
16.480800
16.960320
11.685600
15.432480
16.171200
16.958880
12.461760
16.499520
17.292960
16.394400
10.903680
8.288640
6.521760
8.127360
4.271040
12.790080
14.663520
6.156000
15.949440
14.616000
9.663840
6.251040
5.680800
0.652320
9.787680
14.826240
14.148000
14.160960
13.728960
13.782240
11.769120
11.592000
10.471680
11.273760
9.792000
6.364800
4.397760
7.922880
11.124000
12.759840
11.972160
11.646720
4.455360
5.349600
3.961440
7.724160
8.579520
8.887680
10.869120
3.407040
5.588640
6.464160
11.875680
11.377440
3.120480
2.531520
10.562400
10.532160
5.029920
4.970880
9.689760
4.327200
8.084160
8.848800
5.853600
5.270400
5.032800
8.807040
3.954240
3.212640
7.878240
7.126560
3.032640
3.546720
7.500960
7.709760
4.628160
4.710240
7.090560
7.374240
6.861600
3.144960
1.802880
0.940320
5.352480
7.380000
6.363360
7.342560
6.899040
5.330880
6.965280
6.929280
6.995520
6.937920
6.897600
6.592320
2.253600
4.226400
4.834080
3.111840
4.854240
6.449760
6.014880
6.010560
2.698560
3.454560
5.268960
4.808160
6.560640
3.866400
3.054240
5.793120
7.031520
5.391360
7.120800
6.619680
6.937920
2.193120
7.054560
5.781600
6.121440
7.358400
7.485120
7.878240
7.223040
6.674400
5.857920
7.109280
6.429600
1.638720
4.904640
5.408640
3.504960
4.809600
4.772160
2.390400
6.588000
5.898240
6.845760
5.310720
6.402240
9.532800
7.911360
5.296320
9.511200
8.203680
8.184960
9.289440
9.067680
6.575040
10.700640
9.911520
9.417600
9.185760
11.134080
5.040000
10.844640
7.806240
6.295680
10.625760
11.304000
10.463040
9.139680
2.052000
6.088320
6.300000
10.860480
12.515040
5.692320
0.983520
9.535680
11.780640
7.932960
12.994560
6.094080
4.563360
5.240160
13.764960
12.228480
3.955680
1.671840
3.270240
12.260160
15.222240
15.042240
15.285600
14.243040
12.224160
1.281600
16.607520
16.574400
9.712800
6.914880
17.354880
16.496640
13.911840
15.969600
16.309440
11.412000
11.468160
17.422560
12.964320
9.051840
15.881760
9.214560
13.884480
17.009280
4.377600
17.015040
15.261120
6.780960
4.104000
12.625920
18.355680
14.211360
19.180800
18.357120
17.748000
20.318400
20.363040
20.822400
18.813600
18.433440
20.387520
20.459520
9.861120
21.332160
21.169440
20.099520
21.353760
22.083840
4.308480
10.614240
3.784320
3.101760
2.920320
19.317600
22.917600
21.765600
22.926240
20.731680
22.017600
22.809600
21.204000
16.632000
13.062240
4.400640
8.903520
19.488960
22.380480
7.666560
9.708480
9.976320
23.467680
18.269280
15.323040
18.498240
21.103200
23.199840
23.670720
19.602720
16.172640
22.086720
18.887040
13.492800
22.272480
20.954880
17.876160
22.021920
23.307840
23.978880
22.413600
21.510720
24.096960
20.221920
17.186400
14.965920
25.048800
24.611040
24.323040
24.304320
23.948640
23.175360
23.771520
20.619360
9.054720
25.083360
21.706560
21.309120
24.209280
14.078880
20.324160
21.990240
21.228480
20.230560
19.592640
23.378400
21.612960
24.069600
22.121280
21.587040
16.992000
23.603040
24.104160
23.410080
20.845440
23.198400
22.327200
14.912640
23.467680
19.974240
22.626720
22.985280
22.587840
16.634880
16.824960
20.436480
21.062880
20.246400
22.420800
21.581280
22.060800
22.440960
21.686400
20.792160
19.751040
23.175360
22.824000
22.448160
23.171040
21.680640
12.941280
21.533760
20.864160
20.445120
12.314880
19.022400
22.341600
21.709440
21.746880
21.300480
19.290240
17.881920
20.649600
18.643680
15.467040
20.272320
17.308800
19.671840
18.858240
19.208160
19.097280
17.002080
12.522240
4.476960
17.183520
13.726080
12.417120
17.772480
18.470880
18.617760
14.052960
19.137600
18.910080
18.669600
17.265600
7.335360
11.930400
10.555200
15.099840
5.814720
15.346080
16.439040
16.729920
2.338560
17.028000
6.216480
16.824960
14.767200
16.247520
16.296480
16.151040
15.935040
15.209280
14.921280
13.952160
14.090400
7.619040
14.172480
11.443680
13.039200
9.653760
7.364160
2.280960
14.038560
8.117280
13.357440
12.280320
9.204480
11.859840
3.060000
11.936160
12.339360
11.262240
7.669440
12.445920
7.760160
4.115520
8.568000
9.514080
10.923840
8.984160
10.139040
10.398240
11.027520
7.066080
11.004480
10.340640
1.329120
4.852800
8.735040
9.192960
8.015040
7.122240
4.489920
9.135360
9.300960
9.093600
8.930880
5.902560
5.688000
8.426880
8.688960
4.584960
7.587360
8.730720
0.718560
3.117600
0.917280
5.644800
7.511040
6.625440
7.773120
6.828480
4.769280
7.692480
7.254720
7.706880
7.172640
7.096320
2.439360
6.624000
2.037600
6.851520
7.162560
6.910560
6.857280
6.868800
6.117120
6.488640
6.354720
2.917440
6.287040
6.333120
6.043680
6.530400
3.633120
2.175840
3.335040
1.484640
3.312000
4.167360
6.350400
4.268160
3.057120
1.326240
6.914880
6.073920
6.132960
7.238880
6.736320
4.623840
6.333120
4.406400
4.096800
3.401280
6.765120
6.868800
6.930720
6.488640
6.416640
2.897280
2.793600
6.279840
2.841120
5.487840
5.192640
1.565280
7.783200
2.298240
5.271840
5.103360
8.709120
2.416320
8.393760
6.799680
2.700000
7.633440
-99.000000
-99.000000
3.921120
8.264160
7.979040
1.388160
10.228320
7.934400
9.995040
8.256960
9.344160
8.853120
7.205760
4.825440
5.630400
7.947360
11.158560
10.615680
10.965600
-99.000000
-99.000000
10.715040
3.098880
9.423360
11.456640
4.728960
12.610080
12.803040
12.382560
9.781920
12.152160
6.321600
9.465120
9.709920
13.173120
10.594080
13.452480
10.941120
13.514400
14.715360
14.711040
15.076800
14.571360
8.760960
14.135040
15.251040
12.720960
15.230880
15.841440
15.873120
15.575040
12.245760
10.029600
8.350560
9.920160
14.446080
15.942240
14.091840
8.915040
16.970400
15.566400
9.941760
1.432800
13.906080
14.528160
7.349760
4.186080
16.737120
18.725760
19.224000
14.855040
17.148960
19.035360
18.997920
13.227840
17.631360
16.259040
18.047520
19.042560
20.498400
20.606400
19.009440
15.770880
6.271200
11.213280
10.882080
21.062880
19.883520
16.763040
19.513440
21.155040
20.478240
21.494880
19.975680
21.395520
14.996160
23.081760
21.803040
23.124960
19.742400
17.425440
20.878560
22.366080
20.180160
16.041600
9.524160
5.332320
23.808960
23.487840
23.853600
20.730240
14.631840
22.426560
5.070240
9.552960
15.068160
23.685120
22.423680
14.639040
10.900800
18.794880
13.152960
16.525440
8.857440
14.528160
23.862240
21.363840
22.402080
19.768320
24.372000
17.071200
23.856480
22.759200
20.481120
23.837760
22.897440
16.751520
15.700320
4.654080
14.987520
19.944000
9.570240
21.604320
22.880160
24.354720
23.099040
13.943520
22.220640
13.150080
11.469600
17.534880
21.051360
23.526720
16.686720
23.994720
19.041120
20.270880
16.629120
22.937760
23.883840
21.510720
6.747840
23.293440
11.495520
24.428160
23.940000
20.010240
22.769280
14.052960
19.365120
23.434560
22.731840
20.013120
18.531360
19.683360
22.508640
22.716000
22.461120
21.421440
13.913280
21.997440
22.155840
7.251840
14.443200
23.142240
22.684320
16.243200
16.551360
21.114720
19.779840
20.161440
18.640800
17.045280
20.443680
18.622080
18.745920
20.413440
18.226080
12.319200
17.942400
10.476000
13.420800
19.128960
14.715360
17.899200
10.072800
10.762560
4.118400
17.164800
15.386400
15.504480
18.934560
19.484640
19.239840
12.981600
16.780320
16.596000
14.902560
14.978880
18.033120
5.666400
10.873440
14.063040
15.428160
16.263360
14.068800
17.340480
16.947360
12.241440
12.862080
11.227680
16.395840
15.677280
10.336320
12.833280
16.381440
13.716000
9.025920
2.347200
10.015200
10.618560
14.676480
14.744160
14.832000
2.204640
13.164480
7.037280
11.439360
14.258880
13.677120
12.623040
10.995840
9.360000
12.071520
13.603680
9.980640
11.479680
12.549600
11.144160
12.945600
4.476960
9.810720
11.265120
12.124800
12.438720
10.785600
11.198880
10.140480
11.640960
11.496960
11.134080
10.560960
10.630080
5.800320
8.049600
10.029600
8.791200
6.130080
7.856640
9.237600
6.528960
3.277440
9.141120
9.780480
9.584640
2.784960
4.822560
3.097440
3.516480
9.041760
8.606880
2.920320
8.458560
8.460000
7.392960
8.316000
8.101440
7.673760
5.832000
3.384000
5.325120
2.890080
2.646720
3.193920
4.420800
3.934080
0.859680
1.421280
4.083840
6.055200
1.438560
1.820160
4.404960
6.888960
6.802560
4.727520
7.243200
5.143680
6.766560
6.441120
5.002560
4.125600
1.442880
4.822560
2.947680
5.713920
6.275520
5.870880
6.684480
6.562080
6.563520
5.528160
6.648480
4.152960
3.492000
6.166080
7.240320
6.972480
7.081920
6.703200
7.058880
6.877440
7.045920
7.187040
7.100640
2.579040
7.299360
7.329600
7.309440
6.029280
7.881120
6.334560
7.267680
7.290720
-99.000000
-99.000000
-99.000000
-99.000000
-99.000000
-99.000000
-99.000000
-99.000000
-99.000000
-99.000000
-99.000000
-99.000000
-99.000000
-99.000000
-99.000000
-99.000000
-99.000000
-99.000000
-99.000000
-99.000000
-99.000000
-99.000000
-99.000000
-99.000000
-99.000000
-99.000000
-99.000000
-99.000000
-99.000000
-99.000000
-99.000000
-99.000000
-99.000000
-99.000000
-99.000000
-99.000000
-99.000000
-99.000000
-99.000000
-99.000000
-99.000000
-99.000000
-99.000000
-99.000000
-99.000000
-99.000000
-99.000000
-99.000000
-99.000000
-99.000000
-99.000000
-99.000000
-99.000000
-99.000000
-99.000000
-99.000000
-99.000000
-99.000000
-99.000000
-99.000000
-99.000000
-99.000000
-99.000000
-99.000000
-99.000000
-99.000000
-99.000000
-99.000000
-99.000000
-99.000000
-99.000000
-99.000000
-99.000000
-99.000000
-99.000000
-99.000000
-99.000000
-99.000000
-99.000000
-99.000000
-99.000000
-99.000000
-99.000000
-99.000000
-99.000000
-99.000000
-99.000000
-99.000000
-99.000000
-99.000000
-99.000000
-99.000000
-99.000000
-99.000000
-99.000000
-99.000000
-99.000000
-99.000000
-99.000000
-99.000000
-99.000000
-99.000000
-99.000000
-99.000000
-99.000000
-99.000000
-99.000000
-99.000000
-99.000000
-99.000000
-99.000000
-99.000000
-99.000000
-99.000000
-99.000000
-99.000000
-99.000000
-99.000000
-99.000000
-99.000000
-99.000000
-99.000000
-99.000000
-99.000000
-99.000000
-99.000000
-99.000000
-99.000000
-99.000000
-99.000000
-99.000000
-99.000000
-99.000000
-99.000000
-99.000000
-99.000000
-99.000000
-99.000000
-99.000000
-99.000000
-99.000000
-99.000000
-99.000000
-99.000000
-99.000000
-99.000000
-99.000000
-99.000000
-99.000000
-99.000000
-99.000000
-99.000000
-99.000000
-99.000000
-99.000000
-99.000000
-99.000000
-99.000000
-99.000000
-99.000000
-99.000000
-99.000000
-99.000000
-99.000000
-99.000000
-99.000000
-99.000000
-99.000000
-99.000000
-99.000000
-99.000000
-99.000000
-99.000000
-99.000000
-99.000000
-99.000000
-99.000000
-99.000000
-99.000000
-99.000000
-99.000000
-99.000000
-99.000000
-99.000000
-99.000000
-99.000000
-99.000000
-99.000000
-99.000000
-99.000000
-99.000000
-99.000000
-99.000000
-99.000000
-99.000000
-99.000000
-99.000000
-99.000000
-99.000000
-99.000000
-99.000000
-99.000000
-99.000000
-99.000000
-99.000000
-99.000000
-99.000000
-99.000000
-99.000000
-99.000000
-99.000000
-99.000000
-99.000000
-99.000000
-99.000000
-99.000000
-99.000000
-99.000000
-99.000000
-99.000000
-99.000000
-99.000000
-99.000000
-99.000000
-99.000000
-99.000000
-99.000000
-99.000000
-99.000000
-99.000000
-99.000000
-99.000000
-99.000000
-99.000000
-99.000000
-99.000000
-99.000000
-99.000000
-99.000000
-99.000000
-99.000000
-99.000000
-99.000000
-99.000000
-99.000000
-99.000000
-99.000000
-99.000000
-99.000000
-99.000000
-99.000000
-99.000000
-99.000000
-99.000000
-99.000000
-99.000000
-99.000000
-99.000000
-99.000000
-99.000000
-99.000000
-99.000000
-99.000000
-99.000000
-99.000000
-99.000000
-99.000000
-99.000000
-99.000000
-99.000000
-99.000000
-99.000000
-99.000000
-99.000000
-99.000000
-99.000000
-99.000000
-99.000000
-99.000000
-99.000000
-99.000000
-99.000000
-99.000000
-99.000000
-99.000000
-99.000000
-99.000000
-99.000000
-99.000000
-99.000000
-99.000000
-99.000000
-99.000000
-99.000000
-99.000000
-99.000000
-99.000000
-99.000000
-99.000000
-99.000000
-99.000000
-99.000000
-99.000000
-99.000000
-99.000000
-99.000000
-99.000000
-99.000000
-99.000000
-99.000000
-99.000000
-99.000000
-99.000000
-99.000000
-99.000000
-99.000000
-99.000000
-99.000000
-99.000000
-99.000000
-99.000000
-99.000000
-99.000000
-99.000000
-99.000000
-99.000000
-99.000000
-99.000000
-99.000000
-99.000000
-99.000000
-99.000000
-99.000000
-99.000000
-99.000000
-99.000000
-99.000000
-99.000000
-99.000000
-99.000000
-99.000000
-99.000000
-99.000000
-99.000000
-99.000000
-99.000000
-99.000000
-99.000000
-99.000000
-99.000000
-99.000000
-99.000000
-99.000000
-99.000000
-99.000000
-99.000000
-99.000000
-99.000000
-99.000000
-99.000000
-99.000000
-99.000000
-99.000000
-99.000000
-99.000000
-99.000000
-99.000000
-99.000000
-99.000000
-99.000000
-99.000000
-99.000000
-99.000000
-99.000000
-99.000000
-99.000000
-99.000000
-99.000000
-99.000000
-99.000000
-99.000000
-99.000000
-99.000000
-99.000000
-99.000000
-99.000000
-99.000000
-99.000000
-99.000000
-99.000000
-99.000000
-99.000000
-99.000000
-99.000000
-99.000000
-99.000000
-99.000000
-99.000000
-99.000000
-99.000000
-99.000000
-99.000000
-99.000000
-99.000000
-99.000000
-99.000000
-99.000000
-99.000000
-99.000000
-99.000000
-99.000000
-99.000000
-99.000000
-99.000000
-99.000000
-99.000000
-99.000000
-99.000000
-99.000000
-99.000000
-99.000000
-99.000000
-99.000000
-99.000000
-99.000000
-99.000000
-99.000000
-99.000000
-99.000000
-99.000000
-99.000000
-99.000000
-99.000000
-99.000000
-99.000000
-99.000000
-99.000000
-99.000000
-99.000000
-99.000000
-99.000000
-99.000000
-99.000000
-99.000000
-99.000000
-99.000000
-99.000000
-99.000000
-99.000000
-99.000000
-99.000000
-99.000000
-99.000000
-99.000000
-99.000000
-99.000000
-99.000000
-99.000000
-99.000000
-99.000000
-99.000000
-99.000000
-99.000000
-99.000000
-99.000000
-99.000000
-99.000000
-99.000000
-99.000000
-99.000000
-99.000000
-99.000000
-99.000000
-99.000000
-99.000000
-99.000000
-99.000000
-99.000000
-99.000000
-99.000000
-99.000000
-99.000000
-99.000000
-99.000000
-99.000000
-99.000000
-99.000000
-99.000000
-99.000000
-99.000000
-99.000000
-99.000000
-99.000000
-99.000000
-99.000000
-99.000000
-99.000000
-99.000000
-99.000000
-99.000000
-99.000000
-99.000000
-99.000000
-99.000000
-99.000000
-99.000000
-99.000000
-99.000000
-99.000000
-99.000000
-99.000000
-99.000000
-99.000000
-99.000000
-99.000000
-99.000000
-99.000000
-99.000000
-99.000000
-99.000000
-99.000000
-99.000000
-99.000000
-99.000000
-99.000000
-99.000000
-99.000000
-99.000000
-99.000000
-99.000000
-99.000000
-99.000000
-99.000000
-99.000000
-99.000000
-99.000000
-99.000000
-99.000000
-99.000000
-99.000000
-99.000000
-99.000000
-99.000000
-99.000000
-99.000000
-99.000000
-99.000000
-99.000000
-99.000000
-99.000000
-99.000000
-99.000000
-99.000000
-99.000000
-99.000000
-99.000000
-99.000000
-99.000000
-99.000000
-99.000000
-99.000000
-99.000000
-99.000000
-99.000000
-99.000000
-99.000000
-99.000000
-99.000000
-99.000000
-99.000000
-99.000000
-99.000000
-99.000000
-99.000000
-99.000000
-99.000000
-99.000000
-99.000000
-99.000000
-99.000000
-99.000000
-99.000000
-99.000000
-99.000000
-99.000000
-99.000000
-99.000000
-99.000000
-99.000000
-99.000000
-99.000000
-99.000000
-99.000000
-99.000000
-99.000000
-99.000000
-99.000000
-99.000000
-99.000000
-99.000000
-99.000000
-99.000000
-99.000000
-99.000000
-99.000000
-99.000000
-99.000000
-99.000000
-99.000000
-99.000000
-99.000000
-99.000000
-99.000000
-99.000000
-99.000000
-99.000000
-99.000000
-99.000000
-99.000000
-99.000000
-99.000000
-99.000000
-99.000000
-99.000000
-99.000000
-99.000000
-99.000000
-99.000000
-99.000000
-99.000000
-99.000000
-99.000000
-99.000000
-99.000000
-99.000000
-99.000000
-99.000000
-99.000000
-99.000000
-99.000000
-99.000000
-99.000000
-99.000000
-99.000000
-99.000000
-99.000000
-99.000000
-99.000000
-99.000000
-99.000000
-99.000000
-99.000000
-99.000000
-99.000000
-99.000000
-99.000000
-99.000000
-99.000000
-99.000000
-99.000000
-99.000000
-99.000000
-99.000000
-99.000000
-99.000000
-99.000000
-99.000000
-99.000000
-99.000000
-99.000000
-99.000000
-99.000000
-99.000000
-99.000000
-99.000000
-99.000000
-99.000000
-99.000000
-99.000000
-99.000000
-99.000000
-99.000000
-99.000000
-99.000000
-99.000000
-99.000000
-99.000000
-99.000000
-99.000000
-99.000000
-99.000000
-99.000000
-99.000000
-99.000000
-99.000000
-99.000000
-99.000000
-99.000000
-99.000000
-99.000000
-99.000000
-99.000000
-99.000000
-99.000000
-99.000000
-99.000000
-99.000000
-99.000000
-99.000000
-99.000000
-99.000000
-99.000000
-99.000000
-99.000000
-99.000000
-99.000000
-99.000000
-99.000000
-99.000000
-99.000000
-99.000000
-99.000000
-99.000000
-99.000000
-99.000000
-99.000000
-99.000000
-99.000000
-99.000000
-99.000000
-99.000000
-99.000000
-99.000000
-99.000000
-99.000000
-99.000000
-99.000000
-99.000000
-99.000000
-99.000000
-99.000000
-99.000000
-99.000000
-99.000000
-99.000000
-99.000000
-99.000000
-99.000000
-99.000000
-99.000000
-99.000000
-99.000000
-99.000000
-99.000000
-99.000000
-99.000000
-99.000000
-99.000000
-99.000000
-99.000000
-99.000000
-99.000000
-99.000000
-99.000000
-99.000000
-99.000000
-99.000000
-99.000000
-99.000000
-99.000000
-99.000000
-99.000000
-99.000000
-99.000000
-99.000000
-99.000000
-99.000000
-99.000000
-99.000000
-99.000000
-99.000000
-99.000000
-99.000000
-99.000000
-99.000000
-99.000000
-99.000000
-99.000000
-99.000000
-99.000000
-99.000000
-99.000000
-99.000000
-99.000000
-99.000000
-99.000000
-99.000000
-99.000000
-99.000000
-99.000000
-99.000000
-99.000000
-99.000000
-99.000000
-99.000000
-99.000000
-99.000000
-99.000000
-99.000000
-99.000000
-99.000000
-99.000000
-99.000000
-99.000000
-99.000000
-99.000000
-99.000000
-99.000000
-99.000000
-99.000000
-99.000000
-99.000000
-99.000000
-99.000000
-99.000000
-99.000000
-99.000000
-99.000000
-99.000000
-99.000000
-99.000000
-99.000000
-99.000000
-99.000000
-99.000000
-99.000000
-99.000000
-99.000000
-99.000000
-99.000000
-99.000000
-99.000000
-99.000000
-99.000000
-99.000000
-99.000000
-99.000000
-99.000000
-99.000000
-99.000000
-99.000000
-99.000000
-99.000000
-99.000000
-99.000000
-99.000000
-99.000000
-99.000000
-99.000000
-99.000000
-99.000000
-99.000000
-99.000000
-99.000000
-99.000000
-99.000000
-99.000000
-99.000000
-99.000000
-99.000000
-99.000000
-99.000000
-99.000000
-99.000000
-99.000000
-99.000000
-99.000000
-99.000000
-99.000000
-99.000000
-99.000000
-99.000000
-99.000000
-99.000000
-99.000000
-99.000000
-99.000000
-99.000000
-99.000000
-99.000000
-99.000000
-99.000000
-99.000000
-99.000000
-99.000000
-99.000000
-99.000000
-99.000000
-99.000000
-99.000000
-99.000000
-99.000000
-99.000000
-99.000000
-99.000000
-99.000000
-99.000000
-99.000000
-99.000000
-99.000000
-99.000000
-99.000000
-99.000000
-99.000000
-99.000000
-99.000000
-99.000000
-99.000000
-99.000000
-99.000000
-99.000000
-99.000000
-99.000000
-99.000000
-99.000000
-99.000000
-99.000000
-99.000000
-99.000000
-99.000000
-99.000000
-99.000000
-99.000000
-99.000000
-99.000000
-99.000000
-99.000000
-99.000000
-99.000000
-99.000000
-99.000000
-99.000000
-99.000000
-99.000000
-99.000000
-99.000000
-99.000000
-99.000000
-99.000000
-99.000000
-99.000000
-99.000000
-99.000000
-99.000000
-99.000000
-99.000000
-99.000000
-99.000000
-99.000000
-99.000000
-99.000000
-99.000000
-99.000000
-99.000000
-99.000000
-99.000000
-99.000000
-99.000000
-99.000000
-99.000000
-99.000000
-99.000000
-99.000000
-99.000000
-99.000000
-99.000000
-99.000000
-99.000000
-99.000000
-99.000000
-99.000000
-99.000000
-99.000000
-99.000000
-99.000000
-99.000000
-99.000000
-99.000000
-99.000000
-99.000000
-99.000000
-99.000000
-99.000000
-99.000000
-99.000000
-99.000000
-99.000000
-99.000000
-99.000000
-99.000000
-99.000000
-99.000000
-99.000000
-99.000000
-99.000000
-99.000000
-99.000000
-99.000000
-99.000000
-99.000000
-99.000000
-99.000000
-99.000000
-99.000000
-99.000000
-99.000000
-99.000000
-99.000000
-99.000000
-99.000000
-99.000000
-99.000000
-99.000000
-99.000000
-99.000000
-99.000000
-99.000000
-99.000000
-99.000000
-99.000000
-99.000000
-99.000000
-99.000000
-99.000000
-99.000000
-99.000000
-99.000000
-99.000000
-99.000000
-99.000000
-99.000000
-99.000000
-99.000000
-99.000000
-99.000000
-99.000000
-99.000000
-99.000000
-99.000000
-99.000000
-99.000000
-99.000000
-99.000000
-99.000000
-99.000000
-99.000000
-99.000000
-99.000000
-99.000000
-99.000000
-99.000000
-99.000000
-99.000000
-99.000000
-99.000000
-99.000000
-99.000000
-99.000000
-99.000000
-99.000000
-99.000000
-99.000000
-99.000000
-99.000000
-99.000000
-99.000000
-99.000000
-99.000000
-99.000000
-99.000000
-99.000000
-99.000000
-99.000000
-99.000000
-99.000000
-99.000000
-99.000000
-99.000000
-99.000000
-99.000000
-99.000000
-99.000000
-99.000000
-99.000000
-99.000000
-99.000000
-99.000000
-99.000000
-99.000000
-99.000000
-99.000000
-99.000000
-99.000000
-99.000000
-99.000000
-99.000000
-99.000000
-99.000000
-99.000000
-99.000000
-99.000000
-99.000000
-99.000000
-99.000000
-99.000000
-99.000000
-99.000000
-99.000000
-99.000000
-99.000000
-99.000000
-99.000000
-99.000000
-99.000000
-99.000000
-99.000000
-99.000000
-99.000000
-99.000000
-99.000000
-99.000000
-99.000000
-99.000000
-99.000000
-99.000000
-99.000000
-99.000000
-99.000000
-99.000000
-99.000000
-99.000000
-99.000000
-99.000000
-99.000000
-99.000000
-99.000000
-99.000000
-99.000000
-99.000000
-99.000000
-99.000000
-99.000000
-99.000000
-99.000000
-99.000000
-99.000000
-99.000000
-99.000000
-99.000000
-99.000000
-99.000000
-99.000000
-99.000000
-99.000000
-99.000000
-99.000000
-99.000000
-99.000000
-99.000000
-99.000000
-99.000000
-99.000000
-99.000000
-99.000000
-99.000000
-99.000000
-99.000000
-99.000000
-99.000000
-99.000000
-99.000000
-99.000000
-99.000000
-99.000000
-99.000000
-99.000000
-99.000000
-99.000000
-99.000000
-99.000000
-99.000000
-99.000000
-99.000000
-99.000000
-99.000000
-99.000000
-99.000000
-99.000000
-99.000000
-99.000000
-99.000000
-99.000000
-99.000000
-99.000000
-99.000000
-99.000000
-99.000000
-99.000000
-99.000000
-99.000000
-99.000000
-99.000000
-99.000000
-99.000000
-99.000000
-99.000000
-99.000000
-99.000000
-99.000000
-99.000000
-99.000000
-99.000000
-99.000000
-99.000000
-99.000000
-99.000000
-99.000000
-99.000000
-99.000000
-99.000000
-99.000000
-99.000000
-99.000000
-99.000000
-99.000000
-99.000000
-99.000000
-99.000000
-99.000000
-99.000000
-99.000000
-99.000000
-99.000000
-99.000000
-99.000000
-99.000000
-99.000000
-99.000000
-99.000000
-99.000000
-99.000000
-99.000000
-99.000000
-99.000000
-99.000000
-99.000000
-99.000000
-99.000000
-99.000000
-99.000000
-99.000000
-99.000000
-99.000000
-99.000000
-99.000000
-99.000000
-99.000000
-99.000000
-99.000000
-99.000000
-99.000000
-99.000000
-99.000000
-99.000000
-99.000000
-99.000000
-99.000000
-99.000000
-99.000000
-99.000000
-99.000000
-99.000000
-99.000000
-99.000000
-99.000000
-99.000000
-99.000000
-99.000000
-99.000000
-99.000000
-99.000000
-99.000000
-99.000000
-99.000000
-99.000000
-99.000000
-99.000000
-99.000000
-99.000000
-99.000000
-99.000000
-99.000000
-99.000000
-99.000000
-99.000000
-99.000000
-99.000000
-99.000000
-99.000000
-99.000000
-99.000000
-99.000000
-99.000000
-99.000000
-99.000000
-99.000000
-99.000000
-99.000000
-99.000000
-99.000000
-99.000000
-99.000000
-99.000000
-99.000000
-99.000000
-99.000000
-99.000000
-99.000000
-99.000000
-99.000000
-99.000000
-99.000000
-99.000000
-99.000000
-99.000000
-99.000000
-99.000000
-99.000000
-99.000000
-99.000000
-99.000000
-99.000000
-99.000000
-99.000000
-99.000000
-99.000000
-99.000000
-99.000000
-99.000000
-99.000000
-99.000000
-99.000000
-99.000000
-99.000000
-99.000000
-99.000000
-99.000000
-99.000000
-99.000000
-99.000000
-99.000000
-99.000000
-99.000000
-99.000000
-99.000000
-99.000000
-99.000000
-99.000000
-99.000000
-99.000000
-99.000000
-99.000000
-99.000000
-99.000000
-99.000000
-99.000000
-99.000000
-99.000000
-99.000000
-99.000000
-99.000000
-99.000000
-99.000000
-99.000000
-99.000000
-99.000000
-99.000000
-99.000000
-99.000000
-99.000000
-99.000000
-99.000000
-99.000000
-99.000000
-99.000000
-99.000000
-99.000000
-99.000000
-99.000000
-99.000000
-99.000000
-99.000000
-99.000000
-99.000000
-99.000000
-99.000000
-99.000000
-99.000000
-99.000000
-99.000000
-99.000000
-99.000000
-99.000000
-99.000000
-99.000000
-99.000000
-99.000000
-99.000000
-99.000000
-99.000000
-99.000000
-99.000000
-99.000000
-99.000000
-99.000000
-99.000000
-99.000000
-99.000000
-99.000000
-99.000000
-99.000000
-99.000000
-99.000000
-99.000000
-99.000000
-99.000000
-99.000000
-99.000000
-99.000000
-99.000000
-99.000000
-99.000000
-99.000000
-99.000000
-99.000000
-99.000000
-99.000000
-99.000000
-99.000000
-99.000000
-99.000000
-99.000000
-99.000000
-99.000000
-99.000000
-99.000000
-99.000000
-99.000000
-99.000000
-99.000000
-99.000000
-99.000000
-99.000000
-99.000000
-99.000000
-99.000000
-99.000000
-99.000000
-99.000000
-99.000000
-99.000000
-99.000000
-99.000000
-99.000000
-99.000000
-99.000000
-99.000000
-99.000000
-99.000000
-99.000000
-99.000000
-99.000000
-99.000000
-99.000000
-99.000000
-99.000000
-99.000000
-99.000000
-99.000000
-99.000000
-99.000000
-99.000000
-99.000000
-99.000000
-99.000000
-99.000000
-99.000000
-99.000000
-99.000000
-99.000000
-99.000000
-99.000000
-99.000000
-99.000000
-99.000000
-99.000000
-99.000000
-99.000000
-99.000000
-99.000000
-99.000000
-99.000000
-99.000000
-99.000000
-99.000000
-99.000000
-99.000000
-99.000000
-99.000000
-99.000000
-99.000000
-99.000000
-99.000000
-99.000000
-99.000000
-99.000000
-99.000000
-99.000000
-99.000000
-99.000000
-99.000000
-99.000000
-99.000000
-99.000000
-99.000000
-99.000000
-99.000000
-99.000000
-99.000000
-99.000000
-99.000000
-99.000000
-99.000000
-99.000000
-99.000000
-99.000000
-99.000000
-99.000000
-99.000000
-99.000000
-99.000000
-99.000000
-99.000000
-99.000000
-99.000000
-99.000000
-99.000000
-99.000000
-99.000000
-99.000000
-99.000000
-99.000000
-99.000000
-99.000000
-99.000000
-99.000000
-99.000000
-99.000000
-99.000000
-99.000000
-99.000000
-99.000000
-99.000000
-99.000000
-99.000000
-99.000000
-99.000000
-99.000000
-99.000000
-99.000000
-99.000000
-99.000000
-99.000000
-99.000000
-99.000000
-99.000000
-99.000000
-99.000000
-99.000000
-99.000000
-99.000000
-99.000000
-99.000000
-99.000000
-99.000000
-99.000000
-99.000000
-99.000000
-99.000000
-99.000000
-99.000000
-99.000000
-99.000000
-99.000000
-99.000000
-99.000000
-99.000000
-99.000000
-99.000000
-99.000000
-99.000000
-99.000000
-99.000000
-99.000000
-99.000000
-99.000000
-99.000000
-99.000000
-99.000000
-99.000000
-99.000000
-99.000000
-99.000000
-99.000000
-99.000000
-99.000000
-99.000000
-99.000000
-99.000000
-99.000000
-99.000000
-99.000000
-99.000000
-99.000000
-99.000000
-99.000000
-99.000000
-99.000000
-99.000000
-99.000000
-99.000000
-99.000000
-99.000000
-99.000000
-99.000000
-99.000000
-99.000000
-99.000000
-99.000000
-99.000000
-99.000000
-99.000000
-99.000000
-99.000000
-99.000000
-99.000000
-99.000000
-99.000000
-99.000000
-99.000000
-99.000000
-99.000000
-99.000000
-99.000000
-99.000000
-99.000000
-99.000000
-99.000000
-99.000000
-99.000000
-99.000000
-99.000000
-99.000000
-99.000000
-99.000000
-99.000000
-99.000000
-99.000000
-99.000000
-99.000000
-99.000000
-99.000000
-99.000000
-99.000000
-99.000000
-99.000000
-99.000000
-99.000000
-99.000000
-99.000000
-99.000000
-99.000000
-99.000000
-99.000000
-99.000000
-99.000000
-99.000000
-99.000000
-99.000000
-99.000000
-99.000000
-99.000000
-99.000000
-99.000000
-99.000000
-99.000000
-99.000000
-99.000000
-99.000000
-99.000000
-99.000000
-99.000000
-99.000000
-99.000000
-99.000000
-99.000000
-99.000000
-99.000000
-99.000000
-99.000000
-99.000000
-99.000000
-99.000000
-99.000000
-99.000000
-99.000000
-99.000000
-99.000000
-99.000000
-99.000000
-99.000000
-99.000000
-99.000000
-99.000000
-99.000000
-99.000000
-99.000000
-99.000000
-99.000000
-99.000000
-99.000000
-99.000000
-99.000000
-99.000000
-99.000000
-99.000000
-99.000000
-99.000000
-99.000000
-99.000000
-99.000000
-99.000000
-99.000000
-99.000000
-99.000000
-99.000000
-99.000000
-99.000000
-99.000000
-99.000000
-99.000000
-99.000000
-99.000000
-99.000000
-99.000000
-99.000000
-99.000000
-99.000000
-99.000000
-99.000000
-99.000000
-99.000000
-99.000000
-99.000000
-99.000000
-99.000000
-99.000000
-99.000000
-99.000000
-99.000000
-99.000000
-99.000000
-99.000000
-99.000000
-99.000000
-99.000000
-99.000000
-99.000000
-99.000000
-99.000000
-99.000000
-99.000000
-99.000000
-99.000000
-99.000000
-99.000000
-99.000000
-99.000000
-99.000000
-99.000000
-99.000000
-99.000000
-99.000000
-99.000000
-99.000000
-99.000000
-99.000000
-99.000000
-99.000000
-99.000000
-99.000000
-99.000000
-99.000000
-99.000000
-99.000000
-99.000000
-99.000000
-99.000000
-99.000000
-99.000000
-99.000000
-99.000000
-99.000000
-99.000000
-99.000000
-99.000000
-99.000000
-99.000000
-99.000000
-99.000000
-99.000000
-99.000000
-99.000000
-99.000000
-99.000000
-99.000000
-99.000000
-99.000000
-99.000000
-99.000000
-99.000000
-99.000000
-99.000000
-99.000000
-99.000000
-99.000000
-99.000000
-99.000000
-99.000000
-99.000000
-99.000000
-99.000000
-99.000000
-99.000000
-99.000000
-99.000000
-99.000000
-99.000000
-99.000000
-99.000000
-99.000000
-99.000000
-99.000000
-99.000000
-99.000000
-99.000000
-99.000000
-99.000000
-99.000000
-99.000000
-99.000000
-99.000000
-99.000000
-99.000000
-99.000000
-99.000000
-99.000000
-99.000000
-99.000000
-99.000000
-99.000000
-99.000000
-99.000000
-99.000000
-99.000000
-99.000000
-99.000000
-99.000000
-99.000000
-99.000000
-99.000000
-99.000000
-99.000000
-99.000000
-99.000000
-99.000000
-99.000000
-99.000000
-99.000000
-99.000000
-99.000000
-99.000000
-99.000000
-99.000000
-99.000000
-99.000000
-99.000000
-99.000000
-99.000000
-99.000000
-99.000000
-99.000000
-99.000000
-99.000000
-99.000000
-99.000000
-99.000000
-99.000000
-99.000000
-99.000000
-99.000000
-99.000000
-99.000000
-99.000000
-99.000000
-99.000000
-99.000000
-99.000000
-99.000000
-99.000000
-99.000000
-99.000000
-99.000000
-99.000000
-99.000000
-99.000000
-99.000000
-99.000000
-99.000000
-99.000000
-99.000000
-99.000000
-99.000000
-99.000000
-99.000000
-99.000000
-99.000000
-99.000000
-99.000000
-99.000000
-99.000000
-99.000000
-99.000000
-99.000000
-99.000000
-99.000000
-99.000000
-99.000000
-99.000000
-99.000000
-99.000000
-99.000000
-99.000000
-99.000000
-99.000000
-99.000000
-99.000000
-99.000000
-99.000000
-99.000000
-99.000000
-99.000000
-99.000000
-99.000000
-99.000000
-99.000000
-99.000000
-99.000000
-99.000000
-99.000000
-99.000000
-99.000000
-99.000000
-99.000000
-99.000000
-99.000000
-99.000000
-99.000000
-99.000000
-99.000000
-99.000000
-99.000000
-99.000000
-99.000000
-99.000000
-99.000000
-99.000000
-99.000000
-99.000000
-99.000000
-99.000000
-99.000000
-99.000000
-99.000000
-99.000000
-99.000000
-99.000000
-99.000000
-99.000000
-99.000000
-99.000000
-99.000000
-99.000000
-99.000000
-99.000000
-99.000000
-99.000000
-99.000000
-99.000000
-99.000000
-99.000000
-99.000000
-99.000000
-99.000000
-99.000000
-99.000000
-99.000000
-99.000000
-99.000000
-99.000000
-99.000000
-99.000000
-99.000000
-99.000000
-99.000000
-99.000000
-99.000000
-99.000000
-99.000000
-99.000000
-99.000000
-99.000000
-99.000000
-99.000000
-99.000000
-99.000000
-99.000000
-99.000000
-99.000000
-99.000000
-99.000000
-99.000000
-99.000000
-99.000000
-99.000000
-99.000000
-99.000000
-99.000000
-99.000000
-99.000000
-99.000000
-99.000000
-99.000000
-99.000000
-99.000000
-99.000000
-99.000000
-99.000000
-99.000000
-99.000000
-99.000000
-99.000000
-99.000000
-99.000000
-99.000000
-99.000000
-99.000000
-99.000000
-99.000000
-99.000000
-99.000000
-99.000000
-99.000000
-99.000000
-99.000000
-99.000000
-99.000000
-99.000000
-99.000000
-99.000000
-99.000000
-99.000000
-99.000000
-99.000000
-99.000000
-99.000000
-99.000000
-99.000000
-99.000000
-99.000000
-99.000000
-99.000000
-99.000000
-99.000000
-99.000000
-99.000000
-99.000000
-99.000000
-99.000000
-99.000000
-99.000000
-99.000000
-99.000000
-99.000000
-99.000000
-99.000000
-99.000000
-99.000000
-99.000000
-99.000000
-99.000000
-99.000000
-99.000000
-99.000000
-99.000000
-99.000000
-99.000000
-99.000000
-99.000000
-99.000000
-99.000000
-99.000000
-99.000000
-99.000000
-99.000000
-99.000000
-99.000000
-99.000000
-99.000000
-99.000000
-99.000000
-99.000000
-99.000000
-99.000000
-99.000000
-99.000000
-99.000000
-99.000000
-99.000000
-99.000000
-99.000000
-99.000000
-99.000000
-99.000000
-99.000000
-99.000000
-99.000000
-99.000000
-99.000000
-99.000000
-99.000000
-99.000000
-99.000000
-99.000000
-99.000000
-99.000000
-99.000000
-99.000000
-99.000000
-99.000000
-99.000000
-99.000000
-99.000000
-99.000000
-99.000000
-99.000000
-99.000000
-99.000000
-99.000000
-99.000000
-99.000000
-99.000000
-99.000000
-99.000000
-99.000000
-99.000000
-99.000000
-99.000000
-99.000000
-99.000000
-99.000000
-99.000000
-99.000000
-99.000000
-99.000000
-99.000000
-99.000000
-99.000000
-99.000000
-99.000000
-99.000000
-99.000000
-99.000000
-99.000000
-99.000000
-99.000000
-99.000000
-99.000000
-99.000000
-99.000000
-99.000000
-99.000000
-99.000000
-99.000000
-99.000000
-99.000000
-99.000000
-99.000000
-99.000000
-99.000000
-99.000000
-99.000000
-99.000000
-99.000000
-99.000000
-99.000000
-99.000000
-99.000000
-99.000000
-99.000000
-99.000000
-99.000000
-99.000000
-99.000000
-99.000000
-99.000000
-99.000000
-99.000000
-99.000000
-99.000000
-99.000000
-99.000000
-99.000000
-99.000000
-99.000000
-99.000000
-99.000000
-99.000000
-99.000000
-99.000000
