20000101
-99.000000
-99.000000
-99.000000
-99.000000
-99.000000
-99.000000
-99.000000
-99.000000
-99.000000
-99.000000
-99.000000
-99.000000
-99.000000
-99.000000
-99.000000
-99.000000
-99.000000
-99.000000
-99.000000
-99.000000
-99.000000
-99.000000
-99.000000
-99.000000
-99.000000
-99.000000
-99.000000
-99.000000
-99.000000
-99.000000
-99.000000
-99.000000
-99.000000
-99.000000
-99.000000
-99.000000
-99.000000
-99.000000
-99.000000
-99.000000
-99.000000
-99.000000
-99.000000
-99.000000
-99.000000
-99.000000
-99.000000
-99.000000
-99.000000
-99.000000
-99.000000
-99.000000
-99.000000
-99.000000
-99.000000
-99.000000
-99.000000
-99.000000
-99.000000
-99.000000
-99.000000
-99.000000
-99.000000
-99.000000
-99.000000
-99.000000
-99.000000
-99.000000
-99.000000
-99.000000
-99.000000
-99.000000
-99.000000
-99.000000
-99.000000
-99.000000
-99.000000
-99.000000
-99.000000
-99.000000
-99.000000
-99.000000
-99.000000
-99.000000
-99.000000
-99.000000
-99.000000
-99.000000
-99.000000
-99.000000
-99.000000
-99.000000
-99.000000
-99.000000
-99.000000
14.927040
19.569600
17.372160
4.000320
16.348320
5.904000
13.469760
15.428160
14.469120
14.159520
18.941760
5.469120
19.548000
16.951680
19.605600
18.335520
17.248320
17.245440
20.527200
20.772000
20.573280
19.922400
6.701760
17.336160
15.541920
12.229920
15.678720
20.596320
16.071840
14.843520
12.206880
15.432480
19.355040
16.499520
9.613440
7.014240
16.696800
18.105120
22.165920
22.068000
22.838400
21.265920
11.577600
22.023360
20.658240
16.356960
11.787840
21.121920
18.051840
16.843680
18.684000
19.506240
23.260320
12.961440
22.360320
21.702240
21.353760
21.283200
19.879200
22.703040
14.343840
19.823040
24.173280
24.343200
3.657600
-99.000000
-99.000000
-99.000000
-99.000000
-99.000000
19.919520
19.729440
23.342400
22.789440
23.623200
23.484960
23.045760
21.828960
21.800160
18.573120
17.786880
22.563360
17.452800
21.362400
22.115520
21.322080
21.736800
22.056480
19.153440
19.997280
23.250240
20.926080
18.272160
22.364640
21.863520
23.081760
10.781280
23.283360
21.637440
22.669920
19.641600
20.148480
19.742400
13.263840
16.198560
21.866400
18.408960
20.604960
20.344320
6.346080
18.496800
19.025280
22.476960
21.699360
21.581280
21.970080
20.694240
20.358720
15.474240
18.354240
14.235840
20.926080
19.585440
21.589920
21.000960
20.344320
20.160000
20.106720
16.868160
18.139680
17.592480
18.878400
18.897120
18.840960
18.692640
18.064800
18.741600
18.724320
17.674560
18.882720
16.673760
8.592480
16.104960
17.078400
17.184960
16.630560
15.497280
9.928800
18.344160
17.961120
18.197280
18.040320
18.378720
18.138240
17.949600
17.023680
17.570880
17.215200
17.131680
15.952320
15.089760
9.472320
15.330240
15.300000
14.931360
9.568800
14.924160
10.722240
14.362560
16.266240
15.867360
14.451840
14.130720
11.109600
12.539520
10.666080
9.642240
13.629600
13.273920
10.383840
15.089760
13.847040
14.109120
10.542240
13.281120
14.005440
14.257440
13.069440
8.038080
4.348800
2.737440
2.825280
11.823840
7.620480
8.174880
10.643040
11.592000
9.698400
9.946080
4.337280
3.906720
2.198880
5.317920
2.620800
4.265280
9.858240
7.716960
7.992000
7.665120
9.868320
10.368000
1.758240
9.643680
9.449280
3.847680
9.987840
8.935200
9.671040
9.637920
9.110880
2.312640
8.092800
1.935360
9.322560
3.519360
8.490240
7.165440
3.777120
5.326560
3.186720
7.686720
6.150240
4.240800
6.206400
6.612480
7.283520
6.253920
2.561760
2.244960
7.424640
6.063840
4.802400
7.626240
6.917760
4.733280
4.194720
0.871200
4.518720
5.483520
4.235040
3.771360
2.270880
4.656960
3.915360
7.012800
6.253920
5.660640
5.643360
4.296960
2.206080
2.973600
1.843200
4.538880
2.265120
7.551360
7.297920
6.819840
2.894400
8.897760
6.076800
8.714880
5.781600
6.896160
8.120160
8.419680
2.930400
2.129760
8.297280
9.388800
3.978720
8.084160
3.859200
4.991040
7.670880
3.614400
5.826240
6.730560
9.070560
4.070880
5.601600
9.552960
10.163520
4.046400
8.174880
2.995200
10.692000
8.150400
10.562400
8.605440
9.095040
11.931840
11.880000
12.075840
12.192480
11.001600
10.337760
11.823840
5.728320
6.448320
10.405440
13.324320
12.389760
12.382560
9.178560
12.013920
4.383360
6.474240
10.147680
13.131360
13.108320
14.076000
14.289120
14.198400
14.693760
14.698080
6.867360
15.863040
14.981760
10.044000
15.609600
10.859040
5.876640
9.914400
7.040160
14.559840
8.832960
8.060400
15.462000
12.924000
12.368160
16.538400
10.535040
18.976320
17.616960
16.534080
7.182720
15.477120
17.092800
15.111360
16.286400
16.286400
15.252480
16.848000
14.932800
20.124000
18.252000
18.623520
18.336960
12.016800
21.824640
20.194560
21.215520
16.269120
16.539840
17.409600
14.474880
15.998400
16.663680
18.606240
18.718560
17.981280
19.650240
19.608480
18.015840
19.766880
19.961280
18.479520
18.476640
7.678080
19.339200
18.205920
17.676000
16.296480
19.153440
19.900800
19.405440
20.138400
17.000640
20.744640
10.591200
9.383040
13.680000
13.547520
14.942880
18.603360
15.752160
20.907360
21.816000
21.504960
9.266400
1.935360
19.212480
20.665440
20.953440
14.679360
18.541440
21.854880
12.241440
17.123040
20.463120
12.034800
17.769600
18.758880
17.316000
19.451520
21.090240
22.019040
21.523680
22.023360
21.912480
22.099680
21.130560
19.810080
20.856960
21.676320
21.949920
19.827360
20.796480
20.584800
22.772160
17.369280
14.940000
26.241120
22.308480
22.741920
25.332480
21.358080
26.693280
25.777440
26.668800
26.454240
25.902720
25.668000
25.143840
24.094080
20.476800
24.199200
24.664320
21.513600
26.411040
25.500960
24.642720
24.189120
23.757120
19.120320
14.296320
17.820000
19.644480
24.876000
18.584640
5.464800
1.586880
20.089440
20.070720
17.762400
18.254880
19.569600
7.092000
20.862720
21.332160
15.256800
21.566880
21.149280
20.076480
18.162720
17.847360
19.507680
18.804960
16.513920
16.176960
19.190880
17.578080
17.148960
13.940640
20.587680
21.536640
17.719200
22.380480
22.579200
21.821760
20.514240
17.677440
15.347520
20.979360
19.236960
20.244960
18.905760
10.738080
5.781600
20.312640
13.546080
16.976160
21.054240
20.885760
20.409120
20.350080
19.055520
19.592640
16.842240
19.766880
19.870560
19.067040
19.532160
18.493920
18.822240
16.827840
13.292640
16.225920
11.671200
16.791840
18.830880
19.476000
19.681920
19.650240
18.665280
19.120320
17.434080
17.596800
18.440640
18.198720
17.625600
18.384480
13.720320
12.108960
14.888160
5.310720
12.231360
11.352960
16.541280
16.155360
14.842080
4.438080
11.786400
15.124320
14.836320
11.260800
13.233600
7.480800
10.342080
11.724480
14.470560
11.298240
6.580800
6.109920
9.727200
10.618560
6.312960
11.803680
9.115200
13.227840
5.113440
13.036320
9.439200
8.792640
9.380160
12.192480
11.869920
12.411360
11.741760
6.016320
7.056000
10.566720
7.240320
9.561600
8.585280
10.592640
2.400480
9.953280
8.434080
3.906720
8.307360
9.872640
10.105920
8.196480
10.088640
2.553120
9.466560
5.375520
2.364480
1.212480
1.969920
1.658880
2.882880
6.634080
9.162720
8.465760
1.566720
8.841600
8.576640
7.424640
5.484960
6.396480
8.390880
7.454880
6.756480
6.636960
5.191200
3.935520
6.027840
6.717600
6.033600
4.167360
2.111040
5.780160
5.274720
5.783040
5.155200
6.360480
7.011360
1.111680
6.552000
4.613760
2.463840
6.616800
1.713600
6.359040
4.622400
1.441440
8.235360
6.599520
7.613280
7.500960
7.392960
7.128000
2.399040
1.316160
0.668160
0.498240
2.308320
0.853920
3.072960
4.420800
2.161440
1.995840
3.051360
3.971520
1.327680
1.411200
3.389760
6.048000
4.440960
9.241920
8.301600
7.440480
2.626560
4.930560
3.401280
9.650880
2.196000
9.914400
9.741600
9.882720
9.056160
8.984160
7.070400
7.113600
9.267840
8.821440
9.970560
5.323680
9.011520
8.137440
7.011360
12.121920
11.718720
10.163520
11.157120
11.374560
11.455200
11.220480
12.242880
9.594720
1.951200
7.303680
12.237120
13.412160
11.046240
13.877280
13.646880
10.792800
13.942080
14.071680
11.941920
13.672800
3.948480
4.962240
6.360480
8.406720
8.367840
2.305440
2.613600
5.487840
13.923360
13.222080
14.529600
6.480000
4.672800
11.901600
10.162080
12.902400
4.921920
9.148320
12.597120
12.263040
16.028640
16.024320
15.708960
16.152480
15.507360
15.552000
12.805920
14.025600
9.658080
3.121920
17.159040
16.973280
17.478720
3.479040
1.965600
11.848320
18.951840
7.757280
11.913120
10.416960
18.241920
9.033120
6.163200
2.119680
17.942400
14.544000
13.705920
18.934560
19.981440
16.983360
16.354080
19.788480
20.594880
20.374560
18.246240
19.523520
20.050560
16.627680
16.888320
13.812480
20.404800
20.014560
10.965600
12.185280
10.382400
21.708000
18.632160
7.888320
2.141280
1.980000
9.658080
6.333120
14.081760
21.170880
21.898080
21.810240
19.213920
21.725280
10.402560
23.077440
23.156640
20.561760
20.413440
10.370880
22.968000
22.767840
23.644800
20.111040
23.436000
23.038560
22.164480
21.546720
22.674240
19.560960
22.101120
15.557760
7.679520
10.640160
23.688000
22.423680
14.496480
23.561280
23.784480
19.476000
23.160960
24.230880
23.973120
22.272480
23.198400
23.238720
22.583520
22.116960
18.776160
22.651200
23.299200
22.845600
22.579200
22.681440
20.324160
18.427680
23.382720
8.416800
6.704640
11.540160
22.577760
21.863520
21.592800
19.355040
22.566240
20.319840
19.785600
22.206240
21.936960
19.055520
16.547040
18.591840
23.194080
22.890240
22.379040
22.857120
22.206240
21.041280
21.494880
20.799360
18.750240
20.770560
22.075200
21.993120
22.273920
21.443040
19.232640
11.312640
19.105920
14.889600
15.156000
14.050080
18.990720
19.414080
18.966240
21.710880
19.555200
14.986080
16.080480
20.869920
21.140640
21.545280
21.460320
17.327520
18.568800
18.468000
19.175040
15.750720
18.591840
19.015200
16.067520
10.221120
13.759200
5.281920
16.092000
15.685920
8.215200
16.277760
18.979200
18.488160
17.478720
18.210240
7.306560
15.791040
15.909120
17.232480
18.876960
16.116480
13.312800
16.884000
16.469280
15.580800
16.747200
11.363040
16.799040
15.508800
9.714240
12.476160
9.941760
12.748320
8.328960
10.143360
15.346080
15.969600
16.381440
16.577280
16.246080
15.716160
14.986080
12.774240
12.877920
9.751680
3.084480
12.136320
12.710880
13.507200
13.458240
14.175360
10.684800
4.556160
5.526720
13.216320
9.208800
13.026240
7.672320
10.386720
9.862560
11.188800
11.581920
10.902240
11.017440
8.347680
9.617760
11.400480
8.028000
10.740960
11.106720
10.199520
8.776800
6.582240
5.724000
8.703360
9.897120
8.868960
6.543360
8.773920
8.856000
4.453920
8.835840
9.275040
8.572320
7.878240
5.866560
7.188480
9.398880
2.908800
2.479680
6.446880
7.727040
6.464160
7.498080
1.265760
6.812640
7.643520
2.544480
1.948320
3.732480
8.213760
7.260480
3.653280
5.021280
7.378560
2.800800
7.040160
2.838240
3.839040
7.683840
6.674400
4.662720
1.997280
4.099680
6.341760
5.027040
4.220640
3.941280
2.819520
7.148160
5.434560
2.332800
3.415680
1.162080
3.360960
3.615840
3.636000
2.414880
4.965120
6.706080
4.128480
1.951200
6.867360
5.500800
1.408320
7.247520
5.878080
4.933440
5.739840
4.891680
4.426560
3.329280
2.345760
3.886560
4.135680
6.220800
8.220960
7.414560
7.967520
8.189280
7.837920
7.431840
5.657760
5.450400
2.577600
6.109920
8.640000
7.680960
8.909280
9.305280
9.640800
3.996000
8.939520
9.272160
8.537760
6.969600
10.126080
9.900000
9.525600
9.727200
5.546880
6.495840
10.700640
8.220960
8.619840
8.421120
10.853280
9.421920
4.764960
3.673440
9.551520
2.931840
11.872800
11.872800
10.015200
1.548000
1.200960
9.033120
3.382560
6.167520
6.482880
2.026080
4.212000
4.455360
11.541600
10.687680
10.036800
10.637280
13.979520
7.306560
11.548800
12.322080
11.547360
13.396320
12.165120
15.579360
14.770080
11.934720
14.087520
7.041600
15.674400
16.426080
17.081280
16.030080
16.223040
16.089120
6.445440
16.004160
17.121600
16.431840
13.674240
4.423680
5.793120
11.937600
5.659200
10.716480
15.847200
17.788320
19.694880
19.362240
19.360800
19.288800
19.071360
8.952480
14.791680
15.608160
12.841920
13.862880
18.063360
1.932480
5.970240
9.547200
17.421120
17.628480
9.583200
10.722240
20.126880
18.433440
20.289600
16.621920
19.425600
10.959840
21.280320
20.738880
16.385760
14.637600
18.256320
21.291840
21.579840
19.859040
7.813440
2.219040
4.495680
8.791200
20.819520
22.184640
14.770080
20.782080
21.828960
23.078880
17.269920
9.509760
20.937600
22.115520
21.434400
22.759200
22.929120
22.942080
23.395680
15.406560
15.544800
20.831040
23.391360
22.521600
23.109120
23.459040
22.687200
17.209440
18.891360
16.344000
10.592640
13.710240
21.404160
22.726080
18.283680
21.502080
22.004640
22.190400
23.204160
23.365440
20.517120
20.357280
20.894400
21.227040
22.498560
23.865120
23.450400
24.105600
23.715360
21.034080
20.010240
18.054720
17.962560
21.736800
17.612640
20.625120
18.128160
23.997600
13.008960
13.756320
23.018400
12.667680
17.040960
20.207520
21.395520
17.045280
22.134240
21.522240
20.822400
21.189600
19.699200
19.150560
23.333760
22.210560
21.821760
21.787200
12.392640
20.928960
20.124000
14.505120
21.628800
19.746720
17.772480
20.404800
16.295040
22.108320
20.638080
18.997920
21.898080
21.170880
20.982240
20.712960
20.992320
20.839680
20.318400
20.053440
19.573920
20.021760
19.473120
19.959840
19.990080
17.527680
17.316000
9.639360
11.113920
17.971200
19.130400
17.894880
9.331200
15.331680
16.547040
13.259520
18.557280
15.744960
17.340480
14.333760
14.552640
17.465760
16.799040
11.760480
5.898240
11.564640
5.924160
12.970080
12.738240
10.584000
13.988160
17.336160
17.580960
17.265600
16.706880
16.071840
12.900960
16.315200
16.492320
16.296480
15.592320
15.017760
15.102720
12.248640
10.900800
13.109760
15.037920
13.629600
12.103200
4.193280
11.239200
8.143200
2.640960
11.931840
11.406240
11.069280
12.137760
12.273120
10.779840
12.543840
11.255040
11.894400
12.121920
8.066880
7.168320
7.100640
7.097760
1.804320
3.080160
7.132320
4.374720
4.623840
8.196480
5.739840
5.849280
11.028960
10.062720
4.114080
1.992960
1.833120
6.664320
5.911200
6.884640
1.277280
6.066720
9.112320
9.015840
8.326080
7.012800
3.552480
4.953600
3.312000
3.515040
0.652320
4.769280
4.727520
7.587360
3.826080
1.533600
3.852000
2.723040
7.064640
5.055840
2.322720
4.108320
2.711520
2.315520
6.143040
3.121920
5.544000
6.537600
6.533280
6.045120
4.989600
2.810880
5.810400
5.202720
3.451680
3.353760
2.587680
5.186880
5.253120
1.749600
5.502240
6.628320
6.717600
4.536000
4.659840
7.178400
7.404480
4.770720
2.599200
3.137760
3.438720
6.085440
7.486560
5.760000
5.883840
5.700960
1.735200
5.149440
4.003200
4.325760
7.716960
4.511520
3.666240
7.960320
8.220960
7.466400
7.947360
5.803200
3.525120
5.022720
5.415840
7.981920
5.927040
5.438880
7.174080
4.320000
3.211200
7.372800
7.469280
6.190560
8.465760
6.164640
7.964640
8.313120
3.906720
3.558240
6.665760
6.314400
6.387840
8.972640
9.074880
7.876800
6.085440
7.640640
5.258880
4.314240
4.412160
2.597760
4.641120
6.079680
5.901120
10.188000
6.556320
5.892480
9.908640
9.812160
9.290880
9.329760
10.216800
11.560320
7.004160
11.855520
3.453120
5.857920
12.561120
10.689120
4.209120
2.262240
1.653120
6.072480
10.944000
11.851200
10.582560
13.897440
13.340160
10.779840
7.629120
10.568160
14.495040
14.891040
15.271200
5.487840
14.434560
8.801280
4.255200
7.849440
11.423520
11.639520
11.502720
12.146400
13.775040
14.961600
14.237280
15.017760
14.728320
15.363360
17.595360
13.835520
2.783520
8.228160
1.739520
6.037920
9.273600
16.011360
15.737760
18.617760
17.203680
16.843680
18.848160
17.326080
1.657440
15.713280
17.799840
19.630080
16.139520
19.526400
12.162240
17.886240
1.896480
11.139840
13.887360
19.501920
20.999520
19.867680
1.163520
20.772000
21.038400
21.415680
13.937760
18.717120
6.831360
10.288800
14.994720
12.566880
14.395680
1.656000
16.215840
17.853120
20.400480
21.319200
21.625920
19.726560
15.361920
3.447360
14.065920
21.312000
20.361600
22.078080
22.011840
22.442400
21.787200
22.847040
23.466240
22.662720
14.518080
19.297440
18.416160
19.592640
10.091520
17.416800
21.494880
21.062880
15.672960
20.950560
22.459680
23.163840
23.316480
21.765600
23.244480
22.688640
17.801280
21.700800
21.710880
21.601440
19.988640
18.756000
21.202560
19.827360
11.207520
20.054880
23.489280
23.646240
13.877280
18.456480
20.540160
20.090880
22.798080
21.576960
20.003040
21.443040
22.590720
18.185760
21.944160
22.014720
22.308480
17.883360
13.119840
22.020480
15.844320
13.075200
20.252160
24.194880
23.506560
20.586240
13.092480
21.299040
23.264640
22.913280
22.200480
18.551520
18.295200
19.224000
16.194240
19.412640
16.283520
12.712320
14.201280
18.355680
20.638080
21.314880
21.373920
15.599520
13.249440
19.870560
20.622240
16.809120
10.136160
16.338240
19.441440
20.784960
18.711360
15.943680
18.360000
17.172000
16.616160
20.304000
20.184480
20.043360
19.751040
19.195200
16.149600
11.316960
19.729440
16.876800
19.360800
19.776960
14.588640
10.841760
12.041280
16.578720
19.540800
18.529920
12.602880
13.288320
13.124160
12.448800
11.652480
9.174240
12.067200
12.170880
10.641600
13.186080
16.031520
13.772160
12.912480
14.771520
14.270400
10.012320
12.849120
11.838240
10.872000
16.571520
16.594560
15.505920
14.155200
13.858560
14.646240
15.619680
15.520320
14.935680
14.863680
15.035040
14.698080
14.184000
13.459680
13.118400
8.795520
12.542400
13.279680
12.913920
10.496160
9.797760
9.253440
10.323360
8.385120
12.713760
12.175200
7.979040
12.905280
11.085120
10.028160
10.444320
11.512800
8.923680
7.740000
7.410240
6.037920
9.087840
9.846720
9.358560
5.487840
10.473120
1.929600
8.526240
8.896320
10.287360
9.555840
5.257440
8.359200
5.670720
7.120800
1.906560
8.205120
8.821440
9.097920
5.993280
8.972640
6.094080
5.495040
8.985600
9.252000
9.155520
8.768160
8.706240
8.013600
5.552640
8.272800
4.979520
6.426720
1.088640
6.546240
2.076480
1.998720
1.353600
1.723680
6.677280
7.691040
3.336480
2.979360
3.831840
1.699200
2.404800
4.904640
1.213920
2.534400
1.226880
5.937120
1.490400
1.064160
2.816640
1.611360
1.686240
1.589760
6.405120
5.837760
6.785280
5.905440
5.122080
5.204160
5.866560
6.461280
2.867040
6.143040
7.266240
3.306240
7.110720
6.943680
5.071680
7.182720
5.400000
7.178400
3.598560
3.821760
4.677120
4.044960
1.696320
1.716480
2.674080
1.774080
3.882240
2.482560
3.175200
2.485440
2.338560
0.803520
6.871680
8.568000
8.851680
8.629920
8.660160
8.519040
9.239040
9.139680
9.007200
9.368640
7.826400
8.912160
10.203840
9.979200
9.668160
9.967680
10.324800
9.727200
9.054720
4.944960
6.837120
5.549760
7.968960
9.109440
10.071360
8.697600
10.195200
11.000160
11.813760
12.268800
12.157920
11.792160
11.397600
9.315360
13.173120
2.350080
9.908640
9.652320
5.307840
11.154240
13.757760
11.717280
5.545440
7.225920
12.224160
14.618880
14.677920
11.040480
15.161760
15.135840
15.361920
15.216480
13.576320
11.439360
12.818880
13.327200
5.097600
10.134720
14.761440
15.819840
16.342560
14.803200
6.157440
13.380480
7.325280
15.658560
4.959360
10.602720
15.981120
14.384160
16.394400
17.818560
17.835840
17.046720
2.003040
10.136160
14.506560
12.036960
17.817120
16.119360
9.241920
17.529120
20.132640
18.803520
18.515520
19.429920
12.094560
19.831680
17.871840
17.418240
15.510240
18.594720
15.802560
12.661920
14.130720
14.928480
11.744640
21.736800
20.688480
21.114720
21.471840
18.753120
20.265120
18.090720
5.837760
17.784000
12.348000
20.423520
22.345920
23.014080
21.408480
14.348160
14.037120
15.615360
15.638400
15.788160
22.354560
18.123840
17.392320
9.636480
23.254560
23.040000
22.101120
16.441920
16.676640
23.178240
22.736160
23.940000
24.023520
23.143680
22.223520
19.501920
8.586720
15.684480
16.153920
16.313760
20.862720
20.223360
22.612320
23.724000
22.358880
21.821760
22.466880
19.120320
17.305920
12.358080
6.593760
22.710240
20.314080
21.754080
22.649760
23.231520
22.632480
19.882080
19.759680
18.388800
19.156320
8.147520
22.671360
21.945600
14.588640
6.287040
23.040000
21.389760
22.618080
22.753440
21.395520
18.230400
23.323680
22.792320
20.049120
21.339360
15.652800
20.413440
22.615200
21.703680
21.712320
21.339360
20.298240
21.028320
15.891840
20.761920
21.614400
20.949120
20.439360
11.083680
-99.000000
-99.000000
6.899040
19.173600
20.599200
20.505600
17.886240
19.535040
10.821600
4.465440
20.246400
22.135680
21.756960
21.847680
21.483360
21.047040
16.244640
15.480000
14.513760
14.604480
20.151360
20.253600
19.902240
19.375200
15.150240
13.587840
12.584160
13.223520
18.345600
20.184480
19.601280
1.681920
20.088000
18.192960
15.040800
-99.000000
-99.000000
0.000000
15.539040
10.604160
12.375360
17.395200
17.340480
16.427520
13.200480
14.528160
1.013760
-99.000000
-99.000000
-99.000000
-99.000000
-99.000000
-99.000000
-99.000000
-99.000000
10.889280
12.463200
17.205120
16.729920
16.587360
16.207200
15.403680
12.339360
10.769760
10.991520
13.893120
10.513440
11.694240
12.584160
13.802400
14.220000
14.002560
9.534240
14.366880
13.649760
8.648640
12.723840
12.074400
10.906560
6.860160
6.827040
2.548800
2.795040
2.976480
5.106240
7.983360
8.740800
2.494080
8.933760
10.110240
10.556640
10.686240
3.381120
10.514880
7.908480
6.387840
8.068320
3.477600
9.249120
7.735680
3.051360
7.352640
7.927200
7.421760
4.705920
9.495360
9.799200
8.552160
6.842880
1.038240
1.488960
1.823040
2.989440
1.622880
5.034240
5.901120
5.544000
7.865280
1.179360
6.255360
2.439360
1.704960
1.560960
7.129440
7.587360
3.422880
5.522400
4.393440
6.976800
6.456960
7.411680
5.405760
1.824480
7.197120
3.739680
5.358240
6.976800
7.080480
4.828320
6.930720
6.924960
6.521760
2.586240
2.937600
5.522400
6.180480
4.263840
5.587200
6.264000
5.734080
4.423680
4.399200
1.228320
1.499040
1.778400
2.111040
0.956160
1.853280
6.936480
5.942880
4.841280
3.517920
6.942240
6.772320
6.901920
6.408000
2.563200
2.465280
0.964800
2.106720
2.995200
1.281600
1.644480
4.547520
4.324320
1.618560
2.617920
1.738080
3.787200
6.269760
7.549920
3.062880
1.853280
7.960320
5.045760
1.915200
3.931200
4.184640
5.911200
2.972160
8.733600
0.790560
2.964960
5.952960
5.150880
1.437120
0.260640
-99.000000
9.563040
2.486880
9.718560
10.150560
8.894880
8.200800
9.252000
10.219680
9.413280
7.498080
7.997760
11.026080
6.566400
6.238080
8.868960
8.791200
6.865920
9.240480
7.513920
10.918080
2.318400
10.985760
13.063680
5.074560
-99.000000
-99.000000
-99.000000
-99.000000
-99.000000
-99.000000
-99.000000
7.820640
12.528000
13.561920
13.570560
13.413600
8.640000
0.482400
12.814560
3.733920
3.199680
6.746400
12.382560
12.454560
14.594400
11.095200
13.099680
16.060320
13.741920
10.507680
17.186400
15.976800
14.348160
15.595200
11.777760
17.197920
13.374720
13.852800
16.581600
13.386240
10.396800
17.320320
14.673600
12.098880
19.451520
18.601920
19.098720
13.920480
12.856320
14.571360
5.322240
18.937440
17.841600
14.374080
15.880320
15.023520
11.124000
16.712640
19.330560
19.353600
16.240320
20.432160
20.433600
20.871360
17.534880
19.621440
7.165440
9.836640
11.240640
19.098720
13.780800
13.566240
19.801440
15.959520
17.521920
-99.000000
-99.000000
19.952640
18.455040
17.003520
18.357120
10.645920
21.378240
20.178720
18.033120
18.414720
10.949760
23.400000
18.264960
1.584000
-99.000000
-99.000000
20.527200
22.688640
19.203840
21.242880
21.952800
21.425760
-99.000000
22.504320
22.589280
19.997280
21.375360
13.282560
12.032640
22.151520
22.903200
21.879360
19.353600
-99.000000
-99.000000
-99.000000
-99.000000
-99.000000
-99.000000
-99.000000
-99.000000
-99.000000
-99.000000
-99.000000
-99.000000
15.413760
11.939040
20.574720
20.486880
19.656000
21.000960
20.819520
20.842560
19.257120
20.769120
21.587040
19.846080
16.927200
19.740960
18.123840
15.687360
16.896960
19.085760
15.068160
18.606240
18.239040
18.302400
17.071200
18.938880
20.102400
19.399680
19.198080
13.423680
18.100800
19.952640
11.282400
19.814400
20.210400
19.039680
19.123200
19.385280
19.437120
19.133280
19.774080
19.311840
19.268640
19.370880
18.643680
19.488960
19.421280
19.627200
19.005120
19.457280
17.043840
9.440640
17.278560
8.094240
18.339840
18.515520
17.713440
18.855360
18.256320
17.432640
10.836000
16.587360
16.830720
18.319680
17.553600
17.743680
15.412320
15.338880
16.293600
12.728160
16.349760
16.428960
15.858720
13.204800
12.515040
15.249600
15.040800
14.768640
13.996800
7.498080
8.303040
4.144320
13.043520
7.405920
14.932800
14.705280
15.029280
14.505120
10.686240
4.442400
1.416960
9.591840
13.736160
14.412960
14.268960
12.196800
11.808000
12.034080
12.733920
9.678240
10.844640
13.344480
4.307040
12.888000
11.672640
10.922400
9.584640
10.586880
8.349120
9.275040
8.349120
11.440800
6.900480
3.746880
5.441760
5.067360
7.538400
5.493600
9.934560
8.029440
1.812960
9.493920
8.140320
3.121920
7.024320
8.791200
7.783200
9.406080
6.806880
6.756480
6.500160
2.727360
2.985120
4.649760
7.755840
2.357280
2.838240
5.591520
4.052160
0.995040
5.355360
8.428320
8.039520
6.062400
1.844640
4.494240
7.362720
7.351200
6.167520
6.114240
6.966720
6.763680
5.225760
3.602880
3.276000
6.685920
2.626560
6.733440
5.700960
1.974240
3.677760
5.944320
6.554880
6.297120
1.333440
4.340160
3.303360
6.619680
5.130720
5.258880
3.748320
4.872960
0.888480
2.164320
5.404320
3.061440
6.547680
6.222240
2.617920
6.020640
1.804320
2.040480
2.550240
4.400640
1.442880
1.643040
2.964960
3.998880
4.731840
4.569120
-99.000000
-99.000000
-99.000000
-99.000000
-99.000000
-99.000000
-99.000000
-99.000000
-99.000000
-99.000000
-99.000000
-99.000000
-99.000000
-99.000000
-99.000000
-99.000000
-99.000000
-99.000000
-99.000000
-99.000000
-99.000000
-99.000000
-99.000000
-99.000000
-99.000000
-99.000000
-99.000000
-99.000000
-99.000000
-99.000000
-99.000000
-99.000000
-99.000000
-99.000000
-99.000000
-99.000000
-99.000000
-99.000000
-99.000000
-99.000000
-99.000000
-99.000000
-99.000000
-99.000000
-99.000000
-99.000000
-99.000000
-99.000000
-99.000000
-99.000000
-99.000000
-99.000000
-99.000000
-99.000000
-99.000000
-99.000000
-99.000000
-99.000000
-99.000000
-99.000000
-99.000000
-99.000000
-99.000000
-99.000000
-99.000000
-99.000000
-99.000000
-99.000000
-99.000000
-99.000000
-99.000000
-99.000000
-99.000000
-99.000000
-99.000000
-99.000000
-99.000000
-99.000000
-99.000000
-99.000000
-99.000000
-99.000000
-99.000000
-99.000000
-99.000000
-99.000000
-99.000000
-99.000000
-99.000000
-99.000000
-99.000000
-99.000000
-99.000000
-99.000000
-99.000000
-99.000000
-99.000000
-99.000000
-99.000000
-99.000000
-99.000000
-99.000000
-99.000000
-99.000000
-99.000000
-99.000000
-99.000000
-99.000000
-99.000000
-99.000000
-99.000000
-99.000000
-99.000000
-99.000000
-99.000000
-99.000000
-99.000000
-99.000000
-99.000000
-99.000000
-99.000000
-99.000000
-99.000000
-99.000000
-99.000000
-99.000000
-99.000000
-99.000000
-99.000000
-99.000000
-99.000000
-99.000000
-99.000000
-99.000000
-99.000000
-99.000000
-99.000000
-99.000000
-99.000000
-99.000000
-99.000000
-99.000000
-99.000000
-99.000000
-99.000000
-99.000000
-99.000000
-99.000000
-99.000000
-99.000000
-99.000000
-99.000000
-99.000000
-99.000000
-99.000000
-99.000000
-99.000000
-99.000000
-99.000000
-99.000000
-99.000000
-99.000000
-99.000000
-99.000000
-99.000000
-99.000000
-99.000000
-99.000000
-99.000000
-99.000000
-99.000000
-99.000000
-99.000000
-99.000000
-99.000000
-99.000000
-99.000000
-99.000000
-99.000000
-99.000000
-99.000000
-99.000000
-99.000000
-99.000000
-99.000000
-99.000000
-99.000000
-99.000000
-99.000000
-99.000000
-99.000000
-99.000000
-99.000000
-99.000000
-99.000000
-99.000000
-99.000000
-99.000000
-99.000000
-99.000000
-99.000000
-99.000000
-99.000000
-99.000000
-99.000000
-99.000000
-99.000000
-99.000000
-99.000000
-99.000000
-99.000000
-99.000000
-99.000000
-99.000000
-99.000000
-99.000000
-99.000000
-99.000000
-99.000000
-99.000000
-99.000000
-99.000000
-99.000000
-99.000000
-99.000000
-99.000000
-99.000000
-99.000000
-99.000000
-99.000000
-99.000000
-99.000000
-99.000000
-99.000000
-99.000000
-99.000000
-99.000000
-99.000000
-99.000000
-99.000000
-99.000000
-99.000000
-99.000000
-99.000000
-99.000000
-99.000000
-99.000000
-99.000000
-99.000000
-99.000000
-99.000000
-99.000000
-99.000000
-99.000000
-99.000000
-99.000000
-99.000000
-99.000000
-99.000000
-99.000000
-99.000000
-99.000000
-99.000000
-99.000000
-99.000000
-99.000000
-99.000000
-99.000000
-99.000000
-99.000000
-99.000000
-99.000000
-99.000000
-99.000000
-99.000000
-99.000000
-99.000000
-99.000000
-99.000000
-99.000000
-99.000000
-99.000000
-99.000000
-99.000000
-99.000000
-99.000000
-99.000000
-99.000000
-99.000000
-99.000000
-99.000000
-99.000000
-99.000000
-99.000000
-99.000000
-99.000000
-99.000000
-99.000000
-99.000000
-99.000000
-99.000000
-99.000000
-99.000000
-99.000000
-99.000000
-99.000000
-99.000000
-99.000000
-99.000000
-99.000000
-99.000000
-99.000000
-99.000000
-99.000000
-99.000000
-99.000000
-99.000000
-99.000000
-99.000000
-99.000000
-99.000000
-99.000000
-99.000000
-99.000000
-99.000000
-99.000000
-99.000000
-99.000000
-99.000000
-99.000000
-99.000000
-99.000000
-99.000000
-99.000000
-99.000000
-99.000000
-99.000000
-99.000000
-99.000000
-99.000000
-99.000000
-99.000000
-99.000000
-99.000000
-99.000000
-99.000000
-99.000000
-99.000000
-99.000000
-99.000000
-99.000000
-99.000000
-99.000000
1.910880
2.069280
2.606400
4.125600
5.757120
3.323520
5.738400
5.724000
1.333440
1.094400
5.993280
6.953760
1.860480
2.612160
1.965600
7.842240
6.147360
6.492960
6.409440
2.911680
4.036320
2.484000
6.952320
8.484480
7.889760
3.839040
6.426720
7.691040
6.367680
8.164800
8.699040
1.795680
3.055680
8.447040
9.031680
4.423680
8.879040
5.706720
5.944320
8.690400
7.130880
8.743680
10.156320
4.190400
8.765280
8.835840
10.884960
10.802880
10.959840
10.542240
8.557920
9.552960
11.348640
7.313760
10.278720
3.522240
4.350240
11.324160
8.786880
5.159520
1.579680
3.588480
3.193920
6.940800
11.947680
12.781440
5.159520
3.110400
9.475200
12.975840
6.060960
12.121920
8.870400
15.068160
13.996800
14.394240
16.076160
16.273440
13.906080
15.164640
12.716640
7.139520
14.650560
12.532320
16.152480
16.056000
9.599040
16.702560
13.950720
12.546720
7.395840
18.361440
16.755840
11.963520
17.330400
18.610560
19.470240
11.877120
7.063200
18.944640
16.997760
13.489920
20.266560
20.344320
18.902880
20.761920
20.053440
20.547360
21.355200
4.147200
14.122080
10.392480
12.265920
13.348800
19.802880
20.030400
19.097280
22.577760
18.892800
15.734880
10.113120
13.982400
7.162560
15.583680
23.650560
21.085920
23.430240
21.504960
22.980960
20.422080
9.241920
23.853600
24.641280
24.095520
22.800960
24.160320
21.924000
22.678560
22.481280
19.332000
12.205440
6.814080
2.478240
11.436480
10.232640
22.176000
5.509440
18.012960
11.204640
14.019840
19.524960
4.099680
24.534720
24.253920
19.316160
11.576160
17.975520
2.435040
15.780960
9.017280
17.775360
23.068800
21.857760
5.528160
18.367200
20.901600
25.259040
26.782560
18.151200
23.162400
23.522400
23.986080
8.733600
9.574560
12.058560
25.165440
26.229600
26.688960
16.309440
23.631840
20.172960
26.732160
26.010720
25.866720
26.421120
27.129600
22.154400
19.346400
25.309440
24.252480
24.965280
26.242560
24.960960
22.717440
24.549120
20.463840
25.277760
25.483680
25.076160
23.775840
21.644640
20.869920
23.964480
23.280480
25.011360
10.389600
25.931520
26.254080
25.647840
18.047520
20.332800
25.725600
24.279840
18.738720
23.136480
25.611840
22.055040
20.100960
22.540320
21.895200
23.780160
20.013120
20.953440
23.735520
23.640480
22.448160
23.732640
23.708160
22.190400
17.246880
21.317760
17.863200
22.988160
22.966560
20.659680
19.062720
20.617920
16.601760
11.265120
22.721760
17.120160
19.307520
21.908160
17.092800
18.790560
20.400480
15.887520
4.648320
21.280320
20.521440
16.968960
19.424160
20.509920
20.269440
18.941760
15.431040
19.378080
15.582240
18.826560
18.012960
13.440960
5.791680
18.447840
17.179200
8.393760
13.586400
15.131520
17.501760
15.906240
18.466560
18.266400
17.982720
15.109920
12.453120
13.705920
16.886880
15.495840
2.275200
2.361600
10.945440
16.135200
16.090560
12.152160
14.565600
14.857920
15.539040
15.275520
15.328800
15.809760
14.071680
15.196320
14.849280
12.451680
8.408160
7.096320
11.714400
6.552000
6.439680
10.344960
11.312640
10.848960
10.821600
11.787840
1.892160
9.914400
9.807840
10.090080
1.935360
2.491200
9.352800
11.590560
11.599200
10.300320
1.104480
3.281760
7.567200
4.550400
3.899520
2.478240
10.867680
8.903520
5.914080
8.593920
7.846560
7.488000
7.148160
5.669280
3.278880
5.814720
9.776160
9.760320
9.296640
9.106560
9.161280
2.416320
7.688160
5.963040
6.855840
8.474400
8.678880
6.697440
8.713440
8.640000
6.397920
8.344800
4.570560
6.459840
8.258400
7.990560
4.698720
3.581280
6.386400
5.840640
6.406560
1.372320
0.527040
7.888320
7.449120
7.040160
5.015520
5.796000
4.508640
4.788000
5.607360
6.346080
7.269120
6.510240
7.115040
4.648320
1.758240
1.609920
2.993760
1.519200
1.740960
1.808640
1.893600
3.709440
4.590720
2.390400
3.663360
4.226400
3.166560
5.198400
4.193280
7.968960
7.521120
0.865440
2.115360
2.073600
1.797120
2.305440
8.141760
5.353920
3.886560
5.510880
6.305760
5.846400
8.742240
9.336960
5.041440
7.843680
9.125280
7.155360
8.199360
6.749280
9.076320
5.529600
7.086240
4.236480
2.698560
4.934880
10.435680
10.627200
4.793760
5.264640
7.931520
9.659520
8.634240
7.221600
4.331520
10.330560
12.293280
12.513600
7.476480
8.007840
12.322080
12.856320
12.725280
5.008320
11.494080
12.948480
13.494240
11.980800
10.218240
11.880000
11.318400
4.412160
6.727680
10.380960
2.924640
3.470400
11.796480
16.215840
15.600960
15.170400
16.464960
16.279200
13.678560
13.999680
13.929120
16.269120
15.981120
16.879680
17.305920
17.945280
17.791200
17.513280
17.523360
17.922240
18.835200
18.266400
19.247040
19.186560
18.910080
2.943360
9.122400
5.610240
9.167040
8.182080
9.036000
14.286240
18.416160
17.876160
8.508960
1.486080
9.626400
20.825280
4.148640
10.144800
14.353920
18.050400
20.507040
13.893120
14.315040
22.167360
19.013760
14.843520
19.582560
17.723520
20.518560
21.987360
20.597760
15.338880
10.804320
21.286080
19.569600
19.991520
18.502560
16.672320
22.891680
22.677120
22.134240
22.597920
22.605120
17.364960
17.508960
13.438080
14.038560
14.417280
20.894400
8.570880
12.682080
23.879520
23.515200
20.460960
23.430240
23.528160
17.223840
17.903520
7.732800
14.025600
21.382560
19.434240
23.911200
24.337440
23.631840
24.039360
23.803200
22.422240
24.232320
24.455520
22.282560
17.490240
11.581920
20.897280
18.974880
14.101920
20.180160
23.571360
24.154560
24.341760
21.173760
20.003040
19.013760
15.962400
23.317920
19.344960
16.210080
23.378400
25.057440
24.753600
24.075360
24.035040
20.995200
21.561120
22.785120
22.651200
22.973760
23.358240
23.378400
22.864320
23.497920
23.804640
22.417920
19.395360
15.560640
15.141600
17.199360
23.022720
19.586880
23.430240
23.201280
18.552960
23.280480
22.834080
23.436000
21.696480
23.564160
18.996480
19.435680
15.808320
21.215520
22.533120
22.816800
22.517280
20.688480
22.354560
22.125600
22.178880
21.530880
18.515520
20.772000
17.327520
20.975040
21.155040
20.676960
17.563680
8.634240
14.051520
20.204640
20.404800
20.232000
19.827360
20.316960
20.661120
20.481120
20.278080
20.095200
20.861280
20.184480
19.307520
19.077120
18.925920
16.698240
4.315680
17.883360
18.876960
15.937920
18.761760
19.252800
17.500320
15.805440
12.761280
17.176320
18.110880
10.938240
15.071040
14.647680
17.503200
16.254720
16.469280
13.720320
14.896800
12.271680
12.162240
11.329920
14.729760
10.584000
9.704160
15.219360
12.661920
-99.000000
4.583520
10.468800
15.190560
15.036480
14.528160
13.914720
8.953920
8.915040
11.099520
12.695040
14.005440
14.542560
13.330080
12.687840
10.355040
7.776000
12.532320
11.810880
11.384640
13.190400
12.896640
13.121280
11.387520
11.414880
12.201120
12.810240
12.464640
10.467360
6.001920
9.404640
5.699520
11.319840
9.210240
7.356960
10.828800
7.547040
8.134560
5.114880
5.924160
6.004800
6.212160
7.747200
10.078560
6.048000
7.830720
6.661440
5.008320
2.867040
9.555840
5.712480
6.458400
6.986880
6.955200
5.840640
6.804000
7.925760
5.412960
5.617440
5.728320
4.798080
4.687200
7.463520
7.935840
7.571520
5.214240
6.347520
3.780000
7.336800
1.012320
6.043680
7.342560
4.838400
3.650400
6.651360
6.206400
4.944960
3.468960
5.597280
6.677280
5.428800
2.217600
2.102400
1.513440
0.806400
3.127680
2.988000
1.738080
6.086880
7.496640
7.200000
0.957600
0.790560
2.871360
1.559520
6.140160
2.250720
6.877440
2.463840
2.995200
4.538880
4.767840
7.282080
5.241600
3.846240
2.390400
1.009440
6.863040
0.900000
2.214720
6.036480
7.214400
6.507360
2.659680
7.064640
2.072160
7.902720
4.669920
2.509920
2.033280
2.563200
8.301600
6.814080
7.486560
3.313440
3.856320
1.225440
2.319840
8.436960
8.078400
6.649920
9.714240
6.357600
9.504000
8.942400
7.937280
1.572480
9.678240
10.313280
9.424800
2.024640
6.219360
10.893600
11.543040
10.690560
10.605600
7.623360
3.417120
3.929760
7.197120
9.434880
9.300960
12.175200
3.987360
4.586400
8.881920
12.281760
5.934240
12.271680
1.872000
5.310720
13.792320
9.911520
2.482560
10.326240
10.376640
13.478400
3.650400
11.416320
15.390720
13.487040
7.637760
12.476160
15.121440
15.446880
16.057440
15.554880
16.195680
10.130400
7.024320
6.721920
4.554720
8.932320
14.509440
3.831840
4.891680
18.184320
18.076320
14.807520
15.766560
17.508960
17.521920
16.973280
18.047520
16.316640
16.698240
18.041760
16.021440
3.792960
19.707840
17.969760
19.285920
19.736640
2.966400
6.029280
5.185440
13.001760
8.614080
6.575040
10.483200
15.572160
18.034560
17.428320
6.310080
7.184160
15.422400
19.409760
19.941120
21.120480
21.648960
19.388160
15.232320
9.675360
20.649600
2.576160
9.279360
22.056480
16.954560
17.413920
17.668800
12.767040
14.905440
21.824640
16.329600
15.350400
11.151360
20.743200
24.019200
23.937120
23.702400
23.830560
23.584320
23.811840
23.705280
23.931360
24.196320
23.136480
21.330720
18.838080
9.397440
24.492960
22.590720
19.795680
19.431360
19.379520
24.966720
24.693120
23.130720
10.183680
22.458240
19.558080
6.471360
20.095200
13.026240
19.350720
22.813920
11.679840
21.124800
17.713440
16.800480
21.594240
21.589920
25.627680
25.532640
24.891840
24.207840
24.685920
21.055680
20.236320
22.829760
19.594080
19.213920
22.788000
23.709600
20.687040
20.177280
18.879840
23.840640
24.449760
23.621760
20.852640
21.732480
22.825440
21.598560
20.773440
22.921920
22.832640
23.761440
18.617760
22.495680
22.949280
22.001760
19.726560
18.684000
8.601120
21.402720
24.029280
23.048640
23.101920
22.841280
22.366080
21.414240
22.577760
21.075840
16.882560
16.475040
19.817280
22.178880
19.369440
22.484160
21.716640
15.894720
18.904320
16.231680
18.417600
16.689600
5.152320
16.996320
19.615680
17.883360
18.679680
17.186400
7.338240
19.895040
19.775520
20.041920
18.398880
18.586080
18.927360
18.493920
18.885600
18.959040
18.956160
18.839520
18.591840
15.174720
7.308000
17.193600
15.920640
17.674560
13.769280
11.449440
18.375840
16.886880
17.778240
15.914880
15.855840
17.159040
16.845120
13.805280
5.941440
4.728960
10.389600
16.292160
7.407360
12.636000
14.045760
8.570880
14.234400
14.457600
15.746400
14.755680
14.853600
14.816160
13.567680
13.446720
13.307040
12.248640
12.870720
14.173920
13.590720
7.610400
11.319840
8.533440
6.783840
10.671840
2.181600
6.852960
12.692160
12.291840
12.481920
12.693600
12.821760
12.353760
12.202560
11.740320
8.138880
10.212480
9.620640
11.233440
11.711520
11.233440
9.476640
7.320960
4.845600
6.641280
6.743520
10.326240
8.984160
9.515520
8.291520
8.517600
5.954400
4.040640
9.300960
8.202240
8.693280
8.848800
8.215200
7.695360
8.683200
8.821440
3.723840
8.586720
2.504160
4.746240
5.646240
6.840000
7.165440
7.860960
8.051040
8.038080
6.984000
6.700320
2.371680
2.545920
5.870880
5.764320
7.516800
7.705440
1.890720
3.208320
1.843200
4.353120
4.206240
7.208640
4.721760
2.027520
2.852640
3.407040
7.152480
7.112160
7.030080
6.197760
4.888800
5.474880
1.032480
1.964160
1.065600
6.652800
6.860160
7.401600
7.297920
6.327360
5.116320
1.382400
3.641760
1.667520
6.102720
6.701760
6.105600
3.342240
2.347200
3.975840
5.695200
4.753440
7.112160
7.414560
5.663520
7.490880
4.095360
3.810240
3.005280
2.407680
2.416320
6.822720
4.439520
8.651520
8.484480
8.688960
9.087840
9.099360
8.974080
2.803680
2.867040
6.279840
2.852640
6.104160
8.851680
9.853920
8.768160
9.707040
9.936000
9.957600
9.851040
8.009280
9.506880
7.194240
9.128160
10.140480
9.112320
10.719360
2.348640
9.858240
5.771520
11.930400
6.435360
12.373920
9.154080
11.898720
7.551360
12.562560
12.594240
10.031040
13.608000
8.403840
13.707360
10.195200
4.124160
6.291360
10.694880
13.367520
14.279040
5.826240
9.200160
13.478400
11.521440
1.231200
14.045760
3.556800
2.836800
2.184480
14.921280
16.302240
16.518240
16.839360
13.049280
7.475040
12.225600
7.077600
14.316480
12.611520
15.151680
11.498400
14.598720
14.358240
17.190720
17.972640
17.668800
6.504480
16.790400
17.942400
18.711360
19.408320
19.435680
18.374400
18.786240
18.479520
18.879840
19.833120
15.821280
18.548640
15.991200
20.545920
20.777760
12.273120
13.200480
12.359520
3.863520
12.782880
8.850240
9.599040
17.582400
20.953440
17.530560
17.292960
21.782880
17.758080
16.587360
21.428640
22.356000
20.247840
19.992960
6.452640
21.666240
22.049280
20.437920
22.849920
17.876160
20.492640
18.102240
23.988960
23.784480
23.461920
21.964320
16.888320
22.970880
23.637600
22.181760
23.798880
23.257440
24.032160
19.765440
20.322720
19.578240
19.624320
13.718880
17.735040
23.721120
16.801920
9.967680
10.706400
23.315040
18.241920
15.287040
22.576320
21.108960
13.209120
19.588320
22.868640
22.148640
23.942880
23.748480
18.839520
21.951360
23.286240
24.635520
21.983040
18.635040
23.267520
20.939040
23.054400
24.562080
24.645600
24.071040
22.445280
20.806560
23.757120
23.554080
22.371840
14.637600
19.206720
24.020640
23.474880
22.492800
23.901120
18.656640
22.619520
22.662720
11.797920
20.795040
20.746080
23.531040
22.459680
20.010240
23.433120
23.057280
23.533920
19.620000
18.416160
19.884960
21.749760
19.359360
16.768800
20.856960
17.075520
18.856800
19.522080
20.512800
18.509760
20.390400
18.462240
20.681280
13.658400
18.447840
20.357280
21.641760
21.951360
21.680640
20.554560
17.795520
12.696480
18.767520
20.056320
20.052000
20.083680
16.397280
19.913760
19.887840
20.030400
15.409440
19.157760
15.726240
18.037440
16.604640
19.969920
17.729280
16.094880
17.866080
13.710240
16.153920
13.482720
14.320800
17.500320
15.284160
17.736480
17.648640
17.907840
17.376480
17.100000
13.380480
17.272800
16.830720
16.349760
16.418880
15.877440
10.510560
4.164480
15.145920
16.200000
15.654240
12.852000
13.320000
10.294560
14.872320
14.699520
14.569920
13.927680
14.261760
13.937760
13.731840
14.244480
13.880160
13.865760
13.609440
13.446720
10.311840
11.531520
13.294080
13.122720
13.085280
12.984480
12.853440
10.283040
10.664640
8.697600
10.261440
10.589760
9.869760
11.880000
9.365760
10.656000
8.521920
5.564160
10.992960
9.112320
2.612160
2.455200
1.556640
8.782560
8.808480
7.646400
6.467040
3.497760
1.897920
6.128640
3.258720
7.534080
8.652960
7.362720
8.448480
7.833600
5.500800
7.833600
3.765600
1.379520
8.156160
6.238080
4.399200
3.156480
3.228480
3.768480
0.887040
6.992640
7.320960
2.060640
7.463520
1.262880
0.869760
1.779840
1.401120
1.317600
2.239200
6.415200
7.112160
6.678720
7.097760
7.034400
7.018560
2.561760
2.365920
0.950400
4.644000
4.658400
2.905920
5.941440
4.989600
6.984000
5.515200
4.284000
4.724640
5.696640
7.296480
6.755040
6.835680
6.948000
5.893920
4.894560
5.438880
6.837120
6.215040
6.900480
6.768000
5.549760
6.870240
6.791040
5.987520
6.635520
7.145280
6.749280
7.297920
4.929120
1.686240
1.499040
0.734400
4.381920
2.769120
1.694880
4.527360
5.840640
4.168800
7.418880
8.225280
7.470720
8.157600
8.491680
8.585280
7.212960
1.594080
6.337440
9.462240
9.447840
6.727680
2.525760
3.939840
9.450720
9.986400
2.177280
10.398240
10.666080
10.249920
9.571680
9.722880
11.148480
11.239200
11.151360
10.743840
11.200320
11.639520
11.512800
11.541600
11.134080
12.342240
12.414240
12.602880
12.983040
12.526560
11.632320
12.782880
12.909600
11.391840
11.344320
13.158720
12.034080
12.372480
7.555680
14.241600
12.758400
13.934880
14.536800
14.758560
13.728960
14.963040
14.860800
15.104160
15.255360
15.354720
15.716160
14.952960
15.819840
15.030720
9.161280
6.392160
13.770720
16.089120
17.015040
17.229600
16.325280
16.489440
17.454240
17.583840
18.004320
17.694720
17.886240
16.439040
6.372000
8.172000
10.869120
9.312480
14.243040
19.428480
19.997280
14.253120
18.401760
8.280000
15.062400
11.181600
16.561440
21.127680
20.949120
16.279200
14.482080
17.076960
14.021280
16.689600
16.272000
21.653280
17.010720
21.385440
7.745760
11.057760
18.541440
12.538080
21.252960
22.595040
21.039840
13.118400
14.646240
21.035520
20.983680
13.645440
22.559040
22.734720
22.426560
19.611360
20.453760
22.718880
24.099840
23.528160
7.572960
13.999680
20.250720
11.989440
17.046720
18.982080
24.279840
23.614560
23.585760
18.820800
23.338080
22.943520
21.811680
22.991040
23.088960
23.657760
22.003200
13.233600
24.228000
24.353280
21.097440
20.825280
20.505600
21.349440
18.004320
11.289600
23.578560
22.995360
22.220640
24.531840
24.435360
21.301920
20.692800
8.428320
20.682720
21.876480
24.494400
23.811840
23.698080
24.517440
23.679360
20.779200
22.475520
23.130720
23.564160
8.691840
25.302240
22.370400
22.263840
15.351840
22.200480
21.902400
22.112640
24.243840
21.219840
20.498400
24.036480
22.933440
19.275840
22.230720
23.928480
24.053760
23.772960
22.783680
22.345920
23.245920
20.854080
22.023360
21.988800
21.844800
18.446400
18.282240
15.107040
21.656160
17.840160
21.274560
21.663360
21.372480
21.669120
21.533760
14.605920
21.899520
20.858400
21.509280
19.692000
20.625120
17.543520
17.661600
20.115360
20.721600
18.652320
20.331360
19.389600
18.954720
13.197600
18.583200
18.512640
17.117280
17.434080
18.472320
18.145440
19.545120
17.534880
16.547040
15.338880
6.295680
17.033760
7.554240
19.041120
17.006400
18.303840
16.908480
16.279200
16.904160
15.526080
12.310560
15.197760
16.368480
15.819840
13.114080
16.945920
17.140320
16.102080
11.463840
7.865280
11.184480
10.303200
12.977280
14.502240
13.459680
15.433920
12.814560
4.741920
5.548320
6.243840
1.069920
14.532480
14.565600
13.331520
13.917600
13.860000
13.811040
12.568320
12.270240
26.805600
44.085600
22.440960
6.981120
6.642720
12.186720
8.802720
12.013920
10.147680
10.647360
7.210080
4.066560
2.459520
6.958080
9.155520
10.450080
7.738560
2.730240
5.846400
6.903360
11.448000
11.095200
3.379680
8.568000
10.045440
8.624160
5.473440
2.232000
9.120960
4.944960
6.723360
6.888960
3.090240
7.341120
5.525280
9.021600
3.890880
3.526560
5.591520
3.365280
1.032480
2.347200
8.232480
6.107040
4.334400
4.563360
5.512320
6.899040
5.277600
2.613600
2.233440
3.206880
6.690240
7.201440
7.869600
7.452000
7.296480
7.149600
7.261920
6.716160
6.566400
7.227360
7.132320
6.075360
6.687360
3.955680
3.772800
1.222560
4.420800
6.504480
5.754240
6.163200
4.095360
4.514400
4.599360
6.075360
6.022080
2.695680
2.257920
6.762240
6.307200
6.770880
2.220480
6.384960
6.276960
2.635200
6.000480
7.087680
7.284960
7.254720
7.197120
7.020000
6.707520
6.716160
5.434560
7.778880
6.566400
3.692160
6.909120
2.943360
4.597920
8.238240
5.699520
0.864000
7.175520
7.876800
3.222720
8.182080
5.758560
8.779680
8.762400
4.233600
9.272160
7.351200
8.141760
9.079200
7.668000
8.991360
10.162080
7.740000
9.397440
10.061280
10.572480
2.868480
9.407520
7.986240
5.207040
10.298880
11.149920
10.560960
11.452320
7.259040
5.778720
8.284320
7.251840
10.676160
9.187200
6.226560
12.225600
12.816000
6.105600
10.648800
12.965760
2.813760
3.551040
13.177440
9.747360
5.973120
3.535200
9.789120
8.642880
12.261600
11.891520
13.685760
11.437920
12.682080
5.332320
16.067520
16.256160
9.807840
5.176800
16.430400
16.165440
11.528640
15.613920
16.441920
12.978720
15.717600
13.068000
8.529120
11.849760
15.288480
9.491040
17.958240
18.211680
12.915360
16.675200
16.709760
10.414080
5.600160
11.508480
16.505280
17.079840
16.452000
14.541120
13.878720
19.661760
20.206080
20.833920
17.750880
17.543520
20.378880
20.514240
13.551840
21.589920
21.624480
20.643840
21.479040
21.611520
2.288160
6.216480
15.115680
2.391840
2.243520
14.916960
19.599840
20.628000
20.956320
22.600800
22.464000
22.508640
20.013120
11.141280
14.703840
23.928480
23.168160
23.852160
23.508000
5.483520
5.698080
23.447520
21.232800
14.692320
19.571040
11.216160
20.088000
21.877920
22.416480
24.773760
21.025440
23.230080
14.525280
15.052320
22.076640
13.008960
16.708320
23.620320
24.708960
24.703200
24.304320
19.123200
18.312480
18.953280
17.537760
13.577760
23.074560
24.107040
22.582080
20.352960
23.794560
23.290560
24.105600
15.691680
3.094560
18.917280
21.915360
12.744000
25.156800
23.711040
25.043040
24.978240
24.022080
22.920480
22.677120
24.556320
24.216480
23.760000
21.797280
21.677760
24.207840
23.914080
24.171840
23.898240
22.759200
22.681440
19.869120
22.407840
22.584960
17.976960
20.901600
22.950720
21.519360
20.191680
16.431840
18.688320
19.424160
21.841920
18.321120
18.596160
22.003200
22.206240
21.183840
20.577600
18.937440
23.400000
22.299840
22.737600
22.645440
19.781280
10.762560
21.264480
19.663200
18.413280
6.089760
21.731040
21.911040
21.641760
21.368160
18.156960
17.735040
20.289600
19.501920
17.624160
18.312480
18.676800
18.326880
17.850240
19.291680
16.195680
14.510880
15.580800
19.229760
10.895040
18.607680
5.090400
15.899040
9.106560
18.528480
18.400320
11.039040
18.135360
18.012960
17.789760
13.491360
3.088800
8.471520
18.046080
16.787520
10.872000
16.994880
16.999200
15.134400
17.195040
16.665120
15.927840
16.859520
16.688160
16.276320
16.156800
16.189920
15.089760
14.641920
14.682240
14.790240
12.307680
10.283040
13.112640
9.815040
13.304160
12.144960
2.844000
7.367040
13.963680
12.420000
13.920480
13.583520
13.351680
12.872160
11.527200
11.629440
11.708640
10.615680
8.254080
12.438720
11.285280
4.714560
6.805440
10.130400
8.899200
6.030720
10.890720
9.499680
7.980480
9.509760
10.211040
10.323360
5.768640
10.674720
10.644480
9.758880
8.487360
7.875360
5.454720
8.072640
9.682560
9.087840
7.126560
6.818400
5.243040
8.092800
8.065440
8.719200
8.739360
8.690400
0.501120
2.325600
1.107360
4.939200
7.385760
7.616160
7.752960
8.298720
7.122240
8.020800
7.855200
7.754400
7.430400
6.135840
2.334240
6.958080
2.952000
6.611040
7.096320
3.317760
7.241760
5.986080
4.260960
4.275360
1.393920
3.631680
1.841760
1.978560
4.867200
1.726560
2.764800
2.815200
3.502080
1.562400
4.580640
6.557760
6.462720
4.878720
1.343520
1.481760
6.590880
5.220000
5.179680
7.070400
6.442560
5.473440
5.209920
3.015360
3.564000
3.273120
3.859200
6.408000
6.134400
5.823360
2.266560
3.769920
1.942560
6.033600
0.927360
4.073760
4.052160
1.092960
5.620320
2.354400
6.024960
7.845120
7.686720
1.785600
8.218080
6.144480
5.162400
8.264160
8.612640
7.580160
2.999520
9.429120
8.186400
4.420800
9.794880
5.960160
9.007200
7.974720
9.832320
9.993600
6.373440
3.025440
4.993920
4.021920
10.067040
10.298880
10.231200
-99.000000
-99.000000
8.274240
6.566400
11.219040
10.183680
8.488800
12.592800
12.647520
12.680640
9.169920
11.028960
4.883040
6.037920
6.786720
9.149760
12.386880
10.224000
5.827680
14.074560
14.844960
15.086880
14.855040
14.999040
12.265920
13.295520
11.730240
10.814400
15.091200
15.811200
16.312320
14.647680
11.750400
8.838720
12.960000
7.346880
17.808480
12.450240
7.990560
11.335680
16.610400
11.570400
12.353760
2.422080
13.746240
12.192480
5.332320
1.781280
16.109280
17.399520
19.242720
18.738720
19.173600
17.612640
17.971200
16.670880
15.733440
19.535040
19.382400
14.165280
19.916640
20.057760
20.688480
19.739520
10.313280
9.270720
19.136160
19.195200
18.089280
19.650240
14.659200
22.317120
20.983680
22.282560
21.096000
21.058560
22.718880
22.943520
23.253120
22.380480
18.990720
16.873920
20.468160
21.705120
20.427840
16.950240
6.238080
20.832480
23.348160
22.776480
22.862880
22.793760
13.916160
18.123840
11.674080
18.709920
16.853760
13.511520
14.067360
15.635520
17.094240
16.673760
9.633600
20.600640
14.048640
24.878880
24.289920
24.135840
24.168960
20.689920
22.868640
19.320480
22.371840
23.097600
20.541600
23.283360
23.492160
17.280000
23.513760
8.040960
21.075840
18.715680
18.689760
22.438080
22.547520
22.966560
22.590720
17.555040
18.010080
5.087520
16.518240
20.111040
17.278560
23.938560
23.565600
24.498720
13.976640
12.394080
10.018080
21.800160
24.056640
16.800480
16.862400
24.629760
24.662880
24.528960
24.423840
22.694400
22.921920
23.326560
22.903200
23.027040
22.262400
18.230400
19.336320
22.184640
23.605920
23.542560
23.040000
20.122560
18.617760
21.682080
21.929760
15.687360
22.923360
22.862880
22.487040
12.340800
8.940960
21.515040
18.643680
18.282240
19.748160
20.232000
18.244800
15.863040
20.905920
18.473760
12.581280
21.468960
18.551520
21.126240
20.547360
20.676960
15.769440
19.130400
14.103360
9.920160
11.098080
20.354400
17.752320
19.241280
19.419840
15.386400
17.756640
10.120320
16.940160
17.771040
18.984960
18.578880
17.739360
17.373600
15.952320
14.783040
14.005440
12.985920
14.558400
16.224480
17.042400
16.930080
15.433920
11.517120
13.703040
10.738080
12.048480
13.968000
13.173120
13.266720
11.694240
1.218240
8.092800
10.094400
14.775840
15.010560
14.001120
1.859040
7.724160
4.327200
12.072960
9.332640
13.685760
13.546080
12.749760
11.697120
9.989280
13.504320
12.692160
6.742080
8.943840
10.974240
10.221120
4.229280
10.738080
10.693440
11.508480
11.990880
10.895040
10.941120
10.360800
11.026080
11.697120
11.000160
10.291680
10.501920
7.737120
7.477920
7.734240
6.416640
7.675200
7.650720
8.359200
7.843680
3.322080
8.879040
9.504000
8.439840
6.321600
4.685760
9.146880
1.759680
8.506080
7.990560
3.460320
7.840800
7.143840
8.364960
8.272800
7.878240
7.531200
5.169600
3.064320
4.497120
4.622400
4.296960
3.798720
3.744000
3.500640
1.077120
1.206720
6.213600
6.645600
5.857920
1.296000
6.912000
6.246720
7.205760
4.861440
7.002720
6.491520
6.235200
4.721760
3.411360
2.252160
1.189440
2.982240
3.306240
6.400800
4.500000
3.278880
6.717600
1.280160
1.362240
1.314720
1.548000
6.325920
4.776480
6.212160
7.086240
6.992640
7.763040
6.936480
7.469280
7.138080
6.995520
4.816800
1.887840
2.193120
2.482560
6.311520
6.661440
4.652640
5.650560
3.356640
6.783840
4.461120
3.713760
7.755840
7.405920
1.984320
5.623200
4.872960
6.223680
8.542080
6.112800
8.373600
7.757280
3.263040
6.302880
7.168320
1.866240
9.488160
9.154080
5.176800
9.243360
5.185440
9.475200
10.045440
9.727200
7.302240
10.530720
10.444320
4.226400
3.083040
8.399520
7.308000
4.883040
10.411200
6.415200
8.678880
11.642400
10.722240
10.596960
12.958560
11.390400
13.327200
8.385120
10.090080
13.871520
10.991520
10.478880
12.450240
10.326240
12.572640
14.948640
14.778720
13.980960
13.852800
10.867680
13.495680
14.251680
14.895360
11.508480
12.356640
12.666240
15.592320
15.317280
5.597280
9.164160
6.907680
3.628800
4.671360
6.886080
2.730240
14.320800
17.231040
18.072000
17.218080
15.452640
16.009920
18.905760
18.410400
18.748800
17.801280
19.023840
19.224000
19.552320
18.947520
20.226240
19.915200
18.401760
14.407200
15.632640
19.702080
19.686240
6.072480
10.980000
17.691840
16.755840
21.312000
21.355200
19.690560
11.610720
19.586880
15.717600
15.858720
12.260160
16.958880
21.335040
16.254720
20.352960
14.388480
18.930240
20.616480
6.481440
14.198400
22.992480
22.969440
20.952000
22.659840
22.353120
21.971520
23.004000
17.161920
15.177600
23.621760
23.153760
23.742720
23.289120
6.228000
20.059200
24.589440
24.469920
24.226560
19.876320
21.718080
24.426720
24.492960
23.886720
20.966400
22.266720
24.107040
23.333760
23.509440
19.712160
24.757920
24.958080
24.423840
24.874560
21.687840
21.703680
7.198560
12.407040
21.300480
12.303360
19.103040
17.235360
14.889600
24.559200
24.840000
24.541920
24.804000
24.770880
19.644480
15.599520
24.153120
24.298560
24.248160
23.505120
24.184800
23.758560
22.762080
21.631680
7.691040
17.625600
20.688480
22.728960
23.228640
21.650400
23.587200
24.458400
23.984640
23.080320
23.093280
24.213600
22.786560
21.821760
20.525760
18.072000
18.576000
22.253760
23.012640
19.713600
22.615200
23.074560
21.411360
22.515840
22.174560
22.599360
22.374720
18.780480
7.264800
5.499360
19.519200
22.083840
18.613440
19.743840
20.476800
20.164320
19.326240
5.071680
21.454560
21.703680
20.391840
20.080800
20.754720
20.213280
14.693760
20.990880
15.624000
9.763200
19.483200
19.804320
17.655840
10.126080
15.986880
16.879680
18.925920
19.308960
18.528480
18.970560
18.756000
18.192960
13.623840
15.228000
9.840960
4.682880
2.571840
17.799840
15.750720
11.545920
11.632320
16.405920
8.140320
13.923360
9.087840
12.512160
9.135360
11.733120
14.158080
17.092800
15.557760
16.477920
16.728480
16.413120
15.874560
11.563200
13.259520
15.236640
13.831200
13.317120
11.530080
12.673440
7.208640
13.857120
12.938400
3.921120
7.256160
4.468320
11.417760
13.703040
13.188960
13.548960
11.495520
9.010080
8.909280
6.495840
10.645920
13.193280
11.331360
4.608000
11.080800
3.612960
1.935360
11.892960
11.512800
10.749600
3.566880
6.668640
8.776800
7.860960
9.095040
9.930240
9.613440
9.218880
5.112000
0.884160
6.343200
8.445600
9.443520
9.400320
7.750080
7.443360
1.468800
1.912320
2.171520
2.387520
1.467360
8.304480
1.745280
2.135520
6.199200
3.938400
5.755680
6.536160
7.680960
5.195520
8.303040
7.079040
4.835520
6.893280
7.954560
6.706080
7.588800
6.569280
6.272640
5.676480
4.913280
5.091840
4.639680
3.708000
4.302720
4.340160
6.346080
1.460160
1.254240
1.196640
1.488960
3.257280
3.633120
6.200640
3.039840
4.453920
4.956480
1.761120
3.345120
1.537920
1.812960
3.564000
1.015200
1.455840
1.955520
2.620800
4.517280
4.753440
3.630240
5.041440
5.228640
2.833920
3.260160
6.350400
6.966720
5.891040
6.953760
4.069440
4.910400
5.987520
7.369920
7.339680
4.512960
4.976640
8.252640
7.349760
6.552000
7.214400
6.838560
8.084160
3.048480
6.516000
5.227200
3.683520
2.996640
7.345440
4.777920
3.317760
6.287040
5.676480
9.452160
8.256960
5.999040
9.969120
9.685440
8.474400
10.588320
10.084320
5.778720
4.396320
3.931200
4.622400
8.478720
8.023680
11.711520
11.892960
12.097440
3.651840
12.159360
12.310560
11.282400
9.033120
11.581920
10.625760
8.670240
6.962400
3.620160
8.557920
12.464640
13.692960
13.429440
14.122080
13.278240
11.632320
13.960800
6.390720
15.079680
6.085440
12.942720
15.619680
15.742080
15.130080
3.695040
4.773600
7.646400
14.974560
8.763840
4.008960
13.600800
9.047520
6.315840
16.781760
17.684640
13.230720
17.081280
15.724800
12.314880
12.445920
17.470080
15.444000
8.154720
18.970560
14.456160
7.236000
3.036960
17.628480
17.864640
19.211040
20.108160
16.355520
19.761120
15.870240
19.234080
20.646720
18.721440
18.774720
19.524960
20.792160
15.960960
10.664640
14.005440
7.768800
19.365120
21.414240
22.322880
22.108320
15.744960
4.834080
21.038400
18.360000
23.453280
23.110560
23.169600
23.009760
21.124800
13.006080
17.549280
4.822560
6.994080
7.565760
16.935840
15.662880
21.556800
20.920320
21.742560
23.787360
22.152960
20.538720
22.114080
23.554080
23.152320
15.982560
22.440960
22.072320
17.439840
20.427840
20.439360
19.308960
23.620320
20.224800
20.498400
25.113600
24.736320
21.146400
9.816480
23.228640
17.344800
23.296320
23.653440
22.747680
22.531680
17.883360
19.497600
23.097600
24.972480
18.479520
19.421280
17.182080
22.717440
25.359840
25.233120
24.340320
24.919200
24.950880
23.856480
23.901120
22.898880
24.117120
22.260960
16.408800
23.137920
23.091840
23.664960
23.971680
21.728160
21.116160
20.875680
19.074240
20.868480
23.368320
23.198400
16.783200
22.141440
23.889600
24.376320
24.420960
24.012000
24.004800
23.821920
23.306400
9.970560
20.469600
18.757440
22.956480
23.512320
23.230080
23.120640
21.477600
22.494240
20.181600
21.696480
22.165920
22.648320
21.954240
20.429280
19.149120
22.288320
22.337280
22.253760
22.026240
19.702080
15.553440
21.706560
21.335040
21.157920
21.327840
20.458080
15.115680
16.418880
17.556480
19.876320
17.353440
20.076480
20.256480
19.995840
20.283840
20.142720
19.846080
17.297280
17.530560
9.921600
13.269600
13.972320
18.368640
17.887680
17.195040
16.145280
16.859520
18.014400
16.136640
7.310880
13.078080
13.721760
17.004960
15.884640
15.124320
12.371040
9.226080
14.126400
9.711360
17.228160
16.627680
11.247840
15.942240
14.960160
8.028000
13.692960
12.179520
12.899520
14.785920
15.181920
14.677920
14.585760
12.264480
12.441600
12.045600
13.691520
10.615680
6.183360
11.214720
13.321440
11.859840
10.836000
13.155840
4.177440
5.303520
5.830560
12.113280
10.052640
4.996800
7.780320
9.228960
7.064640
7.935840
5.140800
10.352160
5.234400
4.295520
5.375520
10.464480
9.149760
6.261120
6.033600
8.121600
5.745600
5.320800
7.403040
2.136960
4.101120
8.727840
7.979040
9.319680
9.133920
8.965440
8.563680
8.356320
4.260960
8.504640
8.562240
8.304480
8.108640
4.272480
7.623360
5.296320
2.093760
1.707840
0.489600
5.495040
5.196960
1.321920
1.383840
4.201920
3.708000
5.025600
3.636000
2.227680
2.927520
3.765600
2.203200
3.535200
1.948320
1.288800
2.099520
1.931040
1.847520
1.548000
1.494720
1.679040
1.251360
0.861120
3.787200
3.281760
2.060640
3.682080
5.803200
4.069440
5.676480
3.228480
4.580640
1.605600
1.321920
1.183680
1.463040
1.170720
1.098720
1.159200
0.918720
2.100960
4.308480
7.365600
7.634880
5.868000
6.756480
7.286400
3.578400
5.749920
6.344640
7.679520
6.455520
7.212960
7.518240
8.305920
7.830720
3.401280
1.029600
3.219840
2.308320
4.692960
6.662880
5.948640
6.036480
2.868480
5.137920
6.625440
6.867360
7.109280
6.661440
2.944800
6.900480
5.977440
6.740640
10.005120
4.524480
10.365120
10.601280
5.425920
3.085920
5.698080
3.428640
10.016640
8.928000
9.083520
9.519840
8.465760
6.150240
10.212480
11.623680
10.815840
4.752000
4.664160
12.997440
12.075840
12.096000
0.109440
-99.000000
8.866080
4.409280
13.448160
11.741760
13.518720
14.385600
13.577760
14.447520
15.108480
14.171040
-99.000000
1.955520
14.878080
14.938560
15.785280
16.261920
15.966720
16.449120
15.966720
13.501440
11.242080
15.906240
6.058080
10.476000
13.461120
8.150400
15.249600
17.844480
17.796960
11.119680
17.706240
17.264160
18.897120
18.976320
14.447520
18.964800
19.092960
19.553760
19.743840
19.506240
19.615680
20.033280
19.560960
19.071360
16.110720
20.181600
19.942560
20.460960
14.457600
18.300960
21.693600
21.504960
19.526400
21.579840
13.010400
10.236960
10.156320
21.477600
14.656320
15.956640
22.757760
14.220000
13.754880
20.867040
16.754400
23.453280
23.185440
22.390560
18.751680
19.450080
20.737440
18.383040
18.345600
20.332800
21.363840
22.881600
18.862560
8.795520
24.537600
24.118560
18.269280
23.633280
23.456160
23.974560
24.395040
23.076000
23.467680
22.746240
19.465920
19.205280
23.837760
23.264640
21.445920
10.029600
5.598720
17.724960
24.325920
24.576480
20.704320
22.171680
23.633280
24.337440
24.091200
24.878880
24.096960
19.769760
23.934240
24.720480
24.393600
23.906880
22.868640
24.677280
23.130720
22.092480
22.276800
15.937920
18.135360
18.594720
20.162880
17.494560
24.651360
22.916160
24.834240
24.685920
24.877440
24.442560
16.384320
14.857920
12.461760
21.564000
21.290400
22.459680
23.159520
23.035680
22.109760
23.073120
23.405760
21.195360
18.905760
17.592480
16.596000
11.766240
17.048160
10.329120
23.574240
23.267520
22.821120
22.943520
19.509120
20.809440
21.077280
20.092320
7.839360
14.575680
21.352320
21.384000
19.726560
18.898560
18.012960
21.044160
7.607520
21.985920
21.674880
21.611520
21.244320
21.234240
15.101280
16.449120
20.484000
18.720000
19.143360
20.767680
20.229120
20.112480
15.359040
19.075680
15.439680
15.999840
12.284640
16.151040
6.300000
15.193440
16.830720
16.552800
19.409760
13.615200
17.043840
14.374080
16.329600
17.388000
17.256960
3.794400
18.460800
17.805600
10.764000
17.363520
16.911360
2.340000
17.183520
16.246080
14.636160
16.826400
16.453440
13.711680
6.798240
13.620960
14.623200
11.995200
12.755520
14.554080
13.703040
14.688000
5.195520
9.123840
12.373920
13.770720
13.546080
13.821120
13.960800
13.723200
13.862880
13.608000
13.590720
12.774240
11.213280
11.698560
10.699200
11.136960
11.440800
11.148480
2.538720
3.428640
11.007360
10.008000
11.377440
11.505600
10.972800
10.961280
8.134560
10.622880
10.568160
10.840320
9.911520
10.031040
8.758080
6.588000
8.298720
5.145120
9.413280
10.154880
9.966240
4.609440
9.159840
7.944480
7.001280
9.109440
9.200160
9.018720
7.682400
8.455680
8.303040
8.130240
8.173440
8.465760
7.845120
7.519680
6.167520
6.307200
4.282560
7.755840
5.847840
7.705440
7.476480
7.647840
4.446720
7.548480
7.662240
6.814080
7.284960
5.876640
3.680640
5.163840
6.707520
2.748960
1.880640
6.464160
4.577760
3.055680
6.769440
6.638400
6.904800
3.093120
6.436800
5.644800
5.931360
4.839840
6.559200
3.880800
2.113920
3.192480
6.792480
4.410720
3.657600
5.627520
4.597920
6.756480
5.793120
5.624640
7.106400
7.176960
2.891520
2.851200
2.855520
3.216960
6.248160
5.293440
4.684320
4.119840
3.450240
7.174080
7.650720
8.007840
7.977600
6.860160
7.935840
6.300000
8.444160
7.345440
6.154560
4.494240
1.476000
4.129920
7.359840
8.578080
7.567200
5.862240
2.253600
6.675840
7.742880
1.503360
1.584000
1.370880
10.368000
5.448960
9.372960
11.020320
6.647040
7.804800
5.794560
5.104800
10.923840
5.840640
8.019360
10.985760
6.945120
6.341760
10.029600
11.916000
12.310560
12.252960
12.621600
9.809280
1.657440
2.224800
4.507200
7.548480
12.276000
6.446880
10.968480
12.009600
14.820480
11.708640
13.262400
9.976320
11.440800
10.470240
9.377280
8.161920
11.661120
15.779520
5.964480
15.511680
9.256320
12.899520
14.734080
15.513120
13.612320
4.160160
10.814400
10.774080
10.872000
18.090720
16.110720
13.429440
16.236000
16.768800
10.857600
17.226720
15.602400
18.226080
10.061280
10.895040
7.554240
14.163840
9.082080
11.818080
10.414080
8.984160
4.808160
18.624960
1.928160
19.886400
20.265120
19.270080
20.063520
18.758880
14.785920
14.741280
19.972800
19.117440
20.675520
17.362080
12.872160
12.690720
18.917280
15.223680
21.741120
18.959040
11.963520
17.668800
11.141280
8.239680
14.414400
20.390400
19.674720
21.872160
11.099520
24.092640
21.024000
23.137920
21.876480
15.364800
18.747360
19.143360
15.971040
20.004480
20.665440
20.484000
22.295520
20.826720
12.130560
13.636800
4.665600
22.206240
9.576000
20.188800
20.666880
22.878720
11.839680
18.869760
15.369120
12.715200
19.380960
16.395840
16.794720
11.509920
23.713920
20.126880
20.283840
24.461280
23.335200
24.382080
23.538240
24.337440
24.300000
24.554880
13.825440
23.621760
23.908320
22.354560
24.265440
23.990400
19.401120
15.210720
22.867200
23.124960
21.371040
23.734080
18.653760
23.901120
13.163040
23.451840
19.968480
22.770720
18.144000
19.268640
16.921440
21.337920
21.191040
21.751200
23.027040
18.786240
23.839200
21.054240
22.646880
19.372320
19.674720
16.482240
23.094720
22.618080
20.799360
22.736160
20.216160
22.111200
22.178880
22.307040
21.772800
22.029120
21.934080
20.963520
21.303360
20.864160
20.973600
17.413920
17.448480
9.453600
13.824000
19.965600
15.127200
17.228160
21.535200
21.278880
16.189920
17.267040
20.975040
20.413440
19.454400
18.934560
16.806240
17.107200
19.517760
19.559520
19.421280
19.205280
12.047040
16.889760
16.823520
14.905440
18.951840
16.405920
11.617920
16.979040
10.840320
13.782240
17.210880
13.996800
13.413600
10.206720
15.795360
12.759840
17.015040
15.128640
7.024320
15.513120
13.824000
14.411520
16.109280
15.380640
15.143040
15.540480
15.979680
15.779520
7.542720
13.871520
15.320160
15.289920
14.433120
14.860800
14.076000
14.447520
14.467680
14.235840
13.790880
13.053600
13.102560
9.764640
12.420000
10.372320
10.726560
11.897280
11.232000
6.906240
9.770400
7.397280
12.084480
3.597120
2.185920
7.668000
8.419680
11.256480
11.352960
11.442240
11.365920
7.126560
3.293280
7.015680
6.624000
6.960960
4.420800
8.239680
8.867520
10.236960
9.617760
1.546560
7.443360
8.189280
5.101920
6.099840
6.101280
6.742080
7.240320
4.390560
4.452480
1.984320
5.087520
4.019040
4.953600
2.988000
3.971520
4.907520
3.561120
1.680480
6.112800
4.366080
4.934880
7.076160
6.835680
5.094720
5.604480
4.923360
6.531840
4.932000
6.333120
1.728000
6.840000
7.031520
6.275520
6.209280
5.709600
5.009760
4.829760
1.085760
4.289760
4.282560
2.913120
4.632480
3.597120
6.675840
6.173280
4.592160
6.222240
4.030560
5.369760
2.812320
1.840320
1.543680
1.523520
5.977440
6.346080
4.929120
5.562720
7.152480
6.373440
5.250240
6.694560
7.515360
7.053120
5.185440
6.503040
7.830720
7.564320
7.643520
7.066080
7.522560
7.966080
4.911840
1.882080
4.789440
6.949440
2.399040
8.088480
5.353920
3.463200
8.857440
8.683200
8.723520
8.233920
7.313760
3.042720
8.974080
7.768800
7.551360
7.750080
10.224000
10.123200
8.909280
9.977760
8.471520
10.141920
9.550080
7.871040
10.330560
11.102400
11.292480
11.371680
10.342080
8.994240
11.816640
9.180000
10.438560
10.108800
10.909440
11.463840
12.451680
12.192480
12.641760
11.736000
13.402080
12.362400
13.586400
13.180320
12.653280
9.061920
13.092480
3.571200
13.325760
13.515840
14.448960
14.760000
15.282720
13.628160
14.093280
14.002560
15.890400
16.149600
15.798240
16.401600
14.778720
16.960320
15.684480
16.043040
16.680960
16.987680
16.895520
17.687520
17.775360
17.386560
17.347680
17.843040
4.805280
9.308160
14.826240
5.391360
19.300320
9.629280
12.679200
16.774560
14.690880
19.856160
18.833760
19.650240
19.539360
20.822400
17.697600
14.760000
19.255680
13.906080
9.642240
16.254720
5.243040
4.423680
3.710880
15.132960
16.315200
11.865600
21.839040
21.854880
22.334400
21.201120
21.672000
21.949920
18.626400
5.256000
22.337280
23.793120
23.441760
19.889280
12.827520
22.140000
14.090400
22.491360
24.082560
22.782240
23.774400
22.201920
21.834720
5.520960
22.069440
17.419680
24.327360
21.127680
24.243840
20.701440
4.602240
-99.000000
0.319680
23.669280
23.457600
24.795360
24.553440
24.528960
24.624000
24.690240
21.670560
23.797440
14.734080
22.209120
24.154560
23.107680
15.557760
24.246720
8.614080
25.469280
17.131680
18.725760
25.156800
22.345920
24.397920
24.338880
18.943200
19.791360
17.017920
23.450400
22.845600
23.052960
23.273280
23.376960
23.784480
24.092640
23.771520
23.777280
23.214240
22.374720
22.972320
21.690720
22.749120
20.151360
16.483680
8.799840
19.496160
24.006240
23.783040
22.956480
19.222560
17.346240
23.774400
22.564800
20.331360
22.779360
22.616640
22.001760
21.841920
22.620960
22.448160
22.170240
21.274560
11.485440
18.181440
23.509440
22.800960
21.791520
20.960640
21.932640
21.870720
20.907360
20.891520
21.108960
19.755360
13.213440
21.339360
21.512160
21.313440
12.090240
19.782720
18.531360
21.679200
20.499840
20.151360
20.556000
19.264320
14.443200
4.415040
16.176960
20.211840
18.433440
19.740960
19.507680
14.163840
6.458400
18.370080
15.675840
18.701280
16.804800
13.934880
19.104480
19.275840
18.584640
18.639360
18.770400
18.532800
18.456480
16.077600
13.612320
8.458560
17.140320
8.249760
11.314080
13.963680
15.354720
15.523200
12.705120
14.744160
12.765600
9.802080
11.715840
14.309280
15.700320
14.869440
15.333120
14.859360
13.268160
14.616000
14.604480
13.629600
14.467680
14.250240
14.352480
14.335200
11.073600
12.355200
13.410720
10.776960
10.874880
11.509920
9.570240
9.344160
5.055840
12.939840
12.039840
10.284480
9.574560
11.049120
2.406240
9.967680
0.545760
7.945920
10.882080
11.180160
9.770400
9.685440
4.232160
6.132960
7.276320
8.560800
6.822720
8.048160
9.149760
9.131040
8.966880
9.306720
5.418720
8.203680
8.871840
8.252640
6.649920
8.559360
3.489120
3.471840
6.019200
8.087040
5.270400
3.592800
8.102880
6.383520
6.979680
3.235680
4.065120
7.519680
7.143840
6.661440
6.785280
6.068160
5.821920
6.481440
5.711040
5.944320
4.102560
0.790560
1.643040
5.025600
4.046400
4.714560
6.986880
5.142240
3.921120
3.869280
4.988160
4.066560
6.677280
0.997920
4.109760
5.742720
3.792960
4.101120
4.069440
5.274720
6.276960
5.258880
6.495840
3.071520
5.384160
4.438080
2.148480
1.533600
1.536480
1.630080
2.027520
1.542240
2.820960
6.037920
2.111040
2.124000
4.475520
2.021760
2.754720
7.639200
6.308640
3.687840
5.512320
4.867200
5.770080
6.729120
6.559200
1.725120
1.113120
0.607680
2.226240
6.864480
4.746240
5.391360
4.842720
6.305760
8.364960
7.547040
7.348320
8.428320
7.683840
7.960320
8.940960
9.195840
10.077120
9.466560
6.530400
6.415200
7.295040
10.287360
8.578080
4.970880
8.686080
10.869120
7.835040
7.574400
8.953920
11.010240
11.844000
10.749600
12.002400
12.238560
12.137760
12.700800
8.867520
12.764160
12.219840
11.380320
8.664480
10.290240
10.810080
9.685440
10.555200
10.123200
14.192640
9.069120
13.788000
14.290560
10.370880
14.855040
13.874400
10.815840
15.832800
12.346560
3.486240
5.523840
9.851040
14.029920
14.099040
15.199200
6.894720
6.452640
9.315360
7.325280
9.777600
16.920000
14.803200
17.894880
3.839040
1.496160
1.620000
7.538400
17.268480
18.470880
17.609760
16.269120
6.779520
14.489280
19.404000
15.389280
13.870080
15.920640
8.294400
17.137440
11.170080
17.529120
11.744640
13.989600
12.814560
8.586720
4.518720
12.297600
16.777440
20.740320
21.306240
18.339840
8.703360
19.333440
21.513600
17.228160
21.461760
21.345120
22.141440
20.636640
13.184640
22.929120
19.343520
20.944800
13.371840
5.173920
20.818080
12.074400
19.870560
4.816800
12.682080
12.407040
22.278240
23.921280
23.813280
23.768640
23.004000
23.801760
22.027680
20.064960
13.754880
23.574240
22.021920
24.173280
24.164640
24.079680
21.624480
21.028320
20.697120
19.913760
15.112800
23.821920
21.301920
17.966880
22.690080
24.726240
22.311360
19.568160
20.714400
23.359680
20.270880
22.936320
9.336960
17.508960
20.597760
19.923840
20.122560
24.351840
24.809760
24.120000
20.249280
22.933440
22.841280
23.438880
23.826240
23.735520
22.878720
23.617440
22.959360
22.239360
25.505280
24.459840
24.081120
25.034400
21.107520
19.211040
23.209920
23.260320
14.623200
21.143520
19.902240
23.048640
23.636160
23.905440
23.821920
23.536800
22.597920
22.381920
14.981760
23.160960
22.223520
22.394880
21.565440
21.529440
20.429280
21.703680
20.482560
21.751200
20.877120
21.921120
22.332960
22.504320
22.138560
21.993120
20.576160
18.383040
17.020800
6.338880
8.847360
13.556160
20.086560
14.024160
19.728000
20.988000
19.810080
16.064640
20.322720
20.409120
18.650880
20.030400
20.422080
19.952640
15.305760
19.622880
18.540000
11.632320
14.150880
19.791360
19.945440
13.268160
19.234080
19.031040
18.802080
18.296640
17.333280
17.242560
15.579360
9.612000
15.775200
17.196480
16.885440
17.320320
15.641280
14.182560
14.823360
6.307200
6.782400
13.505760
14.415840
11.003040
12.690720
10.755360
8.807040
15.147360
12.843360
14.885280
15.134400
13.662720
14.375520
13.101120
2.443680
12.827520
10.366560
13.983840
12.817440
10.504800
12.719520
11.556000
11.412000
13.407840
12.863520
12.706560
12.044160
10.945440
12.644640
12.208320
11.592000
11.080800
2.488320
8.821440
2.213280
10.920960
10.933920
8.920800
11.378880
8.745120
9.253440
10.044000
9.722880
10.048320
9.974880
8.935200
4.030560
1.198080
2.846880
3.327840
3.797280
6.017760
6.001920
8.673120
3.634560
4.694400
3.677760
5.539680
5.109120
8.100000
8.281440
6.691680
7.292160
7.886880
8.264160
7.417440
7.665120
5.482080
4.783680
3.047040
3.221280
2.076480
6.328800
4.154400
5.325120
5.546880
7.174080
5.575680
6.870240
7.084800
3.424320
4.069440
6.613920
6.896160
2.635200
6.939360
6.275520
1.830240
4.930560
5.306400
2.613600
3.114720
1.772640
3.661920
3.574080
3.067200
1.620000
3.732480
7.152480
7.391520
3.936960
6.533280
5.770080
7.002720
5.568480
2.341440
4.612320
7.339680
6.687360
5.621760
7.336800
1.609920
3.300480
1.411200
2.532960
7.653600
8.255520
7.840800
7.375680
4.579200
8.065440
7.931520
6.416640
4.682880
2.714400
4.246560
5.470560
5.957280
8.619840
2.296800
8.576640
5.640480
8.789760
8.442720
8.248320
8.618400
8.395200
9.263520
6.039360
6.209280
6.145920
7.515360
8.493120
5.063040
2.702880
9.174240
9.872640
3.160800
7.983360
2.833920
4.370400
10.553760
9.299520
8.324640
10.474560
7.981920
8.176320
2.750400
9.131040
7.980480
9.213120
5.914080
11.086560
7.479360
3.261600
2.090880
6.808320
8.159040
8.929440
8.169120
7.522560
3.981600
11.852640
14.937120
13.821120
10.703520
15.386400
15.850080
