20000101
-99
0.47
0.41
0.5
0.78
0.57
0.95
0.42
0.73
0.7
0.54
0.32
0.59
1.77
1.67
0.62
0.57
0.58
0.97
0.6
0.54
0.77
0.71
0.77
0.72
0.52
0.44
0.69
0.77
1.05
0.4
0.52
0.88
0.94
0.59
0.44
0.51
0.81
0.78
0.76
0.59
0.66
0.65
0.78
0.94
0.84
1
1.17
1.07
1.2
1.14
0.72
0.7
0.82
0.7
0.64
0.52
0.86
1.09
0.95
1.15
1.21
0.73
0.76
0.97
1.6
0.75
0.66
0.67
0.86
0.7
1.03
0.9
0.63
1.19
1.01
0.78
1.1
1.26
1
1.9
2.62
2.21
0.72
0.81
0.83
0.91
1.23
0.79
1.61
1.18
-99
-99
-99
-99
-99
-99
-99
-99
1.97
1.3
0.83
0.61
0.87
1.23
1.16
1.84
0.72
0.64
0.56
0.7
1.1
1.58
0.68
0.74
1.78
1.24
1.03
1.16
1.14
1.38
1.29
1.1
1.54
2.18
0.89
0.72
1.09
1.21
0.64
0.8
0.86
0.83
0.81
0.9
1.26
1.25
1.25
0.78
1
0.94
1.32
1.19
1.04
1.41
1.25
0.94
1.44
0.63
0.65
1.17
0.82
1.34
1.54
1.91
1.6
1.14
1.12
0.89
1.9
1.73
1.32
0.94
1.21
1.18
0.97
0.88
0.69
1.05
1.7
1.5
2.04
1.13
1.18
1.27
1
0.98
1.89
0.92
1.01
1.13
1.39
1.26
0.95
0.51
0.85
1.78
1.84
0.76
1.03
0.75
1.13
0.89
0.95
0.85
0.96
1.22
1.66
1.2
0.91
0.87
0.82
1.4
1.95
1.28
0.65
0.88
0.73
1.49
0.81
0.56
0.98
1.36
1.83
0.93
0.67
0.84
0.97
0.76
0.67
0.66
0.79
0.92
1.61
1.02
0.42
0.48
0.9
1.13
1.21
1.66
1.01
0.64
0.67
1.3
1.18
1.2
1.4
1.13
0.82
0.92
1.73
1.98
0.66
0.47
0.83
0.75
0.77
0.57
0.62
0.79
1.1
1.12
0.67
0.92
0.71
0.94
0.63
0.55
0.53
1.01
1.12
1.23
0.69
0.56
0.5
0.96
0.76
0.8
1.46
0.62
1.32
0.52
0.66
0.68
1.39
0.77
0.56
0.6
0.78
0.66
0.67
0.66
0.52
0.68
0.67
0.15
0.8
0.77
0.54
0.43
0.44
0.56
1.31
2.63
1.92
3.29
1.84
0.68
0.49
0.54
0.35
0.69
0.61
0.86
0.53
0.38
0.52
0.57
1.35
0.95
0.52
0.39
0.48
0.49
0.41
0.86
0.86
0.41
0.4
0.57
0.86
0.71
0.53
0.36
0.42
0.62
1.02
0.7
0.67
0.54
0.94
0.6
0.86
0.87
1.45
0.63
0.43
0.55
0.69
1.19
2.14
0.45
0.45
0.46
0.38
0.5
0.51
0.53
0.62
0.55
0.53
0.49
0.41
0.64
0.74
3.29
1.23
1.85
0.6
0.86
0.4
1.03
0.84
0.93
0.62
0.51
0.62
0.51
0.6
0.76
0.69
0.4
0.81
1.48
0.44
0.76
0.8
0.57
0.51
1.12
0.67
0.58
0.67
0.56
0.61
0.71
0.49
0.62
0.76
0.5
0.89
0.68
0.98
0.88
0.78
0.92
0.98
0.6
0.52
0.45
0.5
0.58
1.17
0.61
0.74
0.88
0.45
0.4
0.6
0.71
0.59
0.66
0.68
0.91
0.53
0.59
0.58
0.58
0.48
0.84
1.03
0.89
0.91
0.85
1.14
2.4
0.76
1.03
0.56
0.96
0.95
0.54
0.55
0.65
0.76
0.77
0.73
0.72
1.28
1.04
0.63
0.65
0.7
0.53
0.57
0.62
1.65
0.82
0.61
0.87
0.81
0.51
0.78
0.79
0.89
0.87
1.64
1.26
0.47
0.48
0.68
0.68
1.12
0.68
0.7
0.92
1.03
0.82
0.85
0.75
0.81
1.17
0.59
0.64
0.85
0.7
0.52
0.5
0.59
0.47
1.13
0.81
0.57
1.36
0.78
1.03
0.8
0.92
0.49
0.63
1.24
0.77
0.7
0.42
0.4
0.54
0.88
0.97
0.54
0.5
0.56
0.75
0.83
0.68
0.52
0.71
0.57
0.92
0.77
0.59
0.7
0.68
0.82
0.9
0.84
0.84
1.25
0.78
0.91
1.09
0.91
0.75
1.09
1.52
0.66
0.47
0.94
0.82
1.04
0.78
1.17
0.49
0.67
0.37
0.43
0.65
0.78
0.75
0.67
0.62
1.08
0.63
0.9
0.83
0.47
0.73
0.44
0.83
0.94
1.21
0.57
0.5
0.77
1.22
0.96
0.55
1.63
0.47
0.7
0.6
-99
-99
0.63
0.84
0.86
0.76
0.81
1.05
0.79
0.79
0.84
1.14
1.19
1
0.65
0.56
0.78
1.35
0.95
0.85
0.77
0.83
0.66
0.97
0.61
0.84
1.05
0.79
1.2
1.18
1.36
1.25
0.6
0.34
0.41
0.27
0.25
0.11
0.18
0.23
0.77
0.81
0.18
0.08
0.55
0.08
0.24
0.06
0
0
0.19
0
0.01
0
0
0
0
0
0
0
0
0.01
0.02
0.03
0.04
0.03
0.01
0.13
0.01
0.01
0
0
0
0
0
0.02
0
0
0
0
0
0
0
0
0
0
0.02
0.51
0.62
0.88
0.94
0.53
0.57
0.74
1.62
0.94
1.97
1.28
0.94
0.78
0.99
0.8
0.58
0.49
0.74
0.96
0.53
0.51
0.5
0.83
0.48
0.57
0.56
0.47
0.79
0.85
3.93
2.63
1.05
1.57
1.36
2.6
1.66
1.94
1.89
1
0.71
0.69
0.77
0.69
0.8
0.91
0.83
0.61
0.52
0.81
0.79
0.8
0.67
0.62
0.67
0.46
0.84
0.77
1.01
0.94
0.69
0.7
1.01
0.55
0.46
0.81
1.43
0.87
1.02
0.86
0.69
0.87
1.18
1.01
1.08
1.06
0.83
0.95
1.09
0.91
0.86
0.69
0.89
1.02
3.59
2.55
1.36
2.41
0.68
0.66
1
1.15
0.82
0.61
0.77
0.99
0.83
1.23
0.84
1.68
0.76
0.67
0.66
1.05
1.19
1.55
1.06
4.83
1.44
0.88
0.79
0.88
0.6
0.78
1.75
0.79
1.03
1.49
0.7
1.55
6.86
3.08
0.85
0.82
1.28
0.8
0.77
0.68
4.46
2.38
1.1
1.6
1.17
1.68
4.35
5.4
2.78
4.48
3.33
1.23
0.9
1.75
1.22
1.6
1.57
0.86
1.29
1.48
2.32
0.87
1.22
1.66
1.12
1.88
1.62
2.69
1.56
1.01
1.79
1.08
1.17
1.61
1.5
1.48
1.72
1.08
1.41
1.21
1.22
1.78
3.32
1.42
0.98
1.06
1.39
1.98
2.04
3.71
1.2
1.67
1.71
0.74
1.32
1.31
0.91
0.85
2.27
1.09
1.08
0.92
0.95
1.14
1.14
0.98
1.46
0.99
0.99
0.96
1.14
1.48
1.8
1.06
1.42
2
1.22
1.66
1.65
2.4
1.86
2.04
1.64
1.85
1.24
1.27
1.25
1.1
1.17
1.15
1.7
2.29
2.48
2.53
1
1.73
2.2
1.65
3.71
1.68
2.11
1.71
3.25
1.31
1.84
1.49
1.6
1.19
1.65
1.8
1.59
2.08
3.43
1.46
3.09
3.08
2.1
1.05
0.88
1.25
1.56
1.89
1.97
1.88
1.97
1.48
1.68
1.14
1.28
1.73
1.25
1.08
1.52
1.72
1.25
0.9
0.7
0.77
1.4
1.41
1.59
1.18
1.75
1.39
2.16
1.55
1.72
0.82
1.32
2.61
1.87
1.62
1.24
0.9
0.86
1.23
1.92
1.11
1.42
0.99
1.37
1.78
1.29
1.27
1.42
1.85
1.2
1.29
1.31
1.97
1.2
1.13
1.9
2.33
0.88
0.97
1.22
3.22
2.71
1.66
0.84
1.18
1.79
0.91
1.15
1.41
1.7
1.34
1.4
1.88
1.42
0.89
0.91
0.94
0.75
0.32
0.52
0.82
0.83
0.81
1.22
1.39
1.3
2.23
0.86
0.78
1.55
1.23
0.84
0.76
0.93
0.97
1.04
0.86
1.45
1.48
1.37
0.68
1.28
0.96
1.12
1.08
0.82
0.79
0.8
0.85
0.83
1.3
1.69
1.34
0.93
0.58
0.63
0.68
0.74
0.72
1.24
1.04
0.81
2.49
2.16
0.67
0.53
0.59
0.82
2.61
0.69
0.86
2.04
1.44
1.17
2.53
0.64
0.7
0.7
0.63
0.93
0.69
1.21
0.78
0.65
0.53
2.18
1.26
0.78
0.81
4.85
3.74
4.4
1.75
1.29
1
1.52
1.29
1.02
0.83
0.66
0.6
1.47
1.48
1.48
0.87
1.16
0.84
0.47
1
0.65
0.46
-99
-99
-99
5.92
2.92
2.54
4.11
1.11
0.94
0.51
1.16
2.39
1.09
0.7
0.98
1.8
1.17
0.72
0.59
0.51
1.79
0.64
0.64
0.97
1.16
0.74
1.12
0.76
1.06
6.14
1.11
1.01
4.83
0.9
0.61
1.51
2.15
1.94
4.42
1.6
1.13
0.96
1.62
1.28
1.19
0.88
0.62
0.53
0.66
0.77
0.79
2.85
0.92
1.86
1.21
2.76
2.95
1.32
2.06
1.91
3.62
5.67
5.32
4.49
3.4
3.18
2.58
6.77
4.39
1.25
0.82
0.9
0.95
1.03
0.86
1
1.04
1
0.99
1.48
1.46
1.24
3.36
1.98
1.2
1.45
1.34
3.68
5.54
3.05
1.43
0.82
0.94
2.65
4.55
1.75
1.91
2.28
1.06
1.11
0.91
0.93
1.27
0.86
1.05
1.11
1.78
2.14
0.89
1.21
0.95
1.22
1.21
2.08
1.47
1.4
1.36
1.75
1.97
1.93
1.06
1.52
1.43
0.95
4.88
3.99
1.9
1.15
1.77
1.96
1.49
2.15
2.55
1.5
1.22
3.11
3.6
1.75
2.5
0.89
0.95
1.99
1.38
1.14
0.94
0.96
1.06
1.46
1.29
1.78
2.31
1.27
1.74
1.46
1.35
1.26
1.38
1.13
1.16
2.74
1.29
1.03
1.11
0.98
0.94
1.55
1.09
1.3
1.44
1.39
1.03
1.47
2.91
1.1
0.89
1.07
1.87
1.78
1.8
1.24
0.94
1.01
0.99
1.34
0.97
1.26
1.57
1.83
1.37
1.08
1.35
1.41
1.4
1.52
1.88
1.45
1.06
1.09
1.13
1.28
1.2
1.03
0.89
0.74
0.99
1.37
1.71
1.58
1.36
0.93
1.22
1.32
1.6
1.39
2.34
1.07
1.37
1.31
1.45
1.97
1.28
1.7
1.86
0.86
0.95
1.64
0.99
1.06
1.88
1.51
1.26
1.41
0.99
1.27
0.73
0.8
1.37
1
1.36
1.22
1.3
1.08
0.87
0.94
1.14
1.13
1.06
1.09
1.21
0.74
0.76
0.86
1.1
1.43
1.06
0.96
0.86
0.67
0.57
1.01
1.39
0.97
1.01
1.1
1.14
1.06
1.3
0.89
0.68
0.75
0.96
1.31
1.1
1.4
0.86
1.49
0.76
-99
-99
1.92
0.64
0.89
1.05
1.12
4.8
1.17
0.82
0.7
0.66
1.63
0.95
0.65
0.66
0.57
1.19
0.99
1.27
1.44
0.72
0.77
0.95
0.81
0.64
0.87
0.73
1.59
1
1.24
0.75
2.39
3.81
0.65
0.95
0.97
0.73
0.56
0.87
1.25
0.79
0.78
0.55
1.25
0.78
1.04
1.91
0.91
0.74
0.87
2.91
1.08
0.54
0.63
0.88
1.08
1.37
2.09
1.19
1.57
0.7
0.63
0.45
0.43
0.36
0.81
0.6
0.99
0.62
0.34
0.42
0.47
0.58
2.11
1.78
0.93
0.58
0.76
0.77
0.66
1.96
2.74
0.85
0.6
0.67
5.94
2.26
0.87
0.92
0.85
0.52
0.8
2.39
3.43
0.77
0.69
1.9
0.99
0.81
0.62
1.05
0.57
1.26
1.72
0.66
1.14
1.01
0.87
0.73
2.21
4.44
2.31
1.58
0.54
1.02
1.02
2.89
2.61
4.95
-99
-99
-99
-99
-99
-99
-99
-99
-99
-99
-99
-99
-99
-99
-99
-99
-99
-99
-99
-99
-99
-99
-99
-99
-99
-99
-99
-99
-99
3.39
0.99
0.6
0.79
0.96
0.83
0.72
0.82
0.89
0.99
0.8
0.81
0.66
1.16
0.96
0.69
0.83
1.08
1.58
1.09
0.94
1.27
4.31
1.16
2.54
2.74
0.71
2.52
1.51
3.45
5.68
2.95
2
1.46
0.96
1.45
1.49
3.39
2.71
1.32
1.1
1.07
1.06
1.99
1.53
0.78
0.85
1.1
1.11
1.28
1.12
1.04
2.81
5.58
5.54
2.19
1.65
1.32
1.23
2.51
4.03
2.07
0.98
1.73
2.23
1.34
0.93
1.39
2.91
2.43
0.71
1.62
1.45
1.41
1.6
1.86
1.83
2.3
2.22
1.13
2.43
4.07
2.75
1.86
1
1.62
0.85
1.13
1.38
2.01
2.39
1.09
1.43
1.17
1.37
1.16
2.07
3.39
3.93
3.76
2.29
1.08
1.31
1.37
0.99
-99
-99
-99
-99
-99
-99
-99
-99
-99
-99
-99
-99
-99
-99
-99
-99
-99
-99
-99
1.77
1.41
1.15
0.87
0.96
1.28
1.31
1.11
1.11
1.17
1.05
1.14
1.34
1.53
0.99
1.22
0.81
0.9
2.35
2.37
1.44
1.68
1.08
1.13
1.44
0.9
1.32
1.14
1.2
1.08
1.15
1.15
0.92
2.02
1.89
1.93
1.81
2.81
1.21
1.6
1.2
1.36
0.87
0.93
1.09
1.35
1.65
0.95
1.25
1.02
1.79
0.92
0.62
1.14
1.3
0.93
0.96
1.26
1.26
0.68
1.03
1.14
1.34
0.77
1.52
1.04
1.25
1.52
1.31
1.17
0.97
0.91
1.37
0.9
1.02
1.48
0.98
-99
-99
-99
-99
-99
-99
-99
-99
-99
-99
-99
-99
-99
-99
-99
-99
-99
-99
-99
-99
-99
-99
-99
-99
-99
-99
-99
-99
-99
-99
-99
-99
-99
-99
-99
-99
-99
-99
-99
-99
0.33
0.72
0.69
0.71
0.52
0.76
0.78
0.86
0.96
1.09
0.71
1.15
1.56
0.63
1.3
0.95
0.69
0.82
1.29
1.22
1.51
0.8
1.88
0.9
0.87
0.84
0.61
0.79
0.51
0.95
1.23
1.74
0.89
0.91
0.61
0.69
0.57
0.6
0.6
0.61
0.39
0.6
0.6
0.75
1.83
2.46
0.64
0.64
1.36
1.99
0.88
0.6
0.58
0.47
1.3
0.94
0.51
0.47
0.45
0.77
0.6
0.54
0.52
0.88
1.19
1.17
3.58
0.72
0.5
0.47
0.78
0.73
0.75
0.84
0.58
0.56
0.95
1
0.77
1.31
1.96
0.78
3.11
4.15
4.43
-99
-99
-99
0.43
0.67
1.23
3.07
2
2.84
2.94
1.23
0.9
0.33
0.31
0.31
0.28
0.23
0.41
0.28
0.45
0.45
0.58
0.15
0.26
0.34
0.93
0.51
0.25
0.36
1.5
2.46
1.4
1.39
0.7
0.43
1.07
1.17
1.08
0.9
0.43
0.76
0.79
0.36
0.78
0.73
0.48
0.27
0.3
0.5
0.85
0.53
0.49
0.23
0.23
1.44
3.48
2.03
0.78
1.6
1.07
0.69
1.7
2.09
1.38
0.9
0.43
0.47
0.41
0.56
0.79
1.08
0.53
0.3
1.4
1.18
2.92
1.07
1
0.8
0.62
0.48
0.5
0.4
0.5
0.65
0.5
0.45
0.39
0.48
0.51
0.44
0.49
0.43
0.57
0.53
0.61
0.53
1.29
0.65
0.98
1.77
1
0.94
1.16
1.1
0.45
0.36
0.6
0.75
2.43
1.59
1.48
0.98
0.52
0.34
0.32
1.44
2.14
0.93
-99
0.9
1.78
0.86
0.53
0.3
0.32
0.48
0.33
0.27
0.14
0.06
-99
-99
0.32
0.41
0.37
0.83
0.48
0.2
0.27
0.25
0.15
0.15
0.43
0.37
0.46
0.23
0.36
0.58
0.54
0.16
0.34
0.29
0.31
0.36
0.15
0.28
0.3
0.45
0.39
0.38
0.31
0.2
0.23
0.23
0.2
0.25
0.17
0.26
0.2
0.31
0.3
0.58
0.55
0.4
0.27
0.35
0.13
0.19
0.23
0.27
0.24
0.44
0.36
0.2
0.25
0.23
0.48
0.39
0.26
0.61
0.36
0.22
0.33
0.17
0.35
0.49
0.31
0.57
0.39
0.35
0.33
0.18
0.26
0.28
0.32
0.6
0.59
0.13
0.17
0.33
0.28
0.1
-99
-99
-99
-99
0.26
0.26
0.5
0.28
0.2
0.32
0.27
0.23
0.31
0.18
0.15
0.13
0.14
0.18
0.59
0.78
0.38
0.29
0.17
0.19
0.14
0.21
0.48
0.5
0.3
0.25
0.98
0.48
0.43
0.42
0.14
0.15
0.31
0.16
0.22
0.3
0.22
0.58
0.32
0.27
0.21
0.16
0.19
0.23
0.36
0.16
0.12
0.34
0.24
0.18
0.22
0.1
0.13
0.13
0.31
0.46
0.29
0.15
0.12
0.18
0.3
0.08
0.29
0.13
0.09
0.14
0.15
0.18
0.18
0.8
0.27
0.22
0.12
0.17
0.24
0.35
0.14
0.55
0.75
0.82
0.14
0.24
0.13
0.08
0.06
0.07
0.1
0.08
0.06
0.06
0.08
0.08
0.06
0.4
0.85
0.71
0.67
0.55
0.15
0.07
0.1
0.12
0.4
0.15
0.09
0.07
0.33
0.31
0.12
0.06
0.13
0.3
1.13
0.13
0.22
0.32
0.07
0.16
0.41
0.21
0.35
0.37
0.5
0.93
0.96
1.01
0.16
0.75
0.26
0.33
0.65
0.61
0.08
1.29
1.33
0.25
0.63
0.43
0.31
0.44
0.43
0.22
0.22
0.33
0.33
0.74
0.34
0.18
0.08
0.41
0.28
0.37
0.29
0.5
0.4
0.51
0.16
0.27
0.37
0.17
2.64
1.45
0.87
0.33
0.16
1.16
1.73
1.45
0.12
0.18
0.52
0.33
0.2
0.2
0.31
0.28
0.23
0.58
0.64
0.23
0.32
0.4
0.8
0.25
-99
0.3
0.4
0.76
0.4
0.32
0.58
0.51
0.6
0.64
0.42
0.31
0.3
0.17
0.23
0.36
0.26
0.32
0.45
0.28
0.18
0.14
1.07
1.02
0.95
1.49
0.42
0.32
0.32
0.64
0.56
0.53
2.27
1.49
0.87
0.47
1.05
0.53
0.49
1.25
1.63
2.03
2.34
2.33
2.44
3.35
1.57
0.65
0.41
0.38
0.45
0.95
1.39
1.1
0.52
0.44
1.55
0.45
0.8
0.34
0.36
0.31
1.39
0.44
0.23
0.27
0.34
0.57
0.24
0.59
0.57
0.38
0.36
0.26
0.5
1.3
0.46
0.25
0.33
0.35
0.3
0.22
0.19
0.45
0.21
0.53
0.93
1.15
0.15
0.23
0.23
0.27
0.25
0.43
0.39
0.26
0.4
0.78
0.46
0.32
0.17
0.21
0.53
0.23
0.22
0.36
0.55
0.54
0.74
0.55
0.48
0.28
0.43
0.2
0.32
0.3
0.33
0.25
0.39
0.25
0.21
0.26
0.25
0.32
0.31
0.68
0.33
0.28
0.29
0.31
0.29
0.37
0.37
0.36
0.59
0.79
0.78
0.39
0.35
0.39
0.21
0.62
0.42
0.16
0.23
0.26
0.29
0.17
0.25
0.3
0.37
0.14
0.54
0.26
0.15
0.23
0.19
0.41
0.46
0.22
0.45
0.22
0.3
0.3
0.4
0.31
0.23
0.26
0.16
0.4
0.38
0.48
0.31
0.59
0.49
0.51
0.3
0.38
0.19
0.22
0.42
0.3
0.55
0.63
0.22
0.16
0.31
0.18
0.3
0.22
0.65
0.3
0.2
0.22
0.18
0.27
0.32
0.23
0.18
0.55
0.25
0.34
1.08
0.13
0.23
0.4
0.17
0.15
0.16
0.18
0.3
0.2
0.4
0.32
0.19
0.31
0.57
0.5
0.2
0.36
0.35
0.16
0.24
0.22
0.26
0.15
0.16
0.15
0.24
0.4
0.38
0.4
0.28
0.73
0.57
0.22
0.14
0.11
0.22
1.08
1.08
-99
-99
0.53
0.23
0.15
0.1
0.07
0.14
0.12
0.36
0.5
0.43
0.13
0.1
0.14
0.4
0.39
0.6
0.25
0.26
0.07
0.08
0.33
0.63
1.17
0.67
0.08
0.09
0.06
0.34
0.4
0.21
0.77
-99
-99
-99
-99
-99
-99
0.34
0.23
0.39
1
0.43
0.21
0.5
0.44
0.18
0.29
0.12
0.14
0.16
0.14
0.65
0.75
0.33
0.17
0.11
0.28
0.6
1.24
0.29
0.34
0.45
0.15
0.15
0.12
0.18
0.24
0.2
0.38
0.29
0.26
0.36
0.67
0.26
0.62
0.88
0.22
0.24
0.37
0.26
0.21
0.26
0.39
0.11
0.23
0.15
0.2
0.31
0.19
0.31
0.17
0.15
0.38
0.31
0.23
0.4
0.18
0.06
0.24
1.47
0.32
0.22
0.32
0.16
0.56
0.31
0.31
0.33
0.19
0.4
0.36
0.57
0.43
0.18
0.18
0.29
0.27
0.2
0.15
0.49
1.8
1.7
0.65
0.38
0.4
0.14
0.15
0.12
0.1
0.39
0.23
0.19
0.25
0.18
0.55
0.75
0.25
1.4
1.03
0.5
1.29
0.7
0.96
0.38
0.67
0.9
0.62
0.3
0.2
0.35
0.4
0.9
0.95
1.55
2.1
0.69
1
1.12
1.29
0.94
0.58
1.25
0.41
1.28
1.37
1.27
0.85
0.88
0.48
0.25
0.28
0.28
0.58
0.98
0.68
2.56
1.99
1.25
1.85
1.71
1.91
0.43
0.94
0.82
0.28
1.22
1.46
0.59
1.91
1.61
0.48
0.44
0.28
0.21
0.57
0.27
0.45
0.23
0.28
0.13
0.33
0.13
0.22
0.26
0.25
0.12
0.2
0.24
0.26
0.19
0.16
0.21
0.5
0.53
0.68
0.8
0.37
0.28
0.4
0.32
0.36
0.36
0.55
0.5
0.43
0.31
0.24
0.18
0.34
0.33
0.26
0.94
0.33
0.59
0.47
0.29
0.45
0.8
0.75
0.27
0.26
0.74
0.19
0.52
0.68
1.6
0.94
0.26
0.39
1.05
0.35
0.31
0.33
0.18
0.18
0.29
0.26
0.31
0.29
0.31
0.32
0.3
0.26
0.35
0.13
0.18
0.4
0.21
0.21
0.28
0.28
0.4
0.54
0.46
0.68
0.39
0.31
0.37
0.46
0.48
0.4
0.35
1.42
0.23
0.35
0.4
0.36
1.03
0.68
0.3
0.24
0.6
1
0.98
0.43
0.2
0.32
0.26
0.38
0.19
0.35
0.34
0.55
0.19
0.3
0.23
0.22
0.2
0.25
0.33
0.62
0.25
0.22
0.27
0.38
0.33
0.25
0.43
0.21
0.17
0.23
0.49
0.22
0.26
0.34
0.45
0.27
0.16
0.51
0.55
1.01
0.22
0.27
0.2
0.46
0.16
0.15
0.28
0.32
0.48
0.24
0.17
0.16
0.22
0.25
0.24
0.21
0.2
0.15
0.19
0.19
0.17
0.19
0.21
0.21
0.15
0.28
0.35
0.39
0.23
0.2
0.43
0.24
0.09
0.11
0.52
0.85
0.83
0.26
0.42
0.23
0.53
0.23
0.97
0.29
0.1
0.08
0.1
0.11
0.16
0.5
0.16
0.09
0.15
0.36
0.15
0.09
0.1
0.13
0.16
0.15
0.16
0.11
0.18
0.16
0.2
0.14
0.12
0.11
0.1
0.43
0.38
0.17
0.11
0.12
0.07
0.12
0.17
0.15
0.09
0.25
0.2
0.11
0.13
0.13
0.8
0.63
0.29
0.21
0.16
0.08
1.2
0.19
0.11
0.17
0.24
0.35
0.17
0.29
0.06
0.15
0.1
0.22
0.11
1.46
0.66
0.31
0.24
1.23
1.74
1.16
2.61
1.04
0.32
0.13
0.16
0.32
0.29
0.55
1.19
0.88
2.45
2.88
0.35
0.28
0.21
0.21
0.27
0.33
0.28
0.3
0.48
0.44
0.47
0.38
0.93
0.32
0.13
0.42
0.34
0.14
0.17
0.1
0.92
1.74
0.23
0.15
0.26
1.11
0.95
0.46
0.24
0.19
0.43
0.63
0.4
0.22
0.33
0.14
0.34
0.4
0.23
0.33
0.37
-99
0.4
0.91
0.89
0.15
0.31
0.14
0.15
0.4
0.18
0.76
0.43
0.49
1.3
0.21
0.35
1.2
1.81
1.85
0.48
0.15
0.2
0.32
0.67
0.22
0.18
0.33
0.22
0.28
0.7
0.32
1.38
2.19
0.82
1.35
1.56
0.73
0.78
0.4
2.26
1.42
0.4
0.21
0.6
1.7
0.41
1.16
1.06
0.76
2.29
2.51
1.92
2.85
2.17
1.81
1.01
1.22
0.41
1.08
1.59
0.71
0.5
0.57
0.34
0.27
0.45
0.86
0.53
0.44
0.55
0.61
0.51
0.4
0.91
0.22
0.54
0.64
0.88
0.53
0.27
0.96
0.98
0.41
0.32
0.14
0.25
0.53
0.56
0.36
0.5
0.52
0.45
0.3
0.21
0.2
0.39
0.51
0.26
1.68
1.77
1.02
0.21
0.31
0.61
0.28
0.3
0.2
0.2
0.29
0.45
0.16
0.17
0.56
0.47
0.38
0.37
0.2
0.33
0.22
0.19
0.45
0.15
0.13
0.36
0.23
0.33
0.47
0.37
0.24
0.25
0.1
0.16
0.31
0.58
0.37
0.38
0.26
0.39
0.24
0.3
0.25
0.35
0.58
0.5
0.14
0.21
0.21
0.7
-99
-99
0.42
0.68
0.69
0.42
0.26
0.37
0.18
0.25
0.29
0.65
0.34
0.28
0.22
0.4
0.19
0.21
0.17
0.13
0.15
0.47
0.27
0.25
0.18
0.28
0.43
0.18
0.18
0.38
0.53
0.32
0.43
0.33
0.29
0.1
0.28
0.24
0.38
0.3
0.17
0.36
0.15
0.26
0.43
0.2
0.3
0.34
0.69
0.08
0.19
0.63
0.38
0.25
0.49
0.38
0.18
0.2
0.24
0.28
0.39
0.2
0.25
0.48
0.17
0.28
0.6
0.38
0.17
0.2
0
-99
0.73
0.43
0.08
0.2
0.63
-99
0.33
0.2
0.12
0.71
0.57
0.16
0.15
0.43
0.18
0.39
0.21
0.07
0.11
0.3
0.1
0.08
0.06
0.11
0.14
0.65
0.15
0.11
0.12
0.08
0.33
0.09
0.1
0.61
1.31
0.18
0.1
0.05
0.1
0.06
0.2
0.22
0.11
0.25
0.33
0.2
0.07
0.1
0.08
0.06
0.15
0.32
0.47
0.98
0.22
0.38
0.2
0.14
0.08
0.23
0.08
0.04
0.14
0.17
0.07
0.28
0.27
0.19
0.1
0.23
0.15
0.09
0.17
0.07
0.13
0.81
0.57
1.49
0.39
0.27
0.17
0.59
0.7
0.43
0.67
0.6
0.18
0.11
0.89
0.2
0.45
0.45
0.35
0.85
1.1
0.5
0.63
0.96
0.58
0.4
0.15
0.76
0.35
0.32
0.17
0.35
0.4
0.31
0.48
0.18
0.18
1.78
0.74
0.48
0.59
0.12
0.14
0.59
0.49
0.19
0.69
0.53
0.22
0.25
0.23
0.29
0.48
0.34
0.59
0.28
0.29
0.55
0.29
0.23
1.15
1.27
0.22
0.64
3.26
0.84
2.82
1.65
1.05
0.28
0.48
0.63
0.69
0.75
1
0.4
0.74
0.9
2.37
1.57
1.13
2.1
1.98
1.07
0.42
0.3
0.25
0.39
0.4
0.43
0.35
0.25
0.38
0.78
1.03
0.42
0.27
0.24
0.18
0.28
0.35
0.33
0.15
1.25
2.1
1.72
1.71
-99
-99
-99
-99
0.23
0.28
0.27
0.37
0.36
0.19
0.26
0.22
0.53
0.37
0.39
0.37
1.23
0.47
0.38
0.23
0.41
0.53
0.35
0.31
0.54
0.6
0.43
0.25
0.36
0.58
0.27
0.37
0.43
0.83
0.38
0.5
0.52
0.44
0.6
0.2
0.47
0.2
0.21
0.55
0.51
0.36
0.24
0.53
0.31
0.4
0.6
0.76
0.62
0.21
0.4
0.27
0.18
0.37
0.24
0.27
0.38
0.59
0.6
0.31
0.16
0.21
0.28
0.5
0.58
0.38
0.37
0.28
0.25
0.38
0.28
0.19
0.29
0.25
0.23
0.77
0.27
0.15
0.28
0.35
0.31
0.18
0.2
0.28
0.2
0.39
0.34
0.2
0.3
0.19
0.27
0.17
0.29
0.26
0.4
0.15
0.18
0.22
0.21
0.19
0.39
0.37
0.27
0.4
0.48
0.44
0.21
0.21
0.18
0.28
0.47
0.34
0.21
0.23
0.21
0.18
0.34
0.26
0.44
0.25
0.31
0.41
0.33
0.81
0.21
0.18
0.38
0.85
0.41
0.25
0.53
0.66
0.48
0.3
0.21
-99
0.51
0.48
0.24
0.16
0.24
0.27
0.6
0.28
0.47
0.5
0.46
0.35
0.27
0.3
0.13
0.21
0.18
0.16
0.15
0.18
0.21
0.15
0.24
0.26
0.26
0.43
0.17
0.18
0.4
0.7
0.29
0.13
0.26
0.24
0.31
0.14
0.67
0.58
0.44
0.2
0.5
0.26
0.21
0.4
0.35
0.24
0.18
0.32
0.45
0.37
0.21
0.16
0.16
0.17
0.14
0.37
0.19
0.14
0.13
0.12
0.13
0.12
0.11
0.11
0.08
0.13
0.1
0.2
0.25
-99
-99
-99
-99
0.2
0.22
0.1
0.33
0.12
0.2
0.33
0.17
0.32
0.23
0.2
0.23
0.46
1.09
0.47
1.23
0.81
0.2
0.18
0.12
0.12
0.14
0.08
0.23
0.05
0.19
1.56
1.36
1.09
1.2
0.83
1.34
1.43
1.03
0.38
0.23
0.2
0.1
0.14
0.12
0.1
0.1
0.16
0.08
0.1
0.54
0.37
0.23
0.21
0.11
0.15
0.32
0.23
0.32
1.89
1.3
0.5
0.97
2.02
0.33
0.11
0.09
0.22
0.16
0.13
0.23
0.19
0.33
0.56
0.85
0.3
0.73
0.97
0.61
0.5
1.45
0.16
0.9
0.89
1.2
1.72
0.75
0.23
0.36
0.21
0.79
1.84
0.77
0.13
0.89
1
1.24
0.42
1.1
2.23
1.07
0.43
0.43
1.38
2.38
1.28
0.16
0.13
0.44
0.51
1.36
0.48
0.29
0.43
0.25
0.67
0.28
0.4
0.95
1.83
2.58
1.27
0.85
0.3
0.28
0.55
0.69
1.79
0.68
0.17
1.69
1.96
2
1.49
0.48
0.58
0.43
0.53
0.48
0.73
1.45
1.42
1.27
0.52
0.33
0.86
0.38
1.1
1.48
1.54
0.75
0.93
1.3
1.34
0.61
0.38
0.34
1.03
1.03
1.02
0.8
0.5
0.48
0.55
0.69
0.56
0.62
0.53
0.46
0.25
0.2
0.33
0.45
0.98
0.93
1
1.45
0.6
0.56
1.58
1
0.95
0.49
0.48
1.76
0.44
0.81
0.27
0.6
0.34
0.3
0.57
0.85
0.34
0.6
0.9
0.4
0.49
0.4
0.54
0.42
0.54
0.46
0.38
0.31
0.33
0.47
0.4
0.63
0.98
0.44
0.5
0.55
0.28
0.93
1.21
0.77
0.53
0.43
0.9
0.39
0.4
0.42
0.65
0.42
1.2
0.79
0.38
0.28
0.47
0.36
0.42
0.54
0.62
0.83
0.94
0.31
0.46
0.27
0.39
0.78
0.99
0.65
0.35
0.3
0.42
0.64
0.48
0.53
0.81
0.75
0.32
0.48
0.35
0.22
0.2
0.44
0.62
0.44
0.33
0.83
1.23
0.49
0.42
0.39
0.37
0.43
0.23
0.45
0.45
0.35
0.21
0.29
0.37
0.32
0.37
0.13
0.21
0.19
0.41
0.5
0.21
0.34
0.74
0.58
0.44
0.3
0.26
0.2
0.25
0.38
0.84
0.73
0.23
0.45
0.25
0.26
0.18
0.2
0.3
0.3
0.27
0.65
0.7
0.9
0.21
0.23
0.47
0.22
0.26
0.26
0.18
0.18
0.12
0.28
0.26
0.29
0.2
0.23
0.33
0.4
0.4
0.16
0.22
0.49
0.15
0.18
0.21
0.3
0.22
0.32
0.16
0.26
0.3
0.87
0.2
0.14
0.1
0.23
0.63
0.32
0.51
0.34
0.2
0.24
0.1
0.21
0.18
0.08
0.03
0.05
0.2
0.21
0.55
0.38
0.35
0.31
0.86
0.64
0.22
0.15
0.18
0.13
0.15
0.15
0.7
0.69
0.53
0.16
0.27
0.46
0.24
0.8
0.19
0.3
0.32
0.08
0.18
0.16
0.18
0.34
0.48
0.14
0.26
0.13
0.15
0.18
0.26
0.73
0.39
0.1
0.1
0.4
0.21
0.37
0.37
0.35
0.17
0.11
0.06
0.06
0.8
0.38
0.38
0.97
0.33
0.23
0.08
0.09
1.17
1.08
0.11
0.57
0.23
0.18
0.6
0.92
0.56
0.19
0.56
0.6
0.13
0.69
0.21
0.17
0.37
0.23
1.14
0.57
1.3
0.1
0.17
0.24
0.57
0.18
0.14
0.23
0.43
0.18
0.97
0.93
1.59
0.8
0.58
0.1
1.31
0.66
1.51
2.31
1.74
0.61
0.17
0.15
0.22
0.28
0.2
0.08
0.29
0.26
0.23
0.16
0.1
0.14
0.3
0.33
0.15
1.2
0.58
0.5
0.26
0.35
0.23
0.3
0.4
0.16
0.51
0.96
0.53
0.24
0.25
0.25
0.24
0.42
0.85
0.65
0.22
0.74
1.16
1.03
0.42
0.36
0.18
0.17
0.18
0.29
0.39
0.18
0.26
0.58
0.3
1.11
0.33
0.5
0.47
0.56
0.2
0.6
1.46
3.18
0.95
0.55
0.53
0.92
1.51
1.01
1.2
0.59
0.5
0.56
0.35
0.35
0.31
1.32
0.32
0.28
0.82
2.31
0.69
2.14
1.7
0.62
1.21
1.31
1.05
0.45
0.45
1.11
1.16
0.65
0.51
0.4
1.09
1.03
0.91
0.63
0.45
0.43
0.83
0.62
0.55
0.28
0.4
0.26
0.25
0.33
1.35
0.65
1.04
0.36
0.38
0.53
0.58
0.57
0.86
0.7
1
1
0.6
0.35
0.25
0.33
0.65
0.55
0.9
0.8
0.49
0.53
0.44
0.48
0.36
0.54
1.35
1.83
0.2
0.3
0.42
0.38
0.35
0.3
0.74
0.67
0.31
0.47
0.55
0.41
0.5
0.35
0.28
0.28
0.38
0.33
0.34
0.46
0.27
0.69
0.53
0.71
0.63
0.43
0.33
0.44
0.41
0.57
0.49
0.59
0.41
0.54
0.33
0.43
0.46
0.43
0.48
0.38
0.34
0.84
0.51
0.56
0.5
0.54
0.35
0.28
0.3
0.42
0.46
0.43
0.75
0.34
0.33
0.53
0.88
0.5
0.34
0.54
0.35
0.39
0.68
0.33
0.37
0.58
1.1
0.36
0.33
0.54
0.87
0.59
1.41
0.54
0.45
0.37
0.55
0.64
0.99
0.7
0.39
0.33
0.43
0.62
0.41
0.88
0.72
0.32
0.28
0.58
0.36
0.48
0.72
0.32
0.31
0.58
0.35
0.36
0.31
0.34
0.44
0.85
0.77
0.27
0.28
0.63
0.71
0.29
0.35
0.42
0.37
0.47
0.39
0.55
0.33
0.66
0.59
0.24
0.24
0.25
0.3
0.2
0.2
0.22
0.28
0.73
0.24
0.27
0.2
0.27
0.33
0.31
0.25
1.13
0.67
0.25
0.24
0.18
0.29
0.62
0.22
0.16
0.17
0.25
0.17
0.24
0.22
0.14
0.15
0.15
0.12
0.18
0.94
0.48
0.28
0.16
0.13
0.11
0.15
0.2
0.37
0.2
0.17
0.17
0.3
0.24
0.29
0.35
0.7
0.48
0.4
0.63
0.94
0.15
0.07
0.08
0.12
0.3
0.58
0.71
0.5
0.44
0.9
0.33
0.26
0.09
0.11
0.21
0.55
0.35
1.48
0.63
0.11
0.07
0.32
0.48
0.97
0.21
0.09
0.2
0.14
0.23
0.3
0.17
0.32
0.18
0.23
0.28
0.24
0.22
0.26
0.99
1.37
0.46
0.22
0.2
0.52
0.28
0.48
0.35
0.4
0.72
1.4
2.55
0.79
0.63
0.93
1.93
1.41
0.23
0.19
0.28
0.13
0.15
0.15
0.24
1.57
0.88
0.31
1.33
0.35
1.35
2.22
2.34
0.45
0.43
0.25
0.35
0.32
0.3
0.57
0.73
0.28
0.47
0.33
0.22
0.23
0.27
0.39
0.69
0.35
0.28
0.26
0.18
0.2
1.06
0.81
0.83
1.01
0.79
1.16
0.99
1.01
0.57
1.17
0.98
1.05
0.7
0.67
1.37
1.1
1.42
0.44
1.48
1.27
0.42
0.38
0.62
0.83
0.39
0.36
0.36
0.3
0.29
1.11
0.53
0.29
0.3
0.36
0.67
0.64
1.43
2.14
1.34
0.52
0.9
0.45
0.55
0.73
0.43
0.44
0.4
0.4
0.78
0.38
1.37
1.26
0.67
1.39
0.83
0.35
0.4
0.32
0.58
0.34
0.3
0.33
0.78
0.34
0.42
0.39
0.84
0.38
0.67
0.7
1.05
1.96
0.5
0.9
1.03
0.58
1.55
0.84
1.26
1.48
1.34
2.37
1.6
1.32
0.75
1.07
0.83
1.85
1.1
0.98
0.62
0.68
0.67
0.94
0.4
0.42
0.38
0.37
0.37
0.72
0.44
0.23
0.32
0.52
0.33
0.25
0.6
0.51
1.15
0.59
1.23
1.08
1.27
0.77
2.09
1.33
0.47
0.35
0.62
0.4
0.32
0.38
0.43
0.53
0.45
0.41
0.45
0.6
0.63
0.36
0.37
0.73
0.88
0.33
0.45
0.71
1.43
0.65
1.03
0.89
0.48
0.63
0.5
0.33
0.22
0.33
0.5
0.36
0.24
0.3
0.4
0.62
0.39
0.41
0.46
0.76
0.33
0.58
0.96
0.68
0.33
0.97
0.48
0.66
0.35
0.44
0.44
0.41
0.55
0.56
0.33
0.25
0.31
0.46
0.41
0.41
0.36
0.48
0.65
0.58
0.56
0.49
0.36
0.37
0.46
0.5
0.31
0.23
0.38
0.47
0.48
0.47
0.55
0.29
0.3
0.21
0.31
0.3
0.39
0.86
0.5
0.31
0.47
0.4
0.56
0.3
0.34
0.33
0.42
0.22
0.46
0.46
1
0.49
0.65
0.38
0.48
0.16
0.38
0.3
0.27
0.23
0.18
0.27
0.48
0.43
0.65
0.21
0.97
0.83
0.47
0.22
0.32
0.31
0.16
0.28
0.37
0.65
0.31
0.98
0.79
0.33
0.22
0.19
0.21
0.18
0.21
0.19
0.13
0.16
0.17
0.2
0.13
0.14
0.11
0.22
0.19
0.15
0.36
0.22
0.31
0.56
0.33
0.84
2.27
1.32
0.73
0.74
0.2
0.11
0.19
1.29
0.32
1.09
1.14
0.15
0.16
0.63
0.25
0.35
0.18
0.45
0.97
0.38
0.18
0.56
0.38
0.09
0.17
0.2
0.19
0.09
0.08
0.53
1.03
0.05
0.18
0.15
0.23
0.05
0.13
0.33
0.14
0.28
0.65
1.42
1.15
0.21
0.29
0.55
0.5
2.55
2.03
0.88
0.95
1.4
0.26
0.21
0.25
0.09
0.13
0.25
0.17
0.38
1.66
0.3
0.15
0.47
1.23
0.33
0.3
0.25
0.2
0.65
0.25
0.4
0.36
0.6
0.19
0.5
0.51
0.18
0.12
0.12
0.17
0.17
0.23
0.24
0.77
0.67
0.31
1.7
1.67
1.4
2.61
1.96
0.72
0.8
1.5
1.39
0.6
2.58
1.04
0.88
1.37
0.18
1.63
0.29
0.33
0.43
0.51
2.5
1.5
0.75
1.29
2.59
1.48
0.56
1.18
0.94
2.52
2.41
1.46
1.13
0.58
0.29
0.3
0.33
0.97
0.29
1
2
1.79
2.13
0.87
0.39
0.37
2.34
1.1
0.4
0.35
2.27
2.34
0.5
0.48
1.39
0.68
1.06
1.03
1.28
1.54
2.39
1.13
1.08
1.02
1.23
0.71
1.55
0.46
0.48
0.33
1.14
1.58
1.44
0.33
0.62
0.68
3.1
1.17
1.88
2.15
0.59
0.9
1.71
1.6
0.8
0.85
0.63
0.51
0.45
0.78
0.38
0.76
0.53
0.22
0.35
0.45
0.5
0.65
0.36
0.37
0.38
0.57
0.15
0.35
1.26
0.1
0.37
0.27
0.38
0.95
0.48
0.53
0.34
0.32
0.57
0.2
0.38
0.86
0.56
0.63
0.25
0.4
0.49
0.79
0.69
0.38
0.72
0.37
0.4
1.14
1.4
1.55
1.59
0.5
0.68
1.08
1.28
1.4
1.4
0.86
0.56
0.38
0.42
0.6
0.44
0.58
0.29
0.38
0.34
0.29
0.31
0.41
0.55
0.42
0.8
0.51
0.75
0.29
0.23
0.27
0.35
0.93
0.52
0.26
0.25
0.27
0.3
0.23
0.33
0.51
0.43
0.58
0.3
0.33
0.33
0.43
0.37
0.54
0.8
0.66
0.51
0.72
0.55
0.19
0.34
0.27
0.46
0.55
0.5
0.43
0.22
0.58
0.33
0.65
0.72
0.58
0.29
0.43
0.2
0.47
0.93
-99
-99
-99
-99
-99
-99
-99
-99
-99
-99
-99
-99
-99
-99
-99
-99
-99
-99
-99
-99
-99
-99
-99
-99
-99
-99
-99
-99
-99
-99
-99
-99
-99
-99
-99
-99
-99
-99
-99
-99
-99
-99
-99
-99
-99
-99
-99
-99
-99
-99
-99
-99
-99
-99
-99
-99
-99
-99
-99
-99
-99
-99
-99
-99
-99
-99
-99
-99
-99
-99
-99
-99
-99
-99
-99
-99
-99
-99
-99
-99
-99
-99
-99
-99
-99
-99
-99
-99
-99
-99
-99
-99
-99
-99
-99
-99
-99
-99
-99
-99
-99
-99
-99
-99
-99
-99
-99
-99
-99
-99
-99
-99
-99
-99
-99
-99
-99
-99
-99
-99
-99
-99
-99
-99
-99
-99
-99
-99
-99
-99
-99
-99
-99
-99
-99
-99
-99
-99
-99
-99
-99
-99
-99
-99
-99
-99
-99
-99
-99
-99
-99
-99
-99
-99
-99
-99
-99
-99
-99
-99
-99
-99
-99
-99
-99
-99
-99
-99
-99
-99
-99
-99
-99
-99
-99
-99
-99
-99
-99
-99
-99
-99
-99
-99
-99
-99
-99
-99
-99
-99
-99
-99
-99
-99
-99
-99
-99
-99
-99
-99
-99
-99
-99
-99
-99
-99
-99
-99
-99
-99
-99
-99
-99
-99
-99
-99
-99
-99
-99
-99
-99
-99
-99
-99
-99
-99
-99
-99
-99
-99
-99
-99
-99
-99
-99
-99
-99
-99
-99
-99
-99
-99
-99
-99
-99
-99
-99
-99
-99
-99
-99
-99
-99
-99
-99
-99
-99
-99
-99
-99
-99
-99
-99
-99
-99
-99
-99
-99
-99
-99
-99
-99
-99
-99
-99
-99
-99
-99
-99
-99
-99
-99
-99
-99
-99
-99
-99
-99
-99
-99
-99
-99
-99
-99
-99
-99
-99
-99
-99
-99
-99
-99
-99
-99
-99
-99
-99
-99
-99
-99
-99
-99
-99
-99
-99
-99
-99
-99
-99
-99
-99
-99
-99
-99
-99
-99
-99
-99
-99
-99
-99
-99
-99
-99
-99
-99
-99
-99
-99
-99
-99
-99
-99
-99
-99
-99
-99
-99
-99
-99
-99
-99
-99
-99
-99
-99
-99
-99
-99
-99
-99
-99
-99
-99
-99
-99
-99
-99
-99
-99
-99
-99
-99
-99
-99
-99
-99
-99
-99
-99
-99
-99
-99
-99
-99
-99
-99
-99
-99
-99
-99
-99
-99
-99
-99
-99
-99
-99
-99
-99
-99
-99
-99
-99
-99
-99
-99
-99
-99
-99
-99
-99
-99
-99
-99
-99
-99
-99
-99
-99
-99
-99
-99
-99
-99
-99
-99
-99
-99
-99
-99
-99
-99
-99
-99
-99
-99
-99
-99
-99
-99
-99
-99
-99
-99
-99
-99
-99
-99
-99
-99
-99
-99
-99
-99
-99
-99
-99
-99
-99
-99
-99
-99
-99
-99
-99
-99
-99
-99
-99
-99
-99
-99
-99
-99
-99
-99
-99
-99
-99
-99
-99
-99
-99
-99
-99
-99
-99
-99
-99
-99
-99
-99
-99
-99
-99
-99
-99
-99
-99
-99
-99
-99
-99
-99
-99
-99
-99
-99
-99
-99
-99
-99
-99
-99
-99
-99
-99
-99
-99
-99
-99
-99
-99
-99
-99
-99
-99
-99
-99
-99
-99
-99
-99
-99
-99
-99
-99
-99
-99
-99
-99
-99
-99
-99
-99
-99
-99
-99
-99
-99
-99
-99
-99
-99
-99
-99
-99
-99
-99
-99
-99
-99
-99
-99
-99
-99
-99
-99
-99
-99
-99
-99
-99
-99
-99
-99
-99
-99
-99
-99
-99
-99
-99
-99
-99
-99
-99
-99
-99
-99
-99
-99
-99
-99
-99
-99
-99
-99
-99
-99
-99
-99
-99
-99
-99
-99
-99
-99
-99
-99
-99
-99
-99
-99
-99
-99
-99
-99
-99
-99
-99
-99
-99
-99
-99
-99
-99
-99
-99
-99
-99
-99
-99
-99
-99
-99
-99
-99
-99
-99
0.66
0.65
0.88
0.99
0.53
0.55
0.53
0.54
0.32
0.76
2.65
0.74
0.53
0.55
0.61
0.95
0.68
0.56
0.62
0.61
0.6
0.65
0.65
0.65
0.69
0.64
0.65
0.65
0.64
0.53
0.64
0.68
0.53
0.61
0.8
0.77
0.75
0.66
0.47
0.44
0.46
0.62
0.5
0.56
0.46
0.6
0.52
0.58
0.61
0.72
0.53
0.56
0.54
0.48
0.46
0.61
0.81
1.03
0.72
1.09
0.89
1
0.49
0.46
0.69
0.45
0.56
0.56
0.45
0.41
0.49
0.56
0.73
0.57
0.63
0.4
0.55
0.97
0.6
0.44
0.54
0.65
0.39
0.62
0.47
0.65
0.54
0.93
0.36
0.51
0.76
0.5
0.64
0.72
0.5
0.42
0.54
0.36
0.77
0.88
0.71
0.77
0.59
0.39
0.48
0.55
0.35
0.43
0.6
0.66
0.58
0.6
0.44
0.89
0.71
0.45
0.59
0.52
0.87
0.36
0.41
0.41
0.28
0.42
0.36
0.29
0.3
0.32
0.93
1.1
0.95
0.49
0.5
0.54
0.49
0.75
0.34
0.35
0.37
0.38
0.61
0.68
0.31
0.26
0.45
0.7
0.35
0.69
0.42
0.63
0.8
0.35
0.24
0.22
0.48
0.38
0.27
0.27
0.21
0.29
0.3
0.34
0.42
0.28
0.24
0.45
0.46
0.24
0.26
0.35
0.36
0.37
0.26
0.19
0.4
0.64
0.33
0.28
0.44
0.53
0.64
2
0.32
0.17
0.19
0.16
0.15
0.31
0.19
0.23
0.23
0.17
0.17
0.18
0.18
0.3
0.54
0.45
0.68
0.38
1.86
0.91
0.31
0.23
1.1
2.36
0.36
0.42
0.39
0.21
0.19
0.36
0.22
0.16
0.24
0.19
0.44
0.22
0.18
0.55
0.29
0.32
0.38
0.45
0.23
0.17
0.2
0.19
0.21
0.98
0.18
0.3
0.43
0.48
0.42
0.7
0.65
0.93
0.43
0.5
0.43
0.4
0.74
0.14
0.33
0.66
0.87
0.24
0.34
0.3
0.51
0.99
1.05
0.5
0.4
1.06
1.16
0.46
0.5
0.38
0.24
0.25
0.17
0.29
0.3
0.66
0.47
0.37
0.3
0.2
0.31
0.68
0.47
0.34
0.86
0.42
0.28
0.66
1.77
0.43
1.22
0.99
0.5
0.39
0.74
1.65
1.35
0.79
0.44
0.35
0.43
0.36
0.44
0.52
1.01
0.54
0.96
0.92
1.24
0.59
1.6
0.92
1.53
2.32
0.84
1.66
1.76
0.65
0.99
1.17
1.1
0.9
0.59
0.78
0.41
0.56
0.76
0.74
0.65
1.5
0.79
0.65
0.9
1.07
1.14
0.63
0.59
1.02
0.56
0.57
0.81
1.39
0.72
0.67
0.96
0.73
1.21
0.88
1.24
1.61
0.88
1.28
0.56
0.6
0.66
0.54
0.61
0.58
0.61
0.61
0.66
0.48
0.42
0.26
0.58
0.84
0.44
0.5
0.59
0.41
0.56
1.36
1.16
0.49
0.43
0.5
0.63
1.13
1
0.82
1.07
0.48
0.41
0.4
0.57
0.61
0.49
0.41
0.38
0.55
0.82
0.45
0.78
0.98
0.59
0.74
0.36
0.55
0.36
0.47
0.95
0.64
0.64
0.5
0.44
0.56
0.36
0.48
0.52
0.45
0.43
0.37
0.47
0.51
0.62
1.08
0.89
0.64
0.66
0.55
0.98
0.45
0.43
0.56
0.64
0.83
0.58
0.49
0.48
0.43
0.51
0.48
0.5
0.6
0.49
0.36
0.51
0.49
0.41
0.52
0.58
0.45
0.47
0.59
0.56
0.86
0.64
0.4
0.41
0.53
0.51
0.55
0.61
0.4
0.68
0.39
0.38
0.34
0.34
0.46
0.32
0.46
0.56
0.53
0.31
0.35
0.5
0.52
0.51
0.3
0.37
0.3
0.51
0.53
0.38
0.28
0.55
0.48
0.62
0.55
0.48
0.36
0.37
0.4
0.33
0.27
0.43
0.32
0.32
0.37
0.45
0.49
0.24
0.32
0.47
0.37
0.31
0.28
0.18
0.32
0.25
0.69
0.49
0.38
0.31
0.27
0.7
0.94
0.31
0.19
0.49
0.5
0.35
0.29
0.24
0.28
0.5
0.56
0.26
0.45
0.22
0.24
0.27
0.22
0.49
0.33
0.21
0.46
0.24
0.26
0.43
0.22
0.25
0.27
0.24
0.34
1.68
0.31
0.29
0.23
0.46
0.33
0.14
0.13
0.21
0.37
0.96
0.8
0.44
0.21
0.12
0.19
0.16
0.17
0.29
0.28
0.2
0.14
0.25
0.28
0.37
0.54
0.36
0.85
0.97
0.56
0.41
0.21
0.17
0.3
0.27
0.17
0.16
0.12
0.48
0.29
0.74
0.24
0.47
0.28
0.28
1.26
0.88
0.17
0.29
0.35
0.19
0.25
0.65
1.36
0.71
0.18
0.18
0.51
0.38
0.28
0.41
0.43
0.58
0.42
0.46
0.42
0.57
0.28
0.56
0.49
0.47
0.34
0.29
0.35
0.63
0.69
0.77
0.41
0.43
0.47
0.33
0.31
0.34
0.42
0.41
0.49
0.32
0.34
0.37
0.43
0.57
0.5
0.25
1.89
0.93
1.16
0.8
1.43
0.28
0.21
1.98
0.34
0.25
0.34
0.39
0.59
0.93
1.96
0.52
0.23
0.25
0.14
0.45
0.64
0.44
0.44
2.1
2.09
1.21
2.2
0.76
1.19
1.15
2.5
1.94
0.4
0.24
0.24
0.27
0.4
0.48
0.3
0.33
0.21
0.16
0.34
0.44
0.26
0.27
0.13
-99
0.46
1.9
1.62
0.55
1.13
1.87
0.83
0.31
0.4
0.28
1.13
0.33
0.49
0.32
0.31
0.28
0.4
0.29
0.3
0.46
0.5
0.47
0.58
1.28
1.01
0.7
0.35
0.3
0.78
0.84
1.13
0.93
0.36
0.36
0.37
0.43
0.33
0.4
0.53
0.32
0.34
0.34
0.3
0.49
0.45
0.37
0.36
0.41
0.86
0.72
0.65
0.45
0.37
0.59
0.45
0.52
0.48
0.33
0.95
0.91
0.7
0.4
0.34
0.9
0.85
0.72
0.49
0.29
0.7
0.8
0.68
0.3
0.34
0.37
0.4
0.49
0.7
0.38
0.78
0.48
0.56
0.56
0.44
0.44
0.34
0.71
0.57
0.67
0.65
0.43
0.5
0.43
0.52
0.45
0.28
0.41
0.64
0.44
0.87
0.73
0.32
0.38
0.39
0.57
0.6
0.33
0.41
0.43
0.55
0.68
0.57
0.6
0.52
0.45
0.44
0.58
0.65
0.54
0.62
0.76
0.99
0.88
0.44
0.37
0.48
0.76
0.48
0.48
0.62
0.31
0.64
0.33
0.36
0.35
0.4
0.34
0.48
0.77
1.1
0.78
0.41
0.54
0.5
0.33
0.73
0.49
0.35
0.45
0.47
0.57
0.5
0.55
0.37
0.34
0.29
0.24
0.42
0.42
0.75
0.76
0.38
0.56
0.35
0.28
0.38
0.6
0.57
0.25
0.31
0.32
0.32
0.27
0.35
0.49
0.58
0.81
0.77
0.56
0.38
0.31
0.38
0.49
0.34
0.56
0.37
0.22
0.6
0.28
0.28
0.24
0.25
0.47
1.13
0.65
0.47
0.31
0.48
0.15
0.31
0.21
0.46
0.41
0.2
0.26
0.16
0.15
0.12
0.28
0.3
0.43
0.47
0.26
0.1
0.15
0.22
0.28
0.19
0.19
0.24
0.28
0.19
0.19
0.16
0.23
0.17
0.16
0.68
0.8
0.54
0.84
0.84
0.18
0.15
0.24
0.43
0.2
0.1
0.14
0.11
0.15
0.19
0.18
0.19
0.17
0.65
0.32
0.6
0.45
1.19
1.03
0.21
0.28
0.26
0.14
0.22
0.98
0.94
0.28
0.13
0.09
0.07
0.08
0.1
0.08
0.07
0.05
0.07
0.06
0.65
0.25
0.1
0.11
0.16
0.32
0.56
0.88
0.29
0.08
0.08
0.02
0.03
0.29
0.49
0.38
0.56
0.38
0.1
0.18
1.01
0.96
0.28
0.24
0.18
0.46
0.22
0.13
0.2
0.24
0.45
0.26
1.49
0.59
0.52
0.41
0.35
1.37
1.43
1.45
1.53
0.37
1.13
0.35
0.39
0.25
0.15
1.59
0.41
0.5
0.6
0.26
1.3
1.85
0.25
0.47
1.26
1.84
1.35
0.51
0.16
0.59
0.53
0.5
0.24
0.19
0.2
0.26
0.64
0.75
0.91
1.24
1.08
0.65
0.82
0.31
0.35
1.11
0.69
1.22
0.4
0.64
0.34
0.19
0.73
0.51
0.55
1.06
0.65
0.61
0.4
0.25
0.38
0.5
0.54
3.15
1.2
1.45
0.74
0.4
0.73
0.93
1.03
0.78
0.51
0.78
0.92
0.7
0.4
0.88
0.61
0.56
0.37
1.15
1.04
1.56
1.55
1.06
0.61
0.76
0.65
1.25
1.11
0.58
0.64
0.79
1.67
0.63
1.04
0.5
0.9
0.54
1.48
1.49
0.62
0.54
1.24
0.95
0.58
1.13
0.28
0.46
0.47
0.35
0.4
0.4
0.49
0.44
0.51
0.35
0.41
0.47
0.48
0.45
0.69
0.65
0.43
0.63
0.7
0.66
0.5
0.43
0.27
0.28
0.36
0.56
0.43
0.41
0.77
1.25
0.66
0.57
0.44
0.54
0.44
0.63
0.27
0.55
0.48
0.54
0.6
1.13
0.85
0.36
0.3
0.53
0.44
0.37
0.76
0.47
0.49
0.56
0.45
0.42
0.43
0.4
0.51
0.24
0.51
1.09
0.6
0.57
0.39
0.43
0.46
0.47
0.43
0.55
0.35
0.54
0.59
0.53
0.55
0.69
0.52
0.81
0.56
0.6
0.37
0.42
0.48
0.65
0.52
0.59
0.56
0.48
0.49
0.4
0.46
0.6
0.45
0.44
0.45
0.76
0.41
0.7
0.49
0.53
0.43
0.32
0.38
0.87
0.3
0.39
0.47
0.4
0.47
0.38
0.34
0.38
0.34
0.4
0.32
0.38
0.56
0.99
0.93
0.82
0.47
0.59
0.96
0.38
0.53
0.43
0.6
0.5
0.31
0.29
0.34
0.3
0.53
0.37
0.56
0.39
0.29
0.32
0.71
0.45
0.39
0.36
0.35
0.53
0.72
0.41
0.49
0.26
0.3
0.39
0.35
0.2
0.28
0.27
0.26
0.2
0.2
0.23
0.49
0.39
0.21
0.18
0.23
0.25
0.22
0.46
0.21
0.71
0.22
0.18
0.35
0.33
0.44
0.24
0.22
0.25
0.37
0.4
0.59
0.18
0.36
0.34
0.28
0.19
0.5
0.87
0.34
0.17
0.2
0.25
0.41
0.27
0.21
0.24
0.25
0.22
0.2
0.16
0.46
0.39
1.03
1.19
1.32
0.25
0.23
0.19
0.15
0.47
0.21
0.2
0.28
0.37
0.16
0.43
0.47
0.14
0.23
0.52
0.26
0.73
2.17
0.64
0.51
0.22
0.18
0.17
0.34
0.34
1.18
0.45
0.2
0.15
0.49
0.36
0.17
0.31
0.43
0.35
0.58
0.44
0.41
0.89
0.41
0.33
0.33
0.29
0.56
0.2
0.51
0.58
0.29
0.44
0.31
0.17
0.13
0.28
0.4
0.38
0.33
0.18
0.26
0.48
0.45
0.46
0.41
0.64
0.25
0.51
0.57
0.34
0.24
0.3
0.92
0.62
0.37
0.37
0.6
0.63
0.43
0.3
0.27
0.49
0.59
0.32
0.47
0.58
1.36
1.38
0.85
0.47
1.32
1.9
0.65
1
0.31
0.6
1.81
1.56
0.46
0.3
0.37
0.4
0.39
0.36
0.6
0.8
0.4
0.31
0.7
0.35
0.35
0.46
1.07
0.47
0.44
0.37
0.38
0.45
0.45
0.39
0.4
0.36
0.5
0.45
0.85
0.41
0.65
0.55
0.88
0.78
0.47
0.47
0.88
0.99
0.45
1.46
1.02
0.92
0.39
1.26
0.84
0.78
0.55
0.5
0.42
0.4
0.44
0.83
0.8
0.58
0.67
0.64
0.57
0.34
0.35
0.41
0.67
0.98
1.26
0.58
0.66
0.47
0.74
0.52
0.76
0.55
0.46
0.69
1
0.56
0.77
1.51
2.08
1.17
0.25
0.32
0.61
0.78
0.74
0.74
0.66
0.55
0.63
0.61
0.52
0.67
0.38
1.04
0.88
0.48
0.69
0.59
0.56
0.61
0.95
0.55
0.52
0.48
0.86
1.02
0.99
0.93
0.85
0.61
0.49
0.38
0.47
0.39
-99
-99
0.67
0.94
0.56
0.54
0.62
0.6
0.58
0.82
0.97
0.8
0.92
0.98
0.67
0.4
0.78
0.49
0.63
0.84
0.46
0.56
0.52
0.66
1.01
0.47
0.56
0.38
0.54
0.87
0.82
0.53
0.83
0.44
0.36
0.45
0.57
0.66
0.6
0.6
0.56
0.54
0.41
0.58
0.69
0.49
0.35
0.38
0.41
0.5
0.54
0.46
0.57
0.51
0.5
0.63
1.05
0.7
0.58
0.58
0.61
0.63
0.61
0.91
0.7
0.45
0.64
0.51
0.45
0.52
0.54
0.59
0.49
0.35
0.32
0.38
0.47
0.49
0.46
0.81
0.48
0.42
0.44
0.42
0.7
0.85
0.6
0.29
0.27
0.34
0.35
0.36
0.46
0.58
0.4
0.31
0.36
0.37
0.64
0.42
0.54
0.35
0.37
0.61
0.45
0.34
0.35
0.34
0.81
0.43
0.3
0.43
0.31
0.44
0.26
0.29
0.4
0.41
0.72
0.63
0.51
0.24
0.31
0.52
0.32
0.25
0.39
0.28
0.3
0.34
0.71
0.33
0.34
0.3
0.5
0.42
0.27
0.28
0.3
0.68
0.94
1.05
1
0.66
0.24
0.23
0.21
0.39
0.32
0.24
0.57
0.41
0.25
0.33
0.15
0.11
0.14
0.13
0.09
0.35
0.32
-99
-99
0.69
0.63
0.66
0.3
1.13
0.6
1.14
0.54
0.71
0.33
0.6
0.23
0.39
0.3
0.23
0.36
0.41
0.21
0.65
0.99
0.74
0.35
0.21
0.35
0.19
0.38
0.44
0.25
0.24
0.28
0.61
0.46
0.19
0.19
0.31
1.4
0.64
0.84
1
1.62
1.34
0.32
1.63
1.41
0.34
1.14
1.07
0.92
1.22
1.57
0.37
0.29
0.48
0.4
0.47
0.3
0.5
0.48
0.49
0.35
0.6
0.57
0.74
0.57
0.42
0.56
0.36
0.48
0.46
0.36
0.52
0.48
0.47
0.33
0.6
0.74
0.3
1.3
4.51
0.7
0.68
0.31
0.57
0.3
0.3
0.26
0.49
0.32
0.37
0.36
0.32
0.41
1.36
0.48
0.75
0.71
0.28
0.25
0.62
1.12
0.51
0.49
0.44
0.34
0.79
0.51
0.72
0.57
0.38
0.46
0.35
0.41
0.37
0.9
1.65
1.13
0.92
0.54
0.98
2.02
1.49
1.25
1.18
2.12
1.54
0.59
2.28
0.62
0.5
0.43
0.52
0.59
1.05
3.42
1.84
0.26
0.45
0.62
0.57
0.53
1.24
1.07
0.89
1.05
0.58
0.43
0.6
0.89
0.43
1.61
0.3
0.66
0.7
1.09
0.96
0.99
0.58
0.68
0.68
0.73
0.9
0.74
0.5
0.67
0.9
0.72
0.62
0.69
0.34
0.49
0.5
0.4
0.67
0.57
0.5
0.45
0.48
0.44
0.61
0.7
0.62
0.48
0.84
0.27
0.53
0.62
0.73
0.88
0.6
0.78
0.34
0.41
0.4
0.4
0.42
0.48
0.34
0.4
0.4
0.35
0.43
0.59
0.62
0.45
0.46
0.51
0.54
1
0.95
1.06
0.95
0.8
0.57
1.05
0.83
0.56
0.64
0.75
0.58
0.49
1.03
0.65
0.68
0.47
0.59
0.42
0.49
0.7
0.82
0.52
0.39
0.49
0.65
0.8
0.61
0.85
0.49
0.63
0.58
0.66
0.41
0.55
0.61
0.44
0.35
0.52
0.48
0.84
0.6
0.57
0.58
0.63
0.68
0.53
0.61
0.43
0.47
0.49
0.84
1.02
0.74
0.54
0.41
0.52
0.45
0.53
0.85
0.69
0.5
0.55
0.49
0.48
0.59
0.68
0.48
0.42
0.55
0.62
0.63
0.83
0.63
0.45
0.5
0.41
0.51
0.83
0.55
0.49
0.44
0.65
0.86
0.5
0.53
0.49
0.34
0.39
0.43
0.42
0.53
0.76
0.58
0.39
0.25
0.38
0.34
0.57
0.4
0.5
0.55
0.54
0.59
0.46
0.35
0.29
0.37
0.49
0.37
0.29
0.43
1.03
0.49
0.31
0.38
0.33
0.28
0.34
1.72
1.49
1.06
0.48
0.35
0.26
0.4
0.55
0.55
0.5
0.61
0.42
0.6
0.42
0.27
0.43
1
0.56
0.72
1.18
0.26
-99
-99
-99
-99
1.77
1
1.18
0.36
0.23
0.3
0.99
0.33
0.23
0.22
0.16
0.19
0.21
0.16
0.44
0.25
0.81
2.76
1.43
0.18
0.24
0.2
0.44
0.32
0.36
0.26
0.13
0.28
0.2
0.21
0.36
0.26
0.31
0.16
0.19
0.21
0.36
1.14
2.18
0.48
0.48
0.31
0.23
0.5
0.36
0.45
0.47
1.16
0.34
1.57
1.25
0.65
0.6
1.37
0.59
0.4
0.28
0.22
0.28
0.34
0.3
0.31
0.29
0.34
0.28
0.43
1.21
0.64
0.43
0.88
0.58
1
0.3
0.43
0.61
0.64
0.38
0.46
0.41
0.2
0.23
0.2
0.26
0.25
0.26
0.48
0.4
0.58
0.59
0.61
0.41
0.25
0.32
0.3
1.22
0.48
0.86
0.38
0.41
0.43
0.44
0.52
0.85
1.22
1.43
0.55
0.36
0.42
0.4
0.52
0.82
0.28
0.74
0.6
0.35
0.53
0.57
0.84
1.22
0.45
0.22
0.33
0.33
0.81
2.18
1.19
0.37
0.61
0.78
0.33
0.75
0.51
1.12
0.45
0.29
0.34
0.34
0.45
0.41
0.58
0.53
0.45
0.36
0.7
0.62
1.27
