20000101
-99
0.82
0.83
1.04
1.09
1.31
1.38
0.79
0.9
1.03
0.76
0.58
0.83
2.88
2.2
1.03
1.06
1.03
1.37
1.09
0.93
1.49
1.5
1.34
1.19
1.06
0.86
1.06
1.19
1.55
0.79
0.95
2.81
2.38
0.9
0.84
0.98
2.11
1.98
2.56
1.2
1.36
2.02
1.15
1.96
2.1
6.27
7.92
4.64
5.53
2.49
1.32
1.14
1
1.21
0.99
0.92
1.06
1.38
1.26
5.35
2.83
1.21
2.25
1.38
1.69
1.22
1.34
1.31
1.26
1.03
1.6
1.42
1.76
3.11
1.43
1.6
2.36
1.79
1.58
2.57
3.14
2.63
1.08
1.58
4.71
5.41
2.12
2.09
2.01
2.28
-99
-99
-99
-99
-99
-99
-99
-99
-99
1.16
2.91
2.04
1.35
1.55
1.66
2.57
3.26
1.94
2.22
1.58
1.16
2.01
3.83
1.12
1.52
1.57
1.92
2.35
1.3
1.71
1.25
1.12
1.57
2.79
1.25
1.06
1.13
1.13
1.27
1.07
1.12
0.86
1.16
1.05
1.26
1.36
1.48
2.31
2.05
0.98
1.29
1.74
1.22
1.57
1.65
1.43
2.44
2.16
3.01
1.36
1.63
1.59
1.63
1.72
1.84
2.06
2.97
1.46
1.65
2.65
2.09
1.77
1.97
1.46
1.12
1.21
1.31
1.11
2.18
1.43
1.75
1.39
1.2
1.78
1.72
1.29
1.81
1.33
1.67
1.52
1.29
1.39
1.16
1.46
2.3
1.81
2.2
2.62
3.27
1.43
2.98
4.51
3.07
1.4
4.2
4.51
1.99
1.52
1.06
1
1.25
1.39
2.14
1.61
1.56
1.09
1.27
1.57
2.23
1.74
1.21
1.44
1.92
1.31
1.94
2.3
1.74
1.27
1.18
1.18
1.17
-99
-99
-99
-99
-99
-99
1.54
1.54
1.91
1.14
1.31
1.63
1.17
1.14
1.68
2.17
2.8
1.95
0.99
1.78
2.44
1.56
0.9
1.97
2.06
1.31
1.05
1
1.41
1.2
1.05
0.95
1.04
0.95
0.95
1.9
0.8
0.95
1.1
1.31
2.02
3.09
0.98
0.77
1.07
1.04
1.03
1.44
0.99
1.54
2.01
2.04
2.47
4.97
1.52
0.84
0.95
1.6
1.17
0.89
0.84
2.45
1.23
1.21
1.03
1.49
1.43
1.59
0.69
0.65
0.64
1.92
2.73
2.15
3.51
2.31
1.06
0.84
1.13
0.49
0.79
0.84
3.17
1.03
0.74
2.48
1.7
1.32
3.57
2.61
1.44
0.94
0.73
0.61
0.96
1.03
1.14
0.66
1.25
2.65
1.11
1.08
1.21
1.39
0.83
3.4
2.26
0.96
1.66
1.34
1.05
1.64
1.68
2.02
1.1
1.46
0.85
1.28
1.6
3
1.14
1.11
0.69
0.78
0.91
0.95
0.89
3.6
1.02
1
0.83
0.87
1.85
1.96
3.78
1.52
2.43
1.2
1.25
2.68
3.32
3.6
4.05
1.98
1.17
1.22
0.9
1.8
1.34
1.89
1.6
3.55
1.81
0.85
1.65
1.46
1.13
1.05
1.37
1.04
1.54
1.2
1.54
1.4
0.92
0.86
1.01
1.34
1.95
1.28
2.36
3.33
3.46
3.89
3.23
4.22
1.19
0.94
0.98
1.44
1.26
1.91
2.89
4.22
1.24
0.92
0.81
1.75
1.23
0.86
1.07
1.33
1.32
1.36
1.1
1.07
0.88
1.28
1.65
4.72
1.97
2.5
4.24
2
2.83
1.97
1.45
1.61
1.47
1.41
2.71
1.58
1.78
1.21
2.51
3.88
1.68
1.55
1.82
3.18
1.59
1.28
1.51
1.61
1.43
1.47
2.24
2.48
1.55
1.51
1.86
4.88
4.87
1.3
1.28
2.04
1.29
1.99
2.52
1.52
5.41
5.83
2.71
4.52
4.46
2.81
1.62
2.22
1.26
2.42
1.59
1.62
2.61
3.61
5
2.52
3.08
1.14
3.18
1.58
1.62
1.25
1.7
1.96
1.49
1.67
1.21
1.94
2.84
2.63
1.75
1.36
1.09
1.31
1.22
1.24
1.42
1.18
1.04
1.27
1.29
1.56
1.28
1.23
1.4
1.28
1.42
1.47
1
1.18
1.03
-99
-99
-99
-99
-99
-99
-99
-99
-99
-99
-99
-99
-99
-99
0.86
1.38
1.53
1.47
-99
-99
-99
-99
1.66
1.39
0.94
-99
-99
-99
1.31
1.2
2.96
2.07
-99
-99
-99
-99
2.49
1.39
1.43
2.61
2.03
1.65
1.66
1.33
1.31
1.36
1.23
1.63
2.56
1.1
1.27
2.53
4.01
2.18
1.03
1.13
1.16
0.8
1.12
1.27
1.04
1.46
0.78
-99
0.85
0.98
-99
0.84
1.46
1.17
1.74
1.11
0.9
1.44
1.73
1.04
1.26
1.26
1.81
1.63
0.82
0.91
1.35
0.99
1.25
0.96
0.91
1.1
0.87
1.22
1.11
0.96
1.22
1.76
2.49
2.26
1.71
1.17
1.63
1.92
1.49
1.03
1.79
1.13
2.54
1.8
1.23
1.27
0.84
2.95
1.19
1.51
2.35
1.22
0.89
2.4
1.33
1.93
0.99
1.69
1.8
0.72
1.14
1.58
0.7
0.69
0.81
1.3
1.25
1.04
0.89
0.97
1.57
1.22
0.96
0.78
0.73
2.03
1.1
0.57
0.67
0.66
1.61
1.11
1.63
1.55
1.05
0.67
1.51
0.78
0.58
0.54
0.9
0.86
0.55
0.61
0.76
1.34
0.57
0.63
0.67
0.65
0.79
0.82
4.89
3.63
1.33
2.68
2.19
2.98
1.88
2.52
2.05
1.42
0.81
0.89
0.73
0.87
1.13
1.27
0.94
0.76
0.7
0.89
0.98
0.94
0.76
0.73
0.85
0.63
1.28
0.86
1.03
1
0.91
0.78
1.71
0.65
0.62
0.71
1.51
1.21
1.06
0.98
0.75
0.93
0.98
0.97
1.3
1.13
1.12
0.85
1.04
1.03
1.04
0.77
1.01
1.34
3.77
2.98
1.55
3.05
0.82
0.91
1.22
1.3
1.02
0.75
0.95
1.12
0.97
1.27
0.87
1.55
1.02
0.86
0.75
1.01
1.35
1.86
1.47
4.39
1.59
1.14
0.98
1.03
0.67
0.78
1.77
0.91
1.11
1.72
0.8
1.73
6.14
2.58
1.19
1
1.22
1
0.9
0.91
4.58
2.16
1.15
1.63
1.35
1.79
3.78
6.26
3.04
4.01
3.28
1.46
1.1
1.94
1.45
1.91
1.75
0.95
1.47
1.78
2.58
0.99
1.45
1.9
1.29
1.64
1.6
3.88
1.87
1.41
2.27
1.49
1.42
2.1
1.89
1.8
2
1.33
1.46
1.56
1.45
1.7
3.47
1.35
0.94
1.11
1.27
1.99
2.1
3.54
1.38
1.59
1.69
0.89
1.88
1.51
1.26
0.93
2.58
1.27
1.39
1.17
1.1
1.08
1.32
0.97
1.24
1.04
1.14
1.11
1.39
1.86
1.9
1.08
1.58
1.38
1.47
2.03
1.84
3.08
1.83
2.04
1.64
1.43
1.32
1.75
1.65
1.11
1.15
1.01
1.44
2.1
2.67
3.03
1.21
1.44
1.83
1.65
4.18
2.12
2.83
2.1
3.75
1.44
1.69
1.26
1.4
1.11
1.48
1.68
1.95
2.31
4.06
2.37
3.18
3.42
2.63
1.17
0.99
1.3
1.47
1.54
1.66
1.35
1.51
1.2
1.39
0.98
0.96
1.2
1.77
1.3
1.09
1.5
2.15
1.01
1.17
1.07
1.23
1.64
2.1
1.16
1.74
1.32
2.18
1.38
2.07
1.25
1.5
2.83
2.14
2.54
2.2
1.61
0.94
1.23
1.53
0.93
1.2
1.93
2.21
2.53
1.36
1.24
1.2
1.61
1.78
1.91
1.54
1.57
0.99
1.19
1.88
2.8
1.27
1.23
2
3.88
3.2
2.19
0.88
1.1
1.6
0.87
1.07
1.23
1.34
1.52
1.26
1.74
1.31
1.13
1.21
1.35
0.87
1.23
1.49
0.83
1.32
1.41
1.1
1.43
1.25
2.77
1.04
0.75
1.56
1.54
0.91
0.92
1.19
1.09
0.95
0.8
1.25
1.3
1.29
0.65
1.42
1.06
1.85
1.96
1.32
1.16
1.01
1.05
1.3
1.27
1.3
1.07
0.84
0.64
0.77
0.89
0.92
0.84
0.96
1.49
1.24
3.08
2.44
0.71
0.65
0.67
0.94
3.52
0.71
0.83
1.8
1.5
1.55
2.77
0.87
0.84
0.64
0.74
0.66
0.71
1.04
1.02
0.7
0.6
2.03
1.69
0.91
0.81
5.4
4.33
4.83
1.88
1.27
1.22
1.23
1.43
1.1
0.91
0.74
0.7
1.89
2.16
1.48
1.04
1.57
0.91
0.88
1.2
0.76
1.01
2.2
3.99
1.21
5.69
2.9
1.79
5.15
1.75
1.14
0.72
1.37
2.71
1.45
0.78
1.14
1.83
1.49
0.85
0.69
0.63
2.72
1.03
0.87
0.99
1.22
0.84
1.21
0.97
1.23
6.83
1.44
1.16
4.58
0.99
0.7
1.74
2.35
1.73
3.97
1.56
1.01
1.04
1.85
1.4
1.22
1.01
0.6
0.6
0.84
0.9
1.02
1.74
1.14
1.66
1.66
3.52
3.6
1.53
1.81
2.01
3.31
5.16
5.62
6.55
2.86
2.4
2.86
6.53
4.84
1.44
1.19
0.99
1.12
1.24
1.04
1.14
1.35
0.96
1.04
1.55
1.6
1.47
3.54
2.25
1.32
2.03
1.6
3.6
5.1
3.08
1.31
0.96
1.15
3.2
4.39
1.77
2.08
2.31
1.2
1.44
1.1
0.99
0.99
1
1.19
1.31
1.91
2.05
1.01
1.44
1.01
1.38
1.42
2.79
1.67
1.64
1.43
1.71
2.62
1.87
1.3
1.79
1.52
1.16
5.59
4.11
2.21
1.13
2.16
2.18
2.18
1.9
2.47
1.72
1.15
3.19
3.01
1.82
2.2
0.83
0.95
2.06
-99
-99
1.21
1.18
1
1.38
1.48
1.7
2.15
1.26
1.99
1.27
1.67
1.31
1.62
0.71
-99
2.6
1.29
1.6
1.28
1.16
1.06
2.36
1.27
1.46
1.46
1.53
1.16
1.85
3.08
1.3
1.17
1.17
2.04
1.49
2.32
1.53
0.86
1.07
1.07
1.12
1.19
1.17
1.41
1.77
1.19
1.2
1.19
1.24
1.07
1.36
1.36
1.29
1.13
1.56
1.16
1.44
1.5
1.56
1.01
0.79
0.9
1.31
1.73
1.29
1.1
1.33
1.7
1.14
1.34
1.95
3.29
1.61
2.45
1.62
1.35
1.88
1.37
1.5
1.93
0.96
1.12
1.46
1.25
1.61
1.73
1.91
1.24
1.26
0.96
1.14
1.1
1.04
1.46
1.11
1.23
1.06
1.85
1.58
1.02
1.4
1.67
1.48
1.17
0.97
1.06
0.95
0.86
0.94
1.1
1.27
1.18
1.14
0.78
0.77
0.76
1.33
1.28
1.15
1
1.07
1.45
1.05
1.3
1.14
0.87
1.1
1.01
1.16
1.07
2.29
1.27
1.63
0.95
1.18
1.14
1.82
0.84
0.98
1.44
1.73
6.34
1.79
1.31
1.03
0.72
1.42
0.98
0.69
0.7
0.7
1.14
0.9
1.04
1.82
1.14
1.5
1.55
1.18
1.27
1.94
1.04
2.52
1.52
1.82
1.24
3.81
5.55
1.22
2.03
1.96
1.48
1.06
1.47
1.74
1.65
1.49
1
1.93
1.3
1.69
2.86
2.13
1.9
1.74
4
2.52
1.12
1.18
1.79
1.96
2.4
3.14
2.43
2.81
1.41
1.37
1.16
0.89
1.07
1.33
1.37
2.68
1.81
1.13
1
0.99
1.23
-99
-99
0.94
0.98
1.25
1.4
1.19
3
4.32
1.7
1.4
1.33
6.8
3.19
1.21
1.45
1.44
1.04
1.55
3.17
4.8
1.6
1.46
2.5
2.18
1.19
1.02
1.47
1.15
1.81
2.33
1.15
2.07
1.84
2
1.05
2.92
5.76
2.73
2.18
1.19
1.56
1.61
4.04
3.42
5.32
4.06
1.78
5.74
3.5
1.48
1.18
0.93
1.29
1.33
3.64
5.2
1.5
1.48
2.66
4.43
2.68
1.37
3.27
5
3.78
3.01
3.49
1.88
1.73
2.17
1.52
2.23
5.28
5.51
3.9
1.79
1.41
1.45
1.58
1.59
1.24
1.45
1.35
1.65
1.54
1.31
1.07
1.7
1.61
1.1
1.34
1.92
2.27
2
1.61
2.26
5.42
2.48
3.29
3.92
1.66
3.87
3.51
4.37
6.92
3.85
3.26
2.25
1.68
2.19
2.01
4.23
3.42
1.84
1.8
2.19
1.85
3.13
2.49
1.26
1.39
1.96
2.22
1.84
1.94
2.1
3.51
7.21
6.61
2.97
2.79
2.52
2.31
3.88
5.42
4.64
1.6
3.1
3.24
2.02
1.56
2.45
4.37
4.04
1.74
3.24
2.89
2.4
3.1
3.66
2.89
4.13
3.86
2.5
3.29
5.81
3.67
3.59
2.32
3.93
1.95
2.33
2.77
4.4
3.52
2.85
3.17
2.34
2.53
2.77
4.55
5.44
5.9
5.24
4.05
1.76
2.43
2.94
2.35
3.61
2.5
2.52
2.03
2.03
1.96
2.09
2.37
2.15
2.03
2.51
2.44
2
2.22
2.53
2.2
2.37
1.98
2.52
3.75
3.75
3.18
2.52
2.29
2.71
2.55
2.24
2.18
2.78
2.36
2.46
3.1
3.36
1.76
2.87
2.63
2.58
4.73
4.3
2.64
3.11
2.64
2.81
2.55
1.94
2.55
2.22
2.38
2
3.04
3.71
2.14
2.94
4.05
3.3
3.05
5.29
2.85
2.84
2.99
3.41
2.09
2.21
2.27
3.23
2.84
2.65
2.43
1.89
2.85
2.04
1.7
2.8
3.4
2.95
2.37
3.38
2.6
1.58
2.27
2.42
2.82
1.83
3.47
2.81
2.19
2.69
2.42
2.68
2.41
1.96
4.02
2.26
2.32
2.61
2.05
2.13
2.55
2.4
3.23
2.6
2.74
3.98
2.55
2.34
3.16
1.37
2.08
2.71
2.38
2.26
3.23
4.17
3.67
2.26
2.61
5.04
4.3
3.26
2.52
2.87
2.54
1.63
2.3
2.54
2.66
2.04
1.61
1.84
1.56
1.41
2
1.91
1.64
3.3
2.71
2.27
1.62
1.33
1.48
1.33
1.49
1.53
1.64
1.59
2.09
1.57
1.71
2.51
1.6
2.49
2.08
1.55
1.89
2.6
2.76
3.04
1.86
3.09
1.63
1.67
1.58
1.25
1.35
0.98
1.97
3.06
2.84
1.92
2.26
1.36
1.38
1.44
1.28
1.33
1.12
1.02
1.47
1.83
1.35
3.33
4.24
1.69
1.63
2.71
4.27
1.95
1.37
1.25
0.97
2.38
1.61
1.17
0.8
1.12
1.39
1.12
1.46
1.3
1.54
2.24
1.75
4.68
1.4
0.93
0.94
2.01
1.26
1.28
1.04
1.26
0.9
1.32
1.21
1
1.05
1.25
1.39
3.64
5.15
4.92
5.1
1.44
1.22
1.3
1.4
1.96
3.73
3.54
3.37
4.13
2.03
1.43
0.88
0.86
0.73
0.65
0.72
0.77
0.66
0.74
0.79
1.08
0.66
0.8
0.75
1.11
0.91
0.82
0.87
2.63
3.34
2.13
2.05
1.19
0.85
2.02
3.43
3
1.74
1.01
1.48
1.65
0.94
1.48
1.52
1.05
0.98
0.79
1.22
1.97
1.96
1.13
0.68
0.59
1.8
5.02
4.4
2.13
2.58
2.14
1.19
2.51
3.24
2.28
1.67
1.05
1.13
0.85
1.27
1.48
2.3
1.48
0.88
1.95
1.69
4.11
2.16
1.85
1.52
1.17
0.98
1.17
1.01
1
1.28
1.12
0.9
0.94
1
1.1
1.04
0.94
0.99
1.33
1.26
1.36
1.2
2.05
1.27
1.87
2.98
2.12
2.36
2.64
2.13
1.15
0.88
1.72
1.35
3.39
4.13
3.8
2.18
1.61
1.25
1.2
2.9
4.05
2.82
1.96
2.72
3.3
2
1.56
1.07
1.74
1.64
1.43
1.03
0.81
0.81
1.69
2.02
1.24
1.18
1.54
2.31
1.96
0.86
1.35
0.99
0.75
0.6
1.43
1.02
1.53
1.22
1.41
1.89
1.85
0.59
1.1
0.83
1.03
1.47
0.75
0.9
0.83
1.34
1.22
1.12
1.22
0.95
1.04
0.83
0.87
1.11
0.88
0.9
0.91
1.22
1.29
1.61
1.42
1.25
0.88
1.62
0.74
1.02
0.75
0.82
0.82
1.18
0.88
0.73
0.8
0.73
1.3
1.3
0.95
1.32
1.48
0.95
1.47
0.69
1.06
1.43
1.29
1.4
1.53
1.44
1.17
0.85
0.98
0.86
0.89
1.34
1.46
0.42
0.57
1.85
1.28
0.83
0.94
1.09
0.6
0.7
0.79
0.85
0.92
0.81
0.93
1.08
0.9
0.86
1.23
0.79
0.78
0.62
0.53
0.73
1.41
1.42
0.86
0.86
0.63
0.84
0.86
0.93
1.01
1.06
1.01
1.02
2.45
1.39
1.45
1.17
0.65
0.56
0.84
0.82
0.73
0.83
0.6
1.03
0.77
0.78
0.7
0.57
0.61
0.89
1.04
0.73
0.33
1.04
0.89
0.8
0.8
0.58
0.53
0.58
1.2
1.36
0.79
0.45
0.45
0.53
0.57
0.43
0.92
0.57
0.39
0.57
0.76
0.73
0.82
1.84
0.9
0.76
0.6
0.54
0.57
0.58
0.38
0.85
1.42
1.68
0.61
0.55
0.42
0.28
0.27
0.36
0.47
0.31
0.44
0.26
0.46
0.33
0.33
0.86
1.75
1.14
1.07
0.93
0.49
0.28
0.25
0.32
0.96
0.45
0.33
0.34
0.73
1.02
0.7
0.3
0.44
0.86
1.48
0.2
0.57
0.97
0.27
0.52
1.2
0.4
0.46
0.99
1.27
1.52
1.71
1.5
0.43
1.05
0.58
0.63
0.78
0.93
0.3
1.69
1.84
0.54
0.45
0.74
0.62
0.68
0.59
0.5
0.5
0.49
0.42
1.12
0.64
0.44
0.27
0.58
0.42
0
0
0
0
0.49
0.38
0.62
0.66
0.39
3.1
2.17
1.2
0.7
0.5
1.82
2.58
1.84
0.5
0.57
0.82
0.64
0.42
0.56
0.57
0.78
0.53
0.73
0.9
0.63
0.61
0.78
1
0.54
0.85
0.45
1.01
0.94
0.65
0.81
0.84
0.87
0.93
0.92
0.55
0.65
0.6
0.47
0.46
0.65
0.55
0.51
0.76
0.47
0.5
0.37
1.18
1.27
1.11
1.82
0.8
0.59
0.55
0.73
0.88
0.87
3.18
1.86
1.21
0.8
1.23
0.81
0.74
2.15
3.89
2.19
3.03
2.13
3
3.68
2.36
1.4
0.66
0.73
0.77
2.2
2.23
1.77
1
0.74
1.78
0.73
1.18
0.56
0.91
0.62
1.93
0.69
0.59
0.63
0.95
1.26
0.45
1.7
1.27
0.95
0.88
0.78
1.18
1.97
0.86
0.63
0.76
1.05
0.74
0.47
0.55
-99
-99
-99
1.99
1.7
0.45
0.78
0.67
0.85
0.97
1.37
1.2
0.86
0.65
1.92
1.3
0.68
0.54
0.58
1.1
1.41
0.96
0.79
1.18
1.03
1.21
0.95
0.86
0.73
0.57
0.78
1.5
0.97
0.62
1.24
1.4
1.09
0.78
0.74
0.74
0.8
1.29
1.94
0.99
0.86
0.95
0.92
0.85
0.97
1.05
0.72
1.27
1.39
1.12
1.01
1.33
0.95
1.16
1.48
0.96
0.56
0.66
0.58
0.67
0.68
0.98
0.68
0.97
0.73
1.1
0.93
0.7
0.82
0.67
0.9
1.08
0.7
0.98
0.93
1.09
0.88
0.84
0.85
0.64
0.65
0.65
0.85
0.87
0.97
0.84
0.91
0.97
1.21
0.73
0.79
0.7
0.64
0.7
0.76
1.1
1.15
1.1
0.87
0.75
0.65
1.53
1.01
1.88
1.02
0.94
0.74
0.65
0.76
1.05
0.79
0.79
1.98
1.03
0.76
1.78
0.52
0.66
0.73
0.51
0.65
0.63
0.55
0.66
0.85
1.5
1.25
0.68
1.25
1.59
1.27
0.58
0.8
0.56
0.4
0.64
0.63
0.6
0.39
0.64
0.51
0.39
0.8
1
0.68
0.86
1.82
1.62
0.82
0.57
0.33
0.52
1.92
1.78
-99
-99
1.61
0.78
0.3
0.28
0.36
0.41
0.58
0.83
0.89
1.44
0.63
0.38
0.46
0.76
0.6
0.7
0.66
0.65
0.43
0.28
0.87
1.36
1.64
1.11
0.3
0.29
0.35
0.55
0.56
0.63
1.08
-99
-99
-99
-99
-99
-99
0.69
0.42
0.71
-99
-99
0.5
1.13
0.97
0.45
0.42
0.4
0.4
0.49
0.33
1.09
1.52
0.64
0.37
0.4
0.58
1.13
2.6
0.54
0.76
0.69
0.37
0.38
0.34
0.37
0.45
0.37
0.7
0.5
0.37
0.48
1.76
0.79
1.23
1.49
0.48
0.38
0.53
0.54
0.71
0.49
0.54
0.56
0.53
0.46
0.43
0.59
0.62
0.67
0.41
0.55
0.64
0.65
0.48
0.55
0.38
0.34
0.45
2.03
0.5
0.45
0.58
0.53
0.66
0.69
0.69
0.75
0.55
0.65
0.68
0.9
0.51
0.53
0.6
0.62
0.58
0.55
0.48
1.03
3.65
2.78
0.81
0.73
0.62
0.38
0.46
0.5
0.33
0.75
0.51
0.45
0.45
0.4
0.7
0.92
0.6
1.88
1.72
0.52
1.69
1.03
1.75
0.8
1.42
1.34
0.98
0.77
0.68
0.83
0.74
1.12
1.24
2.11
2.91
1
1.3
1.13
1.19
1.13
0.94
2.4
0.43
3.08
2.62
1.51
2.26
1.25
0.93
0.51
0.57
0.58
0.92
1.38
0.91
4.14
3.89
1.86
2.31
2.14
3.11
0.66
1.56
1.7
0.83
1.47
2.01
1.09
2.27
2.32
0.86
0.91
0.69
0.52
0.84
0.58
1.06
0.61
0.6
0.49
0.57
0.42
0.68
0.68
0.6
0.52
0.64
0.63
0.57
0.46
0.48
0.54
1.09
1.43
1.25
1.37
1.06
0.62
0.98
0.54
0.73
0.73
1.37
1.53
1.49
1.25
0.39
0.68
0.98
0.89
1
2.63
1.33
1.73
1.44
0.88
0.82
1.51
1.52
0.75
0.76
1.62
0.74
1.73
1.84
4.29
2.22
0.9
1.59
2.52
1.24
1.01
1.05
0.57
0.71
0.79
0.94
0.98
1.12
0.76
0.8
0.85
0.84
1.15
0.62
0.73
0.69
0.75
0.89
1.3
1.26
0.96
1.32
1.81
1.8
1.2
0.86
1.1
0.98
0.9
1.28
1.14
2.57
1.03
0.98
1.17
1.13
2.11
1.7
1.02
0.8
1.35
1.54
2.25
0.96
0.47
0.69
0.68
1.23
0.67
0.89
1.17
1.43
0.71
0.79
0.53
0.76
0.79
0.97
0.84
1.19
0.88
0.83
0.78
0.89
0.86
0.89
1.66
0.83
0.6
0.63
1.15
0.56
0.59
0.85
1.56
0.88
0.6
1.53
1.83
2.47
0.78
1.16
0.63
1.07
0.64
0.55
1.1
1.31
1.68
0.93
0.7
0.46
0.93
0.9
0.69
0.8
0.52
0.54
0.63
0.57
0.81
0.7
1.03
0.58
0.63
0.73
0.61
1.33
0.85
0.67
0.84
0.69
0.45
0.42
1.57
2.02
2.14
0.6
0.98
0.41
0.7
0.47
1.71
0.71
0.51
0.4
0.43
0.48
0.78
1.4
0.63
0.45
0.51
0.74
0.44
0.57
0.38
0.58
0.55
0.69
0.71
0.53
0.69
0.69
0.99
0.46
0.45
0.46
0.48
1.3
1.18
0.65
0.58
0.47
0.41
0.41
0.52
0.56
0.41
0.69
0.78
0.6
0.54
0.65
1.46
1.71
0.9
0.7
0.44
0.4
2.06
0.59
0.43
0.46
0.47
0.77
0.51
0.68
0.38
0.6
0.39
0.54
0.45
2.09
1.13
0.61
0.55
1.4
1.88
2.01
3.6
1.49
0.78
0.48
0.51
0.82
0.53
1
1.17
1.28
3.05
2.98
0.69
0.58
0.45
0.53
0.6
0.59
0.71
0.61
0.76
0.7
0.75
0.6
1.32
0.46
0.36
0.7
0.74
0.37
0.35
0.3
1.41
2.51
0.43
0.6
0.5
1.8
1.18
0.64
0.75
0.33
0.77
0.83
0.84
0.73
0.67
0.31
0.63
0.77
0.6
0.59
0.64
0.6
0.68
1.85
1.8
0.42
0.59
0.45
0.43
0.57
0.52
1.11
1.16
0.8
1.91
0.55
0.93
1.74
2.43
2.33
1.12
0.44
0.55
0.72
1.52
0.81
0.35
0.7
0.6
0.56
0.93
0.66
2
3.74
3.8
2.44
2.27
1.34
1.41
0.81
3.03
1.84
0.81
0.66
1.32
2.3
0.85
1.73
1.9
1.39
3.13
3.38
3.08
4.62
3.13
2.93
1.75
1.81
1.04
1.94
3.25
1.62
1.3
1.42
0.98
0.83
1.47
1.51
1.12
0.95
1.1
1.63
1.44
1.1
2.27
0.78
1.2
1.62
1.81
1.38
0.82
2.77
2.2
1.38
1.23
0.73
0.9
1.24
1.74
1.02
1.71
1.5
1.18
1.15
0.78
1.01
1.5
1.59
1.11
2.45
2.5
1.53
0.61
0.82
0.99
-99
-99
-99
-99
-99
-99
-99
-99
-99
-99
-99
-99
-99
-99
-99
0.33
1.19
0.58
0.6
1.2
0.96
1.13
1.68
1.34
0.93
0.23
0.58
0.71
1.38
2.01
1.25
0.83
0.89
1.35
0.58
0.98
0.73
0.83
1.03
1.52
0.54
0.8
0.58
1.6
1.91
-99
-99
-99
-99
-99
-99
-99
-99
-99
-99
-99
-99
-99
-99
-99
0.47
0.49
0.48
0.41
0.47
0.64
0.64
0.7
0.4
0.4
0.53
0.51
0.23
0.66
0.66
0.86
0.79
0.6
0.7
0.44
0.48
0.65
0.61
0.46
0.54
1.14
0.47
0.5
0.74
0.83
0.75
0.83
1.93
0.33
0.56
0.95
0.85
0.74
0.75
0.99
0.44
0.59
0.65
0.64
0.76
0.5
0.53
0.65
0.61
0.67
0.89
0.79
0.37
0.47
0.63
0.38
1.05
1.02
0.33
0.28
0
0
0
0
0.25
1.03
0.79
0.55
0.39
0.78
0.67
0.71
0.39
0.37
0.48
0.68
0.27
0.33
0.4
0.38
0.62
2.22
0.5
0.3
0.28
0.48
0.62
0.2
0.29
1.06
1.82
0.44
0.23
0.27
0.34
0.31
0.7
0.45
0.35
0.77
1.58
0.97
0.41
0.55
0.36
0.35
0.91
1.39
0.88
1.4
0.75
1.82
0.58
0.87
0.6
0.69
0.5
0.41
0.48
0.38
0.35
1.22
1.15
0.9
0.54
0.63
0.48
0.58
0.52
0.4
0.62
1.73
1.25
2.66
1
0.64
0.5
0.83
1.02
0.87
1.53
1.05
0.6
0.4
1.4
0.46
0.88
1.21
1.1
1.97
1.92
0.9
0.9
1.28
0.98
0.81
0.44
1.14
0.5
0.64
0.51
0.77
0.61
0.5
0.87
0.53
0.59
2.44
1.39
0.83
0.96
0.31
0.42
0.95
0.95
0.5
1
1.05
0.41
0.8
0.81
0.53
0.93
0.65
1.03
0.69
0.56
0.83
0.68
0.51
1.6
1.91
0.6
1.12
4.47
1.23
3.16
2.63
1.36
0.78
0.98
0.94
1.13
1.09
1.46
0.75
1.11
1.24
3.3
2.94
1.02
2.98
2.73
1.56
0.88
0.72
0.66
0.76
0.78
0.7
0.72
0.65
0.67
1.19
1.32
0.74
0.49
0.65
0.55
0.67
0.68
0.6
0.57
1.82
3.62
3.34
2.68
1.41
1.2
0.77
0.53
0.47
0.72
0.78
0.72
0.7
0.58
0.58
0.58
1.32
1.3
1.03
0.79
2.12
1.22
0.81
0.64
1.49
1.73
1.29
1.02
1.33
1.25
0.79
0.83
0.87
1.25
1.15
1.22
1.09
1.93
1.22
1.45
1.3
1.12
1.38
0.8
1.25
0.78
0.92
1.67
2.04
1.48
0.82
1.18
1.35
1.61
1.98
1.95
1.88
1.11
1.45
1.21
0.73
1.42
1.09
0.61
1.21
1.45
1.11
0.92
0.98
0.79
1.2
1.73
1.97
1.17
1
0.66
0.73
1.5
1.22
0.61
0.93
1.47
0.88
2.26
1.52
0.98
1.1
1.13
1.51
1.03
1.03
0.94
0.68
1.15
1.33
1.22
1
0.94
1.06
1.03
0.96
1
1.33
1.02
0.94
0.69
0.78
1.18
1.87
1.66
1.25
1.48
1.7
1.49
1.07
0.92
0.95
0.89
1.41
1.17
1.07
0.83
0.9
0.96
1.22
1.34
1.33
0.75
1.17
1.07
0.97
2.29
0.84
0.93
0.75
3.04
1.53
0.79
1.41
1.62
1.23
1.28
1.35
1.18
1.23
1.55
0.6
0.71
0.93
0.64
1.1
0.99
1.05
0.95
1.05
0.9
0.92
0.83
0.69
0.76
0.72
0.67
0.58
0.6
0.79
0.5
0.72
0.79
0.68
1.09
0.49
0.58
0.64
1.31
0.8
0.51
0.7
0.7
0.79
0.49
1.12
1.17
0.82
0.73
1.3
0.79
0.55
0.79
0.52
0.68
0.66
0.8
0.95
0.93
0.73
0.4
0.51
0.35
0.5
1.19
0.62
0.54
0.55
0.45
0.51
0.45
0.49
0.39
0.36
0.5
0.38
0.65
1
0.53
0.37
0.48
0.68
0.69
0.69
0.5
0.89
0.72
0.8
0.65
0.44
0.84
0.64
0.49
0.56
0.81
1.31
0.95
2.41
1.61
0.51
0.34
0.38
0.38
0.35
0.35
0.55
0.32
0.51
2.5
2.1
1.71
2
1.3
2.17
2.87
1.93
0.77
0.89
0.45
0.31
0.71
0.7
0.45
0.36
0.48
0.43
0.55
0.97
1.14
0.52
0.66
0.31
0.52
1.1
0.79
0.93
3.26
2.2
1.01
1.75
3.65
0.98
0.55
0.4
0.75
0.56
0.51
0.62
0.63
1.05
1.33
1.69
0.73
1.17
1.15
1.1
0.98
1.81
0.67
1.86
1.5
1.75
2.89
1.32
0.8
0.85
0.6
1.11
2.58
1.2
0.56
1.7
1.85
1.87
1.56
2.19
3.18
1.5
0.87
0.98
1.47
3.64
1.88
0.47
0.51
0.88
0.92
2.43
0.83
0.57
1.2
0.5
1.46
0.61
0.8
1.35
2.21
3.73
1.26
1.36
0.67
0.63
0.92
1.53
2.72
1.15
0.86
2.31
2.91
3.37
2.18
0.85
0.9
1.07
1.15
1
1.34
2.1
1.73
2
0.93
0.75
1.52
0.93
2.01
2.68
1.93
1.72
1.8
1.92
1.87
1.04
0.85
1
1.77
1.68
1.48
1.22
0.93
0.85
1.2
1.23
1.08
1.13
0.92
0.88
0.73
0.7
0.86
0.98
1.79
1.75
1.59
2.29
0.95
0.83
2.28
1.7
1.61
1.01
1.36
2.61
0.84
1.65
0.9
1.29
0.77
0.68
1.38
1.6
1.01
0.95
1.61
0.96
1.3
1.04
1.12
0.91
1.2
1.1
1.17
0.78
0.96
1.21
0.96
1.45
1.78
1.18
1.53
1.61
1.16
2.16
2.31
1.74
1.14
1.15
2.02
1.05
1.56
1.35
1.71
1.2
3.15
2.14
1.26
0.83
1.36
1.34
1.15
1.76
1.65
1.78
2.06
0.9
1.48
0.93
1.42
2.12
2.5
2.1
1.34
0.95
1.06
1.73
1.24
1.01
1.65
1.63
1.16
1.17
0.95
0.96
0.93
1.31
1.63
1.45
1.15
2.47
3.04
1.5
1.24
1.2
1.06
1.14
1.03
1.45
1.38
1.26
1
1.22
1.44
1.29
1.48
1.2
1.18
1.09
1.26
1.69
0.95
1.63
1.69
1.54
1.43
1.34
1.23
1.46
1.33
1.61
2.08
2.05
1.49
2.26
1.4
1.47
1.37
0.98
1.33
1.63
1.28
1.75
1.99
1.9
1.41
1.28
2.1
0.84
1.25
1.14
0.91
1.16
0.89
1.4
1.38
1.43
1.3
1.1
1.4
1.57
1.42
0.71
1
1.74
1.06
1.14
1.04
1.18
1.68
1.8
0.88
1.09
1.36
1.92
0.99
0.75
1.02
1.07
1.6
1.51
2.05
1.54
0.75
1.1
0.92
0.9
0.7
0.83
0.55
0.63
1.25
0.98
1.65
1.18
1.18
1.21
2.63
2.15
1.41
0.74
0.81
0.78
0.73
0.69
1.56
1.86
2.35
0.83
1.12
2.1
1.48
2.4
1.5
1.24
0.95
0.89
0.95
0.6
0.91
1.29
1.79
0.75
0.72
0.41
0.8
0.7
1.09
3.23
1.69
0.6
0.47
1.18
0.88
1.25
1.2
1.48
0.62
0.61
0.53
0.39
1.76
1.23
1.22
2.58
1.26
0.75
0.47
0.58
2.6
2.31
0.7
1.27
0.7
0.95
1.6
2.27
1.49
0.74
1.28
1.18
0.57
1.4
0.82
1.07
1.18
0.9
2.05
1.03
1.45
0.39
0.73
0.72
1.15
0.43
0.63
0.91
1
0.68
1.61
1.64
1.62
1.35
0.94
0.65
2.46
1.54
1.85
3.53
2.3
1.24
0.59
0.47
0.54
1.33
0.65
0.43
0.81
0.78
0.71
0.58
0.51
0.47
0.83
0.76
0.57
1.78
1
1.03
0.64
0.77
0.73
0.8
0.79
0.5
1.05
2.1
1.18
0.79
0.65
0.7
0.77
1.1
1.58
1.23
0.65
1.25
1.47
1.37
0.88
0.91
0.6
0.45
0.41
0.61
0.66
0.6
0.68
1
0.67
1.52
0.68
1.04
1.15
1
0.65
1.28
1.98
3.7
1.3
0.92
0.97
1.4
2.92
1.59
1.73
1.22
1.01
1.45
0.68
0.74
1.51
2.79
0.75
0.53
1.88
3.37
1.52
3.43
2.73
1.39
2.22
1.58
1.38
0.79
1.29
2.22
2.43
1.79
0.98
0.85
1.77
1.79
1.54
1.38
0.74
0.67
1.87
1.27
1.31
0.44
0.55
0.4
0.48
0.48
2.15
1.46
1.64
0.83
1.08
1.6
1.36
1.18
1.78
1.36
2.21
2.3
1.53
1.05
0.72
0.95
1.33
1.31
1.75
1.67
1.13
0.99
0.85
1.33
1.2
1.27
2.8
3.32
0.61
0.64
0.65
0.64
0.76
0.7
1.54
1.58
0.79
1.03
1.05
1
0.9
0.78
0.75
0.63
1.04
0.82
0.78
1.41
0.9
1.26
1.25
1.54
1.54
1.11
0.92
1.14
0.81
1.33
1.25
1.58
0.86
1.19
0.9
0.99
0.98
0.79
0.85
0.82
0.67
1.81
0.93
0.84
0.95
0.89
0.85
0.79
0.61
0.91
0.75
0.8
1.32
0.86
0.79
0.89
1.32
0.92
0.79
1.05
1
0.95
1.11
0.73
0.84
1.05
1.79
0.85
0.82
1.08
1.73
1.23
2.99
1.27
1
0.86
1.2
1.3
1.9
1.35
0.89
0.75
0.96
1.18
0.95
1.09
1.48
0.72
0.65
0.9
0.78
0.92
1.94
0.93
0.58
0.96
0.62
0.73
0.78
0.7
0.73
1.1
1.11
0.65
0.65
1.14
1.16
0.65
0.82
1.02
1.58
1.16
0.93
1.17
0.81
1.2
1.02
0.85
0.56
1.01
0.93
0.65
0.79
0.66
0.57
1.03
0.95
0.65
0.67
0.73
1.25
1.16
1
3.15
2.09
0.83
0.79
0.9
0.88
1.32
0.93
0.71
0.71
0.86
0.83
0.69
0.9
0.72
0.75
0.83
0.75
0.94
2.6
1.68
1.2
0.72
0.63
0.65
0.93
0.82
0.93
0.65
0.91
0.76
1.27
1.15
0.8
1.04
2.08
1.62
1.31
1.31
1.8
0.85
0.66
0.63
0.58
0.78
1.51
1.74
1.57
1.4
2.04
1.08
1.01
0.48
0.58
0.57
1.28
1.82
2.94
1.48
0.66
0.55
1.22
1.49
2.03
1
0.69
0.73
0.72
0.78
0.92
0.91
0.76
0.72
0.77
0.78
0.81
0.84
1
1.76
2.08
0.88
0.73
0.62
1.1
0.73
1.05
0.69
0.67
1.31
2.01
3.64
1.97
1.12
0.88
2.1
1.75
0.75
0.61
0.7
0.42
0.58
0.67
0.59
1.73
1.28
0.81
2.54
0.96
1.71
3.15
3.43
0.8
0.87
0.98
0.81
0.77
0.72
1.01
1.05
0.76
0.9
0.71
0.58
0.68
0.72
0.83
0.83
0.75
0.75
0.71
0.63
0.51
1.6
1.61
1.1
1.54
1.07
1.88
2.48
2.88
1.13
1.95
2.83
1.81
1.25
1.3
1.84
1.8
1.94
0.95
1.82
1.7
0.98
0.82
1.01
1.31
0.88
0.9
0.81
0.72
0.67
1.5
1.11
0.78
0.74
0.7
1.27
1.23
1.63
2.7
1.9
1
1.61
1.12
1.23
1.05
0.9
0.68
0.85
1.11
2.04
0.96
2.28
1.9
1.49
2.26
1.49
0.79
0.75
0.8
1.36
0.8
0.91
0.65
1.15
0.87
1.28
1.11
1.65
1.14
1.3
1.31
1.75
2.46
1.05
1.9
2.45
1.13
2.65
1.84
2.81
2.78
2.03
2.86
2.75
2.53
1.33
1.85
1.63
3.4
2.45
2.31
1.75
1.6
1.48
1.74
1.08
1.21
1.21
1.11
1.39
1.6
1.28
0.78
0.94
1.39
0.98
0.94
1.58
1.39
2.61
1.61
2.09
2.37
2.16
1.72
3.99
2.68
1.41
0.91
1.4
1.28
1.1
1.37
1.27
1.3
1.33
1.33
1.38
1.63
1.72
1.02
1.22
1.5
2.02
1.16
1.44
1.94
3
1.57
1.98
1.88
1.23
1.37
1.33
1.14
0.72
1.23
1.11
0.83
0.71
0.91
1.1
1.17
0.91
1.12
1.1
1.39
0.98
1.19
1.56
1.54
0.91
1.82
1.21
1.13
0.87
1.1
1.01
0.92
1.35
1.38
0.81
0.76
0.87
1.26
0.91
1.03
0.92
1.47
1.64
1.14
1.18
1.15
0.94
0.91
0.94
0.97
0.85
0.73
0.88
0.93
1.33
1.11
0.99
0.75
0.73
0.72
0.84
0.83
1.03
1.47
1.43
0.66
0.89
0.86
0.93
0.8
0.75
0.87
1.39
0.78
1.44
1.16
1.55
1.25
1.39
1.19
1.21
0.73
1.12
0.97
0.97
0.61
0.58
0.83
0.96
1.03
1.05
0.66
2.09
1.73
1.06
0.7
0.69
0.72
0.56
0.98
0.98
1.15
0.69
1.32
1.55
0.78
0.91
0.71
0.78
0.77
0.74
0.63
0.43
0.46
0.65
0.52
0.47
0.5
0.4
0.72
0.6
0.68
0.92
0.64
0.78
1.13
0.63
1.98
3.46
2.14
1.63
1.26
0.71
0.51
0.71
1.67
0.83
2.29
3.02
0.52
1.26
1.38
0.82
0.77
0.49
0.95
1.52
0.93
0.46
0.92
0.88
0.6
0.73
0.58
0.53
0.44
0.42
0.75
1.56
0.59
0.81
0.53
0.61
0.4
0.5
0.75
0.38
0.72
1.2
3.03
2.29
0.72
0.68
1.01
1
3.19
3.35
1
1.51
2.16
0.62
0.73
0.57
0.43
0.44
0.71
0.6
0.79
2.08
0.68
0.55
0.86
2.13
0.85
0.65
0.73
0.67
1
0.59
0.85
0.81
0.92
0.61
0.8
0.78
0.71
0.43
0.45
0.44
0.55
0.59
0.8
0.88
1.12
0.71
2.03
2.41
2.68
3.03
2.68
1.12
1.29
2.88
2.19
0.88
3.48
2.08
1.35
1.9
0.58
3.06
0.6
0.6
0.79
0.75
4.35
2.7
1.04
1.45
3.92
3.11
1.12
1.92
1.3
3.3
4.04
1.93
1.32
0.93
0.72
0.75
0.76
1.95
0.78
1.48
1.94
3.33
3.22
1.47
0.73
1.03
3.17
1.86
0.95
0.99
3.01
3.42
1
0.83
1.58
1.13
1.42
1.38
1.8
2.76
3.83
1.76
1.51
1.84
2.17
1.26
1.86
0.85
0.84
0.79
1.75
2.21
1.6
0.98
1.2
1.13
3.67
1.99
2.74
2.77
1.35
1.3
2.35
2.53
1.27
1.35
1.27
0.97
1.21
1.3
0.75
1.73
1.2
0.6
0.83
0.98
1.34
1.5
0.92
1.13
0.97
1.08
0.76
1.1
1.96
0.75
1.07
0.93
0.85
1.98
1.06
1.23
1.05
0.93
1.49
0.81
0.85
1.81
1.64
1.46
0.78
0.9
1.3
1.88
1.34
1.11
1.12
0.68
0.68
1.42
1.65
1.97
2.03
0.53
0.59
1.25
2.01
1.95
1.94
1.41
1.05
0.77
0.63
0.69
0.52
0.73
0.57
0.78
0.73
0.65
0.41
0.44
0.35
0.42
1.01
0.96
0.82
0.68
0.54
0.38
0.6
1.22
0.7
0.48
0.49
0.55
0.68
0.5
0.5
0.48
0.43
0.71
0.52
0.35
0.35
0.54
0.46
0.59
0.64
0.56
0.38
0.65
0.48
0.21
0.38
0.42
0.43
0.52
0.49
0.34
0.25
0.41
0.26
-99
-99
-99
-99
-99
-99
-99
-99
-99
-99
-99
-99
-99
-99
-99
-99
-99
-99
-99
-99
-99
-99
-99
-99
-99
-99
-99
-99
-99
-99
-99
-99
-99
-99
-99
-99
-99
-99
-99
-99
-99
-99
-99
-99
-99
-99
-99
-99
-99
-99
-99
-99
-99
-99
-99
-99
-99
-99
-99
-99
-99
-99
-99
-99
-99
-99
-99
-99
-99
-99
-99
-99
-99
-99
-99
-99
-99
-99
-99
-99
-99
-99
-99
-99
-99
-99
-99
-99
-99
-99
-99
-99
-99
-99
-99
-99
-99
-99
-99
-99
-99
-99
-99
-99
-99
-99
-99
-99
-99
-99
-99
-99
-99
-99
-99
-99
-99
-99
-99
-99
-99
-99
-99
-99
-99
-99
-99
-99
-99
-99
-99
-99
-99
-99
-99
-99
-99
-99
-99
-99
-99
-99
-99
-99
-99
-99
-99
-99
-99
-99
-99
-99
-99
-99
-99
-99
-99
-99
-99
-99
-99
-99
-99
-99
-99
-99
-99
-99
-99
-99
-99
-99
-99
-99
-99
-99
-99
-99
-99
-99
-99
-99
-99
-99
-99
-99
-99
-99
-99
-99
-99
-99
-99
-99
-99
-99
-99
-99
-99
-99
-99
-99
-99
-99
-99
-99
-99
-99
-99
-99
-99
-99
-99
-99
-99
-99
-99
-99
-99
-99
-99
-99
-99
-99
-99
-99
-99
-99
-99
-99
-99
-99
-99
-99
-99
-99
-99
-99
-99
-99
-99
-99
-99
-99
-99
-99
-99
-99
-99
-99
-99
-99
-99
-99
-99
-99
-99
-99
-99
-99
-99
-99
-99
-99
-99
-99
-99
-99
-99
-99
-99
-99
-99
-99
-99
-99
-99
-99
-99
-99
-99
-99
-99
-99
-99
-99
-99
-99
-99
-99
-99
-99
-99
-99
-99
-99
-99
-99
-99
-99
-99
-99
-99
-99
-99
-99
-99
-99
-99
-99
-99
-99
-99
-99
-99
-99
-99
-99
-99
-99
-99
-99
-99
-99
-99
-99
-99
-99
-99
-99
-99
-99
-99
-99
-99
-99
-99
-99
-99
-99
-99
-99
-99
-99
-99
-99
-99
-99
-99
-99
-99
-99
-99
-99
-99
-99
-99
-99
-99
-99
-99
-99
-99
-99
-99
-99
-99
-99
-99
-99
-99
-99
-99
-99
-99
-99
-99
-99
-99
-99
-99
-99
-99
-99
-99
-99
-99
-99
-99
-99
-99
-99
-99
-99
-99
-99
-99
-99
-99
-99
-99
-99
-99
-99
-99
-99
-99
-99
-99
-99
-99
-99
-99
-99
-99
-99
-99
-99
-99
-99
-99
-99
-99
-99
-99
-99
-99
-99
-99
-99
-99
-99
-99
-99
-99
-99
-99
-99
-99
-99
-99
-99
-99
-99
-99
-99
-99
-99
-99
-99
-99
-99
-99
-99
-99
-99
-99
-99
-99
-99
-99
-99
-99
-99
-99
-99
-99
-99
-99
-99
-99
-99
-99
-99
-99
-99
-99
-99
-99
-99
-99
-99
-99
-99
-99
-99
-99
-99
-99
-99
-99
-99
-99
-99
-99
-99
-99
-99
-99
-99
-99
-99
-99
-99
-99
-99
-99
-99
-99
-99
-99
-99
-99
-99
-99
-99
-99
-99
-99
-99
-99
-99
-99
-99
-99
-99
-99
-99
-99
-99
-99
-99
-99
-99
-99
-99
-99
-99
-99
-99
-99
-99
-99
-99
-99
-99
-99
-99
-99
-99
-99
-99
-99
-99
-99
-99
-99
-99
-99
-99
-99
-99
-99
-99
-99
-99
-99
-99
-99
-99
-99
-99
-99
-99
-99
-99
-99
-99
-99
-99
-99
-99
-99
-99
-99
-99
-99
-99
-99
-99
-99
-99
-99
-99
-99
-99
-99
-99
-99
-99
-99
-99
-99
-99
-99
-99
-99
-99
-99
-99
-99
-99
-99
-99
-99
-99
-99
-99
-99
-99
-99
-99
-99
-99
-99
-99
-99
-99
-99
-99
-99
-99
-99
-99
-99
-99
-99
-99
-99
-99
-99
-99
-99
-99
-99
-99
-99
-99
-99
1.2
0.9
0.77
1.39
0.76
0.55
0.56
0.49
0.34
1.24
3.58
1.51
0.61
0.65
0.85
1.54
1.21
1.04
1.16
0.75
0.98
1.2
0.88
0.66
0.71
0.78
0.68
0.61
0.59
0.49
0.55
0.65
0.64
0.65
0.63
0.65
0.51
0.7
0.55
0.44
0.65
0.78
0.99
1
0.85
0.96
0.7
0.61
0.66
0.59
0.6
0.55
0.54
0.55
0.5
0.63
0.59
0.7
-99
-99
-99
-99
-99
-99
-99
-99
-99
-99
-99
-99
-99
-99
-99
-99
-99
-99
-99
-99
-99
-99
-99
-99
-99
-99
-99
-99
-99
-99
-99
-99
-99
-99
-99
-99
-99
-99
-99
-99
-99
-99
-99
-99
-99
-99
-99
-99
-99
-99
-99
-99
-99
-99
-99
-99
-99
-99
-99
-99
-99
-99
-99
-99
-99
-99
-99
-99
-99
-99
-99
-99
-99
-99
-99
-99
-99
-99
-99
-99
-99
-99
-99
-99
-99
-99
-99
-99
-99
-99
0.44
0.71
0.67
0.61
0.22
0.22
1.02
1.08
0.36
0.4
0.27
0.4
0.46
0.86
1.24
0.44
0.35
0.59
0.4
0.41
0.73
0.82
0.61
0.32
0.29
0.33
0.48
0.6
0.78
0.4
0.57
0.36
0.6
1.49
0.31
0.33
0.3
0.25
0.23
0.22
0.23
0.23
0.23
0.28
0.4
0.25
0.24
0.43
0.55
0.42
0.33
0.41
3.26
1.57
0.58
0.42
1.73
3.45
0.54
0.76
0.39
0.4
0.33
0.31
0.29
0.24
0.26
0.3
0.44
0.32
0.22
0.41
0.37
0.4
0.47
0.41
0.35
0.27
0.28
0.3
0.27
0.68
0.39
0.25
0.37
0.71
0.43
0.6
0.5
0.76
0.58
0.54
0.61
0.38
1.65
0.32
0.74
1.33
1.74
0.38
0.46
0.57
0.73
1.7
2.04
0.47
0.82
1.5
2.13
0.49
0.77
0.54
0.39
0.42
0.31
0.42
0.28
0.51
0.46
0.46
0.44
0.25
0.57
0.94
0.59
0.39
1.42
0.68
0.37
0.71
2.97
0.7
1.76
1.39
0.72
0.45
1.37
2.43
1.79
1.49
0.63
0.46
0.59
0.55
0.45
0.96
1.75
0.54
1.79
0.84
1.6
0.87
2.55
1.44
2.5
3.79
0.93
2.96
2.56
0.98
1.39
1.63
1.72
1.54
0.93
0.83
0.73
0.88
1.21
1
0.76
1.34
0.89
0.77
1.5
1.93
1.63
0.98
0.55
1.4
0.91
0.75
0.64
1.66
0.79
0.5
0.71
0.48
1.05
1.24
1.52
2.09
1.33
1.01
0.46
0.5
0.98
0.49
0.44
0.6
0.79
0.56
0.53
0.57
0.38
0.46
0.81
1.53
0.73
0.83
0.57
0.54
0.45
1.91
1.59
0.96
0.53
0.45
0.55
0.76
0.72
0.65
0.88
0.35
0.47
0.63
1.26
1.3
0.92
0.58
0.48
0.62
1.64
0.54
0.86
1.35
1.05
0.56
0.41
0.46
0.36
0.58
1.63
1.1
1.22
0.93
0.63
0.66
0.41
0.55
0.55
0.5
0.64
0.44
0.59
0.63
1
1.94
1.62
0.83
1.29
0.75
1.48
0.89
0.57
0.53
0.63
0.72
0.61
0.77
0.86
0.71
0.56
0.53
0.6
0.53
0.8
0.59
0.46
0.64
0.68
0.61
0.56
0.55
0.53
0.56
0.9
1.77
1.11
0.61
0.46
0.46
0.4
0.45
0.57
0.49
0.86
0.73
0.64
0.55
0.47
0.68
0.55
0.51
0.52
0.83
0.52
0.5
0.5
0.75
1
0.44
0.42
0.44
0.82
0.86
0.6
0.42
0.43
0.41
0.54
0.6
0.64
0.6
0.36
0.66
0.57
0.36
0.34
0.37
0.33
0.31
0.41
0.45
0.51
0.45
0.61
0.42
0.42
0.37
0.26
0.55
0.42
0.62
0.64
0.53
0.53
0.41
0.66
1.03
0.96
0.34
1.13
1.5
0.87
0.7
0.5
0.46
0.65
0.67
0.48
0.65
0.3
0.52
0.39
0.36
0.64
0.55
0.39
0.6
0.42
0.38
0.58
0.31
0.45
0.5
0.52
0.5
1.45
0.45
0.85
0.26
0.43
0.34
0.29
0.3
0.35
0.47
0.7
0.64
0.45
0.28
0.33
0.39
0.21
0.29
0.32
0.26
0.47
0.33
0.27
0.32
0.73
1.59
0.98
1.6
2.05
1.13
1.05
0.27
0.31
0.54
0.46
0.29
0.25
0.19
0.36
0.28
0.58
0.36
1.05
0.24
0.26
1.23
0.75
0.3
0.53
0.77
0.36
0.41
0.56
1.45
0.8
0.34
0.37
0.51
0.46
0.55
0.53
0.44
0.5
0.48
0.42
0.66
0.65
0.59
0.6
0.44
0.58
0.33
0.35
0.33
0.44
0.68
0.55
0.53
0.62
0.49
0.44
0.43
0.72
0.61
0.54
0.6
0.33
0.41
0.29
0.34
0.93
0.49
0.42
3.2
1.15
1.87
1.42
1.4
0.57
0.51
1.69
0.46
0.47
0.64
0.76
0.77
1.17
1.73
1.02
0.35
0.34
0.36
0.54
0.53
0.55
0.72
3.75
3.59
1.84
3.37
1.07
0.96
1.38
2.33
2
0.53
0.54
0.27
0.49
0.51
0.82
0.47
0.34
0.45
0.32
0.83
0.74
0.46
0.47
0.21
-99
0.6
1.46
2.76
1.07
2.45
3.4
1.27
0.57
0.51
0.39
2.07
0.6
0.76
0.51
0.41
0.46
0.65
0.53
0.52
0.99
0.65
0.83
0.64
0.97
0.76
0.59
0.6
0.42
0.49
0.61
2
1.47
0.66
0.69
0.63
0.78
0.38
0.39
0.44
0.42
0.63
0.47
0.49
0.65
0.79
0.6
0.43
0.54
0.91
0.71
0.59
0.49
0.39
0.5
0.42
1.01
0.58
0.5
0.61
0.83
1.14
0.77
0.35
0.62
0.93
1.47
0.66
0.45
0.6
0.63
0.88
0.51
0.59
0.51
0.44
0.56
0.56
0.73
1.21
0.73
0.52
0.54
0.46
0.5
0.45
0.69
0.47
0.54
0.44
0.41
0.45
0.54
0.68
0.52
0.43
0.73
1.12
0.57
0.66
0.48
0.44
0.49
0.6
0.53
0.51
0.45
0.64
0.56
0.44
0.68
0.66
0.63
0.55
0.65
0.65
0.54
0.67
0.65
1.09
1.32
1.69
1.62
0.92
0.53
0.48
0.54
0.55
0.54
0.7
0.65
0.71
0.52
0.63
0.65
0.76
0.55
0.65
0.49
0.89
0.69
0.74
0.39
0.55
0.6
1.66
1.04
0.66
0.58
0.55
0.45
0.49
0.47
0.48
0.49
0.44
0.55
0.52
0.72
0.65
1.34
0.54
1.29
0.78
0.46
0.52
0.54
0.63
0.44
0.43
0.7
0.64
0.48
0.43
0.52
0.46
0.65
0.69
0.55
0.56
0.41
0.36
0.46
0.69
1.13
0.9
0.34
0.51
0.34
0.64
0.5
0.34
1.06
1.69
1.3
0.9
0.37
1.03
0.28
0.77
0.3
0.83
0.8
0.29
0.36
0.32
0.3
0.28
0.51
0.44
0.42
0.43
0.31
0.21
0.26
0.33
0.3
0.28
0.31
0.65
0.38
0.33
0.33
0.3
0.29
0.22
0.22
0.46
0.49
0.31
0.53
0.61
0.29
0.23
0.49
1.01
0.38
0.17
0.14
0.22
0.41
0.36
0.41
0.36
0.27
0.53
0.41
0.37
0.52
2.13
1.34
0.58
0.89
0.74
0.44
0.56
1.72
1.52
0.63
0.28
0.24
0.24
0.26
0.31
0.21
0.24
0.2
0.26
0.25
1.34
0.83
0.35
0.4
0.38
0.97
1.31
1.76
0.85
0.43
0.26
0.2
0.2
0.36
0.49
0.4
1.13
0.96
0.32
0.44
1.89
1.49
0.62
0.44
0.5
0.51
0.42
0.3
0.38
0.43
0.52
0.61
2.87
1.09
0.53
0.58
0.73
2.24
2.37
2.08
2.33
0.85
1.39
0.67
0.81
0.52
0.29
2.07
0.48
0.63
1.2
0.34
1.76
3.18
0.43
0.52
2.06
3.05
2.05
0.44
0.33
0.66
0.96
0.56
0.36
0.38
0.29
0.49
0.56
1.23
2.21
1.08
1.39
1.38
1.41
0.28
0.49
0.97
0.95
1.98
0.61
0.49
0.45
0.26
1.27
1.07
0.65
1.64
0.86
1.15
0.82
0.5
0.71
1.06
1.18
2.9
1.51
1.84
1.04
0.63
1.19
1.33
1.87
0.94
0.56
0.84
1.46
1.58
0.58
0.86
0.95
1.16
0.8
2.17
1.66
2.34
1.74
1.98
1.1
1.06
0.78
1.82
1.72
0.86
0.91
1.24
2.83
0.51
0.69
0.4
1.31
0.54
1.01
1.66
1.07
0.64
0.99
0.93
0.68
0.93
0.23
0.79
0.73
0.46
0.46
0.4
0.49
0.35
0.41
0.46
0.32
0.61
0.93
0.49
0.61
0.71
0.82
0.9
1.3
1.58
1.2
0.58
0.25
0.33
0.45
0.81
0.73
0.45
0.91
2.17
1.26
1.01
0.62
0.61
0.56
0.62
0.45
0.46
0.63
0.47
0.54
0.83
0.68
0.51
0.29
0.42
0.31
0.41
0.58
0.32
0.4
0.65
0.7
0.46
0.53
0.45
0.46
0.38
1.02
1.73
1.67
1.27
0.53
0.64
0.87
0.82
0.56
0.51
0.4
0.81
0.74
0.64
0.65
0.67
0.62
0.98
0.53
0.53
0.48
0.71
0.55
0.61
0.99
0.82
0.77
0.55
0.8
0.61
0.65
0.53
0.58
0.41
0.48
1.41
0.6
0.61
0.46
0.74
0.8
0.53
0.49
0.87
0.48
0.41
0.46
0.66
0.56
0.42
0.45
0.46
0.5
0.57
0.52
0.53
0.58
0.86
0.96
0.86
0.7
0.58
0.7
0.64
1.21
0.51
0.54
0.59
0.57
0.53
0.68
0.48
0.58
0.59
1.2
0.91
0.44
0.46
0.65
0.72
0.64
0.71
0.57
0.82
0.7
0.42
0.46
0.64
0.44
0.42
0.41
0.41
0.44
0.47
0.53
0.48
0.43
0.41
0.46
0.43
0.3
0.34
0.52
0.47
0.38
1.01
0.29
0.56
0.26
0.3
0.57
0.58
1.24
0.84
0.5
0.3
0.29
0.43
1.9
0.23
0.3
0.32
0.24
0.24
0.56
0.9
0.78
0.31
0.28
-99
-99
-99
-99
-99
-99
-99
-99
-99
-99
-99
-99
-99
-99
-99
-99
-99
-99
-99
-99
-99
-99
-99
-99
-99
-99
-99
-99
-99
-99
-99
-99
-99
-99
-99
-99
-99
-99
-99
-99
-99
-99
-99
-99
-99
-99
-99
-99
-99
-99
-99
-99
-99
-99
-99
-99
-99
-99
-99
-99
-99
-99
-99
-99
-99
-99
-99
-99
-99
-99
-99
-99
-99
-99
-99
-99
-99
-99
-99
-99
-99
-99
-99
-99
-99
-99
-99
-99
-99
-99
-99
-99
-99
-99
-99
-99
-99
-99
-99
-99
-99
-99
-99
-99
-99
-99
-99
-99
-99
-99
-99
-99
-99
-99
-99
-99
-99
-99
-99
-99
-99
-99
-99
-99
-99
-99
-99
-99
-99
-99
-99
-99
-99
-99
-99
-99
-99
-99
-99
-99
-99
-99
-99
-99
-99
-99
-99
-99
-99
-99
-99
-99
-99
-99
-99
-99
-99
-99
-99
-99
-99
-99
-99
-99
-99
-99
-99
-99
-99
-99
-99
-99
-99
-99
-99
-99
-99
-99
-99
-99
-99
-99
-99
-99
-99
-99
-99
-99
-99
-99
-99
-99
-99
-99
-99
-99
-99
-99
-99
-99
-99
-99
-99
-99
-99
-99
-99
-99
-99
-99
-99
-99
-99
-99
-99
-99
-99
-99
-99
-99
-99
-99
-99
-99
-99
-99
-99
-99
-99
-99
-99
-99
-99
-99
-99
-99
-99
-99
-99
-99
-99
-99
-99
-99
-99
-99
-99
-99
-99
-99
-99
-99
-99
-99
-99
-99
-99
-99
-99
-99
-99
-99
-99
-99
-99
-99
-99
-99
-99
-99
-99
-99
-99
-99
-99
-99
-99
-99
-99
-99
-99
-99
-99
-99
-99
-99
-99
-99
-99
-99
-99
-99
-99
-99
-99
-99
-99
-99
-99
-99
-99
-99
-99
-99
-99
-99
-99
-99
-99
-99
-99
-99
-99
-99
-99
-99
-99
-99
-99
-99
-99
-99
-99
-99
-99
-99
-99
-99
-99
-99
-99
-99
-99
-99
-99
-99
-99
-99
-99
-99
-99
-99
-99
-99
-99
-99
-99
-99
-99
-99
-99
-99
-99
-99
-99
-99
-99
-99
-99
-99
-99
-99
-99
-99
-99
-99
-99
-99
-99
-99
-99
-99
-99
-99
-99
-99
-99
-99
-99
-99
-99
-99
-99
-99
-99
-99
-99
-99
-99
-99
-99
-99
-99
-99
-99
-99
-99
-99
-99
-99
-99
-99
-99
-99
-99
-99
-99
-99
-99
-99
-99
-99
-99
-99
-99
-99
-99
-99
-99
-99
-99
-99
-99
-99
-99
-99
-99
-99
-99
-99
-99
-99
-99
-99
-99
-99
-99
-99
-99
-99
-99
-99
-99
-99
-99
-99
-99
-99
-99
-99
-99
-99
-99
-99
-99
-99
-99
-99
-99
-99
-99
-99
-99
-99
-99
-99
-99
-99
-99
-99
-99
-99
-99
-99
-99
-99
-99
-99
-99
-99
-99
-99
-99
-99
-99
-99
-99
-99
-99
-99
-99
-99
-99
-99
-99
-99
-99
-99
-99
-99
-99
-99
-99
-99
-99
-99
-99
-99
-99
-99
-99
-99
-99
-99
-99
-99
-99
-99
-99
-99
-99
-99
-99
-99
-99
-99
-99
-99
-99
-99
-99
-99
-99
-99
-99
-99
-99
-99
-99
-99
-99
-99
-99
-99
-99
-99
-99
-99
-99
-99
-99
-99
-99
-99
-99
-99
-99
-99
-99
-99
-99
-99
-99
-99
-99
-99
-99
-99
-99
-99
-99
-99
-99
-99
-99
-99
-99
-99
-99
-99
-99
-99
-99
-99
-99
-99
-99
-99
-99
-99
-99
-99
-99
-99
-99
-99
-99
-99
-99
-99
-99
-99
-99
-99
-99
-99
-99
-99
-99
-99
-99
-99
-99
-99
-99
-99
-99
-99
-99
-99
-99
-99
-99
-99
-99
-99
-99
-99
-99
-99
-99
-99
-99
-99
-99
-99
-99
-99
-99
-99
-99
-99
-99
-99
-99
-99
-99
-99
-99
-99
-99
-99
-99
-99
-99
-99
-99
-99
-99
-99
-99
-99
-99
-99
-99
-99
-99
-99
-99
-99
-99
-99
-99
-99
-99
-99
-99
-99
-99
-99
-99
-99
-99
-99
-99
-99
-99
-99
-99
-99
-99
-99
-99
-99
-99
-99
-99
-99
-99
-99
-99
-99
-99
-99
-99
-99
-99
-99
-99
-99
-99
-99
-99
-99
-99
-99
-99
-99
-99
-99
-99
-99
-99
-99
-99
-99
-99
-99
-99
-99
-99
-99
-99
-99
-99
-99
-99
-99
-99
-99
-99
-99
-99
-99
-99
-99
-99
-99
-99
-99
-99
-99
-99
-99
-99
-99
-99
-99
-99
-99
-99
-99
-99
-99
-99
-99
-99
-99
-99
-99
-99
-99
-99
-99
-99
-99
-99
-99
-99
-99
-99
-99
-99
-99
-99
-99
-99
-99
-99
-99
-99
-99
-99
-99
-99
-99
-99
-99
-99
-99
-99
-99
-99
-99
-99
-99
-99
-99
-99
-99
-99
-99
-99
-99
-99
-99
-99
-99
-99
-99
-99
-99
-99
-99
-99
-99
-99
-99
-99
-99
-99
-99
-99
-99
-99
-99
-99
-99
-99
-99
-99
-99
-99
-99
-99
-99
-99
-99
-99
-99
-99
-99
-99
-99
-99
-99
-99
-99
-99
-99
-99
-99
-99
-99
-99
-99
-99
-99
-99
-99
-99
-99
-99
-99
-99
-99
-99
-99
-99
