20000101
1.44
0.79
0.66
0.85
1.27
1.24
1.49
1.03
1.52
1.79
1.97
-99
-99
4.56
2.43
1.68
1.26
1.2
2.46
1.27
1.34
3.04
2.69
2.24
1.45
1.33
1.34
1.77
1.59
4.08
1.14
1.12
4.42
4.05
1.4
0.74
1.18
3.55
3.61
4.48
1.83
1.72
3.59
1.83
2.83
3.94
8.89
10.17
6.15
7.53
3.96
1.47
1.82
1.84
1.72
1.53
1.14
1.78
2.64
1.95
6.68
4.71
1.59
3
2.84
3.4
1.95
1.53
1.28
1.66
1.3
2.56
2.48
3.24
5.49
2.7
3.43
4.57
3.7
2.4
3.74
4.08
3.21
1.39
2.2
6.23
6.78
3.55
3.57
2.96
3.86
2.8
3.86
3.33
3.31
6.85
2.84
2.44
1.9
2.36
3.02
3.86
4.16
3.07
2.92
2.72
4.14
5.11
3.74
3.58
3.12
2.86
3.8
5.33
1.96
3.65
2.74
3.35
3.61
2.81
2.69
2.95
2.93
3.43
4.08
2.07
2.02
2.37
2.58
1.56
-99
2.33
2.39
2.58
2.43
3.58
2.89
2.75
3.1
4.14
2.62
3.61
3.77
2.51
3.35
2.79
2.5
4.68
3.01
4.74
2.95
2.56
3.83
3.91
4.56
3.99
3.26
4.5
2.89
4.63
5.56
4.26
2.8
3.46
2.69
2.32
2.06
2.17
2.55
2.7
3.59
5.06
3.52
3.28
3.38
3.16
2.63
4.25
-99
-99
-99
-99
-99
-99
-99
-99
-99
-99
4.69
4.9
2.47
4.29
5.79
4.41
2.24
5.75
5.98
4.03
2.99
2.5
2.76
3.14
3.2
-99
-99
-99
2.2
2.23
3.54
3.19
2.51
2.74
3.59
4
2.69
2.68
3.48
2.83
2.29
2.32
2.21
2.42
2.72
3.69
2.33
1.88
1.79
2.65
3.21
3.48
4.29
2.96
2.28
2.52
3.64
3.17
2.66
3.87
3.96
2.9
2.71
4.41
3.97
2.37
1.52
3.25
3.16
2.45
1.92
1.67
2.66
3.1
2.98
2.44
2.65
2.06
2.49
2.08
2.05
1.93
3.2
2.53
3.16
4.24
1.71
1.51
2.48
2.59
2.48
3.43
1.68
2.84
3.37
3.07
3.81
6.74
2.52
1.61
1.68
3.09
2.38
1.48
1.74
3.27
2.37
2.02
2.13
2.52
2.66
2.71
1.19
1.14
1.57
3.58
4.48
2.95
4.57
3.49
1.5
1.55
1.78
0.52
1.16
1.33
4.18
1.96
1.19
3.45
2.9
2.41
5.29
4.05
2.71
2.04
1.4
1.05
2.19
2.33
1.69
1.45
1.95
4.1
2.29
1.51
2.44
2.05
1.55
4.01
3.26
1.68
2.6
1.95
1.39
2.83
2.33
2.02
1.84
2.1
1.34
1.68
2.06
3.1
1.53
1.79
1.22
1.01
0.83
0.95
1.18
4.97
1.5
1.08
0.95
1.28
1.92
1.59
4.06
1.81
2.86
1.6
1.9
3.53
3.58
4.86
5.16
2.47
1.44
2.28
1.88
2.64
1.37
3.07
3
4.09
2.5
1.04
1.42
1.95
1.15
1.19
2.15
1.34
2.12
1.45
3.05
2.49
1.31
1.12
1.16
1.94
2.76
2.25
3.09
4.4
5.04
4.53
5.14
4.87
2.02
1.14
1.13
1.95
1.5
2.72
3.82
5.1
1.94
0.95
0.9
2.79
1.78
1.82
1.26
2.73
2.69
2.63
2.25
1.55
1.14
1.67
2.34
5.78
2.91
3.15
5.01
2.6
3.93
2.85
2.56
1.72
1.89
2.31
4.23
2.3
2.55
1.7
2.5
5.13
2.64
2.86
2.26
3.66
2.25
1.71
2.04
2.04
2.48
2.32
3.4
3.82
2.14
2.9
2.79
6.11
5.7
2.66
2.43
4.4
2.69
2.28
3.43
2.79
6.49
7.33
3.71
5.78
6.58
4.16
2.87
3.94
2.35
3.76
3.55
3.01
3.93
5.05
6.39
3.5
3.85
1.84
3.75
3.43
2.45
2.36
3.97
2.91
2.47
2.28
2.14
2.27
4.02
4.45
3.08
2.58
1.92
2.06
2.25
2.32
2.61
1.79
2.05
1.91
1.99
2.88
2.49
2.34
2.62
1.9
2.16
2
1.81
2.05
2.11
2.36
2.7
2.44
1.98
3.96
2.53
3.48
4.04
3.18
3.76
2.91
4.17
1.85
3.43
2.96
2.57
2.48
2.45
3.1
4.62
5.14
2.9
2.13
2.78
1.94
1.92
2.37
1.8
3.71
2.58
3.8
2.66
2.24
2.52
2.92
2.83
2.97
3.68
2.27
3.55
2.65
3.28
2.44
2.34
2.48
2.48
2.77
2.36
4.16
2.49
2.07
3.68
5.2
2.99
2.31
2.88
2.32
1.94
2.44
3.09
2.9
2.5
1.88
2.07
2.36
3.58
2.44
2.33
2.52
2.44
2.79
2.73
1.74
1.86
3.2
2.25
3.61
3.22
3.18
2.94
1.27
2.27
3.48
2.31
2.48
2.16
2.3
2.53
3.29
3.21
2.38
2.49
3.48
3.11
3.9
3.64
2.65
2.19
3.26
3.06
2.59
2.16
2.81
2.68
3.37
3.32
2.53
2.13
1.7
4.22
2.76
2.68
4.41
2.22
1.75
3.31
3.15
3.17
1.61
3.3
2.83
1.84
2.59
2.52
1.28
1.3
1.56
3.65
2.19
2.41
1.85
1.64
2.78
1.92
1.62
1.35
1.11
1.89
1.77
0.96
1.14
1.62
3.37
1.83
3.75
2.8
1.68
1.38
1.88
1.71
1.39
1.09
1.67
2.07
1.06
0.95
1.39
2.75
1.13
1.11
0.84
1.48
1.79
1.56
5.05
4.73
2.46
4.01
3.35
4.42
3.02
3.16
2.78
1.75
1.32
1.95
1.63
0.86
1.51
1.73
1.53
1.09
1.06
1.69
1.38
1.55
1.11
0.53
0.96
0.73
1.73
1.04
0.94
0.97
1.33
1.29
1.73
1.05
0.69
0.83
1.65
1.97
1.29
0.64
0.74
0.71
0.37
0.63
1.26
1.56
1.2
0.9
1.26
1.97
1.74
0.85
1.65
2.78
4.39
3.4
2.02
2.92
1.32
1.19
1.75
1.59
0.9
0.98
1.02
1.11
1.06
1.66
1.17
3.39
1.41
1.3
1.21
1.13
1.35
2.47
1.74
5.56
2.87
1.68
1.44
1.41
0.85
1.32
3
1.43
2.12
3.43
1.38
1.79
8.02
4.19
1.49
1.39
2.28
1.15
1.11
1.2
5.41
3.26
2.18
2.02
2.24
2.69
5.33
7.91
4.08
5.41
3.96
1.98
1.39
3.01
2.21
2.77
2.57
1.31
2.06
2.64
3.84
1.7
1.75
2.44
1.96
3.49
2.76
3.6
2.78
2.47
2.4
1.95
2.23
3.12
2.71
2.14
2.92
2.67
3.32
2.51
3
3.07
4.69
1.74
1.68
1.82
2.46
2.63
3.06
5.04
2.66
2.63
2.56
1.41
2.6
3.04
2.08
2.25
4.83
2.68
2.63
2.39
2
1.88
2.29
1.67
2.71
1.83
1.66
1.78
2.33
2.35
4.01
2.12
3.46
3.56
2.83
3.63
3.31
4.33
3.13
3.3
2.02
2.51
2.54
3.61
2.64
2.6
2.21
1.89
3.15
3.91
4.06
4.34
2.44
3.57
4.45
2.71
5.39
2.99
4.11
2.77
4.95
2.65
3.49
3.15
3.08
2.29
3.29
3.45
2.87
3.55
5.35
3.51
4.97
4.74
3.63
2
1.79
2.28
3.31
4.02
4.19
4.3
4.27
2.96
3.47
2.5
2.89
3.35
3.18
2.42
3.41
4.25
3.8
1.8
2.04
1.67
2.63
2.34
4.18
2.26
3.58
3.26
4.04
2.75
3.11
2.24
1.37
4.06
3.16
3.25
3.08
2.36
1.95
2.18
3.23
2.56
2.93
3.02
3.4
3.38
2.63
2.63
3.06
3.35
2.57
2.6
2.48
3.52
2.5
2.5
3.38
3.8
2.1
2.18
2.47
4.91
4.34
3.37
1.7
2.14
2.55
1.8
2.16
2.94
3.49
2.71
2.8
2.61
2.34
1.56
2.28
2.33
1.93
1.93
2.83
1.54
1.84
-99
-99
1.73
-99
4.34
1.9
1.44
1.9
2.28
1.46
1.53
2.06
2.05
2.09
1.81
3.16
-99
2.81
1.13
1.81
1.72
3.01
2.97
2.65
2.14
1.86
1.51
1.89
2.54
3.1
3.04
1.44
0.75
1.03
1.75
1.98
1.28
1.77
2.01
1.99
4.25
3.75
0.93
0.56
0.84
1.07
3.54
1.31
1.71
3.41
3.06
2.61
3.55
1.11
1.1
1.28
1.31
1.77
1.01
2.05
1.56
0.88
0.54
2.86
2.81
1.74
1.17
6.96
5.51
5.82
2.79
2.54
1.6
2.67
2.07
1.28
1.07
1.43
0.96
2.07
2.34
2.63
1.29
1.82
1.58
1.44
2.57
0.69
1.49
3.27
4.58
1.81
6.13
3.77
3.1
6.33
2.84
1.49
0.57
1.57
3.39
1.81
1.06
0.92
2.26
1.64
0.81
0.35
0.83
1.67
1.05
1.28
0.68
0.92
1.03
1.75
1.11
2.1
7.28
1.74
1.42
5.61
1.41
1.04
2.44
2.73
2.74
4.52
2.05
1.54
1.3
2.64
2.81
2.2
1.14
0.74
0.65
0.93
1.2
1.05
1.98
1.43
2.94
2.22
4.1
4.16
2.58
2.76
2.87
5.08
6
6.12
7.42
3.92
3.34
3.88
7.63
5.58
1.63
1.36
1.62
1.26
1.93
1.17
1.23
1.82
1.14
1.88
2.59
2.38
1.9
3.81
2.48
1.59
1.86
2.15
4.16
6.45
3.73
1.83
0.89
1.42
2.85
5.4
2.77
3.68
3.03
1.49
1.33
1.32
1.16
1.65
0.73
1.66
1.47
2.5
2.93
0.69
1.74
1.37
1.78
1.35
3.14
1.88
2.23
2.4
2.78
2.37
2.12
1.09
2.11
1.72
1.58
6.73
5.54
3.47
1.8
2.94
3.98
2.07
3.54
3.77
2.34
1.61
3.76
4.1
2.05
3.24
1.1
1.15
3.51
1.99
1.4
1.64
1.3
1.64
2.1
1.84
3.24
3.98
1.67
2.35
2.38
1.65
2.54
2.45
1.57
2.41
3.51
1.66
2.74
1.95
1.49
1.69
3.73
2.62
2.29
3.28
2.52
1.74
1.98
4.61
2.34
1.45
1.68
3.05
2.71
3.15
2.76
1.45
1.82
1.81
2.01
1.16
2.23
2.95
3.33
1.94
1.69
2.56
2.38
2.5
2.88
3.56
2.41
1.99
1.33
2.13
1.48
2.23
3.09
1.69
1.04
1.73
2.62
2.86
2.43
2.16
2.02
2.16
2.73
2.8
2.09
3.95
1.55
2.16
1.78
2.26
2.79
2.01
2.5
2.56
1.59
1.71
3.23
1.53
1.73
3.37
2.65
2.39
2.75
1.33
1.92
1.73
1.66
2.4
2.11
2.54
2.16
2.3
2.5
1.36
1.73
2.46
2.33
2.18
1.96
2.06
1.18
1.17
0.86
1.6
2.42
1.98
1.7
1.43
0.99
1
2.13
2.05
1.47
1.43
1.78
2.24
1.77
2.12
1.51
1.4
1.5
1.9
2.87
2.12
2.4
1.13
2.43
1.23
1.53
1.27
1.84
1.23
1.59
2.01
2.07
6.74
3.08
2.46
1.77
1.05
2.23
1.44
0.92
0.81
1.22
2.25
1.53
2.72
2.62
1.67
1.86
1.48
1.85
0.99
1.75
1.08
2.4
1.56
2.25
1.03
3.94
5.67
1.18
2.09
2.81
2.33
1.2
1.28
2.16
1.23
0.8
0.51
1.72
0.89
1.35
3.08
1.92
2.08
1.02
4.62
-99
-99
-99
-99
-99
-99
-99
-99
-99
-99
-99
-99
-99
-99
-99
-99
-99
-99
-99
-99
-99
-99
-99
-99
-99
-99
-99
-99
-99
-99
-99
-99
-99
-99
-99
-99
-99
-99
-99
-99
-99
2.77
3.01
0.92
0.85
2.1
1.18
1.38
0.75
0.78
0.22
1.77
3.05
0.34
0.73
0.57
1.39
0.22
2.01
4.9
2.63
1.7
0.32
0.42
0.59
3.26
2.79
4.99
3.56
2.12
7.65
4.25
1.82
1.11
0.4
0.46
0.82
3.87
6.46
1.65
1.96
4.02
5.85
3.79
1.52
4.71
6.7
4.7
3.86
4.18
2.58
2.36
2.7
2.08
1.54
4.73
5.89
4.99
1.81
0.81
0.86
0.86
0.83
0.62
0.43
0.62
1.06
1.19
0.92
0.43
1.09
0.96
0.68
0.73
1.37
1.81
1.95
1.8
2.93
6.34
1.97
4.83
4.65
1.47
3.44
3.93
5.71
9.48
5.2
3.84
3.53
1.75
2.49
3.14
6.34
4.95
3.23
2.06
2.48
2.19
3.94
3.02
1.5
1.74
2.32
2.45
3.13
1.83
2.12
4.49
10.25
9.3
4.11
3.54
3.34
2.5
3.63
6.03
4.54
1.71
3.45
4.42
2.86
1.63
3.16
6.86
5.95
1.56
3.22
3.23
3.77
3.53
4.95
2.7
3.37
4.8
3.85
4.56
7.46
5.81
4.99
2.89
4.77
2.51
3.49
3.65
5.43
3.77
3.22
4.16
2.77
2.33
3.19
5.91
6.72
7.97
6.98
5.46
2.09
2.67
2.45
3.16
4.86
3.51
2.8
2.34
2.43
2.57
2.01
3.16
2.92
2.76
3.48
2.85
2.59
2.79
2.68
2.36
2.78
2.05
3.27
4.38
4.75
4.18
3.61
2.72
3.23
3.53
3.35
3.5
3.42
2.7
2.59
3.96
4.22
1.94
3.34
3.31
2.53
5.97
5.72
3.41
4.6
2.97
3.69
3.71
2.77
3.67
3.44
4
3
3.86
4.81
3.23
5.79
4.88
4.14
4.27
6.84
3.04
4.32
3.75
4.7
2.33
2.84
2.79
3.63
4.2
2.62
2.69
3.24
4.94
2.54
1.78
3.59
4.05
4.07
3.61
3.62
2.84
1.66
2.77
3.07
3.41
2.08
4.53
3.12
3.67
4.04
4.18
3.11
2.7
2.75
3.74
2.93
3.04
4.23
3.49
2
3.48
2.37
3.92
3.32
4.02
5.14
3.21
2.7
5.08
1.79
3.02
3.78
3.35
3.83
4.64
4.37
3.81
2.19
3.54
5.32
5.88
3.84
4.33
5.11
2.64
2.82
3.84
2.88
4.18
3.57
1.77
1.75
1.86
1.86
3.04
3.52
2.89
5.37
4.21
4.27
2.18
2.07
2.09
1.49
2.37
2.19
2.33
2.5
3.53
2.44
3.46
4.66
1.91
4.3
3.1
1.94
3.01
3.84
3.74
4.92
2.63
4.6
2.53
2.87
2.24
1.38
1.83
1.27
2.48
4.6
3.22
3.15
3.44
1.32
2.3
2.29
1.53
1.3
1.26
2.06
3.18
3.41
1.94
4.73
7.02
3.13
2.06
4.74
6.26
3.85
2.39
1.71
1.14
4.08
2.68
0.95
1.08
1.54
2.09
1.66
2.18
1.55
2.02
4.08
2.66
5.43
1.66
0.93
0.54
3.6
2.09
2.08
1.69
1.97
1.31
1.38
1.2
0.93
1.14
1.46
1.78
6.23
8.5
8.07
8.14
2.07
2.45
1.62
1.18
2.76
6.8
5.11
6.24
6.7
2.74
1.63
1.13
1.03
0.51
0.43
0.44
0.89
0.44
0.8
0.86
1.43
0.8
0.83
0.6
1.68
1.21
0.57
1.08
4.61
5.97
3.95
4.59
3.02
1.4
3.41
5.39
4.58
3.29
1.33
2.61
3.64
1.4
2.47
2.93
1.69
0.65
1
1.07
1.63
1.73
1.75
0.73
0.96
3.86
8.82
7.39
2.97
4.03
3.69
2.66
4.2
5.9
3.4
2.53
1.01
1.77
1.07
1.62
2.75
3.72
2.02
0.52
2.97
3.23
6.54
3.76
2.58
3.13
2.41
1.67
1.63
0.9
1.48
2.39
1.83
1.15
1.19
1.27
1.54
1.24
2.28
1.34
2.33
1.45
2.66
2.01
4
1.95
3.07
5.01
2.88
4.1
1.89
2.18
1.48
1.37
2.96
3.2
6.18
7.18
6.47
3.53
2.69
2.24
1.96
4.8
6.99
5.13
3.33
4.32
5.51
3.54
2.42
1.45
2.33
2.72
2.4
2.2
1.61
1.76
3.07
4.05
1.87
2.28
2.76
4.17
3.63
1.8
2.48
1.48
1.03
1.19
2.18
2.11
3.07
1.66
2.89
3.82
3.74
1.22
2.67
2.64
2.23
3.03
1.4
2.14
2.63
3.2
3.13
2.79
2.33
1.41
1.79
1.8
1.75
2.73
1.93
2.18
2.01
2.63
1.95
3.65
2.95
3.07
2.29
2.95
1.2
2.39
1.79
1.78
1.88
2.34
1.56
1.85
1.44
1.75
2.9
3.16
1.53
2.76
2.69
1.97
3.26
1.59
3.04
3.47
2.91
3.61
3.28
3.27
3.28
1.76
1.78
1.66
2.53
3.96
3.9
1.26
1.69
3.97
3.26
2.07
2.1
2.41
2.1
1.74
2.27
1.9
3.73
2.41
1.3
2.58
2.79
1.34
2.41
1.86
1.73
1.58
1.58
2.02
3.94
3.97
2.53
1.99
1.39
1.88
1.71
2.39
3.46
3.33
2.19
2.55
5.74
2.98
3.32
3.28
1.73
1.19
2.14
1.55
2.53
2.32
1.7
3.63
2.69
2.19
1.89
1.72
1.97
1.67
1.55
1.26
0.94
2.76
2
2.12
1.73
0.93
1.07
1.39
3.5
3.7
2.56
1.21
0.88
1.52
2.49
0.92
2.12
1.54
0.89
1.46
2.33
2.45
1.77
4
2.78
2.47
1.28
1.49
1.98
1.67
1.55
3.19
3.04
2.43
1.36
1.05
0.64
0.33
0.16
0.52
1.03
0.6
0.85
0.64
1.07
0.69
0.53
2.08
2.54
2.78
2.9
2.51
1.6
0.75
0.5
0.99
2.6
2.21
0.93
0.61
2.13
2.81
2.12
0.45
0.59
1.07
2.98
0.64
1.71
3.36
0.83
0.81
1.1
0.73
1.17
3.05
3.86
4.42
3.96
4.41
1.31
3.36
1.64
1.03
1.7
2.3
0.46
4.23
4.02
1.64
2.26
1.37
1.52
1.36
1.06
0.65
0.58
0.92
0.9
2.67
1.3
0.33
0.13
0.58
0.07
0
0
0.2
0.39
1.01
1.07
1.19
1.09
0.83
6.39
5.15
3.37
1.14
0.73
2.42
3.48
3.06
0.55
0.92
1.49
0.99
0.45
0.72
0.45
0.52
1.12
2.86
2.29
0.92
0.81
1.2
2.43
1.23
1.98
0.76
1.94
2.1
1.36
1.6
1.49
1.37
1.75
0.98
1
1.78
1.36
0.5
0.86
1.12
0.75
0.97
1.45
1.39
0.74
0.43
3.28
3.29
2.78
4.43
2.28
1.1
1.09
2.7
2.29
1.73
4.65
4.05
3.46
1.76
3.53
2.68
1.9
5.11
7.58
5.14
6.4
5.56
5.76
7.7
5.79
3.58
1.26
0.94
1.88
2.98
2.76
2.4
2.01
1.14
4.19
2.01
2.65
1.74
1.63
1.32
3.83
1.25
1.34
1.55
2.09
3.16
1.86
4.54
2.99
2.94
2.58
2.02
3.61
5.43
3.51
2.15
2.68
2.74
2.14
1.74
1.64
3.86
1.51
2.5
3.82
3.46
1.31
1.66
2.49
2.85
2.73
4.11
3.91
2.88
2.83
3.99
2.19
1.89
2.11
1.7
3.58
3.5
2.22
2.72
3.73
3.34
3.24
3.54
2.91
2.23
2.32
2.19
3.99
2.62
2.85
3.39
3.93
2.9
1.86
-99
-99
-99
-99
-99
-99
-99
-99
-99
-99
-99
-99
-99
-99
-99
-99
-99
-99
-99
-99
-99
-99
-99
-99
-99
-99
-99
-99
-99
-99
-99
-99
-99
-99
-99
-99
-99
-99
-99
-99
-99
-99
-99
-99
-99
-99
-99
-99
-99
-99
-99
-99
-99
-99
-99
-99
-99
-99
-99
-99
-99
-99
-99
-99
-99
-99
-99
-99
-99
-99
-99
-99
-99
-99
-99
-99
-99
-99
-99
-99
-99
-99
-99
-99
-99
-99
-99
-99
-99
-99
-99
-99
-99
-99
-99
-99
-99
-99
-99
-99
-99
-99
-99
-99
-99
-99
-99
-99
-99
-99
-99
-99
-99
-99
-99
-99
-99
-99
-99
-99
-99
-99
-99
-99
-99
-99
-99
-99
-99
-99
-99
-99
-99
-99
-99
-99
-99
-99
-99
-99
-99
-99
-99
-99
-99
-99
-99
-99
-99
-99
-99
-99
-99
-99
-99
-99
-99
-99
-99
-99
-99
-99
-99
-99
-99
-99
-99
-99
-99
-99
-99
-99
-99
-99
-99
-99
-99
-99
-99
-99
-99
-99
-99
-99
-99
-99
-99
-99
-99
-99
-99
-99
-99
-99
-99
-99
-99
-99
-99
-99
-99
-99
-99
-99
-99
-99
-99
-99
-99
-99
-99
-99
-99
-99
-99
-99
-99
-99
-99
-99
-99
-99
-99
-99
-99
-99
-99
-99
-99
-99
-99
-99
-99
-99
-99
-99
-99
-99
-99
-99
-99
-99
-99
-99
-99
-99
-99
-99
-99
-99
-99
-99
-99
-99
-99
-99
-99
-99
-99
-99
-99
-99
-99
-99
-99
-99
-99
-99
-99
-99
-99
-99
-99
-99
-99
-99
-99
-99
-99
-99
-99
-99
-99
-99
-99
-99
-99
-99
-99
-99
-99
-99
-99
-99
-99
-99
-99
-99
-99
-99
-99
-99
-99
-99
-99
-99
-99
-99
-99
-99
-99
-99
-99
-99
-99
-99
-99
-99
-99
-99
-99
-99
-99
-99
-99
-99
-99
-99
-99
-99
-99
-99
-99
-99
-99
-99
-99
-99
-99
-99
-99
-99
-99
-99
-99
-99
-99
-99
-99
-99
-99
-99
-99
-99
-99
-99
-99
-99
-99
-99
-99
-99
-99
-99
-99
-99
-99
-99
-99
-99
-99
-99
-99
-99
-99
-99
-99
-99
-99
-99
-99
-99
-99
-99
-99
-99
-99
-99
-99
-99
-99
-99
-99
-99
-99
-99
-99
-99
-99
-99
-99
-99
4.46
1.81
5.25
1.91
2.25
2.99
2.35
4.35
4.35
2.38
2.39
3.71
3.64
3.44
2.26
2.26
2.88
2.63
2.99
1.84
2.83
2.46
3.6
1.87
2.55
2
2.03
1.72
2.2
2.41
3.48
2.74
2.52
2.17
2.7
1.8
2.04
3.4
1.77
1.66
1.65
2.17
1.98
1.89
2.71
3.43
2.45
1.55
3.03
3.65
4.94
2.16
2.57
1.53
1.69
1.35
1.38
2.89
2.63
3.67
2.48
1.68
1.68
2.31
2.41
2.44
1.88
2.3
2.19
1.62
2.25
1.99
2.07
1.5
1.66
1.66
2.18
1.5
2.84
1.73
1.85
2.11
1.3
1.2
1.4
3.74
4.51
4.68
1.77
1.83
1.82
2.82
1.48
2.76
1.48
1.5
1.29
1.52
1.66
2.47
2.71
1.58
1.47
1.67
1.64
1.38
1.11
1.07
1.6
1.97
1.23
1.61
1.12
1.7
1.08
2.25
1.88
1.34
1
1.34
3.12
2.75
2.05
0.97
1.08
0.91
1.27
1.6
1.19
1
1.8
1.37
0.93
0.95
1.27
4.39
3.24
2.24
1.15
0.95
0.58
2.02
1.12
1.49
1.52
1.84
1.6
1.6
1.45
0.8
0.73
0.9
0.99
0.93
4.76
2.39
1.53
1.13
3.93
4.57
3.86
6.23
3.05
1.33
0.83
1.11
0.98
1.5
1.42
2.92
1.79
4.15
4.5
1.49
1.25
0.84
0.75
0.95
0.86
0.68
0.69
0.93
1.14
-99
-99
-99
-99
-99
-99
-99
-99
-99
-99
-99
-99
-99
-99
-99
-99
-99
-99
-99
-99
-99
-99
-99
-99
-99
-99
-99
-99
-99
-99
-99
-99
-99
-99
-99
-99
-99
-99
-99
-99
-99
-99
-99
-99
-99
-99
-99
-99
-99
-99
-99
-99
-99
-99
-99
-99
-99
-99
-99
-99
-99
-99
-99
-99
-99
-99
-99
-99
-99
-99
-99
-99
-99
-99
-99
-99
-99
-99
-99
-99
-99
-99
-99
-99
-99
-99
-99
-99
-99
4
6
2.99
-99
2.95
3.1
1.93
2.33
2.67
1.69
1.56
1.83
3.33
2.69
2.17
3.97
1.65
3.08
2.41
4.11
3.3
1.55
4.63
4.13
2.54
2.46
1.11
1.85
3.1
2.47
2.84
3.11
3.03
3.05
2.55
2.13
1.66
2.21
2.41
2.21
3.59
4.06
2.31
1.31
2.06
1.86
1.08
1.32
1.67
1.8
2.35
3.23
1.97
1.48
1.72
2.41
1.92
1.21
1.57
2.08
1.84
1.69
1.87
1.68
1.21
1.99
1.8
2.62
2.41
-99
1.79
1.96
1.4
1.53
2.57
2.4
-99
1.48
1.37
2.8
-99
-99
-99
-99
-99
-99
-99
-99
-99
-99
-99
-99
-99
-99
2.34
3.37
1.84
1.63
1.78
2.57
2.43
2.7
2.37
1.94
2.03
2.77
1.92
1.71
1.85
1.35
1.47
2.33
2.18
2.25
1.76
2.15
2.28
1.54
1.76
2.22
2.51
2.34
2.95
2.41
2.5
1.73
2.15
2
2.34
2.25
1.48
3
1.69
2.34
2.3
1.89
2.66
2.23
4.19
1.22
1.8
2.55
2.08
2.38
2.64
1.95
1.9
1.63
2
2.36
1.85
1.65
2.06
2.68
1.46
1.93
2.42
1.97
1.44
1.49
1.63
1.53
2.8
1.71
1.22
1.51
3.6
3.4
2.7
1.95
1.54
3.34
2.51
1.82
1.74
1.94
1.41
1.48
1.32
1.59
1.69
1.52
1.02
1.23
1.66
1.5
1.91
4.08
1.95
1
1.07
1.01
1.85
1.03
1.17
1.99
2.87
1.33
0.88
0.94
1.16
1.02
0.95
1.2
1.06
1.77
2.5
1.87
1.17
1.41
1.04
0.83
1.91
2.64
1.75
1.98
1.77
2.51
1.39
1.67
1.48
2.25
0.95
0.86
0.53
0.55
0.73
2.12
2.58
2.26
1.18
0.93
0.91
1.08
0.95
1.08
1.04
4.38
2.63
4.39
2.09
2.03
1.13
2.67
2.19
1.9
2.85
2.09
1.38
0.72
2.73
1.44
1.26
0.79
1.44
3.3
3.21
1.99
1.42
2.65
2.04
1.38
1.01
2.65
2.17
0.98
0.74
1.03
0.73
0.46
0.89
0.76
1
3.23
1.94
1.06
1.68
0.64
0.74
1.06
1.57
1.05
1.72
2.1
1.08
1.15
1.05
1
0.97
0.78
1.08
0.87
0.72
1.13
1.14
1.01
3.26
3.3
0.99
2.12
8.04
2.28
5.63
4.37
2.78
0.92
1.39
1.57
1.9
1.65
2.74
1.24
1.73
2.11
5.83
4.97
3.4
5.26
4.68
2.23
1.94
1.5
1.74
1.3
1.78
2.21
1.54
1.46
1.45
2.58
2.95
1.44
1.26
1.05
0.9
1.3
1.31
1.23
1.38
2.76
6.13
6.38
4.39
2.78
2.5
1.68
1.78
1.3
1.08
0.97
1.71
2.03
1.18
1.36
1.02
1.98
1.57
1.85
1.85
3.58
1.98
1.52
1.29
2.33
2.5
2.16
1.69
2.05
1.58
1.05
1.2
1.93
2.18
1.81
1.91
1.5
2.55
2.01
2.09
2.35
1.55
1.55
1.28
2.17
1.22
1.8
2.62
2.8
2.56
1.59
1.38
1.59
2.7
3.11
3.18
3.42
1.5
2.4
2.19
1.39
2.49
2.17
1.94
2.06
3.14
2.54
1.54
1.34
1.45
1.54
2.7
3.18
1.96
1.99
1.73
1.68
2.45
1.94
2.08
2.15
2.4
2.53
3.56
2.37
1.7
2.23
2.66
2.11
1.74
1.89
2
1.73
2.56
2.44
2.52
1.87
2.3
1.93
1.99
2.17
2.2
3.59
1.73
1.91
1.94
1.98
1.71
3.04
2.44
2.02
2.43
2.26
2.38
1.81
2.17
1.78
1.88
1.72
1.93
1.65
1.94
1.88
1.64
2.71
1.81
2.37
2.04
2.15
2.33
2.23
3.4
2.15
1.98
2.95
4.96
2.49
2.26
2.71
3.16
3.16
2.48
2.46
2.79
3.21
2.39
2.19
1.8
2.2
2.52
2.72
2.3
2.2
2.09
2.62
2.42
2.41
1.67
1.56
2.13
2.11
2.06
1.84
2.02
2.02
1.75
2.03
2.44
2.21
2.83
2.03
2.11
1.99
3.3
1.53
1.51
2.26
2.22
2.46
1.7
3.08
3.17
1.83
2.02
2.72
2.18
2.02
2.26
2.18
2.11
1.72
2.2
2.08
2.33
2.08
1.59
1.83
1.34
1.5
2.82
1.94
1.78
1.4
1.4
1.55
1.56
1.72
1.32
1.13
1.24
1.32
1.39
2.44
1.51
1.03
1.39
2.05
1.77
1.4
1.66
2.52
1.9
2.54
1.96
1.64
2.72
2.34
1.45
1.7
1.33
4.43
2.2
3.94
3.18
1.94
1.06
1.33
0.78
1.01
0.88
0.82
0.85
1.03
4.91
4.58
4.12
4.27
3.26
3.82
4.77
3.83
1.71
2.3
0.98
1
1.24
0.97
1.03
1.01
0.93
1.07
1.13
2.04
2.23
1.54
1.32
1.18
1.04
2.03
1.57
1.58
5.18
3.91
1.39
2.86
5.16
1.69
1.27
1.09
1.88
0.77
0.85
0.6
0.61
2.17
2.09
2.89
1.12
2.1
2.76
2.31
1.77
2.78
1.22
2.37
2.95
2.85
2.59
2.66
1.12
1.29
1.4
2.15
3.97
2.57
0.96
1.69
2.21
3.1
1.96
3.09
4.45
2.59
1.72
1.49
2.89
5.55
3.2
1
0.9
1.14
1.14
3.65
1.77
1.08
1.25
1.15
2.18
1.25
1.65
2.73
4.14
5.03
2.7
2.55
1.09
0.97
1.46
2.53
4.6
2.28
1.04
3.77
4.41
5.38
3.56
1.68
2.2
1.13
1.51
1.5
1.72
3.27
3.41
2.29
1.43
1.3
2.76
1.4
3.1
2.43
3.26
2.42
2.15
2.15
3.05
1.89
1.5
1.25
2.67
3.03
2.83
2.35
1.81
1.84
2.09
2.13
1.68
2.47
1.64
1.59
1.38
1.04
1.35
1.92
3.41
2.88
2.67
3.81
1.78
1.85
4.11
2.75
2.58
1.67
1.71
4.25
1.57
1.96
1.57
2.29
1.68
1.21
1.98
2.25
1.51
1.39
1.52
1.29
1.95
1.73
1.5
1.79
2.24
1.88
1.66
1.12
1.46
1.53
1.71
2.87
3.34
2.14
1.78
2.61
2.15
3.54
3.77
2.96
2.38
1.78
2.6
1.46
2.21
1.97
2.83
2.21
5.21
3
2.24
1.56
2.45
2.4
1.68
2.32
2.72
3.32
3.21
1.49
3.08
1.82
2.13
3.21
3.88
2.68
2.21
1.62
1.76
2.84
2.37
2.48
3.2
2
1.6
1.65
1.28
1.33
2.03
2.3
2.31
2.33
1.97
3.75
4.9
2.7
2.55
2.06
1.93
2.27
1.6
1.86
1.46
1.42
1.54
1.82
2.52
1.87
1.69
1.71
1.96
1.76
2.25
2.5
1.73
2.24
2.77
2.37
2.07
2.41
1.95
2.27
2.03
1.85
2.95
2.98
1.87
2.91
1.84
2.05
2.13
1.85
1.94
2.39
2.16
2.57
3.17
2.18
2.05
1.91
2.75
1.7
1.96
1.93
1.34
1.98
2.01
2.08
2.78
2.38
1.99
2.12
2.11
2.4
1.4
1.23
1.76
2.81
1.25
2.22
1.93
2.32
2.19
3.04
1.79
2.16
2.78
3.12
1.34
1.34
1.3
1.78
2.51
2.13
2.93
2.52
1.53
1.97
1.66
1.88
1.71
1.18
0.93
1.14
2.28
1.71
2.26
1.25
2.13
1.61
3.95
3.28
2.34
1.49
1.6
1.28
1.38
1.35
2.67
2.68
3.67
1.58
1.45
2.03
1.31
2.39
2.07
1.49
1.72
1.7
1.98
1.63
1.88
2.59
2.95
1.95
1.15
1
1.15
1.69
1.7
4.6
2.81
1.13
0.85
2.11
1.52
2.1
2.66
2.58
1.55
1.1
0.93
0.9
3.05
2.06
2.55
3.93
2.53
2.03
0.9
0.95
4.08
3.57
1.5
2.92
1.21
1.27
2.29
3.75
2.8
1.47
2.04
2.47
1.08
2.36
1.07
1.21
2.3
1.74
3.19
1.68
2.17
0.73
1.17
1.28
2.18
1.2
0.73
0.7
1.04
1.6
2.76
2.77
3.26
1.86
1.73
0.75
2.33
1.4
2.85
5.41
3.65
2.2
1.1
0.79
1.05
1.1
0.9
0.85
1.58
1.77
0.79
0.8
0.91
1.02
1.46
1.56
1.1
3.29
1.43
1.22
0.53
0.84
0.53
0.74
0.64
0.46
1.09
3.39
2.57
1.54
1.06
1
0.92
1.39
1.71
1.98
1.05
1.81
2.66
2.77
1.9
1.25
1.05
0.72
0.95
1.05
0.85
0.85
1
1.21
1.22
2.72
1.21
1.91
1.9
2.29
1.11
2.33
3.53
5.71
2.31
2.23
1.82
2.41
5.13
2.56
2.93
2.18
1.95
1.25
1.21
1.2
1.29
3.18
1.22
1.37
2.22
2.98
2.05
2.8
2.69
2.63
3.98
3.11
2.45
2.21
2.2
2.39
2.57
1.73
1.47
1.55
2.64
2.86
2.65
2.09
1.58
1.85
2.81
1.76
1.98
1.75
1.75
1.35
1.11
1.46
3.23
2.15
3.2
1.75
1.73
2.76
2.25
2.69
2.96
2.03
2.1
2.76
1.65
1.16
1.3
1.7
2.93
2.45
2.43
2.02
2.5
2.2
1.89
2.17
2.32
2.2
2.95
3.2
1.47
1.6
2.21
2.16
1.58
2.1
2.74
2.88
1.97
2.28
2.61
1.93
1.9
1.81
1.83
1.88
2.51
1.84
1.52
2.49
1.93
2.65
1.84
3.05
2.6
2.7
1.45
1.3
1.93
3.1
2.05
2.93
2.3
1.97
2.02
2.2
1.82
2.39
2.4
2.24
1.68
3.7
2.72
2.55
2.95
2.37
2.18
2.14
2.04
2.76
2.6
2.49
3.34
1.85
1.83
2
2.68
2.48
1.9
2.14
1.85
2.38
3.11
2.03
2.03
2.51
4.13
2.45
2.05
2.71
3.25
3.34
4.89
2.77
1.89
2.18
3.09
3.18
3.79
3.3
2.58
2.36
2.4
1.88
2.45
3.49
3.14
2.12
1.81
2.49
1.75
2.61
3.25
2.23
2.16
2.65
2.18
1.8
1.86
1.95
2.35
2.87
3.15
2.03
2.21
2.88
3.14
1.58
2.1
2.37
2.68
2.53
2.16
2.51
2.4
2.05
2.19
1.62
1.17
1.89
2.32
1.57
1.55
1.61
1.83
2.89
1.72
1.95
1.69
2.53
2.24
2.23
2.26
4.54
3.42
1.7
1.64
1.7
2.05
1.78
1.46
1.27
1.31
1.67
1.12
1.38
1.53
1.09
1.23
1.23
1.18
1.58
4.12
2.86
2.67
1.14
1.13
1.08
1.81
1.52
2.12
1.6
1.44
1.35
1.72
2.15
1.44
1.36
2.44
2.51
2.32
1.65
1.85
1.53
1.63
1.14
1.02
1.33
3.05
2.2
1.63
2.11
3.47
1.87
1.65
0.99
0.99
1.13
1.85
1.16
2.48
1.75
1.43
1.01
1.48
1.48
2.24
1.17
1.41
1.71
0.67
0.8
1.03
0.71
0.75
0.6
0.71
0.74
1.22
1.6
2.18
3.08
3.43
2.56
1.07
0.56
1.12
0.93
1.74
1.72
2.17
2.58
3.7
5.5
3.44
2.45
2.95
3.77
3.32
0.85
1.21
1.18
0.91
1.06
1.07
1.3
3.59
2.75
1.22
3.79
2.1
3.49
4.89
5.7
1.96
1.31
1.05
0.8
0.62
0.69
1.24
1.29
0.66
1.39
1.78
1.11
0.7
0.87
1.46
2.12
1.11
1.16
0.93
0.83
1.23
2.87
2.95
2.4
2.11
1.41
2.77
3.5
4.8
2.24
4.03
5.1
2.67
2.36
2.97
3.25
2.97
3.1
1.79
3.26
3.03
1.58
1.27
1.76
2.59
1.59
1.41
1.11
1.16
1.22
2.71
1.94
1.17
1.23
1.26
2.9
2.14
2.8
3.7
2.87
1.93
2.98
2.19
1.97
2.83
1.58
1.37
1.55
2.15
2.64
1.49
3.32
2.25
1.95
3.25
1.83
1.19
1.49
1.2
1.6
1.28
1.18
1.24
2.13
1.72
2.01
2.08
1.52
1.68
1.45
1.77
2.67
3.39
1.86
2.53
2.99
1.73
3.41
2.59
4.09
4.25
2.93
4.32
3.47
3.37
2.64
2.99
2.7
5.09
3.55
2.46
1.99
2.55
2.29
2.71
1.31
1.92
2.05
1.73
2.02
2.53
1.9
1.08
1.98
2.45
1.88
1.55
2.83
2.75
3.27
2.8
3.78
2.51
2.96
3.24
6.15
4.29
2.09
2.13
2.9
1.85
1.93
1.9
2.1
2.35
2.37
2.32
2.79
2.6
2.58
2.13
1.63
2.18
3.33
1.99
2.51
3.05
4.64
2.99
3.53
2.91
2.63
3.18
2.51
1.69
1.54
1.85
2.87
2.5
1.67
2.15
2.22
3.03
2.32
1.81
2.23
2.71
2.04
2.45
3.13
1.88
2.37
3.4
2.56
2.54
1.97
2.43
2.46
1.95
2.76
2.77
1.86
1.64
1.72
2.63
2.1
2.57
2.12
3.31
2.98
2.51
2.33
1.88
1.93
2.58
2.45
2.52
1.63
1.48
2.5
2.24
2.42
2.31
2.38
2.25
1.94
1.61
2.33
2.43
1.99
2.8
2.04
1.85
2.6
2.32
2.22
2.06
2.3
2.47
2.62
1.7
2.8
2.7
3.33
2.31
2.36
2.45
2.58
1.89
2.02
2.11
2.08
1.78
1.74
2
2.23
1.93
2.5
1.49
3.88
3.57
2.98
1.79
1.78
1.54
1.16
2.69
2.39
3.09
2.53
3.18
3.1
1.76
1.64
1.04
1.44
2.32
2.13
1.86
0.98
1.33
1.15
1.47
1.22
1.45
0.88
2.12
1.33
1.52
2.44
1.53
1.59
2.62
1.62
2.8
3.59
2.95
2.3
2.03
1.53
1.01
1.26
1.88
1.63
4.18
4.6
1.37
1.08
2.95
2.33
1.76
1.01
1.79
3.04
2.26
1.06
1.6
1.69
1.18
1.49
1.95
1.15
1.24
0.96
1.15
2.18
1.34
1.71
0.72
1.02
1.12
0.78
1.36
1.03
1.68
2.5
4.79
3.74
1.54
1.93
2.32
2.5
4.59
4.98
2.48
2.5
3.55
1.38
1.03
1.17
0.73
0.96
1.22
1.19
1.63
3.67
1.71
0.78
1.9
3.45
1.33
0.89
0.92
1.46
2.51
1.83
1.4
1.28
1.19
0.66
1.22
1.68
0.93
0.66
0.8
0.73
0.66
0.47
0.78
1.97
2.13
1.3
3.53
3.55
4.5
5.15
4.36
1.33
2.7
4.5
3.65
1.67
5.03
3.88
2.46
3.86
0.83
4.97
1.35
1.67
1.5
1.76
6.8
3.66
2.06
2.68
6.1
5.27
2.12
3.28
2.03
4.72
5.73
3.03
2.58
2.4
0.99
1.06
1.14
1.69
1.26
2.17
3.45
5.02
5.2
2.48
1.27
1.24
3.62
2.67
1.7
1.86
3.51
3.47
1.92
2.63
2.63
2.11
2.43
2.92
2.96
4.2
6.02
3.18
1.84
1.79
3.32
2.16
2.88
1.55
1.63
1.53
2.43
3.32
2.81
1.76
1.83
1.88
5.49
2.9
3.55
4.32
2.16
2.17
3.78
4.35
2.36
2.73
2.29
1.98
1.7
2.68
1.48
3.07
2.14
1.31
2
2.05
2.37
2.38
2.1
2.19
1.93
2.08
1.43
1.84
3.48
1.41
1.98
1.78
1.54
2.8
1.96
2
1.53
1.56
2.49
1.3
2.09
3.2
2.58
2.83
1.49
2.19
2.37
2.98
2.23
2.1
2.65
1.85
1.89
3.62
3.98
4.93
4.87
2.47
2.16
3.06
4.5
4.94
4.72
3.58
3.04
2.55
2.46
2.88
2.2
2.99
1.51
2.2
2.28
1.69
2.04
2.73
1.88
2.51
3.21
2.44
2.68
1.92
1.7
1.43
1.89
3.1
2.62
2.32
2.1
1.95
2.54
2.04
2.49
2.84
2.27
2.12
2.15
1.97
2.18
2.49
2.45
2.83
2.69
1.64
2.3
2.88
2.03
1.42
2.01
1.58
2.13
2.38
2.14
2.11
1.68
2.35
2.01
2.83
3
3.01
1.83
2.53
1.53
2.23
3.66
3.29
1.9
2.11
2.21
1.9
2.26
2.72
1.83
1.77
1.99
2.47
1.81
1.78
1.99
2.45
1.9
2
1.53
1.59
2.09
2.93
2.09
2.03
2.16
1.98
1.72
1.62
1.51
1.78
1.8
1.85
1.69
1.59
2.08
2.05
2
1.81
1.36
1.65
1.85
2.58
1.63
1.61
1.76
2.33
2.14
3.18
2.65
2.39
1.58
1.41
1.47
2.29
1.93
1.81
2.44
2.1
1.48
2.03
1.85
1.18
1.42
2.09
1.79
1.73
1.92
1.33
1.25
1.44
2.89
2.53
1.42
0.88
0.95
1.78
2.17
1.44
1.91
1.63
1.3
1.33
2.16
1.39
1.87
2.63
1.21
1.76
1.07
2.92
2.16
1.35
0.78
0.93
2.35
2.81
5.91
3.23
0.86
2.07
2.9
5.76
3.29
2.6
1.78
3.55
2.89
2.05
1.74
2.03
3.83
3.8
3.99
4.31
3.33
2.94
3.05
2.41
1.58
1.95
1.45
1.27
2.16
1.03
1.02
0.72
0.86
0.78
0.62
0.59
0.5
0.9
0.65
0.62
0.79
0.58
0.74
1.04
1.2
0.78
1.05
2.66
0.89
0.88
0.7
1.65
1.96
5.12
1.43
2.48
2.65
1.26
0.9
1.15
0.71
1.19
3.1
3.23
0.93
0.9
0.83
0.66
1.2
1.15
0.9
1.44
1.98
1.31
0.76
1.25
1.93
1.83
4.28
2.62
0.96
2.93
4.48
5.01
3.59
4.78
2.93
1.67
3.54
1.6
2.53
3.18
1.26
1.42
3.29
1.83
2.98
1.82
2.21
5.57
2.32
1.53
1.43
1.49
-99
-99
1.08
1.64
2.79
1.4
3.5
1.93
1.65
2.64
2.03
3.4
1.55
4.03
2.54
1.75
5.83
6.83
1.93
2.3
1.26
1.18
1.76
1.57
1.65
1.55
1.33
1.58
2.45
2.85
1.25
1.51
1.94
2.19
1.93
2.6
5.18
2.51
4.4
3.9
2.82
3.05
4.45
1.79
1.38
2.34
1.83
2.36
4.1
2.84
1.53
1.34
2.18
1.59
1.55
2.2
1.5
2.14
2.08
1.38
2.11
1.58
1.87
3.19
1.68
1.38
1.95
1.38
2.7
4.17
2.05
4.97
4.53
3.15
3.68
2.75
5.05
2.88
2.48
1.4
2.73
1.81
2.2
1.94
1.74
2.96
2.11
3.92
2.07
1.92
2.27
2.63
2.12
2.61
3.16
2.86
1.8
2.06
2.32
2.94
2.71
2.13
2.3
2.15
1.99
2.16
3.03
2.98
2.07
2.56
2.27
2.54
1.97
2.64
2.56
2.04
1.69
1.74
1.7
3.28
3.21
2.32
2.78
2.16
2.32
2.4
2.65
1.67
1.51
1.96
1.45
2.16
2.37
3.31
4.25
2.53
2.17
1.61
2.38
2.69
2.03
1.84
2.78
3
3.59
3.03
3
2.19
1.58
2.37
1.77
2.15
3.12
2.9
1.56
3.83
2.83
1.64
1.71
1.89
1.79
2.14
1.8
1.63
3.28
1.61
1.72
2.32
1.56
1.67
1.94
2.08
1.62
1.95
3.58
2.31
1.54
2.43
2.81
3.91
2.13
2.03
2.51
1.83
2.72
2.02
2.13
2.07
1.47
1.89
1.67
1.81
1.47
2.08
2.22
1.45
1.7
1.55
1.86
1.72
2.23
2.47
1.85
1.95
2.45
2.05
1.27
1.35
1.49
1.85
1.9
1.95
1.39
2.6
1.38
1.34
1.54
0.95
1.14
1.07
1.62
2.27
1.65
1.39
1.49
1.59
0.89
1.42
1.15
1.16
1.21
1.43
1.58
1.41
1.25
1.27
1.38
1.26
1.59
2.01
1.02
1.05
1.51
1.24
1.3
0.97
1.2
0.81
3.25
3.16
1.7
1.28
1.15
1.23
1.52
1.41
0.84
1
1.17
1.06
1.64
1.95
2.56
2.38
2.23
1.39
1.04
1.07
1.48
0.92
1.9
1.15
1.38
2.39
2.23
3.44
1.33
1.05
1.36
1.23
1.07
1.18
1.29
0.75
0.87
1.97
2.94
3.16
1.73
2.62
2.81
1.55
1.8
2.48
2.77
3.01
3.33
3.26
1.44
2.06
0.89
1.09
0.86
1.67
1.47
2.28
2.68
1.35
1.24
0.84
1.04
0.68
0.8
1.02
0.84
2.54
5.03
2.61
1.97
1.23
1.22
1
0.83
0.96
0.77
1.04
0.98
0.91
0.82
0.92
1.39
0.8
0.65
0.83
0.78
2.79
2.14
0.93
1.74
1.71
1.49
1.87
3.03
3.62
3.42
1.8
2.45
2.68
3.2
5.09
5.03
5.63
1.43
3.33
2.5
4.06
2.9
1.28
3.35
1.21
0.9
0.9
0.81
1.12
2.11
1.98
2.15
1.79
1.85
1.12
1.29
4.05
3.8
3.69
7.13
5.32
3.67
5.36
2
1.9
3.2
1.95
4.53
3.6
1.49
1.21
1.72
1.2
1.46
1.27
1.45
2.98
3.34
1.65
1.9
1.95
2.3
2.06
1.5
2.88
1.87
3.1
2.26
3.68
3.02
4.13
3.75
4.15
5.35
4.19
3.49
1.93
1.88
2.66
2.91
2.34
1.84
1.96
2.7
2.02
1.4
1.29
1.63
1.66
1.44
1.7
1.61
2.29
2.4
1.89
1.84
1.94
2.09
1.44
1.95
1.58
5.06
2.91
1.63
1.36
2.05
1.76
1.44
1.46
2.09
2.21
2.88
3
1.58
2.22
2.32
2.02
1.3
2.62
7.01
3.76
2.37
2.28
2.32
3.38
2.59
2.43
2.9
2.13
2.39
3.49
2.72
2.54
2.68
2.65
2.18
2.63
2.37
2.31
2.26
2.57
2.28
1.72
1.61
2.18
2.12
1.92
1.47
1.7
2.03
2.15
2.46
2.51
2.25
2.86
2.1
2.45
2.14
2.22
2.2
1.94
1.62
1.7
1.8
3.07
3.01
3.28
2.64
3.47
3.48
2.75
2.2
2.13
3.2
1.72
2.45
2.59
2.03
1.73
2.14
2.69
3.07
2.31
2.06
1.35
1.8
2.62
2.34
1.81
1.93
3.05
1.53
2.47
2.17
2.24
2.6
2.79
1.75
2
2.58
2.58
2.36
2.27
2.04
2.21
2.95
1.76
2.64
2.92
2.65
3.46
2.37
1.68
2
1.7
1.68
1.7
2.41
2.29
1.95
2.43
1.73
2.92
2.44
2.24
2.46
2.2
2.23
1.95
1.81
1.65
1.92
1.88
1.89
1.68
1.65
1.51
2.15
2.22
3.17
1.5
2.3
1.65
2.17
2.89
1.73
1.71
1.73
1.38
3.06
3.45
1.49
1.27
1.86
1.74
1.54
1.89
1.4
2.04
1.85
1.76
0.95
1.09
2.34
2.52
1.4
1.55
1.19
1.22
1.49
2.13
3.09
1.56
1.11
1.78
1.54
1.15
2.23
2.61
2.36
1.41
1.34
1.05
1.57
2.17
2.17
1.33
1.77
1.5
1.83
4.02
1.82
1.22
1.19
0.99
0.92
1.13
0.78
0.81
0.68
0.58
1.01
0.74
0.59
0.78
0.95
0.91
0.69
1.32
5.91
3.04
2.18
1.36
3.81
6.49
1.79
1.89
1.29
0.87
0.82
0.61
0.5
0.62
0.94
0.72
1.1
1.1
0.93
0.83
0.71
0.58
0.67
0.79
0.62
0.68
0.78
0.78
0.74
1.77
1.19
0.6
0.86
1.43
0.58
0.91
1.14
1.94
1.82
1.03
1.25
1.2
2.75
0.94
1.75
3.02
3.35
1.37
1.46
1.51
2.52
3.95
3.42
1.35
1.6
3.64
3.54
1.13
1.56
1.88
0.99
0.96
0.64
0.92
1.21
1.55
0.97
0.96
1.02
1.23
1.4
2.84
1.61
1.12
3.45
1.81
0.77
1.58
5.14
1.85
3.43
2.49
2.07
1.27
2.73
4.21
3.65
2.68
1.97
1.21
1.74
1.11
1.23
1.68
3.64
1.63
3.43
1.88
2.43
1.72
4.27
3.18
4.72
5.94
1.71
4.58
4.31
1.88
2.91
3.31
2.97
3
2.01
2.58
1.31
1.99
2.77
1.62
2.14
1.85
1.46
1.59
2.61
3.11
3.32
2.39
1.53
2.68
1.56
1.42
2.21
3.68
2.22
2.08
2.8
2.52
2.17
3.08
3.62
4.34
3.04
4.21
1.72
2.02
2.32
1.38
2.17
1.75
2.05
2.32
2.22
1.95
0.91
1.24
2.24
3.57
2.35
2.58
2.47
2.43
2.25
4.34
3.76
2.89
1.9
2.12
2.4
2.5
1.77
2.36
2.77
1.47
1.42
1.69
3.04
3.05
2.47
2.13
1.8
2.26
4.04
2.26
2.91
2.72
3.02
3.06
1.36
2.91
1.87
1.98
3.42
2.73
3.36
2.44
1.88
2.15
1.44
1.93
1.8
1.89
1.64
1.47
2.35
2.41
2.55
4.28
3.68
2.35
2.63
2.1
3.8
2.41
2.19
2.26
2.8
3.41
2.45
2.23
2.14
2.23
2.51
2.53
2.59
2.45
2.23
1.89
2.67
2.25
2.43
2.62
1.39
2.07
2.36
2.64
2.45
4.32
3.16
1.96
2.12
2.65
2.37
2.6
2.12
2.08
2.62
2.06
1.73
2
1.66
2.18
1.94
2.42
2.29
2.48
2.06
1.66
2.31
2.04
3
1.65
2.31
1.46
2.71
2.93
2.3
1.66
2.21
2.29
2.74
2.25
1.76
2.22
1.61
2.01
2.06
1.57
1.92
1.9
1.91
1.98
2.34
2.37
1.83
2.17
2.1
2.1
1.74
1.38
1.04
1.98
1.89
3.1
1.75
1.96
1.59
1.81
2.83
3.43
2.27
1.33
2.43
3.52
2.22
2.1
1.56
1.72
2.19
1.93
1.44
1.5
1.48
1.52
1.44
1.47
2.36
1.46
1.46
2.29
1.55
1.64
1.73
1.06
1.9
2.13
1.9
1.53
2.47
1.3
2.33
1.31
1.47
1.3
1.1
1.09
1.58
1.46
1.74
2.39
1.38
1.26
1.5
1.32
0.71
0.8
0.71
0.87
1.29
0.89
0.84
1.03
1.99
3.47
2.62
3.81
4.27
3.4
3.06
1.29
1.1
1.8
1.49
0.97
1.09
1
1.55
1.28
3.98
1.24
2.39
1.3
0.85
2.1
1.85
1.53
1.16
1.28
0.87
0.81
0.95
2.27
1.85
0.93
1.03
0.8
0.81
0.59
0.68
0.88
0.76
0.72
0.74
1.12
1.58
1.47
0.89
0.82
1.25
0.79
0.83
0.78
0.79
0.87
1.07
0.68
0.85
0.76
0.55
0.76
1.2
1
0.74
0.97
0.94
0.68
0.43
0.7
1.92
2.17
1.16
5.58
3.19
3.2
3.4
3.46
1.84
1
2.95
1.41
1.38
1.39
2.43
1.99
1.71
2.58
2.23
0.91
1.02
0.94
1.16
1.45
1.58
1.72
6.05
5.98
3.85
5.86
2.41
2.72
2.03
3.99
3.26
1.35
1.21
1.01
1.16
1.01
1.62
0.97
1.05
0.88
0.82
2.28
1.93
1.17
1.41
2.17
-99
0.76
4.66
4.61
2.02
3.95
5.92
2.64
1.4
1.12
1.04
4
1.69
1.98
1.35
1.19
1.14
1.74
1.4
1.35
2.25
1.75
1.67
1.4
2.75
2.03
1.74
1.34
1.05
2.55
2.09
4.22
3.05
1.96
1.87
2.1
2.48
1.52
1.84
2.11
1.46
1.68
1.54
1.51
1.72
2.34
1.68
1.6
2.25
4.22
2.97
2.29
2.05
1.6
2.58
2.17
3.01
1.99
1.87
3.26
2.99
2.95
1.93
1.55
2.47
2.49
3.19
1.87
1.59
2.73
2.54
1.85
1.39
1.82
1.53
1.67
2.35
2.78
2.18
2.87
1.65
2.35
2.16
1.94
1.97
1.97
3.11
2.43
2.56
2.53
1.62
2.21
1.87
2.03
1.74
1.51
2.35
2.87
2.19
2.54
2.44
1.76
1.97
2.1
2.67
2.52
1.83
2.15
1.78
2.63
2.98
2.15
1.48
2.05
2.11
2.11
2.29
1.62
2.62
2.55
2.94
3.6
3.6
2.4
2.11
2.51
2.88
1.66
1.76
2.13
1.85
2.58
1.72
1.56
1.98
2.45
1.61
2.38
3.17
3.8
3.43
2.12
1.93
2.31
2.38
3.94
3.04
1.85
1.85
2.04
2.22
2.14
2.03
1.81
1.87
1.57
1.68
2.39
2.41
2.78
3.29
1.89
3.17
2.02
1.74
2.13
3.12
2.51
1.38
2.04
1.8
2.4
1.68
1.9
2.63
2.29
2.76
2.87
2.25
1.8
1.71
2.05
1.98
2
3.09
2.41
1.01
2.2
1.43
1.98
2.03
1.53
2.88
4.21
3.58
3.21
1.65
2.62
1.28
2.19
1.24
2.3
2.46
1.43
1.97
1.46
1.14
1.05
1.79
2.06
2.09
1.97
1.71
1.12
1.43
1.29
1.11
1.49
1.43
2.56
2.04
1.4
1.39
1.43
1.49
1.23
1.29
2.58
2.54
2.09
2.73
2.06
1.5
1.43
1.77
3.27
1.63
1.07
0.83
0.94
1.84
2
1.85
1.75
1.54
1.64
1.45
1.89
1.89
4.35
3.46
2.21
2.24
2.44
1.98
2.47
4.07
3.55
2.14
1.25
0.95
0.91
1
0.94
0.9
0.75
0.96
0.88
0.65
2.88
2.43
1.04
1.22
1.13
2.35
3.39
3.63
2.74
0.71
0.73
0.53
0.74
0.99
1.33
1.17
3.31
2.28
0.79
0.99
3.75
3.19
2.01
1.63
1.2
1.51
0.63
0.73
0.63
0.95
0.84
1.2
4.37
2.19
1.94
1.96
1.52
4.31
4.52
4.58
4.29
2.02
2.2
1.58
1.7
1.19
1.2
4.17
1.38
1.43
2.3
1.25
4.18
5.04
1.12
1.42
4.1
4.77
4.13
1.58
0.92
1.62
2.14
1.83
1.29
1.05
0.71
0.68
1.16
2.43
3.42
1.83
1.87
2.11
2.54
1.36
1.39
2.87
1.94
3.01
1.4
1.3
1.21
0.82
2.54
2.18
1.66
3.47
2.01
2.69
2.19
1.05
2.07
2.7
2.44
4.15
2.77
3.3
2.17
1.55
2.03
2.98
3.44
1.56
1.45
2.26
2.59
2.85
1.42
3
2.08
2.41
2.08
3.81
3.01
4.05
3.81
3.45
2.93
2.67
2.24
3.54
3.8
2.05
2.16
2.35
4.99
1.78
2.7
1.64
2.86
1.81
3.36
2.46
2.51
1.54
2.56
2.19
2.25
1.95
1.14
1.95
2.46
1.49
1.51
1.51
1.97
1.61
2.07
1.48
1.52
1.92
2.48
1.35
2.48
2.1
2.01
2.27
2.85
3.54
3.09
1.63
1.12
1.21
1.37
2.07
2.41
1.55
2.75
4.69
3.13
3.13
1.81
2.33
1.74
1.71
1.48
1.65
1.37
2.08
2.48
2.73
2.31
1.73
1.38
2.26
1.37
1.6
2.22
1.85
1.34
2.28
2.35
1.5
1.39
1.66
2.26
1.21
2.18
3.84
3.44
3.12
1.75
1.69
2.09
2.09
1.87
2.14
1.89
2.24
2.6
2.08
2.16
2.43
2.3
2.36
2.38
2.01
1.6
1.8
1.89
2.76
2.21
1.93
1.93
1.76
2.12
1.66
2.03
1.68
1.6
1.7
1.71
3.08
1.72
2.72
2.22
2.14
2.09
1.55
1.9
1.84
1.51
1.98
2.11
1.78
1.59
1.78
1.55
1.9
1.8
1.88
1.62
1.71
2.14
0
2.25
2.04
1.93
2.35
2.58
1.55
2.81
2.01
2.17
1.73
1.69
1.31
1.69
2
1.94
1.23
2.84
2.21
1.65
1.61
2.41
1.92
2.44
2.41
1.76
2.24
2.66
1.76
1.73
1.78
1.82
2.11
1.34
1.28
1.1
1.29
1.55
1.6
1.68
1.26
2.08
1.57
1.33
1.36
1.44
1.61
1.3
2.46
1.42
2.18
1.28
1.13
2.4
1.68
2.98
2.5
1.92
1.31
1.86
2.04
3.53
1.27
1.51
1.64
1.25
1.3
2.09
2.74
2.08
1.17
1.19
1.09
1.47
1.29
1.36
1.5
1.62
1.84
1.04
0.89
2.6
2.29
4.36
2.57
2.41
1.67
1.71
1.53
0.96
1.42
1.83
1.01
1.1
2.43
0.93
1.29
1.45
1.04
0.91
1.19
0.95
1.26
3.09
1.79
1.4
0.85
0.8
1.22
1.12
1.65
3.52
2.5
0.91
0.78
2.45
1.3
0.89
1.29
0.93
0.76
1.13
1.4
2.24
2.98
2.19
0.89
0.89
1.21
3.09
1.17
1.61
2.64
1.08
2.11
1.2
0.75
0.71
0.62
0.7
0.58
1.01
1.19
1.33
0.95
0.92
0.74
0.53
1.24
0.68
0.82
1.3
0.83
1.33
1.64
3.27
2.81
2.49
1.91
2.5
2.99
1.21
0.79
1
1.37
1.16
1.5
1.76
2.15
4.59
4.07
3.01
2.52
4.95
5.65
2.68
3.54
0.97
2.26
5.53
4.45
1.88
1.15
1.06
1.01
0.94
1.17
2.19
2.94
1.46
1.29
2.11
1.31
1.11
1.71
1.84
1.32
1.39
1.05
1.11
1.15
1.36
1.13
1.15
1.13
1.77
1.76
2.28
1.19
2.42
2.1
2.85
2.61
1.58
1.35
2.48
2.8
1.21
4.63
3.4
3
1.08
3.32
2.62
2.71
1.8
1.55
1.23
1.09
1.44
2.8
2.73
1.71
2.27
1.88
1.83
1.14
1.23
1.71
2.51
3.05
2.31
2.61
2.51
1.47
2.63
2.19
2.92
2.82
2.22
2.38
3.46
1.97
2.72
3.01
3.96
2.95
1.04
1.88
1.62
3.56
3.23
2.97
2.76
2.2
2.29
2.2
2.34
3.09
1.48
3.41
3.32
1.85
2.46
2.09
2.55
1.76
3.9
2.32
2.85
1.88
3.08
3.37
3.73
3.37
3.6
2.18
1.57
1.7
1.66
1.61
-99
-99
2.7
3.93
2.32
2.05
2.35
2.46
2.58
3.36
2.9
2.96
3.29
2.49
2.54
1.6
3.1
2.54
2.24
2.66
1.67
2.23
2.13
2.65
3.45
1.61
2.41
1.43
-99
-99
2.52
1.64
2.35
1.87
1.39
2.01
2.52
2.63
2.22
2.25
2.18
2.07
1.6
2.02
2.64
2.23
1.65
1.46
1.56
2.06
2.05
2.18
2.53
1.46
2.3
2.57
2.89
2.49
2.54
2.62
2.41
2.79
1.83
3.13
2.44
1.67
2.29
2.18
1.6
2.3
2.54
2.47
2.02
1.74
1.69
1.8
1.72
2.29
1.44
3.01
2.02
1.76
1.7
1.83
2.7
2.6
2.36
1.43
1.3
1.64
1.61
1.9
2.11
1.97
1.59
1.45
1.56
1.56
1.64
1.71
2.37
1.66
1.61
2.91
2.21
1.65
1.49
1.62
2.65
1.71
1.8
2
1.4
1.52
1.41
1.36
1.57
1.63
2.46
1.54
1.9
1.36
1.37
2.35
1.38
1.33
2.2
1.13
1.81
1.49
3.5
1.95
1.18
1.6
2.17
2.1
1.35
1.53
1.18
2.66
3.23
2.73
2.36
3.18
1.12
1
1.11
1.8
1.76
1.23
2.03
1.71
2.05
1.55
0.95
0.92
0.79
0.77
0.6
1.95
1.04
1.56
3.94
2.37
3.6
3.36
1.79
4.06
3.08
3.85
2.57
3.1
1.83
2.42
1.67
1.85
2.31
1.6
1.59
1.22
1.19
2.54
3.85
3.36
1.14
1.07
2.05
1.72
2.23
1.18
1.3
1.52
1.24
1.57
1.35
0.99
0.68
0.9
4.81
2.4
2.83
3.31
5.29
3.59
1.75
2.24
2.23
1.29
1.86
3.9
2.72
4.35
4.4
1.21
0.63
1.05
1
0.91
0.63
1.43
1.55
1.24
0.82
1.22
0.91
1.02
0.81
0.9
0.72
0.84
1.38
0.95
0.58
0.83
0.71
0.67
0.64
2.12
1.45
1.51
2.53
5.48
2.01
1.73
0.99
1.14
1.49
1.2
1.76
1.3
1.42
1.11
1.43
1.1
1.34
4.37
1.68
2.01
1.65
1
1.08
2.16
3.38
1.5
1.58
1.7
1.1
1.55
1.55
2.42
1.82
0.97
1.34
1.11
1.39
1.28
3.05
5.15
3.46
2.49
1.59
3.11
6.3
3.84
3.7
3.37
6.16
4
1.95
5.59
1.67
1.2
1.4
1.77
1.93
3.08
3.69
2.55
0.95
1.5
1.7
1.49
1.68
1.96
2.31
1.59
2.18
1.34
1.31
2.47
2.95
1.42
2.12
1.2
2.54
2.75
2.96
2.66
2.01
1.77
2.2
2.38
2.32
2.44
1.64
1.48
2.05
1.7
1.99
2.03
1.19
1.77
1.54
2.39
1.44
2.29
1.92
1.68
1.15
2.01
2.07
2.61
2.46
2.89
1.6
2.11
1.17
1.9
2.36
2.04
1.75
2.12
2.95
1.44
1.73
1.41
1.57
2.16
2.48
1.86
2.25
1.66
1.43
1.73
2
2.09
1.67
1.67
1.96
2.03
1.81
2.81
2.93
2.17
1.96
1.58
3.65
3.43
1.78
2.71
2.63
2.6
1.86
1.88
1.8
2.16
1.41
1.76
1.65
1.99
1.91
2.3
1.81
1.58
2.05
2.34
2.41
2.15
3.01
1.85
2.15
2.3
2.24
1.41
2.17
2.79
1.66
1.55
2.55
1.66
2.11
1.84
2.08
2.59
1.83
1.96
1.88
2.14
1.97
1.85
1.71
2.52
2.4
2.35
2.21
1.75
1.76
1.9
1.96
2.09
2.34
2.31
2.1
1.54
1.86
2.29
2.52
2.16
1.49
2.09
2.28
2.12
2.35
1.83
1.64
1.63
1.53
2.19
2.62
1.81
1.54
1.67
2.09
3.14
1.83
1.99
2
1.67
1.72
1.85
1.94
1.57
3.29
2.68
1.95
1.19
1.77
1.76
2
1.79
2.96
2.16
1.61
1.25
1.45
1.55
1.44
1.62
1.9
1.53
1.38
1.86
2.17
1.34
1.41
1.55
1.39
1.42
2.1
5.94
4.99
4
2.77
1.44
1.22
1.51
2.63
2.2
2.03
3.07
1.68
3.03
1.3
1.21
2.43
3.46
2.91
3.04
4
2.75
1.56
1.17
1.24
3.04
2.69
1.9
1.84
2.24
1.55
1.34
4.17
2.12
1.19
1.13
0.83
0.92
1.21
0.83
1.99
1.41
1.34
3.17
2.4
0.71
1
0.78
0.68
0.79
0.73
0.73
0.65
2.01
0.96
0.73
1.23
2.13
1.13
0.82
0.76
0.68
1.17
1.59
2.74
1.42
1.03
0.78
1.16
2.15
1.5
1.89
2.17
4.3
1.31
4.29
4.03
2.79
1.64
4.88
1.47
1.22
1.46
0.96
1.07
0.5
0.66
1.36
0.92
0.72
0.61
1.99
3.75
2.73
1.08
3.49
2.73
3.55
1.3
2.16
2.48
2.64
1.41
1.16
0.84
1.41
0.75
1.15
2.23
2.06
1
1.31
0.85
1.94
1.32
2.13
1.09
0.76
1.15
1.1
4.25
2.18
3.38
2.31
1.58
1.58
1.64
2.71
3.09
4.23
5.15
2.38
1.67
1.09
1.38
1.81
3.04
1.46
1.66
2.68
1.24
2.19
2.3
1.26
1.98
1.27
0.83
1.17
1.11
2.27
3.8
2.71
1.04
1.25
1.71
1.1
1.74
1.55
1.85
1.25
0.96
0.99
1.33
1.6
1.16
1.93
2.43
1.67
0.97
2.94
1.88
4.38
